 1.69039859E-01
 1.69013984E-01
 1.69044947E-01
 1.69074367E-01
 1.69035105E-01
 1.69057519E-01
 1.69065590E-01
 1.07229502E-01
 1.63701501E-01
 1.63676015E-01
 1.69291638E-01
 1.69252564E-01
 1.69199144E-01
 9.35371527E-02
 9.34204773E-02
 9.33709449E-02
 9.32704256E-02
 9.31696699E-02
 1.82321372E-01
 9.32123583E-02
 9.31334697E-02
 9.30381834E-02
 9.29009338E-02
 9.28921277E-02
 9.27157525E-02
 9.25572869E-02
 7.58424843E-03
 4.91151808E-02
 2.04530195E-01
 7.39763530E-03
 1.78831409E-06
 1.22575334E-04
 2.08183876E-04
 1.29237815E-04
 1.02017748E-04
 2.21053313E-04
 4.31765862E-03
 8.15757258E-05
 9.63069809E-05
 2.23467617E-04
 1.64342080E-04
 1.20012947E-04
 9.88948129E-02
 1.07040082E-04
 1.77699215E-04
 1.98445248E-04
 1.74403690E-04
 5.73976103E-03
 2.05259048E-04
 2.23914672E-04
 2.69706412E-04
 2.30340122E-02
 2.98339230E-04
 3.80909195E-04
 5.07330628E-03
 6.76320573E-04
 1.32414460E-01
 5.44139275E-03
 6.43781237E-05
 7.62247816E-05
 3.90772356E-05
 6.90023043E-07
 9.27921373E-05
 9.91779601E-02
 3.32926757E-06
 1.36119326E-04
 1.34717316E-04
 1.90771080E-04
 5.07590408E-03
 1.33242106E-04
 2.47338907E-04
 3.36404028E-04
 1.45693528E-03
 3.28160925E-04
 5.28796549E-04
 1.18898177E-03
 8.64087767E-04
 5.21604029E-03
 1.49108375E-01
 2.22407095E-04
 1.65577459E-04
 7.79210947E-05
 1.16043952E-04
 1.63615270E-04
 2.74017165E-04
 3.03497828E-04
 3.51412931E-04
 5.71234613E-04
 1.30109908E-03
 9.50992378E-04
 1.08943843E-04
 1.28625949E-04
 2.25794507E-04
 2.07969129E-02
 1.93490995E-04
 5.53465532E-04
 5.37259956E-03
 9.93244035E-04
 6.19894375E-03
 1.93213701E-04
 4.97971648E-04
 1.00318277E-01
 8.54430156E-04
 1.08889298E-01
 1.24763316E-01
 6.78160479E-04
 1.48271221E-04
 1.53814206E-04
 1.51952305E-04
 1.64408230E-04
 1.77778330E-04
 2.27706281E-04
 1.03171156E-04
 1.63426188E-04
 1.80211863E-04
 1.98201596E-04
 2.02750102E-04
 9.69515553E-02
 1.20382147E-04
 1.92388317E-04
 2.29130805E-04
 2.41272326E-04
 2.36707142E-04
 2.33664639E-04
 2.92231873E-04
 2.81688308E-04
 3.86738090E-04
 6.21166656E-04
 4.14654670E-05
 1.03310780E-04
 2.61919835E-05
 3.97163006E-05
 1.05049128E-04
 3.33559072E-05
 2.49815108E-04
 2.12058204E-04
 1.80446403E-04
 9.58968086E-05
 2.31674466E-04
 3.44087365E-04
 2.80229493E-04
 4.36150337E-04
 7.37242254E-04
 1.43899928E-05
 7.20522123E-05
 1.23284663E-04
 1.28233099E-04
 7.13329683E-06
 1.78207561E-04
 3.37552385E-04
 3.19167122E-04
 4.19313109E-04
 2.86293255E-02
 8.60136821E-04
 5.56647510E-05
 1.95171422E-04
 2.13417404E-04
 1.71657892E-04
 4.90722174E-04
 8.84727148E-04
 5.61460834E-05
 4.30499342E-04
 5.33488365E-03
 7.84066416E-04
 7.05228732E-04
 2.20318260E-04
 1.78718516E-04
 2.07461661E-04
 2.86300430E-04
 2.51749550E-04
 9.60394793E-02
 2.47882982E-04
 2.48982522E-04
 2.53417571E-04
 2.61262199E-04
 5.41608233E-03
 2.76726335E-04
 2.83000906E-04
 3.43803456E-04
 1.34321690E-03
 3.48792320E-04
 4.37992769E-04
 1.19899674E-03
 6.42562327E-04
 5.39836716E-03
 1.25844197E-01
 1.27111599E-04
 1.15522307E-04
 1.47371438E-04
 1.82144898E-04
 1.70029594E-04
 2.28988409E-04
 2.78894239E-04
 2.94000506E-04
 3.97004371E-04
 3.09040463E-02
 7.71418761E-04
 7.87864134E-05
 7.49137842E-05
 2.44530642E-04
 1.24531893E-03
 2.59348258E-04
 4.13141824E-04
 2.78434587E-02
 7.29586543E-04
 3.35008813E-02
 8.96810470E-05
 1.74069130E-04
 3.94032563E-04
 1.23206198E-03
 7.20476293E-04
 7.14025594E-03
 3.06566415E-04
 6.48411328E-04
 5.92725565E-03
 5.00631498E-03
 1.07976138E-01
 2.96877424E-04
 2.68411197E-04
 2.36906465E-04
 3.32882333E-04
 2.91769328E-04
 2.51220725E-04
 3.22603161E-04
 3.88869956E-04
 4.53377966E-04
 1.13183265E-03
 6.50060318E-04
 1.78529396E-04
 2.01784711E-04
 2.68403425E-04
 2.13234598E-02
 3.23361730E-04
 4.45914409E-04
 5.63579529E-03
 7.44577881E-04
 6.70862538E-03
 2.26216724E-04
 4.01899790E-04
 1.01715621E-03
 6.84518005E-04
 6.24162998E-03
 2.10021147E-04
 6.15710320E-04
 2.26787103E-02
 2.25550249E-04
 2.78624954E-04
 3.31869650E-04
 3.25694991E-04
 4.15745030E-04
 6.35417201E-04
 2.64146514E-04
 4.08011386E-04
 4.59204046E-03
 6.27503369E-04
 5.56561501E-04
 1.00000000E+00
 1.00000000E+00
 1.00000000E+00
 1.00000000E+00
 1.00000000E+00
 1.00000000E+00
 1.00000000E+00
 1.00000000E+00
 1.00000000E+00
 1.00000000E+00
 1.00000000E+00
 1.00000000E+00
 1.68981273E-01
 1.68923006E-01
 1.68982521E-01
 0.00000000E+00
 0.00000000E+00
 0.00000000E+00
 0.00000000E+00
 1.69205592E-01
 1.69185273E-01
 1.69161766E-01
 1.69180261E-01
 1.69165831E-01
 1.69107358E-01
 1.10111242E-01
 1.13058669E-01
 1.59331920E-01
 1.65695201E-01
 1.69287670E-01
 2.50979822E-01
 9.31548539E-02
 9.30594997E-02
 9.29780777E-02
 9.28394362E-02
 9.27899505E-02
 9.26539371E-02
 9.25397740E-02
 9.23858493E-02
 9.21682108E-02
 2.04552853E-01
 7.38007087E-03
 6.32531155E-05
 1.40883025E-04
 2.05025382E-04
 1.46782633E-04
 1.13457781E-04
 1.81395939E-04
 4.31667670E-03
 8.71697417E-05
 1.51682049E-04
 2.00923715E-04
 1.26776048E-04
 1.22003670E-04
 9.88546792E-02
 8.52236823E-05
 2.09892449E-04
 2.15841984E-04
 1.98408404E-04
 5.73426990E-03
 1.77046503E-04
 2.23296454E-04
 2.81143683E-04
 2.30284539E-02
 3.23000884E-04
 3.93511188E-04
 5.06598813E-03
 6.89536822E-04
 1.32346773E-01
 5.43672763E-03
 1.43326848E-05
 9.16647205E-05
 6.40889625E-05
 3.48430372E-05
 1.04328012E-04
 9.91337457E-02
 2.08250217E-05
 1.29749064E-04
 1.22169567E-04
 2.01917599E-04
 5.06650713E-03
 8.72207687E-05
 2.60458257E-04
 3.48637713E-04
 1.44920892E-03
 3.83373819E-04
 5.46747711E-04
 1.17891626E-03
 9.20050710E-04
 5.22567505E-03
 1.48965118E-01
 8.38626928E-05
 1.75441236E-04
 1.10271737E-04
 1.25094503E-04
 7.55451529E-05
 2.63872455E-04
 3.18412231E-04
 3.46522977E-04
 5.95431603E-04
 1.29330924E-03
 1.08247867E-03
 8.53419105E-05
 2.05276462E-04
 2.52202737E-04
 2.07757687E-02
 2.03164778E-04
 5.77513750E-04
 5.35047724E-03
 1.01150461E-03
 6.17845725E-03
 1.78047350E-04
 4.49609547E-04
 1.00308686E-01
 8.77889112E-04
 1.09018181E-01
 1.25149445E-01
 6.81379274E-04
 1.36468612E-02
 1.36084561E-02
 1.36372557E-02
 1.36251345E-02
 1.35980532E-02
 1.35572984E-02
 8.09324764E-05
 2.02017442E-04
 1.63224820E-04
 1.94390077E-04
 1.99449546E-04
 9.69780791E-02
 1.15276742E-04
 1.74608861E-04
 2.35153316E-04
 2.42124095E-04
 2.43540582E-04
 2.55960279E-04
 3.05546829E-04
 2.96552236E-04
 3.91882540E-04
 6.03114079E-04
 3.08536774E-05
 5.82669964E-05
 3.41655977E-05
 5.12191117E-05
 9.98974027E-05
 4.20014628E-05
 1.29051673E-04
 1.11711961E-04
 1.56332655E-04
 1.57259763E-04
 2.73648793E-04
 3.55436837E-04
 2.51830723E-04
 3.95573545E-04
 7.58374355E-04
 3.05023137E-07
 8.85359101E-05
 1.34678558E-04
 1.46465388E-04
 7.13069083E-05
 1.88557303E-04
 3.67492025E-04
 3.75309341E-04
 4.42488992E-04
 2.86234254E-02
 9.09651552E-04
 2.40176600E-05
 1.90251316E-04
 2.05618387E-04
 2.24061126E-04
 5.14338916E-04
 9.17700353E-04
 8.74264546E-05
 4.53875652E-04
 5.31288987E-03
 8.20779728E-04
 7.34893063E-04
 2.20629097E-04
 2.13017018E-04
 2.22684687E-04
 2.53513558E-04
 2.35471232E-04
 9.60468150E-02
 2.24277430E-04
 2.25057920E-04
 2.32560848E-04
 2.56208546E-04
 5.42680607E-03
 2.93229092E-04
 3.17536593E-04
 3.68695648E-04
 1.32548890E-03
 3.70348891E-04
 4.58708660E-04
 1.17875079E-03
 6.76717305E-04
 5.43019783E-03
 1.25975875E-01
 1.53726671E-04
 1.44039122E-04
 1.65580937E-04
 2.01891566E-04
 1.63952027E-04
 1.68130154E-04
 2.28188828E-04
 3.17327530E-04
 4.33762572E-04
 3.09873816E-02
 8.04473208E-04
 7.98756402E-05
 1.37537751E-04
 2.68000117E-04
 1.22328317E-03
 2.27423824E-04
 3.68106798E-04
 2.79565778E-02
 7.72363457E-04
 3.35764626E-02
 1.01786941E-04
 1.90661396E-04
 4.31886398E-04
 1.23370937E-03
 7.37925675E-04
 7.19059219E-03
 3.40164233E-04
 6.77734627E-04
 5.90232062E-03
 4.99379441E-03
 1.07822003E-01
 2.47085730E-04
 2.95422465E-04
 2.83051300E-04
 3.52827031E-04
 2.44359547E-04
 2.85909265E-04
 3.61692072E-04
 4.25876228E-04
 4.73219951E-04
 1.09636437E-03
 7.11288326E-04
 1.66030898E-04
 2.42436059E-04
 3.16749205E-04
 2.12993701E-02
 2.24375187E-04
 4.79751043E-04
 5.59894408E-03
 7.89416464E-04
 6.69429630E-03
 2.00725304E-04
 4.05533164E-04
 9.82099724E-04
 7.15092684E-04
 6.21691896E-03
 2.61768714E-04
 5.87558403E-04
 2.22480377E-02
 1.58826788E-04
 2.77747233E-04
 3.29362940E-04
 2.62861574E-04
 4.80258453E-04
 6.86847061E-04
 2.08467974E-04
 4.46567061E-04
 4.54763804E-03
 5.94944155E-04
 6.19136829E-04
 1.00000000E+00
 1.00000000E+00
 1.00000000E+00
 1.00000000E+00
 1.00000000E+00
 1.00000000E+00
 1.00000000E+00
 1.00000000E+00
 1.00000000E+00
 1.00000000E+00
 1.00000000E+00
 1.00000000E+00
 0.00000000E+00
 0.00000000E+00
 0.00000000E+00
 0.00000000E+00
 0.00000000E+00
 0.00000000E+00
 0.00000000E+00
 1.69140324E-01
 1.69129418E-01
 1.69086841E-01
 1.69113241E-01
 0.00000000E+00
 0.00000000E+00
 1.69339189E-01
 1.69300850E-01
 1.69289601E-01
 1.69213473E-01
 1.69182760E-01
 2.50870538E-01
 1.11238311E-01
 1.12932674E-01
 1.56053260E-01
 1.69272236E-01
 9.27571012E-02
 9.25774478E-02
 9.24753225E-02
 9.23308697E-02
 9.21201456E-02
 2.04583719E-01
 9.08885304E-02
 7.91791190E-05
 1.06615594E-04
 1.79019439E-04
 1.72121118E-04
 1.43507307E-04
 1.73964476E-04
 4.32634953E-03
 9.01090175E-05
 7.60557755E-05
 1.39288320E-04
 7.17085246E-05
 1.16883729E-04
 9.88725363E-02
 7.68834740E-05
 1.33276829E-04
 2.59909541E-04
 1.99438319E-04
 5.73949163E-03
 1.36354408E-04
 1.86572634E-04
 2.74230380E-04
 2.30568872E-02
 3.48812002E-04
 4.08495124E-04
 5.06140364E-03
 7.03406703E-04
 1.32334710E-01
 5.43455636E-03
 5.74158816E-05
 8.02371755E-05
 5.99204834E-05
 4.56023299E-05
 1.10513032E-04
 9.90638157E-02
 4.64924746E-05
 9.07032108E-05
 9.72869476E-05
 1.98139382E-04
 5.07634223E-03
 1.14865652E-04
 2.06386625E-04
 3.49508899E-04
 1.45311541E-03
 3.74561037E-04
 5.50646536E-04
 1.15938816E-03
 9.22515055E-04
 5.20741895E-03
 1.48824379E-01
 9.17761488E-05
 1.33516839E-04
 9.71441760E-05
 9.27707979E-05
 1.14520384E-04
 2.58481398E-04
 3.18082250E-04
 3.67953933E-04
 5.95683378E-04
 1.29293637E-03
 1.08375191E-03
 4.13195267E-05
 2.07108313E-04
 2.27987275E-04
 2.07851197E-02
 1.82785100E-04
 5.87426306E-04
 5.35122133E-03
 1.01045035E-03
 6.17354791E-03
 1.97829622E-04
 4.66820672E-04
 1.00341792E-01
 8.69691717E-04
 1.09164417E-01
 1.25578360E-01
 7.06763119E-04
 1.62854205E-02
 1.62765976E-02
 1.63066376E-02
 1.63157596E-02
 1.62638555E-02
 1.62076620E-02
 2.11067062E-03
 1.97749189E-03
 1.99760650E-03
 1.95207234E-03
 2.75069139E-03
 9.96646007E-02
 1.32158176E-04
 1.59692535E-04
 2.49528315E-04
 2.47235490E-04
 2.31282678E-04
 2.23016697E-04
 3.02077017E-04
 3.15860381E-04
 3.95454555E-04
 5.66392975E-04
 3.49364013E-05
 1.26872885E-04
 1.70442386E-05
 8.12556378E-05
 1.21274500E-04
 2.62608035E-05
 1.36251574E-04
 1.38302051E-04
 1.82137697E-04
 1.44046102E-04
 2.85619174E-04
 3.14366521E-04
 2.72228305E-04
 4.52534915E-04
 7.38421813E-04
 7.05398610E-06
 8.83427690E-05
 1.13262191E-04
 1.37924279E-04
 6.00602036E-05
 1.85185675E-04
 3.39114357E-04
 3.96656208E-04
 4.52544666E-04
 2.86528057E-02
 9.09898251E-04
 2.68682318E-05
 1.51098902E-04
 2.10787448E-04
 2.06751430E-04
 5.23479378E-04
 9.26300567E-04
 9.95249334E-05
 4.53023927E-04
 5.33338024E-03
 8.23057167E-04
 6.70121113E-04
 2.23049808E-04
 2.10204326E-04
 2.05396349E-04
 2.43084867E-04
 2.26827495E-04
 9.60841031E-02
 2.47049359E-04
 2.67605111E-04
 2.49549309E-04
 2.66536736E-04
 5.44465973E-03
 3.02783859E-04
 3.02287957E-04
 3.68427781E-04
 1.34316066E-03
 3.80250611E-04
 4.72426079E-04
 1.18659694E-03
 6.67564033E-04
 5.42255154E-03
 1.26150879E-01
 1.51527364E-04
 1.59305534E-04
 1.50364031E-04
 1.99761937E-04
 2.04323809E-04
 2.31053190E-04
 2.63765888E-04
 3.37472312E-04
 4.45298101E-04
 3.11090273E-02
 7.79021536E-04
 1.14471883E-04
 1.28306660E-04
 2.54735236E-04
 1.21752322E-03
 3.15110802E-04
 4.50720414E-04
 2.79262937E-02
 7.89632963E-04
 3.36806341E-02
 9.84645412E-05
 1.80091115E-04
 4.23995567E-04
 1.22253307E-03
 7.67301319E-04
 7.16251697E-03
 3.26273497E-04
 6.53920158E-04
 5.90367943E-03
 5.02025270E-03
 1.07726777E-01
 2.72320147E-04
 2.86291504E-04
 2.70459147E-04
 3.45466385E-04
 2.50532089E-04
 2.28152781E-04
 3.26188428E-04
 3.90626666E-04
 4.81030440E-04
 1.12004898E-03
 6.64263493E-04
 1.36972307E-04
 2.29754057E-04
 2.92082425E-04
 2.13135885E-02
 2.79816052E-04
 4.60527464E-04
 5.63914250E-03
 7.63473980E-04
 6.71831267E-03
 1.90826540E-04
 4.14635589E-04
 1.00186105E-03
 7.10446643E-04
 6.21674563E-03
 2.33796698E-04
 6.02465642E-04
 2.20061782E-02
 2.15062131E-04
 2.55770124E-04
 3.29305876E-04
 3.31858288E-04
 4.40188291E-04
 6.59771664E-04
 1.99445253E-04
 4.13296179E-04
 4.59008988E-03
 6.46202316E-04
 6.13378079E-04
 1.00000000E+00
 1.00000000E+00
 1.00000000E+00
 1.00000000E+00
 1.00000000E+00
 1.00000000E+00
 1.00000000E+00
 1.00000000E+00
 1.00000000E+00
 1.00000000E+00
 1.00000000E+00
 1.00000000E+00
 0.00000000E+00
 0.00000000E+00
 0.00000000E+00
 0.00000000E+00
 0.00000000E+00
 0.00000000E+00
 0.00000000E+00
 0.00000000E+00
 0.00000000E+00
 0.00000000E+00
 0.00000000E+00
 0.00000000E+00
 0.00000000E+00
 1.69242892E-01
 1.69181112E-01
 1.69183332E-01
 1.69090798E-01
 0.00000000E+00
 0.00000000E+00
 1.69376859E-01
 1.69291347E-01
 1.69253605E-01
 1.69163713E-01
 9.27042305E-02
 1.14516252E-01
 1.53832592E-01
 9.22708321E-02
 9.20822366E-02
 2.35951528E-01
 9.16002323E-02
 2.40180576E-05
 7.43899847E-05
 8.12450930E-05
 1.14006506E-04
 1.39655305E-04
 1.65582089E-04
 4.34266643E-03
 1.02231715E-04
 4.68549851E-05
 1.10339515E-04
 1.50745536E-04
 1.05413505E-04
 9.87927753E-02
 7.21273346E-05
 6.81921188E-05
 1.83982263E-04
 2.06440164E-04
 5.71928240E-03
 1.70834192E-04
 2.11475101E-04
 2.65276168E-04
 2.30565181E-02
 3.84692338E-04
 4.28352155E-04
 5.03044974E-03
 7.15931385E-04
 1.32330815E-01
 5.39550753E-03
 1.74294253E-06
 8.49723436E-05
 3.26731824E-05
 4.89528774E-05
 3.76433849E-05
 9.91078944E-02
 4.24168862E-07
 1.05828875E-04
 9.07071870E-05
 1.96469968E-04
 5.09312572E-03
 1.46411221E-04
 1.76970175E-04
 3.40833239E-04
 1.43128105E-03
 3.65159073E-04
 5.53508870E-04
 1.14170597E-03
 9.53345509E-04
 5.18036400E-03
 1.48665993E-01
 8.87161962E-05
 9.93643265E-05
 2.93968699E-06
 5.00778101E-05
 1.50723500E-04
 2.93614276E-04
 3.12772471E-04
 3.62937362E-04
 6.15273505E-04
 1.28485066E-03
 1.06412594E-03
 1.48816350E-04
 2.20806482E-04
 1.37244090E-04
 2.08193283E-02
 1.76805347E-04
 6.53659256E-04
 5.32915961E-03
 1.05530003E-03
 6.11698716E-03
 2.59867572E-04
 4.50502906E-04
 1.00398051E-01
 8.30584490E-04
 1.09264705E-01
 1.25932025E-01
 7.53425403E-04
 1.62562362E-02
 1.62556252E-02
 1.63159393E-02
 1.63172534E-02
 1.62437338E-02
 1.61827622E-02
 1.63568381E-02
 1.63126945E-02
 1.63248461E-02
 1.62484106E-02
 1.62593169E-02
 1.11869955E-01
 1.71487341E-04
 2.04419549E-04
 2.51836623E-04
 2.55062478E-03
 2.50395103E-04
 2.52617692E-04
 3.16891882E-04
 3.28372934E-04
 4.00147793E-04
 5.56478859E-04
 4.80409778E-05
 1.15961632E-04
 3.37153185E-05
 4.89053991E-05
 1.91706912E-04
 7.19711837E-05
 6.38413024E-05
 4.64398903E-05
 1.40404109E-04
 1.16799804E-04
 2.67837268E-04
 3.44870703E-04
 3.03918716E-04
 4.46634499E-04
 7.75200874E-04
 2.61400947E-05
 9.36513261E-05
 6.01292431E-05
 1.37163003E-04
 2.18178606E-05
 2.13085959E-04
 2.75231608E-04
 3.83801833E-04
 4.94792273E-04
 2.86894608E-02
 9.05386105E-04
 5.00844941E-05
 1.65106513E-04
 1.47968955E-04
 1.92509581E-04
 5.81041534E-04
 9.41918960E-04
 1.35346302E-04
 5.11799599E-04
 5.35724798E-03
 8.41101997E-04
 7.57344649E-04
 2.08624992E-04
 2.09741136E-04
 1.77865581E-04
 2.45771570E-04
 1.97301936E-04
 9.60752349E-02
 2.69866991E-04
 2.54998750E-04
 2.03972304E-04
 2.37751325E-04
 5.45856876E-03
 2.80025229E-04
 3.32154237E-04
 4.04687907E-04
 1.28909712E-03
 3.78624564E-04
 4.78474675E-04
 1.14128117E-03
 6.97244021E-04
 5.43441493E-03
 1.26315352E-01
 1.52717095E-04
 1.77322430E-04
 8.89177468E-05
 2.26189681E-04
 1.86360600E-04
 3.07788610E-04
 2.44133138E-04
 3.78035222E-04
 4.89826587E-04
 3.12271569E-02
 8.16955310E-04
 7.09603676E-05
 1.37190085E-04
 2.35214946E-04
 1.18840210E-03
 2.81783589E-04
 4.77242322E-04
 2.80534502E-02
 8.13200676E-04
 3.37340178E-02
 1.16345591E-04
 1.56018743E-04
 4.27478590E-04
 1.23537528E-03
 7.38471536E-04
 7.11280278E-03
 3.40971363E-04
 6.54982648E-04
 5.82746303E-03
 4.99963305E-03
 1.07614746E-01
 2.33450866E-04
 2.34774604E-04
 2.33515804E-04
 2.99223886E-04
 2.45284425E-04
 2.15723692E-04
 3.25198957E-04
 3.91851425E-04
 4.93693091E-04
 1.08904579E-03
 6.57839630E-04
 1.81115197E-04
 2.40092516E-04
 2.49773915E-04
 2.13127000E-02
 3.05384725E-04
 4.69437493E-04
 5.66823872E-03
 7.69969732E-04
 6.71450886E-03
 2.06818865E-04
 4.25845818E-04
 1.00566891E-03
 6.57999425E-04
 6.20874992E-03
 2.16506673E-04
 6.38594060E-04
 2.19385057E-02
 1.49604204E-04
 1.69190519E-04
 3.24956231E-04
 3.25794436E-04
 3.98225134E-04
 6.62003754E-04
 2.28716649E-04
 3.86191070E-04
 4.61898426E-03
 6.34784127E-04
 6.43215696E-04
 1.00000000E+00
 1.00000000E+00
 1.00000000E+00
 1.00000000E+00
 1.00000000E+00
 1.00000000E+00
 1.00000000E+00
 1.00000000E+00
 1.00000000E+00
 1.00000000E+00
 1.00000000E+00
 1.00000000E+00
 0.00000000E+00
 0.00000000E+00
 0.00000000E+00
 0.00000000E+00
 0.00000000E+00
 0.00000000E+00
 0.00000000E+00
 0.00000000E+00
 0.00000000E+00
 0.00000000E+00
 0.00000000E+00
 0.00000000E+00
 0.00000000E+00
 0.00000000E+00
 0.00000000E+00
 0.00000000E+00
 0.00000000E+00
 0.00000000E+00
 0.00000000E+00
 1.69256100E-01
 1.69198189E-01
 1.69125659E-01
 1.69037681E-01
 1.69271241E-01
 1.69142072E-01
 1.69040103E-01
 1.12858714E-01
 1.49487745E-01
 2.71955135E-01
 9.15482153E-02
 1.21107058E-04
 1.24641816E-04
 1.73522233E-04
 1.40598733E-04
 1.80545643E-04
 2.25434870E-04
 4.31814757E-03
 2.85152675E-05
 1.07341965E-05
 1.32907815E-04
 2.05996311E-04
 1.25008759E-04
 9.87609972E-02
 1.52515408E-04
 6.70538561E-05
 2.33759632E-04
 2.18986457E-04
 5.73529186E-03
 2.41773083E-04
 2.52236309E-04
 2.87453975E-04
 2.30896391E-02
 4.13433014E-04
 4.16059686E-04
 5.05187331E-03
 7.05944501E-04
 1.32356986E-01
 5.42721695E-03
 8.48238869E-05
 7.21241527E-05
 4.94079140E-05
 1.15320913E-05
 7.34445540E-05
 9.90795165E-02
 4.04027080E-06
 1.25327796E-04
 1.22145531E-04
 2.05970390E-04
 5.08233790E-03
 1.58231577E-04
 2.22063857E-04
 3.71977314E-04
 1.42525023E-03
 3.79147712E-04
 5.70728622E-04
 1.15800596E-03
 9.45588706E-04
 5.20801311E-03
 1.48577077E-01
 1.11335838E-04
 1.38467333E-04
 7.55848910E-05
 1.47659178E-04
 1.34390057E-04
 2.58015251E-04
 3.26992080E-04
 3.92408101E-04
 6.00923310E-04
 1.26686847E-03
 1.01449657E-03
 2.11058351E-05
 2.36069438E-04
 2.21085328E-04
 2.07783308E-02
 2.24131790E-04
 6.15901634E-04
 5.33017004E-03
 1.08826980E-03
 6.15664407E-03
 1.26354019E-04
 4.67202038E-04
 1.00398855E-01
 8.86527910E-04
 1.09471840E-01
 1.26392428E-01
 6.40878281E-04
 2.01115716E-02
 2.00857561E-02
 2.01137557E-02
 2.00862386E-02
 2.00420344E-02
 2.00630615E-02
 1.63315376E-02
 1.63070052E-02
 1.62941497E-02
 1.62224881E-02
 1.62171270E-02
 1.11877613E-01
 1.62579612E-02
 1.62022245E-02
 1.61489371E-02
 1.61361926E-02
 2.74266721E-04
 2.74064029E-04
 3.14395406E-04
 3.31066325E-04
 4.05951271E-04
 5.77009033E-04
 1.12744353E-04
 1.72401627E-04
 4.76189366E-05
 6.46843312E-05
 1.51621345E-04
 8.52221826E-05
 1.27641260E-04
 1.32939013E-04
 1.77153785E-04
 1.43302210E-04
 2.60698910E-04
 3.77389579E-04
 3.27335347E-04
 4.75085026E-04
 8.04897265E-04
 6.27283913E-05
 9.45471741E-05
 1.12328526E-04
 1.58925162E-04
 9.93408240E-05
 2.14699657E-04
 3.19825649E-04
 3.87007709E-04
 4.90881324E-04
 2.86872900E-02
 9.53473986E-04
 3.84801536E-05
 1.73000330E-04
 2.19750162E-04
 2.44174681E-04
 5.49782175E-04
 9.86414322E-04
 1.74224924E-04
 4.83574384E-04
 5.32629649E-03
 8.60566381E-04
 6.45919360E-04
 2.25884305E-04
 2.47615483E-04
 2.05138256E-04
 2.95783749E-04
 2.45821731E-04
 9.61089169E-02
 2.38843237E-04
 2.80808170E-04
 2.47070870E-04
 2.78262157E-04
 5.46861339E-03
 2.50728703E-04
 3.15038991E-04
 3.90907424E-04
 1.31433151E-03
 3.92376668E-04
 4.92930624E-04
 1.17653688E-03
 7.03922066E-04
 5.43975148E-03
 1.26522245E-01
 1.37808497E-04
 1.74375602E-04
 1.20237152E-04
 2.20507079E-04
 2.28711141E-04
 2.84979938E-04
 3.29891924E-04
 3.96364656E-04
 4.91700683E-04
 3.13139777E-02
 8.65608250E-04
 1.03940385E-04
 1.26140246E-04
 2.51691924E-04
 1.21281908E-03
 2.80195628E-04
 4.52374508E-04
 2.80122984E-02
 8.68922389E-04
 3.38768643E-02
 1.11682825E-04
 1.08683128E-04
 4.23163044E-04
 1.22126983E-03
 7.88917642E-04
 7.12845868E-03
 3.31387841E-04
 6.13263680E-04
 5.88347463E-03
 5.03563720E-03
 1.07620856E-01
 2.41065366E-04
 2.80599328E-04
 2.25957486E-04
 3.29863409E-04
 2.28098274E-04
 2.53519926E-04
 3.30120956E-04
 3.96642350E-04
 5.27266926E-04
 1.10462767E-03
 6.77715332E-04
 1.73554941E-04
 2.51611177E-04
 2.53923072E-04
 2.13635648E-02
 3.67942271E-04
 5.01138009E-04
 5.63568712E-03
 8.09989948E-04
 6.72500220E-03
 2.20777710E-04
 4.23111245E-04
 1.02715649E-03
 7.23589256E-04
 6.20865017E-03
 2.57715827E-04
 5.94034429E-04
 2.20589906E-02
 2.37465702E-04
 2.49496682E-04
 2.96958008E-04
 3.52598775E-04
 4.62297599E-04
 7.13444506E-04
 2.59820925E-04
 4.40101877E-04
 4.60269719E-03
 6.98666996E-04
 5.95270823E-04
 1.00000000E+00
 1.00000000E+00
 1.00000000E+00
 1.00000000E+00
 1.00000000E+00
 1.00000000E+00
 1.00000000E+00
 1.00000000E+00
 1.00000000E+00
 1.00000000E+00
 1.00000000E+00
 1.00000000E+00
 0.00000000E+00
 0.00000000E+00
 0.00000000E+00
 0.00000000E+00
 0.00000000E+00
 0.00000000E+00
 0.00000000E+00
 0.00000000E+00
 0.00000000E+00
 0.00000000E+00
 0.00000000E+00
 0.00000000E+00
 0.00000000E+00
 0.00000000E+00
 0.00000000E+00
 0.00000000E+00
 0.00000000E+00
 0.00000000E+00
 0.00000000E+00
 0.00000000E+00
 0.00000000E+00
 0.00000000E+00
 0.00000000E+00
 1.69170694E-01
 1.69019437E-01
 1.68934549E-01
 1.69009840E-01
 1.68824681E-01
 2.71917600E-01
 1.13649481E-01
 1.40262054E-04
 1.04286463E-04
 1.58558313E-04
 1.04488055E-04
 1.57355513E-04
 1.15453765E-04
 4.33339208E-03
 1.65518206E-05
 1.12142639E-05
 1.25960389E-04
 1.83096100E-04
 1.34169166E-04
 9.87491252E-02
 1.70243460E-04
 5.35197150E-05
 2.15138723E-04
 2.22800225E-04
 5.73177893E-03
 2.59863364E-04
 2.64032030E-04
 2.96566211E-04
 2.31126721E-02
 4.18106146E-04
 4.27368689E-04
 5.05753873E-03
 7.16000281E-04
 1.32371839E-01
 5.42107361E-03
 1.26415013E-04
 7.48932929E-05
 7.52891570E-05
 2.20168351E-05
 7.44464913E-05
 9.90514146E-02
 5.34419179E-05
 1.24230096E-04
 1.32590051E-04
 2.19992997E-04
 5.08469102E-03
 1.50389137E-04
 2.35388570E-04
 3.87525596E-04
 1.41039128E-03
 3.81162543E-04
 5.66913227E-04
 1.15788672E-03
 9.58983700E-04
 5.20468952E-03
 1.48473807E-01
 5.13321278E-05
 1.33892113E-04
 8.21969015E-05
 1.06540708E-04
 1.71071957E-04
 2.53173225E-04
 3.27320822E-04
 4.10103816E-04
 6.26144350E-04
 1.24804593E-03
 1.03976890E-03
 7.70763685E-05
 2.37829979E-04
 2.32341901E-04
 2.07782146E-02
 2.45585010E-04
 6.22186307E-04
 5.34207393E-03
 1.09233917E-03
 6.14745251E-03
 2.10243989E-04
 4.68575574E-04
 1.00457646E-01
 9.03531955E-04
 1.09644409E-01
 1.26832359E-01
 7.14986187E-04
 9.48583221E-02
 9.48092456E-02
 9.47619165E-02
 9.47072582E-02
 9.46152677E-02
 9.45611195E-02
 1.62575546E-02
 1.62471800E-02
 1.62682658E-02
 1.62006379E-02
 1.96678340E-02
 1.17648000E-01
 1.62113486E-02
 1.61786171E-02
 1.61407233E-02
 1.61183490E-02
 1.03997974E-02
 1.03796820E-02
 1.60492957E-02
 3.40742794E-04
 4.24358707E-04
 5.83734964E-04
 1.03173308E-04
 1.54602229E-04
 4.38651751E-05
 8.03672189E-05
 1.23846001E-04
 6.92706513E-05
 1.32005339E-04
 1.91646045E-04
 1.82475743E-04
 1.67662087E-04
 2.19153318E-04
 3.55971894E-04
 3.07685219E-04
 4.73505850E-04
 8.16778331E-04
 8.32297905E-05
 1.12859929E-04
 1.18857062E-04
 1.52388169E-04
 9.15982553E-05
 2.14063941E-04
 3.42918577E-04
 4.17013799E-04
 4.97946508E-04
 2.87057244E-02
 9.50434553E-04
 4.80828551E-05
 1.94075644E-04
 2.47181942E-04
 2.44392762E-04
 5.53493586E-04
 9.82095341E-04
 1.59884569E-04
 4.89708440E-04
 5.31822025E-03
 8.67062611E-04
 6.35753524E-04
 2.43892676E-04
 2.59943006E-04
 2.24137580E-04
 2.92490408E-04
 2.53675556E-04
 9.61405324E-02
 2.33581678E-04
 2.91284232E-04
 2.68683197E-04
 2.95288345E-04
 5.47999302E-03
 2.51282724E-04
 3.26305714E-04
 3.94830993E-04
 1.33326083E-03
 3.88588034E-04
 4.86648983E-04
 1.18305717E-03
 6.89830307E-04
 5.44281572E-03
 1.26762212E-01
 1.61424643E-04
 1.63178026E-04
 1.36500221E-04
 2.21821586E-04
 1.67405385E-04
 2.14541543E-04
 3.43896615E-04
 3.68752998E-04
 4.75596377E-04
 3.14363706E-02
 8.40072456E-04
 1.36372499E-04
 1.77993595E-04
 2.77340646E-04
 1.20775611E-03
 2.79452317E-04
 4.17646313E-04
 2.80855207E-02
 8.81465275E-04
 3.39975404E-02
 1.00941685E-04
 1.19288379E-04
 4.57833541E-04
 1.21430812E-03
 8.17480677E-04
 7.13850222E-03
 3.24201722E-04
 6.52014407E-04
 5.88463867E-03
 5.04741135E-03
 1.07574584E-01
 2.58394537E-04
 3.00198866E-04
 2.34446477E-04
 3.42582412E-04
 2.43752082E-04
 2.76079728E-04
 3.31683379E-04
 3.84272574E-04
 5.14317931E-04
 1.10178458E-03
 6.92588317E-04
 2.39861686E-04
 2.52663117E-04
 2.83453202E-04
 2.13822331E-02
 3.75925593E-04
 4.92527438E-04
 5.63925518E-03
 8.22610879E-04
 6.74959558E-03
 2.75848937E-04
 4.37593683E-04
 9.97129928E-04
 7.26007948E-04
 6.20864845E-03
 2.57307685E-04
 6.09019232E-04
 2.20669912E-02
 2.55611866E-04
 3.00338701E-04
 3.36478692E-04
 3.37245767E-04
 4.47495063E-04
 7.20208181E-04
 2.56347140E-04
 4.58107063E-04
 4.53473577E-03
 6.80866241E-04
 6.24176328E-04
 1.00000000E+00
 1.00000000E+00
 1.00000000E+00
 1.00000000E+00
 1.00000000E+00
 1.00000000E+00
 1.00000000E+00
 1.00000000E+00
 1.00000000E+00
 1.00000000E+00
 1.00000000E+00
 1.00000000E+00
 0.00000000E+00
 0.00000000E+00
 0.00000000E+00
 0.00000000E+00
 0.00000000E+00
 0.00000000E+00
 0.00000000E+00
 0.00000000E+00
 0.00000000E+00
 0.00000000E+00
 0.00000000E+00
 0.00000000E+00
 0.00000000E+00
 0.00000000E+00
 0.00000000E+00
 0.00000000E+00
 0.00000000E+00
 0.00000000E+00
 0.00000000E+00
 0.00000000E+00
 0.00000000E+00
 0.00000000E+00
 0.00000000E+00
 0.00000000E+00
 0.00000000E+00
 0.00000000E+00
 1.68897122E-01
 1.68719763E-01
 0.00000000E+00
 1.68424874E-01
 1.14293303E-05
 2.36894198E-05
 3.26432753E-05
 1.47917610E-05
 6.95941891E-05
 6.67978190E-05
 3.21857935E-02
 6.44601953E-05
 1.20779236E-05
 8.70257779E-05
 1.01711435E-04
 1.27624464E-04
 9.87544888E-02
 1.30795633E-04
 4.83321251E-05
 1.30512325E-04
 2.18274921E-04
 5.71424886E-03
 2.59869177E-04
 2.69940432E-04
 2.89199392E-04
 2.31298585E-02
 4.07353598E-04
 4.63239943E-04
 5.05009638E-03
 7.35966660E-04
 1.32353431E-01
 5.39210041E-03
 5.91501508E-05
 1.06597501E-04
 8.41304690E-05
 5.30952033E-05
 4.31816037E-05
 9.90241986E-02
 8.88017488E-07
 1.40604920E-04
 1.22767343E-04
 2.42681731E-04
 5.10198787E-03
 1.33668771E-04
 2.29736794E-04
 3.80945656E-04
 1.39412811E-03
 3.72685575E-04
 5.70451702E-04
 1.14655900E-03
 9.85374173E-04
 5.16527313E-03
 1.48370207E-01
 1.29957740E-04
 7.04564534E-05
 1.84532276E-06
 4.14357313E-05
 1.68963369E-04
 2.71129885E-04
 2.90619578E-04
 4.18998002E-04
 6.40303143E-04
 1.23776682E-03
 1.09154276E-03
 1.36399341E-05
 2.13766989E-04
 1.83856616E-04
 2.07737562E-02
 2.45346217E-04
 6.69319248E-04
 5.36011816E-03
 1.07845887E-03
 6.11567165E-03
 5.86265721E-05
 4.55713503E-04
 1.00579346E-01
 8.81433186E-04
 1.09787681E-01
 1.27256145E-01
 6.14230792E-04
 9.47845228E-02
 9.47590975E-02
 9.47134086E-02
 9.46479742E-02
 9.45613784E-02
 9.44501764E-02
 5.37813855E-02
 9.44791065E-02
 9.44496172E-02
 9.43160157E-02
 9.42151984E-02
 1.82327005E-01
 1.61548128E-02
 1.61733624E-02
 1.61625682E-02
 1.61027594E-02
 1.60786421E-02
 1.60425113E-02
 1.60425977E-02
 2.33543010E-03
 1.01687121E-02
 6.05056218E-04
 5.67848116E-05
 7.99838885E-05
 3.52233344E-05
 8.28650841E-05
 1.21556038E-04
 3.96341584E-05
 1.04067478E-04
 2.03931595E-04
 1.59317550E-04
 2.00088319E-04
 1.61858804E-04
 3.01507028E-04
 3.04695613E-04
 4.47034554E-04
 8.21760631E-04
 7.26179821E-05
 1.40391549E-04
 8.01897542E-05
 1.33701027E-04
 2.50609473E-05
 2.41224060E-04
 3.35304379E-04
 3.52450364E-04
 5.14208789E-04
 2.87454278E-02
 9.04499137E-04
 2.42100127E-05
 2.14886139E-04
 2.17995038E-04
 2.06983937E-04
 6.04911352E-04
 9.60307186E-04
 1.35627352E-04
 5.26995045E-04
 5.33722699E-03
 8.72035104E-04
 7.34759725E-04
 2.46064882E-04
 2.50384238E-04
 2.25851109E-04
 2.41892888E-04
 2.25894766E-04
 9.61673983E-02
 2.26678846E-04
 2.91556368E-04
 2.59184195E-04
 2.84053100E-04
 5.51367474E-03
 2.92245292E-04
 3.65375337E-04
 4.17381454E-04
 1.33472544E-03
 3.85883214E-04
 4.94414774E-04
 1.16618020E-03
 7.00831342E-04
 5.43989418E-03
 1.27017042E-01
 1.55247710E-04
 1.57071936E-04
 1.08952584E-04
 2.23781727E-04
 1.69439770E-04
 2.54953990E-04
 2.87812315E-04
 3.36185329E-04
 4.67906328E-04
 3.15751612E-02
 8.23187528E-04
 1.33518195E-04
 1.80628689E-04
 2.76354647E-04
 1.18174703E-03
 2.93638740E-04
 4.11121523E-04
 2.82602462E-02
 8.54300234E-04
 3.40979774E-02
 8.41048632E-05
 2.13347401E-04
 4.88253169E-04
 1.24117720E-03
 7.99656532E-04
 7.13073173E-03
 3.18832171E-04
 7.16173382E-04
 5.83818374E-03
 5.04594419E-03
 1.07556067E-01
 2.70705382E-04
 2.88147423E-04
 2.13838347E-04
 3.24683636E-04
 2.77965090E-04
 2.51863809E-04
 3.21912936E-04
 3.87491756E-04
 5.14724444E-04
 1.08179570E-03
 6.95992807E-04
 2.29289440E-04
 2.42125544E-04
 2.38570184E-04
 2.13871862E-02
 3.23263252E-04
 4.56344667E-04
 5.67828403E-03
 8.18560554E-04
 6.76751552E-03
 2.11786775E-04
 4.19189236E-04
 1.04375603E-03
 6.83760731E-04
 6.21681058E-03
 2.18188015E-04
 6.46918437E-04
 2.20327676E-02
 2.10220576E-04
 2.98559987E-04
 3.26994347E-04
 3.18806680E-04
 3.87519632E-04
 6.87281470E-04
 2.00641414E-04
 4.41895348E-04
 4.54651969E-03
 6.36824659E-04
 6.50279525E-04
 1.00000000E+00
 1.00000000E+00
 1.00000000E+00
 1.00000000E+00
 1.00000000E+00
 1.00000000E+00
 1.00000000E+00
 1.00000000E+00
 1.00000000E+00
 1.00000000E+00
 1.00000000E+00
 1.00000000E+00
 0.00000000E+00
 0.00000000E+00
 0.00000000E+00
 0.00000000E+00
 0.00000000E+00
 0.00000000E+00
 0.00000000E+00
 0.00000000E+00
 0.00000000E+00
 0.00000000E+00
 0.00000000E+00
 0.00000000E+00
 0.00000000E+00
 0.00000000E+00
 0.00000000E+00
 0.00000000E+00
 0.00000000E+00
 0.00000000E+00
 0.00000000E+00
 0.00000000E+00
 0.00000000E+00
 0.00000000E+00
 0.00000000E+00
 0.00000000E+00
 0.00000000E+00
 0.00000000E+00
 0.00000000E+00
 0.00000000E+00
 0.00000000E+00
 1.68314724E-01
 7.14978685E-05
 2.49136769E-05
 3.46530970E-05
 3.04048496E-05
 7.15432936E-05
 1.22053695E-04
 3.82598874E-04
 4.79835582E-05
 6.26748245E-05
 8.91882510E-05
 1.11229160E-04
 1.29179729E-04
 9.87459107E-02
 1.17911660E-04
 1.04154199E-04
 1.63114833E-04
 2.29605004E-04
 5.74170424E-03
 2.94215470E-04
 2.87054693E-04
 3.01661906E-04
 2.31808043E-02
 4.09998294E-04
 4.59434559E-04
 5.07396279E-03
 7.12681684E-04
 1.32374763E-01
 5.46191991E-03
 5.11835373E-05
 8.38746726E-05
 4.70182661E-06
 6.63733571E-05
 1.19627572E-04
 9.89292410E-02
 5.39407070E-05
 1.05869450E-04
 1.54361806E-04
 2.20800599E-04
 5.10554325E-03
 1.61899413E-04
 2.34811421E-04
 3.75330025E-04
 1.42142642E-03
 4.11051438E-04
 5.75145111E-04
 1.16986295E-03
 9.67463768E-04
 5.21599012E-03
 1.48366419E-01
 1.30427282E-04
 8.57369107E-05
 2.84501619E-06
 1.13354515E-04
 1.34814129E-04
 2.63516848E-04
 3.37431535E-04
 4.30737842E-04
 6.20727684E-04
 1.26267305E-03
 1.13190318E-03
 6.57875108E-05
 1.79298357E-04
 2.32154381E-04
 2.07766517E-02
 2.80732506E-04
 6.11258375E-04
 5.35785184E-03
 1.11396478E-03
 6.17225557E-03
 1.48873251E-04
 4.80093642E-04
 1.00636825E-01
 9.33840303E-04
 1.10035592E-01
 1.27783428E-01
 6.95219336E-04
 9.47367275E-02
 9.46661868E-02
 9.46237022E-02
 9.45516475E-02
 9.44841044E-02
 9.43937331E-02
 9.45067087E-02
 9.44190226E-02
 9.43459689E-02
 9.42517565E-02
 9.41610135E-02
 1.82313198E-01
 3.72061892E-02
 5.27631789E-02
 5.26763505E-02
 9.38325466E-02
 1.60749022E-02
 1.60381845E-02
 1.60045428E-02
 1.59754681E-02
 1.58508787E-02
 1.77015327E-03
 3.07126403E-05
 1.57493886E-04
 3.85325968E-05
 4.40523751E-05
 1.21692767E-04
 9.98226984E-07
 1.82390931E-04
 2.29915115E-04
 2.03388712E-04
 1.62477879E-04
 2.37945841E-04
 3.78369056E-04
 3.07142222E-04
 4.87654610E-04
 8.16957689E-04
 9.03595052E-05
 1.17853467E-04
 1.28985124E-04
 1.47462860E-04
 7.14702343E-05
 2.12768902E-04
 3.66122793E-04
 4.05067252E-04
 4.89490502E-04
 2.87497628E-02
 9.54792871E-04
 5.69752761E-05
 1.84346563E-04
 2.56540263E-04
 2.73781495E-04
 5.51054674E-04
 1.01946784E-03
 1.15210620E-04
 4.69392954E-04
 5.33563103E-03
 8.84999798E-04
 7.02326320E-04
 2.89582945E-04
 2.69915293E-04
 2.71045666E-04
 2.46946417E-04
 2.75325988E-04
 9.62253147E-02
 2.43080766E-04
 3.01445105E-04
 2.62174978E-04
 2.93722562E-04
 5.53210065E-03
 3.00657164E-04
 3.75614781E-04
 4.00926434E-04
 1.35839161E-03
 4.07404895E-04
 5.04691255E-04
 1.22126598E-03
 7.26605170E-04
 5.48687618E-03
 1.27292815E-01
 1.66414615E-04
 1.61463060E-04
 1.59371627E-04
 1.99527711E-04
 1.74124582E-04
 2.39723581E-04
 3.03415003E-04
 3.41397041E-04
 4.85618526E-04
 3.15609672E-02
 8.62370079E-04
 1.20411428E-04
 2.01157167E-04
 2.77045710E-04
 1.24156992E-03
 3.21370243E-04
 4.29400441E-04
 2.82414287E-02
 8.53168881E-04
 3.42679129E-02
 6.76505057E-05
 1.98040424E-04
 4.38862048E-04
 1.25067607E-03
 8.32548831E-04
 7.19980481E-03
 2.80101050E-04
 7.20114056E-04
 5.94335775E-03
 5.11107875E-03
 1.07644453E-01
 3.23885189E-04
 2.60378398E-04
 2.40270012E-04
 3.05527158E-04
 2.84755031E-04
 2.83623903E-04
 3.34434833E-04
 4.24035969E-04
 5.22673093E-04
 1.10402416E-03
 7.16545873E-04
 2.22038834E-04
 2.60997788E-04
 3.08467021E-04
 2.14449757E-02
 3.16262796E-04
 4.83568382E-04
 5.67262285E-03
 8.44312102E-04
 6.79550761E-03
 2.09384059E-04
 4.28559147E-04
 1.01721962E-03
 7.64983335E-04
 6.23739250E-03
 2.26231118E-04
 6.27663256E-04
 2.21241412E-02
 2.42526989E-04
 3.11237602E-04
 3.60310142E-04
 3.45277275E-04
 4.70453319E-04
 7.35780772E-04
 2.42609616E-04
 4.43743950E-04
 4.56556565E-03
 7.09537099E-04
 6.12172492E-04
 1.00000000E+00
 1.00000000E+00
 1.00000000E+00
 1.00000000E+00
 1.00000000E+00
 1.00000000E+00
 1.00000000E+00
 1.00000000E+00
 1.00000000E+00
 1.00000000E+00
 1.00000000E+00
 1.00000000E+00
 0.00000000E+00
 0.00000000E+00
 0.00000000E+00
 0.00000000E+00
 0.00000000E+00
 0.00000000E+00
 0.00000000E+00
 0.00000000E+00
 0.00000000E+00
 0.00000000E+00
 0.00000000E+00
 0.00000000E+00
 0.00000000E+00
 0.00000000E+00
 0.00000000E+00
 0.00000000E+00
 0.00000000E+00
 0.00000000E+00
 0.00000000E+00
 0.00000000E+00
 0.00000000E+00
 0.00000000E+00
 0.00000000E+00
 0.00000000E+00
 0.00000000E+00
 0.00000000E+00
 0.00000000E+00
 0.00000000E+00
 0.00000000E+00
 0.00000000E+00
 5.40863064E-05
 2.74555818E-05
 3.63464910E-05
 3.66487533E-05
 5.61532473E-05
 1.48918080E-04
 3.91044327E-04
 5.55944314E-05
 5.89976958E-05
 9.18798516E-05
 1.15619317E-04
 1.32008512E-04
 9.87428644E-02
 1.66008025E-04
 1.22013738E-04
 1.58833735E-04
 2.08915422E-04
 2.93757374E-02
 2.67292250E-04
 2.83857353E-04
 3.37877808E-04
 2.91134332E-02
 3.58204814E-04
 4.50674564E-04
 5.06584885E-03
 7.51979133E-04
 1.32479915E-01
 5.47238743E-03
 9.28197344E-06
 3.60812865E-05
 1.29105185E-05
 6.01446407E-05
 1.16410519E-04
 9.89487042E-02
 7.94170759E-05
 1.22594000E-04
 1.82769701E-04
 2.17586900E-04
 5.10585374E-03
 1.55854374E-04
 2.82262496E-04
 3.73991890E-04
 1.41867058E-03
 4.45970721E-04
 5.76449244E-04
 1.16062059E-03
 9.88524975E-04
 5.23829752E-03
 1.48338149E-01
 4.93937783E-05
 1.97200254E-06
 8.60143207E-05
 1.15200400E-04
 1.16437799E-04
 2.77563017E-04
 3.72889417E-04
 4.43158948E-04
 6.31773164E-04
 1.25127609E-03
 1.14026988E-03
 3.40231426E-05
 2.28215756E-04
 3.14801822E-04
 2.07404030E-02
 3.63054990E-04
 6.12745650E-04
 5.34386005E-03
 1.13839771E-03
 6.17831999E-03
 1.60584213E-04
 3.82686415E-04
 1.00739714E-01
 9.56491610E-04
 1.10232098E-01
 1.28230254E-01
 6.94596095E-04
 9.46868909E-02
 9.46105911E-02
 9.45628382E-02
 9.44541382E-02
 9.43987826E-02
 9.43323263E-02
 9.44509611E-02
 9.43619933E-02
 9.42715066E-02
 9.41839936E-02
 9.41058325E-02
 1.82301472E-01
 9.41594383E-02
 9.40345972E-02
 9.39043626E-02
 9.37812019E-02
 2.11993641E-02
 2.11326018E-02
 5.28771037E-02
 1.59063134E-02
 1.58249781E-02
 1.55752502E-02
 5.17629333E-06
 1.26161775E-04
 6.33301884E-05
 5.93677675E-05
 1.31327447E-04
 4.58962299E-05
 1.54894624E-04
 2.52958359E-04
 2.05468745E-04
 1.81905404E-04
 2.53260769E-04
 3.91321505E-04
 3.87252423E-04
 5.10519210E-04
 8.36613869E-04
 7.18494780E-06
 1.02732168E-04
 1.35379578E-04
 1.54573010E-04
 1.19181406E-04
 2.19161673E-04
 3.71868524E-04
 4.13722262E-04
 4.92892550E-04
 2.87696517E-02
 1.02199348E-03
 6.87537836E-05
 1.68580966E-04
 2.59110582E-04
 2.85329279E-04
 5.47306930E-04
 1.03995567E-03
 1.14684507E-04
 4.58764250E-04
 5.32423845E-03
 9.05511657E-04
 7.32792137E-04
 2.38273835E-04
 2.77882501E-04
 2.79351325E-04
 2.69657516E-04
 2.98792983E-04
 9.62690457E-02
 2.54514266E-04
 2.99260227E-04
 2.82534860E-04
 3.06060938E-04
 5.54574028E-03
 3.28906894E-04
 3.67659709E-04
 4.11297156E-04
 1.36240592E-03
 4.27767069E-04
 5.16830746E-04
 1.21516831E-03
 7.19882412E-04
 5.51837197E-03
 1.27573172E-01
 1.37087466E-04
 1.48637832E-04
 1.33896416E-04
 2.11320655E-04
 1.94193378E-04
 2.76140210E-04
 3.44321151E-04
 3.92318514E-04
 4.97615046E-04
 3.16662783E-02
 9.05931679E-04
 1.28946245E-04
 1.65366624E-04
 2.71949922E-04
 1.25057769E-03
 3.42395009E-04
 4.26443871E-04
 2.82292734E-02
 9.12044757E-04
 3.44144177E-02
 8.57134125E-05
 2.00748127E-04
 4.18937069E-04
 1.23191193E-03
 8.49042491E-04
 7.22110687E-03
 2.98435915E-04
 7.15811671E-04
 5.96489420E-03
 5.12389880E-03
 1.07714504E-01
 2.85114470E-04
 2.92924474E-04
 2.69687908E-04
 3.46099208E-04
 2.79647187E-04
 3.31584394E-04
 3.96805974E-04
 4.53099325E-04
 5.43583134E-04
 1.07592767E-03
 8.08388266E-04
 1.46493910E-04
 2.77783302E-04
 2.30493807E-04
 2.14582733E-02
 2.80305646E-04
 5.12764373E-04
 5.69558769E-03
 8.66522512E-04
 6.80546229E-03
 2.43597013E-04
 4.41371341E-04
 1.04072043E-03
 8.04513824E-04
 6.24654746E-03
 2.64601971E-04
 6.50424848E-04
 2.21488822E-02
 2.09261728E-04
 3.22153923E-04
 3.16611813E-04
 3.41441979E-04
 5.25329710E-04
 7.29930209E-04
 2.04363924E-04
 4.59443039E-04
 4.61985745E-03
 6.77263155E-04
 6.21511517E-04
 1.00000000E+00
 1.00000000E+00
 1.00000000E+00
 1.00000000E+00
 1.00000000E+00
 1.00000000E+00
 1.00000000E+00
 1.00000000E+00
 1.00000000E+00
 1.00000000E+00
 1.00000000E+00
 1.00000000E+00
 0.00000000E+00
 0.00000000E+00
 0.00000000E+00
 0.00000000E+00
 0.00000000E+00
 0.00000000E+00
 0.00000000E+00
 0.00000000E+00
 0.00000000E+00
 0.00000000E+00
 0.00000000E+00
 0.00000000E+00
 0.00000000E+00
 0.00000000E+00
 0.00000000E+00
 0.00000000E+00
 0.00000000E+00
 0.00000000E+00
 0.00000000E+00
 0.00000000E+00
 0.00000000E+00
 0.00000000E+00
 0.00000000E+00
 0.00000000E+00
 0.00000000E+00
 0.00000000E+00
 0.00000000E+00
 0.00000000E+00
 0.00000000E+00
 0.00000000E+00
 5.32956751E-05
 3.59501666E-05
 3.91147048E-05
 1.76338072E-05
 7.73631361E-05
 1.03672092E-04
 1.03899681E-03
 7.48362448E-05
 7.00175153E-05
 1.11381688E-04
 1.25103644E-04
 1.38178572E-04
 9.87416237E-02
 1.71225216E-04
 1.44431734E-04
 1.84520571E-04
 2.13805785E-04
 5.86685874E-04
 2.87800521E-04
 2.52964323E-04
 3.09304136E-04
 3.16891381E-02
 3.98360533E-04
 4.53421902E-04
 5.08993513E-03
 7.39307604E-04
 1.32531419E-01
 5.50425052E-03
 8.40060727E-05
 8.25668860E-05
 1.76459729E-05
 3.67777473E-05
 1.18878591E-04
 9.89404201E-02
 1.03725796E-04
 1.50806731E-04
 1.78436921E-04
 2.15357455E-04
 5.12091426E-03
 1.64441133E-04
 3.06189133E-04
 3.66536584E-04
 1.43278059E-03
 4.16478432E-04
 5.86550347E-04
 1.17648425E-03
 9.71324434E-04
 5.25607369E-03
 1.48344612E-01
 2.10062913E-05
 1.34850059E-05
 3.39180654E-05
 1.33177352E-04
 1.70475257E-04
 2.53180570E-04
 3.55709995E-04
 4.50097079E-04
 6.17551437E-04
 1.26603104E-03
 1.15558025E-03
 1.22496942E-04
 1.59321833E-04
 2.83653485E-04
 2.07735961E-02
 3.50378192E-04
 5.96093167E-04
 5.36495464E-03
 1.13407033E-03
 6.20249389E-03
 1.15947956E-04
 3.80429644E-04
 1.00783590E-01
 9.48970362E-04
 1.10444217E-01
 1.28709165E-01
 6.81768052E-04
 9.58725382E-02
 9.57822090E-02
 1.17966064E-01
 1.21437407E-01
 1.92209576E-01
 2.50932824E-01
 9.43677324E-02
 9.42798037E-02
 9.42002004E-02
 9.41295754E-02
 9.40536919E-02
 1.82292977E-01
 9.41070246E-02
 9.39839161E-02
 9.38275871E-02
 9.37250393E-02
 9.37195738E-02
 9.35562905E-02
 9.33757048E-02
 1.59157082E-02
 1.89803212E-02
 1.55474413E-02
 6.64603658E-05
 9.77187940E-05
 6.34721543E-05
 8.89218501E-05
 1.22706762E-04
 8.07968345E-05
 1.49135163E-04
 2.48964916E-04
 2.00030774E-04
 1.53136355E-04
 2.57860124E-04
 3.71320830E-04
 3.52709712E-04
 4.92391064E-04
 8.32683046E-04
 3.07911882E-05
 8.89828500E-05
 1.31349195E-04
 1.49045168E-04
 1.38920823E-04
 2.17989120E-04
 3.66545438E-04
 4.18757701E-04
 5.04824342E-04
 2.88160526E-02
 1.00391620E-03
 1.14318607E-04
 1.90948903E-04
 2.38990674E-04
 2.71913672E-04
 5.27952425E-04
 1.03869563E-03
 1.29359469E-04
 4.48030549E-04
 5.34452810E-03
 9.00274578E-04
 7.17373747E-04
 2.23839210E-04
 2.99796859E-04
 2.59449434E-04
 2.48038717E-04
 2.84027631E-04
 9.63186869E-02
 2.44627417E-04
 3.03542520E-04
 3.06296686E-04
 3.00643088E-04
 5.57570398E-03
 3.18570378E-04
 3.67426869E-04
 4.05095284E-04
 1.38361368E-03
 4.19428285E-04
 5.07020837E-04
 1.23928198E-03
 7.35855635E-04
 5.55579114E-03
 1.27908151E-01
 1.49283252E-04
 1.44043954E-04
 1.49460122E-04
 1.96316181E-04
 1.84824185E-04
 2.72279899E-04
 3.58016047E-04
 3.88644467E-04
 4.62962130E-04
 3.17812689E-02
 8.93674548E-04
 1.52287035E-04
 1.35593909E-04
 2.44048141E-04
 1.26287349E-03
 3.64973754E-04
 4.35266795E-04
 2.83141984E-02
 9.03602710E-04
 3.45477240E-02
 4.95888416E-05
 2.31164089E-04
 4.22077866E-04
 1.25622885E-03
 8.44437018E-04
 7.25642512E-03
 2.63781762E-04
 6.88039738E-04
 5.99975119E-03
 5.17220630E-03
 1.07804612E-01
 3.05613844E-04
 2.87937831E-04
 2.78863677E-04
 3.43719892E-04
 3.07488108E-04
 3.07326876E-04
 3.75955486E-04
 4.43188113E-04
 5.36191077E-04
 1.10308026E-03
 8.04680342E-04
 1.45366553E-04
 2.17162490E-04
 2.87944523E-04
 2.15290866E-02
 3.42388201E-04
 4.93840880E-04
 5.68932606E-03
 8.66806826E-04
 6.84411854E-03
 2.38915213E-04
 4.19177845E-04
 1.01596125E-03
 7.96077765E-04
 6.28164348E-03
 2.25766436E-04
 6.29985690E-04
 2.22058305E-02
 2.51881676E-04
 3.25487522E-04
 3.71000141E-04
 3.83026094E-04
 4.92746207E-04
 7.39055463E-04
 2.79550711E-04
 4.27998106E-04
 4.58763029E-03
 7.30616913E-04
 6.54253447E-04
 1.00000000E+00
 1.00000000E+00
 1.00000000E+00
 1.00000000E+00
 1.00000000E+00
 1.00000000E+00
 1.00000000E+00
 1.00000000E+00
 1.00000000E+00
 1.00000000E+00
 1.00000000E+00
 1.00000000E+00
