 9.01927477E-01
 8.69988005E-01
 8.63821988E-01
 8.94753218E-01
 1.00045676E+00
 1.31321140E+00
 8.00768336E+00
 3.74958621E-01
 5.31240431E-01
 5.18161326E-01
 5.42386063E-01
 6.17833748E-01
 1.75173518E+00
 2.59428551E-01
 2.59411104E-01
 2.98113060E-01
 3.84223282E-01
 4.09352636E-01
 0.00000000E+00
 1.41819509E-01
 1.99067070E-01
 2.21348409E-01
 7.54480600E-01
 1.70165962E-01
 1.85875591E-01
 5.17531697E-01
 2.72527828E-02
 2.77367535E-01
 0.00000000E+00
 3.64548089E-02
 7.11599892E-03
 6.57449449E-03
 1.40248468E-02
 4.10219063E-02
 1.18147406E+00
 6.95348075E-01
 0.00000000E+00
 2.67535781E-01
 1.18077454E-01
 2.49790004E-02
 1.82227548E-02
 2.33565033E-01
 0.00000000E+00
 5.53199822E-04
 1.45530905E-03
 1.48948337E-02
 1.37951748E+00
 0.00000000E+00
 6.31130910E-03
 4.06103913E-02
 4.89969880E-01
 0.00000000E+00
 2.50788137E-02
 7.53147518E-02
 0.00000000E+00
 3.40964530E-02
 0.00000000E+00
 0.00000000E+00
 6.55438098E-03
 3.49790502E-02
 3.01353499E-01
 8.22874146E-02
 1.62429711E-01
 0.00000000E+00
 1.04935174E-03
 3.45715693E-03
 2.19235223E-02
 5.45532212E-01
 0.00000000E+00
 1.86250286E-02
 4.19524384E-02
 2.56175548E+00
 0.00000000E+00
 1.49446393E-01
 7.83476255E-02
 0.00000000E+00
 5.17842008E-01
 0.00000000E+00
 0.00000000E+00
 7.41853573E-02
 1.20423981E-02
 1.40341582E-02
 1.74684115E-01
 3.09604666E-03
 2.78787093E-02
 1.89601451E+00
 7.66794744E-01
 1.39618538E-01
 0.00000000E+00
 3.62556827E-02
 2.86316996E-03
 2.48689167E-01
 2.37843204E-01
 0.00000000E+00
 1.82426922E-02
 5.03064862E-02
 0.00000000E+00
 9.85964635E-02
 0.00000000E+00
 3.00155756E-02
 2.37122218E-02
 0.00000000E+00
 3.36861230E-02
 0.00000000E+00
 0.00000000E+00
 2.58914391E-01
 8.69243609E-03
 1.44147850E-02
 2.71738032E-02
 7.01077888E-02
 1.26494494E+00
 1.12783582E+00
 1.76389287E-02
 3.94437286E-01
 1.11033594E-01
 8.36205344E-02
 5.14400348E-01
 0.00000000E+00
 3.40896235E-02
 3.20494140E-02
 2.48159700E-02
 9.43629157E-01
 7.87434804E-03
 3.56391205E-02
 2.47962374E+00
 3.51404732E-02
 1.38399281E+01
 6.43071269E-02
 1.91340695E-02
 2.07347769E-01
 4.01150972E-02
 3.30810111E-02
 2.44558604E-01
 2.93358687E-03
 5.67992394E-03
 2.89267648E-02
 1.08828565E+00
 1.54125465E-02
 4.50949250E-02
 1.82208147E+00
 4.28077966E-01
 1.30984841E-01
 3.91869507E-01
 1.18909745E-02
 4.02179108E-03
 1.75982572E-02
 3.17630857E-01
 3.94739738E-03
 3.34048233E-02
 3.23371975E+01
 3.45778320E-01
 1.94489004E-01
 0.00000000E+00
 1.47048229E-02
 3.16626351E-03
 2.05710935E-02
 2.12720576E+00
 3.16780775E-02
 2.16893160E-02
 1.21818422E-01
 2.76264189E-02
 2.69025415E-02
 0.00000000E+00
 3.60164930E-02
 7.64827921E-02
 2.44811016E-02
 2.32993903E-02
 1.91768854E-02
 7.31872005E-02
 6.28411505E-01
 0.00000000E+00
 6.35858863E-03
 1.94129734E-02
 1.05406969E-01
 4.55043701E-01
 0.00000000E+00
 1.93103697E-02
 1.31280266E-01
 7.76121013E-01
 0.00000000E+00
 1.45910556E+00
 2.39947941E-01
 0.00000000E+00
 5.89599295E-02
 0.00000000E+00
 0.00000000E+00
 2.03741550E-03
 8.81121460E-03
 4.97847381E-02
 8.56372002E-01
 1.12586705E-02
 7.42502382E-02
 5.69127832E-01
 1.42877759E-01
 7.97485196E-02
 0.00000000E+00
 1.61449014E-02
 6.96832764E-03
 3.84762592E-02
 5.23799463E+00
 0.00000000E+00
 1.42698617E-01
 8.79359315E-04
 0.00000000E+00
 1.41154123E-01
 0.00000000E+00
 0.00000000E+00
 2.13332886E-02
 2.74240029E-02
 0.00000000E+00
 3.73957808E-02
 0.00000000E+00
 0.00000000E+00
 5.58976270E-02
 0.00000000E+00
 0.00000000E+00
 0.00000000E+00
 2.12422834E-02
 1.42974292E+00
 3.66516060E-01
 2.18688880E-01
 1.73813357E-01
 2.03628464E-02
 2.41231788E-01
 4.23394903E-03
 2.52877909E-01
 0.00000000E+00
 8.93539902E-02
 3.20058065E-01
 2.27545049E-01
 9.26875002E-02
 0.00000000E+00
 1.32902913E-01
 3.77389553E-03
 0.00000000E+00
 8.27596941E-02
 0.00000000E+00
 2.70849192E-02
 2.86980046E-02
 0.00000000E+00
 4.03670576E-02
 0.00000000E+00
 0.00000000E+00
 2.73742107E-02
 0.00000000E+00
 3.48625266E-03
 2.24652750E-02
 3.57992188E+00
 1.36855327E-02
 5.23270670E+00
 4.11045394E-02
 2.92210860E-03
 2.73258882E-02
 0.00000000E+00
 2.10544330E-01
 2.39346070E-02
 1.00000000E+00
 1.00000000E+00
 0.00000000E+00
 1.00000000E+00
 0.00000000E+00
 0.00000000E+00
 1.00000000E+00
 0.00000000E+00
 0.00000000E+00
 0.00000000E+00
 1.00000000E+00
 0.00000000E+00
 8.32918388E-01
 7.96022835E-01
 7.91489424E-01
 1.07282213E+00
 1.06679907E+00
 1.02155622E+00
 7.57705752E-01
 5.51680647E-01
 4.95455783E-01
 4.06493789E-01
 3.48011170E-01
 2.50017989E-01
 4.40369598E-01
 3.14101549E-01
 3.21826872E-01
 4.87871887E-01
 6.27849946E-01
 4.37820796E+01
 0.00000000E+00
 1.50587410E-01
 7.44946049E-02
 2.28619705E-01
 8.19275213E-01
 1.74877396E-01
 1.95165876E-01
 5.59951216E-01
 1.67128629E-01
 2.06411116E-01
 0.00000000E+00
 4.25055514E-02
 4.19158615E-03
 1.41077724E-02
 1.79251540E-02
 6.03489866E-02
 4.70408489E+00
 8.47010341E-01
 0.00000000E+00
 3.90940593E-01
 3.27618481E-02
 2.12944775E-02
 1.87011044E-02
 3.08332839E-01
 0.00000000E+00
 1.66565141E-03
 2.78077066E-04
 2.05530109E-02
 1.13345287E+01
 0.00000000E+00
 8.74055243E-03
 2.74421311E-01
 1.94545378E-01
 0.00000000E+00
 1.80131621E-02
 9.00647727E-02
 0.00000000E+00
 4.78600907E-02
 0.00000000E+00
 0.00000000E+00
 1.67925968E-02
 1.93553226E+00
 1.02225567E-01
 4.75984634E-02
 1.86444929E-01
 0.00000000E+00
 3.36267066E-04
 4.12000068E-03
 2.90556133E-02
 1.37992972E+00
 0.00000000E+00
 4.93286363E-03
 6.02415944E-02
 4.35826411E-01
 0.00000000E+00
 3.50934064E-02
 9.95094567E-02
 0.00000000E+00
 7.09820742E-01
 0.00000000E+00
 0.00000000E+00
 2.81801439E-02
 4.33191654E-03
 1.59328265E-02
 2.89814164E-01
 5.33395430E-03
 3.97445000E-02
 1.98428369E+00
 6.08036435E-01
 3.71143652E-01
 0.00000000E+00
 2.00792769E-02
 2.72593176E-03
 2.73748026E-01
 3.45881376E+00
 0.00000000E+00
 3.24395175E-02
 3.38720535E-02
 0.00000000E+00
 2.36875413E-01
 0.00000000E+00
 6.91973872E-03
 2.87527363E-02
 0.00000000E+00
 3.73864763E-02
 0.00000000E+00
 0.00000000E+00
 8.29090268E-02
 5.28712283E-02
 5.84064017E-02
 7.83494658E-02
 1.47072647E-01
 1.13669159E+01
 1.07120839E+00
 2.24552303E-02
 5.39084250E-01
 9.27372518E-02
 8.58548189E-02
 5.99274485E-01
 0.00000000E+00
 2.76677392E-02
 9.78756458E-03
 2.84604561E-02
 1.76153334E+00
 1.02692829E-02
 4.53530894E-02
 1.24991848E+01
 1.97561394E-01
 1.60290620E-01
 5.32906088E-02
 8.04075814E-01
 1.06942522E-01
 3.65925774E-02
 2.40266405E-02
 3.82620007E-01
 1.99861285E-03
 7.80669582E-03
 3.91785098E-02
 4.03729651E+01
 2.15189218E-02
 6.36261643E-02
 1.51093310E+00
 8.32177486E-02
 1.00472971E-01
 5.72849142E-02
 2.74775924E-03
 5.74966274E-03
 2.42291536E-02
 6.74092074E-01
 6.08705208E-03
 4.77961862E-02
 1.60861121E+00
 6.03026078E-01
 3.12993664E-01
 0.00000000E+00
 1.08189968E-02
 4.96987753E-03
 2.97562286E-02
 6.69436959E+00
 1.80881276E-01
 8.33944776E-03
 1.72167936E-01
 6.47969771E-03
 2.92496813E-02
 0.00000000E+00
 3.90174276E-02
 5.29905218E-02
 1.61314246E-02
 1.50742540E-02
 2.47720527E-02
 1.04338270E-01
 4.64031298E-01
 0.00000000E+00
 8.81610247E-03
 2.61077035E-02
 1.67589531E-01
 5.32436735E-01
 0.00000000E+00
 3.89346759E-02
 1.70582860E+00
 7.15690977E-01
 0.00000000E+00
 1.63131046E-01
 1.96755096E-01
 0.00000000E+00
 8.53003545E-02
 0.00000000E+00
 0.00000000E+00
 5.18735498E-03
 1.35803633E-02
 7.54533280E-02
 4.89288189E-01
 1.61102916E-02
 6.75364954E-01
 4.89258710E-01
 6.56948315E-02
 1.29983193E-01
 0.00000000E+00
 7.04252517E-02
 1.03977615E-02
 5.93963672E-02
 1.90655616E+00
 0.00000000E+00
 1.38316145E-03
 2.61533594E-02
 0.00000000E+00
 1.54510176E-01
 0.00000000E+00
 0.00000000E+00
 2.29872683E-02
 2.85725537E-02
 0.00000000E+00
 4.17499028E-02
 0.00000000E+00
 0.00000000E+00
 2.73319997E-02
 0.00000000E+00
 0.00000000E+00
 0.00000000E+00
 6.15861352E-01
 2.19823053E-01
 5.03524252E-02
 3.38924602E-01
 3.40937528E-02
 1.92065938E-02
 4.65245399E-01
 8.86392945E-03
 5.27779419E-01
 0.00000000E+00
 1.53693524E+00
 1.53081956E-01
 4.34621621E-02
 1.11965519E-01
 0.00000000E+00
 1.19722323E-01
 5.38744839E-02
 0.00000000E+00
 5.14968211E-02
 0.00000000E+00
 5.63858398E-03
 2.81973360E-02
 0.00000000E+00
 7.47780718E-02
 0.00000000E+00
 0.00000000E+00
 2.51462376E-02
 0.00000000E+00
 6.03677060E-03
 3.65263713E-02
 2.05784583E+00
 2.30787168E-02
 6.55903362E-02
 1.07501894E-02
 9.05172663E-04
 3.19415353E-02
 0.00000000E+00
 7.85914749E-02
 2.57604766E-02
 1.00000000E+00
 1.00000000E+00
 0.00000000E+00
 1.00000000E+00
 0.00000000E+00
 0.00000000E+00
 1.00000000E+00
 0.00000000E+00
 0.00000000E+00
 0.00000000E+00
 1.00000000E+00
 0.00000000E+00
 9.24361820E-01
 9.55760928E-01
 9.84280221E-01
 2.75568605E-01
 2.46452648E-01
 1.10703988E-01
 1.09705047E-04
 7.64561816E-01
 7.05211157E-01
 7.19064682E-01
 4.56987733E-01
 1.15606272E+00
 7.45121908E-01
 4.91810573E-01
 4.83858145E-01
 5.20991675E-01
 6.23810806E-01
 5.37930231E+00
 0.00000000E+00
 2.21093163E-01
 2.01629120E-01
 2.17504989E-01
 1.25384460E+00
 1.81521494E-01
 2.02974372E-01
 5.92557790E-01
 1.72566951E-01
 1.91462029E-01
 0.00000000E+00
 1.54641778E-01
 5.41312245E-03
 1.04273514E-02
 2.48656045E-02
 1.02541789E-01
 3.55088277E+00
 8.75376088E-01
 0.00000000E+00
 1.19362327E-01
 1.75857071E-02
 1.30099228E-02
 2.28672868E-02
 4.33686251E-01
 0.00000000E+00
 1.16963766E-03
 7.07619999E-04
 2.62694602E-02
 2.11348272E+00
 0.00000000E+00
 1.15876453E-02
 1.55446079E-01
 1.80828851E-01
 0.00000000E+00
 3.90789487E-03
 1.10503929E-01
 0.00000000E+00
 6.59740679E-02
 0.00000000E+00
 0.00000000E+00
 2.87773687E-02
 2.86036254E-01
 4.77245587E-02
 2.35410160E-02
 2.78924015E-01
 0.00000000E+00
 9.66709060E-04
 6.92241810E-03
 3.80782049E-02
 4.78724337E+00
 0.00000000E+00
 7.66896074E-03
 5.54633226E-01
 2.40220147E-01
 0.00000000E+00
 7.49119137E-03
 1.32463519E-01
 0.00000000E+00
 9.43805399E-01
 0.00000000E+00
 0.00000000E+00
 2.87110452E-03
 4.77613605E-03
 2.22166624E-02
 6.10922426E-01
 7.45946967E-03
 5.77205586E-02
 1.53535537E+00
 8.55593403E-02
 5.32437409E-01
 0.00000000E+00
 1.11741243E-02
 1.08656408E-02
 3.98146441E-02
 4.98113064E+01
 0.00000000E+00
 1.81813956E-01
 8.94442836E-03
 0.00000000E+00
 1.48218381E-01
 0.00000000E+00
 7.28188983E-03
 3.13523472E-02
 0.00000000E+00
 4.04805377E-02
 0.00000000E+00
 0.00000000E+00
 2.95937528E-02
 6.57074152E-02
 7.37647793E-02
 9.72662017E-02
 1.79268860E-01
 4.04006500E+00
 1.04075041E+00
 2.95929255E-02
 6.00543098E-01
 9.50568793E-02
 9.10190748E-02
 7.19618890E-01
 0.00000000E+00
 2.56413365E-02
 9.90043954E-03
 4.14858507E-02
 6.21180647E+00
 1.43899953E-02
 5.45307141E-02
 2.58980142E+00
 3.28735923E-01
 1.63878924E-01
 6.46305720E-02
 1.19417435E-01
 3.24516090E-02
 1.63055719E-02
 3.05752786E-02
 7.42708069E-01
 3.17933579E-03
 1.04477510E-02
 5.07005701E-02
 1.24571073E+00
 3.02035417E-02
 3.93882099E-01
 3.31807416E-01
 5.14049413E-02
 1.24687255E-01
 8.49698794E-02
 9.38059740E-04
 7.75596491E-03
 3.40147812E-02
 6.98468174E+00
 8.78245242E-03
 6.79100116E-02
 1.60540512E+00
 6.79675378E-02
 1.16959908E-01
 0.00000000E+00
 4.11593282E-02
 7.49118147E-03
 4.34120421E-02
 6.25323180E+00
 3.37043289E-02
 8.03535251E-03
 9.57961785E-02
 2.67347003E-03
 3.22358773E-02
 0.00000000E+00
 4.32341784E-02
 2.83359252E-02
 1.75283407E-02
 1.53242029E-02
 3.06622411E-02
 1.52560977E-01
 3.85943249E-01
 0.00000000E+00
 1.13522853E-02
 3.49598863E-02
 3.07030147E-01
 9.65819347E-01
 0.00000000E+00
 5.32391839E-02
 8.98893749E+00
 5.33514856E-01
 0.00000000E+00
 6.86638508E-02
 2.52411158E-01
 0.00000000E+00
 1.17597289E-01
 0.00000000E+00
 0.00000000E+00
 6.66096761E-03
 1.90747261E-02
 1.25255290E-01
 8.34862519E-01
 2.18727723E-02
 2.26168534E+00
 2.44171904E-01
 4.40115141E-02
 1.73867111E-01
 0.00000000E+00
 7.58545246E-02
 1.42905916E-02
 4.96749122E-01
 4.22600674E-01
 0.00000000E+00
 1.14362053E-01
 2.41809406E-01
 0.00000000E+00
 7.37037902E-02
 0.00000000E+00
 0.00000000E+00
 3.49879310E-02
 3.04404572E-02
 0.00000000E+00
 4.66485818E-02
 0.00000000E+00
 0.00000000E+00
 2.63121028E-02
 0.00000000E+00
 0.00000000E+00
 0.00000000E+00
 1.56519910E-01
 1.16618090E-01
 2.98131030E-02
 7.85138799E-01
 5.45392967E-03
 2.68465660E-02
 1.66313548E+00
 1.57317940E-02
 2.92263885E+00
 0.00000000E+00
 3.65183628E+00
 8.43564042E-02
 1.94876543E-02
 1.73988570E-01
 0.00000000E+00
 1.04920372E-02
 1.15767658E+00
 0.00000000E+00
 3.52659671E-02
 0.00000000E+00
 4.79558146E-04
 2.77712361E-02
 0.00000000E+00
 1.53360682E-01
 0.00000000E+00
 0.00000000E+00
 2.73794872E-02
 0.00000000E+00
 9.73196779E-03
 1.68289819E-02
 6.75131080E-01
 4.44877923E-01
 4.93222012E-01
 2.18888345E-02
 8.94557504E-02
 4.03206541E-02
 0.00000000E+00
 7.16539625E-02
 2.78851548E-02
 1.00000000E+00
 1.00000000E+00
 0.00000000E+00
 1.00000000E+00
 0.00000000E+00
 0.00000000E+00
 1.00000000E+00
 0.00000000E+00
 0.00000000E+00
 0.00000000E+00
 1.00000000E+00
 0.00000000E+00
 2.39488921E-04
 1.09081442E-04
 1.66848154E-04
 4.93068092E-04
 7.20654738E-04
 3.19846466E-04
 1.99262924E-04
 1.10942473E+00
 1.03066578E+00
 1.02517341E+00
 9.97025974E-01
 3.35440352E-01
 1.16277401E-01
 4.30589158E-01
 4.15370317E-01
 4.61662722E-01
 5.70467498E-01
 7.48687769E-01
 0.00000000E+00
 4.49924427E-01
 3.83441921E-01
 4.07110888E-01
 2.91846062E+00
 1.86162616E-01
 2.52732794E-01
 8.10888448E-01
 1.79880744E-01
 2.23927192E-01
 0.00000000E+00
 1.61393956E-01
 6.28554352E-03
 1.31819009E-02
 3.32654604E-02
 1.32507476E+00
 3.24573850E-01
 5.31936542E-01
 0.00000000E+00
 8.29819032E-02
 1.93719538E-02
 7.12132940E-03
 2.67412786E-02
 6.76257375E-01
 0.00000000E+00
 2.75376684E-03
 3.64326982E-03
 3.35234114E-02
 1.24107866E+00
 0.00000000E+00
 1.00936485E-01
 5.83643539E-02
 2.08291372E-01
 0.00000000E+00
 5.08156223E-03
 1.37385462E-01
 0.00000000E+00
 9.19539582E-02
 0.00000000E+00
 0.00000000E+00
 2.10756402E+00
 6.06739531E-02
 2.41290954E-02
 2.37498027E-02
 4.84102429E-01
 0.00000000E+00
 2.39189830E-03
 8.81869422E-03
 5.13020787E-02
 1.00011484E+00
 0.00000000E+00
 1.20938567E-02
 2.37138077E-01
 1.80996758E-01
 0.00000000E+00
 6.14185310E-03
 1.80048212E-01
 0.00000000E+00
 1.59951610E-01
 0.00000000E+00
 0.00000000E+00
 1.96708377E-03
 5.83612765E-03
 3.10474060E-02
 4.71553963E+00
 1.11021575E-02
 8.60286131E-02
 7.39831938E-01
 5.23097994E-02
 6.47670296E-01
 0.00000000E+00
 5.19058106E-03
 9.83437719E-03
 5.85019300E-02
 4.75470079E+00
 0.00000000E+00
 1.84423212E-01
 9.32248645E-02
 0.00000000E+00
 4.67719776E-02
 0.00000000E+00
 6.74500224E-03
 3.51128700E-02
 0.00000000E+00
 4.46386453E-02
 0.00000000E+00
 0.00000000E+00
 2.65280365E-02
 9.14826851E-02
 1.13793036E-01
 1.38982806E-01
 2.80991467E-01
 6.12757751E+00
 1.01996898E+00
 2.73654005E-01
 1.52244577E-01
 1.24302208E-01
 1.21683161E-01
 8.91493703E-01
 0.00000000E+00
 2.52688502E-02
 3.10289313E-02
 5.77214340E-02
 6.73677020E+00
 1.68776844E-02
 6.86610185E-02
 2.16721011E+00
 5.32290475E-02
 1.53299543E-01
 5.97509177E-02
 5.43887432E-02
 2.83515828E-02
 1.08699664E-02
 3.67517270E-02
 3.64719146E+00
 3.93744771E-03
 1.41730633E-02
 6.89111031E-02
 6.87897338E-01
 1.36531385E-02
 9.68301919E-01
 2.55682453E-01
 1.17141616E-02
 1.65836754E-01
 1.27528520E-01
 3.21648034E-03
 9.60124948E-03
 4.69968725E-02
 1.07703297E+00
 1.54230963E-02
 1.06604029E-01
 3.92803327E-01
 5.73924902E-02
 1.52032460E-01
 0.00000000E+00
 1.13686650E-01
 1.09872819E-02
 6.53714264E-02
 1.79469765E+00
 1.31218059E-01
 2.61109645E-02
 4.59625193E-02
 2.26031059E-02
 3.32743081E-02
 0.00000000E+00
 4.79856516E-02
 2.75122047E-02
 2.04088139E-02
 1.81010973E-02
 3.89668419E-02
 2.45309200E-01
 3.42077462E-01
 0.00000000E+00
 1.45623367E-02
 4.70733968E-02
 8.77806343E-01
 9.39230352E-01
 0.00000000E+00
 5.23018061E-01
 2.33375119E-01
 5.51649470E-01
 0.00000000E+00
 4.84165106E-02
 3.43778505E-01
 0.00000000E+00
 1.88803156E-01
 0.00000000E+00
 0.00000000E+00
 9.11417774E-03
 2.79842992E-02
 2.54518847E-01
 1.11477661E+00
 2.73976414E-01
 2.03856389E-01
 2.26297734E-01
 1.53335728E-02
 2.62480123E-01
 0.00000000E+00
 1.45832952E+00
 2.02914979E-02
 1.58867207E+00
 2.05583991E-01
 0.00000000E+00
 1.51311841E-01
 7.42507572E-01
 0.00000000E+00
 2.54444759E-02
 0.00000000E+00
 0.00000000E+00
 4.43084825E-02
 2.98529289E-02
 0.00000000E+00
 5.21606224E-02
 0.00000000E+00
 0.00000000E+00
 2.69651835E-02
 0.00000000E+00
 0.00000000E+00
 0.00000000E+00
 1.85362695E-01
 2.00903278E-02
 3.77726904E-02
 1.99740273E+01
 7.21616589E-03
 3.93147946E-02
 1.72602608E+00
 3.04981577E-02
 2.77469590E+00
 0.00000000E+00
 2.80361401E-01
 2.01333232E-02
 1.55724506E-02
 2.95695256E-01
 0.00000000E+00
 1.59135623E-02
 2.10383597E+00
 0.00000000E+00
 1.47102766E-02
 0.00000000E+00
 3.56268288E-03
 3.18179781E-02
 0.00000000E+00
 1.15091596E-01
 0.00000000E+00
 0.00000000E+00
 2.82220673E-02
 0.00000000E+00
 1.48853805E-02
 1.19433222E+00
 2.83650153E-01
 2.06279410E-01
 8.91499890E-02
 1.85125416E-01
 4.22977504E-01
 2.43898569E-01
 0.00000000E+00
 4.84981658E-02
 3.03855738E-02
 1.00000000E+00
 1.00000000E+00
 0.00000000E+00
 1.00000000E+00
 0.00000000E+00
 0.00000000E+00
 1.00000000E+00
 0.00000000E+00
 0.00000000E+00
 0.00000000E+00
 1.00000000E+00
 0.00000000E+00
 1.51855495E-03
 6.15477371E-04
 2.54860620E-03
 1.74556034E-04
 1.13210676E-03
 1.76518080E-04
 3.79400121E-05
 2.20509880E-04
 2.10023968E-04
 2.27392946E-04
 1.56753024E-04
 3.17036777E-04
 1.18947273E-04
 1.21107563E+00
 1.24205388E+00
 1.05636905E+00
 9.31349640E-01
 1.91552555E-01
 0.00000000E+00
 4.53233599E-01
 4.71943820E-01
 5.75015801E-01
 2.39222629E+00
 3.42972896E-01
 3.67527392E-01
 8.60877120E-01
 2.20400812E-01
 5.49724278E-01
 0.00000000E+00
 1.65419668E-01
 9.23201024E-03
 1.68416023E-02
 4.56283594E-02
 9.23468402E+00
 3.46722956E-01
 3.14171325E-01
 0.00000000E+00
 2.16822874E-02
 1.80807305E-02
 7.61311954E-03
 3.11964022E-02
 1.32912202E+00
 0.00000000E+00
 2.70500204E-03
 4.44096486E-03
 5.79967566E-02
 1.43016016E+00
 0.00000000E+00
 2.14635316E-01
 3.37220164E-02
 2.03272031E-01
 0.00000000E+00
 7.14797362E-03
 1.74316277E-01
 0.00000000E+00
 1.26799986E-01
 0.00000000E+00
 0.00000000E+00
 2.07806242E-01
 4.06256742E-02
 8.89463920E-03
 2.96494246E-02
 1.32521437E+00
 0.00000000E+00
 6.08737598E-03
 1.27471840E-02
 7.16813597E-02
 5.98384906E-01
 0.00000000E+00
 1.61981217E-01
 1.13616690E-01
 1.82652010E-01
 0.00000000E+00
 9.88296409E-03
 2.55023897E-01
 0.00000000E+00
 2.68316048E-01
 0.00000000E+00
 0.00000000E+00
 2.48002076E-04
 8.47483649E-03
 4.50855143E-02
 1.05251003E+00
 1.53653850E-02
 4.63441689E-01
 3.22707855E-01
 1.38386034E-02
 2.04512419E-01
 0.00000000E+00
 8.06085135E-02
 1.16988107E-02
 9.72533630E-02
 1.66322783E+00
 0.00000000E+00
 2.30263075E-01
 1.84984838E-02
 0.00000000E+00
 4.25968717E-02
 0.00000000E+00
 5.31683993E-03
 3.80404184E-02
 0.00000000E+00
 4.90288017E-02
 0.00000000E+00
 0.00000000E+00
 2.69046641E-02
 9.01633920E-02
 1.06706462E-01
 1.45439975E-01
 2.84877268E-01
 4.94338248E+00
 9.68973962E-01
 2.88344770E-01
 9.83086707E-02
 1.21364776E-01
 1.16206367E-01
 1.03423627E+00
 0.00000000E+00
 5.38717046E-02
 6.92594903E-02
 1.10291511E-01
 2.90005778E+00
 1.92768782E-02
 8.10178771E-02
 1.62700116E+00
 3.65935727E-02
 1.67457042E-01
 7.44960692E-02
 2.94794816E-02
 9.20509856E-03
 1.34447529E-02
 4.70606550E-02
 1.61932315E+00
 5.45091445E-03
 1.78602128E-02
 9.71895125E-02
 2.93550069E-01
 2.07044018E-02
 1.57877716E-01
 2.39092642E-01
 1.31591064E-02
 2.30283663E-01
 1.99105518E-01
 3.87964853E-03
 1.30458389E-02
 6.89647949E-02
 5.56515776E-01
 2.17584584E-02
 1.37458458E+00
 2.34817373E-01
 1.47276606E-02
 2.16584474E-01
 0.00000000E+00
 2.13685827E+00
 1.52871286E-02
 1.05114733E-01
 7.66196429E-01
 1.78484320E-01
 1.04127454E-01
 4.24014614E-02
 3.56494402E-02
 3.62569686E-02
 0.00000000E+00
 5.31523508E-02
 2.79505431E-02
 2.14390515E-02
 2.12782518E-02
 4.86694509E-02
 4.64173368E-01
 3.14025474E-01
 0.00000000E+00
 1.85609263E-02
 6.38585940E-02
 1.19591010E+01
 1.23394083E+00
 0.00000000E+00
 8.91086716E-01
 2.49078113E-01
 7.17128344E-01
 0.00000000E+00
 3.46077621E-02
 5.77701986E-01
 0.00000000E+00
 3.39078967E-01
 0.00000000E+00
 0.00000000E+00
 1.14343063E-02
 4.01338070E-02
 8.93774524E+00
 7.47107189E-01
 6.97337154E-01
 7.65077251E-02
 2.31920172E-01
 1.48446769E-02
 4.48225699E-01
 0.00000000E+00
 2.73180146E+00
 3.06460208E-02
 2.05097662E-01
 1.86934519E-01
 0.00000000E+00
 1.70107167E-02
 8.25486189E-01
 0.00000000E+00
 1.56112786E-02
 0.00000000E+00
 0.00000000E+00
 1.03827853E-02
 2.60519487E-02
 0.00000000E+00
 1.66866421E-01
 0.00000000E+00
 0.00000000E+00
 2.84827628E-02
 0.00000000E+00
 0.00000000E+00
 0.00000000E+00
 3.53154287E-02
 1.23781983E-02
 5.15315711E-02
 9.35726074E-01
 1.08188702E-02
 5.83158467E-02
 6.71314104E-01
 4.93462685E-02
 1.77335994E+00
 0.00000000E+00
 1.58542280E-01
 5.28402255E-03
 2.14349720E-02
 6.46554880E-01
 0.00000000E+00
 2.39177845E-02
 6.08171998E+00
 0.00000000E+00
 1.31001052E-02
 0.00000000E+00
 2.96169647E-02
 3.81582929E-02
 0.00000000E+00
 8.76613463E-02
 0.00000000E+00
 0.00000000E+00
 3.04659956E-02
 0.00000000E+00
 2.10184782E-02
 3.05924211E-01
 1.74829015E-01
 4.63178282E-02
 1.35077081E-01
 3.42583959E-01
 5.58355442E-01
 2.91558754E-01
 0.00000000E+00
 3.29703078E-02
 1.57381630E-01
 1.00000000E+00
 1.00000000E+00
 0.00000000E+00
 1.00000000E+00
 0.00000000E+00
 0.00000000E+00
 1.00000000E+00
 0.00000000E+00
 0.00000000E+00
 0.00000000E+00
 1.00000000E+00
 0.00000000E+00
 1.53842469E-03
 1.31230693E-03
 9.52243957E-04
 2.63097390E-04
 6.35939558E-05
 1.89752520E-04
 2.12033057E-04
 1.25020575E-04
 1.07944500E-03
 2.23550242E-03
 2.86844511E-04
 1.58607293E-03
 4.44568442E-04
 4.90191963E-01
 2.65777122E-04
 1.60746467E-04
 5.43680481E-04
 8.45794088E-04
 0.00000000E+00
 1.35065387E+00
 1.37183518E+00
 1.10490012E+00
 3.37838984E-01
 3.23688945E-01
 3.50626053E-01
 6.72959103E-01
 3.23086620E-01
 5.78611655E-01
 0.00000000E+00
 2.06567272E-01
 1.14902695E-02
 2.43659511E-02
 6.95776620E-02
 2.29802565E-01
 3.06992896E-01
 4.18224754E-01
 0.00000000E+00
 1.66632653E-02
 1.47440976E-02
 5.36896475E-03
 3.75080573E-02
 8.64240251E+00
 0.00000000E+00
 1.66052224E-02
 5.47294725E-03
 7.60898447E-02
 8.17178162E-01
 0.00000000E+00
 7.73081529E-02
 2.95620183E-02
 2.41351512E-01
 0.00000000E+00
 9.98605563E-03
 2.23059471E-01
 0.00000000E+00
 3.38802548E-01
 0.00000000E+00
 0.00000000E+00
 4.31447954E-02
 2.22821812E-02
 1.00114945E-02
 3.73799076E-02
 2.78865351E+00
 0.00000000E+00
 4.07120534E-03
 1.69085378E-02
 1.03292814E-01
 1.07221348E+00
 0.00000000E+00
 4.18652129E-01
 5.25671398E-02
 2.25282856E-01
 0.00000000E+00
 1.40177226E-02
 3.89326491E-01
 0.00000000E+00
 5.29293134E-01
 0.00000000E+00
 0.00000000E+00
 3.01989736E-03
 1.07216811E-02
 6.72181029E-02
 5.27906051E-01
 2.59452217E-02
 2.31913935E+00
 2.38127632E-01
 1.23275565E-02
 3.12149431E-01
 0.00000000E+00
 1.94047092E-01
 2.01575646E-02
 1.62057886E-01
 1.09791278E+00
 0.00000000E+00
 2.77475995E-01
 7.54357606E-02
 0.00000000E+00
 4.76801133E-02
 0.00000000E+00
 2.07412731E-02
 4.00852807E-02
 0.00000000E+00
 2.11933377E-02
 0.00000000E+00
 0.00000000E+00
 2.72876946E-02
 3.37063163E-01
 3.62051444E-01
 4.37387133E-01
 7.03306663E-01
 3.22256516E+00
 9.11493751E-01
 3.23927929E-01
 1.07120973E-01
 1.31886469E-01
 1.40660512E-01
 1.34908178E+00
 0.00000000E+00
 5.20789001E-02
 6.58400799E-02
 1.48752508E-01
 2.17702974E+00
 4.45088770E-02
 2.92827072E-01
 4.57351362E-01
 3.98588870E-02
 1.90379277E-01
 9.47393908E-02
 2.25446492E-02
 7.01551840E-03
 1.58918979E-02
 6.25308910E-02
 7.35165457E-01
 7.48304789E-03
 2.31362913E-02
 1.45322795E-01
 1.15758096E+00
 3.99845969E-01
 7.80712028E-02
 2.49272339E-01
 1.42124242E-02
 3.38723267E-01
 3.39211867E-01
 5.49758925E-03
 1.75383924E-02
 1.08932953E-01
 3.99735989E-01
 3.10061671E-02
 2.95630198E-01
 1.86281403E-01
 1.54129065E-02
 3.32613570E-01
 0.00000000E+00
 3.21777781E+00
 2.19133597E-02
 1.27091466E+00
 2.83913412E-01
 2.52382998E-01
 1.33848366E-01
 3.08813296E-02
 4.52551675E-02
 3.68109186E-02
 0.00000000E+00
 1.69201315E-01
 3.00242413E-02
 2.28037219E-02
 4.12472799E-02
 6.13930039E-02
 1.62452662E+00
 8.52017422E-02
 0.00000000E+00
 2.49118773E-02
 8.90622876E-02
 3.72231584E+00
 1.41802519E+00
 0.00000000E+00
 1.60534316E-01
 1.22328377E-01
 1.05386792E+00
 0.00000000E+00
 4.47332501E-02
 1.33875334E+00
 0.00000000E+00
 8.01263954E-01
 0.00000000E+00
 0.00000000E+00
 1.60612813E-02
 5.46698951E-02
 5.19117218E+00
 7.32712660E-01
 1.43266607E-01
 6.69619851E-02
 3.51345792E-01
 2.15289140E-02
 1.01953147E+00
 0.00000000E+00
 8.62178128E+00
 6.43700845E-01
 9.72086181E-02
 1.54144286E-01
 0.00000000E+00
 1.60256294E-02
 1.30809698E+00
 0.00000000E+00
 1.74536261E-05
 0.00000000E+00
 0.00000000E+00
 1.69722644E-02
 2.85436910E-02
 0.00000000E+00
 1.27783607E-01
 0.00000000E+00
 0.00000000E+00
 3.04958433E-02
 0.00000000E+00
 0.00000000E+00
 0.00000000E+00
 1.58087235E-02
 1.70610553E-02
 7.64922068E-02
 5.38655304E-01
 1.49131951E-02
 9.07932526E-02
 1.09890383E+00
 6.16663083E-01
 6.34272072E-01
 0.00000000E+00
 1.47776024E-01
 6.02767017E-03
 3.08754541E-02
 7.48504465E+00
 0.00000000E+00
 3.56945771E-02
 4.59361304E+00
 0.00000000E+00
 2.24292758E-02
 0.00000000E+00
 3.09577500E-01
 4.13428242E-02
 0.00000000E+00
 5.66195158E-02
 0.00000000E+00
 0.00000000E+00
 3.30766866E-02
 0.00000000E+00
 6.57026915E-01
 6.48176366E-02
 2.35448263E-01
 7.66756548E-03
 2.34458708E-01
 1.09568815E+00
 1.32034110E-01
 1.31748183E-02
 0.00000000E+00
 4.70604816E-02
 9.10702686E-02
 1.00000000E+00
 1.00000000E+00
 0.00000000E+00
 1.00000000E+00
 0.00000000E+00
 0.00000000E+00
 1.00000000E+00
 0.00000000E+00
 0.00000000E+00
 0.00000000E+00
 1.00000000E+00
 0.00000000E+00
 1.98174037E-04
 1.04697277E-04
 1.12386949E-04
 1.66681405E-04
 4.89948431E-04
 1.83224847E-04
 2.16782571E-04
 1.28462892E-03
 5.46056434E-04
 8.25186700E-04
 6.30531606E-05
 7.85739782E-04
 4.49207457E-04
 3.63960806E-04
 3.55900396E-04
 1.86741161E-04
 3.36843357E-04
 5.76642327E-05
 0.00000000E+00
 5.48307716E-01
 6.34171815E-04
 6.08284849E-04
 8.13096192E-04
 1.50371215E+00
 1.46188038E+00
 6.64548309E-01
 3.24727187E-01
 4.60213690E-01
 0.00000000E+00
 1.92501113E-01
 1.56958285E-02
 3.33178215E-02
 2.17575209E+00
 2.57962812E-01
 2.56031674E-01
 6.01928519E-01
 0.00000000E+00
 2.18078099E-02
 1.09041817E-02
 1.15262161E-02
 4.54889221E-02
 2.27342145E+00
 0.00000000E+00
 2.21189933E-02
 1.04713376E-02
 5.38010620E-01
 6.44856808E-01
 0.00000000E+00
 3.51056970E-02
 2.78017065E-02
 2.99626463E-01
 0.00000000E+00
 1.34463041E-02
 2.94765117E-01
 0.00000000E+00
 2.23542211E-01
 0.00000000E+00
 0.00000000E+00
 4.48403426E-02
 5.13988604E-03
 1.16200439E-02
 5.14320220E-02
 7.73872201E-01
 0.00000000E+00
 6.42311449E-03
 2.18075416E-02
 1.64405447E-01
 8.78050258E-01
 0.00000000E+00
 1.06533857E-01
 2.26766120E-02
 3.07004939E-01
 0.00000000E+00
 1.99593923E-02
 6.82719906E-01
 0.00000000E+00
 4.11046719E-01
 0.00000000E+00
 0.00000000E+00
 3.16784218E-03
 1.67734880E-02
 1.09803243E-01
 3.73236432E-01
 3.78928201E-02
 1.75191154E-01
 2.74391902E-01
 1.70832693E-02
 5.22648321E-01
 0.00000000E+00
 4.60556439E-01
 3.65929474E-02
 2.39655759E+00
 4.07312389E-01
 0.00000000E+00
 1.64804728E-01
 1.87381700E-01
 0.00000000E+00
 5.25433695E-02
 0.00000000E+00
 3.95445981E-03
 4.38127481E-02
 0.00000000E+00
 1.23249589E-01
 0.00000000E+00
 0.00000000E+00
 2.81936192E-02
 3.46635586E-01
 3.75429282E-01
 4.49175746E-01
 7.07765080E-01
 1.44429515E+01
 9.03591683E-01
 1.97896409E-01
 2.76478823E-01
 2.98070818E-01
 3.71307949E-01
 1.94455458E+00
 0.00000000E+00
 5.04367560E-02
 5.92421107E-02
 1.47858371E-01
 1.79664844E+00
 6.95074067E-02
 3.81948203E-01
 3.96840178E-01
 4.47866749E-02
 2.34213431E-01
 1.18384216E-01
 1.56557574E-02
 8.87623541E-03
 1.83294848E-02
 8.60848217E-02
 5.05553560E-01
 9.18077139E-03
 3.05379746E-02
 2.44132798E-01
 9.96541887E-01
 1.90294646E-01
 6.64134617E-02
 3.46303204E-01
 1.94544898E-02
 5.54388818E-01
 7.19082060E-01
 7.59636480E-03
 2.44467703E-02
 1.98575447E-01
 7.34338996E-01
 5.26525877E-01
 8.94739241E-02
 2.51834782E-01
 1.81265249E-02
 5.82020453E-01
 0.00000000E+00
 9.68590027E+00
 3.17312007E-02
 4.67884520E+00
 2.29656763E-01
 2.31390137E-02
 1.11553133E+00
 3.15494865E-02
 1.03942603E-02
 2.75998063E-02
 0.00000000E+00
 1.02866548E-01
 3.14055184E-02
 2.44403787E-02
 4.56831486E-02
 7.87558269E-02
 1.77275685E+00
 6.45991190E-01
 0.00000000E+00
 3.17319537E-02
 1.01214403E+00
 3.49863779E-01
 1.99708543E+00
 0.00000000E+00
 1.64821198E-01
 1.10046905E-01
 3.29560909E+00
 0.00000000E+00
 4.51201529E-02
 2.35549371E+01
 0.00000000E+00
 1.14841183E+02
 0.00000000E+00
 0.00000000E+00
 2.43344672E-02
 1.09169590E+00
 2.83707559E-01
 4.23059633E-01
 5.26603461E-02
 2.81141511E-02
 7.54751207E-01
 3.11607625E-02
 6.53754177E+01
 0.00000000E+00
 3.38666683E-01
 1.48306243E-01
 6.64198235E-02
 2.15809528E-01
 0.00000000E+00
 2.19505032E-02
 2.11099517E+00
 0.00000000E+00
 1.11978918E-02
 0.00000000E+00
 0.00000000E+00
 2.14362556E-02
 3.11545223E-02
 0.00000000E+00
 6.41476985E-02
 0.00000000E+00
 0.00000000E+00
 3.28176282E-02
 0.00000000E+00
 0.00000000E+00
 0.00000000E+00
 8.90430994E-03
 2.16751615E-02
 1.17959427E-01
 4.05375665E-01
 2.14716638E-02
 1.55825538E-01
 1.12894955E+00
 1.38897579E+00
 4.08238791E-01
 0.00000000E+00
 1.12050608E-01
 5.75611013E-03
 4.47024976E-02
 1.03800992E+00
 0.00000000E+00
 9.88722621E-02
 4.78140085E-01
 0.00000000E+00
 2.52265013E-01
 0.00000000E+00
 3.84350058E-01
 2.70034923E-01
 0.00000000E+00
 4.48492562E-02
 0.00000000E+00
 0.00000000E+00
 3.59395397E-02
 0.00000000E+00
 2.17031531E-01
 2.38491979E-02
 4.98833067E-01
 9.81095444E-03
 4.87747075E-01
 1.70326635E+00
 9.18176231E-02
 6.61107373E-01
 0.00000000E+00
 3.45129624E-02
 8.64652819E-02
 1.00000000E+00
 1.00000000E+00
 0.00000000E+00
 1.00000000E+00
 0.00000000E+00
 0.00000000E+00
 1.00000000E+00
 0.00000000E+00
 0.00000000E+00
 0.00000000E+00
 1.00000000E+00
 0.00000000E+00
 8.78059762E-04
 9.39054211E-05
 1.11351002E-04
 3.20394027E-04
 3.05850474E-04
 1.41196647E-04
 2.14440951E-04
 1.12017240E-04
 4.99613131E-04
 2.08206522E-04
 2.89217551E-04
 3.05946430E-04
 4.33453231E-04
 1.18508019E-03
 6.66781711E-04
 6.19334966E-04
 3.88146694E-04
 6.29178035E-04
 0.00000000E+00
 1.13177626E-03
 5.96399444E-04
 2.47474324E-03
 9.57568400E-04
 5.98296538E-01
 1.35346499E-03
 2.41583355E-03
 1.80106067E+00
 1.09996916E+00
 0.00000000E+00
 3.48209450E-01
 2.13053342E-02
 4.75808640E-02
 6.26314518E+00
 2.88157958E-01
 1.52928209E-01
 9.44720033E-01
 0.00000000E+00
 1.91083190E-02
 9.45307115E-03
 1.38722741E-02
 5.58357994E-02
 1.08513629E+00
 0.00000000E+00
 2.48341042E-02
 1.95923043E-02
 8.34056425E-01
 6.19510278E-01
 0.00000000E+00
 1.90537420E-02
 2.11513679E-02
 3.89876099E-01
 0.00000000E+00
 1.78079783E-02
 4.06075073E-01
 0.00000000E+00
 6.94534540E-02
 0.00000000E+00
 0.00000000E+00
 1.23141423E-02
 1.07687416E-02
 1.39690430E-02
 7.34316397E-02
 4.79596694E-01
 0.00000000E+00
 8.49427258E-03
 3.23334026E-02
 1.97012720E+00
 6.73010374E-01
 0.00000000E+00
 4.01288912E-02
 2.08350791E-02
 4.55839025E-01
 0.00000000E+00
 2.74898634E-02
 1.85626477E+00
 0.00000000E+00
 1.28726251E-01
 0.00000000E+00
 0.00000000E+00
 4.28537489E-05
 2.35259825E-02
 2.23749765E-01
 3.03594087E-01
 6.83036474E-01
 8.82737162E-02
 2.63963003E-01
 2.28924227E-02
 1.17801286E+00
 0.00000000E+00
 2.12937693E-01
 4.59720520E-02
 1.70295666E+01
 2.40358615E-01
 0.00000000E+00
 1.81544115E-01
 2.50538152E-01
 0.00000000E+00
 4.31457433E-02
 0.00000000E+00
 7.25014226E-03
 4.10811158E-02
 0.00000000E+00
 1.04817182E-01
 0.00000000E+00
 0.00000000E+00
 3.07202838E-02
 3.61024704E-01
 3.85163527E-01
 4.55025096E-01
 6.87370832E-01
 5.94613177E+00
 9.11114773E-01
 3.87499927E-02
 2.77885163E-01
 2.97967201E-01
 4.09193039E-01
 2.81037798E+00
 0.00000000E+00
 1.08163635E-01
 1.52646730E-01
 2.55866668E-01
 2.11716803E+00
 7.73576347E-02
 3.89026655E-01
 4.55462701E-01
 6.57893019E-02
 2.66657935E-01
 1.54353845E-01
 5.72915045E-03
 1.05305465E-02
 2.33546393E-02
 1.24507181E-01
 4.01094019E-01
 1.20890294E-02
 4.05080495E-02
 3.30445147E+00
 5.62989713E-01
 4.37387646E-02
 3.23843693E-02
 5.06236305E-01
 2.68627806E-02
 1.17289490E+00
 1.05369056E+01
 1.24100969E-02
 3.43147426E-02
 5.99584541E-01
 9.45776852E-01
 2.20584975E-01
 7.67633722E-02
 3.57267580E-01
 2.57460477E-02
 1.46861736E+00
 0.00000000E+00
 3.15933605E-02
 1.38125388E-01
 2.08816837E-01
 1.86153555E-01
 2.46927403E-02
 1.84589130E+00
 6.01353798E-04
 1.45224048E-02
 2.96404552E-02
 0.00000000E+00
 8.75165167E-02
 3.13729940E-02
 2.58946854E-02
 4.98715844E-02
 1.44516754E-01
 6.87798027E-01
 8.56575192E-01
 0.00000000E+00
 4.07678407E-02
 1.76650341E+00
 3.52465617E-01
 1.85872182E+00
 0.00000000E+00
 1.35735412E-01
 7.62281829E-02
 4.29137414E+00
 0.00000000E+00
 5.99460373E-02
 1.45413698E+00
 0.00000000E+00
 1.81696345E-01
 0.00000000E+00
 0.00000000E+00
 3.01475219E-02
 2.64439692E+00
 2.79303054E-01
 6.06741666E-01
 5.27048624E-02
 3.86917700E-02
 2.29657018E+00
 4.61660296E-02
 2.00606476E+00
 0.00000000E+00
 1.98840482E-01
 6.38809464E-02
 2.41580916E-02
 3.49921586E-01
 0.00000000E+00
 3.11120319E-02
 4.23933320E+00
 0.00000000E+00
 1.81712422E-02
 0.00000000E+00
 0.00000000E+00
 5.14329992E-02
 3.44203504E-02
 0.00000000E+00
 3.88330971E-02
 0.00000000E+00
 0.00000000E+00
 3.54160185E-02
 0.00000000E+00
 0.00000000E+00
 0.00000000E+00
 1.02238871E-02
 2.89879433E-02
 2.01714967E-01
 6.36708879E-01
 3.05021471E-02
 2.01269792E+00
 1.00699084E+00
 2.27290150E-01
 4.51962268E-01
 0.00000000E+00
 1.72121988E-01
 1.25092425E-02
 6.70433505E-02
 1.21512869E+00
 0.00000000E+00
 5.77326547E-01
 2.80261912E-01
 0.00000000E+00
 2.92426100E-01
 0.00000000E+00
 4.74267914E-01
 2.43600801E-01
 0.00000000E+00
 2.93285069E-02
 0.00000000E+00
 0.00000000E+00
 1.39460647E-01
 0.00000000E+00
 3.76118134E-02
 2.78000198E-02
 3.23538992E+00
 2.38460316E-02
 8.80816110E+00
 1.28246430E-01
 2.77589997E-02
 1.05854100E+00
 0.00000000E+00
 1.57229124E-01
 3.65765911E-02
 1.00000000E+00
 1.00000000E+00
 0.00000000E+00
 1.00000000E+00
 0.00000000E+00
 0.00000000E+00
 1.00000000E+00
 0.00000000E+00
 0.00000000E+00
 0.00000000E+00
 1.00000000E+00
 0.00000000E+00
 5.21947708E-05
 1.88901154E-04
 6.18677500E-05
 3.01027539E-04
 1.95190244E-04
 2.96914980E-03
 3.00659241E-04
 7.95633503E-04
 1.69640243E-04
 2.06006349E-04
 1.87779503E-03
 1.75805541E-04
 3.58561990E-04
 1.01566497E-04
 3.16913278E-04
 3.44804969E-04
 4.82887765E-04
 6.25735902E-04
 0.00000000E+00
 1.48916016E-03
 6.33455644E-04
 6.83795525E-04
 9.82453503E-04
 1.14310267E-03
 2.31076304E-03
 1.98267081E-03
 6.42924594E-02
 3.66614800E-03
 0.00000000E+00
 2.00732612E+00
 2.64235527E-02
 2.81703472E-01
 2.14969664E-01
 2.05927499E-01
 1.71053209E-01
 1.88837301E+00
 0.00000000E+00
 1.90839150E-02
 1.11367353E-02
 1.66299732E-02
 6.81997273E-02
 7.47519641E-01
 0.00000000E+00
 3.16975687E-02
 2.71194928E-02
 2.14629703E-01
 5.79840084E-01
 0.00000000E+00
 1.54550751E-02
 2.02230351E-02
 5.15728161E-01
 0.00000000E+00
 2.25400245E-02
 6.48564123E-01
 0.00000000E+00
 6.93636058E-02
 0.00000000E+00
 0.00000000E+00
 2.99083479E-03
 6.14577422E-03
 1.76548104E-02
 1.19888997E-01
 3.63377890E-01
 0.00000000E+00
 1.17060773E-02
 4.28178006E-02
 1.31696611E+01
 3.89494169E-01
 0.00000000E+00
 3.34270525E-02
 2.36793683E-02
 7.77742853E-01
 0.00000000E+00
 3.73932383E-02
 6.67501269E+00
 0.00000000E+00
 7.03360480E-02
 0.00000000E+00
 0.00000000E+00
 7.52131544E-03
 3.46100101E-02
 1.18056400E+00
 6.22097562E-01
 2.62282754E-01
 7.38439174E-02
 3.69821914E-01
 3.43741215E-02
 8.83135511E+01
 0.00000000E+00
 3.27318129E-01
 7.15187777E-02
 5.03503587E-01
 2.96599777E-01
 0.00000000E+00
 1.79943228E-01
 4.89981814E+00
 0.00000000E+00
 4.40088879E-02
 0.00000000E+00
 7.80526075E-03
 1.49754521E-02
 0.00000000E+00
 6.14997801E-02
 0.00000000E+00
 0.00000000E+00
 3.26059449E-02
 4.27312894E-01
 4.03990135E-01
 4.74434593E-01
 6.81876630E-01
 2.49422895E+00
 1.26456160E-01
 1.01329044E-02
 1.99195857E-01
 2.94278782E-01
 3.97666889E-01
 2.79340409E+00
 0.00000000E+00
 2.33328676E-01
 2.49791450E-01
 3.81714742E-01
 2.26155373E+00
 9.84863058E-02
 3.69424611E-01
 6.05187467E-01
 6.60898002E-02
 2.86526176E-01
 2.37044941E-01
 5.42488510E-03
 1.09089355E-02
 3.05064536E-02
 1.96779506E-01
 3.42418681E-01
 1.60289095E-02
 5.48886201E-02
 8.66382788E+01
 3.77496157E-01
 3.64080378E-02
 2.88968778E-02
 8.78953282E-01
 3.61458207E-02
 1.54637689E+01
 1.58477516E-01
 1.35399484E-02
 4.94731233E-02
 6.39788736E+00
 9.03350609E-01
 6.55831732E-02
 2.72190936E-02
 5.32740634E-01
 3.62560073E-02
 3.24023021E+00
 0.00000000E+00
 1.90395086E-01
 1.05868256E+00
 1.00171974E-01
 1.99422988E-01
 3.26563898E-02
 4.06551253E+00
 1.45921442E-02
 8.31817971E-02
 1.09536966E-01
 0.00000000E+00
 3.61156485E-02
 3.55777181E-02
 2.80923992E-02
 5.41013508E-02
 1.73432512E-01
 5.13224200E-01
 8.25073236E-01
 0.00000000E+00
 5.13496854E-02
 2.81032248E+00
 3.93345512E-01
 3.36811737E+00
 0.00000000E+00
 6.63722199E-02
 7.70439160E-02
 1.48709759E+00
 0.00000000E+00
 7.95628157E-02
 8.33427894E-01
 0.00000000E+00
 1.39232715E+00
 0.00000000E+00
 0.00000000E+00
 7.11913692E-01
 1.93177710E-01
 9.83482292E-02
 7.47035032E-01
 1.61522736E-02
 4.48302426E-02
 4.27728692E+00
 6.70030576E-02
 1.33698543E+00
 0.00000000E+00
 2.04656439E-01
 5.09227926E-02
 2.55913341E-02
 7.15781771E-01
 0.00000000E+00
 4.41580778E-02
 3.71479024E+00
 0.00000000E+00
 2.91910759E-01
 0.00000000E+00
 0.00000000E+00
 4.03191463E-01
 3.17835338E-01
 0.00000000E+00
 3.18099470E-02
 0.00000000E+00
 0.00000000E+00
 3.83260898E-02
 0.00000000E+00
 0.00000000E+00
 0.00000000E+00
 1.42435487E-02
 3.92018133E-02
 4.59601134E-01
 9.14017354E-01
 4.30028631E-02
 2.24847041E+01
 1.32227870E+00
 2.50034800E-01
 5.00334396E-01
 0.00000000E+00
 3.11071918E-01
 1.65833538E-02
 1.07880791E-01
 1.24958899E+00
 0.00000000E+00
 1.95199453E-01
 2.57284451E-01
 0.00000000E+00
 8.05590139E-01
 0.00000000E+00
 5.41100350E-01
 8.91219283E-03
 0.00000000E+00
 3.04425154E-02
 0.00000000E+00
 0.00000000E+00
 1.76039237E-01
 0.00000000E+00
 9.64699623E-03
 4.13752728E-02
 1.02401726E+00
 3.67325826E-02
 2.49512431E+00
 4.09259354E-01
 1.56726393E-02
 1.51667012E+00
 0.00000000E+00
 2.35639647E-01
 3.76392030E-02
 1.00000000E+00
 1.00000000E+00
 0.00000000E+00
 1.00000000E+00
 0.00000000E+00
 0.00000000E+00
 1.00000000E+00
 0.00000000E+00
 0.00000000E+00
 0.00000000E+00
 1.00000000E+00
 0.00000000E+00
 6.90321773E-05
 3.82573775E-03
 4.43322669E-06
 7.81063133E-04
 1.50724694E-04
 8.79921485E-05
 2.08616267E-04
 2.40660091E-03
 2.99793501E-05
 2.80345513E-04
 1.00853050E-03
 2.98873577E-04
 4.26822840E-04
 2.52903119E-04
 3.14612108E-04
 2.35950647E-04
 4.62303338E-04
 6.01357702E-04
 0.00000000E+00
 3.60934911E-04
 5.69702991E-04
 7.88630300E-04
 1.04048531E-03
 8.24555300E-04
 1.10801995E-03
 3.93029943E-03
 2.09931348E-03
 4.04333039E-03
 0.00000000E+00
 5.93046077E-03
 3.32573807E-02
 3.17142279E+00
 2.35034983E-01
 1.97984128E-01
 1.92958978E-01
 3.35892467E+01
 0.00000000E+00
 3.16097321E-02
 1.26519838E-02
 1.96096910E-02
 8.72615374E-02
 5.92476994E-01
 0.00000000E+00
 1.11304587E-03
 3.05669247E-01
 1.22159916E-01
 7.50871394E-01
 0.00000000E+00
 1.73487519E-02
 2.37938705E-02
 7.33006855E-01
 0.00000000E+00
 2.85625785E-02
 1.31118899E+00
 0.00000000E+00
 5.80570687E-02
 0.00000000E+00
 0.00000000E+00
 1.20557588E-02
 7.68516690E-04
 2.59062906E-02
 2.00724988E-01
 3.01753937E-01
 0.00000000E+00
 1.54632125E-02
 6.11925218E-02
 3.50586213E-01
 3.79294529E-01
 0.00000000E+00
 3.75644594E-03
 3.07612899E-02
 2.10905214E+00
 0.00000000E+00
 5.15634421E-02
 6.01306241E-01
 0.00000000E+00
 8.72621208E-02
 0.00000000E+00
 0.00000000E+00
 1.33994435E-02
 4.31904391E-02
 4.70723659E-01
 8.28390749E-01
 1.29374717E-01
 3.30105660E-02
 6.20455018E-01
 4.82159906E-02
 2.07828062E+00
 0.00000000E+00
 5.85512326E-01
 1.95382073E+00
 9.76390321E-02
 2.38964414E-01
 0.00000000E+00
 6.63729154E-02
 9.32311551E+01
 0.00000000E+00
 5.51403516E-02
 0.00000000E+00
 9.27170969E-03
 8.95512261E-02
 0.00000000E+00
 3.17516893E-02
 0.00000000E+00
 0.00000000E+00
 3.49440312E-02
 4.01297652E-01
 4.27656658E-01
 5.55350563E-01
 7.30768840E-01
 2.11628020E+00
 2.50498006E+00
 6.06895774E-02
 1.13773219E-01
 2.86465629E-01
 3.78993289E-01
 2.24441613E+00
 0.00000000E+00
 2.50349749E-01
 2.69187507E-01
 4.17961684E-01
 2.80030903E+00
 6.07127921E-02
 1.38796724E-01
 6.98562324E-01
 7.05806060E-02
 3.61868964E-01
 2.56680482E-01
 7.36350846E-03
 1.35418034E-02
 3.86496564E-02
 3.78527305E-01
 3.05112261E-01
 2.08675067E-02
 7.19031175E-01
 3.84730066E-01
 5.08322928E-01
 3.09170647E-02
 3.67006469E-02
 2.46044515E+00
 4.92245062E-02
 2.47219964E+00
 1.24970528E-01
 1.84151090E-02
 7.96028915E-02
 2.69609996E+00
 4.85814050E-01
 5.94346847E-02
 3.22563216E-02
 1.06575489E+00
 5.13343254E-02
 1.82180740E+00
 0.00000000E+00
 1.23671254E-01
 1.61183861E-01
 8.29477320E-02
 2.99553044E-01
 4.42170740E-02
 1.05589230E+02
 3.07112229E-03
 8.56656542E-02
 3.96044780E-02
 0.00000000E+00
 3.15330072E-02
 3.88464071E-02
 2.84184680E-02
 5.89038644E-02
 2.09020653E-01
 1.52487307E+00
 8.24577421E-01
 0.00000000E+00
 6.38669945E-01
 6.29047886E+00
 4.34969143E-01
 1.42858543E+01
 0.00000000E+00
 6.58133806E-02
 9.39623955E-02
 9.68831980E-01
 0.00000000E+00
 1.07849398E-01
 6.28047273E-01
 0.00000000E+00
 4.83880520E-01
 0.00000000E+00
 0.00000000E+00
 1.17117258E+00
 2.08541342E-01
 1.17166698E-01
 3.03904692E+00
 1.67446427E-02
 6.14008120E-02
 1.27893845E+00
 1.01898171E-01
 7.42825270E-01
 0.00000000E+00
 1.63466147E-01
 1.06840438E-02
 3.38318287E-02
 4.20211916E+00
 0.00000000E+00
 6.40110210E-02
 5.42408415E-01
 0.00000000E+00
 3.63115459E-01
 0.00000000E+00
 0.00000000E+00
 5.01878320E-01
 5.24523258E-02
 0.00000000E+00
 3.11036527E-02
 0.00000000E+00
 0.00000000E+00
 2.66300426E-02
 0.00000000E+00
 0.00000000E+00
 0.00000000E+00
 1.74000222E-02
 5.39402481E-02
 1.29516024E+01
 1.48376178E+00
 5.94921920E-01
 3.07115054E-01
 1.11869235E+00
 1.13086131E-01
 1.10028069E+00
 0.00000000E+00
 5.39669561E-01
 2.25897470E-02
 1.24071498E+00
 8.21607897E-01
 0.00000000E+00
 7.71091929E-02
 3.20110540E-01
 0.00000000E+00
 1.33579259E+00
 0.00000000E+00
 7.86463725E-01
 4.32672497E-01
 0.00000000E+00
 2.20901713E-02
 0.00000000E+00
 0.00000000E+00
 1.04229255E-01
 0.00000000E+00
 1.27993020E-02
 6.29554689E-02
 1.09766086E+00
 2.71219527E-02
 6.96230513E-01
 9.56716528E-02
 2.02655515E-02
 2.44952696E+00
 0.00000000E+00
 9.15244004E-02
 3.09760555E-02
 1.00000000E+00
 1.00000000E+00
 0.00000000E+00
 1.00000000E+00
 0.00000000E+00
 0.00000000E+00
 1.00000000E+00
 0.00000000E+00
 0.00000000E+00
 0.00000000E+00
 1.00000000E+00
 0.00000000E+00
