 9.71470138E-03
 1.00416240E-02
 1.03135285E-02
 1.07120002E-02
 1.10769926E-02
 1.14836102E-02
 1.19569570E-02
 7.63166870E-03
 7.90242766E-03
 8.26721295E-03
 8.64245389E-03
 9.02599700E-03
 9.45145171E-03
 6.10325121E-03
 6.27083293E-03
 6.59509054E-03
 6.86847720E-03
 7.17371677E-03
 9.88772617E-02
 4.34858994E-03
 4.61938883E-03
 4.92931161E-03
 5.28560061E-03
 2.32309657E-03
 2.63288821E-03
 3.06662576E-03
 5.69518924E-04
 6.81422655E-04
 8.03685166E-02
 5.53869157E-04
 1.96581162E-04
 2.16539314E-04
 1.66607919E-04
 1.88193683E-04
 2.54417259E-04
 2.58705674E-04
 4.21879223E-03
 2.30008197E-04
 2.30782902E-04
 2.53045511E-04
 2.81816583E-04
 3.07225930E-04
 9.09593969E-02
 2.80591995E-04
 2.67083070E-04
 3.65578605E-04
 3.54296274E-04
 4.60699751E-03
 4.96859650E-04
 3.82291956E-04
 4.01563099E-04
 1.83647648E-02
 5.05826006E-04
 4.24793932E-04
 4.97951869E-03
 6.51974353E-04
 6.99483655E-02
 3.23721902E-03
 4.16601947E-04
 4.20957870E-04
 4.50049462E-04
 4.48052243E-04
 4.51677627E-04
 8.98996108E-02
 4.17303702E-04
 3.96740401E-04
 4.36260139E-04
 4.79762315E-04
 3.36552522E-03
 4.91333246E-04
 4.68450466E-04
 4.99960318E-04
 1.11389820E-03
 6.50443045E-04
 5.88670147E-04
 1.22191060E-03
 8.54423706E-04
 3.22830022E-03
 5.62508544E-02
 4.11184623E-04
 5.00908258E-04
 5.57554981E-04
 5.63304017E-04
 4.99844837E-04
 5.21733149E-04
 5.81405163E-04
 6.22065198E-04
 6.20669114E-04
 1.53916441E-03
 9.06441970E-04
 4.80705851E-04
 5.05226125E-04
 6.11666926E-04
 2.21605935E-02
 5.49019547E-04
 6.99623623E-04
 6.06398696E-03
 8.23794990E-04
 5.42722773E-03
 7.35170155E-04
 7.13195751E-04
 2.95886400E-02
 8.56547167E-04
 2.65945799E-02
 2.14074923E-02
 8.99444306E-04
 1.88836239E-04
 1.92719882E-04
 1.76253990E-04
 1.87865361E-04
 1.94194427E-04
 2.09886342E-04
 2.05458576E-04
 1.76231614E-04
 1.52533035E-04
 1.49691059E-04
 1.50298856E-04
 9.04082592E-02
 1.45729024E-04
 1.62352679E-04
 1.44987342E-04
 1.40124334E-04
 9.47898080E-05
 1.03859903E-04
 1.02751775E-04
 1.55442904E-05
 4.85419987E-05
 1.34617236E-04
 9.44269906E-05
 1.11830216E-04
 1.18559467E-04
 1.19099997E-04
 1.22385740E-04
 1.48119555E-04
 1.27335907E-04
 1.67424895E-04
 1.61685038E-04
 1.72904972E-04
 1.83612297E-04
 1.92345616E-04
 2.95533873E-04
 2.46796033E-04
 4.71602388E-04
 2.07560129E-04
 2.53199591E-04
 2.47053476E-04
 2.95620855E-04
 2.72937841E-04
 2.93487477E-04
 3.08830662E-04
 3.45527904E-04
 3.76194439E-04
 1.44164277E-02
 5.84858646E-04
 3.28003699E-04
 3.77917202E-04
 4.17695386E-04
 4.40443186E-04
 4.44335094E-04
 5.94690613E-04
 4.64307432E-04
 5.45148404E-04
 5.85037471E-03
 6.50894324E-04
 7.30038607E-04
 2.57959635E-04
 2.47859363E-04
 2.51107713E-04
 2.49667427E-04
 2.49600060E-04
 8.90901361E-02
 1.90948613E-04
 1.97077752E-04
 2.10687320E-04
 2.05050066E-04
 5.38016599E-03
 1.55746742E-04
 1.65093722E-04
 1.93374155E-04
 1.07521017E-03
 4.98124858E-05
 9.03184750E-05
 1.19839015E-03
 1.14876508E-04
 5.27175069E-03
 4.98858183E-02
 1.33849300E-05
 1.32669378E-06
 4.30461563E-06
 5.86540896E-06
 4.39414179E-05
 5.80472702E-05
 3.55695221E-05
 9.27471138E-05
 1.36574910E-04
 2.69503931E-02
 3.00842053E-04
 1.43069415E-04
 1.50557133E-04
 1.89666282E-04
 1.25062737E-03
 1.97179992E-04
 2.24116640E-04
 2.30896956E-02
 3.50668312E-04
 1.95388978E-02
 1.31262843E-03
 2.77781149E-04
 3.59115021E-04
 1.68218789E-03
 4.48130182E-04
 5.41906605E-03
 1.59946167E-03
 5.02183330E-04
 6.86936281E-03
 6.79468496E-03
 2.84305841E-02
 2.46812162E-04
 2.27343414E-04
 1.95689434E-04
 2.04478710E-04
 1.87175454E-04
 1.66124688E-04
 1.63680977E-04
 1.01603497E-04
 1.21767865E-04
 8.92269869E-04
 9.33564948E-05
 9.48022157E-05
 5.91597033E-05
 1.46303732E-05
 1.88028408E-02
 8.72695348E-06
 3.03265690E-05
 4.64185496E-03
 1.58862203E-04
 3.99721447E-03
 8.45145889E-05
 1.51018512E-04
 1.02540268E-03
 2.56592324E-04
 3.42529480E-03
 1.00510147E-03
 3.30815259E-04
 1.92450924E-01
 1.84816192E-04
 1.57158241E-04
 1.43482759E-04
 1.23678688E-04
 1.03710606E-04
 2.90147903E-05
 4.67249598E-05
 9.25077485E-06
 3.90431281E-03
 8.90675846E-05
 1.88810941E-04
 1.00000000E+00
 1.00000000E+00
 1.00000000E+00
 1.00000000E+00
 1.00000000E+00
 1.00000000E+00
 1.00000000E+00
 1.00000000E+00
 1.00000000E+00
 1.00000000E+00
 1.00000000E+00
 1.00000000E+00
 1.13794161E-02
 1.17323687E-02
 1.20811736E-02
 1.15024907E-02
 1.01684380E-02
 8.65453023E-03
 6.95131380E-03
 9.50019105E-03
 9.85739057E-03
 1.02344926E-02
 1.06451230E-02
 1.11414695E-02
 1.15956468E-02
 7.48357070E-03
 7.76427987E-03
 8.15626647E-03
 8.62192927E-03
 9.18970827E-03
 1.01034965E-01
 5.94915949E-03
 6.22370131E-03
 6.57267050E-03
 6.95906830E-03
 4.16528386E-03
 4.54059512E-03
 4.99140467E-03
 2.03758913E-03
 2.61095426E-03
 8.39998727E-02
 6.88535596E-04
 1.55671787E-04
 1.70917687E-04
 2.32438513E-04
 2.11691655E-04
 2.33860361E-04
 2.25053538E-04
 4.24471178E-03
 2.22002435E-04
 2.79581861E-04
 3.46346444E-04
 3.43146111E-04
 3.36394191E-04
 9.11706189E-02
 4.01302980E-04
 3.32919412E-04
 3.09189221E-04
 3.13235098E-04
 4.66738770E-03
 4.35581936E-04
 3.42914852E-04
 3.53480084E-04
 1.85962252E-02
 5.00670418E-04
 4.45680229E-04
 5.05975796E-03
 6.54447849E-04
 7.20929706E-02
 3.34562520E-03
 3.72859747E-04
 3.81011588E-04
 4.19711703E-04
 3.73492007E-04
 3.96000736E-04
 9.00390204E-02
 3.83441232E-04
 4.08410555E-04
 4.94899278E-04
 5.37427580E-04
 3.48238559E-03
 4.78192698E-04
 4.90140095E-04
 4.08234978E-04
 1.09634233E-03
 5.85465076E-04
 5.89890673E-04
 1.24961040E-03
 7.70564187E-04
 3.32858202E-03
 5.91867367E-02
 4.50999972E-04
 4.91513914E-04
 5.62994001E-04
 5.60759266E-04
 5.04160394E-04
 5.08054607E-04
 6.18223832E-04
 6.74052259E-04
 6.43574888E-04
 1.48097994E-03
 8.54864860E-04
 4.86737477E-04
 5.65767848E-04
 6.78773849E-04
 2.22641588E-02
 6.05128978E-04
 7.08083090E-04
 6.09629012E-03
 8.98453020E-04
 5.53397555E-03
 7.60732800E-04
 7.54265307E-04
 3.03331380E-02
 8.30187442E-04
 2.74163367E-02
 2.25475956E-02
 9.25164702E-04
 1.39322067E-04
 1.66635699E-04
 1.54965738E-04
 1.33376057E-04
 1.45208136E-04
 1.45943069E-04
 1.60122102E-04
 1.91796201E-04
 1.95492466E-04
 1.70754834E-04
 1.77641531E-04
 9.06036403E-02
 1.09206019E-04
 1.24487437E-04
 1.49297779E-04
 1.52552181E-04
 8.30616495E-05
 8.68256528E-05
 1.37870586E-04
 3.65663640E-05
 6.33190632E-05
 9.33223932E-05
 9.97908869E-05
 7.06601000E-05
 1.07402709E-04
 1.08383308E-04
 1.04516643E-04
 1.54724332E-04
 1.49682854E-04
 1.86486176E-04
 1.81700632E-04
 2.34156094E-04
 1.60235014E-04
 1.79633141E-04
 2.69111274E-04
 2.13879786E-04
 4.44617815E-04
 2.38423402E-04
 2.15529118E-04
 2.25208351E-04
 2.48553101E-04
 2.82900630E-04
 2.85468741E-04
 3.36697772E-04
 3.82866048E-04
 3.96997918E-04
 1.46540020E-02
 5.54702452E-04
 3.32398545E-04
 3.67719791E-04
 4.07598061E-04
 3.83749058E-04
 4.31450418E-04
 6.58137290E-04
 4.10298194E-04
 5.76276704E-04
 5.88460047E-03
 6.37552861E-04
 6.54866255E-04
 2.77872614E-04
 2.51137163E-04
 2.53253620E-04
 2.64784450E-04
 2.73927461E-04
 8.92900697E-02
 2.12480624E-04
 2.26228501E-04
 2.20963230E-04
 2.05455163E-04
 5.41740835E-03
 1.42038678E-04
 1.68661339E-04
 1.99455303E-04
 1.09134379E-03
 7.68299992E-05
 1.09182104E-04
 1.20193846E-03
 8.59475304E-05
 5.31800851E-03
 5.31459036E-02
 2.77339709E-05
 2.54999402E-06
 1.54113821E-05
 1.86141434E-05
 4.48644977E-05
 3.64539019E-05
 2.83737257E-05
 1.28597382E-04
 8.16896275E-05
 2.72991887E-02
 2.58155411E-04
 1.17974801E-04
 1.64979908E-04
 2.00226804E-04
 1.28627421E-03
 2.25913935E-04
 1.80703241E-04
 2.32847116E-02
 3.71151494E-04
 1.99267814E-02
 1.29482348E-03
 2.62140229E-04
 3.66721915E-04
 1.69988382E-03
 4.49817966E-04
 5.46253135E-03
 1.57187951E-03
 5.17517941E-04
 6.91642035E-03
 6.82255598E-03
 2.93412559E-02
 2.43128171E-04
 2.29770753E-04
 2.15849107E-04
 2.23437861E-04
 1.98740321E-04
 1.94800234E-04
 1.95443117E-04
 1.06996528E-04
 1.44278042E-04
 8.82560873E-04
 7.15470379E-05
 8.46611005E-05
 6.07369801E-05
 1.25586694E-05
 1.89082289E-02
 1.53378762E-06
 9.74729523E-06
 4.67352820E-03
 1.64058169E-04
 4.04805509E-03
 8.68235669E-05
 1.51696612E-04
 1.04036624E-03
 2.34308225E-04
 3.45649850E-03
 9.54950814E-04
 3.51660539E-04
 1.92585213E-01
 2.01673071E-04
 1.67892933E-04
 1.54708739E-04
 1.26607234E-04
 1.23386228E-04
 4.74349688E-06
 7.05592953E-05
 1.71745338E-05
 3.92765921E-03
 8.42894484E-05
 1.79273773E-04
 1.00000000E+00
 1.00000000E+00
 1.00000000E+00
 1.00000000E+00
 1.00000000E+00
 1.00000000E+00
 1.00000000E+00
 1.00000000E+00
 1.00000000E+00
 1.00000000E+00
 1.00000000E+00
 1.00000000E+00
 3.76759907E-03
 2.78068564E-03
 1.60642036E-03
 7.92381241E-04
 4.19843010E-04
 1.76433917E-07
 2.47613045E-06
 1.12933353E-02
 1.16433133E-02
 1.20487973E-02
 1.25380132E-02
 1.17157316E-02
 9.58214792E-03
 9.29460917E-03
 9.78918046E-03
 1.02450090E-02
 1.07838429E-02
 1.13829995E-02
 1.03267789E-01
 7.43228340E-03
 7.75686162E-03
 8.27074950E-03
 8.89321611E-03
 5.87479628E-03
 6.25793583E-03
 6.74703732E-03
 4.05982817E-03
 4.65139790E-03
 8.73837292E-02
 2.04203922E-03
 1.50767439E-04
 2.04390804E-04
 2.71158317E-04
 2.63132199E-04
 2.82987852E-04
 2.58133930E-04
 4.29095017E-03
 1.91224123E-04
 2.18101597E-04
 3.35295704E-04
 3.21998363E-04
 3.08752552E-04
 9.13546099E-02
 2.84862575E-04
 2.78083613E-04
 3.42248098E-04
 3.21420634E-04
 4.73303932E-03
 3.84727312E-04
 3.67722348E-04
 3.58339354E-04
 1.88191114E-02
 3.94653406E-04
 4.12513521E-04
 5.08017171E-03
 6.02846435E-04
 7.40165014E-02
 3.41932041E-03
 3.83032470E-04
 3.82618153E-04
 4.54487659E-04
 4.42177098E-04
 4.65035023E-04
 9.02645601E-02
 4.02739739E-04
 3.82032402E-04
 4.45159034E-04
 4.84768611E-04
 3.46087172E-03
 4.61925188E-04
 4.58305828E-04
 4.59548321E-04
 1.13374028E-03
 5.61384625E-04
 5.43973088E-04
 1.25586770E-03
 6.82129291E-04
 3.34553437E-03
 6.18965168E-02
 5.08876653E-04
 4.97623949E-04
 5.47286943E-04
 5.71118869E-04
 4.73719112E-04
 5.04451604E-04
 5.60950288E-04
 6.19833963E-04
 6.42782125E-04
 1.53619020E-03
 8.93176089E-04
 5.43822462E-04
 5.87094900E-04
 6.44425106E-04
 2.23390611E-02
 6.17550619E-04
 7.07162371E-04
 6.09612765E-03
 8.77469245E-04
 5.59931680E-03
 7.42027778E-04
 7.25903969E-04
 3.09602815E-02
 8.23444477E-04
 2.82378976E-02
 2.35294853E-02
 8.63683645E-04
 8.95059588E-05
 1.06530857E-04
 1.03370980E-04
 1.17490010E-04
 1.34489297E-04
 1.45825189E-04
 1.52518599E-04
 1.11946664E-04
 1.58068460E-04
 1.55268818E-04
 1.59140655E-04
 9.08571084E-02
 1.35054795E-04
 1.21119424E-04
 1.60706860E-04
 1.74433317E-04
 1.03685082E-04
 9.67512577E-05
 1.27489470E-04
 1.28118254E-06
 7.54963135E-05
 1.08326217E-04
 1.16870087E-04
 8.84429602E-05
 1.09972167E-04
 1.17777826E-04
 1.16971126E-04
 1.72224324E-04
 1.19006012E-04
 1.60785089E-04
 1.51402019E-04
 2.12410371E-04
 1.46704494E-04
 1.69255970E-04
 3.08559896E-04
 2.14756930E-04
 4.24924289E-04
 2.39925669E-04
 2.36792591E-04
 2.45166187E-04
 2.80096461E-04
 3.15488633E-04
 3.02220515E-04
 3.00270522E-04
 3.63302374E-04
 3.78355270E-04
 1.48387428E-02
 5.27383505E-04
 3.51555571E-04
 4.00609981E-04
 3.94114836E-04
 4.62614396E-04
 4.38031021E-04
 5.74184200E-04
 4.05568066E-04
 5.32705894E-04
 5.86894705E-03
 6.40828338E-04
 6.85213216E-04
 2.50867850E-04
 2.46274117E-04
 2.48891203E-04
 2.59533705E-04
 2.55109680E-04
 8.95087158E-02
 2.03975369E-04
 2.11710296E-04
 2.12931529E-04
 2.06134608E-04
 5.46407034E-03
 1.45172637E-04
 1.83221258E-04
 2.04658165E-04
 1.09729677E-03
 6.62651165E-05
 1.25480769E-04
 1.21702276E-03
 7.58760607E-05
 5.35613117E-03
 5.62477081E-02
 2.50913654E-06
 6.68168753E-07
 1.29781304E-05
 1.26149690E-05
 3.88721635E-05
 3.36038019E-05
 3.32883067E-05
 1.18511223E-04
 7.46962743E-05
 2.76302833E-02
 2.79937522E-04
 1.54520959E-04
 1.46025833E-04
 1.89879709E-04
 1.27648892E-03
 2.13718329E-04
 2.20335277E-04
 2.34602591E-02
 3.59308997E-04
 2.02545534E-02
 1.28153980E-03
 2.73293692E-04
 3.41000084E-04
 1.70047731E-03
 4.27476280E-04
 5.55798984E-03
 1.54256489E-03
 5.28813239E-04
 6.92983562E-03
 6.81839114E-03
 3.01742428E-02
 2.64029936E-04
 2.22988216E-04
 2.30331020E-04
 2.34184276E-04
 2.00637183E-04
 1.85214634E-04
 1.93361076E-04
 1.17754051E-04
 1.54334342E-04
 8.98666401E-04
 6.52265685E-05
 7.57833569E-05
 3.86980929E-05
 2.17511646E-05
 1.89883099E-02
 1.88520003E-05
 1.38399729E-06
 4.71368805E-03
 1.39190503E-04
 4.13227790E-03
 8.74148321E-05
 1.36763235E-04
 1.03435293E-03
 2.09393004E-04
 3.52696039E-03
 9.09828254E-04
 3.30035926E-04
 2.03978114E-02
 2.00170145E-04
 1.69921848E-04
 1.66996420E-04
 1.31904551E-04
 1.31805141E-04
 5.17319427E-07
 9.16920143E-05
 3.26617265E-05
 3.91412561E-03
 6.75690490E-05
 1.82405756E-04
 1.00000000E+00
 1.00000000E+00
 1.00000000E+00
 1.00000000E+00
 1.00000000E+00
 1.00000000E+00
 1.00000000E+00
 1.00000000E+00
 1.00000000E+00
 1.00000000E+00
 1.00000000E+00
 1.00000000E+00
 2.70614771E-05
 2.52143293E-05
 1.99225634E-05
 4.65985253E-05
 4.63060935E-06
 3.31317981E-05
 3.50073771E-05
 6.36108109E-03
 4.89206457E-03
 3.49126825E-03
 1.85027769E-03
 8.22448236E-04
 1.26698519E-04
 1.12087748E-02
 1.16571082E-02
 1.21780434E-02
 1.27776181E-02
 1.17704902E-02
 1.00236599E-01
 9.32480606E-03
 9.80001018E-03
 1.04565298E-02
 1.12125114E-02
 7.43870128E-03
 7.90641217E-03
 8.64614646E-03
 5.95444683E-03
 6.48585143E-03
 9.04435165E-02
 4.23529346E-03
 2.31492586E-04
 2.22171460E-04
 2.84453758E-04
 2.62348612E-04
 2.35410585E-04
 2.46924439E-04
 4.33754916E-03
 1.90474298E-04
 2.24826400E-04
 2.71468574E-04
 2.65937561E-04
 3.16682695E-04
 9.15333626E-02
 3.22775417E-04
 2.90435806E-04
 3.06980955E-04
 3.18466500E-04
 4.82613034E-03
 4.02049738E-04
 3.58468860E-04
 3.04510254E-04
 1.90056879E-02
 4.34252609E-04
 4.34558233E-04
 5.14079326E-03
 5.68020104E-04
 7.58337080E-02
 3.54484243E-03
 4.01004975E-04
 3.82785467E-04
 4.27950590E-04
 4.12419708E-04
 4.67391590E-04
 9.04179186E-02
 3.74451171E-04
 3.51462310E-04
 4.21746017E-04
 4.28112531E-04
 3.56747538E-03
 5.30695625E-04
 4.89168166E-04
 4.58336620E-04
 1.16503904E-03
 5.83722158E-04
 5.22016315E-04
 1.26783140E-03
 6.71410984E-04
 3.43961696E-03
 6.45361540E-02
 4.79357802E-04
 4.87272747E-04
 5.62314494E-04
 5.67852013E-04
 5.02964008E-04
 4.95265842E-04
 5.51356931E-04
 6.48301856E-04
 6.41123608E-04
 1.57081812E-03
 7.95915525E-04
 5.44415269E-04
 5.77976783E-04
 6.57168601E-04
 2.24309966E-02
 6.17512628E-04
 7.17700554E-04
 6.15173057E-03
 8.20071609E-04
 5.69304355E-03
 7.01404461E-04
 7.42251231E-04
 3.17286750E-02
 8.44068387E-04
 2.90920068E-02
 2.45418729E-02
 7.92464600E-04
 3.13803775E-04
 3.41064641E-04
 3.67896317E-04
 3.80187164E-04
 3.86529004E-04
 4.02172989E-04
 1.79032752E-05
 6.68489962E-05
 6.26793241E-05
 7.73725826E-05
 8.15589231E-05
 9.12965633E-02
 1.14727768E-04
 1.21539256E-04
 1.47681251E-04
 1.75629898E-04
 7.91121301E-05
 1.12787269E-04
 1.35101501E-04
 1.95956332E-05
 9.73890203E-05
 1.09393154E-04
 7.64372041E-05
 8.90129134E-05
 1.23568433E-04
 1.02839546E-04
 1.08588667E-04
 1.19402416E-04
 1.29449908E-04
 1.01809114E-04
 9.56610410E-05
 1.82940264E-04
 1.65851195E-04
 1.43852854E-04
 3.21119422E-04
 1.96704120E-04
 3.67087016E-04
 2.14201976E-04
 2.25392277E-04
 2.77617150E-04
 2.92238649E-04
 3.19457095E-04
 3.17373214E-04
 3.09394172E-04
 3.94194032E-04
 3.93310152E-04
 1.50696621E-02
 5.42224250E-04
 3.13689999E-04
 3.63674729E-04
 3.93202979E-04
 4.68589155E-04
 4.45185930E-04
 5.72945542E-04
 4.09323474E-04
 5.13936016E-04
 5.90807544E-03
 6.45769587E-04
 6.61854127E-04
 2.47912649E-04
 2.55534585E-04
 2.46591199E-04
 2.69316912E-04
 2.62483070E-04
 8.97065956E-02
 2.21945248E-04
 2.36036634E-04
 2.19333146E-04
 2.32353375E-04
 5.49077980E-03
 1.54612238E-04
 1.96256373E-04
 2.01398179E-04
 1.09501316E-03
 1.03166932E-04
 1.60820975E-04
 1.21747844E-03
 3.68044103E-05
 5.40022576E-03
 5.91252779E-02
 1.09655764E-07
 2.07573734E-06
 9.40571813E-06
 1.14232144E-05
 2.44035093E-05
 2.82628511E-05
 9.63568973E-06
 1.07426312E-04
 6.37237415E-05
 2.79418140E-02
 2.29708466E-04
 1.38740990E-04
 1.41174929E-04
 1.76684441E-04
 1.27618913E-03
 2.04222529E-04
 2.17126674E-04
 2.36377591E-02
 3.33959523E-04
 2.05887356E-02
 1.24306433E-03
 2.63244282E-04
 3.25621960E-04
 1.71283267E-03
 4.07385208E-04
 5.62639162E-03
 1.46555072E-03
 5.09591551E-04
 6.95294994E-03
 6.82933576E-03
 3.10182009E-02
 2.58403917E-04
 2.50989928E-04
 2.21851701E-04
 2.34456785E-04
 1.98766685E-04
 1.90104194E-04
 1.95416690E-04
 1.15709533E-04
 1.64766666E-04
 8.99683194E-04
 3.72108638E-05
 7.04071320E-05
 6.81672577E-05
 2.29411965E-05
 1.90876873E-02
 1.73468958E-05
 3.16783097E-06
 4.74041025E-03
 1.18911601E-04
 4.20127126E-03
 1.00930848E-04
 1.14383630E-04
 1.03602059E-03
 2.15846581E-04
 3.57399718E-03
 8.39604435E-04
 3.16770946E-04
 2.04690765E-02
 2.04613913E-04
 1.86101757E-04
 1.73194983E-04
 1.35691228E-04
 1.49274889E-04
 1.32628113E-05
 8.76189653E-05
 4.97172135E-05
 3.93040334E-03
 5.47299493E-05
 1.55130295E-04
 1.00000000E+00
 1.00000000E+00
 1.00000000E+00
 1.00000000E+00
 1.00000000E+00
 1.00000000E+00
 1.00000000E+00
 1.00000000E+00
 1.00000000E+00
 1.00000000E+00
 1.00000000E+00
 1.00000000E+00
 3.59699685E-05
 5.51141615E-05
 6.00061203E-05
 2.21675146E-05
 2.81959831E-05
 3.54159974E-05
 6.82580878E-05
 7.81207326E-06
 1.11618853E-06
 6.66863635E-06
 3.12045786E-06
 2.53368660E-05
 5.65307406E-07
 8.58192797E-03
 6.67701102E-03
 4.47763693E-03
 2.22411208E-03
 6.99787670E-04
 9.10190158E-02
 1.12092269E-02
 1.18097180E-02
 1.25216234E-02
 1.32831906E-02
 9.36605390E-03
 1.01322310E-02
 1.10189365E-02
 7.57001236E-03
 8.40369540E-03
 9.39960494E-02
 6.19317541E-03
 1.67662614E-04
 2.29577021E-04
 2.71712838E-04
 2.68541296E-04
 2.68257689E-04
 2.56140757E-04
 4.36405325E-03
 1.86372934E-04
 2.54854259E-04
 2.98156354E-04
 2.99135024E-04
 2.98979748E-04
 9.17014035E-02
 2.39188361E-04
 2.69173831E-04
 2.84514851E-04
 2.93690764E-04
 4.85063730E-03
 3.55022918E-04
 3.64575291E-04
 3.13079873E-04
 1.92451977E-02
 3.60105979E-04
 3.98652137E-04
 5.17389505E-03
 4.47446188E-04
 7.75223652E-02
 3.55372594E-03
 3.23144706E-04
 3.82314531E-04
 4.07827348E-04
 4.35988225E-04
 4.79552892E-04
 9.05973459E-02
 3.89624286E-04
 4.43145042E-04
 4.77838651E-04
 4.81029278E-04
 3.55473007E-03
 4.85444931E-04
 4.50958915E-04
 3.99240670E-04
 1.15410447E-03
 5.44210497E-04
 4.78159144E-04
 1.26901152E-03
 6.03063981E-04
 3.41859227E-03
 6.69277762E-02
 3.73467935E-04
 4.50179503E-04
 5.11341331E-04
 5.36595893E-04
 5.63130838E-04
 5.46785116E-04
 5.77514524E-04
 5.58464272E-04
 5.69791357E-04
 1.53608743E-03
 7.43311209E-04
 4.93409583E-04
 5.06882884E-04
 5.65437305E-04
 2.24020684E-02
 6.16519473E-04
 6.68793599E-04
 6.17087345E-03
 7.60073064E-04
 5.70238015E-03
 6.06789193E-04
 6.70554366E-04
 3.22701265E-02
 7.27973379E-04
 2.98496414E-02
 2.53932212E-02
 7.94690025E-04
 5.45913074E-04
 5.59237375E-04
 5.88906105E-04
 6.24076361E-04
 6.45257780E-04
 6.62209677E-04
 2.66638246E-04
 3.03534552E-04
 3.11765540E-04
 3.20296886E-04
 3.49546452E-04
 9.17315107E-02
 1.25659938E-05
 7.15438039E-06
 8.98513200E-06
 1.86271984E-05
 9.22046565E-05
 1.33857559E-04
 1.73948097E-04
 4.01618460E-05
 1.39984114E-04
 4.22583179E-05
 9.35945633E-05
 8.94236065E-05
 1.12029984E-04
 1.21535218E-04
 1.26291506E-04
 1.49846040E-04
 1.49484372E-04
 1.26010358E-04
 1.37043944E-04
 1.97769951E-04
 1.42995163E-04
 1.57854571E-04
 2.73163959E-04
 2.12491509E-04
 3.40430342E-04
 1.96126296E-04
 2.10138716E-04
 2.40863302E-04
 2.70800691E-04
 3.06936809E-04
 3.16382197E-04
 2.87272474E-04
 3.85835673E-04
 3.45853864E-04
 1.52702427E-02
 5.14283666E-04
 3.15781805E-04
 3.58145210E-04
 3.62504687E-04
 4.37144453E-04
 4.28314806E-04
 5.60181082E-04
 4.58745576E-04
 4.90740281E-04
 5.88400271E-03
 6.15540104E-04
 6.55830464E-04
 2.54215739E-04
 2.63988091E-04
 2.55609726E-04
 2.66556946E-04
 2.58746199E-04
 8.99030814E-02
 2.14330756E-04
 2.24928592E-04
 2.08436512E-04
 2.21716908E-04
 5.54319615E-03
 1.47742577E-04
 1.93422698E-04
 2.15214868E-04
 1.13051116E-03
 9.98116906E-05
 1.67356608E-04
 1.22982374E-03
 8.96557243E-06
 5.45569712E-03
 6.18656493E-02
 1.79116652E-05
 6.40222300E-06
 2.19998176E-05
 1.94932291E-05
 3.08911575E-05
 2.76952387E-05
 2.20821309E-05
 1.16194057E-04
 4.69286140E-05
 2.82844127E-02
 2.34499386E-04
 1.27877256E-04
 1.58524921E-04
 1.82266651E-04
 1.29420752E-03
 1.98372617E-04
 2.26379063E-04
 2.38212078E-02
 3.27947742E-04
 2.09532434E-02
 1.23546602E-03
 2.65549216E-04
 3.39397829E-04
 1.70673426E-03
 4.13876895E-04
 5.71449101E-03
 1.47438879E-03
 5.11194472E-04
 6.97619558E-03
 6.84981312E-03
 3.18404930E-02
 2.57598843E-04
 2.57653426E-04
 2.38222309E-04
 2.43214443E-04
 2.12815243E-04
 2.19179022E-04
 2.32339357E-04
 1.27493545E-04
 1.84570651E-04
 9.01842591E-04
 9.35410735E-06
 6.52934817E-05
 6.78009675E-05
 3.67183302E-05
 1.91740120E-02
 1.86424758E-05
 1.85510580E-05
 4.78124012E-03
 1.02135554E-04
 4.27245678E-03
 8.57445492E-05
 1.14430095E-04
 1.00708744E-03
 2.05212176E-04
 3.63885587E-03
 8.17500538E-04
 3.10117072E-04
 2.05514246E-02
 1.93971105E-04
 1.91967546E-04
 1.85085198E-04
 1.46295442E-04
 1.65146370E-04
 3.45627552E-05
 6.88842247E-05
 4.01602455E-05
 3.93982915E-03
 4.48672596E-05
 1.55266735E-04
 1.00000000E+00
 1.00000000E+00
 1.00000000E+00
 1.00000000E+00
 1.00000000E+00
 1.00000000E+00
 1.00000000E+00
 1.00000000E+00
 1.00000000E+00
 1.00000000E+00
 1.00000000E+00
 1.00000000E+00
 2.64577619E-05
 7.41718864E-06
 2.32437940E-05
 3.26115255E-06
 1.92356942E-05
 8.03119366E-06
 4.63234427E-05
 4.14758275E-05
 8.36975743E-06
 1.04005430E-06
 6.60778866E-06
 4.13574568E-05
 2.08898424E-07
 6.88612567E-05
 9.09250116E-06
 1.94243531E-05
 7.95434326E-06
 9.04197339E-06
 9.08547135E-02
 1.03741644E-02
 7.52862969E-03
 4.29066007E-03
 1.25781762E-03
 1.15037463E-02
 1.23014549E-02
 1.32318164E-02
 9.75575338E-03
 1.08588588E-02
 9.73933713E-02
 8.06691756E-03
 1.64436909E-04
 2.13710777E-04
 2.59779602E-04
 2.42131220E-04
 2.57763675E-04
 2.35375279E-04
 4.34946449E-03
 2.55179169E-04
 2.81304718E-04
 2.98545668E-04
 2.89902889E-04
 2.69018430E-04
 9.18443063E-02
 2.79204902E-04
 3.15031758E-04
 3.47962945E-04
 3.33448015E-04
 4.91031029E-03
 3.36759437E-04
 3.59784924E-04
 3.07114111E-04
 1.94553962E-02
 4.25854434E-04
 3.18484065E-04
 5.22249857E-03
 4.67459609E-04
 7.90989580E-02
 3.67029905E-03
 2.93514945E-04
 3.82452421E-04
 3.73240935E-04
 4.15938863E-04
 4.52576408E-04
 9.07332103E-02
 4.04574056E-04
 4.32851587E-04
 4.49439455E-04
 4.56645661E-04
 3.57892242E-03
 4.47704325E-04
 4.59517234E-04
 4.29330162E-04
 1.19608445E-03
 4.67466303E-04
 5.20306263E-04
 1.25817771E-03
 5.95464004E-04
 3.40558550E-03
 6.92289680E-02
 3.65180100E-04
 4.38298662E-04
 4.80190837E-04
 5.14105991E-04
 4.69304135E-04
 5.39537518E-04
 5.52177411E-04
 6.26135486E-04
 5.66772449E-04
 1.58177499E-03
 7.53531595E-04
 4.66326432E-04
 5.33561745E-04
 5.46830535E-04
 2.24428455E-02
 6.29732017E-04
 6.53053104E-04
 6.18312753E-03
 7.46841304E-04
 5.75570013E-03
 6.21360749E-04
 6.64189867E-04
 3.29200092E-02
 7.75198413E-04
 3.06275009E-02
 2.65316147E-02
 7.85839496E-04
 1.39875353E-03
 1.45672086E-03
 1.54028163E-03
 1.63077942E-03
 1.72959393E-03
 1.87426997E-03
 5.20599096E-04
 5.48697764E-04
 5.61637621E-04
 5.78746738E-04
 5.78495134E-04
 9.21597152E-02
 2.45246907E-04
 2.46499272E-04
 2.82309689E-04
 3.02124438E-04
 4.81630583E-05
 6.07253031E-05
 4.51682320E-05
 7.10885402E-05
 1.45141132E-04
 3.22818201E-05
 9.57011252E-05
 9.23064161E-05
 1.28059665E-04
 1.34491632E-04
 1.31689075E-04
 1.29742685E-04
 1.21737417E-04
 1.47415764E-04
 1.46703084E-04
 1.91841069E-04
 1.54829940E-04
 1.38547245E-04
 2.60837865E-04
 1.79267804E-04
 3.11930099E-04
 1.88315325E-04
 2.29235261E-04
 2.40369526E-04
 2.70329176E-04
 2.93582985E-04
 3.02575135E-04
 2.77131490E-04
 3.56160224E-04
 3.36917286E-04
 1.54559976E-02
 4.64407467E-04
 3.19539078E-04
 3.56280242E-04
 3.57208597E-04
 4.05784878E-04
 4.11594722E-04
 5.23105352E-04
 4.71986070E-04
 5.11688044E-04
 5.89529866E-03
 5.93744061E-04
 6.42517110E-04
 2.66988969E-04
 2.63328945E-04
 2.50285878E-04
 2.61631033E-04
 2.58578028E-04
 9.00870878E-02
 2.19670993E-04
 2.29956394E-04
 2.09555526E-04
 2.27435744E-04
 5.57602467E-03
 1.65705776E-04
 1.95481539E-04
 2.25870622E-04
 1.14883046E-03
 1.04922650E-04
 1.78127673E-04
 1.23859626E-03
 3.01736296E-05
 5.50555181E-03
 6.44304871E-02
 1.88834916E-06
 1.35061557E-06
 2.21329560E-05
 2.69551266E-05
 4.45626854E-05
 2.97176252E-05
 1.74988348E-05
 1.08776346E-04
 5.10228706E-05
 2.85966505E-02
 2.12217675E-04
 1.18414151E-04
 1.46645980E-04
 1.69844856E-04
 1.29345486E-03
 1.95917094E-04
 2.12995434E-04
 2.39881308E-02
 3.05209164E-04
 2.13002617E-02
 1.22276006E-03
 2.53978219E-04
 3.20059977E-04
 1.70356504E-03
 4.05197867E-04
 5.77221170E-03
 1.44333423E-03
 4.99069164E-04
 7.02531642E-03
 6.86110903E-03
 3.26437899E-02
 2.54744478E-04
 2.62840652E-04
 2.49426079E-04
 2.66268751E-04
 2.16640063E-04
 2.25649195E-04
 2.48731609E-04
 1.35852307E-04
 1.96499968E-04
 9.09982396E-04
 4.11781370E-05
 6.04922138E-05
 4.83138564E-05
 4.86346645E-05
 1.92475889E-02
 1.84141492E-05
 2.98002460E-05
 4.81232170E-03
 9.83852019E-05
 4.36840936E-03
 9.49347722E-05
 1.04418956E-04
 1.02578411E-03
 1.90223105E-04
 3.68204950E-03
 7.84808587E-04
 3.20211695E-04
 2.06421629E-02
 2.04929052E-04
 2.11166924E-04
 2.00378161E-04
 1.52907872E-04
 1.80824376E-04
 6.36853229E-05
 7.42185013E-05
 4.53910813E-05
 3.94288187E-03
 2.99870013E-05
 1.47806581E-04
 1.00000000E+00
 1.00000000E+00
 1.00000000E+00
 1.00000000E+00
 1.00000000E+00
 1.00000000E+00
 1.00000000E+00
 1.00000000E+00
 1.00000000E+00
 1.00000000E+00
 1.00000000E+00
 1.00000000E+00
 9.63377089E-07
 7.25009906E-06
 5.69251070E-05
 5.73826925E-06
 1.46816981E-06
 8.26503851E-06
 1.35241968E-05
 2.45886152E-05
 4.31565850E-06
 1.65534631E-05
 1.40231065E-06
 1.46730439E-05
 3.80283965E-06
 4.65063098E-05
 4.01020517E-05
 2.35729685E-05
 5.84126407E-06
 7.48233389E-06
 9.09082671E-02
 6.08674707E-04
 5.05245473E-06
 7.75970329E-06
 5.30416518E-06
 1.12282435E-02
 6.81832559E-03
 2.11196017E-03
 1.20088195E-02
 1.31510270E-02
 9.63636414E-02
 1.05413881E-02
 2.01330150E-04
 2.13127403E-04
 2.35451163E-04
 2.07514657E-04
 2.13043743E-04
 2.63101405E-04
 4.34946473E-03
 3.17816246E-04
 2.91049934E-04
 2.73759041E-04
 2.40322753E-04
 2.10840000E-04
 9.19516973E-02
 3.38585218E-04
 2.79661270E-04
 3.22899508E-04
 3.16790490E-04
 4.95355498E-03
 3.51467924E-04
 3.12360867E-04
 2.52944137E-04
 1.96090191E-02
 3.57327483E-04
 3.55857223E-04
 5.24495685E-03
 4.41904537E-04
 8.05641947E-02
 3.80282174E-03
 3.27981951E-04
 3.88349462E-04
 3.50350845E-04
 3.75455893E-04
 4.00233566E-04
 9.08321521E-02
 4.48428673E-04
 3.46752421E-04
 3.98279179E-04
 3.88630496E-04
 3.64537886E-03
 4.83679781E-04
 3.65505327E-04
 3.96889732E-04
 1.19121403E-03
 5.06992124E-04
 4.30361817E-04
 1.24350798E-03
 5.53357713E-04
 3.54323410E-03
 7.14398501E-02
 3.42417571E-04
 4.47085991E-04
 4.72939505E-04
 5.01554037E-04
 5.23767662E-04
 4.77905067E-04
 5.16679253E-04
 6.40040266E-04
 5.24822641E-04
 1.59384184E-03
 7.33111228E-04
 4.49206701E-04
 5.61699921E-04
 5.77975285E-04
 2.25379951E-02
 6.11177544E-04
 6.56214526E-04
 6.20222043E-03
 7.21093901E-04
 5.82364839E-03
 5.99211711E-04
 6.95374414E-04
 3.36411746E-02
 7.64980509E-04
 3.14017689E-02
 2.75360834E-02
 7.17052327E-04
 2.68585649E-03
 2.78203706E-03
 2.88619086E-03
 3.00311707E-03
 3.15396368E-03
 3.29857009E-03
 9.77941879E-04
 1.02994405E-03
 1.16354398E-03
 1.29837419E-03
 1.48804981E-03
 9.32321072E-02
 4.80856164E-04
 5.02430941E-04
 5.26316096E-04
 5.46709639E-04
 2.10346922E-04
 2.23922128E-04
 2.39993092E-04
 5.56123274E-05
 7.36124354E-05
 3.45336174E-06
 1.02393584E-04
 1.03195336E-04
 1.23182578E-04
 1.09740414E-04
 1.08371523E-04
 1.45122257E-04
 1.49343071E-04
 1.46863931E-04
 1.15663109E-04
 1.80713756E-04
 1.38831630E-04
 1.00387410E-04
 2.54613229E-04
 1.40278769E-04
 2.83240889E-04
 2.25354914E-04
 2.70300922E-04
 2.68612568E-04
 2.80182559E-04
 3.15143453E-04
 2.99697467E-04
 2.72716430E-04
 3.54218935E-04
 3.22758451E-04
 1.56815491E-02
 4.50293728E-04
 3.18155637E-04
 3.63533601E-04
 3.63703311E-04
 4.23720452E-04
 4.10541380E-04
 5.08533696E-04
 4.50595110E-04
 4.94270945E-04
 5.93722597E-03
 5.93204891E-04
 6.19260272E-04
 2.55785336E-04
 2.56982151E-04
 2.38019595E-04
 2.55584643E-04
 2.69173781E-04
 9.02602510E-02
 2.28689540E-04
 2.32477609E-04
 2.20650569E-04
 2.48885499E-04
 5.61655309E-03
 1.81973124E-04
 2.18126572E-04
 2.31708218E-04
 1.14933117E-03
 1.26747139E-04
 2.03327706E-04
 1.23839890E-03
 5.98962564E-05
 5.55069412E-03
 6.68311189E-02
 1.06905456E-05
 2.74377752E-06
 1.45091729E-05
 8.09524152E-06
 4.63815016E-05
 3.13085978E-05
 4.07913309E-06
 9.22054263E-05
 4.72169789E-05
 2.88747580E-02
 1.84063883E-04
 1.34303892E-04
 1.66234551E-04
 1.68477432E-04
 1.29187626E-03
 2.07452880E-04
 1.86885525E-04
 2.41380949E-02
 2.92160364E-04
 2.16226869E-02
 1.20825974E-03
 2.42870506E-04
 3.11092076E-04
 1.71991860E-03
 3.68109590E-04
 5.82699675E-03
 1.39540911E-03
 4.70649066E-04
 7.03632156E-03
 6.86444636E-03
 3.34160054E-02
 2.69115766E-04
 2.67867556E-04
 2.68356922E-04
 2.74937161E-04
 2.20031823E-04
 2.29537437E-04
 2.60393741E-04
 1.56724602E-04
 2.16268085E-04
 9.16216086E-04
 5.77297381E-05
 6.52781577E-05
 5.90038537E-05
 5.31378756E-05
 1.93312177E-02
 1.10487073E-05
 3.84102890E-05
 4.83479534E-03
 7.23226291E-05
 4.44120380E-03
 8.15898024E-05
 1.04728130E-04
 1.02112161E-03
 1.82876426E-04
 3.70850623E-03
 7.34875641E-04
 3.07628106E-04
 2.07095376E-02
 2.18069801E-04
 2.15886015E-04
 2.10928755E-04
 1.54171161E-04
 1.90178205E-04
 8.15403037E-05
 8.06245384E-05
 5.34869547E-05
 3.96400649E-03
 1.30603636E-05
 1.28801474E-04
 1.00000000E+00
 1.00000000E+00
 1.00000000E+00
 1.00000000E+00
 1.00000000E+00
 1.00000000E+00
 1.00000000E+00
 1.00000000E+00
 1.00000000E+00
 1.00000000E+00
 1.00000000E+00
 1.00000000E+00
 9.01775045E-06
 2.57634976E-05
 1.71354931E-05
 1.63824654E-06
 2.89489286E-06
 1.52045274E-05
 4.77728206E-06
 3.65219743E-06
 1.79004168E-05
 8.18512444E-06
 9.83212718E-08
 1.64797480E-06
 4.27112049E-06
 8.18762055E-06
 3.70068584E-05
 1.25346366E-05
 1.49001218E-06
 6.76367329E-07
 9.09074432E-02
 5.80711982E-06
 1.54528989E-05
 2.92011790E-05
 7.90976866E-06
 5.98453441E-04
 4.99223513E-06
 2.57060407E-05
 1.03157915E-02
 3.55786642E-03
 9.09054547E-02
 1.29886156E-02
 1.92224815E-04
 2.15945099E-04
 2.10016219E-04
 2.41135993E-04
 2.30778762E-04
 1.75817637E-04
 4.30158745E-03
 1.82040192E-04
 2.62520010E-04
 2.60072313E-04
 2.57992657E-04
 2.16462821E-04
 9.21521632E-02
 3.25070052E-04
 2.53856333E-04
 2.97087433E-04
 2.53313556E-04
 4.94924563E-03
 2.89885514E-04
 3.30933626E-04
 2.69744936E-04
 1.98092687E-02
 3.78771200E-04
 3.14633406E-04
 5.25310397E-03
 3.91105922E-04
 8.19240220E-02
 3.81277382E-03
 3.08965191E-04
 4.04143521E-04
 3.63450868E-04
 4.05946795E-04
 4.13323498E-04
 9.09615067E-02
 3.75621373E-04
 3.92541611E-04
 4.03377309E-04
 4.14454504E-04
 3.63538056E-03
 4.53205562E-04
 4.30828075E-04
 3.92735945E-04
 1.20205582E-03
 4.78397617E-04
 4.61979444E-04
 1.23310669E-03
 5.79876090E-04
 3.53544809E-03
 7.34377005E-02
 3.61784437E-04
 4.81339867E-04
 4.79826651E-04
 5.08344447E-04
 5.15626993E-04
 5.00215048E-04
 5.13743402E-04
 5.86508393E-04
 5.47132231E-04
 1.58786920E-03
 7.43659403E-04
 4.66571803E-04
 6.21700196E-04
 5.95639754E-04
 2.25704420E-02
 5.46524785E-04
 6.02802219E-04
 6.17683773E-03
 6.70219808E-04
 5.79114276E-03
 6.85913533E-04
 7.25093955E-04
 3.42531055E-02
 7.65869432E-04
 3.20871496E-02
 2.85985163E-02
 7.65422534E-04
 3.89934047E-03
 4.00839148E-03
 4.13920452E-03
 4.27655640E-03
 4.45401253E-03
 4.65964628E-03
 2.29836121E-03
 2.39905110E-03
 2.58384067E-03
 2.76307261E-03
 2.98576436E-03
 9.48003337E-02
 7.48710496E-04
 8.35425773E-04
 9.53650238E-04
 1.11703656E-03
 4.46619951E-04
 4.80670335E-04
 4.96615539E-04
 1.53230725E-04
 1.91191924E-04
 1.50915322E-05
 1.30648305E-04
 1.13211796E-04
 1.42594056E-04
 1.06390144E-04
 1.07425393E-04
 1.27030096E-04
 1.09150424E-04
 1.35026898E-04
 1.33109261E-04
 2.18153044E-04
 1.57047131E-04
 1.03974982E-04
 2.44085307E-04
 1.52313893E-04
 2.58254376E-04
 2.16382757E-04
 2.43677477E-04
 2.42898094E-04
 2.28945677E-04
 2.71833863E-04
 2.47522064E-04
 2.44865529E-04
 3.39401930E-04
 2.52872302E-04
 1.58584546E-02
 4.23268320E-04
 3.38222805E-04
 3.73560372E-04
 3.71351051E-04
 4.18496619E-04
 3.72217160E-04
 4.97927384E-04
 4.71691282E-04
 5.08347651E-04
 5.95120003E-03
 5.65471382E-04
 6.29239527E-04
 2.67246675E-04
 2.69177517E-04
 2.56368843E-04
 2.73756312E-04
 2.61149841E-04
 9.04526816E-02
 2.32899902E-04
 2.35257261E-04
 2.20101900E-04
 2.40574375E-04
 5.65362345E-03
 1.91159847E-04
 2.15579401E-04
 2.44222578E-04
 1.17981587E-03
 1.34663284E-04
 2.06901210E-04
 1.25198920E-03
 8.83130634E-05
 5.60343310E-03
 6.91267781E-02
 1.58768159E-05
 1.66966914E-05
 2.65400612E-05
 2.17569815E-06
 4.71719866E-05
 4.09209566E-05
 5.93699570E-06
 1.00378156E-04
 4.71518446E-05
 2.91782904E-02
 1.68199196E-04
 1.54618140E-04
 1.72522366E-04
 1.67403194E-04
 1.29547227E-03
 2.17503820E-04
 1.71642788E-04
 2.43000107E-02
 2.81574018E-04
 2.19601848E-02
 1.20113465E-03
 2.49827616E-04
 3.03657090E-04
 1.70526856E-03
 3.53627080E-04
 5.88683606E-03
 1.40190547E-03
 4.67849000E-04
 7.05909682E-03
 6.86906195E-03
 3.41702227E-02
 2.72794150E-04
 2.69819123E-04
 2.69912087E-04
 2.86019823E-04
 2.18531895E-04
 2.34609567E-04
 2.63223235E-04
 1.79786246E-04
 2.34131716E-04
 9.14951638E-04
 8.48872347E-05
 7.85418456E-05
 4.59732658E-05
 5.23144023E-05
 1.94076776E-02
 7.75502894E-06
 3.76868345E-05
 4.88348581E-03
 5.57389716E-05
 4.52504923E-03
 8.29796554E-05
 1.06480913E-04
 1.02673469E-03
 1.63549867E-04
 3.76332991E-03
 7.27875792E-04
 3.05334096E-04
 2.07793104E-02
 2.18131319E-04
 2.17364170E-04
 2.22629000E-04
 1.68079123E-04
 2.04348139E-04
 1.06355286E-04
 9.01309927E-05
 7.20726473E-05
 3.96747434E-03
 3.27488322E-06
 1.30093958E-04
 1.00000000E+00
 1.00000000E+00
 1.00000000E+00
 1.00000000E+00
 1.00000000E+00
 1.00000000E+00
 1.00000000E+00
 1.00000000E+00
 1.00000000E+00
 1.00000000E+00
 1.00000000E+00
 1.00000000E+00
 2.22906077E-05
 1.10748982E-05
 3.42504173E-05
 3.62671583E-05
 7.31161415E-06
 7.27970020E-06
 1.52132845E-05
 9.69091456E-06
 2.10545321E-05
 4.21210981E-05
 2.33048637E-05
 3.27285247E-05
 4.72691452E-06
 2.25122491E-05
 2.22978509E-06
 9.14938212E-06
 3.33995605E-06
 5.64370452E-06
 9.09090909E-02
 8.90359646E-06
 2.96030466E-05
 4.04868029E-05
 5.79444283E-06
 7.20667454E-06
 3.25495520E-06
 5.81195965E-06
 4.75530337E-05
 9.98963670E-06
 9.08355524E-02
 6.48237099E-03
 1.73580531E-04
 2.29462553E-04
 2.02945277E-04
 2.38652092E-04
 2.36101462E-04
 2.00974323E-04
 4.33335376E-03
 2.01606588E-04
 2.58449012E-04
 3.10083334E-04
 2.44472618E-04
 2.47097228E-04
 9.22249775E-02
 3.17518716E-04
 2.48261729E-04
 3.18149818E-04
 2.64003689E-04
 5.06498023E-03
 2.74985891E-04
 2.33458002E-04
 2.30833923E-04
 2.00060548E-02
 3.59326575E-04
 2.39067333E-04
 5.25809796E-03
 3.81824747E-04
 8.32078929E-02
 3.87885178E-03
 3.62481041E-04
 4.13861933E-04
 4.01925647E-04
 4.35357488E-04
 4.32529548E-04
 9.11117920E-02
 3.79296650E-04
 4.07933934E-04
 4.63965534E-04
 4.47362572E-04
 3.71841760E-03
 4.12432626E-04
 3.86471477E-04
 4.43747242E-04
 1.25054808E-03
 4.41767865E-04
 3.73997253E-04
 1.25169348E-03
 5.59188762E-04
 3.49612796E-03
 7.53438675E-02
 4.49444142E-04
 4.86085604E-04
 5.33533297E-04
 5.18903590E-04
 4.41837075E-04
 4.53624556E-04
 5.34267919E-04
 5.90758032E-04
 4.56542830E-04
 1.63299188E-03
 6.64151789E-04
 5.12196628E-04
 5.85623956E-04
 5.98344597E-04
 2.26283502E-02
 5.55302662E-04
 5.89070899E-04
 6.20192992E-03
 7.25000048E-04
 5.79362904E-03
 6.96540014E-04
 6.80171420E-04
 3.48731781E-02
 6.62947202E-04
 3.28278553E-02
 2.95852423E-02
 8.20358157E-04
 5.01599248E-03
 5.15584852E-03
 5.29734800E-03
 5.47259975E-03
 5.67102703E-03
 5.87989917E-03
 3.57211171E-03
 3.72415073E-03
 3.90712460E-03
 4.12111918E-03
 4.37858500E-03
 9.62530943E-02
 1.92710723E-03
 2.14573447E-03
 2.38541007E-03
 2.68555371E-03
 7.08436960E-04
 7.41839129E-04
 8.80564724E-04
 4.34811816E-04
 4.59860192E-04
 1.79049855E-04
 1.22364880E-04
 1.11438833E-04
 1.41238243E-04
 1.19919084E-04
 1.34645629E-04
 1.04312993E-04
 1.35749904E-04
 1.35173608E-04
 1.33681817E-04
 1.96160478E-04
 1.19052292E-04
 1.37572741E-04
 2.19761839E-04
 1.29032238E-04
 2.50445852E-04
 2.26077925E-04
 2.46655105E-04
 2.62167707E-04
 2.35209139E-04
 2.57999401E-04
 2.54300043E-04
 2.78045117E-04
 3.11360827E-04
 2.44431306E-04
 1.61176586E-02
 4.03351559E-04
 3.31404958E-04
 3.69567246E-04
 3.80803070E-04
 4.18092220E-04
 3.53966613E-04
 4.72410609E-04
 4.48044236E-04
 4.99984242E-04
 5.97671776E-03
 5.39411314E-04
 6.49452014E-04
 2.64159366E-04
 2.67824713E-04
 2.64182324E-04
 2.75048992E-04
 2.70064285E-04
 9.06142143E-02
 2.25835888E-04
 2.46620353E-04
 2.64191263E-04
 2.63010187E-04
 5.69619495E-03
 1.97461702E-04
 2.27932842E-04
 2.64283160E-04
 1.19216107E-03
 1.54957924E-04
 2.30271729E-04
 1.25539686E-03
 1.20353987E-04
 5.62823932E-03
 7.12543886E-02
 7.33176601E-06
 7.01601919E-06
 2.87413864E-05
 8.51553332E-06
 4.25447999E-05
 2.92992313E-05
 2.15826735E-06
 8.80228338E-05
 3.33196373E-05
 2.94787940E-02
 1.44365955E-04
 1.30763631E-04
 1.63066035E-04
 1.72685106E-04
 1.32243146E-03
 1.79019773E-04
 1.66235777E-04
 2.44857680E-02
 2.49787857E-04
 2.22914323E-02
 1.19280823E-03
 2.41233537E-04
 3.03101818E-04
 1.71901507E-03
 3.58152809E-04
 5.96712869E-03
 1.37511361E-03
 4.65202629E-04
 7.09165124E-03
 6.89043046E-03
 3.49321609E-02
 2.73406680E-04
 2.84576256E-04
 2.69331349E-04
 2.83063913E-04
 2.25662671E-04
 2.48209430E-04
 2.74213572E-04
 1.83159521E-04
 2.61421675E-04
 9.10472108E-04
 1.17607710E-04
 6.23091264E-05
 5.54020029E-05
 4.90380917E-05
 1.95064816E-02
 1.13027002E-05
 5.46532900E-05
 4.91556004E-03
 3.99673444E-05
 4.59396938E-03
 7.93019152E-05
 9.30678573E-05
 1.03266077E-03
 1.60058231E-04
 3.82712410E-03
 6.84918051E-04
 2.55176302E-04
 2.08360385E-02
 2.39150880E-04
 2.22756811E-04
 2.20895074E-04
 1.94294085E-04
 2.16844216E-04
 1.37940196E-04
 9.55359016E-05
 7.21709476E-05
 3.98322872E-03
 1.93232504E-05
 1.02205792E-04
 1.00000000E+00
 1.00000000E+00
 1.00000000E+00
 1.00000000E+00
 1.00000000E+00
 1.00000000E+00
 1.00000000E+00
 1.00000000E+00
 1.00000000E+00
 1.00000000E+00
 1.00000000E+00
 1.00000000E+00
 2.00199394E-06
 4.76723893E-05
 2.11765888E-05
 7.63347949E-06
 1.92076879E-05
 3.39569943E-06
 1.19997578E-08
 4.40263655E-05
 7.15057030E-05
 5.51039388E-05
 1.11718353E-06
 9.00334960E-08
 7.79904775E-06
 9.17310305E-06
 1.49212343E-06
 2.27111320E-05
 1.16043607E-05
 4.01965018E-06
 9.09090909E-02
 3.60241114E-05
 7.06005530E-07
 2.60024587E-05
 1.07900046E-06
 4.53801920E-05
 2.88053380E-05
 1.53299485E-06
 9.23040837E-06
 2.71882440E-05
 9.09090909E-02
 1.44853003E-05
 1.98026912E-04
 2.67652595E-04
 2.13953898E-04
 2.11205503E-04
 2.24209701E-04
 1.70738953E-04
 4.26654564E-03
 2.88440462E-04
 2.43878583E-04
 2.63124971E-04
 2.25618375E-04
 2.58573243E-04
 9.23521582E-02
 2.83062252E-04
 2.50008707E-04
 3.19445034E-04
 2.32277093E-04
 5.00207109E-03
 3.19454841E-04
 2.83225224E-04
 2.26746125E-04
 2.03716844E-02
 3.46308986E-04
 2.91285324E-04
 5.27397591E-03
 3.28277198E-04
 8.43981627E-02
 4.01604321E-03
 3.69940129E-04
 3.67153344E-04
 3.70950510E-04
 3.88747433E-04
 3.65905062E-04
 9.11736129E-02
 4.51774557E-04
 4.04167664E-04
 4.12721151E-04
 3.85570528E-04
 3.69034523E-03
 4.75616357E-04
 4.29470229E-04
 3.57671028E-04
 1.18954249E-03
 4.88362386E-04
 4.18798810E-04
 1.20750555E-03
 5.36916695E-04
 3.60501346E-03
 7.72108194E-02
 4.87773371E-04
 4.20913652E-04
 4.81750578E-04
 4.63598786E-04
 4.83380653E-04
 4.65135373E-04
 4.81436921E-04
 5.96625494E-04
 4.90171713E-04
 1.58098009E-03
 6.88972014E-04
 4.96368444E-04
 5.73991593E-04
 5.40737268E-04
 2.26404535E-02
 4.83381905E-04
 5.38487300E-04
 6.17239566E-03
 6.27802532E-04
 5.82448218E-03
 6.47931387E-04
 6.49184763E-04
 3.54405412E-02
 6.96225104E-04
 3.36099191E-02
 3.06162231E-02
 7.72044736E-04
 6.07719036E-03
 6.20856555E-03
 6.39934199E-03
 6.64025154E-03
 6.94026796E-03
 7.47664211E-03
 4.74858860E-03
 4.91990907E-03
 5.14315747E-03
 5.39576438E-03
 5.67322218E-03
 9.75848489E-02
 3.28180598E-03
 3.51434099E-03
 3.81085413E-03
 4.13968329E-03
 1.67282478E-03
 1.97255900E-03
 2.37231012E-03
 6.90284508E-04
 7.16511969E-04
 4.57005478E-04
 1.23527074E-04
 1.03735006E-04
 1.41253927E-04
 1.29674164E-04
 1.19683891E-04
 1.53739374E-04
 9.31535744E-05
 1.27861416E-04
 1.25461599E-04
 2.15363707E-04
 1.27188990E-04
 1.21763388E-04
 2.52832246E-04
 1.03406441E-04
 2.28055345E-04
 2.25575918E-04
 2.50187609E-04
 2.54711818E-04
 2.52472122E-04
 2.85388089E-04
 2.84523687E-04
 2.39516923E-04
 3.18519559E-04
 2.83645505E-04
 1.62457459E-02
 3.71257428E-04
 2.88633933E-04
 3.57513201E-04
 3.56324240E-04
 3.88144027E-04
 3.72012446E-04
 4.52807885E-04
 4.15580554E-04
 4.85234287E-04
 5.96247199E-03
 5.11566662E-04
 5.87185520E-04
 2.54288846E-04
 2.71993206E-04
 2.55768962E-04
 2.71082693E-04
 2.63340991E-04
 9.07899569E-02
 2.26723163E-04
 2.39355649E-04
 2.43520506E-04
 2.52702543E-04
 5.74085524E-03
 2.08915684E-04
 2.30149536E-04
 2.64630708E-04
 1.19981944E-03
 1.70452731E-04
 2.63079375E-04
 1.25721625E-03
 1.54659124E-04
 5.65930696E-03
 7.32650905E-02
 1.16164258E-05
 7.46372895E-06
 2.79533626E-05
 1.01622158E-05
 2.98192516E-05
 7.25225351E-06
 1.11644752E-06
 9.19537187E-05
 1.35541446E-05
 2.97361660E-02
 1.23864714E-04
 1.56107432E-04
 1.64918756E-04
 1.53282573E-04
 1.30050505E-03
 1.86412201E-04
 1.53415593E-04
 2.46328190E-02
 2.52721010E-04
 2.26108532E-02
 1.17051560E-03
 2.47803124E-04
 2.81815859E-04
 1.70939780E-03
 3.36008920E-04
 6.02555449E-03
 1.37099414E-03
 4.41114602E-04
 7.08932830E-03
 6.88032379E-03
 3.56538970E-02
 2.67840569E-04
 2.86816758E-04
 2.73349779E-04
 2.96318114E-04
 2.40681449E-04
 2.58244044E-04
 2.75951254E-04
 1.95144930E-04
 2.73227326E-04
 9.16304629E-04
 1.43582954E-04
 6.59210783E-05
 6.66884296E-05
 5.91957971E-05
 1.95747710E-02
 2.35901612E-05
 7.80926100E-05
 4.94023165E-03
 2.36625150E-05
 4.65008380E-03
 7.90519349E-05
 9.63611326E-05
 1.01068417E-03
 1.33095723E-04
 3.86259046E-03
 6.73877752E-04
 2.80553740E-04
 2.09100949E-02
 2.41423100E-04
 2.34956708E-04
 2.47794204E-04
 1.90645074E-04
 2.39879410E-04
 1.44274301E-04
 9.85123374E-05
 8.26129815E-05
 3.97920696E-03
 3.82003283E-05
 9.18090186E-05
 1.00000000E+00
 1.00000000E+00
 1.00000000E+00
 1.00000000E+00
 1.00000000E+00
 1.00000000E+00
 1.00000000E+00
 1.00000000E+00
 1.00000000E+00
 1.00000000E+00
 1.00000000E+00
 1.00000000E+00
