 2.50358178E-02
 2.54612117E-02
 2.60166198E-02
 2.65474347E-02
 2.71442183E-02
 2.78375657E-02
 2.84790991E-02
 1.78675335E-02
 1.83175717E-02
 1.89634891E-02
 1.95994765E-02
 2.03519769E-02
 2.11496878E-02
 1.38495031E-02
 1.40919592E-02
 1.42923540E-02
 1.45841256E-02
 1.48546847E-02
 1.08459332E-01
 9.68776063E-03
 9.97750220E-03
 1.03338684E-02
 1.08000773E-02
 5.04880197E-03
 5.55663415E-03
 6.19901983E-03
 1.37133876E-03
 1.50679476E-03
 7.51197972E-02
 8.56393100E-04
 9.98926704E-05
 1.24710549E-04
 1.32470017E-04
 1.30068483E-04
 1.25317644E-04
 1.93339487E-04
 3.77881034E-03
 9.60917313E-05
 8.22602064E-05
 1.40794850E-04
 1.73581836E-04
 2.10180386E-04
 9.56523371E-02
 1.27915999E-04
 1.77191090E-04
 1.86628013E-04
 2.52613708E-04
 4.07199879E-03
 1.92062381E-04
 2.19381735E-04
 3.02846187E-04
 1.85684001E-02
 1.57347940E-04
 3.42060375E-04
 4.52518703E-03
 2.66497643E-04
 7.39330239E-02
 2.99128606E-03
 1.21862600E-04
 1.28411644E-04
 1.29540426E-04
 1.87505011E-04
 2.20813036E-04
 9.61343304E-02
 1.29832943E-04
 1.50859189E-04
 1.95551410E-04
 2.57111264E-04
 4.85421769E-03
 1.44004721E-04
 2.00162460E-04
 3.32961425E-04
 1.05478182E-03
 1.87779270E-04
 3.91549635E-04
 1.01998887E-03
 3.61556226E-04
 4.95522877E-03
 7.20445220E-02
 8.59689244E-05
 1.52672732E-04
 1.81574654E-04
 2.56436905E-04
 1.06887074E-04
 2.17554621E-04
 3.31424335E-04
 1.71260919E-04
 4.29264787E-04
 8.04845536E-04
 4.95006282E-04
 1.09859958E-04
 2.07679370E-04
 3.12295766E-04
 1.77388644E-02
 1.33315012E-04
 4.45681945E-04
 4.33915174E-03
 5.38326912E-04
 3.99915894E-03
 1.60525390E-04
 4.27089156E-04
 1.08196565E-01
 5.39407713E-04
 1.11121889E-01
 1.17425960E-01
 4.91665128E-04
 7.42680950E-05
 6.48428764E-05
 1.10670345E-04
 1.22184844E-04
 7.32058792E-05
 5.31510941E-05
 1.08206063E-05
 4.56996381E-05
 5.87548802E-05
 2.88447276E-05
 8.42315246E-06
 9.40345111E-02
 8.37251158E-05
 1.30281107E-04
 7.35902461E-05
 2.27412461E-05
 7.86463474E-05
 1.21172409E-05
 2.36985901E-05
 1.38735953E-05
 8.62807352E-05
 9.04476661E-05
 8.96202943E-05
 9.41244397E-05
 1.63366069E-04
 1.37611022E-04
 2.07102563E-04
 6.76693617E-05
 1.51140675E-04
 2.53638098E-04
 2.60565715E-04
 1.25929800E-04
 2.49620339E-04
 2.40428953E-04
 1.69973755E-04
 3.86689482E-04
 3.41517124E-04
 1.61193371E-04
 1.70308600E-04
 2.31388445E-04
 2.69503747E-04
 1.60169047E-04
 2.65036487E-04
 3.60031553E-04
 1.87954690E-04
 4.38010920E-04
 2.82610962E-02
 4.96793098E-04
 1.70391316E-04
 2.58028142E-04
 3.60909066E-04
 2.37042894E-04
 5.08431221E-04
 5.98035310E-04
 2.15452210E-04
 4.97296863E-04
 4.18808539E-03
 6.30475567E-04
 6.01991105E-04
 2.91983580E-04
 2.93919002E-04
 3.34978876E-04
 3.04089905E-04
 2.56391889E-04
 9.41901904E-02
 3.16012121E-04
 3.90950553E-04
 3.39068015E-04
 2.14119065E-04
 2.18440214E-03
 2.82847434E-04
 2.77894722E-04
 1.29758228E-04
 6.47806714E-04
 3.72377835E-04
 1.08624622E-04
 7.18068212E-04
 1.90444737E-04
 2.16282732E-03
 5.79321525E-02
 2.19504916E-05
 4.04835085E-05
 5.93640586E-05
 1.40958914E-04
 4.32544400E-05
 5.39087005E-05
 2.61526919E-04
 1.09475718E-04
 2.79252573E-04
 1.60044375E-02
 3.41246537E-04
 1.49657581E-04
 1.90692163E-04
 3.06817646E-04
 1.05494549E-03
 1.78197190E-04
 4.27627129E-04
 2.56297436E-02
 5.10968945E-04
 2.55108519E-02
 1.42119291E-04
 2.30613542E-04
 4.84293999E-04
 6.27854313E-04
 6.43399866E-04
 5.17781840E-03
 1.51343645E-03
 6.40096472E-04
 3.40604131E-03
 2.24015404E-03
 1.35312287E-01
 4.44398455E-04
 4.84933952E-04
 5.58977847E-04
 5.07363332E-04
 5.53452883E-04
 3.67392264E-04
 3.38301541E-04
 4.76414390E-04
 2.41178009E-04
 1.17447080E-03
 4.26093203E-04
 7.68038777E-05
 5.08060322E-05
 9.47138088E-05
 1.82491668E-02
 1.16894077E-05
 2.42604665E-04
 4.85275153E-03
 2.93797746E-04
 4.99194471E-03
 1.34992623E-04
 4.00833642E-04
 1.21284030E-03
 5.23668397E-04
 7.11061280E-03
 5.95852379E-04
 6.15993121E-04
 1.88215696E-01
 6.04399276E-04
 6.16023037E-04
 5.01998306E-04
 6.12466829E-04
 3.46129151E-04
 2.92185217E-04
 7.93147185E-05
 1.23243146E-04
 5.65889866E-03
 2.32383485E-04
 4.32250314E-04
 1.00000000E+00
 1.00000000E+00
 1.00000000E+00
 1.00000000E+00
 1.00000000E+00
 1.00000000E+00
 1.00000000E+00
 1.00000000E+00
 1.00000000E+00
 1.00000000E+00
 1.00000000E+00
 1.00000000E+00
 3.05438294E-02
 3.09784902E-02
 3.15148338E-02
 2.95228467E-02
 2.57204250E-02
 2.15638523E-02
 1.69945422E-02
 2.37575679E-02
 2.42979762E-02
 2.49585191E-02
 2.56379861E-02
 2.64743730E-02
 2.72496710E-02
 1.71027429E-02
 1.73608547E-02
 1.80562162E-02
 1.89620407E-02
 2.00211280E-02
 1.13657649E-01
 1.30949544E-02
 1.33675432E-02
 1.38167806E-02
 1.41986403E-02
 8.82981895E-03
 9.33516667E-03
 1.00312663E-02
 4.34362376E-03
 5.18558146E-03
 8.07371959E-02
 1.27755113E-03
 4.34781120E-05
 6.37305159E-05
 1.02351634E-04
 1.17423282E-04
 1.51166426E-04
 1.59243184E-04
 3.77516922E-03
 4.50060497E-05
 9.83064288E-05
 1.31930990E-04
 1.71705340E-04
 2.00431825E-04
 9.57718693E-02
 1.13579965E-04
 2.04242204E-04
 1.80397696E-04
 2.47293355E-04
 4.10610672E-03
 8.70879391E-05
 2.27468709E-04
 3.06814027E-04
 1.86498457E-02
 1.44816414E-04
 3.59672271E-04
 4.52531295E-03
 3.34112743E-04
 7.60483039E-02
 3.02827119E-03
 1.31380900E-04
 1.13286985E-04
 1.43471905E-04
 1.55545998E-04
 2.29395072E-04
 9.62449572E-02
 1.14026675E-04
 1.38252572E-04
 1.76286879E-04
 2.64923193E-04
 4.83979688E-03
 1.67932038E-04
 2.23256362E-04
 3.53736508E-04
 1.03596959E-03
 1.41217168E-04
 4.31813787E-04
 9.85555032E-04
 3.82294399E-04
 4.90998258E-03
 7.48004581E-02
 9.32822603E-05
 1.43697227E-04
 2.02965033E-04
 2.58686272E-04
 1.27460866E-04
 2.17138703E-04
 3.33712193E-04
 1.84799220E-04
 4.55595949E-04
 7.89249928E-04
 4.84884618E-04
 1.26230787E-04
 2.03061783E-04
 2.99616058E-04
 1.77711226E-02
 1.84642885E-04
 4.62202798E-04
 4.34374721E-03
 5.69113824E-04
 4.00676854E-03
 1.67278085E-04
 4.18647901E-04
 1.08269770E-01
 5.62246155E-04
 1.11253281E-01
 1.17662062E-01
 4.99280124E-04
 1.67165979E-04
 2.41543308E-04
 1.48320593E-04
 2.80845482E-04
 2.04447461E-04
 2.51594261E-04
 5.75123915E-05
 7.56453225E-05
 6.89610031E-06
 5.13920964E-05
 7.53002251E-05
 9.41662102E-02
 9.71227897E-05
 1.44919777E-04
 3.44246834E-05
 2.88969883E-05
 9.82975016E-05
 8.51719020E-05
 1.59500132E-05
 6.03437005E-05
 4.12103392E-05
 3.32251188E-05
 4.52037905E-05
 5.24628316E-05
 1.37485528E-04
 1.90048878E-04
 2.03925331E-04
 2.15775488E-05
 1.63642351E-04
 2.50638178E-04
 2.61328722E-04
 8.08407193E-05
 2.88196359E-04
 2.88092471E-04
 1.21138356E-04
 4.30909290E-04
 3.48420023E-04
 1.39609603E-04
 1.42032371E-04
 1.88543837E-04
 2.57388570E-04
 1.62299739E-04
 3.07201177E-04
 3.56641775E-04
 2.46827425E-04
 4.86736592E-04
 2.83310659E-02
 5.16620244E-04
 1.65423171E-04
 2.37694274E-04
 3.75691059E-04
 2.33928378E-04
 5.38661551E-04
 6.32811314E-04
 2.27756613E-04
 5.00820864E-04
 4.19372436E-03
 6.57350620E-04
 6.15553074E-04
 3.44274113E-04
 4.57778095E-04
 3.11082277E-04
 3.88877575E-04
 3.57894693E-04
 9.43350845E-02
 3.09686601E-04
 4.72529940E-04
 3.10404780E-04
 2.18724847E-04
 2.17837789E-03
 3.31815108E-04
 3.86730805E-04
 1.62718917E-04
 7.02792052E-04
 3.44413759E-04
 1.03576377E-04
 6.84274562E-04
 2.23915333E-04
 2.11862426E-03
 6.06003017E-02
 5.14031931E-06
 4.88565656E-05
 1.00629153E-04
 1.87717905E-04
 8.51420878E-07
 1.20620367E-04
 2.67530771E-04
 1.28658223E-04
 3.01864805E-04
 1.62250812E-02
 4.11305375E-04
 1.55911990E-04
 1.99434405E-04
 3.05938179E-04
 1.03453310E-03
 2.16621372E-04
 4.53789393E-04
 2.56757793E-02
 5.97792935E-04
 2.56069895E-02
 2.34375153E-04
 2.44847634E-04
 5.02805201E-04
 6.34784892E-04
 6.86037562E-04
 5.16381236E-03
 1.57302289E-03
 6.54696211E-04
 3.41134828E-03
 2.21101329E-03
 1.35458921E-01
 4.70487012E-04
 4.91903385E-04
 4.98748387E-04
 4.09947514E-04
 4.24941084E-04
 5.75008723E-04
 4.58784971E-04
 4.57221979E-04
 3.59747775E-04
 1.25350172E-03
 3.28974107E-04
 4.71394223E-05
 8.02990079E-08
 1.41973551E-04
 1.81711485E-02
 4.79053744E-05
 2.67670061E-04
 4.90590762E-03
 3.57236266E-04
 5.00144434E-03
 1.57246340E-04
 4.18939200E-04
 1.21208702E-03
 5.84824756E-04
 7.07634270E-03
 6.71849753E-04
 6.16936129E-04
 1.88232295E-01
 5.71730205E-04
 5.50942947E-04
 4.06727002E-04
 4.42523664E-04
 2.91571363E-04
 2.16400075E-04
 1.18777376E-05
 1.46404569E-04
 5.62472375E-03
 3.12176911E-04
 4.55965672E-04
 1.00000000E+00
 1.00000000E+00
 1.00000000E+00
 1.00000000E+00
 1.00000000E+00
 1.00000000E+00
 1.00000000E+00
 1.00000000E+00
 1.00000000E+00
 1.00000000E+00
 1.00000000E+00
 1.00000000E+00
 1.04888074E-02
 7.52339416E-03
 4.32766581E-03
 2.08588819E-03
 1.10554300E-03
 9.25516690E-05
 1.61680361E-06
 2.93506968E-02
 2.99368591E-02
 3.05975125E-02
 3.13278136E-02
 2.88898577E-02
 2.32637165E-02
 2.25844660E-02
 2.33523707E-02
 2.41972740E-02
 2.51741500E-02
 2.62874602E-02
 1.19489946E-01
 1.62509425E-02
 1.67787310E-02
 1.77202074E-02
 1.89689582E-02
 1.23664202E-02
 1.29245894E-02
 1.35628064E-02
 8.26392738E-03
 9.14945984E-03
 8.60352403E-02
 3.88685667E-03
 8.58533872E-05
 7.46195575E-05
 7.82467941E-05
 9.49649183E-05
 1.22925415E-04
 1.48254272E-04
 3.77302833E-03
 8.30131294E-05
 1.26354079E-04
 1.41996441E-04
 1.75146836E-04
 2.07028605E-04
 9.59159523E-02
 1.45304244E-04
 1.55899993E-04
 2.02836559E-04
 2.54168040E-04
 4.11532295E-03
 1.55539334E-04
 2.35356294E-04
 3.12616618E-04
 1.87628538E-02
 1.83071537E-04
 3.51903872E-04
 4.52379939E-03
 3.25564743E-04
 7.80438113E-02
 3.16454642E-03
 1.42763423E-04
 1.33886771E-04
 1.31817560E-04
 1.70779956E-04
 2.23434343E-04
 9.63346619E-02
 9.92637447E-05
 1.47540433E-04
 1.66207833E-04
 2.56373082E-04
 4.84440623E-03
 1.35712367E-04
 1.94217699E-04
 3.32582940E-04
 1.04376538E-03
 1.77100962E-04
 4.31830226E-04
 1.01228217E-03
 3.70035015E-04
 4.97337068E-03
 7.75077269E-02
 1.16836768E-04
 1.06497431E-04
 1.88974206E-04
 2.69965566E-04
 1.13748037E-04
 2.09205994E-04
 3.26427770E-04
 2.04962938E-04
 4.52944023E-04
 8.09356265E-04
 5.27566310E-04
 1.42559595E-04
 1.94938705E-04
 2.99998328E-04
 1.78024199E-02
 2.16396780E-04
 4.71634939E-04
 4.36039659E-03
 5.68190752E-04
 4.04748851E-03
 1.63305527E-04
 4.26128209E-04
 1.08333827E-01
 5.64997019E-04
 1.11402203E-01
 1.17963350E-01
 5.03230373E-04
 8.19515539E-04
 8.22694709E-04
 8.79814692E-04
 9.38921982E-04
 9.28167629E-04
 8.52847299E-04
 9.88209702E-05
 6.48436486E-05
 5.63087400E-05
 6.85568245E-05
 6.82244983E-05
 9.43620516E-02
 7.69194854E-05
 1.10126580E-04
 2.00933199E-05
 1.35734372E-05
 3.38603484E-05
 5.50843104E-06
 7.31268172E-05
 1.23603454E-05
 5.82161224E-05
 6.67845993E-05
 8.99503668E-05
 1.24048981E-04
 1.35644032E-04
 1.36816933E-04
 1.97458124E-04
 9.75706815E-05
 1.60752858E-04
 2.24221788E-04
 2.74964784E-04
 1.44113551E-04
 2.11482832E-04
 3.61472483E-04
 2.00035956E-04
 4.17416648E-04
 3.93164965E-04
 1.74891594E-04
 2.17710229E-04
 2.16472750E-04
 2.91428702E-04
 1.83780585E-04
 2.79404683E-04
 3.67620986E-04
 2.59803269E-04
 4.90688309E-04
 2.84940382E-02
 5.30993663E-04
 1.62264943E-04
 2.64569747E-04
 3.72166836E-04
 2.36059009E-04
 5.36390245E-04
 6.23593349E-04
 2.14176842E-04
 5.11126395E-04
 4.19241605E-03
 6.57732109E-04
 6.14455458E-04
 3.99359803E-04
 3.53503099E-04
 3.05323730E-04
 3.21808742E-04
 2.94177877E-04
 9.43479761E-02
 3.76530251E-04
 3.46708185E-04
 2.40561516E-04
 1.92985078E-04
 2.17486808E-03
 2.94765419E-04
 2.81599315E-04
 1.16606104E-04
 7.35141117E-04
 2.47974964E-04
 7.31708128E-05
 6.25938175E-04
 9.84013849E-05
 2.07111921E-03
 6.32709006E-02
 2.31501863E-05
 7.77231764E-05
 1.02065569E-04
 1.50511906E-04
 1.14948558E-05
 1.57948522E-04
 2.60437090E-04
 1.39609336E-04
 3.24515279E-04
 1.62859403E-02
 3.99339301E-04
 1.33450826E-04
 2.17168873E-04
 3.43936817E-04
 1.02151155E-03
 1.83612963E-04
 4.58016368E-04
 2.56843452E-02
 5.40310109E-04
 2.58017555E-02
 1.27321357E-04
 2.37587106E-04
 5.22561335E-04
 6.29849503E-04
 6.66562369E-04
 5.19007160E-03
 1.52175221E-03
 6.65025759E-04
 3.40517050E-03
 2.22556671E-03
 1.35601579E-01
 4.64649032E-04
 4.47545743E-04
 5.47023303E-04
 4.04609986E-04
 4.16909577E-04
 4.80049944E-04
 3.10350359E-04
 4.11103271E-04
 2.70707394E-04
 1.19836775E-03
 2.23773653E-04
 8.62704957E-06
 8.00410714E-05
 1.14641724E-04
 1.82340903E-02
 9.36041806E-06
 2.86064279E-04
 4.88359396E-03
 3.87499517E-04
 5.02542189E-03
 1.48153776E-04
 4.27198236E-04
 1.20753132E-03
 5.67134698E-04
 7.09884184E-03
 5.96724316E-04
 6.58842250E-04
 1.71023278E-02
 6.33456570E-04
 5.44439894E-04
 4.51669805E-04
 5.25041680E-04
 3.27007884E-04
 2.69306569E-04
 6.67681901E-05
 1.82281328E-04
 5.63982849E-03
 2.67209608E-04
 4.45061888E-04
 1.00000000E+00
 1.00000000E+00
 1.00000000E+00
 1.00000000E+00
 1.00000000E+00
 1.00000000E+00
 1.00000000E+00
 1.00000000E+00
 1.00000000E+00
 1.00000000E+00
 1.00000000E+00
 1.00000000E+00
 6.36044350E-06
 4.03566815E-05
 5.26369341E-05
 5.44574924E-06
 3.48642916E-05
 1.09621082E-05
 3.17163489E-05
 1.69223216E-02
 1.30060672E-02
 9.14551706E-03
 4.73766533E-03
 2.07564964E-03
 3.37973580E-04
 2.83373212E-02
 2.91645207E-02
 3.00286663E-02
 3.09975091E-02
 2.82488946E-02
 1.13039831E-01
 2.16741690E-02
 2.27300723E-02
 2.40071058E-02
 2.54182190E-02
 1.56477330E-02
 1.64897640E-02
 1.79894123E-02
 1.19733503E-02
 1.28147326E-02
 9.10573930E-02
 8.05945385E-03
 6.74149519E-05
 7.35386641E-05
 1.30939136E-04
 1.19362398E-04
 1.60035950E-04
 1.54809683E-04
 3.74882016E-03
 5.09242611E-05
 1.10271420E-04
 1.31321247E-04
 1.54183568E-04
 1.97276341E-04
 9.60498673E-02
 1.06985834E-04
 1.52357875E-04
 1.81486589E-04
 2.46149762E-04
 4.12226865E-03
 1.40477920E-04
 2.44194310E-04
 2.80976142E-04
 1.88534604E-02
 1.66700219E-04
 3.72940889E-04
 4.53099030E-03
 3.02555842E-04
 7.99435247E-02
 3.29636815E-03
 1.11462943E-04
 1.09421639E-04
 1.52948678E-04
 1.73730697E-04
 2.11692831E-04
 9.64223636E-02
 1.01568515E-04
 1.24337385E-04
 1.76314087E-04
 2.73229936E-04
 4.82160786E-03
 1.08196911E-04
 1.85225841E-04
 3.51933194E-04
 1.03395753E-03
 1.77998510E-04
 4.61159047E-04
 9.87583187E-04
 4.00410162E-04
 4.95433176E-03
 8.00227018E-02
 1.12260043E-04
 9.65323388E-05
 2.13076443E-04
 2.61267382E-04
 1.09262157E-04
 2.00840301E-04
 3.50835402E-04
 1.96880939E-04
 4.78520860E-04
 7.73026471E-04
 5.20554387E-04
 1.22891177E-04
 1.79470636E-04
 3.32477419E-04
 1.78329968E-02
 2.02879274E-04
 5.05659383E-04
 4.34244663E-03
 5.52884602E-04
 4.05020236E-03
 1.62424552E-04
 4.10912939E-04
 1.08394497E-01
 5.55159966E-04
 1.11547965E-01
 1.18260519E-01
 4.97736218E-04
 1.44336843E-03
 1.44425053E-03
 1.49263000E-03
 1.53250104E-03
 1.54479030E-03
 1.54154910E-03
 5.88193707E-04
 5.99097413E-04
 5.92102700E-04
 5.87817707E-04
 6.85158244E-04
 9.50953024E-02
 1.03755251E-04
 6.07567764E-05
 2.51543450E-05
 2.93798199E-05
 9.56081533E-05
 1.70587709E-05
 5.39556425E-05
 6.35589118E-05
 1.12372216E-04
 7.19713999E-05
 8.04624249E-05
 1.03121084E-04
 1.17603246E-04
 1.48888545E-04
 1.91808262E-04
 1.08294808E-04
 1.35613388E-04
 2.45155910E-04
 2.60774569E-04
 1.32382547E-04
 1.79201920E-04
 3.66424423E-04
 2.29939779E-04
 3.45685441E-04
 4.04234265E-04
 1.68075809E-04
 2.00929652E-04
 2.13874878E-04
 3.01078048E-04
 2.01392814E-04
 2.77890811E-04
 3.63496392E-04
 2.34703063E-04
 5.07585036E-04
 2.85973476E-02
 5.65585703E-04
 1.38466556E-04
 2.43897737E-04
 3.80142350E-04
 2.64039760E-04
 5.46977716E-04
 6.31862755E-04
 2.22695497E-04
 5.14297393E-04
 4.19234099E-03
 6.69713354E-04
 5.98807994E-04
 3.73791822E-04
 3.98903596E-04
 2.83175062E-04
 3.45249828E-04
 3.00525759E-04
 9.44220066E-02
 3.10932608E-04
 3.28314262E-04
 2.15588552E-04
 2.00943553E-04
 2.12106273E-03
 2.71908929E-04
 2.24888031E-04
 1.31889441E-04
 6.78397409E-04
 2.97747211E-04
 6.06366772E-05
 7.05790975E-04
 8.14684796E-05
 2.05077366E-03
 6.57224907E-02
 7.38260567E-05
 8.95123385E-05
 9.49151383E-05
 1.68173563E-04
 4.47894925E-05
 1.52306205E-04
 2.74520187E-04
 1.30035277E-04
 3.31186949E-04
 1.64293525E-02
 3.74192369E-04
 1.65329217E-04
 2.55018807E-04
 3.60784510E-04
 1.01022083E-03
 1.88380868E-04
 5.11586866E-04
 2.56694919E-02
 5.83878807E-04
 2.59270428E-02
 1.54505853E-04
 2.39598186E-04
 5.42566809E-04
 6.05340937E-04
 6.66347671E-04
 5.19995530E-03
 1.53396867E-03
 6.76369456E-04
 3.38605389E-03
 2.19511359E-03
 1.35714553E-01
 4.63917481E-04
 3.98053216E-04
 4.54113348E-04
 4.38137637E-04
 4.17321509E-04
 4.03617401E-04
 3.20846488E-04
 4.30748192E-04
 2.05216519E-04
 1.17636675E-03
 1.54743866E-04
 2.98750720E-05
 1.44984025E-04
 1.54102452E-04
 1.82027794E-02
 2.72311236E-05
 2.88838919E-04
 4.87990300E-03
 3.78357932E-04
 5.05014238E-03
 1.51389170E-04
 4.53928719E-04
 1.16007897E-03
 5.69527773E-04
 7.08621023E-03
 6.20815684E-04
 6.59865452E-04
 1.71214430E-02
 5.49532830E-04
 6.51390112E-04
 4.75208915E-04
 4.51152986E-04
 3.57078807E-04
 1.82350636E-04
 6.75034955E-05
 2.43669468E-04
 5.60879329E-03
 3.23983204E-04
 5.14391337E-04
 1.00000000E+00
 1.00000000E+00
 1.00000000E+00
 1.00000000E+00
 1.00000000E+00
 1.00000000E+00
 1.00000000E+00
 1.00000000E+00
 1.00000000E+00
 1.00000000E+00
 1.00000000E+00
 1.00000000E+00
 6.48081863E-06
 2.26096065E-05
 2.44281854E-06
 2.96792821E-05
 9.84143491E-06
 6.87908684E-05
 3.44617845E-05
 2.00146443E-05
 3.08769425E-06
 1.15558501E-05
 3.03750932E-06
 9.59856113E-06
 2.94300617E-05
 2.25318371E-02
 1.71642713E-02
 1.14045298E-02
 5.52512864E-03
 1.71163523E-03
 9.11910368E-02
 2.75948797E-02
 2.87669731E-02
 2.99683253E-02
 3.13917193E-02
 2.11020859E-02
 2.27419176E-02
 2.45941351E-02
 1.53826978E-02
 1.69179276E-02
 9.86474308E-02
 1.18626934E-02
 7.22046437E-05
 6.69068829E-05
 1.32454599E-04
 9.40144246E-05
 1.62531243E-04
 1.86954385E-04
 3.76313273E-03
 5.08762321E-05
 7.34985349E-05
 1.66062112E-04
 1.71202469E-04
 2.04225117E-04
 9.61593390E-02
 9.07209048E-05
 1.66970546E-04
 1.90996408E-04
 2.64092967E-04
 4.15856781E-03
 1.31131327E-04
 2.45368776E-04
 3.24077650E-04
 1.89427934E-02
 1.86631221E-04
 3.88787106E-04
 4.50472173E-03
 3.41081373E-04
 8.16627772E-02
 3.34282758E-03
 1.15862374E-04
 9.17335967E-05
 1.39987038E-04
 1.73612789E-04
 2.24557423E-04
 9.65318294E-02
 1.26654045E-04
 1.43815954E-04
 1.88497514E-04
 2.75854070E-04
 4.83089031E-03
 1.23526088E-04
 2.11904998E-04
 3.61947340E-04
 1.05042001E-03
 2.04879916E-04
 4.72494444E-04
 9.79565655E-04
 4.35901710E-04
 4.98199749E-03
 8.23526252E-02
 8.98036631E-05
 8.75131829E-05
 1.87747822E-04
 2.57329571E-04
 1.17051428E-04
 2.21186987E-04
 3.62112137E-04
 2.05575193E-04
 4.97601611E-04
 7.92338393E-04
 5.60010127E-04
 9.53729771E-05
 1.74153631E-04
 3.31452572E-04
 1.78578047E-02
 1.98662253E-04
 4.95570738E-04
 4.36567999E-03
 5.95867697E-04
 4.09513910E-03
 1.67607751E-04
 4.25426717E-04
 1.08447871E-01
 5.87412569E-04
 1.11695470E-01
 1.18575604E-01
 5.16334808E-04
 2.10927525E-03
 2.06106130E-03
 2.08173787E-03
 2.12503169E-03
 2.17706451E-03
 2.16297655E-03
 1.26511301E-03
 1.18810877E-03
 1.23245207E-03
 1.27726850E-03
 1.30891143E-03
 9.58141398E-02
 3.22866073E-04
 2.92189208E-04
 3.76054491E-04
 3.90525503E-04
 2.93345327E-05
 9.55997677E-05
 5.73104422E-05
 7.12668997E-06
 1.53516453E-04
 1.27415253E-04
 7.69173006E-05
 7.97334910E-05
 1.32859457E-04
 1.68311196E-04
 2.12202019E-04
 1.12576759E-04
 1.43016733E-04
 2.89357381E-04
 2.78719246E-04
 1.67083337E-04
 2.48885014E-04
 3.96562900E-04
 1.95514661E-04
 4.20973124E-04
 4.30020664E-04
 1.37300832E-04
 1.57544970E-04
 2.14302893E-04
 3.00343831E-04
 1.57155974E-04
 2.57305349E-04
 3.38853582E-04
 2.54821024E-04
 4.94373879E-04
 2.87440129E-02
 5.97233888E-04
 1.46418477E-04
 2.26004235E-04
 3.93644328E-04
 2.55843389E-04
 5.60471501E-04
 6.74594261E-04
 2.31649595E-04
 5.23849501E-04
 4.20842631E-03
 6.93509661E-04
 6.27973899E-04
 3.84272060E-04
 3.44754857E-04
 2.84176369E-04
 2.26927026E-04
 2.59245677E-04
 9.44260115E-02
 3.57834413E-04
 3.74364488E-04
 1.70925686E-04
 1.14824887E-04
 2.19738928E-03
 2.49512173E-04
 2.14901582E-04
 1.39341411E-04
 5.75358503E-04
 2.28777148E-04
 2.19504154E-05
 6.32225692E-04
 9.25273944E-05
 2.11088271E-03
 6.79721194E-02
 4.94779199E-05
 5.76963997E-05
 1.20354239E-04
 2.05916787E-04
 6.70834574E-05
 9.09128714E-05
 3.20903785E-04
 1.98516647E-04
 3.78985043E-04
 1.65790077E-02
 4.39233101E-04
 1.65270229E-04
 2.08791641E-04
 3.73628503E-04
 1.01221400E-03
 2.27980294E-04
 5.40041619E-04
 2.56853078E-02
 6.48334914E-04
 2.60790227E-02
 1.65851580E-04
 2.63117316E-04
 5.33677061E-04
 5.99855544E-04
 7.10213074E-04
 5.21931040E-03
 1.56185732E-03
 6.93213709E-04
 3.41013850E-03
 2.20492026E-03
 1.35859988E-01
 5.26649276E-04
 4.26666876E-04
 4.37020571E-04
 3.61684585E-04
 4.93170810E-04
 3.93176757E-04
 3.42956454E-04
 3.81472212E-04
 1.85778891E-04
 1.17695670E-03
 1.09308364E-04
 5.99215356E-05
 7.04609249E-05
 1.96669217E-04
 1.82088241E-02
 8.12271382E-05
 2.73750776E-04
 4.89428770E-03
 4.44999971E-04
 5.07720969E-03
 1.71880336E-04
 4.42959455E-04
 1.14261715E-03
 6.18711759E-04
 7.11670232E-03
 6.55659031E-04
 6.60324784E-04
 1.71664397E-02
 6.30066947E-04
 5.92017065E-04
 4.41542916E-04
 4.49429474E-04
 3.05074153E-04
 1.58902916E-04
 8.78597307E-05
 1.96104956E-04
 5.58131179E-03
 3.93384111E-04
 5.20705494E-04
 1.00000000E+00
 1.00000000E+00
 1.00000000E+00
 1.00000000E+00
 1.00000000E+00
 1.00000000E+00
 1.00000000E+00
 1.00000000E+00
 1.00000000E+00
 1.00000000E+00
 1.00000000E+00
 1.00000000E+00
 2.43661057E-05
 2.62289920E-05
 3.42750117E-05
 1.00056406E-05
 2.33706397E-06
 4.00343196E-06
 1.01879870E-07
 5.68884758E-05
 1.85939829E-06
 1.60389499E-05
 9.27383042E-06
 2.67533657E-05
 5.85800669E-06
 2.34703045E-04
 1.52902106E-05
 1.34978728E-05
 3.74154934E-06
 3.79393886E-05
 9.09090909E-02
 2.64104758E-02
 1.88392883E-02
 1.05194375E-02
 3.04885576E-03
 2.72927543E-02
 2.88977055E-02
 3.07490015E-02
 2.12029375E-02
 2.36307293E-02
 1.06068217E-01
 1.56212299E-02
 6.38286514E-05
 8.37206054E-05
 9.41450272E-05
 8.59832274E-05
 1.32669739E-04
 1.49809853E-04
 3.80026407E-03
 7.50399563E-05
 9.29513031E-05
 1.66643017E-04
 1.77428595E-04
 1.95962886E-04
 9.62798327E-02
 1.02141746E-04
 1.83542149E-04
 2.16915479E-04
 2.83579412E-04
 4.18199480E-03
 1.38668005E-04
 2.52982033E-04
 3.45442786E-04
 1.90023309E-02
 1.96168901E-04
 4.15533939E-04
 4.51587464E-03
 3.67188068E-04
 8.33164653E-02
 3.41113086E-03
 1.09074488E-04
 9.31788517E-05
 1.33086544E-04
 1.78448713E-04
 2.22510870E-04
 9.66319272E-02
 1.37626502E-04
 1.55638093E-04
 1.86054370E-04
 2.77750183E-04
 4.83612086E-03
 1.40543920E-04
 2.30009973E-04
 3.60968077E-04
 1.05306283E-03
 2.24223251E-04
 4.62674842E-04
 9.85123960E-04
 4.60741393E-04
 4.94036298E-03
 8.45933787E-02
 8.81470630E-05
 9.50400283E-05
 1.81374042E-04
 2.53481063E-04
 1.10724720E-04
 2.26203507E-04
 3.64131229E-04
 2.14901525E-04
 5.03210014E-04
 8.02054736E-04
 6.01048546E-04
 7.70131605E-05
 1.75651062E-04
 3.37083118E-04
 1.78851536E-02
 1.94972047E-04
 4.85379696E-04
 4.38039541E-03
 6.23492578E-04
 4.13207903E-03
 1.74456323E-04
 4.29337916E-04
 1.08503388E-01
 5.98890445E-04
 1.11851843E-01
 1.18901893E-01
 5.24743818E-04
 4.03089766E-03
 4.13036919E-03
 4.24498266E-03
 4.36755273E-03
 4.51777338E-03
 4.68083545E-03
 1.81215939E-03
 1.89146711E-03
 1.86102880E-03
 1.88984739E-03
 1.93496821E-03
 9.64521895E-02
 9.56878133E-04
 1.00555808E-03
 1.04073071E-03
 1.06107621E-03
 2.02353851E-04
 1.84052017E-04
 2.35645536E-04
 3.31070244E-05
 1.48322637E-04
 1.44317070E-04
 1.16692543E-04
 1.13826634E-04
 1.34025053E-04
 1.89928002E-04
 2.08049196E-04
 1.29140932E-04
 1.64428675E-04
 2.65214108E-04
 2.61030556E-04
 1.88399102E-04
 2.58242026E-04
 4.09421651E-04
 1.95446684E-04
 4.37976291E-04
 4.53829782E-04
 1.14310041E-04
 1.36980377E-04
 1.88261964E-04
 2.79850906E-04
 1.68381934E-04
 2.63122411E-04
 3.44565597E-04
 2.75277265E-04
 5.18803389E-04
 2.88657743E-02
 5.84776835E-04
 1.42761773E-04
 2.36052931E-04
 3.84551002E-04
 2.60363827E-04
 5.66250818E-04
 6.99104311E-04
 2.30850840E-04
 5.28429855E-04
 4.21634088E-03
 7.06359779E-04
 6.39447096E-04
 2.98351164E-04
 3.07677575E-04
 2.66003635E-04
 1.94254497E-04
 2.47900959E-04
 9.44926921E-02
 2.60030585E-04
 2.77734562E-04
 1.78019376E-04
 1.08184444E-04
 2.23511916E-03
 2.14681586E-04
 2.22100747E-04
 3.66304863E-05
 5.71928712E-04
 2.25988334E-04
 5.13404244E-06
 6.17106216E-04
 2.55105287E-05
 2.13034881E-03
 7.01218975E-02
 6.97694939E-05
 8.10446811E-05
 1.21799030E-04
 2.13317249E-04
 6.91370909E-05
 1.78619717E-04
 3.05923515E-04
 1.96733862E-04
 3.99941609E-04
 1.66593429E-02
 4.60204948E-04
 1.70266784E-04
 2.20941682E-04
 3.75974822E-04
 1.00060452E-03
 2.47690098E-04
 5.55352419E-04
 2.57070961E-02
 6.67154564E-04
 2.62481051E-02
 1.58196649E-04
 2.66034990E-04
 5.45548433E-04
 5.97376728E-04
 7.25736113E-04
 5.24200742E-03
 1.55725488E-03
 7.03750572E-04
 3.41344610E-03
 2.20909786E-03
 1.35983622E-01
 4.45112214E-04
 4.73388028E-04
 5.07577084E-04
 4.35549575E-04
 4.42132117E-04
 3.22459461E-04
 2.98740588E-04
 3.44927064E-04
 1.68668790E-04
 1.14065911E-03
 1.32047179E-04
 5.20671640E-06
 9.13774040E-05
 1.64019098E-04
 1.82370839E-02
 8.22332078E-05
 3.51594412E-04
 4.90681459E-03
 4.57912482E-04
 5.13362977E-03
 1.99287942E-04
 4.72375422E-04
 1.11778044E-03
 6.36733992E-04
 7.13505368E-03
 6.46277362E-04
 6.79673695E-04
 1.71975101E-02
 5.91796105E-04
 5.98716850E-04
 4.47060362E-04
 3.83768526E-04
 2.58125813E-04
 1.42838762E-04
 3.00018436E-05
 1.93971188E-04
 5.57768749E-03
 3.88412292E-04
 5.46498312E-04
 1.00000000E+00
 1.00000000E+00
 1.00000000E+00
 1.00000000E+00
 1.00000000E+00
 1.00000000E+00
 1.00000000E+00
 1.00000000E+00
 1.00000000E+00
 1.00000000E+00
 1.00000000E+00
 1.00000000E+00
 5.37013240E-05
 3.98401557E-06
 3.02512098E-05
 1.55678745E-05
 6.39895880E-06
 1.52655666E-16
 1.40297363E-06
 1.37904404E-05
 4.84281557E-07
 4.43697303E-06
 1.13305588E-05
 2.51407232E-06
 9.51760963E-07
 4.64195350E-05
 8.13889684E-06
 5.73597402E-07
 9.70217336E-06
 8.14427835E-07
 9.09090909E-02
 1.52927605E-03
 3.68587026E-06
 1.09854902E-05
 1.47664076E-05
 2.75663170E-02
 1.64817435E-02
 5.02894931E-03
 2.75917793E-02
 2.99754432E-02
 1.03643073E-01
 2.22353441E-02
 9.33546487E-05
 1.36040311E-04
 1.07836710E-04
 1.15984890E-04
 1.37112738E-04
 1.63071240E-04
 3.75935585E-03
 1.15888124E-04
 1.03577880E-04
 1.42547384E-04
 1.86793601E-04
 2.04850504E-04
 9.64110328E-02
 1.03312894E-04
 1.57233592E-04
 1.76889364E-04
 2.66740280E-04
 4.20193105E-03
 1.53013914E-04
 2.26427617E-04
 3.30515492E-04
 1.90881239E-02
 2.10175508E-04
 3.82724682E-04
 4.51912409E-03
 3.85180077E-04
 8.49075906E-02
 3.47492097E-03
 9.30454378E-05
 1.03395393E-04
 1.47506822E-04
 1.89451487E-04
 2.08906582E-04
 9.67216314E-02
 1.43158927E-04
 1.50509442E-04
 1.74419688E-04
 2.83386077E-04
 4.83562719E-03
 1.39563405E-04
 2.32273790E-04
 3.61589880E-04
 1.04215951E-03
 2.34929804E-04
 4.61897483E-04
 9.92799009E-04
 5.03327843E-04
 4.95004542E-03
 8.67102000E-02
 1.03992947E-04
 1.08025634E-04
 1.99631537E-04
 2.51269076E-04
 1.17836849E-04
 2.15585080E-04
 3.62700407E-04
 2.10970704E-04
 4.99295102E-04
 7.93649688E-04
 6.08180924E-04
 9.71257750E-05
 1.86644929E-04
 3.28195338E-04
 1.79138437E-02
 1.91500959E-04
 4.83836643E-04
 4.38343598E-03
 6.20244192E-04
 4.15483796E-03
 1.84071443E-04
 4.24326714E-04
 1.08559873E-01
 5.91124211E-04
 1.12013992E-01
 1.19268240E-01
 5.22586655E-04
 7.04340006E-03
 7.12010751E-03
 7.26113735E-03
 7.35047791E-03
 7.51809864E-03
 7.65748397E-03
 2.89212649E-03
 3.03878409E-03
 3.23676399E-03
 3.49384459E-03
 3.81402081E-03
 9.84203783E-02
 1.65492978E-03
 1.63758220E-03
 1.67035328E-03
 1.72831984E-03
 8.06201599E-04
 7.86234818E-04
 8.66320024E-04
 3.25962059E-06
 5.40890735E-05
 1.31187943E-04
 9.35261844E-05
 7.64536296E-05
 1.11556967E-04
 1.73210804E-04
 2.14176325E-04
 1.25732596E-04
 1.35661780E-04
 2.43441661E-04
 3.02079350E-04
 1.68119512E-04
 2.09038075E-04
 3.80328835E-04
 2.56712963E-04
 3.82611814E-04
 4.98239591E-04
 1.17052112E-04
 1.77739899E-04
 2.13419302E-04
 3.03288860E-04
 2.03475989E-04
 2.85503145E-04
 3.99087346E-04
 2.69415907E-04
 5.63660077E-04
 2.89442433E-02
 5.91456434E-04
 1.33127954E-04
 2.33141178E-04
 3.84034204E-04
 2.68837170E-04
 5.58491251E-04
 6.87591584E-04
 2.21134917E-04
 5.29177517E-04
 4.21871250E-03
 7.07091568E-04
 6.33024326E-04
 3.06736731E-04
 2.61768079E-04
 2.23303045E-04
 1.99274188E-04
 2.73238112E-04
 9.46022444E-02
 2.97096413E-04
 2.24189012E-04
 2.17566766E-04
 1.31319656E-04
 2.14636492E-03
 2.19242209E-04
 2.33126202E-04
 1.03635094E-04
 6.20518472E-04
 2.26009973E-04
 1.21555903E-05
 6.53222452E-04
 6.62075556E-06
 2.10665354E-03
 7.21934874E-02
 6.95948516E-05
 7.22437642E-05
 9.15866175E-05
 2.04193404E-04
 5.44289455E-05
 1.58526662E-04
 2.84194832E-04
 1.47933350E-04
 4.01002358E-04
 1.68352752E-02
 4.50393997E-04
 1.78458360E-04
 2.40840506E-04
 3.65636774E-04
 9.82370150E-04
 2.25654525E-04
 5.58110997E-04
 2.57352899E-02
 6.57971239E-04
 2.64258295E-02
 1.39736463E-04
 2.51008400E-04
 5.50776216E-04
 5.97127346E-04
 7.12850890E-04
 5.26740977E-03
 1.52920332E-03
 7.08047954E-04
 3.40876484E-03
 2.20859778E-03
 1.36089114E-01
 4.35667086E-04
 4.14296449E-04
 4.10450218E-04
 4.15556173E-04
 4.50768564E-04
 3.24244719E-04
 2.47415993E-04
 3.62291126E-04
 1.62852318E-04
 1.14280973E-03
 1.91800032E-04
 4.81827907E-05
 5.35716963E-05
 1.40668707E-04
 1.82417867E-02
 4.37397637E-05
 3.32905750E-04
 4.93570754E-03
 4.26430116E-04
 5.20311907E-03
 1.96681368E-04
 5.04862869E-04
 1.09855744E-03
 6.12560330E-04
 7.14234408E-03
 5.97976167E-04
 6.95568335E-04
 1.72257794E-02
 6.01658987E-04
 6.90094066E-04
 4.37910650E-04
 5.05022550E-04
 3.49822923E-04
 1.67824430E-04
 5.28534906E-05
 1.29541270E-04
 5.58801656E-03
 3.73863299E-04
 5.82725291E-04
 1.00000000E+00
 1.00000000E+00
 1.00000000E+00
 1.00000000E+00
 1.00000000E+00
 1.00000000E+00
 1.00000000E+00
 1.00000000E+00
 1.00000000E+00
 1.00000000E+00
 1.00000000E+00
 1.00000000E+00
 3.05200655E-05
 1.67501510E-05
 2.52032862E-06
 1.04730443E-06
 1.15859412E-05
 3.40341871E-05
 3.63531594E-05
 5.97325799E-07
 6.09681501E-06
 2.53788337E-07
 1.58275575E-06
 2.53335904E-07
 3.97839962E-06
 5.91568161E-07
 6.27053495E-07
 3.14208390E-06
 2.09984985E-05
 1.71534598E-08
 9.09090909E-02
 4.28218133E-07
 2.90039123E-06
 5.95015180E-06
 5.56918392E-06
 1.50644448E-03
 1.67438599E-05
 1.13509669E-05
 2.45662203E-02
 8.33026910E-03
 9.09429845E-02
 2.88380847E-02
 6.62832833E-05
 1.37927395E-04
 1.11916261E-04
 1.26753129E-04
 1.29195991E-04
 1.83059039E-04
 3.54835013E-03
 1.00048613E-04
 1.17824184E-04
 1.24095867E-04
 1.72195931E-04
 2.14651737E-04
 9.65176052E-02
 1.20570971E-04
 1.68589556E-04
 1.79794789E-04
 2.75720057E-04
 4.23775335E-03
 1.55825568E-04
 2.60345982E-04
 3.44209028E-04
 1.91716121E-02
 2.25347400E-04
 4.21259667E-04
 4.56642447E-03
 4.13240628E-04
 8.63923487E-02
 3.52184141E-03
 7.45636000E-05
 1.15833071E-04
 1.61873473E-04
 2.00330646E-04
 2.24690911E-04
 9.68259698E-02
 1.38007488E-04
 1.48086794E-04
 1.73788219E-04
 2.73587733E-04
 4.85305904E-03
 1.77381023E-04
 2.47652052E-04
 3.65090863E-04
 1.06856505E-03
 2.41258509E-04
 4.81758617E-04
 1.00462367E-03
 5.26215815E-04
 4.98919464E-03
 8.87229300E-02
 1.14943892E-04
 1.33703431E-04
 1.94920286E-04
 2.58097047E-04
 1.10852129E-04
 2.22885740E-04
 3.59703276E-04
 2.24926381E-04
 5.05768775E-04
 8.21523675E-04
 6.44163469E-04
 1.12839377E-04
 2.26938689E-04
 3.28706105E-04
 1.79332501E-02
 1.83896356E-04
 4.98495184E-04
 4.41392522E-03
 6.60623277E-04
 4.21169042E-03
 2.07208736E-04
 4.47505421E-04
 1.08607753E-01
 6.21476106E-04
 1.12172205E-01
 1.19623839E-01
 5.43824168E-04
 9.88160406E-03
 9.93625302E-03
 1.00957196E-02
 1.02013229E-02
 1.03977248E-02
 1.04938542E-02
 5.95168093E-03
 6.10249137E-03
 6.34744166E-03
 6.60475912E-03
 6.92527314E-03
 1.01340500E-01
 2.32750059E-03
 2.47232837E-03
 2.66880977E-03
 2.98620643E-03
 1.41516320E-03
 1.46462874E-03
 1.51328886E-03
 5.79358710E-04
 6.04705155E-04
 1.20778242E-04
 9.26166973E-05
 8.26174100E-05
 1.30659511E-04
 1.62885310E-04
 1.88539758E-04
 1.08614948E-04
 1.61111280E-04
 2.32212201E-04
 3.01905401E-04
 1.94352857E-04
 2.77781434E-04
 3.98521385E-04
 2.24844160E-04
 4.69212461E-04
 5.16098674E-04
 1.23493526E-04
 1.86714319E-04
 2.08734831E-04
 2.92146806E-04
 1.74877838E-04
 2.67928887E-04
 3.98576525E-04
 2.74479815E-04
 5.62703699E-04
 2.90931504E-02
 6.48371799E-04
 1.26457413E-04
 2.59889661E-04
 3.89126428E-04
 2.49546903E-04
 5.56736763E-04
 7.16000524E-04
 2.39994901E-04
 5.36728682E-04
 4.23245568E-03
 7.25170681E-04
 6.58956690E-04
 2.12044959E-04
 2.19611008E-04
 2.30646446E-04
 1.88710576E-04
 1.97868097E-04
 9.46487203E-02
 2.60460958E-04
 2.46543353E-04
 1.83956025E-04
 1.34103245E-04
 2.21534595E-03
 1.82793467E-04
 2.21077671E-04
 6.68194106E-05
 6.11346223E-04
 1.91290536E-04
 5.53285614E-06
 5.82708455E-04
 2.15056127E-05
 2.21486341E-03
 7.42005146E-02
 6.37676509E-05
 7.97983626E-05
 1.06970490E-04
 1.99699493E-04
 6.15282948E-05
 1.75182815E-04
 3.04561453E-04
 2.28277525E-04
 4.38673275E-04
 1.69578096E-02
 5.18307442E-04
 1.83690596E-04
 2.21087054E-04
 3.43819856E-04
 1.01706480E-03
 2.42436817E-04
 5.41815238E-04
 2.57914652E-02
 6.85351216E-04
 2.66205144E-02
 1.20185156E-04
 2.70669412E-04
 5.52636490E-04
 6.17495789E-04
 7.27144178E-04
 5.30174224E-03
 1.52429516E-03
 7.19038360E-04
 3.43789611E-03
 2.24230507E-03
 1.36227326E-01
 4.23272775E-04
 3.59627168E-04
 4.24126593E-04
 4.02869405E-04
 4.27371449E-04
 3.43133904E-04
 2.78110932E-04
 3.06653960E-04
 1.58698538E-04
 1.11428769E-03
 2.08746691E-04
 1.19388476E-05
 1.00419021E-04
 1.67871246E-04
 1.82761727E-02
 3.98244015E-05
 3.49984780E-04
 4.93959634E-03
 4.83479386E-04
 5.24154904E-03
 1.91353082E-04
 4.80355404E-04
 1.16473459E-03
 6.43651700E-04
 7.19180874E-03
 5.85422630E-04
 7.19256722E-04
 1.72863033E-02
 6.83549239E-04
 6.56814950E-04
 4.78941630E-04
 4.32796691E-04
 3.08387628E-04
 1.84799227E-04
 5.78951901E-05
 1.64815014E-04
 5.62508689E-03
 3.68828451E-04
 5.51665187E-04
 1.00000000E+00
 1.00000000E+00
 1.00000000E+00
 1.00000000E+00
 1.00000000E+00
 1.00000000E+00
 1.00000000E+00
 1.00000000E+00
 1.00000000E+00
 1.00000000E+00
 1.00000000E+00
 1.00000000E+00
 2.70415626E-05
 1.08454449E-05
 3.02857077E-06
 4.14822761E-06
 2.25635370E-05
 4.88684026E-05
 4.64938767E-09
 1.15211864E-05
 1.70180190E-06
 1.07918345E-06
 1.43549399E-05
 5.93202359E-07
 1.21759587E-05
 1.38881887E-05
 7.72840432E-06
 1.47011924E-06
 8.87088943E-06
 1.55262412E-06
 9.09090909E-02
 6.54373001E-06
 3.37089813E-06
 2.72358528E-05
 1.08013095E-07
 2.56946531E-06
 4.58188816E-05
 1.41513863E-06
 1.27554033E-04
 7.76431993E-06
 9.09478265E-02
 1.47575251E-02
 1.06035837E-04
 1.24418535E-04
 1.09469572E-04
 1.18585842E-04
 1.17448148E-04
 1.76687816E-04
 3.44779689E-03
 1.19222692E-04
 1.36616979E-04
 1.53079473E-04
 1.69891680E-04
 2.12057661E-04
 9.66228911E-02
 1.09339255E-04
 1.56504796E-04
 1.98582403E-04
 2.64348141E-04
 4.54579777E-03
 1.26123034E-04
 2.59405827E-04
 3.56744144E-04
 1.92818313E-02
 2.07438641E-04
 4.36541070E-04
 4.55237996E-03
 4.32429224E-04
 8.77971841E-02
 3.58187760E-03
 9.67252617E-05
 1.20280441E-04
 1.49269834E-04
 1.94728338E-04
 2.29537255E-04
 9.69321032E-02
 1.21241062E-04
 1.43233916E-04
 1.77054858E-04
 2.73825297E-04
 4.85791257E-03
 1.78826136E-04
 2.49007899E-04
 3.76482736E-04
 1.08031591E-03
 2.41579145E-04
 4.97826649E-04
 9.99154648E-04
 5.73640554E-04
 4.99669395E-03
 9.06007101E-02
 1.01503298E-04
 1.14764539E-04
 1.84778737E-04
 2.58436273E-04
 1.23739647E-04
 2.23881611E-04
 3.70101352E-04
 2.36100296E-04
 5.16358308E-04
 8.27799174E-04
 6.42500271E-04
 1.33180062E-04
 2.16991378E-04
 3.38311567E-04
 1.79589303E-02
 2.08180030E-04
 5.07553998E-04
 4.41919939E-03
 6.83324539E-04
 4.24071656E-03
 1.95868611E-04
 4.53586798E-04
 1.08669403E-01
 6.41738456E-04
 1.12331708E-01
 1.19991227E-01
 5.53329244E-04
 1.25723128E-02
 1.26481919E-02
 1.27345796E-02
 1.28811559E-02
 1.30485856E-02
 1.32370745E-02
 8.86852500E-03
 9.06536016E-03
 9.28963602E-03
 9.52659160E-03
 9.86251865E-03
 1.04078423E-01
 4.97160626E-03
 5.31156657E-03
 5.70201046E-03
 6.18661256E-03
 2.05601052E-03
 2.13691212E-03
 2.43306317E-03
 1.26356062E-03
 1.27885221E-03
 4.20196011E-04
 1.06614523E-04
 1.18145829E-04
 1.23893415E-04
 1.96265444E-04
 2.07813077E-04
 1.28333683E-04
 1.92309927E-04
 2.62949107E-04
 2.87724077E-04
 1.63625374E-04
 2.90252331E-04
 3.83392050E-04
 2.47011660E-04
 5.23352004E-04
 5.70946017E-04
 1.01315965E-04
 1.77780220E-04
 2.10257518E-04
 2.93361799E-04
 1.73429304E-04
 2.91468080E-04
 4.14800255E-04
 2.68195611E-04
 5.52188758E-04
 2.91985794E-02
 6.77791114E-04
 1.47516140E-04
 2.67463137E-04
 4.08027723E-04
 2.69982934E-04
 5.70106572E-04
 7.39616789E-04
 2.47014927E-04
 5.44694578E-04
 4.24260590E-03
 7.45100325E-04
 6.73657467E-04
 2.15328587E-04
 2.56884910E-04
 2.82188854E-04
 1.95975648E-04
 2.23787054E-04
 9.46984435E-02
 2.96723982E-04
 2.78051731E-04
 1.95082920E-04
 1.22900461E-04
 2.22372450E-03
 1.57459503E-04
 2.21532191E-04
 7.28010173E-05
 5.80587440E-04
 1.95410175E-04
 2.59339557E-06
 5.95351249E-04
 3.47068314E-05
 2.18465847E-03
 7.60591021E-02
 5.90774893E-05
 9.99593390E-05
 1.12188049E-04
 2.02562379E-04
 8.78227833E-05
 1.99573942E-04
 3.14531182E-04
 2.24226333E-04
 4.57186299E-04
 1.71116622E-02
 5.50004432E-04
 1.51179107E-04
 2.13538021E-04
 3.54810863E-04
 1.02645477E-03
 2.81731606E-04
 5.57437638E-04
 2.57619956E-02
 7.22757601E-04
 2.67745757E-02
 1.70995411E-04
 2.69952609E-04
 5.65655323E-04
 6.11586139E-04
 7.73605800E-04
 5.31163984E-03
 1.53016763E-03
 7.32217010E-04
 3.44515420E-03
 2.24237551E-03
 1.36340930E-01
 4.93453385E-04
 4.03320892E-04
 4.53174222E-04
 3.71596760E-04
 4.54215306E-04
 3.62962112E-04
 2.95902131E-04
 2.54151335E-04
 1.58298426E-04
 1.13097447E-03
 1.68250043E-04
 3.14635779E-05
 6.94216742E-05
 2.11028240E-04
 1.82667712E-02
 9.08813263E-05
 3.80703619E-04
 4.94363821E-03
 4.99264046E-04
 5.29043790E-03
 2.18823025E-04
 4.71641234E-04
 1.15185125E-03
 6.89078238E-04
 7.19288421E-03
 6.10299133E-04
 7.18862797E-04
 1.73202840E-02
 5.61199591E-04
 5.89668071E-04
 4.99395379E-04
 4.80007692E-04
 2.68949335E-04
 1.65867960E-04
 3.47800595E-05
 2.15852182E-04
 5.63005674E-03
 4.12507905E-04
 5.64360492E-04
 1.00000000E+00
 1.00000000E+00
 1.00000000E+00
 1.00000000E+00
 1.00000000E+00
 1.00000000E+00
 1.00000000E+00
 1.00000000E+00
 1.00000000E+00
 1.00000000E+00
 1.00000000E+00
 1.00000000E+00
 1.81597794E-05
 1.00010658E-05
 5.95650916E-06
 1.51280879E-05
 1.26808992E-05
 3.17773999E-06
 2.32469498E-09
 1.47526805E-05
 4.79088632E-06
 2.78564538E-06
 1.20400083E-05
 2.70289675E-05
 8.93741148E-06
 1.89869255E-06
 8.46456255E-07
 9.57023209E-06
 1.77076019E-05
 6.50728444E-06
 9.09090909E-02
 2.45343638E-05
 5.37986768E-07
 2.89568647E-05
 6.49031338E-07
 6.91946209E-07
 6.97099984E-06
 6.16364690E-06
 2.22702921E-05
 4.95962137E-06
 9.09284587E-02
 5.76807518E-07
 9.10624946E-05
 8.90531389E-05
 1.02586869E-04
 1.31908701E-04
 1.42466769E-04
 1.71679266E-04
 3.33597824E-03
 1.17920997E-04
 1.15392316E-04
 1.62209499E-04
 1.77169471E-04
 2.16653691E-04
 9.67248017E-02
 1.21718345E-04
 1.76637620E-04
 2.07421875E-04
 2.70295154E-04
 4.28232021E-03
 1.51988630E-04
 2.42381119E-04
 3.37956754E-04
 1.99822846E-02
 2.36300248E-04
 4.26917587E-04
 4.59365794E-03
 4.61000793E-04
 8.91578295E-02
 3.64638789E-03
 9.44355494E-05
 1.07018026E-04
 1.59035425E-04
 2.03661239E-04
 2.19473505E-04
 9.70257872E-02
 1.08078628E-04
 1.37426636E-04
 1.98153027E-04
 2.70979913E-04
 4.86291405E-03
 1.62161354E-04
 2.35496020E-04
 3.66699255E-04
 1.10204801E-03
 2.46411244E-04
 4.88673042E-04
 1.01774899E-03
 5.75713694E-04
 5.03147329E-03
 9.24318260E-02
 1.03898207E-04
 1.23241714E-04
 1.70384416E-04
 2.52314113E-04
 1.39434245E-04
 2.21770395E-04
 3.71530713E-04
 2.32959841E-04
 5.18809329E-04
 8.42527676E-04
 6.80027717E-04
 1.35489599E-04
 2.16798350E-04
 3.42301760E-04
 1.79862334E-02
 2.19526704E-04
 5.11231491E-04
 4.43363516E-03
 6.89507327E-04
 4.28325908E-03
 1.85537300E-04
 4.59223118E-04
 1.08722558E-01
 6.49207826E-04
 1.12500423E-01
 1.20390980E-01
 5.64061458E-04
 1.50859765E-02
 1.51808448E-02
 1.53287685E-02
 1.56175154E-02
 1.60031532E-02
 1.72122674E-02
 1.16238863E-02
 1.17653495E-02
 1.20542134E-02
 1.23036684E-02
 1.26290840E-02
 1.06755805E-01
 7.98137285E-03
 8.30503200E-03
 8.69382979E-03
 9.18333226E-03
 4.19551728E-03
 4.74826693E-03
 5.43821189E-03
 1.89258684E-03
 1.96354155E-03
 1.01640538E-03
 8.88647786E-05
 1.10735039E-04
 1.34411045E-04
 1.77444175E-04
 2.17666779E-04
 1.14428734E-04
 1.96980023E-04
 2.58436258E-04
 2.98088021E-04
 1.74831407E-04
 2.74604726E-04
 4.03244791E-04
 2.42639626E-04
 5.01490628E-04
 5.61355768E-04
 1.23038690E-04
 1.81452262E-04
 2.32901128E-04
 2.96803731E-04
 1.60776123E-04
 2.82470334E-04
 4.29925504E-04
 2.77350300E-04
 5.40615349E-04
 2.93300943E-02
 6.96286409E-04
 1.61799594E-04
 2.67482914E-04
 4.05103548E-04
 2.60207938E-04
 5.77521122E-04
 7.50258526E-04
 2.47120606E-04
 5.45521660E-04
 4.25038811E-03
 7.45658471E-04
 6.80583122E-04
 1.92342000E-04
 1.99600690E-04
 2.05701320E-04
 1.76940675E-04
 1.87398329E-04
 9.48041727E-02
 3.11066145E-04
 2.56529122E-04
 2.14599904E-04
 1.18483306E-04
 2.20781700E-03
 1.53445475E-04
 1.52589547E-04
 3.55551995E-05
 6.19231449E-04
 1.55944077E-04
 4.99356229E-05
 5.90555686E-04
 1.08346957E-04
 2.17824295E-03
 7.78516148E-02
 4.43754986E-05
 1.01701930E-04
 1.19630970E-04
 1.98677408E-04
 7.34934652E-05
 1.78100932E-04
 3.13623971E-04
 2.24948248E-04
 4.13713729E-04
 1.72899164E-02
 5.54739634E-04
 1.53677807E-04
 2.14579648E-04
 3.61367526E-04
 1.03937078E-03
 2.58235163E-04
 5.43817991E-04
 2.58145259E-02
 7.00619445E-04
 2.69764715E-02
 1.08139625E-04
 2.71473769E-04
 5.61987485E-04
 6.14101213E-04
 7.72261808E-04
 5.35686416E-03
 1.48429596E-03
 7.34495037E-04
 3.46118126E-03
 2.26921586E-03
 1.36456055E-01
 4.71560717E-04
 4.42975895E-04
 4.89716184E-04
 4.01423481E-04
 4.83592605E-04
 3.66812837E-04
 3.32593815E-04
 3.14725311E-04
 1.31510407E-04
 1.22267111E-03
 1.47301337E-04
 1.47480122E-05
 1.01439834E-04
 2.00533474E-04
 1.83068037E-02
 7.39181684E-05
 3.58625739E-04
 4.96091819E-03
 5.12520451E-04
 5.35263601E-03
 2.00068227E-04
 4.67515247E-04
 1.16009949E-03
 6.71183312E-04
 7.24975845E-03
 5.42198660E-04
 7.27504212E-04
 1.73689404E-02
 5.59256914E-04
 6.48609514E-04
 4.89031058E-04
 5.87446790E-04
 3.33973931E-04
 2.96512643E-04
 1.51009070E-05
 2.17750296E-04
 5.61527839E-03
 3.88332706E-04
 5.70359523E-04
 1.00000000E+00
 1.00000000E+00
 1.00000000E+00
 1.00000000E+00
 1.00000000E+00
 1.00000000E+00
 1.00000000E+00
 1.00000000E+00
 1.00000000E+00
 1.00000000E+00
 1.00000000E+00
 1.00000000E+00
