 1.67908976E-03
 1.64654167E-03
 1.60513449E-03
 1.65699554E-03
 1.65085184E-03
 1.65724308E-03
 1.65194604E-03
 1.25271871E-03
 1.25308872E-03
 1.26909503E-03
 1.29153102E-03
 1.34072882E-03
 1.34608776E-03
 1.03463252E-03
 1.04062119E-03
 1.04115014E-03
 1.05010575E-03
 1.08037540E-03
 8.96233845E-02
 7.86462734E-04
 8.11032214E-04
 8.43056070E-04
 8.71369448E-04
 5.15100364E-04
 5.50687637E-04
 6.19198164E-04
 3.12016140E-04
 3.32459177E-04
 1.69067229E-01
 4.04444176E-04
 1.03089143E-04
 1.19562434E-04
 1.20129884E-04
 7.92439350E-05
 3.69927398E-05
 1.44181990E-05
 5.38416027E-03
 1.65692291E-04
 1.77812622E-04
 1.27041043E-04
 1.18917701E-04
 1.01963497E-04
 8.96840260E-02
 2.06100483E-04
 2.00943726E-04
 1.79162661E-04
 1.66111374E-04
 8.95482152E-03
 2.74662698E-04
 2.80299802E-04
 2.71670467E-04
 2.76803949E-02
 4.10381091E-04
 4.13035093E-04
 5.12651109E-03
 6.83420926E-04
 1.75181551E-01
 6.61835669E-03
 2.39952869E-04
 2.21708268E-04
 1.72513137E-04
 1.33678684E-04
 9.58957469E-05
 8.83649823E-02
 2.54109653E-04
 2.46379319E-04
 1.75270987E-04
 1.46188625E-04
 7.08138257E-03
 3.42841242E-04
 3.13023479E-04
 2.65276006E-04
 2.38497332E-03
 5.16578830E-04
 5.06185591E-04
 1.52849288E-03
 9.59020276E-04
 5.86493678E-03
 1.87988024E-01
 2.59141524E-04
 2.35101624E-04
 1.47427996E-04
 5.68431211E-05
 3.50475178E-04
 2.86780498E-04
 1.65379486E-04
 5.19211295E-04
 4.33223375E-04
 2.13666153E-03
 9.82085991E-04
 2.82427803E-04
 1.72375960E-04
 3.94820002E-05
 2.44386324E-02
 4.39439456E-04
 1.88886072E-04
 6.16703140E-03
 6.97327340E-04
 8.78511767E-03
 2.96703922E-04
 1.21983733E-04
 1.04120316E-01
 2.28842625E-04
 1.09151233E-01
 1.19685020E-01
 2.26779473E-04
 1.18907577E-04
 8.10965899E-05
 5.61029500E-05
 6.06638120E-05
 3.87212348E-05
 7.11039819E-06
 1.43736779E-04
 1.30228656E-04
 1.28618107E-04
 1.20677137E-04
 9.25774685E-05
 9.02441704E-02
 1.91863740E-04
 1.89718301E-04
 1.84031686E-04
 1.58206107E-04
 2.64156444E-04
 2.69776385E-04
 2.55206998E-04
 3.98158375E-04
 3.98390468E-04
 6.60565151E-04
 1.71983260E-04
 1.97848029E-04
 1.46623608E-04
 1.15781772E-04
 7.89667083E-05
 2.68131752E-04
 2.31043581E-04
 1.74291342E-04
 1.70061697E-04
 3.67268275E-04
 3.28516628E-04
 3.05534948E-04
 5.26898123E-04
 5.29316980E-04
 1.00274853E-03
 2.95917084E-04
 2.19362726E-04
 1.48858098E-04
 8.23727657E-05
 3.70196780E-04
 2.99585747E-04
 2.08508707E-04
 5.57003705E-04
 4.66432950E-04
 3.94278439E-02
 1.06584886E-03
 3.70596721E-04
 2.16591622E-04
 5.55317369E-06
 4.79491513E-04
 2.32431625E-04
 7.94581921E-04
 3.22954560E-04
 1.33619681E-04
 6.22472688E-03
 2.85245546E-04
 2.43285926E-04
 1.99174814E-04
 1.52371542E-04
 1.28511034E-04
 9.96377162E-05
 5.30622020E-05
 8.95204496E-02
 2.46525289E-04
 2.23468485E-04
 1.77904792E-04
 1.60308584E-04
 7.09978538E-03
 3.41895660E-04
 3.26838827E-04
 2.97074887E-04
 2.38466873E-03
 5.23927100E-04
 5.31132073E-04
 1.52506113E-03
 9.77146887E-04
 5.86083796E-03
 1.87469224E-01
 2.80365819E-04
 2.40903312E-04
 1.92659921E-04
 1.11612443E-04
 3.91073861E-04
 3.16298889E-04
 2.24926886E-04
 5.76722672E-04
 4.97619635E-04
 3.92644527E-02
 1.10841929E-03
 3.56090065E-04
 2.18550123E-04
 6.68685967E-05
 1.72337256E-03
 5.04428473E-04
 2.66623228E-04
 2.50735141E-02
 8.53822714E-04
 4.47739680E-02
 6.56360997E-04
 3.55558941E-04
 1.04332933E-04
 1.85110302E-03
 3.60344850E-04
 6.71007502E-03
 3.07814638E-03
 2.43683719E-04
 6.44593081E-03
 7.79532881E-03
 8.45240607E-02
 2.53019335E-04
 1.88853417E-04
 2.20326563E-04
 1.36272924E-04
 3.71728619E-04
 3.02556225E-04
 2.44887813E-04
 5.67708345E-04
 5.24850795E-04
 2.08017144E-03
 1.10785913E-03
 3.31854569E-04
 2.18192532E-04
 8.33426274E-05
 2.69859898E-02
 5.22951474E-04
 3.19065003E-04
 6.75263301E-03
 9.06425433E-04
 1.03421412E-02
 3.79468216E-04
 4.68263813E-05
 1.82285248E-03
 4.16783278E-04
 6.81983411E-03
 2.86401765E-03
 1.94874743E-04
 2.05186543E-01
 3.42475479E-04
 2.40894713E-04
 1.29144939E-04
 4.93696906E-04
 3.58322548E-04
 9.28246553E-04
 3.37400048E-04
 8.53141044E-06
 6.26992384E-03
 4.74541818E-04
 1.25637514E-04
 1.00000000E+00
 1.00000000E+00
 1.00000000E+00
 1.00000000E+00
 1.00000000E+00
 1.00000000E+00
 1.00000000E+00
 1.00000000E+00
 1.00000000E+00
 1.00000000E+00
 1.00000000E+00
 1.00000000E+00
 2.08744118E-03
 2.12261639E-03
 2.11114121E-03
 1.89455784E-03
 1.61834206E-03
 1.37014595E-03
 1.08766988E-03
 1.70381508E-03
 1.75186438E-03
 1.74289094E-03
 1.75780182E-03
 1.79557179E-03
 1.81561690E-03
 1.31631602E-03
 1.33378817E-03
 1.36924616E-03
 1.42275776E-03
 1.46903998E-03
 8.92181642E-02
 1.08454488E-03
 1.12376416E-03
 1.15173659E-03
 1.18004992E-03
 8.31136034E-04
 8.97083818E-04
 9.49417548E-04
 5.58092170E-04
 6.47423395E-04
 1.68461956E-01
 4.29477505E-04
 1.14119232E-04
 1.03051078E-04
 9.37946417E-05
 9.57920874E-05
 5.30582975E-05
 1.50347821E-05
 5.38737895E-03
 1.76023868E-04
 1.53361131E-04
 1.36399374E-04
 1.24336945E-04
 1.01229626E-04
 8.97203502E-02
 2.24950921E-04
 2.18396590E-04
 1.97522266E-04
 1.88144469E-04
 8.97923167E-03
 2.84168508E-04
 2.75208980E-04
 2.60813667E-04
 2.77319465E-02
 4.09018495E-04
 4.06622246E-04
 5.13484531E-03
 6.72101028E-04
 1.74769235E-01
 6.61713758E-03
 2.16323213E-04
 2.12262853E-04
 1.54315005E-04
 1.40157598E-04
 7.68821333E-05
 8.84988718E-02
 2.60653368E-04
 2.47369960E-04
 1.80844436E-04
 1.59416044E-04
 7.14328992E-03
 3.60419616E-04
 3.40497960E-04
 2.98943845E-04
 2.38456732E-03
 5.22651705E-04
 5.19050424E-04
 1.54583468E-03
 9.63376543E-04
 5.90096561E-03
 1.87365752E-01
 2.60170948E-04
 2.00962362E-04
 1.84930091E-04
 9.29371879E-05
 3.54287753E-04
 3.02969634E-04
 2.04071133E-04
 5.47941246E-04
 4.66705991E-04
 2.10681498E-03
 1.02145929E-03
 3.34678775E-04
 2.34011099E-04
 3.16422027E-05
 2.45253384E-02
 4.70821787E-04
 2.33734956E-04
 6.16482401E-03
 7.65425635E-04
 8.80163184E-03
 3.11788887E-04
 9.40495396E-05
 1.05750099E-01
 3.07712743E-04
 1.11213322E-01
 1.22775363E-01
 2.04581042E-04
 1.08740371E-04
 7.54646546E-05
 6.97840495E-05
 7.88037240E-05
 9.30297621E-05
 4.05266543E-05
 1.25284656E-04
 1.30758672E-04
 1.36296076E-04
 1.23707244E-04
 1.05827781E-04
 9.02656120E-02
 1.92851949E-04
 1.83920851E-04
 1.63921300E-04
 1.48788228E-04
 2.64052700E-04
 2.54042597E-04
 2.51977966E-04
 3.95801820E-04
 3.90122211E-04
 6.46976119E-04
 2.13016105E-04
 2.21555632E-04
 1.86227218E-04
 1.21623986E-04
 8.18710721E-05
 2.78414653E-04
 2.28580211E-04
 2.18099867E-04
 1.77393264E-04
 3.81082182E-04
 3.56302214E-04
 3.15976141E-04
 5.44107351E-04
 5.46738112E-04
 1.00740061E-03
 2.43466816E-04
 2.19649624E-04
 1.63599359E-04
 1.10737727E-04
 3.90792948E-04
 3.37915332E-04
 2.43077035E-04
 5.84981369E-04
 5.15605734E-04
 3.96718475E-02
 1.11152171E-03
 3.74027272E-04
 2.79682911E-04
 5.63453829E-05
 5.04397125E-04
 2.93274338E-04
 8.69019373E-04
 3.71160472E-04
 6.17569234E-05
 6.24516776E-03
 3.63995838E-04
 1.97504131E-04
 1.71384203E-04
 1.77512050E-04
 1.23078479E-04
 1.12596803E-04
 8.21700792E-05
 8.96153909E-02
 2.54683146E-04
 2.59481924E-04
 2.15018138E-04
 1.81511109E-04
 7.14871948E-03
 3.53072225E-04
 3.37810545E-04
 3.20621042E-04
 2.39217653E-03
 5.33973914E-04
 5.41861127E-04
 1.53806287E-03
 9.80548179E-04
 5.89061728E-03
 1.86644418E-01
 2.91118186E-04
 2.66276244E-04
 2.18034474E-04
 1.23674198E-04
 4.00466370E-04
 3.51064098E-04
 2.67453876E-04
 6.05727241E-04
 5.45317311E-04
 3.94471259E-02
 1.15069925E-03
 3.59080228E-04
 2.14447437E-04
 6.96822383E-05
 1.74569674E-03
 5.40450029E-04
 3.30406523E-04
 2.54571309E-02
 9.50718539E-04
 4.54912730E-02
 5.92104010E-04
 3.99970256E-04
 3.93906825E-05
 1.83289120E-03
 4.34946259E-04
 6.89270305E-03
 2.93491100E-03
 1.68179595E-04
 6.52075319E-03
 7.76001693E-03
 8.74008727E-02
 2.86764588E-04
 2.74219070E-04
 2.33185941E-04
 1.49745905E-04
 3.78570134E-04
 3.29139576E-04
 2.89668573E-04
 5.91201109E-04
 5.58585484E-04
 2.06735830E-03
 1.13397977E-03
 3.35509745E-04
 2.66656376E-04
 1.30007630E-04
 2.72261246E-02
 5.46512870E-04
 3.83720222E-04
 6.81803140E-03
 9.77891571E-04
 1.04539166E-02
 4.07890428E-04
 6.74487080E-08
 1.82177274E-03
 5.00594830E-04
 7.01459432E-03
 2.72481921E-03
 1.31424803E-04
 2.05738053E-01
 3.70413600E-04
 3.17318996E-04
 1.30387136E-04
 5.25734965E-04
 4.09561129E-04
 9.90338721E-04
 3.83213562E-04
 6.36982845E-05
 6.30560164E-03
 5.55480657E-04
 5.70130090E-05
 1.00000000E+00
 1.00000000E+00
 1.00000000E+00
 1.00000000E+00
 1.00000000E+00
 1.00000000E+00
 1.00000000E+00
 1.00000000E+00
 1.00000000E+00
 1.00000000E+00
 1.00000000E+00
 1.00000000E+00
 7.58129965E-04
 5.54912057E-04
 3.11491736E-04
 1.28102537E-04
 8.16169578E-05
 1.74559217E-05
 2.00533704E-05
 2.18652174E-03
 2.21662135E-03
 2.24194080E-03
 2.26162459E-03
 2.07972773E-03
 1.62681507E-03
 1.78335793E-03
 1.85058063E-03
 1.87376094E-03
 1.92671037E-03
 2.00508243E-03
 8.87312704E-02
 1.41029172E-03
 1.44715602E-03
 1.51812565E-03
 1.61028495E-03
 1.17927576E-03
 1.23895621E-03
 1.30491161E-03
 9.28230411E-04
 1.02462279E-03
 1.67836998E-01
 6.64211086E-04
 1.69284506E-04
 1.39789063E-04
 1.17740635E-04
 1.13920986E-04
 7.61798817E-05
 1.23725695E-05
 5.40353743E-03
 1.74435148E-04
 1.59638654E-04
 1.27952722E-04
 1.33963126E-04
 1.06612488E-04
 8.97418673E-02
 2.22285844E-04
 2.07794026E-04
 1.83223547E-04
 1.76680605E-04
 8.97794662E-03
 2.82030170E-04
 2.77636459E-04
 2.61457549E-04
 2.77793097E-02
 4.13664129E-04
 4.11551967E-04
 5.15071243E-03
 6.60239428E-04
 1.74345155E-01
 6.61030663E-03
 2.62887129E-04
 2.25054352E-04
 2.12881293E-04
 1.37395188E-04
 7.35511436E-05
 8.85779766E-02
 2.73785544E-04
 2.33637090E-04
 1.92315280E-04
 1.66827641E-04
 7.16182544E-03
 3.67915826E-04
 3.41800829E-04
 3.00216018E-04
 2.40971116E-03
 5.38251586E-04
 5.27434137E-04
 1.54703282E-03
 9.74936707E-04
 5.93530498E-03
 1.86687452E-01
 3.17187439E-04
 2.36207648E-04
 1.98295332E-04
 1.15252547E-04
 3.78027951E-04
 3.16264847E-04
 2.34672597E-04
 5.62330807E-04
 4.82077366E-04
 2.10258714E-03
 1.05674158E-03
 3.82422951E-04
 2.64585102E-04
 5.15539746E-05
 2.45871848E-02
 4.94341697E-04
 2.79062493E-04
 6.14022220E-03
 8.25998783E-04
 8.81090063E-03
 3.49908597E-04
 4.39741124E-05
 1.07245771E-01
 3.70477814E-04
 1.13184950E-01
 1.25714705E-01
 1.09331326E-04
 1.84613225E-04
 1.58893893E-04
 1.58394963E-04
 1.26914388E-04
 1.42042094E-04
 7.44174650E-05
 1.44287748E-04
 1.33309144E-04
 1.35607708E-04
 1.09938860E-04
 1.02915183E-04
 9.03010296E-02
 1.89169503E-04
 1.74520316E-04
 1.64224168E-04
 1.63169954E-04
 2.68094334E-04
 2.60473627E-04
 2.46830454E-04
 3.89159618E-04
 3.85247609E-04
 6.30491614E-04
 2.52985346E-04
 2.51516326E-04
 1.92304603E-04
 1.40330834E-04
 1.01676324E-04
 2.87179079E-04
 2.62915319E-04
 2.17821207E-04
 1.89451859E-04
 3.80640174E-04
 3.57703392E-04
 3.28027276E-04
 5.59106059E-04
 5.56472365E-04
 1.00911315E-03
 2.71844923E-04
 2.48234249E-04
 1.96802100E-04
 1.10057999E-04
 4.03833143E-04
 3.43281586E-04
 2.48222232E-04
 6.11430319E-04
 5.47877193E-04
 3.98822200E-02
 1.15229094E-03
 3.93502773E-04
 2.74391507E-04
 8.33993231E-05
 5.32707586E-04
 3.21495395E-04
 9.31054860E-04
 4.02367068E-04
 3.48509715E-05
 6.23043070E-03
 4.42143633E-04
 1.18999630E-04
 1.93662905E-04
 1.48363518E-04
 1.45140203E-04
 1.36979984E-04
 6.98455056E-05
 8.97143902E-02
 2.55770060E-04
 2.51888933E-04
 2.17931086E-04
 1.80150135E-04
 7.16641982E-03
 3.63536099E-04
 3.41106392E-04
 3.15108858E-04
 2.40821697E-03
 5.34855400E-04
 5.39806604E-04
 1.54833138E-03
 9.78249272E-04
 5.91701097E-03
 1.85784450E-01
 3.23858740E-04
 3.01490342E-04
 2.06315124E-04
 1.44209519E-04
 4.16154270E-04
 3.61543375E-04
 2.86970486E-04
 6.35734158E-04
 5.75827222E-04
 3.96161772E-02
 1.18976409E-03
 3.88816578E-04
 2.72577046E-04
 1.25268673E-04
 1.77021747E-03
 5.72110739E-04
 3.62239715E-04
 2.58037968E-02
 1.00845990E-03
 4.61654216E-02
 5.44941767E-04
 4.34401758E-04
 2.43685335E-06
 1.82605542E-03
 5.18781428E-04
 7.04272551E-03
 2.79753351E-03
 9.77855528E-05
 6.55413902E-03
 7.72914723E-03
 9.02185423E-02
 2.85743463E-04
 2.34871467E-04
 2.27004019E-04
 1.51460780E-04
 3.86259644E-04
 3.37801430E-04
 3.08759356E-04
 6.19636075E-04
 5.80712950E-04
 2.05723709E-03
 1.16931610E-03
 3.58120805E-04
 2.72932571E-04
 1.47781762E-04
 2.74499791E-02
 5.87242307E-04
 4.00780238E-04
 6.83418476E-03
 1.05209024E-03
 1.05620569E-02
 4.54002723E-04
 4.57952324E-05
 1.79331834E-03
 5.87868360E-04
 7.17530631E-03
 2.59007140E-03
 5.39250093E-05
 2.45952781E-02
 3.53646973E-04
 3.02112275E-04
 1.88281415E-04
 5.54872661E-04
 4.39808811E-04
 1.05557503E-03
 4.53961532E-04
 1.15389018E-04
 6.32650035E-03
 6.42185205E-04
 2.15286617E-05
 1.00000000E+00
 1.00000000E+00
 1.00000000E+00
 1.00000000E+00
 1.00000000E+00
 1.00000000E+00
 1.00000000E+00
 1.00000000E+00
 1.00000000E+00
 1.00000000E+00
 1.00000000E+00
 1.00000000E+00
 1.11994564E-05
 9.11754544E-06
 2.06804048E-05
 3.67919110E-06
 3.53058822E-06
 3.11194468E-05
 7.40300311E-05
 1.30649483E-03
 1.00473918E-03
 6.87053942E-04
 3.56472247E-04
 1.71016262E-04
 3.30669402E-05
 2.31225550E-03
 2.34654894E-03
 2.42130703E-03
 2.48164325E-03
 2.24132528E-03
 8.91626048E-02
 1.89048371E-03
 1.97714246E-03
 2.07858409E-03
 2.20396812E-03
 1.51840576E-03
 1.60360189E-03
 1.75597432E-03
 1.31169520E-03
 1.42332695E-03
 1.67181513E-01
 1.09679441E-03
 1.35936635E-04
 1.16523515E-04
 9.19801815E-05
 1.38209127E-04
 1.18970438E-04
 4.56040058E-05
 5.42046368E-03
 1.79524323E-04
 1.84570407E-04
 1.37828299E-04
 1.34178406E-04
 1.08327866E-04
 8.97633329E-02
 2.17308958E-04
 2.10802925E-04
 1.99925150E-04
 1.85672664E-04
 8.98964824E-03
 2.78203435E-04
 2.77206794E-04
 2.69137750E-04
 2.78143073E-02
 4.09151215E-04
 4.04651417E-04
 5.15346651E-03
 6.45270056E-04
 1.73901702E-01
 6.59886676E-03
 2.54990267E-04
 1.85175017E-04
 1.89739730E-04
 1.78501519E-04
 9.21213935E-05
 8.86122796E-02
 2.71083376E-04
 2.38518469E-04
 2.06531794E-04
 1.91086269E-04
 7.20620490E-03
 3.58446079E-04
 3.46556925E-04
 3.24245225E-04
 2.41438670E-03
 5.46508756E-04
 5.37765544E-04
 1.55404273E-03
 9.77942101E-04
 5.96161649E-03
 1.85960710E-01
 3.09624678E-04
 2.60030349E-04
 1.89186715E-04
 1.34778765E-04
 3.99770165E-04
 3.30044692E-04
 2.52575400E-04
 5.78503899E-04
 5.12086450E-04
 2.08832348E-03
 1.09460113E-03
 3.87954349E-04
 2.59184148E-04
 1.11306416E-04
 2.46688042E-02
 5.20153413E-04
 3.10915707E-04
 6.15437308E-03
 8.79319028E-04
 8.80901223E-03
 4.01693239E-04
 7.84871991E-06
 1.08678536E-01
 4.34146358E-04
 1.15056244E-01
 1.28485710E-01
 2.94414241E-05
 2.26684437E-04
 2.46894240E-04
 2.33749107E-04
 2.11421460E-04
 2.17049221E-04
 1.29161855E-04
 1.74326408E-04
 1.62980855E-04
 1.72884175E-04
 1.66461535E-04
 1.47248291E-04
 9.02581675E-02
 1.89314520E-04
 1.75932567E-04
 1.83491287E-04
 1.73622133E-04
 2.58221863E-04
 2.56741431E-04
 2.55543217E-04
 3.78926733E-04
 3.76563242E-04
 6.14410427E-04
 2.26577866E-04
 2.12530367E-04
 1.76462905E-04
 1.35014565E-04
 1.31776389E-04
 2.69324553E-04
 2.59594993E-04
 2.20794076E-04
 1.99300434E-04
 3.85417714E-04
 3.72686142E-04
 3.37864797E-04
 5.59705197E-04
 5.58940473E-04
 1.01246599E-03
 3.10406512E-04
 2.89338628E-04
 1.93506909E-04
 1.54177826E-04
 4.08151735E-04
 3.57581503E-04
 2.76211691E-04
 6.30881445E-04
 5.77149847E-04
 4.00669214E-02
 1.18901199E-03
 4.05555347E-04
 2.74050754E-04
 1.08868700E-04
 5.60162610E-04
 3.56199880E-04
 9.95743278E-04
 4.46648628E-04
 9.16883245E-06
 6.19732663E-03
 5.12813776E-04
 5.44679121E-05
 2.00915593E-04
 1.65024898E-04
 1.53273265E-04
 1.71758160E-04
 9.00120406E-05
 8.97945031E-02
 2.51303946E-04
 2.35505811E-04
 2.23063360E-04
 2.00909050E-04
 7.19519132E-03
 3.56878642E-04
 3.49004428E-04
 3.25401245E-04
 2.42013491E-03
 5.40246650E-04
 5.44787922E-04
 1.56328831E-03
 9.67678762E-04
 5.93950763E-03
 1.84872509E-01
 3.14216903E-04
 2.84884914E-04
 2.09345915E-04
 1.71184125E-04
 4.25608189E-04
 3.65686327E-04
 3.07698141E-04
 6.58498057E-04
 6.05841779E-04
 3.97551510E-02
 1.22102385E-03
 4.18232851E-04
 3.17407596E-04
 1.38648555E-04
 1.80002273E-03
 5.94232819E-04
 4.05761451E-04
 2.61345404E-02
 1.08492424E-03
 4.67603220E-02
 5.03014309E-04
 4.77296650E-04
 5.71629915E-05
 1.82370413E-03
 5.90627487E-04
 7.18781324E-03
 2.66191925E-03
 3.70027419E-06
 6.57361826E-03
 7.68533634E-03
 9.29071573E-02
 2.65242274E-04
 2.65747819E-04
 2.40583513E-04
 1.92536012E-04
 3.98330524E-04
 3.64714750E-04
 3.20166416E-04
 6.27391217E-04
 5.93555662E-04
 2.05989855E-03
 1.19550168E-03
 3.84916739E-04
 2.87433582E-04
 1.77144617E-04
 2.76500215E-02
 6.13436937E-04
 4.36909777E-04
 6.88993344E-03
 1.11829334E-03
 1.06470809E-02
 5.02505972E-04
 1.26067599E-04
 1.80694777E-03
 6.67102487E-04
 7.32808681E-03
 2.45956767E-03
 3.72728674E-05
 2.48664480E-02
 3.75733424E-04
 3.00227994E-04
 2.37994272E-04
 5.84931785E-04
 4.75532882E-04
 1.11574457E-03
 4.80651381E-04
 1.54849286E-04
 6.30136371E-03
 7.18609526E-04
 9.26986953E-05
 1.00000000E+00
 1.00000000E+00
 1.00000000E+00
 1.00000000E+00
 1.00000000E+00
 1.00000000E+00
 1.00000000E+00
 1.00000000E+00
 1.00000000E+00
 1.00000000E+00
 1.00000000E+00
 1.00000000E+00
 2.11431873E-05
 4.41188854E-06
 2.39418980E-05
 2.52898249E-05
 5.24418548E-06
 1.40552023E-05
 2.97075831E-05
 1.54836418E-05
 1.22488333E-05
 2.24687038E-06
 3.07486944E-06
 2.61439363E-05
 6.05932979E-06
 1.88044595E-03
 1.44213968E-03
 9.45767432E-04
 4.61896228E-04
 1.43038092E-04
 9.08840250E-02
 2.46751083E-03
 2.57276170E-03
 2.68476434E-03
 2.82145837E-03
 2.05768960E-03
 2.22209766E-03
 2.41216739E-03
 1.70347797E-03
 1.88870740E-03
 1.66304241E-01
 1.53641767E-03
 1.33800921E-04
 1.33714574E-04
 8.34866498E-05
 9.38355994E-05
 9.49896993E-05
 3.54996588E-05
 5.42691169E-03
 1.77703183E-04
 1.77185337E-04
 1.49452987E-04
 1.40123836E-04
 1.16778216E-04
 8.98038755E-02
 2.22565837E-04
 2.07968474E-04
 2.00804583E-04
 1.93935431E-04
 9.00717256E-03
 2.80026382E-04
 2.78673883E-04
 2.72130107E-04
 2.78415252E-02
 4.08708734E-04
 4.07714366E-04
 5.16039996E-03
 6.30003285E-04
 1.73456191E-01
 6.59199089E-03
 2.49969448E-04
 2.14189120E-04
 1.82203985E-04
 1.74497061E-04
 9.58510640E-05
 8.86839433E-02
 2.86360986E-04
 2.51539325E-04
 2.21373454E-04
 1.99755214E-04
 7.24208829E-03
 3.87252917E-04
 3.62281196E-04
 3.19779542E-04
 2.41265237E-03
 5.56932164E-04
 5.40925508E-04
 1.56791487E-03
 9.77343712E-04
 5.99714352E-03
 1.85204901E-01
 3.29576794E-04
 2.53535579E-04
 1.91225573E-04
 1.22576922E-04
 4.09586083E-04
 3.49630018E-04
 2.63425152E-04
 6.08733216E-04
 5.41869760E-04
 2.08184047E-03
 1.12505186E-03
 3.80644663E-04
 2.84256644E-04
 1.07704476E-04
 2.47377849E-02
 5.41486526E-04
 3.43484018E-04
 6.14324936E-03
 9.40653701E-04
 8.82255655E-03
 4.31748982E-04
 1.54740036E-05
 1.10084342E-01
 4.89470698E-04
 1.16845107E-01
 1.31101938E-01
 1.52350354E-05
 2.83693504E-04
 2.72005916E-04
 2.71479992E-04
 2.47851022E-04
 2.79186402E-04
 2.00151124E-04
 2.48640810E-04
 2.31631316E-04
 2.45946351E-04
 2.22351527E-04
 2.03198242E-04
 9.02471467E-02
 2.14941201E-04
 2.07580310E-04
 2.18392862E-04
 2.10334322E-04
 2.58416864E-04
 2.47445298E-04
 2.49639133E-04
 3.85117029E-04
 3.70290775E-04
 5.89368294E-04
 2.07091394E-04
 2.37200401E-04
 1.76921846E-04
 1.53300045E-04
 1.16425324E-04
 2.82486270E-04
 2.59478536E-04
 2.20324573E-04
 1.92530981E-04
 3.77405624E-04
 3.77387376E-04
 3.33695616E-04
 5.68006837E-04
 5.66566541E-04
 1.00324278E-03
 3.15544553E-04
 3.15266425E-04
 2.18607539E-04
 1.62138591E-04
 4.30488982E-04
 3.82353979E-04
 2.87889913E-04
 6.54100966E-04
 5.99822647E-04
 4.02611069E-02
 1.21648549E-03
 4.26256743E-04
 3.29561616E-04
 1.43912562E-04
 6.05519283E-04
 4.04983821E-04
 1.06965489E-03
 4.72503864E-04
 5.72745651E-05
 6.23538613E-03
 5.93271540E-04
 1.62208377E-06
 2.22090071E-04
 2.05471937E-04
 1.56781613E-04
 1.48289825E-04
 8.57376166E-05
 8.98665433E-02
 2.53248155E-04
 2.37613208E-04
 2.26553995E-04
 1.90544584E-04
 7.23340039E-03
 3.71536943E-04
 3.63117991E-04
 3.19021938E-04
 2.43148175E-03
 5.38857807E-04
 5.44328479E-04
 1.57401648E-03
 9.59594135E-04
 5.96368170E-03
 1.83946793E-01
 2.99630404E-04
 3.15584206E-04
 2.30595435E-04
 1.70970445E-04
 4.37555386E-04
 3.87635818E-04
 3.31010292E-04
 6.72946367E-04
 6.27921450E-04
 3.98787887E-02
 1.25031203E-03
 4.42726161E-04
 3.22903713E-04
 1.82585444E-04
 1.81127143E-03
 6.35428552E-04
 4.37757157E-04
 2.64608146E-02
 1.14949521E-03
 4.73268408E-02
 4.85175185E-04
 5.06300652E-04
 9.99197070E-05
 1.80171876E-03
 6.73562904E-04
 7.33081867E-03
 2.54907069E-03
 4.37445431E-05
 6.64706628E-03
 7.66672697E-03
 9.55533262E-02
 2.93748498E-04
 2.73157541E-04
 2.33108738E-04
 1.86660846E-04
 4.17458445E-04
 3.90685938E-04
 3.26615198E-04
 6.53054598E-04
 6.24095328E-04
 2.06112245E-03
 1.21477897E-03
 4.07003430E-04
 3.49977235E-04
 2.00238368E-04
 2.78529586E-02
 6.49971017E-04
 4.88586924E-04
 6.92422130E-03
 1.18416351E-03
 1.07259124E-02
 5.15336065E-04
 1.66887797E-04
 1.78025186E-03
 7.48533078E-04
 7.47917693E-03
 2.35458429E-03
 1.03115341E-04
 2.51187299E-02
 4.17575052E-04
 3.40187953E-04
 2.45648453E-04
 6.16021282E-04
 5.15858784E-04
 1.17362138E-03
 5.16416043E-04
 1.99659316E-04
 6.32892264E-03
 8.02818731E-04
 1.71462775E-04
 1.00000000E+00
 1.00000000E+00
 1.00000000E+00
 1.00000000E+00
 1.00000000E+00
 1.00000000E+00
 1.00000000E+00
 1.00000000E+00
 1.00000000E+00
 1.00000000E+00
 1.00000000E+00
 1.00000000E+00
 2.56621301E-05
 1.75676114E-05
 5.08763695E-05
 4.49234508E-05
 5.68971278E-06
 8.81891521E-06
 9.35989312E-06
 1.38851413E-05
 3.15169579E-06
 4.28241115E-06
 1.08170343E-05
 4.72569388E-06
 4.14048100E-06
 2.14549534E-05
 1.24857108E-05
 1.06271215E-06
 4.20434633E-06
 7.07728633E-06
 9.08963620E-02
 2.42012761E-03
 1.74085023E-03
 9.70600821E-04
 2.86977761E-04
 2.69819616E-03
 2.89427498E-03
 3.10239843E-03
 2.32848698E-03
 2.61994588E-03
 1.65380285E-01
 2.00617582E-03
 1.61897333E-04
 1.72604135E-04
 1.16413793E-04
 9.33769898E-05
 7.83211149E-05
 4.15147773E-05
 5.40142253E-03
 1.83902476E-04
 1.74996241E-04
 1.58698793E-04
 1.47382291E-04
 1.29243206E-04
 8.98345176E-02
 2.27077636E-04
 2.10039146E-04
 2.02123738E-04
 1.89464066E-04
 9.01281574E-03
 2.81802582E-04
 2.81947294E-04
 2.70916818E-04
 2.78665893E-02
 3.96750419E-04
 3.94458482E-04
 5.17305733E-03
 6.14170512E-04
 1.73001339E-01
 6.57562208E-03
 2.37425857E-04
 2.05648124E-04
 2.28997953E-04
 2.06323857E-04
 1.43446563E-04
 8.87150370E-02
 2.95795276E-04
 2.59995139E-04
 2.34277610E-04
 2.06230434E-04
 7.27998379E-03
 3.88686966E-04
 3.67840153E-04
 3.37048063E-04
 2.42673752E-03
 5.62373658E-04
 5.48857504E-04
 1.56350085E-03
 9.72679184E-04
 6.02453853E-03
 1.84424037E-01
 3.09079721E-04
 2.87387555E-04
 1.79149975E-04
 1.31271302E-04
 4.18636658E-04
 3.63934797E-04
 2.85852022E-04
 6.24977074E-04
 5.65519124E-04
 2.06756230E-03
 1.15252027E-03
 3.82091006E-04
 3.05552788E-04
 1.28165114E-04
 2.47972339E-02
 5.60915242E-04
 3.73407423E-04
 6.15501400E-03
 9.93248120E-04
 8.82911501E-03
 4.60603571E-04
 6.91899472E-05
 1.11445609E-01
 5.52915453E-04
 1.18545124E-01
 1.33572485E-01
 6.35645766E-05
 4.45783331E-04
 4.68524030E-04
 4.69997581E-04
 4.71520711E-04
 4.57892639E-04
 4.40103388E-04
 2.77626864E-04
 2.75575872E-04
 2.89635154E-04
 2.87336202E-04
 2.78545777E-04
 9.01925042E-02
 2.57741314E-04
 2.79496357E-04
 2.82034118E-04
 2.71268499E-04
 2.56633172E-04
 2.64166097E-04
 2.75974721E-04
 3.56814368E-04
 3.58696705E-04
 5.68180988E-04
 1.96118577E-04
 2.51906058E-04
 2.08916850E-04
 1.79336573E-04
 1.39974092E-04
 2.87724904E-04
 2.53201380E-04
 2.49152976E-04
 2.26352329E-04
 3.99139547E-04
 3.85236717E-04
 3.52907746E-04
 5.78604757E-04
 5.73216034E-04
 9.99450138E-04
 3.08969423E-04
 3.21634981E-04
 2.38171163E-04
 1.67101627E-04
 4.46208378E-04
 3.96706301E-04
 3.16277977E-04
 6.72255069E-04
 6.20384395E-04
 4.04245842E-02
 1.24520303E-03
 4.39842945E-04
 3.28338591E-04
 1.62031470E-04
 6.28926907E-04
 4.38417515E-04
 1.12390371E-03
 5.01569248E-04
 9.57164385E-05
 6.23055823E-03
 6.56897138E-04
 5.42346878E-05
 2.27153933E-04
 2.04059765E-04
 1.70728150E-04
 1.61565510E-04
 1.08504422E-04
 8.99234752E-02
 2.52790769E-04
 2.48022291E-04
 2.45678855E-04
 2.16486255E-04
 7.25855895E-03
 3.72335275E-04
 3.60267457E-04
 3.23304468E-04
 2.43414373E-03
 5.43179222E-04
 5.43384175E-04
 1.57575728E-03
 9.46210966E-04
 5.98518934E-03
 1.83005698E-01
 3.21775790E-04
 3.27496063E-04
 2.47176728E-04
 1.97012529E-04
 4.61912061E-04
 4.20108393E-04
 3.50301381E-04
 6.92892758E-04
 6.42502754E-04
 3.99763598E-02
 1.26985948E-03
 4.45170389E-04
 3.46329790E-04
 2.02855160E-04
 1.82160420E-03
 6.66817868E-04
 5.03966271E-04
 2.67794554E-02
 1.20397821E-03
 4.78431484E-02
 4.74043741E-04
 5.35588948E-04
 1.42670379E-04
 1.79024787E-03
 7.49776460E-04
 7.47350249E-03
 2.42991312E-03
 1.12372752E-04
 6.68552069E-03
 7.62199946E-03
 9.81015981E-02
 2.59541572E-04
 2.80688595E-04
 2.52008001E-04
 1.87317403E-04
 4.27686158E-04
 3.87847255E-04
 3.57519308E-04
 6.61010821E-04
 6.22051587E-04
 2.05483126E-03
 1.22881866E-03
 4.20006015E-04
 3.80850010E-04
 2.21812308E-04
 2.80271596E-02
 6.86086613E-04
 5.44540901E-04
 6.97928567E-03
 1.24614247E-03
 1.07871582E-02
 5.39994341E-04
 2.08899006E-04
 1.76641575E-03
 8.25657156E-04
 7.63165003E-03
 2.24249291E-03
 1.73501397E-04
 2.53584573E-02
 4.17754518E-04
 3.55640753E-04
 2.63339328E-04
 6.44563482E-04
 5.44593091E-04
 1.22356574E-03
 5.30195283E-04
 2.52058886E-04
 6.33377311E-03
 8.76035259E-04
 2.42158100E-04
 1.00000000E+00
 1.00000000E+00
 1.00000000E+00
 1.00000000E+00
 1.00000000E+00
 1.00000000E+00
 1.00000000E+00
 1.00000000E+00
 1.00000000E+00
 1.00000000E+00
 1.00000000E+00
 1.00000000E+00
 3.02181691E-05
 2.00565885E-05
 2.54438023E-05
 3.25218577E-05
 1.64177788E-06
 4.96453618E-06
 1.29583695E-05
 4.30649833E-07
 1.94915283E-05
 7.61855836E-06
 3.10960049E-06
 2.49914725E-06
 2.46954618E-06
 5.85817965E-06
 7.56901275E-06
 6.63866640E-06
 7.78917503E-06
 4.57040474E-06
 9.09090909E-02
 1.49161847E-04
 5.32351907E-07
 5.66410594E-06
 4.10479980E-06
 2.80592803E-03
 1.69082999E-03
 5.24007653E-04
 3.06343502E-03
 3.38423801E-03
 1.65415141E-01
 2.79109175E-03
 2.00807664E-04
 1.98157854E-04
 1.40232253E-04
 1.11265649E-04
 1.09102329E-04
 5.80119156E-05
 5.40948544E-03
 1.70832039E-04
 1.77036725E-04
 1.41665483E-04
 1.35197810E-04
 1.23161271E-04
 8.98412507E-02
 2.24108224E-04
 2.13535911E-04
 1.92002059E-04
 2.01145346E-04
 9.01851967E-03
 2.87415034E-04
 2.75545656E-04
 2.66398481E-04
 2.78801278E-02
 3.96233721E-04
 3.87623385E-04
 5.17861673E-03
 5.97827336E-04
 1.72542830E-01
 6.56983432E-03
 2.69600232E-04
 2.53301001E-04
 1.97168383E-04
 1.89043285E-04
 1.59593403E-04
 8.87829542E-02
 2.88042925E-04
 2.60641580E-04
 2.41962986E-04
 2.13916570E-04
 7.29855580E-03
 3.70764376E-04
 3.65187091E-04
 3.46694243E-04
 2.43780882E-03
 5.64778049E-04
 5.54567347E-04
 1.56346369E-03
 9.66955909E-04
 6.04370298E-03
 1.83628600E-01
 3.65674729E-04
 3.03196432E-04
 2.03692865E-04
 1.60303611E-04
 4.34107764E-04
 3.77718480E-04
 2.93689714E-04
 6.31361009E-04
 5.81955470E-04
 2.05689214E-03
 1.16853684E-03
 4.16638969E-04
 3.13921038E-04
 1.48388080E-04
 2.48486751E-02
 5.91536017E-04
 4.01973264E-04
 6.14430544E-03
 1.03795319E-03
 8.81941175E-03
 4.85545472E-04
 9.40923564E-05
 1.12736319E-01
 6.20317779E-04
 1.20169487E-01
 1.35894657E-01
 1.19738816E-04
 7.50134934E-04
 7.21842592E-04
 7.38033125E-04
 7.86721290E-04
 7.65340629E-04
 7.34250609E-04
 3.86720492E-04
 3.80425677E-04
 4.09092447E-04
 4.42066865E-04
 4.55613174E-04
 9.00085921E-02
 3.33975999E-04
 3.35594180E-04
 3.33553166E-04
 3.19028176E-04
 3.25268877E-04
 3.26421002E-04
 3.31109514E-04
 3.67570837E-04
 3.62711781E-04
 5.44446890E-04
 2.06820992E-04
 2.33468657E-04
 2.10308966E-04
 1.86296862E-04
 1.48064319E-04
 2.91032229E-04
 2.70594563E-04
 2.61592005E-04
 2.43565095E-04
 4.02658137E-04
 3.93145398E-04
 3.58506545E-04
 5.86253204E-04
 5.76865474E-04
 9.88148553E-04
 3.32026794E-04
 3.17494356E-04
 2.51727091E-04
 2.07303164E-04
 4.46673126E-04
 4.12908416E-04
 3.34684347E-04
 6.81926667E-04
 6.43062461E-04
 4.05625905E-02
 1.25848750E-03
 4.58323366E-04
 3.23891911E-04
 1.97199632E-04
 6.56296666E-04
 4.73041803E-04
 1.17203934E-03
 5.34694717E-04
 1.45327111E-04
 6.21387223E-03
 7.14008712E-04
 1.21882791E-04
 2.10072238E-04
 2.04383828E-04
 2.01419274E-04
 1.62825538E-04
 1.44249804E-04
 8.99637464E-02
 2.68595634E-04
 2.51361126E-04
 2.45573322E-04
 2.18160159E-04
 7.27539140E-03
 3.69480560E-04
 3.50435027E-04
 3.29188594E-04
 2.43934676E-03
 5.36264203E-04
 5.38536286E-04
 1.58911717E-03
 9.30002008E-04
 5.99228625E-03
 1.82046175E-01
 3.41592957E-04
 3.45464374E-04
 2.69401106E-04
 2.11510418E-04
 4.75326053E-04
 4.31952331E-04
 3.62362141E-04
 7.09265489E-04
 6.63778037E-04
 4.00442134E-02
 1.28479984E-03
 4.36779560E-04
 3.54038912E-04
 2.28527747E-04
 1.81847894E-03
 6.90481775E-04
 5.27215672E-04
 2.70644653E-02
 1.25530968E-03
 4.82895142E-02
 4.68371878E-04
 5.58164252E-04
 1.97392950E-04
 1.77151053E-03
 8.12344132E-04
 7.59211215E-03
 2.30726182E-03
 1.99231790E-04
 6.69022003E-03
 7.58251092E-03
 1.00549301E-01
 3.09713396E-04
 2.92670544E-04
 2.70475409E-04
 2.19381195E-04
 4.30554923E-04
 4.02306101E-04
 3.69743679E-04
 6.63131573E-04
 6.42934936E-04
 2.04915636E-03
 1.23230178E-03
 4.36950185E-04
 3.80576798E-04
 2.52744661E-04
 2.81999687E-02
 7.12946872E-04
 5.62110797E-04
 6.99818791E-03
 1.29167320E-03
 1.08425396E-02
 5.86695382E-04
 2.66345365E-04
 1.75176670E-03
 8.93583165E-04
 7.75751661E-03
 2.12606489E-03
 2.52140189E-04
 2.55881383E-02
 4.66619222E-04
 3.74064378E-04
 3.13970258E-04
 6.67174878E-04
 5.76566477E-04
 1.26600110E-03
 5.70550624E-04
 3.05034705E-04
 6.31567760E-03
 9.40833016E-04
 3.22060565E-04
 1.00000000E+00
 1.00000000E+00
 1.00000000E+00
 1.00000000E+00
 1.00000000E+00
 1.00000000E+00
 1.00000000E+00
 1.00000000E+00
 1.00000000E+00
 1.00000000E+00
 1.00000000E+00
 1.00000000E+00
 3.27553626E-05
 4.01757507E-06
 5.01634260E-06
 2.94469872E-05
 1.61493186E-05
 3.14379409E-05
 1.66783930E-06
 1.73528743E-06
 4.35588680E-06
 6.76852050E-06
 5.34799901E-06
 3.00778159E-06
 5.87790538E-07
 7.50781526E-06
 1.41263883E-06
 5.56410714E-06
 6.61067400E-06
 5.01143402E-06
 9.09090909E-02
 2.98671231E-06
 6.18175699E-06
 1.08797875E-05
 4.02037410E-07
 1.58680398E-04
 4.19873890E-06
 7.68847589E-06
 2.78605200E-03
 9.61863802E-04
 1.66659910E-01
 3.64848701E-03
 1.47815924E-04
 1.39987231E-04
 1.78903630E-04
 9.39283294E-05
 1.20767134E-04
 5.70685297E-05
 5.47660469E-03
 1.61180827E-04
 1.70985575E-04
 1.60208474E-04
 1.55010246E-04
 1.37058596E-04
 8.98216233E-02
 2.29419219E-04
 2.21952597E-04
 2.07805412E-04
 1.96102896E-04
 9.02174855E-03
 2.80134796E-04
 2.76418822E-04
 2.61361283E-04
 2.78949331E-02
 3.90293790E-04
 3.80000374E-04
 5.18184172E-03
 5.77492509E-04
 1.72084392E-01
 6.55261367E-03
 2.93561174E-04
 2.47767685E-04
 2.19487279E-04
 1.72782879E-04
 1.36678654E-04
 8.88009824E-02
 3.04069996E-04
 2.75058470E-04
 2.37838003E-04
 2.16652052E-04
 7.33099484E-03
 3.92443520E-04
 3.76300151E-04
 3.47875567E-04
 2.43148056E-03
 5.72101299E-04
 5.60874357E-04
 1.56289487E-03
 9.57919458E-04
 6.06292905E-03
 1.82831895E-01
 3.29618933E-04
 2.96067711E-04
 2.36211434E-04
 1.52281403E-04
 4.44130662E-04
 3.93519577E-04
 3.22985359E-04
 6.55972120E-04
 6.05314584E-04
 2.03721599E-03
 1.18911923E-03
 4.09382411E-04
 2.96978426E-04
 2.08242674E-04
 2.48800740E-02
 6.14147396E-04
 4.29228701E-04
 6.13754549E-03
 1.08452286E-03
 8.82327049E-03
 4.90404078E-04
 1.29217003E-04
 1.13956470E-01
 6.71092643E-04
 1.21721774E-01
 1.38083222E-01
 1.41521161E-04
 1.10089759E-03
 1.09697479E-03
 1.07607933E-03
 1.07437028E-03
 1.09643721E-03
 1.04949342E-03
 7.12432075E-04
 7.31227590E-04
 7.56600108E-04
 7.65575163E-04
 7.96636485E-04
 8.97010299E-02
 4.04699466E-04
 4.15620009E-04
 4.32136097E-04
 4.62853861E-04
 3.90317494E-04
 3.90657849E-04
 3.94169865E-04
 4.18249746E-04
 4.24615864E-04
 5.23917319E-04
 2.40167210E-04
 2.85043037E-04
 2.14391845E-04
 1.88061475E-04
 1.42060236E-04
 3.07817496E-04
 2.67411997E-04
 2.66428381E-04
 2.36966932E-04
 4.02217348E-04
 3.90537748E-04
 3.60655807E-04
 5.87538176E-04
 5.77572377E-04
 9.75674228E-04
 3.74878094E-04
 3.28745648E-04
 2.60270782E-04
 1.96161470E-04
 4.70018290E-04
 4.17874303E-04
 3.55696578E-04
 6.99183161E-04
 6.50197543E-04
 4.07046310E-02
 1.28042628E-03
 4.84266239E-04
 3.47486556E-04
 2.34945334E-04
 6.86395004E-04
 5.28278534E-04
 1.22410470E-03
 5.53431011E-04
 1.72541226E-04
 6.20979616E-03
 7.77722275E-04
 1.61170865E-04
 2.13031819E-04
 2.15686596E-04
 2.10026547E-04
 1.50027310E-04
 1.34524836E-04
 8.99883349E-02
 2.77162863E-04
 2.60046415E-04
 2.38168101E-04
 2.08005170E-04
 7.29782610E-03
 3.76237685E-04
 3.59837852E-04
 3.30892564E-04
 2.44232108E-03
 5.44529527E-04
 5.33118320E-04
 1.59230515E-03
 9.08395399E-04
 6.00755237E-03
 1.81095808E-01
 3.72167810E-04
 3.48684400E-04
 2.74385559E-04
 2.17550389E-04
 4.99516355E-04
 4.35230833E-04
 3.81782959E-04
 7.27071792E-04
 6.69135808E-04
 4.01114946E-02
 1.30343942E-03
 4.78425333E-04
 4.01862857E-04
 2.33876358E-04
 1.81496685E-03
 7.27131681E-04
 5.64400528E-04
 2.73369063E-02
 1.30474034E-03
 4.87159506E-02
 4.79492089E-04
 5.83345233E-04
 2.36347237E-04
 1.74161675E-03
 8.89449020E-04
 7.71099181E-03
 2.20613888E-03
 2.33914985E-04
 6.74269722E-03
 7.55154018E-03
 1.02965944E-01
 3.25206273E-04
 3.10499489E-04
 2.67770575E-04
 2.10343473E-04
 4.35487255E-04
 4.15912453E-04
 3.71151569E-04
 6.78135527E-04
 6.54571732E-04
 2.04285733E-03
 1.24432878E-03
 4.66326886E-04
 4.25695215E-04
 3.10774766E-04
 2.83670353E-02
 7.26531248E-04
 6.01885085E-04
 6.99830019E-03
 1.33961910E-03
 1.08964352E-02
 6.24282368E-04
 2.90170493E-04
 1.72629175E-03
 9.68510761E-04
 7.88878501E-03
 2.03398415E-03
 3.03865961E-04
 2.58002758E-02
 4.73078095E-04
 3.81945264E-04
 3.07350954E-04
 6.93664713E-04
 5.93722750E-04
 1.30321318E-03
 5.90310019E-04
 3.27171868E-04
 6.30615049E-03
 1.00365066E-03
 3.75235624E-04
 1.00000000E+00
 1.00000000E+00
 1.00000000E+00
 1.00000000E+00
 1.00000000E+00
 1.00000000E+00
 1.00000000E+00
 1.00000000E+00
 1.00000000E+00
 1.00000000E+00
 1.00000000E+00
 1.00000000E+00
 7.61758617E-06
 2.62421277E-05
 8.43546099E-06
 1.41130944E-05
 1.69572850E-05
 8.73191077E-06
 7.63278329E-16
 1.13781499E-06
 4.77112464E-06
 1.15082164E-05
 6.23745171E-06
 8.75401899E-06
 1.01966222E-06
 1.88251405E-07
 1.02191124E-05
 1.49121615E-06
 3.95974127E-06
 1.19172377E-06
 9.09090909E-02
 6.03591840E-08
 2.47288418E-06
 3.94828434E-06
 2.06443444E-06
 2.27787497E-07
 4.23335722E-07
 3.00790342E-06
 1.52928702E-05
 2.47979629E-07
 1.66661896E-01
 1.89487760E-03
 1.12044987E-04
 1.15694481E-04
 1.39652239E-04
 1.24811719E-04
 9.88628054E-05
 5.37179784E-05
 5.48438215E-03
 1.90414637E-04
 1.78703571E-04
 1.74146386E-04
 1.56190943E-04
 1.38171993E-04
 8.98394535E-02
 2.28286051E-04
 2.18364910E-04
 1.98867082E-04
 1.87235683E-04
 8.98828397E-03
 2.93228117E-04
 2.79989211E-04
 2.63397122E-04
 2.78962992E-02
 3.93252161E-04
 3.74796063E-04
 5.18420193E-03
 5.61255894E-04
 1.71625024E-01
 6.54545893E-03
 3.06778257E-04
 2.46688460E-04
 2.18763568E-04
 1.72933710E-04
 1.32368292E-04
 8.88681037E-02
 3.09397540E-04
 2.84903209E-04
 2.61189487E-04
 2.29495505E-04
 7.36020636E-03
 4.02705881E-04
 3.83131136E-04
 3.49005629E-04
 2.44105223E-03
 5.72131817E-04
 5.60477564E-04
 1.58285421E-03
 9.49730917E-04
 6.08258545E-03
 1.82023919E-01
 3.61100591E-04
 3.34242059E-04
 2.61006241E-04
 2.00200116E-04
 4.44418191E-04
 3.92596486E-04
 3.43062097E-04
 6.69932255E-04
 6.21774827E-04
 2.03823570E-03
 1.20130301E-03
 4.32787733E-04
 3.78543494E-04
 2.07094093E-04
 2.48986599E-02
 6.32490391E-04
 4.75894035E-04
 6.12146088E-03
 1.12247468E-03
 8.81939999E-03
 4.98016061E-04
 1.58045876E-04
 1.15151252E-01
 7.24818224E-04
 1.23191981E-01
 1.40134174E-01
 1.61964347E-04
 1.40347946E-03
 1.44249685E-03
 1.39213971E-03
 1.40829339E-03
 1.41610190E-03
 1.37267584E-03
 1.06559140E-03
 1.12018146E-03
 1.07808329E-03
 1.11273539E-03
 1.14075242E-03
 8.93959057E-02
 7.01332207E-04
 7.45479126E-04
 7.87516495E-04
 8.38112231E-04
 4.69186486E-04
 4.76343009E-04
 5.00045332E-04
 4.88667463E-04
 4.96668394E-04
 5.70227021E-04
 2.26354272E-04
 2.68606320E-04
 2.49683077E-04
 2.07265031E-04
 1.60092214E-04
 2.87124882E-04
 2.67236459E-04
 2.69103589E-04
 2.19520056E-04
 4.12514467E-04
 4.11836234E-04
 3.66728549E-04
 5.87939175E-04
 5.75586895E-04
 9.58972119E-04
 3.49493008E-04
 3.55310110E-04
 2.78833310E-04
 1.89164651E-04
 5.03361507E-04
 4.53460627E-04
 3.72538068E-04
 7.23460529E-04
 6.73268828E-04
 4.08267322E-02
 1.28812259E-03
 4.88624843E-04
 3.57993161E-04
 2.36396781E-04
 7.03894055E-04
 5.32054186E-04
 1.26613210E-03
 6.00323599E-04
 2.28299878E-04
 6.22573960E-03
 8.55991360E-04
 2.19504481E-04
 2.10770505E-04
 2.14647192E-04
 2.10963660E-04
 1.44943313E-04
 1.40225012E-04
 9.00266696E-02
 2.68857206E-04
 2.56218081E-04
 2.47026391E-04
 2.27315364E-04
 7.30877750E-03
 3.79749893E-04
 3.58379825E-04
 3.23649080E-04
 2.44813922E-03
 5.44031520E-04
 5.34128825E-04
 1.60184494E-03
 8.95066350E-04
 6.01718387E-03
 1.80135793E-01
 3.67982582E-04
 3.34489972E-04
 2.86129083E-04
 2.20024240E-04
 5.01766405E-04
 4.48035941E-04
 3.92644184E-04
 7.34696820E-04
 6.90648905E-04
 4.01612918E-02
 1.31214089E-03
 5.18906682E-04
 4.12075086E-04
 2.70948620E-04
 1.81320628E-03
 7.54442580E-04
 5.92015886E-04
 2.76078878E-02
 1.35138992E-03
 4.90964064E-02
 5.06282058E-04
 6.14920376E-04
 2.69684909E-04
 1.71422116E-03
 9.51731775E-04
 7.83826562E-03
 2.11532438E-03
 2.91137639E-04
 6.78339672E-03
 7.52363015E-03
 1.05275097E-01
 3.25769311E-04
 2.99527780E-04
 2.69346748E-04
 1.87372805E-04
 4.38325802E-04
 4.20880634E-04
 3.95254748E-04
 6.75457560E-04
 6.60114569E-04
 2.03362904E-03
 1.23886864E-03
 4.77403189E-04
 4.35148551E-04
 3.41708304E-04
 2.85304794E-02
 7.55779005E-04
 6.20688863E-04
 7.05662904E-03
 1.38265952E-03
 1.09390507E-02
 6.55158256E-04
 3.34510268E-04
 1.69977845E-03
 1.03510738E-03
 8.02317091E-03
 1.95283761E-03
 3.74626469E-04
 2.60112050E-02
 4.58329719E-04
 4.10967809E-04
 3.03509348E-04
 7.18636371E-04
 6.25137900E-04
 1.33366362E-03
 6.19372332E-04
 3.74646365E-04
 6.32752483E-03
 1.08068092E-03
 4.31064393E-04
 1.00000000E+00
 1.00000000E+00
 1.00000000E+00
 1.00000000E+00
 1.00000000E+00
 1.00000000E+00
 1.00000000E+00
 1.00000000E+00
 1.00000000E+00
 1.00000000E+00
 1.00000000E+00
 1.00000000E+00
 6.68506553E-06
 2.79822759E-05
 9.62017699E-07
 1.41633340E-05
 9.44899522E-06
 1.97324142E-05
 3.02695260E-05
 1.61762784E-05
 2.64095888E-05
 4.42307808E-06
 1.36621707E-05
 1.18222135E-05
 1.22332968E-06
 4.59195934E-06
 1.60518769E-06
 1.02270672E-05
 2.96065891E-06
 1.02242746E-05
 9.09090909E-02
 1.55999488E-06
 6.28818032E-07
 9.32207485E-06
 1.37761672E-06
 4.47316145E-06
 3.64918456E-06
 6.05096262E-06
 3.08183888E-06
 2.96629967E-06
 1.66664670E-01
 9.59722088E-08
 1.28004577E-04
 1.87597866E-04
 1.41774481E-04
 1.16040501E-04
 1.06301928E-04
 4.07581693E-05
 5.52709966E-03
 1.71681803E-04
 1.75363675E-04
 1.66355869E-04
 1.49643531E-04
 1.30691499E-04
 8.98370608E-02
 2.26325726E-04
 2.21679453E-04
 2.06176165E-04
 1.86330686E-04
 9.04145311E-03
 2.90480545E-04
 2.79514203E-04
 2.62084093E-04
 2.78685824E-02
 3.78194335E-04
 3.62683338E-04
 5.18742570E-03
 5.42352559E-04
 1.71164014E-01
 6.52883820E-03
 2.71998752E-04
 1.92466804E-04
 2.28337938E-04
 1.69986042E-04
 1.20719731E-04
 8.88830139E-02
 3.18934209E-04
 2.87642868E-04
 2.64959771E-04
 2.24305825E-04
 7.37778359E-03
 4.09469825E-04
 3.84370982E-04
 3.60195840E-04
 2.43487323E-03
 5.75196203E-04
 5.54430578E-04
 1.58966119E-03
 9.34223295E-04
 6.10314867E-03
 1.81214064E-01
 3.07022232E-04
 2.66283421E-04
 2.80612000E-04
 1.90539979E-04
 4.66553878E-04
 3.99156938E-04
 3.38255360E-04
 6.80063347E-04
 6.33017718E-04
 2.02643235E-03
 1.20900699E-03
 4.27968139E-04
 3.67677588E-04
 2.11724215E-04
 2.49512578E-02
 6.53607576E-04
 4.85947022E-04
 6.10950049E-03
 1.16079452E-03
 8.81342637E-03
 4.96950623E-04
 1.75779718E-04
 1.16288493E-01
 7.77067950E-04
 1.24592094E-01
 1.42072310E-01
 2.19071698E-04
 1.76131933E-03
 1.76729764E-03
 1.73712863E-03
 1.76537402E-03
 1.80999831E-03
 1.84538680E-03
 1.39659737E-03
 1.42574807E-03
 1.42754496E-03
 1.47746314E-03
 1.49831382E-03
 8.90433074E-02
 1.08359268E-03
 1.11415443E-03
 1.15456638E-03
 1.22933533E-03
 7.13479723E-04
 7.95529149E-04
 8.90701551E-04
 5.54015643E-04
 5.64669074E-04
 6.40086617E-04
 2.75495091E-04
 2.98820390E-04
 2.69618154E-04
 2.02601815E-04
 1.65257011E-04
 3.15333786E-04
 2.89134729E-04
 2.58145058E-04
 2.47951241E-04
 4.07776460E-04
 3.91098861E-04
 3.52949629E-04
 5.82180559E-04
 5.71768031E-04
 9.45411835E-04
 3.93290724E-04
 3.76165106E-04
 3.36027989E-04
 2.48760196E-04
 5.05433454E-04
 4.55685335E-04
 3.76190041E-04
 7.34014084E-04
 6.78524675E-04
 4.09203152E-02
 1.29420730E-03
 5.42031843E-04
 4.10595804E-04
 2.79674862E-04
 7.27546370E-04
 5.67115419E-04
 1.30334890E-03
 6.06254782E-04
 2.46803264E-04
 6.18733226E-03
 8.98544191E-04
 2.85395609E-04
 2.40688618E-04
 2.11744088E-04
 2.11135121E-04
 1.78751896E-04
 1.30255489E-04
 9.00240416E-02
 2.78500254E-04
 2.60262688E-04
 2.47321208E-04
 2.18455612E-04
 7.31676646E-03
 3.77605093E-04
 3.66419835E-04
 3.39632393E-04
 2.43026559E-03
 5.37906674E-04
 5.22451665E-04
 1.59883080E-03
 8.65314583E-04
 6.02741170E-03
 1.79179834E-01
 4.06040999E-04
 3.24361524E-04
 2.78917048E-04
 2.39701717E-04
 5.07708747E-04
 4.54107963E-04
 4.02472074E-04
 7.39704041E-04
 6.91342818E-04
 4.01810544E-02
 1.31585615E-03
 5.09659238E-04
 3.98935940E-04
 2.69170770E-04
 1.78969150E-03
 7.77473105E-04
 6.17154615E-04
 2.78536660E-02
 1.38643515E-03
 4.94368220E-02
 5.18143024E-04
 6.53248884E-04
 2.93943952E-04
 1.70860117E-03
 1.02476994E-03
 7.92842569E-03
 2.00977677E-03
 3.48368032E-04
 6.79421008E-03
 7.47297107E-03
 1.07539507E-01
 3.08453696E-04
 2.81293266E-04
 2.66195014E-04
 2.05265014E-04
 4.57847122E-04
 4.20337590E-04
 3.80073606E-04
 6.90252057E-04
 6.60380696E-04
 2.03391525E-03
 1.23327273E-03
 5.21802757E-04
 4.25727794E-04
 3.17315029E-04
 2.86567694E-02
 7.77879278E-04
 6.48028215E-04
 7.08508519E-03
 1.41095537E-03
 1.09676338E-02
 6.75366285E-04
 3.66459210E-04
 1.69295363E-03
 1.09840853E-03
 8.12438719E-03
 1.85624304E-03
 4.33461597E-04
 2.62067412E-02
 4.65773027E-04
 3.71290889E-04
 3.01313262E-04
 7.43159240E-04
 6.52125335E-04
 1.35812181E-03
 6.42161547E-04
 3.96831991E-04
 6.31840499E-03
 1.12955208E-03
 5.04806822E-04
 1.00000000E+00
 1.00000000E+00
 1.00000000E+00
 1.00000000E+00
 1.00000000E+00
 1.00000000E+00
 1.00000000E+00
 1.00000000E+00
 1.00000000E+00
 1.00000000E+00
 1.00000000E+00
 1.00000000E+00
