 3.97261561E-03
 4.08902867E-03
 4.21944932E-03
 4.33384380E-03
 4.46028450E-03
 4.55973238E-03
 4.52945469E-03
 2.97378242E-03
 3.07258819E-03
 3.17162735E-03
 3.25327424E-03
 3.27493100E-03
 2.98000153E-03
 2.36161825E-03
 2.37221520E-03
 2.33489764E-03
 2.18634595E-03
 1.44584324E-03
 0.00000000E+00
 1.61691678E-03
 1.53322844E-03
 1.31022280E-03
 3.22928012E-04
 5.95795461E-04
 2.48745109E-04
 1.06260838E-03
 7.42679063E-04
 2.66942546E-03
 0.00000000E+00
 3.17190961E-03
 8.50620912E-05
 1.96963508E-04
 3.79911045E-04
 6.83841961E-04
 1.33625241E-03
 3.28609517E-03
 0.00000000E+00
 1.57690667E-04
 3.59931800E-04
 7.21819422E-04
 1.46332582E-03
 3.77259942E-03
 0.00000000E+00
 3.18782034E-04
 7.22223977E-04
 1.61271528E-03
 4.36359464E-03
 0.00000000E+00
 6.73299251E-04
 1.69507040E-03
 5.02463387E-03
 0.00000000E+00
 1.66920458E-03
 5.70890505E-03
 0.00000000E+00
 6.39212146E-03
 0.00000000E+00
 0.00000000E+00
 1.72666666E-04
 4.28995368E-04
 8.98690393E-04
 1.84443772E-03
 4.81148902E-03
 0.00000000E+00
 3.53045656E-04
 8.88213804E-04
 2.07186713E-03
 5.76422989E-03
 0.00000000E+00
 7.85976923E-04
 2.19084733E-03
 6.85548794E-03
 0.00000000E+00
 2.09665443E-03
 8.05236114E-03
 0.00000000E+00
 9.01798341E-03
 0.00000000E+00
 0.00000000E+00
 3.50997885E-04
 9.57331499E-04
 2.30496199E-03
 6.57269246E-03
 8.08657443E-04
 2.46147323E-03
 8.08188466E-03
 2.27868043E-03
 9.74397520E-03
 0.00000000E+00
 1.07861286E-02
 7.73889238E-04
 2.51238629E-03
 8.49054902E-03
 0.00000000E+00
 2.27262104E-03
 1.05318881E-02
 0.00000000E+00
 1.14948559E-02
 0.00000000E+00
 2.09813189E-03
 1.02946583E-02
 0.00000000E+00
 1.11881043E-02
 0.00000000E+00
 0.00000000E+00
 9.97162262E-03
 1.14579049E-04
 2.21660126E-04
 3.99622806E-04
 6.95205289E-04
 1.32696766E-03
 3.24649003E-03
 1.96998975E-04
 4.09270604E-04
 7.32957012E-04
 1.46499014E-03
 3.71294416E-03
 0.00000000E+00
 3.50064537E-04
 7.39438711E-04
 1.58720117E-03
 4.24475445E-03
 7.01731357E-04
 1.69651034E-03
 4.84807851E-03
 1.68205356E-03
 5.53043543E-03
 6.18990524E-03
 1.86236003E-04
 4.56349737E-04
 9.39069859E-04
 1.92782893E-03
 5.03994692E-03
 3.78048258E-04
 9.31291344E-04
 2.13077686E-03
 5.94726599E-03
 8.20335071E-04
 2.25568867E-03
 7.00532846E-03
 2.18491400E-03
 8.20289785E-03
 9.18191203E-03
 3.79194028E-04
 1.03491651E-03
 2.49743484E-03
 7.09106468E-03
 8.65495020E-04
 2.63903844E-03
 8.64305377E-03
 2.43362268E-03
 1.03099470E-02
 0.00000000E+00
 1.13660672E-02
 8.62717913E-04
 2.80164776E-03
 9.45698297E-03
 2.49760685E-03
 1.15428551E-02
 1.24685035E-02
 2.40355997E-03
 1.17760769E-02
 0.00000000E+00
 1.25779921E-02
 1.17849420E-02
 2.38261196E-04
 4.93036369E-04
 9.59904655E-04
 1.90394935E-03
 4.88726058E-03
 0.00000000E+00
 4.17958566E-04
 9.48781316E-04
 2.10646661E-03
 5.74828226E-03
 0.00000000E+00
 8.46966655E-04
 2.22639285E-03
 6.73420520E-03
 0.00000000E+00
 2.15780070E-03
 7.86220699E-03
 0.00000000E+00
 8.82471955E-03
 0.00000000E+00
 0.00000000E+00
 4.05895260E-04
 1.07636949E-03
 2.53681174E-03
 7.13654217E-03
 9.01525944E-04
 2.66953928E-03
 8.63781288E-03
 2.47420436E-03
 1.02830961E-02
 0.00000000E+00
 1.13554019E-02
 9.07171211E-04
 2.92487849E-03
 9.81644331E-03
 0.00000000E+00
 2.59908536E-03
 1.18967928E-02
 0.00000000E+00
 1.28221479E-02
 0.00000000E+00
 0.00000000E+00
 2.58064536E-03
 1.25492001E-02
 0.00000000E+00
 1.32984147E-02
 0.00000000E+00
 0.00000000E+00
 1.29117575E-02
 0.00000000E+00
 0.00000000E+00
 0.00000000E+00
 4.30142779E-04
 1.05153013E-03
 2.40659972E-03
 6.70615606E-03
 9.00817310E-04
 2.54641161E-03
 8.08924001E-03
 2.38524760E-03
 9.64834588E-03
 0.00000000E+00
 1.07310531E-02
 9.20834430E-04
 2.88029819E-03
 9.55977943E-03
 0.00000000E+00
 2.56710219E-03
 1.15849103E-02
 0.00000000E+00
 1.25359943E-02
 0.00000000E+00
 2.60947766E-03
 1.26039128E-02
 0.00000000E+00
 1.33594736E-02
 0.00000000E+00
 0.00000000E+00
 1.33337244E-02
 0.00000000E+00
 8.75713392E-04
 2.64096318E-03
 8.63871046E-03
 2.39400142E-03
 1.05640891E-02
 1.15891504E-02
 2.50366660E-03
 1.19233729E-02
 0.00000000E+00
 1.27552660E-02
 1.30508043E-02
 1.00000000E+00
 1.00000000E+00
 0.00000000E+00
 1.00000000E+00
 0.00000000E+00
 0.00000000E+00
 1.00000000E+00
 0.00000000E+00
 0.00000000E+00
 0.00000000E+00
 1.00000000E+00
 0.00000000E+00
 4.95466245E-03
 5.10042476E-03
 5.26013053E-03
 4.99122503E-03
 4.37734704E-03
 3.66539239E-03
 2.82053317E-03
 4.03450426E-03
 4.17496538E-03
 4.32442995E-03
 4.48507644E-03
 4.61186709E-03
 4.53847272E-03
 3.03093151E-03
 3.10114264E-03
 3.18790790E-03
 3.23065729E-03
 2.89283422E-03
 0.00000000E+00
 2.36043192E-03
 2.33202365E-03
 2.16870910E-03
 1.38277451E-03
 1.46547655E-03
 1.20401299E-03
 1.30410730E-04
 4.63879842E-05
 1.43692176E-03
 0.00000000E+00
 2.94362977E-03
 8.62630746E-05
 1.96698602E-04
 3.78489669E-04
 6.83936823E-04
 1.34081547E-03
 3.26030544E-03
 0.00000000E+00
 1.65096523E-04
 3.52945801E-04
 7.18435962E-04
 1.44601273E-03
 3.71384004E-03
 0.00000000E+00
 3.24717764E-04
 7.14849952E-04
 1.56986954E-03
 4.27431954E-03
 0.00000000E+00
 6.63689471E-04
 1.67788406E-03
 4.87399379E-03
 0.00000000E+00
 1.66055368E-03
 5.57282291E-03
 0.00000000E+00
 6.18738875E-03
 0.00000000E+00
 0.00000000E+00
 1.74756349E-04
 4.27006384E-04
 8.85641803E-04
 1.82734842E-03
 4.80276804E-03
 0.00000000E+00
 3.58119103E-04
 8.85327220E-04
 2.04999629E-03
 5.69192619E-03
 0.00000000E+00
 7.92897845E-04
 2.18113514E-03
 6.75192294E-03
 0.00000000E+00
 2.09111655E-03
 7.90210757E-03
 0.00000000E+00
 8.89442665E-03
 0.00000000E+00
 0.00000000E+00
 3.50160478E-04
 9.53485501E-04
 2.27676773E-03
 6.52285742E-03
 8.15861442E-04
 2.46832103E-03
 7.97838197E-03
 2.28742219E-03
 9.62493389E-03
 0.00000000E+00
 1.06790420E-02
 7.72646375E-04
 2.50874761E-03
 8.40524663E-03
 0.00000000E+00
 2.28630177E-03
 1.04538133E-02
 0.00000000E+00
 1.14642802E-02
 0.00000000E+00
 2.10418304E-03
 1.02357187E-02
 0.00000000E+00
 1.11893173E-02
 0.00000000E+00
 0.00000000E+00
 9.98907156E-03
 1.11517590E-04
 2.25458632E-04
 3.80015688E-04
 6.78709386E-04
 1.28745306E-03
 3.15631977E-03
 2.03847760E-04
 4.00505395E-04
 7.35778794E-04
 1.44478688E-03
 3.64145702E-03
 0.00000000E+00
 3.51276680E-04
 7.45859206E-04
 1.58678501E-03
 4.12641471E-03
 6.93077519E-04
 1.65475453E-03
 4.74476259E-03
 1.66651699E-03
 5.37896113E-03
 5.99050040E-03
 1.90304383E-04
 4.52432193E-04
 9.33131880E-04
 1.90915466E-03
 4.98813689E-03
 3.73961889E-04
 9.28566390E-04
 2.11359926E-03
 5.87561635E-03
 8.26187755E-04
 2.24546851E-03
 6.88817383E-03
 2.17338562E-03
 8.06330935E-03
 9.02376133E-03
 3.86247943E-04
 1.03605933E-03
 2.47194213E-03
 7.03093496E-03
 8.77664028E-04
 2.63342127E-03
 8.53342663E-03
 2.44459340E-03
 1.01770952E-02
 0.00000000E+00
 1.12568094E-02
 8.65804404E-04
 2.80085838E-03
 9.36836110E-03
 2.50976505E-03
 1.14640715E-02
 1.24242528E-02
 2.41494238E-03
 1.17187179E-02
 0.00000000E+00
 1.25716706E-02
 1.18118264E-02
 2.45007260E-04
 4.96508648E-04
 9.53240608E-04
 1.90384924E-03
 4.83989306E-03
 0.00000000E+00
 4.25456075E-04
 9.40140336E-04
 2.10341213E-03
 5.67446612E-03
 0.00000000E+00
 8.58983197E-04
 2.19775868E-03
 6.63988121E-03
 0.00000000E+00
 2.14510373E-03
 7.67882341E-03
 0.00000000E+00
 8.67919871E-03
 0.00000000E+00
 0.00000000E+00
 4.19342881E-04
 1.07859587E-03
 2.50812719E-03
 7.07807285E-03
 9.01189992E-04
 2.65891994E-03
 8.55376395E-03
 2.47748246E-03
 1.01427715E-02
 0.00000000E+00
 1.12364994E-02
 9.16689444E-04
 2.91861715E-03
 9.72429013E-03
 0.00000000E+00
 2.60422471E-03
 1.17992782E-02
 0.00000000E+00
 1.27719826E-02
 0.00000000E+00
 0.00000000E+00
 2.58917096E-03
 1.24936648E-02
 0.00000000E+00
 1.32983142E-02
 0.00000000E+00
 0.00000000E+00
 1.29397506E-02
 0.00000000E+00
 0.00000000E+00
 0.00000000E+00
 4.32150092E-04
 1.06185824E-03
 2.39645426E-03
 6.66888623E-03
 9.18766983E-04
 2.54334518E-03
 7.99340450E-03
 2.39424487E-03
 9.50866290E-03
 0.00000000E+00
 1.06104214E-02
 9.25191697E-04
 2.87535320E-03
 9.46736553E-03
 0.00000000E+00
 2.57995387E-03
 1.15009007E-02
 0.00000000E+00
 1.24916137E-02
 0.00000000E+00
 2.62096176E-03
 1.25461008E-02
 0.00000000E+00
 1.33643523E-02
 0.00000000E+00
 0.00000000E+00
 1.33621253E-02
 0.00000000E+00
 8.79733724E-04
 2.64456855E-03
 8.58575833E-03
 2.41177498E-03
 1.04662145E-02
 1.15447529E-02
 2.51459846E-03
 1.18729583E-02
 0.00000000E+00
 1.27480806E-02
 1.30733798E-02
 1.00000000E+00
 1.00000000E+00
 0.00000000E+00
 1.00000000E+00
 0.00000000E+00
 0.00000000E+00
 1.00000000E+00
 0.00000000E+00
 0.00000000E+00
 0.00000000E+00
 1.00000000E+00
 0.00000000E+00
 1.69950438E-03
 1.24354081E-03
 7.19279034E-04
 3.50168356E-04
 1.87456701E-04
 1.27623869E-05
 5.69761205E-06
 5.11348913E-03
 5.28345888E-03
 5.49612715E-03
 5.71051724E-03
 5.30565361E-03
 4.13666425E-03
 4.11640553E-03
 4.30449461E-03
 4.50345399E-03
 4.66624488E-03
 4.58436969E-03
 0.00000000E+00
 3.08791362E-03
 3.16078576E-03
 3.19965171E-03
 2.81749631E-03
 2.30847323E-03
 2.17359031E-03
 1.32993662E-03
 1.09274277E-03
 7.46752901E-05
 0.00000000E+00
 1.88690514E-03
 8.56431163E-05
 2.00352896E-04
 3.82241580E-04
 6.75154628E-04
 1.31215897E-03
 3.20600935E-03
 0.00000000E+00
 1.66853208E-04
 3.58834835E-04
 7.07364905E-04
 1.42941348E-03
 3.66437524E-03
 0.00000000E+00
 3.21748231E-04
 7.04450964E-04
 1.55012190E-03
 4.19815910E-03
 0.00000000E+00
 6.58765555E-04
 1.63219707E-03
 4.77903646E-03
 0.00000000E+00
 1.65112422E-03
 5.43292800E-03
 0.00000000E+00
 6.03588879E-03
 0.00000000E+00
 0.00000000E+00
 1.81384834E-04
 4.29824589E-04
 8.84495750E-04
 1.82361008E-03
 4.74202127E-03
 0.00000000E+00
 3.65048069E-04
 8.76630459E-04
 2.02466049E-03
 5.61847366E-03
 0.00000000E+00
 7.93007052E-04
 2.14858434E-03
 6.62633203E-03
 0.00000000E+00
 2.08914619E-03
 7.74940222E-03
 0.00000000E+00
 8.71767529E-03
 0.00000000E+00
 0.00000000E+00
 3.52537006E-04
 9.54293842E-04
 2.28081497E-03
 6.47631141E-03
 8.21133851E-04
 2.44525233E-03
 7.90792564E-03
 2.29484459E-03
 9.50839995E-03
 0.00000000E+00
 1.05998052E-02
 7.80246462E-04
 2.49945120E-03
 8.38180037E-03
 0.00000000E+00
 2.28212535E-03
 1.03620562E-02
 0.00000000E+00
 1.14019800E-02
 0.00000000E+00
 2.10898806E-03
 1.01962452E-02
 0.00000000E+00
 1.11582225E-02
 0.00000000E+00
 0.00000000E+00
 9.99152697E-03
 1.03822232E-05
 1.04981052E-04
 2.57841512E-04
 5.42679569E-04
 1.12370838E-03
 2.90774145E-03
 1.91592174E-04
 3.89312606E-04
 7.22394974E-04
 1.41379095E-03
 3.54348398E-03
 0.00000000E+00
 3.45056265E-04
 7.19356760E-04
 1.52999853E-03
 4.04112086E-03
 6.82867926E-04
 1.61511512E-03
 4.58605794E-03
 1.63937520E-03
 5.20457043E-03
 5.78428743E-03
 1.91174040E-04
 4.51581931E-04
 9.29996517E-04
 1.88517198E-03
 4.93056062E-03
 3.73992154E-04
 9.19914399E-04
 2.09077904E-03
 5.78636712E-03
 8.24752829E-04
 2.21943664E-03
 6.77026197E-03
 2.15523539E-03
 7.90754402E-03
 8.85011516E-03
 3.89944217E-04
 1.04226370E-03
 2.46412284E-03
 6.97633928E-03
 8.79315762E-04
 2.61178734E-03
 8.43518185E-03
 2.43643398E-03
 1.00401548E-02
 0.00000000E+00
 1.11506574E-02
 8.71548228E-04
 2.78892730E-03
 9.32241313E-03
 2.51672545E-03
 1.13614122E-02
 1.23689280E-02
 2.42160020E-03
 1.16728630E-02
 0.00000000E+00
 1.25474842E-02
 1.18165017E-02
 2.47594545E-04
 4.88906874E-04
 9.58477851E-04
 1.88144824E-03
 4.76791360E-03
 0.00000000E+00
 4.22368678E-04
 9.50934299E-04
 2.07284100E-03
 5.58082301E-03
 0.00000000E+00
 8.50124192E-04
 2.18792092E-03
 6.48363860E-03
 0.00000000E+00
 2.12819668E-03
 7.52275750E-03
 0.00000000E+00
 8.45570367E-03
 0.00000000E+00
 0.00000000E+00
 4.15938151E-04
 1.06488647E-03
 2.50591851E-03
 7.01708029E-03
 9.10149484E-04
 2.63666439E-03
 8.45147047E-03
 2.46953706E-03
 9.99778683E-03
 0.00000000E+00
 1.11243824E-02
 9.13702589E-04
 2.90821710E-03
 9.67991964E-03
 0.00000000E+00
 2.61351955E-03
 1.16952300E-02
 0.00000000E+00
 1.26930594E-02
 0.00000000E+00
 0.00000000E+00
 2.59387363E-03
 1.24359731E-02
 0.00000000E+00
 1.32786865E-02
 0.00000000E+00
 0.00000000E+00
 1.29499549E-02
 0.00000000E+00
 0.00000000E+00
 0.00000000E+00
 4.39726972E-04
 1.05079329E-03
 2.38649728E-03
 6.58600954E-03
 9.21324652E-04
 2.53560678E-03
 7.88841768E-03
 2.38976077E-03
 9.37030992E-03
 0.00000000E+00
 1.04657671E-02
 9.31706307E-04
 2.85744062E-03
 9.42147916E-03
 0.00000000E+00
 2.58588327E-03
 1.13890285E-02
 0.00000000E+00
 1.24355764E-02
 0.00000000E+00
 2.62642086E-03
 1.24881993E-02
 0.00000000E+00
 1.33399664E-02
 0.00000000E+00
 0.00000000E+00
 1.33717714E-02
 0.00000000E+00
 8.76644719E-04
 2.63681004E-03
 8.52994529E-03
 2.40711274E-03
 1.03949158E-02
 1.14799352E-02
 2.51624037E-03
 1.18160764E-02
 0.00000000E+00
 1.27123353E-02
 1.30877437E-02
 1.00000000E+00
 1.00000000E+00
 0.00000000E+00
 1.00000000E+00
 0.00000000E+00
 0.00000000E+00
 1.00000000E+00
 0.00000000E+00
 0.00000000E+00
 0.00000000E+00
 1.00000000E+00
 0.00000000E+00
 8.61316390E-07
 5.88924666E-07
 7.87264061E-06
 3.05172639E-06
 9.43551925E-06
 4.57121305E-06
 3.78043560E-06
 2.96067391E-03
 2.30584899E-03
 1.63087830E-03
 8.63037011E-04
 3.74723632E-04
 5.05807875E-05
 5.30411641E-03
 5.54426630E-03
 5.83403850E-03
 6.10118208E-03
 5.47763302E-03
 0.00000000E+00
 4.25920659E-03
 4.50206367E-03
 4.73907639E-03
 4.71666870E-03
 3.15617508E-03
 3.17431950E-03
 2.81336786E-03
 2.12789873E-03
 1.26226569E-03
 0.00000000E+00
 3.93895826E-04
 8.34609984E-05
 2.06071893E-04
 3.82382724E-04
 6.85238152E-04
 1.28722114E-03
 3.16510324E-03
 0.00000000E+00
 1.71421850E-04
 3.65219704E-04
 7.10530601E-04
 1.40711140E-03
 3.60965288E-03
 0.00000000E+00
 3.15318163E-04
 6.98716030E-04
 1.54508973E-03
 4.08499624E-03
 0.00000000E+00
 6.59629322E-04
 1.63913885E-03
 4.66891479E-03
 0.00000000E+00
 1.60618141E-03
 5.30166638E-03
 0.00000000E+00
 5.87404729E-03
 0.00000000E+00
 0.00000000E+00
 1.72885304E-04
 4.32466065E-04
 8.77190100E-04
 1.80925044E-03
 4.69612870E-03
 0.00000000E+00
 3.53619458E-04
 8.79320540E-04
 2.01928381E-03
 5.54286840E-03
 0.00000000E+00
 7.98132748E-04
 2.14056634E-03
 6.53464158E-03
 0.00000000E+00
 2.07768385E-03
 7.63366423E-03
 0.00000000E+00
 8.57985517E-03
 0.00000000E+00
 0.00000000E+00
 3.52272961E-04
 9.62227862E-04
 2.25985757E-03
 6.42181590E-03
 8.26158187E-04
 2.44391521E-03
 7.82448122E-03
 2.28393903E-03
 9.40052200E-03
 0.00000000E+00
 1.04982867E-02
 7.82687044E-04
 2.49418073E-03
 8.31201170E-03
 0.00000000E+00
 2.29090015E-03
 1.02940832E-02
 0.00000000E+00
 1.13457957E-02
 0.00000000E+00
 2.11175612E-03
 1.01512584E-02
 0.00000000E+00
 1.11391927E-02
 0.00000000E+00
 0.00000000E+00
 9.99656206E-03
 1.35287538E-04
 1.85095176E-05
 1.29041322E-04
 3.85996845E-04
 9.59817625E-04
 2.66023758E-03
 1.10270862E-04
 2.78254313E-04
 5.95742238E-04
 1.25450343E-03
 3.27439202E-03
 0.00000000E+00
 3.46085287E-04
 7.25392345E-04
 1.49914570E-03
 3.91270878E-03
 6.84903404E-04
 1.60167124E-03
 4.48581161E-03
 1.59513812E-03
 5.05515487E-03
 5.64043240E-03
 1.99035367E-04
 4.50880549E-04
 9.24091268E-04
 1.87228343E-03
 4.87845684E-03
 3.81754274E-04
 9.20706995E-04
 2.06394862E-03
 5.71588869E-03
 8.25512147E-04
 2.19869419E-03
 6.65708507E-03
 2.15111895E-03
 7.75779482E-03
 8.67943320E-03
 3.91693220E-04
 1.04042040E-03
 2.45025628E-03
 6.91742779E-03
 8.90069977E-04
 2.60286280E-03
 8.34537088E-03
 2.43993905E-03
 9.91799996E-03
 0.00000000E+00
 1.10285740E-02
 8.67803913E-04
 2.79480187E-03
 9.24403465E-03
 2.51415636E-03
 1.12798600E-02
 1.22990827E-02
 2.42353166E-03
 1.16264268E-02
 0.00000000E+00
 1.25271973E-02
 1.18244253E-02
 2.50901994E-04
 4.95953648E-04
 9.54301539E-04
 1.86570385E-03
 4.71934422E-03
 0.00000000E+00
 4.26171755E-04
 9.37917636E-04
 2.06616811E-03
 5.48717137E-03
 0.00000000E+00
 8.61248310E-04
 2.17506867E-03
 6.35776769E-03
 0.00000000E+00
 2.13158538E-03
 7.36697386E-03
 0.00000000E+00
 8.29161393E-03
 0.00000000E+00
 0.00000000E+00
 4.24868979E-04
 1.06156486E-03
 2.47567596E-03
 6.95696584E-03
 9.16180350E-04
 2.62600755E-03
 8.36028316E-03
 2.47904143E-03
 9.86627884E-03
 0.00000000E+00
 1.09879147E-02
 9.17479367E-04
 2.90246120E-03
 9.60497518E-03
 0.00000000E+00
 2.61511275E-03
 1.16098860E-02
 0.00000000E+00
 1.26416493E-02
 0.00000000E+00
 0.00000000E+00
 2.59966413E-03
 1.23878219E-02
 0.00000000E+00
 1.32574903E-02
 0.00000000E+00
 0.00000000E+00
 1.29572423E-02
 0.00000000E+00
 0.00000000E+00
 0.00000000E+00
 4.41865117E-04
 1.05450074E-03
 2.37818264E-03
 6.52511193E-03
 9.19043412E-04
 2.52060255E-03
 7.80620157E-03
 2.39010878E-03
 9.25025159E-03
 0.00000000E+00
 1.03509000E-02
 9.27337641E-04
 2.85626979E-03
 9.33977224E-03
 0.00000000E+00
 2.59125314E-03
 1.13062466E-02
 0.00000000E+00
 1.23517023E-02
 0.00000000E+00
 2.63250509E-03
 1.24476377E-02
 0.00000000E+00
 1.33162323E-02
 0.00000000E+00
 0.00000000E+00
 1.33825214E-02
 0.00000000E+00
 8.83879857E-04
 2.63210009E-03
 8.46099429E-03
 2.41281855E-03
 1.03103286E-02
 1.13903972E-02
 2.53578031E-03
 1.17795322E-02
 0.00000000E+00
 1.26934490E-02
 1.31040330E-02
 1.00000000E+00
 1.00000000E+00
 0.00000000E+00
 1.00000000E+00
 0.00000000E+00
 0.00000000E+00
 1.00000000E+00
 0.00000000E+00
 0.00000000E+00
 0.00000000E+00
 1.00000000E+00
 0.00000000E+00
 4.14262940E-06
 7.00309221E-06
 1.42521851E-06
 8.21382546E-06
 6.84493302E-06
 1.07208487E-05
 1.53813883E-05
 9.10654227E-06
 2.43646469E-06
 7.99666465E-06
 4.15015355E-06
 3.03456693E-06
 1.24664288E-05
 4.27471826E-03
 3.30184716E-03
 2.20784035E-03
 1.07676044E-03
 3.16721875E-04
 0.00000000E+00
 5.59446687E-03
 5.93068510E-03
 6.28958648E-03
 6.57885604E-03
 4.47816548E-03
 4.81529188E-03
 4.87763921E-03
 3.16547658E-03
 2.75092475E-03
 0.00000000E+00
 1.07067779E-03
 8.73989764E-05
 1.99052336E-04
 3.76540172E-04
 6.71697835E-04
 1.29318480E-03
 3.12779332E-03
 0.00000000E+00
 1.63284805E-04
 3.51859801E-04
 6.90545539E-04
 1.38176116E-03
 3.53756826E-03
 0.00000000E+00
 3.17044940E-04
 6.90937312E-04
 1.50568315E-03
 4.01306564E-03
 0.00000000E+00
 6.64084237E-04
 1.58690188E-03
 4.53846401E-03
 0.00000000E+00
 1.59937177E-03
 5.13816791E-03
 0.00000000E+00
 5.66777543E-03
 0.00000000E+00
 0.00000000E+00
 1.77091011E-04
 4.23808993E-04
 8.83481174E-04
 1.80006520E-03
 4.65351370E-03
 0.00000000E+00
 3.59878629E-04
 8.73015100E-04
 1.99445422E-03
 5.49268969E-03
 0.00000000E+00
 7.89712516E-04
 2.11206134E-03
 6.43078864E-03
 0.00000000E+00
 2.06484917E-03
 7.46974909E-03
 0.00000000E+00
 8.41566978E-03
 0.00000000E+00
 0.00000000E+00
 3.59866381E-04
 9.57376256E-04
 2.25334785E-03
 6.38584227E-03
 8.19949186E-04
 2.41763423E-03
 7.74691189E-03
 2.28511731E-03
 9.26209079E-03
 0.00000000E+00
 1.03746756E-02
 7.80577881E-04
 2.48980945E-03
 8.28781579E-03
 0.00000000E+00
 2.28779217E-03
 1.02105013E-02
 0.00000000E+00
 1.12844612E-02
 0.00000000E+00
 2.11732835E-03
 1.01096068E-02
 0.00000000E+00
 1.11168995E-02
 0.00000000E+00
 0.00000000E+00
 9.99175160E-03
 2.51399065E-04
 1.51214793E-04
 8.82777572E-06
 2.40342869E-04
 7.63336974E-04
 2.41580626E-03
 2.33841613E-05
 1.38730511E-04
 4.40808303E-04
 1.06543346E-03
 3.00631910E-03
 0.00000000E+00
 2.87654288E-04
 6.37185482E-04
 1.38036881E-03
 3.70099819E-03
 6.73850866E-04
 1.55560640E-03
 4.31816555E-03
 1.56685844E-03
 4.89184065E-03
 5.45686847E-03
 1.98385525E-04
 4.42744407E-04
 9.11043523E-04
 1.85884169E-03
 4.83274155E-03
 3.88500880E-04
 9.04164191E-04
 2.04542925E-03
 5.63440716E-03
 8.28318528E-04
 2.17069797E-03
 6.54145613E-03
 2.13364152E-03
 7.57770416E-03
 8.50560002E-03
 3.81810973E-04
 1.03325309E-03
 2.43339458E-03
 6.87090809E-03
 8.85119729E-04
 2.57875795E-03
 8.26127973E-03
 2.43243005E-03
 9.77508944E-03
 0.00000000E+00
 1.08956624E-02
 8.76114949E-04
 2.77290162E-03
 9.19199064E-03
 2.51864057E-03
 1.11788113E-02
 1.22313253E-02
 2.41931314E-03
 1.15631943E-02
 0.00000000E+00
 1.25032917E-02
 1.18313192E-02
 2.52778786E-04
 4.95417153E-04
 9.41859329E-04
 1.84729784E-03
 4.66992009E-03
 0.00000000E+00
 4.29202744E-04
 9.40518372E-04
 2.02772165E-03
 5.41574886E-03
 0.00000000E+00
 8.58668154E-04
 2.13668410E-03
 6.22429767E-03
 0.00000000E+00
 2.10343455E-03
 7.19671193E-03
 0.00000000E+00
 8.10866814E-03
 0.00000000E+00
 0.00000000E+00
 4.19265037E-04
 1.06108164E-03
 2.44834187E-03
 6.90234437E-03
 9.16596527E-04
 2.60427752E-03
 8.24427384E-03
 2.46319257E-03
 9.71241857E-03
 0.00000000E+00
 1.08437353E-02
 9.25506420E-04
 2.89009520E-03
 9.52940756E-03
 0.00000000E+00
 2.61616393E-03
 1.15011258E-02
 0.00000000E+00
 1.25630787E-02
 0.00000000E+00
 0.00000000E+00
 2.60115988E-03
 1.23272413E-02
 0.00000000E+00
 1.32280729E-02
 0.00000000E+00
 0.00000000E+00
 1.29678287E-02
 0.00000000E+00
 0.00000000E+00
 0.00000000E+00
 4.49946505E-04
 1.04473770E-03
 2.35682390E-03
 6.48297336E-03
 9.26128072E-04
 2.50512119E-03
 7.68726761E-03
 2.39388498E-03
 9.08879928E-03
 0.00000000E+00
 1.01832841E-02
 9.29412056E-04
 2.83706267E-03
 9.27015119E-03
 0.00000000E+00
 2.59263631E-03
 1.11911550E-02
 0.00000000E+00
 1.22701693E-02
 0.00000000E+00
 2.63355432E-03
 1.23702897E-02
 0.00000000E+00
 1.32848278E-02
 0.00000000E+00
 0.00000000E+00
 1.33834539E-02
 0.00000000E+00
 8.97309624E-04
 2.62417374E-03
 8.40105783E-03
 2.41524761E-03
 1.02091805E-02
 1.13126520E-02
 2.53656145E-03
 1.17090530E-02
 0.00000000E+00
 1.26641784E-02
 1.31059427E-02
 1.00000000E+00
 1.00000000E+00
 0.00000000E+00
 1.00000000E+00
 0.00000000E+00
 0.00000000E+00
 1.00000000E+00
 0.00000000E+00
 0.00000000E+00
 0.00000000E+00
 1.00000000E+00
 0.00000000E+00
 3.51512980E-06
 3.14856683E-06
 3.74293377E-06
 4.11198718E-06
 1.44988445E-06
 8.51757629E-07
 1.23662082E-05
 6.40689635E-06
 6.64549825E-06
 7.14804382E-06
 9.39458334E-06
 1.89738646E-05
 7.20867995E-07
 3.98782406E-05
 2.11834486E-06
 1.00513120E-05
 4.33372431E-06
 1.42747062E-05
 0.00000000E+00
 5.45875492E-03
 3.94581395E-03
 2.19162091E-03
 6.07723866E-04
 6.01712631E-03
 6.53092989E-03
 6.97313696E-03
 4.79825627E-03
 5.03336000E-03
 0.00000000E+00
 2.60256383E-03
 8.96444481E-05
 1.94080473E-04
 3.59111047E-04
 6.49487693E-04
 1.27287139E-03
 3.11623353E-03
 0.00000000E+00
 1.63973973E-04
 3.53018084E-04
 6.75082997E-04
 1.37636526E-03
 3.51063084E-03
 0.00000000E+00
 3.20657997E-04
 6.94096839E-04
 1.48335056E-03
 3.95152804E-03
 0.00000000E+00
 6.52815486E-04
 1.56332130E-03
 4.42860798E-03
 0.00000000E+00
 1.58849188E-03
 4.99662370E-03
 0.00000000E+00
 5.54777258E-03
 0.00000000E+00
 0.00000000E+00
 1.75345180E-04
 4.19138279E-04
 8.69227547E-04
 1.78819928E-03
 4.63576676E-03
 0.00000000E+00
 3.65749644E-04
 8.77359053E-04
 1.97246888E-03
 5.41439406E-03
 0.00000000E+00
 7.99535502E-04
 2.09416744E-03
 6.33245018E-03
 0.00000000E+00
 2.05386500E-03
 7.32658764E-03
 0.00000000E+00
 8.27239662E-03
 0.00000000E+00
 0.00000000E+00
 3.60624805E-04
 9.49878400E-04
 2.23051264E-03
 6.33059547E-03
 8.28144098E-04
 2.40678111E-03
 7.65600183E-03
 2.28882953E-03
 9.14771600E-03
 0.00000000E+00
 1.02683737E-02
 7.87349699E-04
 2.48919372E-03
 8.20467816E-03
 0.00000000E+00
 2.29336553E-03
 1.01393413E-02
 0.00000000E+00
 1.12421218E-02
 0.00000000E+00
 2.11596187E-03
 1.00496320E-02
 0.00000000E+00
 1.11018924E-02
 0.00000000E+00
 0.00000000E+00
 9.99505955E-03
 6.64022545E-04
 6.07831349E-04
 4.93048779E-04
 2.91357459E-04
 1.47192482E-04
 1.61059222E-03
 1.56194996E-04
 6.82732539E-06
 2.88590310E-04
 8.79524578E-04
 2.73342987E-03
 0.00000000E+00
 1.29003469E-04
 4.67498614E-04
 1.17201173E-03
 3.38639810E-03
 6.34584429E-04
 1.48489182E-03
 4.12334310E-03
 1.55743744E-03
 4.72993706E-03
 5.25691929E-03
 1.99011337E-04
 4.43087312E-04
 9.13736754E-04
 1.84487190E-03
 4.78874845E-03
 3.84638888E-04
 9.01121220E-04
 2.03329728E-03
 5.55551163E-03
 8.24125583E-04
 2.15570271E-03
 6.44732385E-03
 2.10887086E-03
 7.43588060E-03
 8.34706042E-03
 3.82250683E-04
 1.03041057E-03
 2.42343340E-03
 6.82309148E-03
 8.86318970E-04
 2.57642490E-03
 8.17812486E-03
 2.42644828E-03
 9.66918438E-03
 0.00000000E+00
 1.07801153E-02
 8.74361376E-04
 2.76480758E-03
 9.15462205E-03
 2.51659350E-03
 1.10962114E-02
 1.21635199E-02
 2.43438628E-03
 1.15218404E-02
 0.00000000E+00
 1.24794438E-02
 1.18264281E-02
 2.49726119E-04
 4.89422837E-04
 9.34009714E-04
 1.82569433E-03
 4.61110570E-03
 0.00000000E+00
 4.28370183E-04
 9.37077272E-04
 2.01579100E-03
 5.33011174E-03
 0.00000000E+00
 8.46732449E-04
 2.09984008E-03
 6.15876899E-03
 0.00000000E+00
 2.09382294E-03
 7.03763265E-03
 0.00000000E+00
 7.92689339E-03
 0.00000000E+00
 0.00000000E+00
 4.17472194E-04
 1.05349568E-03
 2.45223299E-03
 6.84528145E-03
 9.14026831E-04
 2.59642377E-03
 8.15773427E-03
 2.46313986E-03
 9.60195096E-03
 0.00000000E+00
 1.07105237E-02
 9.22299076E-04
 2.87354221E-03
 9.49339513E-03
 0.00000000E+00
 2.61637405E-03
 1.14170131E-02
 0.00000000E+00
 1.24915984E-02
 0.00000000E+00
 0.00000000E+00
 2.61043882E-03
 1.22679373E-02
 0.00000000E+00
 1.31961411E-02
 0.00000000E+00
 0.00000000E+00
 1.29673018E-02
 0.00000000E+00
 0.00000000E+00
 0.00000000E+00
 4.62298561E-04
 1.05015953E-03
 2.35266340E-03
 6.43429443E-03
 9.26241135E-04
 2.49593891E-03
 7.61229402E-03
 2.39346270E-03
 8.95717532E-03
 0.00000000E+00
 1.00734762E-02
 9.30687285E-04
 2.83027882E-03
 9.21499525E-03
 0.00000000E+00
 2.59976223E-03
 1.11013281E-02
 0.00000000E+00
 1.21907785E-02
 0.00000000E+00
 2.63428671E-03
 1.23152112E-02
 0.00000000E+00
 1.32559025E-02
 0.00000000E+00
 0.00000000E+00
 1.33988814E-02
 0.00000000E+00
 9.07379624E-04
 2.62085936E-03
 8.35866169E-03
 2.42961809E-03
 1.01131724E-02
 1.12332494E-02
 2.54145861E-03
 1.16470201E-02
 0.00000000E+00
 1.26309546E-02
 1.31126127E-02
 1.00000000E+00
 1.00000000E+00
 0.00000000E+00
 1.00000000E+00
 0.00000000E+00
 0.00000000E+00
 1.00000000E+00
 0.00000000E+00
 0.00000000E+00
 0.00000000E+00
 1.00000000E+00
 0.00000000E+00
 6.36934583E-06
 1.05019021E-06
 2.79632003E-06
 1.11752721E-06
 5.29368026E-06
 3.65412552E-06
 1.43405018E-05
 8.31278953E-07
 7.17039170E-06
 2.53556058E-06
 5.71886500E-06
 7.43088690E-06
 4.63221262E-07
 3.28322724E-06
 1.24046676E-05
 1.17031483E-05
 9.96009569E-07
 1.16508590E-05
 0.00000000E+00
 3.05531721E-04
 6.42500719E-07
 3.72925897E-06
 1.02022066E-05
 6.25138559E-03
 3.76985893E-03
 1.11708307E-03
 6.67305576E-03
 7.30976332E-03
 0.00000000E+00
 5.02377990E-03
 9.55757268E-05
 1.96786866E-04
 3.58962760E-04
 6.50197840E-04
 1.27721521E-03
 3.09291221E-03
 0.00000000E+00
 1.62656634E-04
 3.60782394E-04
 6.72423661E-04
 1.37447757E-03
 3.49752646E-03
 0.00000000E+00
 3.19775004E-04
 7.05088349E-04
 1.47710043E-03
 3.87288345E-03
 0.00000000E+00
 6.40022404E-04
 1.56942976E-03
 4.35217569E-03
 0.00000000E+00
 1.56407946E-03
 4.91281543E-03
 0.00000000E+00
 5.41240056E-03
 0.00000000E+00
 0.00000000E+00
 1.79363417E-04
 4.17404969E-04
 8.78287997E-04
 1.79121301E-03
 4.65086506E-03
 0.00000000E+00
 3.66702502E-04
 8.76387531E-04
 1.96215969E-03
 5.34722908E-03
 0.00000000E+00
 7.97635784E-04
 2.08841049E-03
 6.24575984E-03
 0.00000000E+00
 2.03723126E-03
 7.20089752E-03
 0.00000000E+00
 8.13053230E-03
 0.00000000E+00
 0.00000000E+00
 3.59966052E-04
 9.60869839E-04
 2.22830340E-03
 6.29816106E-03
 8.37946565E-04
 2.40668525E-03
 7.56865625E-03
 2.28537192E-03
 9.06987818E-03
 0.00000000E+00
 1.01808940E-02
 7.86162829E-04
 2.49868538E-03
 8.16130689E-03
 0.00000000E+00
 2.28628895E-03
 1.00664475E-02
 0.00000000E+00
 1.11752546E-02
 0.00000000E+00
 2.11946049E-03
 1.00214515E-02
 0.00000000E+00
 1.10721816E-02
 0.00000000E+00
 0.00000000E+00
 1.00007917E-02
 1.33275971E-03
 1.29871901E-03
 1.22619600E-03
 1.05980516E-03
 6.73805620E-04
 5.74379021E-04
 4.04237560E-04
 2.91789468E-04
 7.56528658E-05
 4.34114407E-04
 2.04880207E-03
 0.00000000E+00
 1.11327267E-05
 3.00373368E-04
 9.72554965E-04
 3.07598683E-03
 4.69640790E-04
 1.28044267E-03
 3.76280134E-03
 1.51504980E-03
 4.53655926E-03
 5.09208554E-03
 1.93970139E-04
 4.54764597E-04
 9.12137155E-04
 1.82948152E-03
 4.73710174E-03
 3.80597652E-04
 9.10359956E-04
 2.03326490E-03
 5.49462852E-03
 8.21105794E-04
 2.14622644E-03
 6.35837589E-03
 2.09202104E-03
 7.29744470E-03
 8.18865654E-03
 3.81210793E-04
 1.03711274E-03
 2.41586728E-03
 6.77447259E-03
 8.90032840E-04
 2.57400360E-03
 8.11733167E-03
 2.43433874E-03
 9.58193849E-03
 0.00000000E+00
 1.06590276E-02
 8.71409334E-04
 2.77168201E-03
 9.09382189E-03
 2.52081686E-03
 1.10184084E-02
 1.21151840E-02
 2.43813919E-03
 1.14862400E-02
 0.00000000E+00
 1.24527439E-02
 1.18276353E-02
 2.58820903E-04
 4.93711675E-04
 9.37822816E-04
 1.81267524E-03
 4.54298401E-03
 0.00000000E+00
 4.27880825E-04
 9.35222170E-04
 1.99069415E-03
 5.25527322E-03
 0.00000000E+00
 8.58206098E-04
 2.08933657E-03
 6.03059476E-03
 0.00000000E+00
 2.09404492E-03
 6.91243431E-03
 0.00000000E+00
 7.76792137E-03
 0.00000000E+00
 0.00000000E+00
 4.16840847E-04
 1.05394005E-03
 2.43117214E-03
 6.79000149E-03
 9.11840471E-04
 2.60042414E-03
 8.06855881E-03
 2.46580111E-03
 9.50925903E-03
 0.00000000E+00
 1.05973725E-02
 9.14142978E-04
 2.88173416E-03
 9.41925395E-03
 0.00000000E+00
 2.62227200E-03
 1.13520313E-02
 0.00000000E+00
 1.24219054E-02
 0.00000000E+00
 0.00000000E+00
 2.60585691E-03
 1.22204671E-02
 0.00000000E+00
 1.31776268E-02
 0.00000000E+00
 0.00000000E+00
 1.29673308E-02
 0.00000000E+00
 0.00000000E+00
 0.00000000E+00
 4.63056857E-04
 1.05373224E-03
 2.34124523E-03
 6.35461436E-03
 9.25156415E-04
 2.49850356E-03
 7.52623545E-03
 2.38471420E-03
 8.86021474E-03
 0.00000000E+00
 9.95794098E-03
 9.34416530E-04
 2.83842246E-03
 9.15091304E-03
 0.00000000E+00
 2.59799777E-03
 1.10226219E-02
 0.00000000E+00
 1.21265721E-02
 0.00000000E+00
 2.63914625E-03
 1.22757429E-02
 0.00000000E+00
 1.32311606E-02
 0.00000000E+00
 0.00000000E+00
 1.34137099E-02
 0.00000000E+00
 9.19668597E-04
 2.61934181E-03
 8.28452428E-03
 2.42904615E-03
 1.00225335E-02
 1.11683563E-02
 2.54557806E-03
 1.16096426E-02
 0.00000000E+00
 1.26082746E-02
 1.31164670E-02
 1.00000000E+00
 1.00000000E+00
 0.00000000E+00
 1.00000000E+00
 0.00000000E+00
 0.00000000E+00
 1.00000000E+00
 0.00000000E+00
 0.00000000E+00
 0.00000000E+00
 1.00000000E+00
 0.00000000E+00
 1.98592346E-06
 9.52937369E-06
 1.09454156E-07
 4.06713193E-06
 6.41036739E-06
 3.31242311E-06
 2.50297802E-05
 9.24922873E-07
 6.26167968E-06
 7.60781116E-07
 6.72102997E-06
 5.69428915E-06
 5.06274361E-06
 8.19845392E-06
 3.06948803E-06
 5.09826004E-06
 7.42330374E-06
 1.14947995E-05
 0.00000000E+00
 2.26604271E-07
 5.37696354E-07
 9.79142847E-06
 2.68669633E-05
 3.29927346E-04
 8.34887166E-07
 6.06166928E-06
 6.12622283E-03
 2.01028719E-03
 0.00000000E+00
 7.55833418E-03
 9.01057154E-05
 1.89370098E-04
 3.62162198E-04
 6.51080225E-04
 1.25959825E-03
 3.09379740E-03
 0.00000000E+00
 1.72047326E-04
 3.54665980E-04
 6.84182492E-04
 1.36605638E-03
 3.44046891E-03
 0.00000000E+00
 3.18852347E-04
 6.97109304E-04
 1.46325787E-03
 3.81735008E-03
 0.00000000E+00
 6.45748670E-04
 1.54451946E-03
 4.29562243E-03
 0.00000000E+00
 1.54939736E-03
 4.77790110E-03
 0.00000000E+00
 5.27982669E-03
 0.00000000E+00
 0.00000000E+00
 1.75075636E-04
 4.18322733E-04
 8.53573096E-04
 1.76895025E-03
 4.56838411E-03
 0.00000000E+00
 3.56876026E-04
 8.65962766E-04
 1.94658283E-03
 5.31033699E-03
 0.00000000E+00
 7.88744436E-04
 2.06433950E-03
 6.16855751E-03
 0.00000000E+00
 2.03687709E-03
 7.09818494E-03
 0.00000000E+00
 8.00947062E-03
 0.00000000E+00
 0.00000000E+00
 3.64496124E-04
 9.53824522E-04
 2.22831914E-03
 6.26245396E-03
 8.28824807E-04
 2.38433906E-03
 7.51202615E-03
 2.28386909E-03
 8.95876192E-03
 0.00000000E+00
 1.00585317E-02
 7.89774191E-04
 2.46805148E-03
 8.12577771E-03
 0.00000000E+00
 2.28742319E-03
 9.97179669E-03
 0.00000000E+00
 1.11121821E-02
 0.00000000E+00
 2.11831822E-03
 9.97135598E-03
 0.00000000E+00
 1.10413342E-02
 0.00000000E+00
 0.00000000E+00
 9.98801209E-03
 1.99810575E-03
 1.99340294E-03
 1.94203081E-03
 1.82375318E-03
 1.49455287E-03
 3.90937670E-04
 1.13090590E-03
 1.06192353E-03
 8.97063684E-04
 4.76639787E-04
 9.58181187E-04
 0.00000000E+00
 1.89303737E-04
 6.91679368E-05
 6.55455978E-04
 2.52220725E-03
 3.03847341E-04
 1.03783001E-03
 3.39580592E-03
 1.32330524E-03
 4.11651064E-03
 4.90629760E-03
 1.89040858E-04
 4.40383090E-04
 8.98047874E-04
 1.81245791E-03
 4.69263576E-03
 3.73272418E-04
 9.03594885E-04
 1.99082225E-03
 5.41476822E-03
 8.29082837E-04
 2.10206150E-03
 6.24008306E-03
 2.07859042E-03
 7.13020242E-03
 8.02643524E-03
 3.81062313E-04
 1.02244614E-03
 2.39706899E-03
 6.71689463E-03
 8.80660313E-04
 2.54180477E-03
 8.01542728E-03
 2.42001009E-03
 9.42956514E-03
 0.00000000E+00
 1.05233546E-02
 8.72585689E-04
 2.75209216E-03
 9.04880477E-03
 2.52263806E-03
 1.09160065E-02
 1.20488985E-02
 2.43192625E-03
 1.14162314E-02
 0.00000000E+00
 1.24230317E-02
 1.18218530E-02
 2.51775046E-04
 4.86568289E-04
 9.25432952E-04
 1.78900746E-03
 4.53303811E-03
 0.00000000E+00
 4.38028337E-04
 9.29271323E-04
 1.96179937E-03
 5.16686144E-03
 0.00000000E+00
 8.46974316E-04
 2.08353170E-03
 5.92001661E-03
 0.00000000E+00
 2.05382106E-03
 6.76181326E-03
 0.00000000E+00
 7.58117491E-03
 0.00000000E+00
 0.00000000E+00
 4.16537920E-04
 1.04817418E-03
 2.41847888E-03
 6.74069943E-03
 9.09501412E-04
 2.56223803E-03
 7.96035900E-03
 2.45913316E-03
 9.33754939E-03
 0.00000000E+00
 1.04391883E-02
 9.18336850E-04
 2.87200175E-03
 9.37652189E-03
 0.00000000E+00
 2.61720896E-03
 1.12325443E-02
 0.00000000E+00
 1.23420753E-02
 0.00000000E+00
 0.00000000E+00
 2.61149025E-03
 1.21704673E-02
 0.00000000E+00
 1.31449308E-02
 0.00000000E+00
 0.00000000E+00
 1.29647869E-02
 0.00000000E+00
 0.00000000E+00
 0.00000000E+00
 4.71673580E-04
 1.05481084E-03
 2.33279048E-03
 6.31852977E-03
 9.35501747E-04
 2.48578421E-03
 7.42158714E-03
 2.38481237E-03
 8.72473671E-03
 0.00000000E+00
 9.79653607E-03
 9.31909325E-04
 2.82373920E-03
 9.11660605E-03
 0.00000000E+00
 2.59281938E-03
 1.08986079E-02
 0.00000000E+00
 1.20413239E-02
 0.00000000E+00
 2.64638218E-03
 1.22193641E-02
 0.00000000E+00
 1.31911283E-02
 0.00000000E+00
 0.00000000E+00
 1.33951326E-02
 0.00000000E+00
 9.21504556E-04
 2.62081905E-03
 8.25565650E-03
 2.44792594E-03
 9.92276443E-03
 1.10771286E-02
 2.54783334E-03
 1.15475947E-02
 0.00000000E+00
 1.25682891E-02
 1.31133508E-02
 1.00000000E+00
 1.00000000E+00
 0.00000000E+00
 1.00000000E+00
 0.00000000E+00
 0.00000000E+00
 1.00000000E+00
 0.00000000E+00
 0.00000000E+00
 0.00000000E+00
 1.00000000E+00
 0.00000000E+00
 1.06857213E-06
 3.42823023E-07
 3.29169410E-07
 2.06789462E-06
 5.38015640E-06
 1.36402989E-05
 2.71895978E-05
 8.20279062E-07
 4.69480688E-07
 1.73425953E-07
 1.13366380E-06
 1.73283371E-06
 3.32699114E-07
 3.45501364E-06
 6.87802025E-06
 2.01423525E-06
 9.56513046E-07
 1.28607084E-05
 0.00000000E+00
 3.87273464E-06
 2.43203740E-06
 1.00740516E-05
 2.09488825E-05
 1.05523045E-06
 1.64282662E-06
 4.82135670E-05
 3.36514801E-05
 7.70389628E-06
 0.00000000E+00
 3.99023624E-03
 9.51320781E-05
 1.86432956E-04
 3.58090398E-04
 6.45871971E-04
 1.26354420E-03
 3.04622839E-03
 0.00000000E+00
 1.67212381E-04
 3.46035218E-04
 6.76031350E-04
 1.33989074E-03
 3.40697346E-03
 0.00000000E+00
 3.15216902E-04
 6.77678183E-04
 1.45233012E-03
 3.79790193E-03
 0.00000000E+00
 6.45339390E-04
 1.50777685E-03
 4.18965377E-03
 0.00000000E+00
 1.50748221E-03
 4.66433557E-03
 0.00000000E+00
 5.13163978E-03
 0.00000000E+00
 0.00000000E+00
 1.73274405E-04
 4.17242331E-04
 8.55418773E-04
 1.75024561E-03
 4.53805568E-03
 0.00000000E+00
 3.66966963E-04
 8.61668446E-04
 1.92930991E-03
 5.24305539E-03
 0.00000000E+00
 7.93278043E-04
 2.03582629E-03
 6.06848203E-03
 0.00000000E+00
 2.01856180E-03
 6.98032408E-03
 0.00000000E+00
 7.83314006E-03
 0.00000000E+00
 0.00000000E+00
 3.70892003E-04
 9.46386809E-04
 2.21628232E-03
 6.21687562E-03
 8.30324970E-04
 2.37325909E-03
 7.44256199E-03
 2.28216298E-03
 8.84828128E-03
 0.00000000E+00
 9.94789363E-03
 7.93067635E-04
 2.46356550E-03
 8.06995473E-03
 0.00000000E+00
 2.28792325E-03
 9.89628784E-03
 0.00000000E+00
 1.10556739E-02
 0.00000000E+00
 2.12033884E-03
 9.93112461E-03
 0.00000000E+00
 1.10205905E-02
 0.00000000E+00
 0.00000000E+00
 9.97964841E-03
 2.65465942E-03
 2.67657779E-03
 2.64958178E-03
 2.57340045E-03
 2.30621894E-03
 1.37254374E-03
 1.86746992E-03
 1.82950392E-03
 1.73080452E-03
 1.38182733E-03
 9.19591284E-05
 0.00000000E+00
 8.66054075E-04
 7.13921057E-04
 2.82870535E-04
 1.27045365E-03
 1.13469983E-04
 8.09921812E-04
 2.95232536E-03
 1.09390700E-03
 3.67624388E-03
 4.51801541E-03
 1.92154573E-04
 4.38620784E-04
 8.95613203E-04
 1.80685308E-03
 4.63668960E-03
 3.82917191E-04
 8.79848865E-04
 1.95400217E-03
 5.34135734E-03
 8.18385555E-04
 2.07570192E-03
 6.12751940E-03
 2.06717943E-03
 7.00161064E-03
 7.84395939E-03
 3.89419556E-04
 1.02560438E-03
 2.38216223E-03
 6.67711684E-03
 8.90520876E-04
 2.52024301E-03
 7.90696642E-03
 2.41929367E-03
 9.29348202E-03
 0.00000000E+00
 1.04191412E-02
 8.77457584E-04
 2.74868439E-03
 8.99272516E-03
 2.52315087E-03
 1.08249089E-02
 1.19668907E-02
 2.43482702E-03
 1.13719252E-02
 0.00000000E+00
 1.23965746E-02
 1.18256618E-02
 2.54404140E-04
 4.89575427E-04
 9.17256228E-04
 1.77596316E-03
 4.47573914E-03
 0.00000000E+00
 4.26438108E-04
 9.23472796E-04
 1.93163355E-03
 5.08867852E-03
 0.00000000E+00
 8.48620263E-04
 2.03449801E-03
 5.79708587E-03
 0.00000000E+00
 2.03186734E-03
 6.58572485E-03
 0.00000000E+00
 7.38003528E-03
 0.00000000E+00
 0.00000000E+00
 4.20860577E-04
 1.05162067E-03
 2.41505808E-03
 6.68093047E-03
 9.10419560E-04
 2.53770602E-03
 7.86512384E-03
 2.44929987E-03
 9.20426693E-03
 0.00000000E+00
 1.03173588E-02
 9.25299600E-04
 2.85720740E-03
 9.28721739E-03
 0.00000000E+00
 2.61862511E-03
 1.11274058E-02
 0.00000000E+00
 1.22666777E-02
 0.00000000E+00
 0.00000000E+00
 2.61759300E-03
 1.21189588E-02
 0.00000000E+00
 1.31127259E-02
 0.00000000E+00
 0.00000000E+00
 1.29668514E-02
 0.00000000E+00
 0.00000000E+00
 0.00000000E+00
 4.64863658E-04
 1.05921314E-03
 2.32167964E-03
 6.26890249E-03
 9.31265731E-04
 2.45667416E-03
 7.33472109E-03
 2.36971507E-03
 8.55798258E-03
 0.00000000E+00
 9.64096559E-03
 9.42221750E-04
 2.82013555E-03
 9.05529114E-03
 0.00000000E+00
 2.59362652E-03
 1.08063466E-02
 0.00000000E+00
 1.19563135E-02
 0.00000000E+00
 2.64307677E-03
 1.21747226E-02
 0.00000000E+00
 1.31621124E-02
 0.00000000E+00
 0.00000000E+00
 1.33884729E-02
 0.00000000E+00
 9.26847189E-04
 2.60320107E-03
 8.18806530E-03
 2.43557879E-03
 9.80987765E-03
 1.09880562E-02
 2.55185713E-03
 1.14878889E-02
 0.00000000E+00
 1.25422230E-02
 1.31112339E-02
 1.00000000E+00
 1.00000000E+00
 0.00000000E+00
 1.00000000E+00
 0.00000000E+00
 0.00000000E+00
 1.00000000E+00
 0.00000000E+00
 0.00000000E+00
 0.00000000E+00
 1.00000000E+00
 0.00000000E+00
 1.14701035E-06
 1.35343394E-06
 3.98390048E-06
 1.31137112E-05
 8.45755761E-06
 4.01507692E-06
 1.29404033E-05
 4.29838083E-06
 3.91448018E-06
 2.31188414E-06
 7.28073520E-06
 1.28638966E-05
 7.61096304E-06
 5.38863195E-06
 1.13349324E-06
 1.03680844E-05
 8.91856341E-06
 3.77261918E-06
 0.00000000E+00
 7.80431187E-06
 3.06198796E-07
 9.20298304E-07
 2.05925773E-05
 1.18024195E-07
 1.14957924E-05
 2.56000394E-06
 8.07145832E-06
 3.08146834E-05
 0.00000000E+00
 6.21282512E-06
 8.26396860E-05
 1.88077614E-04
 3.56733275E-04
 6.44738460E-04
 1.24051147E-03
 2.99822547E-03
 0.00000000E+00
 1.58652478E-04
 3.49019619E-04
 6.64139606E-04
 1.32866118E-03
 3.32376034E-03
 0.00000000E+00
 3.05662609E-04
 6.63619612E-04
 1.41640887E-03
 3.70007909E-03
 0.00000000E+00
 6.29147672E-04
 1.48683328E-03
 4.11352986E-03
 0.00000000E+00
 1.49515225E-03
 4.54533295E-03
 0.00000000E+00
 5.03218191E-03
 0.00000000E+00
 0.00000000E+00
 1.74654167E-04
 4.19865936E-04
 8.50792507E-04
 1.74880254E-03
 4.48910936E-03
 0.00000000E+00
 3.65415613E-04
 8.57411667E-04
 1.92189442E-03
 5.19765248E-03
 0.00000000E+00
 7.85629673E-04
 2.01971547E-03
 5.97621169E-03
 0.00000000E+00
 2.00111228E-03
 6.86918521E-03
 0.00000000E+00
 7.70858739E-03
 0.00000000E+00
 0.00000000E+00
 3.57593743E-04
 9.44416658E-04
 2.20861543E-03
 6.17901707E-03
 8.26854235E-04
 2.35715761E-03
 7.38125047E-03
 2.25895724E-03
 8.74396082E-03
 0.00000000E+00
 9.83820711E-03
 7.84157743E-04
 2.45575999E-03
 8.03933323E-03
 0.00000000E+00
 2.28280423E-03
 9.82470250E-03
 0.00000000E+00
 1.09704201E-02
 0.00000000E+00
 2.12216556E-03
 9.89114563E-03
 0.00000000E+00
 1.09864289E-02
 0.00000000E+00
 0.00000000E+00
 9.98074418E-03
 3.32790977E-03
 3.35852875E-03
 3.37411660E-03
 3.37200453E-03
 3.22297946E-03
 2.73125480E-03
 2.60741539E-03
 2.60165026E-03
 2.53127085E-03
 2.28332051E-03
 1.19767074E-03
 0.00000000E+00
 1.70589337E-03
 1.59790911E-03
 1.25334095E-03
 1.04803152E-04
 5.07487948E-04
 5.82761790E-05
 1.65211564E-03
 8.35587835E-04
 3.30408059E-03
 4.09223938E-03
 1.83913547E-04
 4.41660449E-04
 8.79365567E-04
 1.79372906E-03
 4.61040799E-03
 3.69549582E-04
 8.69573686E-04
 1.95194145E-03
 5.27830655E-03
 8.08019557E-04
 2.06254820E-03
 6.04213880E-03
 2.03586451E-03
 6.87602614E-03
 7.67698785E-03
 3.88746055E-04
 1.01413259E-03
 2.37280095E-03
 6.62831593E-03
 8.83603439E-04
 2.51291335E-03
 7.83865280E-03
 2.40059702E-03
 9.19609114E-03
 0.00000000E+00
 1.02831416E-02
 8.75002247E-04
 2.74138223E-03
 8.93412052E-03
 2.51060484E-03
 1.07530236E-02
 1.18852037E-02
 2.43225174E-03
 1.13281585E-02
 0.00000000E+00
 1.23560439E-02
 1.18173421E-02
 2.56416960E-04
 4.89093109E-04
 9.15397866E-04
 1.76348382E-03
 4.41116404E-03
 0.00000000E+00
 4.36050866E-04
 9.13380868E-04
 1.90664863E-03
 5.00400230E-03
 0.00000000E+00
 8.44103957E-04
 2.01244744E-03
 5.66604524E-03
 0.00000000E+00
 2.00375855E-03
 6.43532221E-03
 0.00000000E+00
 7.19917392E-03
 0.00000000E+00
 0.00000000E+00
 4.10752386E-04
 1.04397284E-03
 2.39857284E-03
 6.63133263E-03
 9.17142773E-04
 2.52607176E-03
 7.77580653E-03
 2.42432807E-03
 9.08922760E-03
 0.00000000E+00
 1.01619278E-02
 9.24493020E-04
 2.85390992E-03
 9.25183186E-03
 0.00000000E+00
 2.61135166E-03
 1.10507143E-02
 0.00000000E+00
 1.21799738E-02
 0.00000000E+00
 0.00000000E+00
 2.60761996E-03
 1.20668542E-02
 0.00000000E+00
 1.30683075E-02
 0.00000000E+00
 0.00000000E+00
 1.29544034E-02
 0.00000000E+00
 0.00000000E+00
 0.00000000E+00
 4.73550413E-04
 1.06482200E-03
 2.30955194E-03
 6.22012828E-03
 9.37144782E-04
 2.44976402E-03
 7.25509074E-03
 2.36588662E-03
 8.44154279E-03
 0.00000000E+00
 9.48234481E-03
 9.47579634E-04
 2.81557917E-03
 8.99704793E-03
 0.00000000E+00
 2.58776662E-03
 1.07164545E-02
 0.00000000E+00
 1.18526511E-02
 0.00000000E+00
 2.64967968E-03
 1.21130390E-02
 0.00000000E+00
 1.31164549E-02
 0.00000000E+00
 0.00000000E+00
 1.33855276E-02
 0.00000000E+00
 9.30153513E-04
 2.61268176E-03
 8.15112524E-03
 2.44152633E-03
 9.73363588E-03
 1.08827191E-02
 2.55159425E-03
 1.14488147E-02
 0.00000000E+00
 1.24866696E-02
 1.31010112E-02
 1.00000000E+00
 1.00000000E+00
 0.00000000E+00
 1.00000000E+00
 0.00000000E+00
 0.00000000E+00
 1.00000000E+00
 0.00000000E+00
 0.00000000E+00
 0.00000000E+00
 1.00000000E+00
 0.00000000E+00
