 1.60255690E-01
 1.60412489E-01
 1.60583273E-01
 1.60773694E-01
 1.60941865E-01
 1.61140053E-01
 1.61339792E-01
 1.12605930E-01
 1.56791195E-01
 1.56989106E-01
 1.61626328E-01
 1.61832106E-01
 1.62083197E-01
 1.02328612E-01
 1.02477055E-01
 1.02618743E-01
 1.02787908E-01
 1.02947204E-01
 1.83271688E-01
 1.02992152E-01
 1.03159211E-01
 1.03340835E-01
 1.03539464E-01
 1.03768998E-01
 1.03987357E-01
 1.04212432E-01
 7.73060231E-03
 5.64863825E-02
 1.57255491E-01
 8.19017224E-03
 4.15392223E-04
 4.20545264E-04
 4.46078888E-04
 4.66054142E-04
 4.71663899E-04
 5.03230549E-04
 4.38030950E-03
 4.73053989E-04
 4.99194975E-04
 5.51838582E-04
 5.51539414E-04
 5.80573576E-04
 8.95813227E-02
 5.62588068E-04
 6.24039740E-04
 6.34030429E-04
 6.79835167E-04
 4.37117831E-03
 7.09096922E-04
 7.61866409E-04
 8.09672013E-04
 1.63414154E-02
 9.30031969E-04
 1.02832128E-03
 5.01084407E-03
 1.42449529E-03
 4.52972879E-02
 2.28232272E-03
 5.06670992E-04
 5.33368891E-04
 5.48092741E-04
 5.80470118E-04
 6.04977888E-04
 8.96868758E-02
 6.03783506E-04
 6.47689359E-04
 6.73286071E-04
 7.05720390E-04
 3.40740298E-03
 7.28291502E-04
 7.95174201E-04
 8.60892314E-04
 1.22090337E-03
 9.63633638E-04
 1.12723004E-03
 1.46903957E-03
 1.59512058E-03
 3.00680971E-03
 1.98400241E-02
 5.84751799E-04
 6.56319900E-04
 6.60406971E-04
 6.80516943E-04
 6.95128438E-04
 7.79137748E-04
 8.31662583E-04
 9.57451678E-04
 1.10229479E-03
 1.68331495E-03
 1.57879620E-03
 6.54823291E-04
 7.46991309E-04
 7.88925248E-04
 2.18918242E-02
 8.26507036E-04
 1.03002413E-03
 5.97822356E-03
 1.44258640E-03
 4.88476277E-03
 7.63188140E-04
 9.15253766E-04
 2.92324981E-02
 1.23051169E-03
 2.14106444E-02
 5.26326299E-03
 1.03187866E-03
 2.68789788E-05
 4.16438051E-05
 4.33028145E-05
 6.29193319E-05
 6.92385286E-05
 9.70601350E-05
 7.04175160E-05
 9.93480577E-05
 1.04895904E-04
 1.24301730E-04
 1.39362908E-04
 8.85015436E-02
 1.38593325E-04
 1.68278614E-04
 1.88862361E-04
 2.12488253E-04
 2.41783523E-04
 2.79324650E-04
 3.02305295E-04
 4.06335132E-04
 4.87617622E-04
 8.11855511E-04
 2.51152881E-04
 2.76041561E-04
 2.85623674E-04
 3.08979277E-04
 3.25138195E-04
 3.08058428E-04
 3.45500446E-04
 3.87391018E-04
 4.12108308E-04
 4.23504903E-04
 4.70585386E-04
 5.37682395E-04
 6.34862164E-04
 7.44304544E-04
 1.20794175E-03
 3.46936579E-04
 3.86942863E-04
 4.03595690E-04
 4.47958719E-04
 4.61785437E-04
 5.28515829E-04
 5.94029866E-04
 6.70875187E-04
 8.21782164E-04
 1.14218437E-02
 1.29917190E-03
 4.42540526E-04
 5.09363032E-04
 5.72837575E-04
 6.32215148E-04
 7.99339016E-04
 1.20205940E-03
 5.56524250E-04
 7.20126654E-04
 5.85606690E-03
 1.03518766E-03
 8.81139350E-04
 7.22936326E-05
 6.12145477E-05
 4.98019402E-05
 3.42057010E-05
 1.99698332E-05
 8.80150360E-02
 1.92916350E-05
 1.94397959E-06
 3.04754342E-05
 5.72777410E-05
 5.23757453E-03
 8.05761823E-05
 1.22732801E-04
 1.63312308E-04
 1.06355492E-03
 2.57751641E-04
 3.71739710E-04
 1.28717865E-03
 7.79270031E-04
 4.81730052E-03
 1.45777835E-02
 1.14799699E-04
 1.36865188E-04
 1.70618392E-04
 2.02291040E-04
 2.03812293E-04
 2.64858607E-04
 3.26750767E-04
 3.92496307E-04
 5.40598490E-04
 2.24447030E-02
 9.77700998E-04
 2.46026068E-04
 2.91162946E-04
 3.54039427E-04
 1.36454544E-03
 4.04715883E-04
 5.64064570E-04
 2.14854829E-02
 9.54530848E-04
 1.32187629E-02
 2.60691720E-03
 3.70980867E-04
 5.24288630E-04
 1.78504773E-03
 8.37954433E-04
 4.49822508E-03
 2.59810408E-03
 7.07293057E-04
 6.69854496E-03
 6.85603395E-03
 2.63857285E-02
 9.14119119E-05
 7.59003716E-05
 5.28400468E-05
 2.64843629E-05
 4.89557830E-06
 3.78362148E-05
 9.47272671E-05
 1.68359423E-04
 2.91320505E-04
 1.00799466E-03
 7.13267691E-04
 5.33027794E-05
 1.00679958E-04
 1.58424796E-04
 1.82448230E-02
 2.06451252E-04
 3.53524771E-04
 4.29334386E-03
 7.30141555E-04
 2.53791167E-03
 2.00666167E-04
 3.47578664E-04
 1.18526157E-03
 6.48708817E-04
 2.75812843E-03
 2.37814119E-03
 5.46198991E-04
 1.91705647E-02
 6.58889901E-05
 2.54739678E-05
 2.84036235E-05
 7.63738453E-05
 2.11632455E-04
 5.70797743E-04
 6.61987639E-05
 1.96171820E-04
 3.94450438E-03
 4.88801728E-04
 4.01505174E-04
 1.00000000E+00
 1.00000000E+00
 1.00000000E+00
 1.00000000E+00
 1.00000000E+00
 1.00000000E+00
 1.00000000E+00
 1.00000000E+00
 1.00000000E+00
 1.00000000E+00
 1.00000000E+00
 1.00000000E+00
 1.59947492E-01
 1.60095109E-01
 1.60273649E-01
 0.00000000E+00
 0.00000000E+00
 0.00000000E+00
 0.00000000E+00
 1.60691849E-01
 1.60879231E-01
 1.61098300E-01
 1.61289339E-01
 1.61495565E-01
 1.61734583E-01
 1.15441231E-01
 1.18056778E-01
 1.54121337E-01
 1.59375507E-01
 1.62498214E-01
 2.37685766E-01
 1.02739590E-01
 1.02914956E-01
 1.03093763E-01
 1.03281503E-01
 1.03514015E-01
 1.03744655E-01
 1.03949796E-01
 1.04459065E-01
 1.04764197E-01
 1.58509151E-01
 8.12099857E-03
 4.06955544E-04
 4.27674434E-04
 4.41349992E-04
 4.66386419E-04
 4.67124469E-04
 5.03440737E-04
 4.41880317E-03
 4.73042293E-04
 5.03121653E-04
 5.31590027E-04
 5.57708752E-04
 5.75513188E-04
 8.97421005E-02
 5.78413194E-04
 6.20206061E-04
 6.51962383E-04
 6.88994533E-04
 4.43613027E-03
 6.90206041E-04
 7.57153352E-04
 8.18675265E-04
 1.65562092E-02
 9.22410860E-04
 1.01804904E-03
 5.08760690E-03
 1.39004100E-03
 4.74138564E-02
 2.41638980E-03
 5.17015534E-04
 5.26819020E-04
 5.32314188E-04
 5.81813408E-04
 5.94912070E-04
 8.98373849E-02
 5.94610532E-04
 6.32386571E-04
 6.60377111E-04
 7.14127021E-04
 3.45809266E-03
 7.27168013E-04
 7.74110781E-04
 8.54897688E-04
 1.25452397E-03
 9.65548697E-04
 1.11247110E-03
 1.47523471E-03
 1.58415364E-03
 3.07631487E-03
 2.28727918E-02
 5.77886588E-04
 6.42367245E-04
 6.43056855E-04
 6.85296545E-04
 7.02251359E-04
 7.69631563E-04
 8.32729198E-04
 9.60575232E-04
 1.10299861E-03
 1.70882664E-03
 1.58547430E-03
 6.53372494E-04
 7.42792625E-04
 7.64421864E-04
 2.19512355E-02
 8.58544277E-04
 1.04045885E-03
 6.01553146E-03
 1.46140111E-03
 4.94893918E-03
 7.64614788E-04
 9.24872443E-04
 2.97733572E-02
 1.24937996E-03
 2.19805017E-02
 5.75441480E-03
 1.02689308E-03
 1.38597115E-02
 1.38848951E-02
 1.39264187E-02
 1.39663109E-02
 1.39914659E-02
 1.40393775E-02
 9.62739955E-05
 1.06618477E-04
 1.22162655E-04
 1.44168641E-04
 1.47798802E-04
 8.86721447E-02
 1.61654142E-04
 1.74086425E-04
 1.95711452E-04
 2.22030694E-04
 2.51514945E-04
 2.89153941E-04
 3.23177186E-04
 4.17674406E-04
 4.90441840E-04
 8.08646428E-04
 2.59811589E-04
 2.74765072E-04
 2.98279219E-04
 3.12773812E-04
 3.22254090E-04
 3.13709273E-04
 3.48927946E-04
 3.85746517E-04
 4.12833184E-04
 4.31166344E-04
 4.87957637E-04
 5.49006732E-04
 6.31857198E-04
 7.60970346E-04
 1.19498623E-03
 3.41042537E-04
 3.80125681E-04
 4.22075986E-04
 4.44716987E-04
 4.61013562E-04
 5.30134705E-04
 5.93471903E-04
 6.65839343E-04
 8.30042754E-04
 1.16003969E-02
 1.28458354E-03
 4.40801011E-04
 5.10221261E-04
 5.88694319E-04
 6.36879563E-04
 8.05251006E-04
 1.20050775E-03
 5.51435186E-04
 7.16277529E-04
 5.88813806E-03
 1.04724441E-03
 8.71318983E-04
 6.91442394E-05
 6.28786695E-05
 4.85148162E-05
 3.21872452E-05
 1.45664721E-05
 8.81580452E-02
 3.53902868E-06
 1.26215750E-05
 3.73662540E-05
 6.72736168E-05
 5.28100295E-03
 9.16122463E-05
 1.29193712E-04
 1.71281232E-04
 1.08686715E-03
 2.63875058E-04
 3.63980036E-04
 1.31650705E-03
 7.69151290E-04
 4.86783319E-03
 1.78876551E-02
 1.19827812E-04
 1.38022370E-04
 1.67815397E-04
 2.04870067E-04
 2.11588387E-04
 2.64648110E-04
 3.28560505E-04
 3.98150066E-04
 5.42538592E-04
 2.26867307E-02
 9.81069684E-04
 2.42630233E-04
 2.95655530E-04
 3.53030382E-04
 1.37530771E-03
 4.13590479E-04
 5.69701998E-04
 2.15950485E-02
 9.65070189E-04
 1.34148022E-02
 2.57604141E-03
 3.75011355E-04
 5.30236069E-04
 1.79811743E-03
 8.47714655E-04
 4.54525215E-03
 2.58189586E-03
 7.14476066E-04
 6.73310584E-03
 6.87305753E-03
 2.69453954E-02
 8.80809715E-05
 7.82679339E-05
 5.18868634E-05
 2.46697285E-05
 6.14046370E-06
 3.26439734E-05
 9.15490468E-05
 1.71157967E-04
 2.90299820E-04
 1.02307234E-03
 7.17119482E-04
 6.13210462E-05
 1.01688117E-04
 1.58336978E-04
 1.83108927E-02
 2.16825229E-04
 3.56032793E-04
 4.31541423E-03
 7.41606189E-04
 2.59986197E-03
 2.04083991E-04
 3.47053211E-04
 1.18910612E-03
 6.61254790E-04
 2.79579270E-03
 2.36008205E-03
 5.52029689E-04
 1.94471822E-02
 6.35212102E-05
 2.90339439E-05
 2.55522633E-05
 7.71312935E-05
 1.97716635E-04
 5.74595964E-04
 6.57501775E-05
 1.94389918E-04
 3.95623446E-03
 4.98108468E-04
 4.04037249E-04
 1.00000000E+00
 1.00000000E+00
 1.00000000E+00
 1.00000000E+00
 1.00000000E+00
 1.00000000E+00
 1.00000000E+00
 1.00000000E+00
 1.00000000E+00
 1.00000000E+00
 1.00000000E+00
 1.00000000E+00
 0.00000000E+00
 0.00000000E+00
 0.00000000E+00
 0.00000000E+00
 0.00000000E+00
 0.00000000E+00
 0.00000000E+00
 1.60371016E-01
 1.60556949E-01
 1.60762008E-01
 1.60959256E-01
 0.00000000E+00
 0.00000000E+00
 1.61200948E-01
 1.61433410E-01
 1.61663012E-01
 1.61894562E-01
 1.62152021E-01
 2.37511372E-01
 1.16934854E-01
 1.18588742E-01
 1.52339658E-01
 1.62985454E-01
 1.03254225E-01
 1.03468004E-01
 1.03682982E-01
 1.04201826E-01
 1.04490141E-01
 1.59636981E-01
 1.04665867E-01
 4.20616613E-04
 4.37068663E-04
 4.37987348E-04
 4.62274366E-04
 4.76071892E-04
 4.99892994E-04
 4.44297862E-03
 4.94150445E-04
 5.21399482E-04
 5.44149286E-04
 5.50315037E-04
 5.79301911E-04
 8.98887776E-02
 5.94280845E-04
 6.12397925E-04
 6.29350246E-04
 6.82875748E-04
 4.48709304E-03
 7.22250031E-04
 7.56132620E-04
 8.05441503E-04
 1.67581644E-02
 9.30380678E-04
 1.01395867E-03
 5.10444484E-03
 1.38345232E-03
 4.93583546E-02
 2.52544150E-03
 5.22535279E-04
 5.51235663E-04
 5.36533952E-04
 5.77994821E-04
 5.98181434E-04
 8.99578170E-02
 6.13129386E-04
 6.40811601E-04
 6.65463537E-04
 7.14977327E-04
 3.49443752E-03
 7.48417084E-04
 7.72111172E-04
 8.46269749E-04
 1.26750085E-03
 9.72015105E-04
 1.11057770E-03
 1.49504003E-03
 1.57706232E-03
 3.11329109E-03
 2.57198572E-02
 6.00911152E-04
 6.45752776E-04
 6.30843634E-04
 6.70770349E-04
 7.22355345E-04
 7.70205172E-04
 8.50879215E-04
 9.66862260E-04
 1.09793143E-03
 1.71873581E-03
 1.56676524E-03
 6.42171784E-04
 7.39039040E-04
 7.57694170E-04
 2.19879321E-02
 8.59935523E-04
 1.02949253E-03
 6.04783381E-03
 1.44559531E-03
 4.98847809E-03
 7.48773354E-04
 9.14736776E-04
 3.03426357E-02
 1.21929915E-03
 2.25204225E-02
 6.23010515E-03
 1.01375545E-03
 1.65663770E-02
 1.66038843E-02
 1.66358246E-02
 1.66759066E-02
 1.67144976E-02
 1.67640479E-02
 2.32279020E-03
 2.34718328E-03
 2.36413238E-03
 2.38681726E-03
 3.25101805E-03
 9.16673636E-02
 1.67746129E-04
 1.94397959E-04
 2.15576303E-04
 2.37933166E-04
 2.58331216E-04
 3.00990293E-04
 3.33964636E-04
 4.24687507E-04
 4.99489229E-04
 8.04229305E-04
 2.73696304E-04
 2.85877498E-04
 3.02690347E-04
 3.17601240E-04
 3.32716487E-04
 3.27401893E-04
 3.78882482E-04
 3.94495323E-04
 4.19914165E-04
 4.46431675E-04
 4.97607543E-04
 5.44620380E-04
 6.41694200E-04
 7.59953372E-04
 1.19469098E-03
 3.58191737E-04
 3.82069734E-04
 4.15323506E-04
 4.49100369E-04
 4.65276698E-04
 5.30268503E-04
 5.96943115E-04
 6.80601064E-04
 8.33314393E-04
 1.17723257E-02
 1.29917800E-03
 4.43971110E-04
 5.06420224E-04
 5.72871932E-04
 6.42186262E-04
 8.03084334E-04
 1.21135422E-03
 5.67666101E-04
 7.22921954E-04
 5.89330415E-03
 1.04426083E-03
 8.81338211E-04
 6.14248093E-05
 5.27120065E-05
 3.30837503E-05
 2.37918605E-05
 7.44158278E-06
 8.82975114E-02
 4.63932886E-06
 1.68178548E-05
 4.41837760E-05
 6.72227966E-05
 5.31189053E-03
 8.62712338E-05
 1.34966509E-04
 1.75259707E-04
 1.10401709E-03
 2.64833204E-04
 3.70188491E-04
 1.33581269E-03
 7.55245526E-04
 4.92180654E-03
 2.10112847E-02
 1.29807360E-04
 1.45784454E-04
 1.72136436E-04
 2.09447235E-04
 2.20888022E-04
 2.73840168E-04
 3.27871600E-04
 4.02748399E-04
 5.45677904E-04
 2.29177248E-02
 9.86683930E-04
 2.55732553E-04
 2.92769915E-04
 3.59951955E-04
 1.38728121E-03
 4.19321911E-04
 5.72521224E-04
 2.17001452E-02
 9.75939471E-04
 1.36056301E-02
 2.56595165E-03
 3.79234975E-04
 5.23729996E-04
 1.80163221E-03
 8.52183406E-04
 4.58694877E-03
 2.57226414E-03
 7.10200286E-04
 6.74628061E-03
 6.87645438E-03
 2.74665252E-02
 9.05394871E-05
 7.61163730E-05
 5.03284000E-05
 2.61143456E-05
 6.47528403E-06
 4.50112947E-05
 9.34144632E-05
 1.69807834E-04
 2.91925668E-04
 1.03672521E-03
 7.08074843E-04
 6.14189902E-05
 1.00681475E-04
 1.62487040E-04
 1.83704163E-02
 2.21630957E-04
 3.58966229E-04
 4.34665241E-03
 7.47157976E-04
 2.65991467E-03
 2.11759008E-04
 3.48189993E-04
 1.19571682E-03
 6.65672443E-04
 2.82262350E-03
 2.34111261E-03
 5.51338612E-04
 1.96099764E-02
 6.71287631E-05
 2.77859272E-05
 2.50372861E-05
 7.63151986E-05
 2.04677224E-04
 5.75211369E-04
 6.53412014E-05
 1.96769355E-04
 3.96608456E-03
 4.98513591E-04
 4.03400282E-04
 1.00000000E+00
 1.00000000E+00
 1.00000000E+00
 1.00000000E+00
 1.00000000E+00
 1.00000000E+00
 1.00000000E+00
 1.00000000E+00
 1.00000000E+00
 1.00000000E+00
 1.00000000E+00
 1.00000000E+00
 0.00000000E+00
 0.00000000E+00
 0.00000000E+00
 0.00000000E+00
 0.00000000E+00
 0.00000000E+00
 0.00000000E+00
 0.00000000E+00
 0.00000000E+00
 0.00000000E+00
 0.00000000E+00
 0.00000000E+00
 0.00000000E+00
 1.60870607E-01
 1.61095034E-01
 1.61322489E-01
 1.61557127E-01
 0.00000000E+00
 0.00000000E+00
 1.61808342E-01
 1.62067823E-01
 1.62341132E-01
 1.62622567E-01
 1.03000752E-01
 1.20687203E-01
 1.51696441E-01
 1.03931666E-01
 1.04185082E-01
 1.86774517E-01
 1.05226302E-01
 4.32290160E-04
 4.39089662E-04
 4.43109974E-04
 4.67509197E-04
 4.82991447E-04
 4.99361448E-04
 4.48202642E-03
 5.05529525E-04
 5.28606010E-04
 5.30021807E-04
 5.55803050E-04
 5.79933855E-04
 9.00219037E-02
 5.98606469E-04
 6.06316305E-04
 6.41729363E-04
 6.71916612E-04
 4.55697830E-03
 7.18597535E-04
 7.53956548E-04
 8.20578703E-04
 1.69640596E-02
 8.96014553E-04
 1.00548568E-03
 5.13997655E-03
 1.34219188E-03
 5.11589180E-02
 2.60717545E-03
 5.12918306E-04
 5.48931380E-04
 5.40126779E-04
 5.85493337E-04
 6.10740034E-04
 9.00880217E-02
 6.08186140E-04
 6.32690229E-04
 6.81946927E-04
 7.18432242E-04
 3.53569010E-03
 7.24451665E-04
 7.68223200E-04
 8.35327971E-04
 1.28096472E-03
 9.73233472E-04
 1.09746538E-03
 1.50914934E-03
 1.56050315E-03
 3.15235501E-03
 2.84043418E-02
 5.83903335E-04
 6.29570862E-04
 6.25522769E-04
 6.88513757E-04
 7.09314370E-04
 7.74272704E-04
 8.60096183E-04
 9.51785758E-04
 1.07715604E-03
 1.72269885E-03
 1.58273320E-03
 6.32566807E-04
 7.30690892E-04
 7.63291582E-04
 2.20649773E-02
 8.44984680E-04
 1.03909553E-03
 6.09549809E-03
 1.46103095E-03
 5.05538512E-03
 7.61500381E-04
 8.94480744E-04
 3.08876139E-02
 1.22273970E-03
 2.30858222E-02
 6.74612278E-03
 1.01994359E-03
 1.65350064E-02
 1.65716622E-02
 1.66013042E-02
 1.66365631E-02
 1.66820749E-02
 1.67283087E-02
 1.66930467E-02
 1.67388715E-02
 1.67873534E-02
 1.68481775E-02
 1.68900846E-02
 1.04260615E-01
 1.79401901E-04
 2.04982454E-04
 2.23301328E-04
 3.19917672E-03
 2.69861883E-04
 3.12475621E-04
 3.46193709E-04
 4.28010993E-04
 4.99422335E-04
 7.99454615E-04
 2.86527160E-04
 2.93320169E-04
 3.19992967E-04
 3.26804719E-04
 3.42136572E-04
 3.36602140E-04
 3.83432065E-04
 3.92019055E-04
 4.25405093E-04
 4.49891661E-04
 4.99568041E-04
 5.53817641E-04
 6.45906040E-04
 7.45976157E-04
 1.17679675E-03
 3.59965723E-04
 3.93113769E-04
 4.22767947E-04
 4.53501292E-04
 4.63368597E-04
 5.35601443E-04
 6.02752339E-04
 6.73574965E-04
 8.33416338E-04
 1.19304241E-02
 1.28807099E-03
 4.49263626E-04
 5.07278739E-04
 5.79234735E-04
 6.34078997E-04
 8.02626390E-04
 1.20927103E-03
 5.67711575E-04
 7.14471301E-04
 5.91561363E-03
 1.03487572E-03
 8.73884184E-04
 5.20598824E-05
 4.38093965E-05
 2.55061700E-05
 1.15544183E-05
 2.81297804E-06
 8.84301390E-02
 7.78707711E-06
 2.62494138E-05
 5.02276103E-05
 7.46223584E-05
 5.35941568E-03
 1.00631076E-04
 1.38635281E-04
 1.87215427E-04
 1.13493667E-03
 2.80818050E-04
 3.69541062E-04
 1.36097796E-03
 7.51468760E-04
 4.96730704E-03
 2.39524257E-02
 1.37698833E-04
 1.53680397E-04
 1.81065423E-04
 2.10211986E-04
 2.21832959E-04
 2.75205688E-04
 3.34253645E-04
 4.10235981E-04
 5.40826558E-04
 2.31549985E-02
 9.88109630E-04
 2.55959585E-04
 2.89373395E-04
 3.60272773E-04
 1.39268225E-03
 4.13451530E-04
 5.70725029E-04
 2.18071303E-02
 9.78632551E-04
 1.37919350E-02
 2.53796965E-03
 3.82530313E-04
 5.15639352E-04
 1.81208180E-03
 8.47510491E-04
 4.62838584E-03
 2.55792748E-03
 7.09171394E-04
 6.77568059E-03
 6.88729780E-03
 2.79754787E-02
 8.94225026E-05
 6.50218398E-05
 4.75135894E-05
 2.46670229E-05
 6.28436081E-06
 4.37443010E-05
 9.88964120E-05
 1.75315229E-04
 2.92137553E-04
 1.04763864E-03
 7.07517695E-04
 6.27428259E-05
 1.04535410E-04
 1.64843998E-04
 1.84375341E-02
 2.23006913E-04
 3.58121261E-04
 4.37638492E-03
 7.50172242E-04
 2.71931531E-03
 2.08824638E-04
 3.50742069E-04
 1.20224456E-03
 6.66540566E-04
 2.85987988E-03
 2.32048140E-03
 5.48703314E-04
 1.96587910E-02
 6.17938525E-05
 3.02822135E-05
 2.20551361E-05
 7.94644923E-05
 2.00236882E-04
 5.77335529E-04
 6.40247831E-05
 1.89557243E-04
 3.97226977E-03
 4.93142126E-04
 4.03971661E-04
 1.00000000E+00
 1.00000000E+00
 1.00000000E+00
 1.00000000E+00
 1.00000000E+00
 1.00000000E+00
 1.00000000E+00
 1.00000000E+00
 1.00000000E+00
 1.00000000E+00
 1.00000000E+00
 1.00000000E+00
 0.00000000E+00
 0.00000000E+00
 0.00000000E+00
 0.00000000E+00
 0.00000000E+00
 0.00000000E+00
 0.00000000E+00
 0.00000000E+00
 0.00000000E+00
 0.00000000E+00
 0.00000000E+00
 0.00000000E+00
 0.00000000E+00
 0.00000000E+00
 0.00000000E+00
 0.00000000E+00
 0.00000000E+00
 0.00000000E+00
 0.00000000E+00
 1.61464784E-01
 1.61724636E-01
 1.61987577E-01
 1.62263329E-01
 1.62550131E-01
 1.62865682E-01
 1.63173288E-01
 1.20046772E-01
 1.49159527E-01
 2.17901931E-01
 1.04909361E-01
 4.26845083E-04
 4.35864407E-04
 4.48035473E-04
 4.78661491E-04
 4.78635825E-04
 4.98439597E-04
 4.50076314E-03
 5.04242298E-04
 5.24545196E-04
 5.44170609E-04
 5.63791952E-04
 5.83702377E-04
 9.01620907E-02
 5.99142301E-04
 6.14645471E-04
 6.34518094E-04
 6.81165683E-04
 4.60647639E-03
 7.12480932E-04
 7.54821487E-04
 8.16365923E-04
 1.71594958E-02
 8.97177186E-04
 1.00117323E-03
 5.19021184E-03
 1.32169444E-03
 5.28573311E-02
 2.70212496E-03
 5.08366766E-04
 5.29622138E-04
 5.44413983E-04
 5.76955065E-04
 5.94189637E-04
 9.02015505E-02
 6.05860260E-04
 6.34016059E-04
 6.72127590E-04
 7.17418714E-04
 3.57899317E-03
 7.51264332E-04
 7.86390915E-04
 8.59437171E-04
 1.29663900E-03
 9.84738942E-04
 1.10308244E-03
 1.52773108E-03
 1.52834085E-03
 3.22358247E-03
 3.09001283E-02
 5.89009087E-04
 6.10727777E-04
 6.39267612E-04
 6.74216045E-04
 7.36757769E-04
 7.72511768E-04
 8.39029625E-04
 9.55080749E-04
 1.09122158E-03
 1.75573163E-03
 1.58481521E-03
 6.33765775E-04
 7.30321346E-04
 7.66444173E-04
 2.21051043E-02
 8.43580734E-04
 1.03260643E-03
 6.06738689E-03
 1.45793560E-03
 5.08685373E-03
 7.66863062E-04
 9.03406337E-04
 3.14787583E-02
 1.24056305E-03
 2.36263301E-02
 7.24747946E-03
 1.02545998E-03
 2.06784983E-02
 2.07239568E-02
 2.07630278E-02
 2.08055347E-02
 2.08515738E-02
 2.08966951E-02
 1.66574780E-02
 1.67095914E-02
 1.67494206E-02
 1.67942097E-02
 1.68448842E-02
 1.04366522E-01
 1.68575373E-02
 1.69196503E-02
 1.69756094E-02
 1.70446009E-02
 2.90339123E-04
 3.20836222E-04
 3.55896676E-04
 4.41278621E-04
 5.03640261E-04
 7.86818500E-04
 2.82227028E-04
 2.99767534E-04
 3.07262346E-04
 3.25237796E-04
 3.43873821E-04
 3.41336379E-04
 3.77504588E-04
 4.02460866E-04
 4.35249811E-04
 4.52558046E-04
 5.03386610E-04
 5.65870493E-04
 6.44909931E-04
 7.59395400E-04
 1.16509873E-03
 3.64233453E-04
 4.02339561E-04
 4.19385507E-04
 4.56013931E-04
 4.76617603E-04
 5.42897931E-04
 6.11941614E-04
 6.83835372E-04
 8.41957397E-04
 1.21130304E-02
 1.28946325E-03
 4.47887792E-04
 5.17727114E-04
 5.75819551E-04
 6.39838443E-04
 8.02718964E-04
 1.22525175E-03
 5.72901685E-04
 7.25448434E-04
 5.92487802E-03
 1.05126649E-03
 8.80170681E-04
 4.37159824E-05
 3.40910108E-05
 1.44322845E-05
 5.55289258E-06
 7.18905620E-06
 8.85601232E-02
 9.71109659E-06
 3.50734449E-05
 5.86461858E-05
 8.38342240E-05
 5.39371453E-03
 1.01134287E-04
 1.46170061E-04
 1.87197100E-04
 1.15933601E-03
 2.77304043E-04
 3.70654927E-04
 1.37467637E-03
 7.37960345E-04
 5.02259685E-03
 2.67058481E-02
 1.39985643E-04
 1.57936303E-04
 1.90531671E-04
 2.22496430E-04
 2.33496206E-04
 2.79047866E-04
 3.43188423E-04
 4.22202775E-04
 5.53433612E-04
 2.33878043E-02
 9.88233471E-04
 2.62283894E-04
 3.01312692E-04
 3.68371385E-04
 1.41001704E-03
 4.31273151E-04
 5.80848233E-04
 2.19254959E-02
 9.92932637E-04
 1.39982310E-02
 2.52655607E-03
 3.87242556E-04
 5.23439390E-04
 1.82090843E-03
 8.63073997E-04
 4.66078458E-03
 2.55751127E-03
 7.13686865E-04
 6.79369431E-03
 6.90041791E-03
 2.84706371E-02
 8.65405153E-05
 7.37384781E-05
 4.13758673E-05
 2.15069320E-05
 1.61143106E-07
 4.07307166E-05
 9.75487223E-05
 1.74810282E-04
 2.93218740E-04
 1.06248060E-03
 7.00054288E-04
 6.86443331E-05
 1.06456257E-04
 1.71282749E-04
 1.85053306E-02
 2.36380748E-04
 3.57061332E-04
 4.40847961E-03
 7.62799052E-04
 2.77988937E-03
 2.16642387E-04
 3.48007256E-04
 1.20490668E-03
 6.79396790E-04
 2.87891648E-03
 2.31592447E-03
 5.46818908E-04
 1.96955688E-02
 6.55404833E-05
 2.60369244E-05
 2.21946600E-05
 8.38613991E-05
 2.05062725E-04
 5.81833872E-04
 7.18637398E-05
 1.90318645E-04
 3.98366572E-03
 5.06767166E-04
 4.06509015E-04
 1.00000000E+00
 1.00000000E+00
 1.00000000E+00
 1.00000000E+00
 1.00000000E+00
 1.00000000E+00
 1.00000000E+00
 1.00000000E+00
 1.00000000E+00
 1.00000000E+00
 1.00000000E+00
 1.00000000E+00
 0.00000000E+00
 0.00000000E+00
 0.00000000E+00
 0.00000000E+00
 0.00000000E+00
 0.00000000E+00
 0.00000000E+00
 0.00000000E+00
 0.00000000E+00
 0.00000000E+00
 0.00000000E+00
 0.00000000E+00
 0.00000000E+00
 0.00000000E+00
 0.00000000E+00
 0.00000000E+00
 0.00000000E+00
 0.00000000E+00
 0.00000000E+00
 0.00000000E+00
 0.00000000E+00
 0.00000000E+00
 0.00000000E+00
 1.62200394E-01
 1.62496495E-01
 1.62801321E-01
 1.63495373E-01
 1.63871838E-01
 2.18551484E-01
 1.22251267E-01
 4.16693285E-04
 4.33645167E-04
 4.48022596E-04
 4.81483522E-04
 4.82495698E-04
 4.97187215E-04
 4.50887234E-03
 5.06267151E-04
 5.15549544E-04
 5.45138625E-04
 5.60746532E-04
 5.82414119E-04
 9.02885629E-02
 6.01035532E-04
 6.20033750E-04
 6.32191672E-04
 6.78123273E-04
 4.64691653E-03
 7.20353093E-04
 7.52694984E-04
 8.09555445E-04
 1.73420444E-02
 9.01460326E-04
 9.93513528E-04
 5.22047206E-03
 1.30420394E-03
 5.44170186E-02
 2.77230624E-03
 4.91659588E-04
 5.30052174E-04
 5.27755904E-04
 5.79309185E-04
 6.02818872E-04
 9.03084324E-02
 6.02052141E-04
 6.37542252E-04
 6.64522273E-04
 7.08543076E-04
 3.61795749E-03
 7.50404940E-04
 7.85768388E-04
 8.43213059E-04
 1.30554829E-03
 9.97566327E-04
 1.09761661E-03
 1.52869673E-03
 1.54017662E-03
 3.27325774E-03
 3.32698697E-02
 5.77254043E-04
 6.13700427E-04
 6.16188078E-04
 6.71444666E-04
 7.28063026E-04
 7.71275052E-04
 8.35295924E-04
 9.62684934E-04
 1.09705918E-03
 1.75798281E-03
 1.59433970E-03
 6.40154035E-04
 7.19853316E-04
 7.48071569E-04
 2.21512318E-02
 8.53891002E-04
 1.02653658E-03
 6.08556211E-03
 1.46451491E-03
 5.12669762E-03
 7.62370377E-04
 8.95725256E-04
 3.20005375E-02
 1.23566342E-03
 2.41677773E-02
 7.76563110E-03
 1.02096847E-03
 1.00035675E-01
 1.00105762E-01
 1.00175871E-01
 1.00251769E-01
 1.00322194E-01
 1.00407411E-01
 1.66257322E-02
 1.66743347E-02
 1.67160098E-02
 1.67679348E-02
 2.06410955E-02
 1.10865508E-01
 1.68317689E-02
 1.68837525E-02
 1.69336052E-02
 1.69996415E-02
 1.12647767E-02
 1.13469018E-02
 1.72279098E-02
 4.47948291E-04
 5.09668088E-04
 7.81153441E-04
 2.86430396E-04
 3.14365114E-04
 3.18428515E-04
 3.36122432E-04
 3.47572992E-04
 3.53250864E-04
 3.81862974E-04
 4.13063251E-04
 4.36505366E-04
 4.62190722E-04
 5.11438829E-04
 5.69936682E-04
 6.51560487E-04
 7.61011238E-04
 1.16277525E-03
 3.71255453E-04
 4.02882829E-04
 4.20287386E-04
 4.63309413E-04
 4.76796396E-04
 5.44648835E-04
 6.16572323E-04
 6.92329982E-04
 8.38614056E-04
 1.22701732E-02
 1.28567577E-03
 4.55927281E-04
 5.11914314E-04
 5.74166220E-04
 6.47494012E-04
 7.99662767E-04
 1.22679278E-03
 5.76989985E-04
 7.16023992E-04
 5.93717489E-03
 1.06084842E-03
 8.79418804E-04
 3.37329334E-05
 2.70665987E-05
 1.15906878E-05
 2.75268694E-06
 1.10401520E-05
 8.86784782E-02
 2.74602439E-05
 3.67765760E-05
 6.70421634E-05
 8.80063652E-05
 5.44182291E-03
 1.13949809E-04
 1.51671617E-04
 1.91980179E-04
 1.18021181E-03
 2.79518015E-04
 3.71010582E-04
 1.39293094E-03
 7.28293770E-04
 5.07107347E-03
 2.92875255E-02
 1.45950677E-04
 1.67367134E-04
 1.93555705E-04
 2.21145035E-04
 2.40223149E-04
 2.84811806E-04
 3.44232028E-04
 4.31487668E-04
 5.59901769E-04
 2.36115248E-02
 9.90859303E-04
 2.72240451E-04
 3.08640532E-04
 3.73353440E-04
 1.41236851E-03
 4.42608837E-04
 5.85348942E-04
 2.20367488E-02
 1.00088726E-03
 1.41946021E-02
 2.51461804E-03
 3.91945845E-04
 5.37117074E-04
 1.82798031E-03
 8.74371167E-04
 4.69702264E-03
 2.55390048E-03
 7.11590446E-04
 6.81218922E-03
 6.91227365E-03
 2.89442465E-02
 8.51573911E-05
 6.95331471E-05
 4.19151677E-05
 2.23050560E-05
 1.54776180E-06
 4.63953993E-05
 9.42959839E-05
 1.77591735E-04
 2.88774808E-04
 1.07325691E-03
 6.91866517E-04
 7.58416016E-05
 1.14055728E-04
 1.72424155E-04
 1.85634003E-02
 2.40525289E-04
 3.58325320E-04
 4.43323552E-03
 7.69898807E-04
 2.83723187E-03
 2.25602945E-04
 3.57970055E-04
 1.21681550E-03
 6.89042709E-04
 2.90786543E-03
 2.30201372E-03
 5.56233341E-04
 1.97329531E-02
 6.05470952E-05
 2.76766044E-05
 2.18650496E-05
 7.84070352E-05
 1.99827906E-04
 5.80880975E-04
 8.42711734E-05
 1.95630189E-04
 3.99913044E-03
 5.14714667E-04
 4.13869110E-04
 1.00000000E+00
 1.00000000E+00
 1.00000000E+00
 1.00000000E+00
 1.00000000E+00
 1.00000000E+00
 1.00000000E+00
 1.00000000E+00
 1.00000000E+00
 1.00000000E+00
 1.00000000E+00
 1.00000000E+00
 0.00000000E+00
 0.00000000E+00
 0.00000000E+00
 0.00000000E+00
 0.00000000E+00
 0.00000000E+00
 0.00000000E+00
 0.00000000E+00
 0.00000000E+00
 0.00000000E+00
 0.00000000E+00
 0.00000000E+00
 0.00000000E+00
 0.00000000E+00
 0.00000000E+00
 0.00000000E+00
 0.00000000E+00
 0.00000000E+00
 0.00000000E+00
 0.00000000E+00
 0.00000000E+00
 0.00000000E+00
 0.00000000E+00
 0.00000000E+00
 0.00000000E+00
 0.00000000E+00
 1.63110519E-01
 1.63478564E-01
 0.00000000E+00
 1.64810777E-01
 4.47678385E-04
 4.34578983E-04
 4.48312796E-04
 4.68021302E-04
 4.73860589E-04
 4.99005794E-04
 2.74840819E-02
 4.94717275E-04
 5.28461036E-04
 5.39117454E-04
 5.54817472E-04
 5.79530267E-04
 9.04019382E-02
 5.94314973E-04
 6.17920636E-04
 6.29305185E-04
 6.67619032E-04
 4.68382569E-03
 7.23425321E-04
 7.47192800E-04
 8.03055409E-04
 1.75155647E-02
 8.76887350E-04
 9.79467633E-04
 5.22789516E-03
 1.30006585E-03
 5.58506154E-02
 2.90584875E-03
 5.15909328E-04
 5.43003681E-04
 5.43744201E-04
 5.73744481E-04
 6.00580493E-04
 9.04139906E-02
 6.26377127E-04
 6.28241903E-04
 6.54798018E-04
 6.90843256E-04
 3.64901555E-03
 7.26038295E-04
 7.90535507E-04
 8.37318558E-04
 1.31960346E-03
 9.64796122E-04
 1.07046629E-03
 1.54292808E-03
 1.51286029E-03
 3.29516993E-03
 3.54632492E-02
 5.84155095E-04
 6.29301163E-04
 6.32299921E-04
 6.73916150E-04
 7.03720414E-04
 7.69890188E-04
 8.37437249E-04
 9.33224204E-04
 1.08405495E-03
 1.76504376E-03
 1.56645523E-03
 6.69572762E-04
 6.94722262E-04
 7.65265985E-04
 2.22078612E-02
 8.64741388E-04
 1.01673646E-03
 6.10937063E-03
 1.44607851E-03
 5.17287244E-03
 7.58974015E-04
 8.73259187E-04
 3.25657563E-02
 1.21579346E-03
 2.47130860E-02
 8.30226232E-03
 1.01548140E-03
 9.99125049E-02
 9.99825020E-02
 1.00060343E-01
 1.00133190E-01
 1.00204827E-01
 1.00290549E-01
 5.67504360E-02
 1.00346074E-01
 1.00439031E-01
 1.00528896E-01
 1.00622916E-01
 1.80945213E-01
 1.67848220E-02
 1.68465938E-02
 1.69067590E-02
 1.69672849E-02
 1.70327235E-02
 1.71147654E-02
 1.71933995E-02
 3.26064408E-03
 1.16505479E-02
 7.79480382E-04
 2.89213795E-04
 3.09317143E-04
 3.26172689E-04
 3.43156877E-04
 3.51737250E-04
 3.59799427E-04
 3.97020017E-04
 4.12366186E-04
 4.41469512E-04
 4.71793772E-04
 5.14533520E-04
 5.65229984E-04
 6.62377690E-04
 7.56592913E-04
 1.15968293E-03
 3.70717428E-04
 4.03436949E-04
 4.24822937E-04
 4.55989244E-04
 4.74000189E-04
 5.48593756E-04
 6.14468818E-04
 7.05327795E-04
 8.31031465E-04
 1.24280092E-02
 1.28643785E-03
 4.64877371E-04
 5.06007126E-04
 5.72802564E-04
 6.45500669E-04
 8.09696992E-04
 1.23301009E-03
 5.75656462E-04
 6.94625924E-04
 5.94272760E-03
 1.05798365E-03
 8.72155426E-04
 3.18307088E-05
 2.46991226E-05
 2.30157692E-06
 9.55780005E-06
 1.83754146E-05
 8.87986905E-02
 3.45420030E-05
 4.99811560E-05
 7.16944896E-05
 8.75095306E-05
 5.47857380E-03
 1.21674118E-04
 1.57743745E-04
 1.95575179E-04
 1.19683580E-03
 2.88779774E-04
 3.68363595E-04
 1.40994656E-03
 7.20934534E-04
 5.11240494E-03
 3.17062810E-02
 1.55012179E-04
 1.75866969E-04
 1.95418621E-04
 2.24766948E-04
 2.35937518E-04
 2.93869320E-04
 3.41721369E-04
 4.34176307E-04
 5.60931975E-04
 2.38296983E-02
 9.85590433E-04
 2.71673266E-04
 3.08064928E-04
 3.72870063E-04
 1.42570915E-03
 4.32263699E-04
 5.83267855E-04
 2.21406366E-02
 1.00142113E-03
 1.43832024E-02
 2.48687740E-03
 3.95437456E-04
 5.41497109E-04
 1.82919177E-03
 8.65952386E-04
 4.73852363E-03
 2.54574198E-03
 7.09893787E-04
 6.82291008E-03
 6.91846579E-03
 2.94119467E-02
 8.21562442E-05
 6.31893311E-05
 3.94076257E-05
 2.04820226E-05
 3.54392255E-06
 4.52337702E-05
 1.02919378E-04
 1.81073742E-04
 2.83755666E-04
 1.08068632E-03
 6.89475430E-04
 8.38052655E-05
 1.18402420E-04
 1.72605436E-04
 1.86204139E-02
 2.41936852E-04
 3.67092845E-04
 4.45322160E-03
 7.70557413E-04
 2.89000925E-03
 2.29237309E-04
 3.53900374E-04
 1.21889239E-03
 6.88191822E-04
 2.94361496E-03
 2.28769819E-03
 5.58302092E-04
 1.97721144E-02
 6.09340160E-05
 2.94701595E-05
 2.03234094E-05
 8.47547767E-05
 1.95144093E-04
 5.79358680E-04
 8.06920519E-05
 1.94575306E-04
 4.00437863E-03
 5.15477675E-04
 4.13299709E-04
 1.00000000E+00
 1.00000000E+00
 1.00000000E+00
 1.00000000E+00
 1.00000000E+00
 1.00000000E+00
 1.00000000E+00
 1.00000000E+00
 1.00000000E+00
 1.00000000E+00
 1.00000000E+00
 1.00000000E+00
 0.00000000E+00
 0.00000000E+00
 0.00000000E+00
 0.00000000E+00
 0.00000000E+00
 0.00000000E+00
 0.00000000E+00
 0.00000000E+00
 0.00000000E+00
 0.00000000E+00
 0.00000000E+00
 0.00000000E+00
 0.00000000E+00
 0.00000000E+00
 0.00000000E+00
 0.00000000E+00
 0.00000000E+00
 0.00000000E+00
 0.00000000E+00
 0.00000000E+00
 0.00000000E+00
 0.00000000E+00
 0.00000000E+00
 0.00000000E+00
 0.00000000E+00
 0.00000000E+00
 0.00000000E+00
 0.00000000E+00
 0.00000000E+00
 1.64374037E-01
 4.17495968E-04
 4.33473832E-04
 4.48340700E-04
 4.66168273E-04
 4.74957459E-04
 4.98360548E-04
 1.36906977E-03
 4.70196504E-04
 5.14008050E-04
 5.32655880E-04
 5.52833377E-04
 5.80393708E-04
 9.05128336E-02
 5.87776057E-04
 6.09139476E-04
 6.32157218E-04
 6.78077208E-04
 4.72768959E-03
 7.10997846E-04
 7.61693855E-04
 7.97172514E-04
 1.76880408E-02
 8.85213007E-04
 9.78478880E-04
 5.25739001E-03
 1.27686589E-03
 5.72178884E-02
 2.95558312E-03
 4.97125452E-04
 5.45455976E-04
 5.39590524E-04
 5.66838070E-04
 5.85516664E-04
 9.05045054E-02
 5.87742115E-04
 6.42942455E-04
 6.41806915E-04
 6.94193438E-04
 3.68117780E-03
 7.34042543E-04
 7.80219400E-04
 8.42057460E-04
 1.32808824E-03
 9.72735215E-04
 1.07295416E-03
 1.54466937E-03
 1.48949901E-03
 3.33875418E-03
 3.75191762E-02
 5.56819492E-04
 6.26243841E-04
 6.12419248E-04
 6.52034499E-04
 6.68759203E-04
 7.67361510E-04
 8.20197305E-04
 9.35188611E-04
 1.07204994E-03
 1.77389662E-03
 1.55320349E-03
 6.66945944E-04
 7.08193172E-04
 7.50081923E-04
 2.22134017E-02
 8.51431005E-04
 9.96500462E-04
 6.10947630E-03
 1.44653085E-03
 5.17393267E-03
 7.50109680E-04
 8.77502890E-04
 3.30854635E-02
 1.20947294E-03
 2.52387642E-02
 8.82440359E-03
 1.00590905E-03
 9.97803806E-02
 9.98570669E-02
 9.99302530E-02
 9.99972764E-02
 1.00080327E-01
 1.00167568E-01
 1.00133907E-01
 1.00223853E-01
 1.00314290E-01
 1.00405105E-01
 1.00499981E-01
 1.80947243E-01
 3.98232261E-02
 5.64531054E-02
 5.65449435E-02
 1.00883454E-01
 1.69916657E-02
 1.70697670E-02
 1.71464165E-02
 1.73259393E-02
 1.74436226E-02
 3.34357135E-03
 2.82371592E-04
 3.22006406E-04
 3.36952006E-04
 3.44890574E-04
 3.54526732E-04
 3.57350201E-04
 4.05520423E-04
 4.21176363E-04
 4.53729378E-04
 4.73713626E-04
 5.19921280E-04
 5.69901230E-04
 6.70057527E-04
 7.67644997E-04
 1.15516884E-03
 3.63787865E-04
 4.07062592E-04
 4.30674981E-04
 4.62981014E-04
 4.80067777E-04
 5.43975015E-04
 5.98385121E-04
 7.08283380E-04
 8.26907619E-04
 1.25765280E-02
 1.29033389E-03
 4.58781829E-04
 5.13988562E-04
 5.77901963E-04
 6.48222629E-04
 8.04467433E-04
 1.22931251E-03
 5.69524291E-04
 6.99541659E-04
 5.94901209E-03
 1.06049716E-03
 8.69269076E-04
 2.04489699E-05
 1.24676014E-05
 1.24179472E-06
 1.22331520E-05
 2.46143758E-05
 8.89095810E-02
 3.82423428E-05
 5.68568227E-05
 7.02503022E-05
 9.60696141E-05
 5.51223026E-03
 1.25317137E-04
 1.59799892E-04
 1.93146006E-04
 1.21681512E-03
 2.89256201E-04
 3.69067555E-04
 1.41790688E-03
 7.10738438E-04
 5.15767528E-03
 3.39735589E-02
 1.57729494E-04
 1.76834544E-04
 2.00499926E-04
 2.36365895E-04
 2.44238306E-04
 3.03274576E-04
 3.58358564E-04
 4.41461681E-04
 5.67024476E-04
 2.40419085E-02
 9.87215931E-04
 2.74887381E-04
 3.18967061E-04
 3.74434648E-04
 1.43538551E-03
 4.46937261E-04
 5.86536189E-04
 2.22420344E-02
 1.01013611E-03
 1.45851999E-02
 2.47808703E-03
 3.97489291E-04
 5.33733085E-04
 1.82902381E-03
 8.79146116E-04
 4.77076629E-03
 2.55122667E-03
 7.11959136E-04
 6.84399687E-03
 6.92872789E-03
 2.98598623E-02
 7.98507854E-05
 6.15093405E-05
 4.26464928E-05
 1.99641827E-05
 8.79976343E-06
 4.75357439E-05
 9.76511109E-05
 1.82228003E-04
 2.85920308E-04
 1.08629751E-03
 6.82097749E-04
 8.42252001E-05
 1.22661459E-04
 1.76638934E-04
 1.86793357E-02
 2.50592928E-04
 3.74175384E-04
 4.48247766E-03
 7.76725806E-04
 2.94483207E-03
 2.31695231E-04
 3.59166682E-04
 1.22153292E-03
 6.96576110E-04
 2.96587802E-03
 2.28607248E-03
 5.60438911E-04
 1.98047512E-02
 6.10953730E-05
 2.78642675E-05
 1.94355603E-05
 9.07261234E-05
 1.99378751E-04
 5.79578927E-04
 8.22783918E-05
 1.99415695E-04
 4.01806978E-03
 5.25297423E-04
 4.13535455E-04
 1.00000000E+00
 1.00000000E+00
 1.00000000E+00
 1.00000000E+00
 1.00000000E+00
 1.00000000E+00
 1.00000000E+00
 1.00000000E+00
 1.00000000E+00
 1.00000000E+00
 1.00000000E+00
 1.00000000E+00
 0.00000000E+00
 0.00000000E+00
 0.00000000E+00
 0.00000000E+00
 0.00000000E+00
 0.00000000E+00
 0.00000000E+00
 0.00000000E+00
 0.00000000E+00
 0.00000000E+00
 0.00000000E+00
 0.00000000E+00
 0.00000000E+00
 0.00000000E+00
 0.00000000E+00
 0.00000000E+00
 0.00000000E+00
 0.00000000E+00
 0.00000000E+00
 0.00000000E+00
 0.00000000E+00
 0.00000000E+00
 0.00000000E+00
 0.00000000E+00
 0.00000000E+00
 0.00000000E+00
 0.00000000E+00
 0.00000000E+00
 0.00000000E+00
 0.00000000E+00
 4.26752223E-04
 4.32959699E-04
 4.47853672E-04
 4.59535872E-04
 4.73978321E-04
 5.00000151E-04
 1.40157253E-03
 5.14169712E-04
 5.13923349E-04
 5.32194400E-04
 5.49828109E-04
 5.79461004E-04
 9.06292144E-02
 5.88723111E-04
 6.13500769E-04
 6.27199790E-04
 6.73361315E-04
 2.66119544E-02
 7.08047152E-04
 7.54641948E-04
 7.89601298E-04
 2.39311732E-02
 8.88876027E-04
 9.64893015E-04
 5.30736568E-03
 1.26245639E-03
 5.84772463E-02
 3.06920742E-03
 5.01895966E-04
 5.29869213E-04
 5.30934431E-04
 5.53951013E-04
 5.86007268E-04
 9.05993197E-02
 5.97716824E-04
 6.34040105E-04
 6.39138233E-04
 6.89066038E-04
 3.72198956E-03
 7.29986878E-04
 7.82001245E-04
 8.42485979E-04
 1.34402444E-03
 9.72527238E-04
 1.07521924E-03
 1.57525640E-03
 1.47355062E-03
 3.39446448E-03
 3.94257184E-02
 5.33589620E-04
 6.01249878E-04
 6.11367095E-04
 6.44293318E-04
 6.68187616E-04
 7.52507335E-04
 8.25630782E-04
 9.43202959E-04
 1.06069653E-03
 1.78542578E-03
 1.55148768E-03
 6.60138328E-04
 6.91603834E-04
 7.29854528E-04
 2.22477801E-02
 8.49208530E-04
 1.00167974E-03
 6.10632260E-03
 1.45270703E-03
 5.20565284E-03
 7.05032373E-04
 8.80866067E-04
 3.36090601E-02
 1.17953945E-03
 2.57864000E-02
 9.38075600E-03
 9.64484359E-04
 9.96555861E-02
 9.97272554E-02
 9.98020349E-02
 9.98681351E-02
 9.99531618E-02
 1.00048430E-01
 1.00008569E-01
 1.00097578E-01
 1.00192330E-01
 1.00280355E-01
 1.00373114E-01
 1.80936140E-01
 1.00415872E-01
 1.00525831E-01
 1.00640666E-01
 1.00758987E-01
 2.25502940E-02
 2.26338831E-02
 5.76855739E-02
 1.72841748E-02
 1.74051736E-02
 1.78477129E-02
 2.93203736E-04
 3.23586818E-04
 3.31335617E-04
 3.37775947E-04
 3.65250594E-04
 3.60600295E-04
 4.02044987E-04
 4.27240391E-04
 4.53054402E-04
 4.83456103E-04
 5.20047600E-04
 5.79847636E-04
 6.62696707E-04
 7.59159716E-04
 1.14713811E-03
 3.71216734E-04
 3.97324729E-04
 4.24052545E-04
 4.64389854E-04
 4.77213976E-04
 5.43202090E-04
 6.04719671E-04
 6.93780984E-04
 8.26468497E-04
 1.27384416E-02
 1.26918854E-03
 4.54921165E-04
 5.11261074E-04
 5.63039693E-04
 6.54776221E-04
 8.02855497E-04
 1.23285984E-03
 5.70785732E-04
 7.13068170E-04
 5.94767031E-03
 1.06340831E-03
 8.72161190E-04
 1.57350422E-05
 7.42800221E-06
 3.92694868E-06
 1.59461820E-05
 3.54371099E-05
 8.90220497E-02
 4.28105618E-05
 6.07748672E-05
 8.08379216E-05
 1.11914658E-04
 5.55578195E-03
 1.37668739E-04
 1.64468731E-04
 2.03022575E-04
 1.23570465E-03
 2.98750724E-04
 3.69487175E-04
 1.43329613E-03
 7.09640296E-04
 5.20546238E-03
 3.61033977E-02
 1.63726066E-04
 1.78446859E-04
 2.06075522E-04
 2.40226334E-04
 2.52472221E-04
 3.07178270E-04
 3.62930466E-04
 4.44935197E-04
 5.66820892E-04
 2.42392567E-02
 9.80513294E-04
 2.73955959E-04
 3.24225389E-04
 3.79820581E-04
 1.44241393E-03
 4.49823487E-04
 5.91518138E-04
 2.23544567E-02
 1.01853826E-03
 1.47830478E-02
 2.46191296E-03
 3.99249022E-04
 5.32192404E-04
 1.84309381E-03
 8.87232916E-04
 4.80886862E-03
 2.55544735E-03
 7.19123387E-04
 6.86233239E-03
 6.94448599E-03
 3.03024242E-02
 8.00306240E-05
 6.20969108E-05
 3.85025312E-05
 1.75864649E-05
 1.72604143E-05
 5.34121226E-05
 9.83461504E-05
 1.84491460E-04
 2.84304824E-04
 1.09881554E-03
 6.74591374E-04
 8.79862660E-05
 1.25827006E-04
 1.88948516E-04
 1.87413185E-02
 2.61863070E-04
 3.84054191E-04
 4.51328836E-03
 7.83101430E-04
 2.99674738E-03
 2.41797503E-04
 3.66904559E-04
 1.23627420E-03
 7.07942717E-04
 3.00454378E-03
 2.28961376E-03
 5.67770467E-04
 1.98477641E-02
 6.24099145E-05
 3.16824519E-05
 1.77282063E-05
 9.39825405E-05
 1.98466485E-04
 5.74203374E-04
 8.30812198E-05
 2.04352953E-04
 4.03052052E-03
 5.32394470E-04
 4.17642756E-04
 1.00000000E+00
 1.00000000E+00
 1.00000000E+00
 1.00000000E+00
 1.00000000E+00
 1.00000000E+00
 1.00000000E+00
 1.00000000E+00
 1.00000000E+00
 1.00000000E+00
 1.00000000E+00
 1.00000000E+00
 0.00000000E+00
 0.00000000E+00
 0.00000000E+00
 0.00000000E+00
 0.00000000E+00
 0.00000000E+00
 0.00000000E+00
 0.00000000E+00
 0.00000000E+00
 0.00000000E+00
 0.00000000E+00
 0.00000000E+00
 0.00000000E+00
 0.00000000E+00
 0.00000000E+00
 0.00000000E+00
 0.00000000E+00
 0.00000000E+00
 0.00000000E+00
 0.00000000E+00
 0.00000000E+00
 0.00000000E+00
 0.00000000E+00
 0.00000000E+00
 0.00000000E+00
 0.00000000E+00
 0.00000000E+00
 0.00000000E+00
 0.00000000E+00
 0.00000000E+00
 4.04283928E-04
 4.32196533E-04
 4.45624589E-04
 4.52458842E-04
 4.65427711E-04
 4.94180417E-04
 2.38472294E-04
 4.97917633E-04
 5.09074154E-04
 5.18839097E-04
 5.47245708E-04
 5.78561730E-04
 9.07225882E-02
 5.80592925E-04
 6.07167706E-04
 6.31780324E-04
 6.71860375E-04
 1.23918411E-03
 6.95624102E-04
 7.41867741E-04
 7.91358308E-04
 2.91105503E-02
 8.89975333E-04
 9.66303957E-04
 5.32322799E-03
 1.25418541E-03
 5.96516404E-02
 3.12848313E-03
 4.87523827E-04
 5.23172764E-04
 5.29064809E-04
 5.60546152E-04
 5.79829257E-04
 9.06838077E-02
 6.00066797E-04
 6.36091669E-04
 6.31548437E-04
 6.85934749E-04
 3.74413762E-03
 7.31920197E-04
 7.80815269E-04
 8.33322324E-04
 1.33732262E-03
 9.72620039E-04
 1.05341044E-03
 1.55281359E-03
 1.45986751E-03
 3.41949325E-03
 4.12073866E-02
 5.30106470E-04
 6.10356408E-04
 6.18327493E-04
 6.49259455E-04
 6.93788866E-04
 7.62157661E-04
 8.12481407E-04
 9.37669402E-04
 1.05700776E-03
 1.77843241E-03
 1.52728561E-03
 6.45416756E-04
 6.89054662E-04
 7.45630792E-04
 2.22762913E-02
 8.23345844E-04
 9.90338420E-04
 6.12280335E-03
 1.43228955E-03
 5.22230264E-03
 7.38159084E-04
 8.55788692E-04
 3.41376868E-02
 1.22839548E-03
 2.63125414E-02
 9.92583790E-03
 9.91455250E-04
 1.00744181E-01
 1.00817261E-01
 1.21923734E-01
 1.25323657E-01
 1.91658400E-01
 2.47073068E-01
 9.98835961E-02
 9.99708865E-02
 1.00057623E-01
 1.00152391E-01
 1.00251307E-01
 1.80925326E-01
 1.00295099E-01
 1.00398179E-01
 1.00511984E-01
 1.00630369E-01
 1.00785997E-01
 1.00928853E-01
 1.01080534E-01
 1.72392525E-02
 2.08675488E-02
 1.77871873E-02
 3.03830941E-04
 3.32517765E-04
 3.32886852E-04
 3.46393260E-04
 3.67041394E-04
 3.68238729E-04
 4.05712698E-04
 4.32757844E-04
 4.56738546E-04
 4.79584820E-04
 5.34281148E-04
 5.80016676E-04
 6.72777176E-04
 7.72390579E-04
 1.13492529E-03
 3.80241819E-04
 4.05803268E-04
 4.32469062E-04
 4.64665347E-04
 4.91614428E-04
 5.49024728E-04
 6.02012999E-04
 6.99910337E-04
 8.28497972E-04
 1.28845370E-02
 1.28051537E-03
 4.41965374E-04
 5.15486703E-04
 5.74170322E-04
 6.59977164E-04
 8.01382551E-04
 1.22858391E-03
 5.68771047E-04
 7.04388685E-04
 5.96993923E-03
 1.05910233E-03
 8.62794343E-04
 2.84197764E-06
 9.86132228E-06
 1.60480905E-05
 3.21645225E-05
 4.50614450E-05
 8.91282289E-02
 4.80356666E-05
 6.99256007E-05
 8.72217196E-05
 1.12621773E-04
 5.59317635E-03
 1.40838439E-04
 1.74240038E-04
 2.09984089E-04
 1.25422663E-03
 2.97208231E-04
 3.73228289E-04
 1.45041772E-03
 7.00291500E-04
 5.25182259E-03
 3.80974973E-02
 1.70055656E-04
 1.90236210E-04
 2.15286240E-04
 2.46815967E-04
 2.63549161E-04
 3.15437437E-04
 3.68291070E-04
 4.57504786E-04
 5.67145530E-04
 2.44385386E-02
 9.84737155E-04
 2.83647176E-04
 3.27228669E-04
 3.69156333E-04
 1.44674268E-03
 4.49699979E-04
 5.92455514E-04
 2.24531514E-02
 1.01117314E-03
 1.49751605E-02
 2.44170622E-03
 4.02047401E-04
 5.32783682E-04
 1.83538481E-03
 8.83631338E-04
 4.83610446E-03
 2.54910951E-03
 7.15445024E-04
 6.87070945E-03
 6.94834959E-03
 3.07261976E-02
 6.91630086E-05
 5.85373869E-05
 3.71251483E-05
 1.07274921E-05
 1.57590149E-05
 5.46360833E-05
 1.00974089E-04
 1.85794730E-04
 2.79225556E-04
 1.11043315E-03
 6.63417663E-04
 1.00801302E-04
 1.35944559E-04
 1.91474252E-04
 1.87967396E-02
 2.57519801E-04
 3.83713119E-04
 4.53319727E-03
 7.81822376E-04
 3.04813676E-03
 2.38987448E-04
 3.64203799E-04
 1.22654095E-03
 7.04579558E-04
 3.01976932E-03
 2.27464839E-03
 5.62768721E-04
 1.98782596E-02
 6.16018850E-05
 2.83742325E-05
 1.82147112E-05
 9.14612105E-05
 2.00493103E-04
 5.77153989E-04
 9.36934029E-05
 2.06871970E-04
 4.03880243E-03
 5.34560845E-04
 4.16778507E-04
 1.00000000E+00
 1.00000000E+00
 1.00000000E+00
 1.00000000E+00
 1.00000000E+00
 1.00000000E+00
 1.00000000E+00
 1.00000000E+00
 1.00000000E+00
 1.00000000E+00
 1.00000000E+00
 1.00000000E+00
