 1.67165067E-01
 1.67501268E-01
 1.67555800E-01
 1.67368250E-01
 1.67309218E-01
 1.67329061E-01
 1.67159311E-01
 1.01083937E-01
 1.60882141E-01
 1.60956301E-01
 1.66728268E-01
 1.66596760E-01
 1.66476571E-01
 8.61406840E-02
 8.60984329E-02
 8.61010102E-02
 8.59069480E-02
 8.58228405E-02
 2.40259115E-01
 8.54009319E-02
 8.53091856E-02
 8.53286502E-02
 8.50088413E-02
 8.44033644E-02
 8.41387967E-02
 8.40811331E-02
 5.67202579E-03
 4.30731226E-02
 2.11243052E-01
 4.34780810E-03
 2.41174321E-05
 6.05172010E-04
 6.35601693E-04
 5.63838389E-04
 6.45485121E-04
 6.94669556E-04
 6.77315377E-03
 8.46408719E-04
 1.05196923E-03
 8.96748772E-04
 8.59415871E-04
 9.65965577E-04
 1.69570938E-01
 1.00648802E-03
 1.23404742E-03
 1.27881857E-03
 1.41053921E-03
 6.75311808E-03
 1.59619062E-03
 1.95444917E-03
 2.08422581E-03
 3.75885132E-02
 2.91595859E-03
 3.22881031E-03
 9.28192700E-03
 5.45601326E-03
 1.68666060E-01
 1.00048540E-02
 7.22420665E-04
 8.80840162E-04
 9.70356849E-04
 1.10770060E-03
 1.20561713E-03
 1.70907514E-01
 1.43229545E-03
 1.64187328E-03
 1.70169849E-03
 1.81808520E-03
 7.67307543E-03
 2.03302984E-03
 2.50659855E-03
 2.71865804E-03
 1.95656498E-03
 3.86106248E-03
 4.64732682E-03
 1.53947849E-03
 8.70567942E-03
 1.08088629E-02
 2.48194011E-01
 1.43069927E-03
 1.59048245E-03
 1.87116502E-03
 1.95866350E-03
 2.56976217E-03
 2.95357400E-03
 3.33957617E-03
 4.75306533E-03
 5.84835554E-03
 1.82978236E-04
 1.16840193E-02
 2.44364891E-03
 2.97184660E-03
 3.55416297E-03
 3.12786392E-02
 5.17249202E-03
 6.48711653E-03
 7.86270025E-03
 1.36527992E-02
 8.19560162E-03
 5.05710115E-03
 6.46225508E-03
 2.33419042E-01
 1.40778022E-02
 2.88802499E-01
 4.19768792E-01
 1.29751140E-02
 6.60239490E-04
 4.08019643E-04
 5.28848659E-04
 5.63801766E-04
 6.08509916E-04
 6.64392469E-04
 1.08690060E-03
 8.33918610E-04
 6.80150150E-04
 8.82838886E-04
 8.68186116E-04
 1.69340520E-01
 1.00669601E-03
 1.15257402E-03
 1.21690107E-03
 1.31009889E-03
 1.38795608E-03
 1.80749989E-03
 1.96856019E-03
 2.13569099E-03
 3.02388647E-03
 5.13202381E-03
 9.29643291E-04
 1.02177828E-03
 1.18381329E-03
 1.19919938E-03
 1.27063679E-03
 1.61758920E-03
 1.64814040E-03
 1.81295353E-03
 1.88545413E-03
 2.38057568E-03
 2.56954400E-03
 2.84006798E-03
 3.89031168E-03
 4.65733811E-03
 8.66694680E-03
 1.43784452E-03
 1.97400219E-03
 2.03005469E-03
 2.18217054E-03
 2.72111167E-03
 3.15288798E-03
 3.52026520E-03
 4.91195145E-03
 6.10235340E-03
 6.65594372E-02
 1.20714226E-02
 2.97521982E-03
 3.32506122E-03
 3.87673252E-03
 5.65106131E-03
 7.04123522E-03
 1.46451885E-02
 5.72623793E-03
 7.34366390E-03
 7.65391852E-03
 1.57018615E-02
 1.52192201E-02
 1.05417069E-03
 9.54136262E-04
 9.99545396E-04
 1.11619692E-03
 1.12102513E-03
 1.70476941E-01
 1.37024519E-03
 1.48922589E-03
 1.60213076E-03
 1.74276380E-03
 7.60691629E-03
 2.36831828E-03
 2.44484724E-03
 2.62331757E-03
 1.94632654E-03
 3.79015954E-03
 4.36166677E-03
 1.58810621E-03
 7.93140565E-03
 1.06118179E-02
 2.34491026E-01
 1.66250204E-03
 1.83965404E-03
 2.01795734E-03
 2.16734777E-03
 2.59532120E-03
 3.09720365E-03
 3.48404325E-03
 5.02720625E-03
 6.00146111E-03
 6.49048919E-02
 1.18974466E-02
 2.79688019E-03
 3.51096546E-03
 3.94613157E-03
 2.12224291E-03
 5.83628578E-03
 7.19214452E-03
 7.63885318E-02
 1.48890793E-02
 1.03108958E-01
 1.20254894E-02
 6.02546544E-03
 7.76849789E-03
 3.38476131E-04
 1.64612404E-02
 2.55473538E-02
 2.41062156E-02
 1.65549290E-02
 9.62168727E-03
 2.24013689E-03
 4.47319656E-01
 1.80171779E-03
 1.79660678E-03
 1.81878656E-03
 1.95878528E-03
 2.84468126E-03
 2.90187534E-03
 3.18683693E-03
 4.89023603E-03
 5.51945491E-03
 3.18975145E-04
 1.09582580E-02
 2.83187703E-03
 3.39277136E-03
 3.80083260E-03
 4.34225692E-02
 5.57839904E-03
 6.90884473E-03
 1.40672369E-02
 1.43504977E-02
 2.05258296E-02
 6.10595982E-03
 7.72821833E-03
 2.15398946E-04
 1.63832948E-02
 2.57660902E-02
 2.31403508E-02
 1.69832601E-02
 5.23303418E-02
 2.77655570E-03
 2.95939993E-03
 3.33715109E-03
 5.31200237E-03
 6.23467263E-03
 1.30530529E-02
 5.83661145E-03
 7.24417588E-03
 7.74126857E-03
 1.54882612E-02
 1.64667897E-02
 1.00000000E+00
 1.00000000E+00
 1.00000000E+00
 1.00000000E+00
 1.00000000E+00
 1.00000000E+00
 1.00000000E+00
 1.00000000E+00
 1.00000000E+00
 1.00000000E+00
 1.00000000E+00
 1.00000000E+00
 1.67473764E-01
 1.67600894E-01
 1.67517114E-01
 0.00000000E+00
 0.00000000E+00
 0.00000000E+00
 0.00000000E+00
 1.67229967E-01
 1.66887601E-01
 1.66912787E-01
 1.66743545E-01
 1.66563710E-01
 1.66455843E-01
 1.03750050E-01
 1.06870819E-01
 1.55336385E-01
 1.62164038E-01
 1.65664203E-01
 3.06660986E-01
 8.56242984E-02
 8.52200644E-02
 8.53237638E-02
 8.50641635E-02
 8.44632120E-02
 8.42714458E-02
 8.40392877E-02
 8.28710990E-02
 8.25918109E-02
 2.11055897E-01
 4.56622168E-03
 3.11906109E-04
 5.37170047E-04
 7.05100378E-04
 5.36634313E-04
 7.00621496E-04
 7.24906439E-04
 6.78158666E-03
 1.06848317E-03
 1.04360899E-03
 9.36113273E-04
 8.66624989E-04
 1.00492881E-03
 1.69674232E-01
 1.33448072E-03
 1.31524465E-03
 1.19653979E-03
 1.31691361E-03
 6.69470877E-03
 1.35966791E-03
 1.80500948E-03
 2.03288141E-03
 3.75302688E-02
 2.42320598E-03
 3.22726336E-03
 9.25717278E-03
 5.18774243E-03
 1.67552467E-01
 9.77849810E-03
 7.31380446E-04
 8.67159534E-04
 1.00847483E-03
 1.10743604E-03
 1.18318312E-03
 1.70900257E-01
 1.36090814E-03
 1.49954858E-03
 1.57785102E-03
 1.72197380E-03
 7.66684454E-03
 2.08638353E-03
 2.53163143E-03
 2.69254754E-03
 1.93550251E-03
 3.73385974E-03
 4.37636527E-03
 1.54696344E-03
 8.27964611E-03
 1.07390226E-02
 2.43658023E-01
 1.44382793E-03
 1.69351747E-03
 1.84037982E-03
 1.95704988E-03
 2.50967380E-03
 2.79256163E-03
 3.20511983E-03
 4.51057040E-03
 5.69338409E-03
 1.90137571E-04
 1.13234967E-02
 2.35016372E-03
 3.01825021E-03
 3.48469266E-03
 3.12311835E-02
 5.03414449E-03
 6.40050560E-03
 7.84318793E-03
 1.33560365E-02
 8.10052455E-03
 5.03518781E-03
 6.40226705E-03
 2.33135439E-01
 1.38355358E-02
 2.88071207E-01
 4.17574392E-01
 1.28946516E-02
 1.22655487E-02
 1.22040912E-02
 1.22499870E-02
 1.21999795E-02
 1.21061304E-02
 1.20511714E-02
 6.19533008E-04
 5.97093058E-04
 7.64038708E-04
 8.46773033E-04
 8.67597336E-04
 1.69405563E-01
 9.59638418E-04
 1.15837078E-03
 1.22494690E-03
 1.26064846E-03
 1.41436572E-03
 1.77560337E-03
 1.88848111E-03
 2.48695857E-03
 2.83253421E-03
 4.88025039E-03
 8.65897803E-04
 9.62494647E-04
 1.15914178E-03
 1.09626895E-03
 1.21426582E-03
 1.12418559E-03
 1.56910093E-03
 1.72528264E-03
 1.82875787E-03
 2.28648791E-03
 2.49030964E-03
 2.79484153E-03
 3.75707580E-03
 4.53388535E-03
 8.42616355E-03
 1.54995738E-03
 1.90227564E-03
 2.03812176E-03
 2.12451143E-03
 2.54624875E-03
 3.07557560E-03
 3.47881720E-03
 4.87308895E-03
 5.95493441E-03
 6.62676900E-02
 1.17774415E-02
 2.79823525E-03
 3.22748357E-03
 3.76818938E-03
 5.52901907E-03
 6.95220245E-03
 1.42769651E-02
 5.51697564E-03
 7.27612307E-03
 7.62650088E-03
 1.55504544E-02
 1.50403185E-02
 8.77220705E-04
 7.62937376E-04
 9.04414851E-04
 1.04094221E-03
 1.08120793E-03
 1.70519832E-01
 1.53967085E-03
 1.35054116E-03
 1.52980999E-03
 1.64079425E-03
 7.54032038E-03
 2.07234332E-03
 2.21167253E-03
 2.56360146E-03
 1.90354235E-03
 3.57654545E-03
 4.13789234E-03
 1.65795868E-03
 7.63813799E-03
 1.05294289E-02
 2.29796418E-01
 1.70967699E-03
 1.67839540E-03
 1.89042945E-03
 2.11957936E-03
 2.40367398E-03
 3.04127036E-03
 3.35749704E-03
 5.01763855E-03
 5.87627447E-03
 6.45737251E-02
 1.16972565E-02
 2.97319550E-03
 3.34975081E-03
 3.91332861E-03
 2.10592404E-03
 5.67755487E-03
 7.06352903E-03
 7.61653026E-02
 1.45772979E-02
 1.02142580E-01
 1.12954357E-02
 6.02373540E-03
 7.62837157E-03
 3.13318520E-04
 1.63273477E-02
 2.53224949E-02
 2.36143197E-02
 1.62854369E-02
 9.55925842E-03
 2.12339109E-03
 4.46146690E-01
 1.64149070E-03
 1.53820182E-03
 1.72951088E-03
 1.88093111E-03
 2.64026986E-03
 2.76974367E-03
 3.08236117E-03
 4.37442816E-03
 5.32052571E-03
 3.27789976E-04
 1.05305499E-02
 2.88706619E-03
 3.30820879E-03
 3.73629409E-03
 4.33519960E-02
 5.62335359E-03
 6.81855836E-03
 1.40414269E-02
 1.42043880E-02
 2.02624459E-02
 6.05431240E-03
 7.63564437E-03
 2.31128174E-04
 1.61539717E-02
 2.55564361E-02
 2.26180304E-02
 1.68479829E-02
 4.91954676E-02
 2.62572950E-03
 2.92127721E-03
 3.41224130E-03
 5.16706781E-03
 6.10385893E-03
 1.26717227E-02
 5.68298323E-03
 7.12850090E-03
 7.72373440E-03
 1.52850041E-02
 1.63393809E-02
 1.00000000E+00
 1.00000000E+00
 1.00000000E+00
 1.00000000E+00
 1.00000000E+00
 1.00000000E+00
 1.00000000E+00
 1.00000000E+00
 1.00000000E+00
 1.00000000E+00
 1.00000000E+00
 1.00000000E+00
 0.00000000E+00
 0.00000000E+00
 0.00000000E+00
 0.00000000E+00
 0.00000000E+00
 0.00000000E+00
 0.00000000E+00
 1.67357804E-01
 1.66907550E-01
 1.66948063E-01
 1.66733082E-01
 0.00000000E+00
 0.00000000E+00
 1.66152722E-01
 1.66163628E-01
 1.65957694E-01
 1.65829366E-01
 1.65729538E-01
 3.06685331E-01
 1.04882627E-01
 1.06041621E-01
 1.50867829E-01
 1.64649659E-01
 8.44813869E-02
 8.43722826E-02
 8.40836219E-02
 8.30265897E-02
 8.26526053E-02
 2.10973826E-01
 8.00675583E-02
 6.13344554E-04
 9.07484707E-04
 7.55237119E-04
 5.76541244E-04
 6.97639336E-04
 7.11782170E-04
 6.76599145E-03
 1.03751820E-03
 9.85454365E-04
 1.02114399E-03
 9.74249616E-04
 1.00421807E-03
 1.69658071E-01
 1.29975125E-03
 1.24922011E-03
 1.25907527E-03
 1.39409416E-03
 6.68239704E-03
 1.39875477E-03
 1.90891094E-03
 2.04260979E-03
 3.74014318E-02
 2.36096246E-03
 3.09848388E-03
 9.25568439E-03
 5.04921250E-03
 1.66533533E-01
 9.87406979E-03
 1.04660329E-03
 1.03027597E-03
 9.60307515E-04
 1.11428866E-03
 1.17688362E-03
 1.70910709E-01
 1.51505919E-03
 1.63072304E-03
 1.67839562E-03
 1.82280717E-03
 7.62467967E-03
 2.26364543E-03
 2.38413117E-03
 2.70170864E-03
 1.90454580E-03
 3.86701878E-03
 4.39383038E-03
 1.55459058E-03
 8.25326740E-03
 1.07435812E-02
 2.39559271E-01
 1.64383637E-03
 1.56874334E-03
 1.80056538E-03
 1.95439823E-03
 2.40665768E-03
 2.87149438E-03
 3.27040040E-03
 4.60694123E-03
 5.62767300E-03
 2.09553516E-04
 1.12254818E-02
 2.64757766E-03
 3.01866383E-03
 3.48352196E-03
 3.12134236E-02
 5.04669803E-03
 6.39646306E-03
 7.88488446E-03
 1.32876740E-02
 8.14149659E-03
 5.04908215E-03
 6.38727039E-03
 2.32926334E-01
 1.38757278E-02
 2.87354127E-01
 4.15405836E-01
 1.29063263E-02
 1.47723370E-02
 1.47357807E-02
 1.47338480E-02
 1.47695678E-02
 1.46167390E-02
 1.44978307E-02
 1.57114673E-03
 1.23629657E-03
 1.16809386E-03
 1.10634652E-03
 1.81837696E-03
 1.71657714E-01
 5.45040830E-04
 1.06417212E-03
 1.16207239E-03
 1.29924670E-03
 1.33226538E-03
 1.79066847E-03
 1.85138146E-03
 2.41725746E-03
 2.74365665E-03
 4.72009104E-03
 1.06013492E-03
 1.32816572E-03
 1.15353546E-03
 1.06583374E-03
 1.28012677E-03
 1.64671954E-03
 1.68729571E-03
 1.74036410E-03
 1.80406229E-03
 2.13515530E-03
 2.50324122E-03
 2.75152887E-03
 3.70454289E-03
 4.51440278E-03
 8.16974304E-03
 1.48111011E-03
 1.92822008E-03
 2.05649908E-03
 2.16915129E-03
 2.77656188E-03
 3.11194824E-03
 3.46452894E-03
 4.95562806E-03
 5.92397778E-03
 6.59967043E-02
 1.16002139E-02
 3.00758952E-03
 3.32292254E-03
 3.83649681E-03
 5.65798070E-03
 6.92352364E-03
 1.42520339E-02
 5.63000218E-03
 7.27758364E-03
 7.64937983E-03
 1.55233074E-02
 1.51161844E-02
 7.78041731E-04
 9.58370282E-04
 9.89777823E-04
 1.09677599E-03
 1.14491036E-03
 1.70527176E-01
 1.31913487E-03
 1.45173590E-03
 1.58900803E-03
 1.66835503E-03
 7.55545491E-03
 2.27781856E-03
 2.24915666E-03
 2.54339037E-03
 1.86447439E-03
 3.61396248E-03
 4.13199031E-03
 1.65874313E-03
 7.53642569E-03
 1.05227915E-02
 2.25571221E-01
 1.80925180E-03
 1.71786309E-03
 1.97354613E-03
 2.13346779E-03
 2.72622736E-03
 3.07963543E-03
 3.36474042E-03
 4.85541506E-03
 5.83319759E-03
 6.42673487E-02
 1.12998523E-02
 3.17333928E-03
 3.38380418E-03
 3.90887050E-03
 2.06444773E-03
 5.78892192E-03
 7.03606222E-03
 7.59573971E-02
 1.44840916E-02
 1.01214466E-01
 1.05852394E-02
 6.02555131E-03
 7.65745059E-03
 3.29978983E-04
 1.62652910E-02
 2.51614136E-02
 2.31499442E-02
 1.64552890E-02
 9.57627814E-03
 1.89665647E-03
 4.44939841E-01
 1.65403491E-03
 1.59768952E-03
 1.84057339E-03
 1.89588237E-03
 2.45749888E-03
 2.75263385E-03
 3.11513566E-03
 4.44407676E-03
 5.28508771E-03
 3.60022376E-04
 1.04073982E-02
 3.16983088E-03
 3.25212225E-03
 3.80699224E-03
 4.32875844E-02
 5.55590623E-03
 6.78301204E-03
 1.39986897E-02
 1.39186128E-02
 2.00180768E-02
 6.05945692E-03
 7.62299745E-03
 2.21792743E-04
 1.61437621E-02
 2.53894070E-02
 2.21234087E-02
 1.68602229E-02
 4.73251701E-02
 2.34924152E-03
 2.98854376E-03
 3.33436373E-03
 5.00663480E-03
 6.04296763E-03
 1.26340488E-02
 5.75707408E-03
 7.09718432E-03
 7.76385402E-03
 1.52355787E-02
 1.63802923E-02
 1.00000000E+00
 1.00000000E+00
 1.00000000E+00
 1.00000000E+00
 1.00000000E+00
 1.00000000E+00
 1.00000000E+00
 1.00000000E+00
 1.00000000E+00
 1.00000000E+00
 1.00000000E+00
 1.00000000E+00
 0.00000000E+00
 0.00000000E+00
 0.00000000E+00
 0.00000000E+00
 0.00000000E+00
 0.00000000E+00
 0.00000000E+00
 0.00000000E+00
 0.00000000E+00
 0.00000000E+00
 0.00000000E+00
 0.00000000E+00
 0.00000000E+00
 1.66190373E-01
 1.66207673E-01
 1.66001736E-01
 1.65865810E-01
 0.00000000E+00
 0.00000000E+00
 1.65221070E-01
 1.65046385E-01
 1.64871665E-01
 1.64722088E-01
 8.45051591E-02
 1.06842613E-01
 1.47328596E-01
 8.31248558E-02
 8.29061944E-02
 2.43408934E-01
 8.07208493E-02
 3.84106353E-04
 7.29098862E-04
 7.08389605E-04
 5.91472813E-04
 6.66078427E-04
 6.79460236E-04
 6.76022880E-03
 1.06233259E-03
 1.12205273E-03
 8.67497455E-04
 8.88951471E-04
 1.00721324E-03
 1.69721372E-01
 1.32936403E-03
 1.18967847E-03
 1.30363662E-03
 1.38696531E-03
 6.66604341E-03
 1.46389518E-03
 1.86165320E-03
 2.00378886E-03
 3.73598325E-02
 2.56134329E-03
 2.91898774E-03
 9.21672845E-03
 4.78252056E-03
 1.65781691E-01
 9.86020714E-03
 7.67712555E-04
 8.84407535E-04
 9.38031603E-04
 1.07439023E-03
 1.15731212E-03
 1.70942449E-01
 1.59122983E-03
 1.67784939E-03
 1.64636026E-03
 1.76888498E-03
 7.61772572E-03
 2.31958536E-03
 2.34455993E-03
 2.66301508E-03
 1.89993557E-03
 3.70154414E-03
 4.30415998E-03
 1.54747238E-03
 8.02007450E-03
 1.07363958E-02
 2.36096109E-01
 1.62392493E-03
 1.64420531E-03
 1.80959640E-03
 1.93032145E-03
 2.49833291E-03
 2.83721288E-03
 3.23572906E-03
 4.59465385E-03
 5.50196088E-03
 2.39114793E-04
 1.09198345E-02
 2.74234845E-03
 2.99303242E-03
 3.43877294E-03
 3.12026196E-02
 5.06899302E-03
 6.34311721E-03
 7.91472894E-03
 1.31832274E-02
 8.09493656E-03
 5.01632409E-03
 6.23099706E-03
 2.32705882E-01
 1.37920506E-02
 2.86724828E-01
 4.13373600E-01
 1.28725474E-02
 1.48351144E-02
 1.49339936E-02
 1.46782768E-02
 1.46390663E-02
 1.45172416E-02
 1.45813365E-02
 1.44311729E-02
 1.42871857E-02
 1.44464268E-02
 1.43548237E-02
 1.41590151E-02
 1.82033759E-01
 1.02239482E-03
 1.08447127E-03
 1.26468976E-03
 1.31982427E-03
 1.41927165E-03
 1.77990321E-03
 1.78283809E-03
 2.30373550E-03
 2.78958192E-03
 4.47274654E-03
 1.20911947E-03
 1.30921436E-03
 1.17261183E-03
 1.13343075E-03
 1.26377887E-03
 1.98711622E-03
 1.65701038E-03
 1.67594745E-03
 1.77136297E-03
 2.52143855E-03
 2.37187297E-03
 2.69797310E-03
 3.70971554E-03
 4.46310185E-03
 7.93044492E-03
 1.33467810E-03
 1.95781978E-03
 2.02997665E-03
 2.14906514E-03
 2.82426871E-03
 3.01848217E-03
 3.37169679E-03
 5.04684773E-03
 5.77947621E-03
 6.58108388E-02
 1.13738953E-02
 2.92887340E-03
 3.31243807E-03
 3.81022654E-03
 5.66367541E-03
 6.84534505E-03
 1.40401528E-02
 5.60301251E-03
 7.22386991E-03
 7.68214478E-03
 1.54239155E-02
 1.50675132E-02
 6.20810474E-04
 8.61650559E-04
 9.14993657E-04
 1.05483522E-03
 1.11974715E-03
 1.70563991E-01
 1.14594411E-03
 1.43977060E-03
 1.57814069E-03
 1.62714516E-03
 7.49026666E-03
 2.33157467E-03
 2.16288308E-03
 2.49758801E-03
 1.85651975E-03
 3.45699324E-03
 3.99201445E-03
 1.62197499E-03
 7.24966536E-03
 1.05203619E-02
 2.22018320E-01
 1.83336945E-03
 1.75899707E-03
 1.98725054E-03
 2.13146356E-03
 2.71567835E-03
 2.99608136E-03
 3.29239187E-03
 4.94857989E-03
 5.67273643E-03
 6.40480042E-02
 1.10312226E-02
 2.91685390E-03
 3.33366360E-03
 3.90227383E-03
 2.05984289E-03
 5.58000455E-03
 6.90957260E-03
 7.58190653E-02
 1.42966769E-02
 1.00440947E-01
 9.83235410E-03
 6.02220954E-03
 7.57436260E-03
 3.07035364E-04
 1.60727760E-02
 2.50287460E-02
 2.26012346E-02
 1.65112366E-02
 9.53801821E-03
 1.75638546E-03
 4.43878667E-01
 1.66135724E-03
 1.65935738E-03
 1.81617733E-03
 1.90736122E-03
 2.74560141E-03
 2.81189214E-03
 3.10721678E-03
 4.21482386E-03
 5.13895980E-03
 3.74285419E-04
 9.98188745E-03
 3.11686016E-03
 3.17204109E-03
 3.75428226E-03
 4.32543249E-02
 5.37210267E-03
 6.69160527E-03
 1.39757543E-02
 1.36846906E-02
 1.98013302E-02
 5.99489517E-03
 7.51962811E-03
 2.19237572E-04
 1.60088735E-02
 2.52650094E-02
 2.15416379E-02
 1.66813613E-02
 4.72883486E-02
 2.34652939E-03
 2.91598452E-03
 3.30110130E-03
 5.12455024E-03
 6.00633711E-03
 1.23757329E-02
 5.68808958E-03
 7.07324756E-03
 7.78320812E-03
 1.51816774E-02
 1.63419764E-02
 1.00000000E+00
 1.00000000E+00
 1.00000000E+00
 1.00000000E+00
 1.00000000E+00
 1.00000000E+00
 1.00000000E+00
 1.00000000E+00
 1.00000000E+00
 1.00000000E+00
 1.00000000E+00
 1.00000000E+00
 0.00000000E+00
 0.00000000E+00
 0.00000000E+00
 0.00000000E+00
 0.00000000E+00
 0.00000000E+00
 0.00000000E+00
 0.00000000E+00
 0.00000000E+00
 0.00000000E+00
 0.00000000E+00
 0.00000000E+00
 0.00000000E+00
 0.00000000E+00
 0.00000000E+00
 0.00000000E+00
 0.00000000E+00
 0.00000000E+00
 0.00000000E+00
 1.65284487E-01
 1.65098941E-01
 1.64972481E-01
 1.64678740E-01
 1.63838270E-01
 1.63579531E-01
 1.63305776E-01
 1.04725057E-01
 1.41849553E-01
 2.78946718E-01
 8.08591093E-02
 2.30652465E-04
 6.62632745E-04
 7.66027735E-04
 7.03326956E-04
 6.32893026E-04
 6.87336310E-04
 6.74143605E-03
 1.08399449E-03
 9.98149409E-04
 9.37396302E-04
 9.61845931E-04
 9.61871091E-04
 1.69721282E-01
 9.67190644E-04
 1.27892448E-03
 1.32424157E-03
 1.32746489E-03
 6.69306483E-03
 1.55708011E-03
 1.79531339E-03
 1.94951035E-03
 3.72885221E-02
 2.64057513E-03
 2.98897416E-03
 9.25309892E-03
 4.73251487E-03
 1.64982127E-01
 9.73291176E-03
 5.43693800E-04
 8.66393421E-04
 1.01541739E-03
 1.06225819E-03
 1.14313492E-03
 1.70948782E-01
 1.40663464E-03
 1.72484822E-03
 1.61112588E-03
 1.78039252E-03
 7.60359161E-03
 2.34866655E-03
 2.39659785E-03
 2.71597084E-03
 1.94282727E-03
 3.84499149E-03
 4.23900282E-03
 1.57487402E-03
 7.92660780E-03
 1.06585217E-02
 2.32650979E-01
 1.55108402E-03
 1.54291088E-03
 1.80221091E-03
 1.92859780E-03
 2.53080283E-03
 2.81377575E-03
 3.23021483E-03
 4.51450271E-03
 5.47988784E-03
 2.37358905E-04
 1.08670051E-02
 2.58042194E-03
 2.93815357E-03
 3.44958665E-03
 3.11451646E-02
 4.99486016E-03
 6.29477790E-03
 7.87443168E-03
 1.29534319E-02
 8.04044735E-03
 5.06580063E-03
 6.28551664E-03
 2.32508434E-01
 1.36845664E-02
 2.86060137E-01
 4.11351663E-01
 1.28606476E-02
 1.81004725E-02
 1.83099909E-02
 1.81233658E-02
 1.81052143E-02
 1.80998088E-02
 1.80232317E-02
 1.40757922E-02
 1.44584112E-02
 1.43658120E-02
 1.42824875E-02
 1.41530946E-02
 1.82026785E-01
 1.40023797E-02
 1.39337269E-02
 1.37462741E-02
 1.37256827E-02
 1.44495081E-03
 1.74500371E-03
 1.81759077E-03
 2.29452608E-03
 2.78299694E-03
 4.45621291E-03
 1.26073916E-03
 1.27312358E-03
 1.24139999E-03
 1.16787073E-03
 1.23652569E-03
 1.82839545E-03
 1.52231489E-03
 1.70247403E-03
 1.79466430E-03
 2.39835519E-03
 2.41853881E-03
 2.72475576E-03
 3.59789667E-03
 4.40114923E-03
 7.83417377E-03
 1.40346801E-03
 1.90916931E-03
 2.00649743E-03
 2.10131288E-03
 2.69107442E-03
 3.00061524E-03
 3.36624071E-03
 4.86202042E-03
 5.77243993E-03
 6.55149067E-02
 1.12639080E-02
 2.83331201E-03
 3.30873444E-03
 3.78271613E-03
 5.66787927E-03
 6.81573377E-03
 1.38431335E-02
 5.59038536E-03
 7.21129921E-03
 7.64890760E-03
 1.53514882E-02
 1.50205365E-02
 4.44075415E-04
 9.08309548E-04
 8.79996631E-04
 1.04831710E-03
 1.11397596E-03
 1.70599185E-01
 1.38721733E-03
 1.45280937E-03
 1.54025117E-03
 1.63442036E-03
 7.50450061E-03
 2.21725357E-03
 2.27157436E-03
 2.51790123E-03
 1.89476879E-03
 3.39779901E-03
 4.01464194E-03
 1.61092560E-03
 7.06206103E-03
 1.04002528E-02
 2.18485070E-01
 1.60977019E-03
 1.84302672E-03
 1.91773094E-03
 2.06355864E-03
 2.81315871E-03
 2.97793604E-03
 3.31448084E-03
 4.69873321E-03
 5.65523443E-03
 6.37173799E-02
 1.08665211E-02
 2.88961816E-03
 3.35900426E-03
 3.88317368E-03
 2.07918652E-03
 5.84636050E-03
 6.90525847E-03
 7.55916776E-02
 1.40925405E-02
 9.95367097E-02
 9.28529525E-03
 6.02126751E-03
 7.55207911E-03
 2.96350057E-04
 1.61800497E-02
 2.48270563E-02
 2.22539301E-02
 1.63965289E-02
 9.49423109E-03
 1.57541959E-03
 4.42863842E-01
 1.47949889E-03
 1.71054868E-03
 1.78349783E-03
 1.90320426E-03
 2.82468767E-03
 2.78033768E-03
 3.08181731E-03
 4.38032516E-03
 5.17653957E-03
 3.93203822E-04
 9.86534294E-03
 3.05048610E-03
 3.27888850E-03
 3.71813521E-03
 4.32031628E-02
 5.58114919E-03
 6.66402644E-03
 1.39395666E-02
 1.34623183E-02
 1.95848802E-02
 6.00841717E-03
 7.54190328E-03
 1.80454154E-04
 1.60555439E-02
 2.50588429E-02
 2.11660173E-02
 1.67447078E-02
 4.71465923E-02
 2.47687210E-03
 2.95376628E-03
 3.31477272E-03
 4.89137427E-03
 5.96857390E-03
 1.22390963E-02
 5.64665796E-03
 7.04607139E-03
 7.75841173E-03
 1.50810843E-02
 1.62915783E-02
 1.00000000E+00
 1.00000000E+00
 1.00000000E+00
 1.00000000E+00
 1.00000000E+00
 1.00000000E+00
 1.00000000E+00
 1.00000000E+00
 1.00000000E+00
 1.00000000E+00
 1.00000000E+00
 1.00000000E+00
 0.00000000E+00
 0.00000000E+00
 0.00000000E+00
 0.00000000E+00
 0.00000000E+00
 0.00000000E+00
 0.00000000E+00
 0.00000000E+00
 0.00000000E+00
 0.00000000E+00
 0.00000000E+00
 0.00000000E+00
 0.00000000E+00
 0.00000000E+00
 0.00000000E+00
 0.00000000E+00
 0.00000000E+00
 0.00000000E+00
 0.00000000E+00
 0.00000000E+00
 0.00000000E+00
 0.00000000E+00
 0.00000000E+00
 1.63348295E-01
 1.63603463E-01
 1.63369533E-01
 1.61962811E-01
 1.61492577E-01
 2.78956632E-01
 1.03103950E-01
 4.65731574E-04
 8.54816827E-04
 7.09963093E-04
 7.14757511E-04
 6.39210817E-04
 6.75038718E-04
 6.78399286E-03
 1.17699280E-03
 9.54980813E-04
 8.40526779E-04
 8.23961885E-04
 9.41003659E-04
 1.69759412E-01
 1.04302062E-03
 1.35148404E-03
 1.22777092E-03
 1.33317786E-03
 6.66272413E-03
 1.56536510E-03
 1.82389472E-03
 1.86175687E-03
 3.72438057E-02
 2.95890114E-03
 2.95774795E-03
 9.25158936E-03
 4.59556949E-03
 1.64401815E-01
 9.83939304E-03
 3.95513333E-04
 8.97292412E-04
 9.48572366E-04
 1.08530107E-03
 1.14682327E-03
 1.70975445E-01
 1.47309890E-03
 1.73309797E-03
 1.63486234E-03
 1.73545331E-03
 7.59197181E-03
 2.28264176E-03
 2.41039659E-03
 2.63253361E-03
 1.92941192E-03
 3.70462927E-03
 4.28049460E-03
 1.75805879E-03
 7.56109218E-03
 1.06020868E-02
 2.29696527E-01
 1.56969171E-03
 1.63418046E-03
 1.78421165E-03
 1.89040057E-03
 2.51048957E-03
 2.83240646E-03
 3.18140762E-03
 4.39194947E-03
 5.47918759E-03
 2.75788673E-04
 1.06256305E-02
 2.65057376E-03
 2.83524098E-03
 3.41796129E-03
 3.11466294E-02
 4.94105329E-03
 6.17034218E-03
 7.93917838E-03
 1.29358791E-02
 8.04666551E-03
 5.03498182E-03
 6.28230735E-03
 2.32300492E-01
 1.36512749E-02
 2.85450185E-01
 4.09465715E-01
 1.28295970E-02
 8.64557980E-02
 8.64192209E-02
 8.61353432E-02
 8.61027148E-02
 8.60258199E-02
 8.58751172E-02
 1.42306659E-02
 1.45024366E-02
 1.42938756E-02
 1.42542554E-02
 1.74242834E-02
 1.86852369E-01
 1.40667483E-02
 1.38761809E-02
 1.36949265E-02
 1.36061334E-02
 8.17772726E-03
 7.85145778E-03
 1.28795767E-02
 2.26018485E-03
 2.74903067E-03
 4.32560923E-03
 1.20865525E-03
 1.08326563E-03
 1.07001041E-03
 1.13656409E-03
 1.23211474E-03
 1.77755654E-03
 1.50854836E-03
 1.65712928E-03
 1.77073991E-03
 2.27460105E-03
 2.41740019E-03
 2.63472274E-03
 3.67310696E-03
 4.22083681E-03
 7.70201879E-03
 1.64799329E-03
 1.92634221E-03
 2.03561345E-03
 2.12595379E-03
 2.67238251E-03
 2.95871513E-03
 3.34116799E-03
 4.80021995E-03
 5.75682725E-03
 6.53119388E-02
 1.09198375E-02
 3.03020826E-03
 3.35589745E-03
 3.80170012E-03
 5.60780814E-03
 6.85722922E-03
 1.38461853E-02
 5.58128316E-03
 7.15000831E-03
 7.66337015E-03
 1.52573994E-02
 1.50335985E-02
 3.70457119E-04
 8.93870464E-04
 9.02315983E-04
 1.07382717E-03
 1.15932989E-03
 1.70573610E-01
 1.43288115E-03
 1.50649348E-03
 1.54539078E-03
 1.62189915E-03
 7.47813848E-03
 2.32092105E-03
 2.28429630E-03
 2.46939785E-03
 1.87170640E-03
 3.35615085E-03
 3.84857188E-03
 1.78790489E-03
 6.76262463E-03
 1.05215885E-02
 2.15463716E-01
 1.85249809E-03
 1.96124983E-03
 1.99839458E-03
 2.09287524E-03
 2.80723662E-03
 2.91003271E-03
 3.27003144E-03
 4.63314468E-03
 5.63261667E-03
 6.34837665E-02
 1.05600878E-02
 2.95875723E-03
 3.41825463E-03
 3.93503541E-03
 2.06447950E-03
 5.92805245E-03
 6.86277342E-03
 7.53977124E-02
 1.39444130E-02
 9.87672852E-02
 8.77766285E-03
 6.04094682E-03
 7.53606329E-03
 3.02721031E-04
 1.60204269E-02
 2.46856076E-02
 2.18169965E-02
 1.63665251E-02
 9.48087447E-03
 1.42476830E-03
 4.41930821E-01
 1.32891275E-03
 1.68999027E-03
 1.82703874E-03
 1.94438204E-03
 2.54127830E-03
 2.69656446E-03
 3.05373627E-03
 4.27051575E-03
 5.04843585E-03
 4.32507761E-04
 9.80881995E-03
 3.05951108E-03
 3.31323009E-03
 3.71616029E-03
 4.31445341E-02
 5.53264021E-03
 6.61773608E-03
 1.39205391E-02
 1.33181446E-02
 1.94025814E-02
 5.80845922E-03
 7.49684637E-03
 1.79876394E-04
 1.59407154E-02
 2.49311413E-02
 2.06982626E-02
 1.67195205E-02
 4.70910855E-02
 2.50934556E-03
 3.07444420E-03
 3.32674144E-03
 4.80343583E-03
 5.93539610E-03
 1.21001637E-02
 5.51849267E-03
 7.01462346E-03
 7.79776996E-03
 1.48605809E-02
 1.62483674E-02
 1.00000000E+00
 1.00000000E+00
 1.00000000E+00
 1.00000000E+00
 1.00000000E+00
 1.00000000E+00
 1.00000000E+00
 1.00000000E+00
 1.00000000E+00
 1.00000000E+00
 1.00000000E+00
 1.00000000E+00
 0.00000000E+00
 0.00000000E+00
 0.00000000E+00
 0.00000000E+00
 0.00000000E+00
 0.00000000E+00
 0.00000000E+00
 0.00000000E+00
 0.00000000E+00
 0.00000000E+00
 0.00000000E+00
 0.00000000E+00
 0.00000000E+00
 0.00000000E+00
 0.00000000E+00
 0.00000000E+00
 0.00000000E+00
 0.00000000E+00
 0.00000000E+00
 0.00000000E+00
 0.00000000E+00
 0.00000000E+00
 0.00000000E+00
 0.00000000E+00
 0.00000000E+00
 0.00000000E+00
 1.62026862E-01
 1.61605881E-01
 0.00000000E+00
 1.59083819E-01
 2.77695230E-04
 5.89752363E-04
 6.39619310E-04
 6.91342608E-04
 6.15924425E-04
 7.03482625E-04
 2.78361888E-02
 8.47321796E-04
 8.65225301E-04
 8.84614488E-04
 9.28637504E-04
 9.63274815E-04
 1.69855077E-01
 8.07078144E-04
 1.30858612E-03
 1.16758730E-03
 1.31188877E-03
 6.65461533E-03
 1.53449593E-03
 1.76138150E-03
 1.83299239E-03
 3.72474992E-02
 2.31132014E-03
 2.85835537E-03
 9.28629842E-03
 4.68714489E-03
 1.63888727E-01
 9.72958389E-03
 4.24265430E-04
 9.93987226E-04
 9.14942364E-04
 1.14280894E-03
 1.14336710E-03
 1.71000410E-01
 1.70483823E-03
 1.64574614E-03
 1.67330631E-03
 1.70984941E-03
 7.62297888E-03
 2.37648181E-03
 2.26498113E-03
 2.61743867E-03
 1.95057448E-03
 3.67366593E-03
 4.15831919E-03
 1.64706158E-03
 7.34936285E-03
 1.06471001E-02
 2.27221201E-01
 1.58512719E-03
 1.51152500E-03
 1.82692511E-03
 1.93651364E-03
 2.53273875E-03
 2.83052353E-03
 3.17830581E-03
 4.46100748E-03
 5.34759986E-03
 3.31929274E-04
 1.04477749E-02
 2.70965852E-03
 2.95665284E-03
 3.41165150E-03
 3.11591093E-02
 5.03224865E-03
 6.09973490E-03
 7.91212849E-03
 1.27702299E-02
 8.08683693E-03
 4.98853111E-03
 6.26550425E-03
 2.32158338E-01
 1.36096761E-02
 2.84933722E-01
 4.07700319E-01
 1.28131136E-02
 8.62500868E-02
 8.62673548E-02
 8.61105424E-02
 8.60619335E-02
 8.60159813E-02
 8.58653482E-02
 4.83152630E-02
 8.55790868E-02
 8.54652424E-02
 8.53426320E-02
 8.52243886E-02
 2.41039153E-01
 1.39823824E-02
 1.38805790E-02
 1.37468209E-02
 1.36871770E-02
 1.32598914E-02
 1.30036201E-02
 1.29672670E-02
 2.56002262E-04
 6.71229993E-03
 4.31816243E-03
 1.21311700E-03
 8.64948036E-04
 1.00895416E-03
 1.05287166E-03
 1.20022921E-03
 1.59901766E-03
 1.64098653E-03
 1.64803261E-03
 1.74955633E-03
 2.20419380E-03
 2.34330232E-03
 2.56603114E-03
 3.68685192E-03
 4.06569112E-03
 7.48561917E-03
 1.82804468E-03
 1.86872388E-03
 2.04267012E-03
 2.09253390E-03
 2.94321893E-03
 2.84357001E-03
 3.31504812E-03
 4.65237608E-03
 5.60692835E-03
 6.52169941E-02
 1.08753182E-02
 3.04009594E-03
 3.30469499E-03
 3.74232692E-03
 5.60810180E-03
 6.72417391E-03
 1.37320172E-02
 5.70994746E-03
 7.06129408E-03
 7.64998634E-03
 1.52205510E-02
 1.50155447E-02
 6.40158357E-04
 9.64907476E-04
 7.82934531E-04
 9.95530441E-04
 1.08866054E-03
 1.70649218E-01
 1.21127016E-03
 1.43930373E-03
 1.53862584E-03
 1.55803155E-03
 7.49108180E-03
 2.19678041E-03
 2.13557077E-03
 2.40000645E-03
 1.87239101E-03
 3.37622864E-03
 3.86121502E-03
 1.76157690E-03
 6.57496110E-03
 1.03961044E-02
 2.12944196E-01
 1.86737810E-03
 1.90623404E-03
 1.93445692E-03
 2.05187851E-03
 2.69919535E-03
 2.92701882E-03
 3.23800307E-03
 4.62404150E-03
 5.48297542E-03
 6.33647560E-02
 1.04769155E-02
 3.09144949E-03
 3.36303993E-03
 3.87254404E-03
 2.06107990E-03
 5.88356301E-03
 6.80284479E-03
 7.53218711E-02
 1.37876724E-02
 9.81198275E-02
 8.13755985E-03
 6.19514347E-03
 7.47727003E-03
 2.64171462E-04
 1.59060160E-02
 2.45761457E-02
 2.12966270E-02
 1.63967240E-02
 9.52185149E-03
 1.21921680E-03
 4.41064291E-01
 1.36565352E-03
 1.68598310E-03
 1.75081521E-03
 1.91240347E-03
 2.60306367E-03
 2.61591307E-03
 3.04498801E-03
 3.99937494E-03
 5.02316664E-03
 4.95441614E-04
 9.53716662E-03
 3.03267471E-03
 3.25954692E-03
 3.66995036E-03
 4.31298399E-02
 5.35664458E-03
 6.52389234E-03
 1.39335526E-02
 1.32537576E-02
 1.92761676E-02
 5.89346206E-03
 7.47825425E-03
 1.41379824E-04
 1.57962127E-02
 2.48263678E-02
 2.01440256E-02
 1.66631842E-02
 4.71208387E-02
 2.49489583E-03
 2.96853936E-03
 3.23914331E-03
 4.79621068E-03
 5.84394753E-03
 1.18771313E-02
 5.48713772E-03
 6.98729035E-03
 7.83070033E-03
 1.48799469E-02
 1.62648746E-02
 1.00000000E+00
 1.00000000E+00
 1.00000000E+00
 1.00000000E+00
 1.00000000E+00
 1.00000000E+00
 1.00000000E+00
 1.00000000E+00
 1.00000000E+00
 1.00000000E+00
 1.00000000E+00
 1.00000000E+00
 0.00000000E+00
 0.00000000E+00
 0.00000000E+00
 0.00000000E+00
 0.00000000E+00
 0.00000000E+00
 0.00000000E+00
 0.00000000E+00
 0.00000000E+00
 0.00000000E+00
 0.00000000E+00
 0.00000000E+00
 0.00000000E+00
 0.00000000E+00
 0.00000000E+00
 0.00000000E+00
 0.00000000E+00
 0.00000000E+00
 0.00000000E+00
 0.00000000E+00
 0.00000000E+00
 0.00000000E+00
 0.00000000E+00
 0.00000000E+00
 0.00000000E+00
 0.00000000E+00
 0.00000000E+00
 0.00000000E+00
 0.00000000E+00
 1.59138941E-01
 3.46894338E-04
 6.26039359E-04
 6.38339632E-04
 6.71787412E-04
 6.76691934E-04
 7.16717469E-04
 1.20901892E-03
 8.51589284E-04
 1.05894919E-03
 8.78913326E-04
 9.18115082E-04
 9.56802418E-04
 1.69913798E-01
 9.44572073E-04
 1.35559514E-03
 1.23497384E-03
 1.35497561E-03
 6.66704465E-03
 1.43332295E-03
 1.82285054E-03
 1.94697569E-03
 3.72002797E-02
 2.20429085E-03
 2.84255063E-03
 9.28439802E-03
 4.83053308E-03
 1.63509874E-01
 9.87927864E-03
 5.77116799E-04
 8.68621528E-04
 1.02557955E-03
 1.16972707E-03
 1.21521905E-03
 1.71033769E-01
 1.54085396E-03
 1.74599422E-03
 1.69333542E-03
 1.74858335E-03
 7.61718511E-03
 2.31322912E-03
 2.30716834E-03
 2.56513848E-03
 1.96612076E-03
 3.61183403E-03
 4.12217704E-03
 1.72723733E-03
 7.30265819E-03
 1.07189543E-02
 2.24716351E-01
 1.39866994E-03
 1.57116243E-03
 1.85314507E-03
 1.93383813E-03
 2.38654192E-03
 2.79036837E-03
 3.20237844E-03
 4.48826785E-03
 5.32771813E-03
 4.39707776E-04
 1.04938969E-02
 2.45138764E-03
 2.85108616E-03
 3.39048026E-03
 3.11803178E-02
 4.92025699E-03
 6.16335271E-03
 7.97819861E-03
 1.26489825E-02
 8.06200703E-03
 5.02249359E-03
 6.27471933E-03
 2.32003718E-01
 1.35957150E-02
 2.84364177E-01
 4.05805290E-01
 1.28214339E-02
 8.61879377E-02
 8.61833035E-02
 8.60363573E-02
 8.60407027E-02
 8.60166687E-02
 8.58667482E-02
 8.56390778E-02
 8.57176786E-02
 8.54372484E-02
 8.53512536E-02
 8.52316776E-02
 2.41077375E-01
 3.25697575E-02
 4.68683434E-02
 4.67303634E-02
 8.43178370E-02
 1.33181182E-02
 1.30993505E-02
 1.30120635E-02
 1.22626429E-02
 1.17908793E-02
 2.32991000E-03
 1.12119892E-03
 1.13587589E-03
 1.18581425E-03
 1.17290586E-03
 1.24031218E-03
 1.58850367E-03
 1.54094692E-03
 1.68973566E-03
 1.75482658E-03
 2.54058702E-03
 2.43526840E-03
 2.53278723E-03
 3.49158519E-03
 4.10811206E-03
 7.28392753E-03
 1.67099577E-03
 1.90206869E-03
 2.06526701E-03
 2.15631020E-03
 2.82005290E-03
 3.00657113E-03
 3.40007281E-03
 4.84140643E-03
 5.63017628E-03
 6.50145330E-02
 1.07825652E-02
 2.98551875E-03
 3.31033768E-03
 3.79835411E-03
 5.41117159E-03
 6.69912750E-03
 1.36758187E-02
 5.63076141E-03
 7.13735613E-03
 7.70014690E-03
 1.51311004E-02
 1.50497928E-02
 7.40702945E-04
 1.05838213E-03
 9.15561262E-04
 1.04295339E-03
 1.10379926E-03
 1.70670341E-01
 1.03408805E-03
 1.46076932E-03
 1.49747771E-03
 1.59143498E-03
 7.50958963E-03
 2.16251122E-03
 2.14267909E-03
 2.37735818E-03
 1.92548193E-03
 3.34987287E-03
 3.78637728E-03
 1.86255698E-03
 6.48014385E-03
 1.04848095E-02
 2.10392756E-01
 1.64966605E-03
 1.87766192E-03
 1.95217506E-03
 2.10156164E-03
 2.60484191E-03
 2.96311664E-03
 3.28092576E-03
 4.65211142E-03
 5.49549679E-03
 6.31355408E-02
 1.03605214E-02
 3.18785850E-03
 3.43111362E-03
 3.86155392E-03
 2.07559770E-03
 5.73081791E-03
 6.82283828E-03
 7.51347682E-02
 1.37070542E-02
 9.73429694E-02
 7.69519477E-03
 5.99385018E-03
 7.52995347E-03
 2.27752862E-04
 1.58693944E-02
 2.44266473E-02
 2.09563878E-02
 1.63368495E-02
 9.48666879E-03
 1.09978427E-03
 4.40213108E-01
 1.38190523E-03
 1.68797376E-03
 1.76260197E-03
 1.85131746E-03
 2.41853353E-03
 2.68857385E-03
 3.01581647E-03
 4.20516522E-03
 4.97079646E-03
 5.59939076E-04
 9.44856880E-03
 2.92824470E-03
 3.35805714E-03
 3.66874574E-03
 4.31058491E-02
 5.34910323E-03
 6.54445367E-03
 1.39143662E-02
 1.31844563E-02
 1.91109197E-02
 5.87496455E-03
 7.47185110E-03
 1.04599528E-04
 1.57683890E-02
 2.46805597E-02
 1.97755844E-02
 1.67308269E-02
 4.70198901E-02
 2.74703282E-03
 2.94896367E-03
 3.25239380E-03
 5.04544953E-03
 5.81358535E-03
 1.17856076E-02
 5.66652368E-03
 6.98065636E-03
 7.83523402E-03
 1.48724641E-02
 1.62556730E-02
 1.00000000E+00
 1.00000000E+00
 1.00000000E+00
 1.00000000E+00
 1.00000000E+00
 1.00000000E+00
 1.00000000E+00
 1.00000000E+00
 1.00000000E+00
 1.00000000E+00
 1.00000000E+00
 1.00000000E+00
 0.00000000E+00
 0.00000000E+00
 0.00000000E+00
 0.00000000E+00
 0.00000000E+00
 0.00000000E+00
 0.00000000E+00
 0.00000000E+00
 0.00000000E+00
 0.00000000E+00
 0.00000000E+00
 0.00000000E+00
 0.00000000E+00
 0.00000000E+00
 0.00000000E+00
 0.00000000E+00
 0.00000000E+00
 0.00000000E+00
 0.00000000E+00
 0.00000000E+00
 0.00000000E+00
 0.00000000E+00
 0.00000000E+00
 0.00000000E+00
 0.00000000E+00
 0.00000000E+00
 0.00000000E+00
 0.00000000E+00
 0.00000000E+00
 0.00000000E+00
 5.53532396E-04
 6.29725180E-04
 6.36989703E-04
 6.26435327E-04
 6.33895424E-04
 6.59327612E-04
 1.21124066E-03
 5.76822560E-04
 8.44495475E-04
 8.76397734E-04
 9.05405682E-04
 9.55891383E-04
 1.69974343E-01
 6.83435000E-04
 1.15259962E-03
 1.18251535E-03
 1.31025770E-03
 3.02808940E-02
 1.49446716E-03
 1.79271144E-03
 1.87404917E-03
 4.26031094E-02
 2.24985045E-03
 2.94141176E-03
 9.32390086E-03
 4.58408913E-03
 1.63107151E-01
 9.84212666E-03
 5.66515407E-04
 9.03892798E-04
 1.04171978E-03
 1.13352825E-03
 1.21039736E-03
 1.71048484E-01
 1.37016846E-03
 1.69671242E-03
 1.78272977E-03
 1.79740030E-03
 7.65717951E-03
 2.09979313E-03
 2.36542529E-03
 2.62347764E-03
 1.89702457E-03
 3.62279113E-03
 4.17241959E-03
 1.63811286E-03
 7.26726489E-03
 1.05684481E-02
 2.22521120E-01
 1.62819672E-03
 1.61423188E-03
 1.77879150E-03
 1.94727977E-03
 2.34138730E-03
 2.82751116E-03
 3.30347104E-03
 4.43206968E-03
 5.38386865E-03
 3.26620208E-04
 1.03599399E-02
 2.51010785E-03
 2.88028943E-03
 3.42741906E-03
 3.11236696E-02
 4.79700425E-03
 6.17235619E-03
 7.90580192E-03
 1.24265245E-02
 8.00041173E-03
 5.01310924E-03
 6.29511254E-03
 2.31860432E-01
 1.35256256E-02
 2.83855465E-01
 4.04084812E-01
 1.27901905E-02
 8.67382218E-02
 8.62846772E-02
 8.61006408E-02
 8.60223128E-02
 8.59713660E-02
 8.58846185E-02
 8.57236327E-02
 8.56170256E-02
 8.53705292E-02
 8.53577530E-02
 8.52084464E-02
 2.41093418E-01
 8.50100336E-02
 8.46873147E-02
 8.44892978E-02
 8.43332607E-02
 1.78377918E-02
 1.76870324E-02
 4.61952151E-02
 1.21178367E-02
 1.17213225E-02
 9.85493185E-03
 1.03124453E-03
 1.19521929E-03
 1.14976281E-03
 1.09936206E-03
 1.18240014E-03
 1.79803925E-03
 1.40761697E-03
 1.70430229E-03
 1.74860659E-03
 2.18409243E-03
 2.40625047E-03
 2.58989580E-03
 3.44720435E-03
 4.15241445E-03
 7.25291670E-03
 1.79227905E-03
 1.84254344E-03
 1.92625676E-03
 2.13397557E-03
 2.77005294E-03
 2.95899707E-03
 3.35951969E-03
 4.81673773E-03
 5.59481434E-03
 6.48537836E-02
 1.07282353E-02
 3.02423876E-03
 3.30531451E-03
 3.79872111E-03
 5.49656376E-03
 6.65034149E-03
 1.33970513E-02
 5.54873717E-03
 7.08471227E-03
 7.70724792E-03
 1.50004403E-02
 1.50210251E-02
 1.07252590E-03
 9.72251148E-04
 8.02137402E-04
 1.02017296E-03
 1.09184075E-03
 1.70756186E-01
 1.17971366E-03
 1.33096392E-03
 1.49196424E-03
 1.60731163E-03
 7.45661914E-03
 2.07961174E-03
 2.16433672E-03
 2.41592319E-03
 1.84904145E-03
 3.46022532E-03
 3.83788569E-03
 1.79725719E-03
 6.50690423E-03
 1.03112891E-02
 2.08167204E-01
 1.45602251E-03
 1.75226464E-03
 1.92769833E-03
 2.09834148E-03
 2.53889273E-03
 2.92538754E-03
 3.29629509E-03
 4.54665316E-03
 5.47749816E-03
 6.29479731E-02
 1.01536621E-02
 2.92351391E-03
 3.35593818E-03
 3.85368407E-03
 2.03701734E-03
 5.57778319E-03
 6.77403780E-03
 7.49947030E-02
 1.35401291E-02
 9.66876490E-02
 7.21036893E-03
 5.86633091E-03
 7.50389207E-03
 2.63603512E-04
 1.57162465E-02
 2.42847258E-02
 2.05915031E-02
 1.61963868E-02
 9.48510839E-03
 9.52025637E-04
 4.39440760E-01
 1.58486296E-03
 1.77982122E-03
 1.70367412E-03
 1.82135668E-03
 2.54049710E-03
 2.81016137E-03
 2.99220470E-03
 4.15861549E-03
 4.94314474E-03
 5.34313964E-04
 9.15994938E-03
 3.04430970E-03
 3.40458305E-03
 3.72534466E-03
 4.30197620E-02
 5.35606754E-03
 6.54260670E-03
 1.38316936E-02
 1.29841114E-02
 1.88989130E-02
 5.94833809E-03
 7.42959466E-03
 1.35487769E-04
 1.56451762E-02
 2.45168893E-02
 1.93811766E-02
 1.67489819E-02
 4.69460425E-02
 2.57431700E-03
 2.90246359E-03
 3.30378222E-03
 4.88865707E-03
 5.75259480E-03
 1.15567351E-02
 5.69792744E-03
 6.91679976E-03
 7.78749819E-03
 1.46814475E-02
 1.61762285E-02
 1.00000000E+00
 1.00000000E+00
 1.00000000E+00
 1.00000000E+00
 1.00000000E+00
 1.00000000E+00
 1.00000000E+00
 1.00000000E+00
 1.00000000E+00
 1.00000000E+00
 1.00000000E+00
 1.00000000E+00
 0.00000000E+00
 0.00000000E+00
 0.00000000E+00
 0.00000000E+00
 0.00000000E+00
 0.00000000E+00
 0.00000000E+00
 0.00000000E+00
 0.00000000E+00
 0.00000000E+00
 0.00000000E+00
 0.00000000E+00
 0.00000000E+00
 0.00000000E+00
 0.00000000E+00
 0.00000000E+00
 0.00000000E+00
 0.00000000E+00
 0.00000000E+00
 0.00000000E+00
 0.00000000E+00
 0.00000000E+00
 0.00000000E+00
 0.00000000E+00
 0.00000000E+00
 0.00000000E+00
 0.00000000E+00
 0.00000000E+00
 0.00000000E+00
 0.00000000E+00
 3.58406300E-04
 7.03857427E-04
 6.46127364E-04
 5.97070741E-04
 6.16769970E-04
 6.43737311E-04
 2.17093568E-04
 1.05198519E-03
 8.66821644E-04
 8.19245057E-04
 9.27852318E-04
 9.87025085E-04
 1.70003998E-01
 1.13909233E-03
 1.17889936E-03
 1.22830457E-03
 1.32876180E-03
 1.60058865E-03
 1.32124928E-03
 1.72334367E-03
 1.87617746E-03
 8.78792898E-03
 2.42226536E-03
 2.80689908E-03
 9.39059589E-03
 4.44006715E-03
 1.63014378E-01
 1.00056135E-02
 5.72679510E-04
 1.00938086E-03
 1.06843727E-03
 1.08771028E-03
 1.19182858E-03
 1.71123939E-01
 1.21812145E-03
 1.60068963E-03
 1.60625095E-03
 1.67082038E-03
 7.67810145E-03
 2.23105733E-03
 2.45074641E-03
 2.56074219E-03
 1.98258274E-03
 3.56891462E-03
 4.07660166E-03
 1.78773941E-03
 7.23266491E-03
 1.07255987E-02
 2.20846856E-01
 1.39696343E-03
 1.61384375E-03
 1.76209857E-03
 1.91601870E-03
 2.46915175E-03
 2.76429001E-03
 3.16263987E-03
 4.47848132E-03
 5.32191522E-03
 4.75153716E-04
 1.01562573E-02
 2.75619027E-03
 3.05858734E-03
 3.43027072E-03
 3.11774119E-02
 4.96535931E-03
 6.10936191E-03
 8.02433317E-03
 1.24932435E-02
 8.08379677E-03
 5.01159179E-03
 6.25677836E-03
 2.31764923E-01
 1.34841563E-02
 2.83414646E-01
 4.02423697E-01
 1.27860858E-02
 8.77238901E-02
 8.74632883E-02
 1.10520118E-01
 1.13566640E-01
 1.88355791E-01
 2.46287555E-01
 8.53816484E-02
 8.55860861E-02
 8.55276045E-02
 8.53406927E-02
 8.52310440E-02
 2.41207607E-01
 8.43928347E-02
 8.46900897E-02
 8.44416000E-02
 8.43202763E-02
 8.36462663E-02
 8.34072704E-02
 8.31294741E-02
 1.22226058E-02
 1.46980214E-02
 9.91862011E-03
 9.79676329E-04
 1.01287703E-03
 1.06675538E-03
 1.12370215E-03
 1.25079826E-03
 1.66417495E-03
 1.37355134E-03
 1.71354392E-03
 1.72695423E-03
 2.27484669E-03
 2.44523545E-03
 2.55919486E-03
 3.35180645E-03
 4.08655400E-03
 7.03426474E-03
 1.67383026E-03
 1.85530586E-03
 1.91303230E-03
 2.10554272E-03
 2.68190036E-03
 3.06770694E-03
 3.26463514E-03
 4.71818401E-03
 5.55682244E-03
 6.47680097E-02
 1.04449435E-02
 2.93848173E-03
 3.28216032E-03
 3.74520193E-03
 5.48064991E-03
 6.61784943E-03
 1.33588581E-02
 5.69595753E-03
 7.10028374E-03
 7.75274052E-03
 1.50271071E-02
 1.50160094E-02
 8.77634947E-04
 1.11102507E-03
 9.15549437E-04
 1.08315475E-03
 1.15448462E-03
 1.70782934E-01
 1.27790558E-03
 1.23532839E-03
 1.50588903E-03
 1.56419590E-03
 7.54781919E-03
 1.84954772E-03
 2.13580541E-03
 2.32953727E-03
 1.95128276E-03
 3.38809016E-03
 3.73431735E-03
 1.86700715E-03
 6.40004146E-03
 1.04883555E-02
 2.06498624E-01
 1.64584238E-03
 1.93611075E-03
 2.01922134E-03
 2.08407213E-03
 2.77203776E-03
 2.96912385E-03
 3.24825580E-03
 4.64132624E-03
 5.41994394E-03
 6.28441897E-02
 1.00735035E-02
 3.09022727E-03
 3.39265270E-03
 3.77183626E-03
 2.13107244E-03
 5.62722662E-03
 6.75821031E-03
 7.49197634E-02
 1.34618154E-02
 9.61236660E-02
 6.66093768E-03
 5.99259574E-03
 7.46243336E-03
 1.43511247E-04
 1.57389677E-02
 2.42477452E-02
 2.01463139E-02
 1.63338402E-02
 9.50812700E-03
 7.79967405E-04
 4.38707018E-01
 1.61231430E-03
 1.62960777E-03
 1.74803346E-03
 1.79627636E-03
 2.39804289E-03
 2.81849282E-03
 2.90251116E-03
 4.09790158E-03
 4.89920417E-03
 6.73100844E-04
 9.19803517E-03
 3.07113360E-03
 3.21639474E-03
 3.65540538E-03
 4.30751436E-02
 5.34926888E-03
 6.45163338E-03
 1.39258560E-02
 1.29041519E-02
 1.88842773E-02
 6.10793510E-03
 7.35974117E-03
 2.07200304E-05
 1.55856275E-02
 2.45031960E-02
 1.89029243E-02
 1.67272672E-02
 4.69618596E-02
 2.61885831E-03
 2.90617402E-03
 3.24499400E-03
 5.09063552E-03
 5.75431948E-03
 1.15946864E-02
 5.63746101E-03
 6.93705213E-03
 7.87290684E-03
 1.46512606E-02
 1.62266620E-02
 1.00000000E+00
 1.00000000E+00
 1.00000000E+00
 1.00000000E+00
 1.00000000E+00
 1.00000000E+00
 1.00000000E+00
 1.00000000E+00
 1.00000000E+00
 1.00000000E+00
 1.00000000E+00
 1.00000000E+00
