 9.46878488E-05
 4.69055536E-05
 7.51749684E-05
 5.08879104E-05
 6.75778274E-05
 6.59456304E-05
 4.47011984E-05
 3.52867853E-05
 9.50647333E-05
 3.58797953E-05
 3.48182578E-06
 5.58123001E-06
 3.38176290E-05
 3.19403225E-05
 3.90762782E-05
 3.81770461E-05
 3.96532045E-05
 4.59443988E-06
 2.16897889E-05
 4.14354306E-05
 5.55062016E-05
 2.72594309E-06
 4.57269223E-06
 1.15804505E-02
 7.25459064E-05
 3.18692809E-05
 1.42372982E-05
 1.14247273E-05
 2.24617762E-05
 2.91747162E-06
 1.13520547E-02
 4.34403310E-06
 3.30573423E-05
 2.06011810E-05
 2.96755429E-05
 2.77915855E-05
 1.03215431E-02
 3.07668793E-06
 1.61006342E-05
 9.12010906E-06
 2.52555283E-05
 1.68097902E-02
 9.33871469E-06
 4.77799793E-05
 9.13219008E-05
 1.72949588E-02
 6.78326831E-05
 2.39319293E-05
 1.51203984E-02
 1.71411389E-05
 2.31488471E-02
 7.49475113E-05
 5.83966439E-06
 2.53954538E-06
 2.32039925E-05
 5.78089513E-05
 8.54622360E-05
 1.72300602E-05
 8.56120912E-06
 8.80057295E-05
 4.95855949E-06
 1.91613109E-05
 5.66534497E-06
 4.99055586E-05
 4.05009819E-05
 2.85936954E-05
 4.17963069E-05
 3.50692911E-05
 2.33030563E-05
 1.92060012E-05
 8.55488443E-06
 5.26062112E-05
 8.31360307E-06
 2.22680941E-05
 9.78449373E-03
 5.36949466E-05
 4.98927765E-05
 2.83498233E-05
 5.15614579E-05
 6.97368236E-05
 4.62573762E-05
 8.39883252E-03
 1.03999423E-05
 2.99728402E-05
 3.49742080E-06
 6.34073735E-05
 4.31703496E-05
 5.83156080E-03
 3.81719339E-06
 1.22404143E-05
 4.20687743E-05
 2.29294119E-05
 9.48834905E-03
 1.07227505E-05
 3.37462190E-05
 6.00260298E-05
 1.27627484E-02
 3.68378293E-05
 1.24805357E-05
 1.27357676E-02
 2.04005081E-05
 2.22889233E-02
 4.39377924E-05
 4.32652483E-05
 1.45809190E-05
 2.19430761E-06
 2.77697054E-05
 7.29780153E-05
 2.28316645E-05
 6.56203162E-05
 7.31789282E-05
 1.93786017E-05
 7.65673882E-06
 3.92625153E-06
 4.47372799E-05
 4.46737898E-05
 5.15259536E-06
 6.79373816E-05
 3.82162809E-05
 1.81748752E-05
 2.57700757E-05
 2.21595008E-05
 9.89464607E-06
 9.62432447E-06
 4.38028732E-06
 8.43288845E-03
 2.67452514E-05
 3.03638549E-05
 2.89775193E-05
 5.85222969E-05
 3.89892552E-05
 3.99054772E-05
 6.18457431E-03
 7.39116112E-06
 2.71114898E-05
 1.32872680E-05
 5.36371492E-05
 1.17365206E-05
 2.46066687E-03
 1.65617611E-05
 4.79253272E-06
 5.04106511E-05
 3.44530581E-05
 4.00565972E-03
 2.91801600E-05
 4.45370678E-05
 6.48548314E-05
 9.36962268E-03
 5.76139529E-05
 1.78351152E-05
 1.09163191E-02
 5.44550683E-06
 2.16332764E-02
 6.19952180E-05
 2.04716979E-05
 3.26860724E-05
 1.53930790E-05
 3.55883179E-05
 7.03628693E-05
 2.72894680E-05
 4.00483583E-05
 6.82953420E-05
 1.03598881E-05
 3.39742709E-05
 2.01125626E-05
 4.41400689E-05
 5.68505779E-05
 3.04796110E-06
 5.78609986E-05
 3.35383269E-05
 2.06789789E-05
 3.20698513E-05
 4.59844541E-06
 1.45607656E-05
 5.86770717E-06
 5.92702450E-06
 8.43806002E-03
 1.21206434E-05
 4.00517059E-06
 2.64213250E-05
 4.69622977E-05
 5.12376172E-06
 7.33678561E-06
 6.20891178E-03
 2.61541423E-05
 2.30777573E-05
 8.00435502E-06
 4.83982083E-05
 2.89720429E-05
 2.46982697E-03
 4.72230020E-06
 1.83019589E-06
 3.63640535E-05
 2.66173562E-05
 4.01220608E-03
 2.85269913E-06
 3.17070561E-05
 6.27822142E-05
 9.37707273E-03
 4.61688605E-05
 1.28944516E-05
 1.09408378E-02
 8.79134438E-09
 2.16325787E-02
 7.87190017E-05
 7.74576545E-07
 7.81204785E-05
 2.64409204E-05
 4.08100252E-05
 6.45599146E-05
 3.57520928E-05
 1.96626525E-05
 6.19842887E-05
 3.23847605E-07
 5.82896700E-05
 4.17430733E-05
 4.06167592E-05
 6.53491703E-05
 3.73694072E-06
 5.39211094E-05
 2.73184254E-05
 2.50025894E-05
 3.61831095E-05
 2.86705112E-05
 1.59149764E-05
 1.71351267E-05
 2.00632606E-06
 8.43602190E-03
 4.15735952E-06
 2.43103597E-05
 2.14742009E-05
 3.24635290E-05
 3.24168196E-05
 2.03818567E-05
 6.22690453E-03
 4.31198466E-05
 2.11844368E-05
 1.18437058E-07
 3.99150703E-05
 4.20381908E-05
 2.47357159E-03
 2.40953199E-05
 1.15475887E-06
 1.95249542E-05
 1.52654053E-05
 4.01422834E-03
 2.14677085E-05
 2.12917095E-05
 6.36741995E-05
 9.38081935E-03
 3.67707904E-05
 1.04196109E-05
 1.09623374E-02
 7.48432941E-06
 2.16299984E-02
 7.83907700E-05
 5.39333115E-07
 7.79500857E-05
 2.62576393E-05
 4.30370161E-05
 6.38731053E-05
 3.69793975E-05
 2.16408138E-05
 6.16246928E-05
 5.89023607E-07
 5.79374380E-05
 4.17027942E-05
 2.81525871E-05
 6.48770237E-05
 4.41532007E-06
 5.45282680E-05
 2.68474505E-05
 2.51325271E-05
 3.57123283E-05
 2.85033192E-05
 3.34881108E-07
 1.66317957E-05
 1.42876363E-06
 8.44568527E-03
 4.69206028E-06
 2.43431125E-05
 2.12771021E-05
 3.20883299E-05
 4.84023110E-05
 1.99764146E-05
 6.23394584E-03
 4.24650177E-05
 2.13279850E-05
 5.25522104E-07
 3.97390340E-05
 3.38963015E-05
 2.47604845E-03
 2.33017926E-05
 1.57918874E-07
 1.82967358E-05
 1.42110605E-05
 4.01239116E-03
 2.05466449E-05
 1.81690215E-05
 6.51778376E-05
 9.38312869E-03
 3.77580043E-05
 3.95563017E-06
 1.09653486E-02
 7.97340750E-06
 2.16303157E-02
 6.10356779E-05
 2.11440787E-05
 3.22403604E-05
 1.48761972E-05
 4.22977805E-05
 6.83254833E-05
 3.09432846E-05
 4.58710991E-05
 6.72220140E-05
 9.56688203E-06
 3.29641112E-05
 2.00430818E-05
 6.78979813E-06
 5.54885239E-05
 1.05045997E-06
 5.95978497E-05
 3.21317216E-05
 2.10585536E-05
 3.06824823E-05
 4.15800114E-06
 3.41252328E-05
 4.42692747E-06
 4.24781327E-06
 8.46710112E-03
 1.05127082E-05
 3.88863811E-06
 2.58445109E-05
 4.58411906E-05
 4.28375788E-05
 8.43449660E-06
 6.23014145E-03
 2.42243810E-05
 2.34875965E-05
 6.08480709E-06
 4.78862872E-05
 4.63482236E-06
 2.47732092E-03
 2.38187181E-06
 1.17936507E-06
 3.26790374E-05
 2.34683475E-05
 4.00675072E-03
 5.56696091E-06
 2.23074939E-05
 6.72651817E-05
 9.38403964E-03
 4.91000611E-05
 6.51199214E-06
 1.09499322E-02
 1.47006143E-06
 2.16335408E-02
 4.23992511E-05
 4.43074390E-05
 1.51863100E-05
 1.42364648E-06
 3.90460921E-05
 6.96823739E-05
 2.87905817E-05
 7.50211056E-05
 7.14198638E-05
 1.80866723E-05
 6.08283057E-06
 3.91512268E-06
 1.73884575E-05
 4.25682430E-05
 1.98926690E-06
 7.05431181E-05
 3.59052973E-05
 1.87619350E-05
 2.35357825E-05
 2.27441125E-05
 7.10790759E-05
 1.18216621E-05
 1.79727395E-06
 8.48155993E-03
 2.40840146E-05
 3.01708300E-05
 2.80812695E-05
 5.67157402E-05
 4.08801452E-05
 4.14317305E-05
 6.22028675E-03
 4.26004060E-06
 2.77250160E-05
 1.01542779E-05
 5.28726265E-05
 2.85923368E-05
 2.47338598E-03
 2.03662195E-05
 2.92996505E-07
 4.43184764E-05
 2.92965174E-05
 3.99675722E-03
 3.35914357E-05
 2.87784527E-05
 7.22264473E-05
 9.38137165E-03
 6.24168570E-05
 1.45742417E-05
 1.09316319E-02
 3.05104595E-06
 2.16349241E-02
 7.28120660E-05
 2.11300376E-05
 1.84371960E-06
 2.81473601E-05
 6.16912514E-05
 8.22872762E-05
 1.32057156E-05
 2.38579960E-06
 8.56231149E-05
 3.74391254E-06
 2.02909632E-05
 5.64909010E-06
 8.23105253E-06
 3.78033360E-05
 2.47696796E-05
 4.43376641E-05
 3.19361933E-05
 2.42397211E-05
 1.76258441E-05
 1.78170050E-05
 2.31530144E-05
 5.71039663E-06
 1.74854921E-05
 9.87584424E-03
 5.00290683E-05
 4.95752789E-05
 2.66403267E-05
 4.06288373E-05
 7.51442834E-06
 4.82594575E-05
 8.48661949E-03
 1.47354717E-05
 3.08242871E-05
 2.48884355E-05
 2.30125852E-05
 4.13645941E-05
 5.89872204E-03
 4.60782389E-07
 8.46006162E-06
 5.74454823E-05
 2.10444085E-05
 9.51249344E-03
 7.19462959E-06
 2.15787364E-05
 7.03138228E-05
 1.28082311E-02
 3.97541314E-05
 3.81383707E-05
 1.27672256E-02
 1.88533764E-05
 2.22925951E-02
 9.19616804E-05
 6.74706279E-05
 8.50995562E-05
 7.35590348E-05
 9.06864999E-05
 5.82710252E-05
 2.64063170E-05
 4.36421005E-06
 9.20308510E-05
 3.45180637E-05
 1.69426051E-05
 2.39202906E-05
 3.91399560E-06
 2.85912935E-05
 3.42062489E-05
 4.12991105E-05
 3.56294292E-05
 8.34161197E-06
 5.03613066E-05
 4.12379168E-05
 8.97619368E-06
 1.51335656E-06
 1.09703308E-05
 1.17158104E-02
 6.79453981E-05
 3.39364223E-05
 2.06842914E-05
 1.67331505E-06
 1.55461240E-05
 8.68694853E-06
 1.15049721E-02
 1.09984630E-06
 3.41112607E-05
 8.61430890E-06
 1.82005073E-05
 2.25663402E-05
 1.04470597E-02
 8.47347012E-06
 1.52354365E-05
 3.93689015E-05
 7.73085532E-07
 1.68778715E-02
 1.37013208E-05
 4.31249299E-05
 8.50725479E-05
 1.73522857E-02
 7.13460108E-05
 1.25045024E-05
 1.51710052E-02
 1.89432021E-05
 2.31534744E-02
