 0.00000000E+00
 1.11022302E-16
 0.00000000E+00
 2.22044605E-16
 2.22044605E-16
 0.00000000E+00
 0.00000000E+00
 2.22044605E-16
 4.44089210E-16
 3.33066907E-16
 2.22044605E-16
 0.00000000E+00
 2.22044605E-16
 1.11022302E-16
 1.11022302E-16
 0.00000000E+00
 2.22044605E-16
 1.11022302E-16
 2.22044605E-16
 2.22044605E-16
 1.11022302E-16
 0.00000000E+00
 0.00000000E+00
 1.07062359E-02
 0.00000000E+00
 1.11022302E-16
 2.22044605E-16
 2.22044605E-16
 0.00000000E+00
 0.00000000E+00
 1.14575507E-02
 4.44089210E-16
 2.22044605E-16
 1.11022302E-16
 0.00000000E+00
 0.00000000E+00
 1.08001503E-02
 2.22044605E-16
 2.22044605E-16
 0.00000000E+00
 0.00000000E+00
 1.08001503E-02
 2.22044605E-16
 2.22044605E-16
 2.22044605E-16
 1.14575507E-02
 2.22044605E-16
 2.22044605E-16
 1.07062359E-02
 2.22044605E-16
 1.99098422E-02
 2.22044605E-16
 0.00000000E+00
 2.22044605E-16
 0.00000000E+00
 2.22044605E-16
 0.00000000E+00
 1.11022302E-16
 0.00000000E+00
 2.22044605E-16
 0.00000000E+00
 0.00000000E+00
 0.00000000E+00
 0.00000000E+00
 1.11022302E-16
 0.00000000E+00
 4.44089210E-16
 2.22044605E-16
 0.00000000E+00
 0.00000000E+00
 0.00000000E+00
 0.00000000E+00
 1.11022302E-16
 0.00000000E+00
 9.01577761E-03
 0.00000000E+00
 0.00000000E+00
 0.00000000E+00
 0.00000000E+00
 0.00000000E+00
 0.00000000E+00
 8.45229151E-03
 2.22044605E-16
 0.00000000E+00
 0.00000000E+00
 0.00000000E+00
 0.00000000E+00
 6.10443276E-03
 0.00000000E+00
 0.00000000E+00
 1.11022302E-16
 0.00000000E+00
 6.10443276E-03
 0.00000000E+00
 0.00000000E+00
 0.00000000E+00
 8.45229151E-03
 1.11022302E-16
 0.00000000E+00
 9.01577761E-03
 0.00000000E+00
 1.91585274E-02
 1.11022302E-16
 0.00000000E+00
 1.11022302E-16
 2.22044605E-16
 0.00000000E+00
 0.00000000E+00
 2.22044605E-16
 2.22044605E-16
 0.00000000E+00
 0.00000000E+00
 1.11022302E-16
 0.00000000E+00
 2.22044605E-16
 0.00000000E+00
 2.22044605E-16
 0.00000000E+00
 0.00000000E+00
 0.00000000E+00
 1.11022302E-16
 0.00000000E+00
 0.00000000E+00
 0.00000000E+00
 0.00000000E+00
 7.74793388E-03
 0.00000000E+00
 0.00000000E+00
 0.00000000E+00
 0.00000000E+00
 0.00000000E+00
 1.11022302E-16
 6.19834711E-03
 0.00000000E+00
 0.00000000E+00
 0.00000000E+00
 0.00000000E+00
 0.00000000E+00
 2.58264463E-03
 0.00000000E+00
 0.00000000E+00
 0.00000000E+00
 0.00000000E+00
 2.58264463E-03
 0.00000000E+00
 2.22044605E-16
 0.00000000E+00
 6.19834711E-03
 0.00000000E+00
 0.00000000E+00
 7.74793388E-03
 0.00000000E+00
 1.85950413E-02
 2.22044605E-16
 2.22044605E-16
 2.22044605E-16
 2.22044605E-16
 2.22044605E-16
 0.00000000E+00
 0.00000000E+00
 0.00000000E+00
 0.00000000E+00
 0.00000000E+00
 1.11022302E-16
 0.00000000E+00
 0.00000000E+00
 0.00000000E+00
 0.00000000E+00
 0.00000000E+00
 2.22044605E-16
 0.00000000E+00
 0.00000000E+00
 0.00000000E+00
 0.00000000E+00
 0.00000000E+00
 2.22044605E-16
 7.74793388E-03
 2.22044605E-16
 0.00000000E+00
 0.00000000E+00
 0.00000000E+00
 0.00000000E+00
 0.00000000E+00
 6.19834711E-03
 2.22044605E-16
 0.00000000E+00
 0.00000000E+00
 0.00000000E+00
 0.00000000E+00
 2.58264463E-03
 0.00000000E+00
 0.00000000E+00
 1.11022302E-16
 1.11022302E-16
 2.58264463E-03
 0.00000000E+00
 0.00000000E+00
 0.00000000E+00
 6.19834711E-03
 0.00000000E+00
 0.00000000E+00
 7.74793388E-03
 0.00000000E+00
 1.85950413E-02
 2.22044605E-16
 0.00000000E+00
 2.22044605E-16
 0.00000000E+00
 2.22044605E-16
 0.00000000E+00
 0.00000000E+00
 0.00000000E+00
 2.22044605E-16
 0.00000000E+00
 0.00000000E+00
 0.00000000E+00
 0.00000000E+00
 1.11022302E-16
 0.00000000E+00
 2.22044605E-16
 2.22044605E-16
 0.00000000E+00
 0.00000000E+00
 0.00000000E+00
 0.00000000E+00
 0.00000000E+00
 0.00000000E+00
 7.74793388E-03
 0.00000000E+00
 0.00000000E+00
 0.00000000E+00
 0.00000000E+00
 0.00000000E+00
 0.00000000E+00
 6.19834711E-03
 0.00000000E+00
 0.00000000E+00
 0.00000000E+00
 0.00000000E+00
 1.11022302E-16
 2.58264463E-03
 2.22044605E-16
 0.00000000E+00
 0.00000000E+00
 0.00000000E+00
 2.58264463E-03
 0.00000000E+00
 0.00000000E+00
 0.00000000E+00
 6.19834711E-03
 0.00000000E+00
 0.00000000E+00
 7.74793388E-03
 0.00000000E+00
 1.85950413E-02
 0.00000000E+00
 0.00000000E+00
 2.22044605E-16
 0.00000000E+00
 2.22044605E-16
 0.00000000E+00
 1.11022302E-16
 0.00000000E+00
 0.00000000E+00
 0.00000000E+00
 0.00000000E+00
 0.00000000E+00
 0.00000000E+00
 0.00000000E+00
 0.00000000E+00
 1.11022302E-16
 2.22044605E-16
 0.00000000E+00
 0.00000000E+00
 0.00000000E+00
 0.00000000E+00
 0.00000000E+00
 1.11022302E-16
 7.74793388E-03
 0.00000000E+00
 0.00000000E+00
 0.00000000E+00
 0.00000000E+00
 0.00000000E+00
 1.11022302E-16
 6.19834711E-03
 0.00000000E+00
 0.00000000E+00
 0.00000000E+00
 0.00000000E+00
 1.11022302E-16
 2.58264463E-03
 0.00000000E+00
 0.00000000E+00
 0.00000000E+00
 0.00000000E+00
 2.58264463E-03
 0.00000000E+00
 0.00000000E+00
 0.00000000E+00
 6.19834711E-03
 0.00000000E+00
 0.00000000E+00
 7.74793388E-03
 0.00000000E+00
 1.85950413E-02
 2.22044605E-16
 2.22044605E-16
 2.22044605E-16
 2.22044605E-16
 2.22044605E-16
 1.11022302E-16
 0.00000000E+00
 0.00000000E+00
 0.00000000E+00
 0.00000000E+00
 0.00000000E+00
 0.00000000E+00
 0.00000000E+00
 1.11022302E-16
 2.22044605E-16
 1.11022302E-16
 0.00000000E+00
 0.00000000E+00
 0.00000000E+00
 0.00000000E+00
 0.00000000E+00
 1.11022302E-16
 0.00000000E+00
 7.74793388E-03
 0.00000000E+00
 0.00000000E+00
 0.00000000E+00
 0.00000000E+00
 0.00000000E+00
 0.00000000E+00
 6.19834711E-03
 0.00000000E+00
 0.00000000E+00
 0.00000000E+00
 0.00000000E+00
 0.00000000E+00
 2.58264463E-03
 0.00000000E+00
 0.00000000E+00
 0.00000000E+00
 0.00000000E+00
 2.58264463E-03
 0.00000000E+00
 0.00000000E+00
 0.00000000E+00
 6.19834711E-03
 0.00000000E+00
 0.00000000E+00
 7.74793388E-03
 0.00000000E+00
 1.85950413E-02
 0.00000000E+00
 0.00000000E+00
 0.00000000E+00
 0.00000000E+00
 2.22044605E-16
 1.11022302E-16
 0.00000000E+00
 1.11022302E-16
 0.00000000E+00
 0.00000000E+00
 0.00000000E+00
 0.00000000E+00
 0.00000000E+00
 1.11022302E-16
 0.00000000E+00
 0.00000000E+00
 0.00000000E+00
 0.00000000E+00
 0.00000000E+00
 0.00000000E+00
 0.00000000E+00
 0.00000000E+00
 0.00000000E+00
 7.74793388E-03
 0.00000000E+00
 0.00000000E+00
 0.00000000E+00
 0.00000000E+00
 0.00000000E+00
 0.00000000E+00
 6.19834711E-03
 0.00000000E+00
 0.00000000E+00
 0.00000000E+00
 0.00000000E+00
 0.00000000E+00
 2.58264463E-03
 0.00000000E+00
 0.00000000E+00
 0.00000000E+00
 0.00000000E+00
 2.58264463E-03
 0.00000000E+00
 0.00000000E+00
 0.00000000E+00
 6.19834711E-03
 0.00000000E+00
 0.00000000E+00
 7.74793388E-03
 2.22044605E-16
 1.85950413E-02
 4.44089210E-16
 2.22044605E-16
 2.22044605E-16
 2.22044605E-16
 2.22044605E-16
 1.11022302E-16
 2.22044605E-16
 2.22044605E-16
 0.00000000E+00
 0.00000000E+00
 0.00000000E+00
 0.00000000E+00
 2.22044605E-16
 0.00000000E+00
 2.22044605E-16
 4.44089210E-16
 4.44089210E-16
 0.00000000E+00
 0.00000000E+00
 0.00000000E+00
 2.22044605E-16
 1.11022302E-16
 0.00000000E+00
 9.01577761E-03
 2.22044605E-16
 0.00000000E+00
 2.22044605E-16
 0.00000000E+00
 2.22044605E-16
 0.00000000E+00
 8.45229151E-03
 0.00000000E+00
 0.00000000E+00
 2.22044605E-16
 0.00000000E+00
 2.22044605E-16
 6.10443276E-03
 0.00000000E+00
 0.00000000E+00
 0.00000000E+00
 0.00000000E+00
 6.10443276E-03
 0.00000000E+00
 0.00000000E+00
 0.00000000E+00
 8.45229151E-03
 0.00000000E+00
 0.00000000E+00
 9.01577761E-03
 0.00000000E+00
 1.91585274E-02
 2.22044605E-16
 2.22044605E-16
 1.11022302E-16
 2.22044605E-16
 2.22044605E-16
 0.00000000E+00
 4.44089210E-16
 1.11022302E-16
 3.33066907E-16
 2.22044605E-16
 3.33066907E-16
 3.33066907E-16
 1.11022302E-16
 2.22044605E-16
 2.22044605E-16
 0.00000000E+00
 1.11022302E-16
 1.11022302E-16
 0.00000000E+00
 2.22044605E-16
 2.22044605E-16
 2.22044605E-16
 2.22044605E-16
 1.07062359E-02
 1.11022302E-16
 2.22044605E-16
 0.00000000E+00
 1.11022302E-16
 0.00000000E+00
 3.33066907E-16
 1.14575507E-02
 0.00000000E+00
 0.00000000E+00
 0.00000000E+00
 2.22044605E-16
 4.44089210E-16
 1.08001503E-02
 2.22044605E-16
 1.11022302E-16
 1.11022302E-16
 1.11022302E-16
 1.08001503E-02
 2.22044605E-16
 2.22044605E-16
 2.22044605E-16
 1.14575507E-02
 2.22044605E-16
 2.22044605E-16
 1.07062359E-02
 1.11022302E-16
 1.99098422E-02
