 6.04446526E-05
 1.38019521E-04
 3.33143939E-04
 9.85910295E-04
 7.57716480E-04
 8.17859459E-04
 7.28427253E-04
 5.28682752E-04
 2.45233659E-04
 4.30894427E-04
 8.12311733E-04
 2.05019528E-03
 1.71704270E-03
 1.32875412E-03
 2.99475035E-04
 1.65428283E-04
 3.27834239E-04
 5.96090143E-04
 1.12651425E-03
 2.94841004E-03
 2.29795216E-03
 1.91891677E-03
 1.69828990E-03
 1.88187435E-02
 8.98288944E-04
 1.35540981E-03
 2.16633214E-03
 4.81183952E-03
 3.90109088E-03
 2.92411140E-03
 1.43260579E-02
 5.55971826E-04
 1.03731439E-03
 1.92673133E-03
 5.17233083E-03
 3.72551644E-03
 2.59205862E-02
 1.44857806E-05
 1.09308555E-04
 3.80935875E-04
 2.84839129E-03
 2.75744754E-02
 3.61767681E-04
 6.81391864E-04
 1.74849426E-04
 1.61575714E-02
 1.68470978E-04
 1.10304244E-04
 2.20829092E-02
 7.49528252E-04
 1.98501633E-02
 5.96614184E-05
 1.36894439E-04
 3.30562880E-04
 9.78969831E-04
 7.51917250E-04
 8.10372619E-04
 7.21575478E-04
 5.23472363E-04
 2.43587260E-04
 4.28173270E-04
 8.06544140E-04
 2.03505671E-03
 1.70376536E-03
 1.31677183E-03
 2.96139132E-04
 1.63780315E-04
 3.25751645E-04
 5.92271720E-04
 1.11804981E-03
 2.92481769E-03
 2.27850685E-03
 1.89989403E-03
 1.54277171E-03
 1.25646575E-02
 8.93446824E-04
 1.34729815E-03
 2.15049875E-03
 4.77167211E-03
 3.86629025E-03
 2.89381212E-03
 1.27250303E-02
 5.52742334E-04
 1.03053590E-03
 1.91093938E-03
 5.12536404E-03
 3.68930638E-03
 2.09218212E-02
 1.48399911E-05
 1.07293410E-04
 3.74508745E-04
 2.81925574E-03
 2.22408019E-02
 3.60297389E-04
 6.79300672E-04
 3.43129805E-04
 1.43171963E-02
 1.68119481E-04
 1.11691535E-04
 1.47281550E-02
 7.46745521E-04
 1.91008995E-02
 5.92038213E-05
 1.36116796E-04
 3.28364755E-04
 9.72472542E-04
 7.46566191E-04
 8.03363576E-04
 7.15161858E-04
 5.18592018E-04
 2.42264321E-04
 4.25800766E-04
 8.01174005E-04
 2.02042771E-03
 1.69097563E-03
 1.30524291E-03
 2.93046074E-04
 1.62133685E-04
 3.23983486E-04
 5.88794670E-04
 1.10998916E-03
 2.90180556E-03
 2.25956548E-03
 1.88131124E-03
 2.27172422E-03
 1.11220904E-02
 8.88924410E-04
 1.33954351E-03
 2.13511785E-03
 4.73225240E-03
 3.83211547E-03
 2.86395801E-03
 1.23555465E-02
 5.49796422E-04
 1.02407184E-03
 1.89556370E-03
 5.07918761E-03
 3.65363416E-03
 2.56682264E-02
 1.49610742E-05
 1.05514119E-04
 3.68345912E-04
 2.79060253E-03
 2.72863110E-02
 3.58637692E-04
 6.77047554E-04
 5.30416492E-04
 1.38822978E-02
 1.67597169E-04
 1.12916985E-04
 1.29790795E-02
 7.43829174E-04
 1.85387279E-02
 5.70329089E-05
 1.33522274E-04
 3.24271051E-04
 9.64061935E-04
 7.39227683E-04
 7.94438343E-04
 7.06990690E-04
 5.12396419E-04
 2.39289482E-04
 4.21708560E-04
 7.94078088E-04
 2.00423029E-03
 1.67663999E-03
 1.29238165E-03
 2.88943822E-04
 1.60534301E-04
 3.20643472E-04
 5.83724324E-04
 1.10042443E-03
 2.87768106E-03
 2.23965295E-03
 1.86230556E-03
 1.67403715E-03
 1.59748073E-02
 8.82971464E-04
 1.33041399E-03
 2.11860600E-03
 4.69246524E-03
 3.79793056E-03
 2.83498185E-03
 1.36344446E-02
 5.45520918E-04
 1.01639570E-03
 1.87935183E-03
 5.03328041E-03
 3.61873628E-03
 2.41439572E-02
 1.63068587E-05
 1.02659637E-04
 3.61488876E-04
 2.76231316E-03
 2.56270889E-02
 3.58071704E-04
 6.75717059E-04
 1.59432777E-04
 1.52929208E-02
 1.68009007E-04
 1.14833855E-04
 1.85970922E-02
 7.41781165E-04
 1.85379311E-02
 5.79849148E-05
 1.34242202E-04
 3.23680730E-04
 9.59317517E-04
 7.35667041E-04
 7.89261805E-04
 7.02263006E-04
 5.08801797E-04
 2.39347592E-04
 4.20799709E-04
 7.90285977E-04
 1.99138041E-03
 1.66557027E-03
 1.28241778E-03
 2.86822172E-04
 1.58944965E-04
 3.20205030E-04
 5.81646602E-04
 1.09387411E-03
 2.85644369E-03
 2.22226023E-03
 1.84493046E-03
 1.07575498E-03
 2.08244057E-02
 8.79738170E-04
 1.32401392E-03
 2.10471056E-03
 4.65493445E-03
 3.76523752E-03
 2.80588377E-03
 1.49102476E-02
 5.43742322E-04
 1.01112700E-03
 1.86526936E-03
 4.98885903E-03
 3.58406197E-03
 2.26170602E-02
 1.54170330E-05
 1.01842788E-04
 3.56215865E-04
 2.73467161E-03
 2.39661655E-02
 3.55551360E-04
 6.72729220E-04
 8.48671258E-04
 1.67041124E-02
 1.66728398E-04
 1.15410035E-04
 2.42189656E-02
 7.38217769E-04
 1.85385758E-02
 5.77986905E-05
 1.33756930E-04
 3.21839337E-04
 9.53325722E-04
 7.30808348E-04
 7.82844019E-04
 6.96393913E-04
 5.04342985E-04
 2.38310790E-04
 4.18755092E-04
 7.85366526E-04
 1.97754251E-03
 1.65352227E-03
 1.27161412E-03
 2.84029840E-04
 1.57351629E-04
 3.18726310E-04
 5.78520805E-04
 1.08635413E-03
 2.83455554E-03
 2.20429480E-03
 1.82734438E-03
 1.07397548E-03
 2.08465928E-02
 8.75566234E-04
 1.31672416E-03
 2.09011996E-03
 4.61731544E-03
 3.73267193E-03
 2.77747827E-03
 1.49309052E-02
 5.41087345E-04
 1.00507259E-03
 1.85068905E-03
 4.94480382E-03
 3.55003837E-03
 2.26575655E-02
 1.53423645E-05
 1.00316449E-04
 3.50505880E-04
 2.70738464E-03
 2.39743251E-02
 3.53764789E-04
 6.70362426E-04
 8.43361746E-04
 1.67086998E-02
 1.66073330E-04
 1.16443995E-04
 2.42262671E-02
 7.35242814E-04
 1.85386911E-02
 5.64428196E-05
 1.32031925E-04
 3.18709127E-04
 9.46045904E-04
 7.24608768E-04
 7.75142641E-04
 6.89347251E-04
 4.99002238E-04
 2.36148510E-04
 4.15541604E-04
 7.79284488E-04
 1.96268053E-03
 1.64046117E-03
 1.25994296E-03
 2.80558086E-04
 1.55789343E-04
 3.16178186E-04
 5.74316155E-04
 1.07783318E-03
 2.81198753E-03
 2.18573419E-03
 1.80954253E-03
 1.66927017E-03
 1.60402281E-02
 8.70428725E-04
 1.30851739E-03
 2.07480867E-03
 4.57958926E-03
 3.70022915E-03
 2.74979339E-03
 1.36961759E-02
 5.37531816E-04
 9.98209511E-04
 1.83559258E-03
 4.90110829E-03
 3.51668313E-03
 2.42661357E-02
 1.61036857E-05
 9.80627704E-05
 3.44348737E-04
 2.68045928E-03
 2.56525076E-02
 3.52729169E-04
 6.68629236E-04
 1.42840944E-04
 1.53057115E-02
 1.66057597E-04
 1.17943980E-04
 1.86142558E-02
 7.32867976E-04
 1.85382658E-02
 5.81271984E-05
 1.33530405E-04
 3.18982697E-04
 9.42324709E-04
 7.22073565E-04
 7.71077613E-04
 6.85648619E-04
 4.96218235E-04
 2.36938409E-04
 4.15423830E-04
 7.76412664E-04
 1.95106976E-03
 1.63057310E-03
 1.25109566E-03
 2.79046803E-04
 1.54342398E-04
 3.16454311E-04
 5.73022213E-04
 1.07224299E-03
 2.79222837E-03
 2.16963340E-03
 1.79336075E-03
 2.26478927E-03
 1.12294206E-02
 8.67938979E-04
 1.30296695E-03
 2.06204510E-03
 4.54406782E-03
 3.66926695E-03
 2.72206960E-03
 1.24581898E-02
 5.36408425E-04
 9.93692180E-04
 1.82257615E-03
 4.85888125E-03
 3.48360385E-03
 2.58730738E-02
 1.46853711E-05
 9.77987803E-05
 3.39748816E-04
 2.65420327E-03
 2.73303087E-02
 3.49785422E-04
 6.65272204E-04
 5.59173524E-04
 1.39020272E-02
 1.64386585E-04
 1.18125026E-04
 1.29997899E-02
 7.29009192E-04
 1.85392520E-02
 5.81576902E-05
 1.33277458E-04
 3.17430528E-04
 9.36760889E-04
 7.17626161E-04
 7.65164828E-04
 6.80249524E-04
 4.92140696E-04
 2.36133704E-04
 4.13647693E-04
 7.71875807E-04
 1.93793888E-03
 1.61918574E-03
 1.24094516E-03
 2.76533627E-04
 1.52864609E-04
 3.15212777E-04
 5.70190465E-04
 1.06519662E-03
 2.77137320E-03
 2.15256814E-03
 1.77671706E-03
 1.50326962E-03
 1.27792013E-02
 8.64066288E-04
 1.29608543E-03
 2.04817441E-03
 4.50813828E-03
 3.63822717E-03
 2.69508156E-03
 1.28808995E-02
 5.33999158E-04
 9.87998965E-04
 1.80872955E-03
 4.81683518E-03
 3.45117503E-03
 2.11119597E-02
 1.44520730E-05
 9.64900101E-05
 3.34456268E-04
 2.62822689E-03
 2.22869818E-02
 3.47901323E-04
 6.62814262E-04
 3.05598670E-04
 1.43459842E-02
 1.63623030E-04
 1.18986305E-04
 1.47620541E-02
 7.25994272E-04
 1.91009179E-02
 5.84678418E-05
 1.33321427E-04
 3.16204628E-04
 9.31575532E-04
 7.13559184E-04
 7.59658226E-04
 6.75226823E-04
 4.88360381E-04
 2.35607044E-04
 4.12170337E-04
 7.67679609E-04
 1.92524844E-03
 1.60821936E-03
 1.23118927E-03
 2.74245989E-04
 1.51441784E-04
 3.14241794E-04
 5.67652188E-04
 1.05849855E-03
 2.75102487E-03
 2.13594606E-03
 1.76047165E-03
 1.64660459E-03
 1.92239171E-02
 8.60470479E-04
 1.28951394E-03
 2.03469899E-03
 4.47286920E-03
 3.60774941E-03
 2.66852001E-03
 1.45549924E-02
 5.31835590E-04
 9.82580020E-04
 1.79524971E-03
 4.77549351E-03
 3.41924633E-03
 2.62024598E-02
 1.40169011E-05
 9.53876056E-05
 3.29399701E-04
 2.60269194E-03
 2.76459853E-02
 3.45852636E-04
 6.60213320E-04
 1.26132837E-04
 1.61993813E-02
 1.62709124E-04
 1.19701186E-04
 2.21482836E-02
 7.22861615E-04
 1.98502966E-02
