 4.86871086E-05
 1.64891334E-04
 2.02700710E-04
 5.38136141E-04
 3.15665472E-04
 3.95776675E-05
 5.45949743E-07
 3.41426196E-05
 1.08063285E-04
 2.60135724E-04
 3.26922794E-04
 7.28134870E-04
 5.35518270E-04
 1.59034274E-04
 2.79099339E-06
 3.63066184E-05
 1.97909942E-04
 4.21124785E-04
 5.85050329E-04
 1.22359937E-03
 1.15583163E-03
 7.70737194E-04
 4.76278624E-04
 1.78615933E-02
 5.56007603E-04
 1.00464251E-03
 1.52272897E-03
 2.93574234E-03
 3.34918302E-03
 2.27176112E-03
 1.65275936E-02
 3.98839357E-04
 8.20588143E-04
 1.31667911E-03
 2.92315343E-03
 2.91177766E-03
 1.92515111E-02
 6.58687075E-04
 1.37744383E-03
 1.78239662E-03
 2.29401445E-03
 1.94362674E-02
 1.12273081E-03
 2.30335135E-03
 2.28552261E-03
 1.68618392E-02
 5.10008373E-04
 1.49273230E-03
 1.83971592E-02
 4.12943767E-04
 2.02251430E-02
 4.91711173E-05
 1.64173655E-04
 2.01111869E-04
 5.31418442E-04
 3.12188278E-04
 3.90005345E-05
 3.51790915E-07
 3.55865547E-05
 1.08332323E-04
 2.58909935E-04
 3.24568175E-04
 7.19799926E-04
 5.30577163E-04
 1.58543617E-04
 8.83881946E-07
 3.83959551E-05
 1.98082628E-04
 4.19408110E-04
 5.81676989E-04
 1.21254437E-03
 1.14797620E-03
 7.67746110E-04
 4.76043514E-04
 1.70632299E-02
 5.55479719E-04
 1.00117429E-03
 1.51584061E-03
 2.91664911E-03
 3.33144202E-03
 2.26253879E-03
 1.63192682E-02
 3.98719414E-04
 8.17496148E-04
 1.31006510E-03
 2.90263439E-03
 2.89536632E-03
 1.87907255E-02
 6.59605812E-04
 1.37486632E-03
 1.77760374E-03
 2.28044823E-03
 1.89751839E-02
 1.12458144E-03
 2.30076840E-03
 2.28373561E-03
 1.66517883E-02
 5.10970116E-04
 1.48889476E-03
 1.75751676E-02
 4.16016557E-04
 1.94601293E-02
 4.91324906E-05
 1.62892741E-04
 1.98909502E-04
 5.24089633E-04
 3.07954328E-04
 3.75184700E-05
 1.20628539E-06
 3.58080059E-05
 1.08056019E-04
 2.57095858E-04
 3.21571561E-04
 7.10831624E-04
 5.24838548E-04
 1.57063121E-04
 1.59204358E-07
 3.91426842E-05
 1.97683507E-04
 4.17073875E-04
 5.77629755E-04
 1.20083664E-03
 1.13928401E-03
 7.63698197E-04
 4.74535921E-04
 2.10472978E-02
 5.54354938E-04
 9.97065071E-04
 1.50826244E-03
 2.89692586E-03
 3.31287724E-03
 2.25220695E-03
 1.73119745E-02
 3.97973396E-04
 8.13726882E-04
 1.30271675E-03
 2.88144981E-03
 2.87803630E-03
 2.10495183E-02
 6.59852177E-04
 1.37155427E-03
 1.77198271E-03
 2.26603797E-03
 2.12584771E-02
 1.12571342E-03
 2.29739475E-03
 2.28100547E-03
 1.76662128E-02
 5.11221074E-04
 1.48427825E-03
 2.16757511E-02
 4.18351716E-04
 1.88856597E-02
 5.18814350E-05
 1.64727661E-04
 2.00209177E-04
 5.20836143E-04
 3.08211853E-04
 4.10576715E-05
 3.61787751E-06
 4.23866105E-05
 1.10700860E-04
 2.58572051E-04
 3.22302892E-04
 7.06248934E-04
 5.23959554E-04
 1.60998278E-04
 6.65754496E-06
 4.67509138E-05
 2.00341266E-04
 4.18211726E-04
 5.77554302E-04
 1.19386825E-03
 1.13587972E-03
 7.65573870E-04
 4.79719646E-04
 1.78515508E-02
 5.56433688E-04
 9.96636467E-04
 1.50495766E-03
 2.88242300E-03
 3.30020687E-03
 2.24845326E-03
 1.64980911E-02
 4.00570142E-04
 8.13828458E-04
 1.29990574E-03
 2.86589268E-03
 2.86707289E-03
 1.92238336E-02
 6.63548623E-04
 1.37227357E-03
 1.77109659E-03
 2.25744523E-03
 1.94200398E-02
 1.13038675E-03
 2.29820258E-03
 2.28316333E-03
 1.68396828E-02
 5.15151389E-04
 1.48404775E-03
 1.83878643E-02
 4.24357010E-04
 1.88811423E-02
 4.95732271E-05
 1.60963984E-04
 1.95268236E-04
 5.10567951E-04
 3.00555694E-04
 3.56263062E-05
 1.74453302E-06
 3.74693692E-05
 1.08053789E-04
 2.54154105E-04
 3.16420591E-04
 6.94178737E-04
 5.14574282E-04
 1.55235381E-04
 2.42528719E-06
 4.19115669E-05
 1.97460785E-04
 4.13140226E-04
 5.70460094E-04
 1.17888744E-03
 1.12329897E-03
 7.56911912E-04
 4.72841188E-04
 1.46604390E-02
 5.52716191E-04
 9.89660471E-04
 1.49418736E-03
 2.85930691E-03
 3.27756859E-03
 2.23315726E-03
 1.56950842E-02
 3.97113243E-04
 8.07039788E-04
 1.28916765E-03
 2.84108806E-03
 2.84528439E-03
 1.74057282E-02
 6.60937806E-04
 1.36575163E-03
 1.76179858E-03
 2.23893701E-03
 1.75883918E-02
 1.12852081E-03
 2.29143433E-03
 2.27643537E-03
 1.60215266E-02
 5.12371184E-04
 1.47598790E-03
 1.51015055E-02
 4.23600101E-04
 1.88831001E-02
 4.91142519E-05
 1.59269363E-04
 1.92653425E-04
 5.03025810E-04
 2.95878353E-04
 3.35029588E-05
 3.38098824E-06
 3.67016209E-05
 1.07343943E-04
 2.51921002E-04
 3.13014888E-04
 6.85044625E-04
 5.08412970E-04
 1.53032181E-04
 2.17095528E-06
 4.15383554E-05
 1.96606060E-04
 4.10373419E-04
 5.66004553E-04
 1.16708367E-03
 1.11422952E-03
 7.52144288E-04
 4.70331426E-04
 1.46264030E-02
 5.51121032E-04
 9.85129287E-04
 1.48626233E-03
 2.83970843E-03
 3.25886661E-03
 2.22219587E-03
 1.56806152E-02
 3.95868913E-04
 8.02819744E-04
 1.28144742E-03
 2.82007451E-03
 2.82773503E-03
 1.73800599E-02
 6.60603243E-04
 1.36189645E-03
 1.75563319E-03
 2.22430798E-03
 1.75683561E-02
 1.12898375E-03
 2.28742434E-03
 2.27291914E-03
 1.60094619E-02
 5.12019088E-04
 1.47083297E-03
 1.50695036E-02
 4.25258783E-04
 1.88827032E-02
 5.05606897E-05
 1.59709022E-04
 1.92441254E-04
 4.98300793E-04
 2.94288371E-04
 3.48181023E-05
 1.13401678E-06
 4.02718076E-05
 1.08631326E-04
 2.51943033E-04
 3.12169045E-04
 6.78946787E-04
 5.05596239E-04
 1.54534811E-04
 6.07167403E-06
 4.58428185E-05
 1.97841147E-04
 4.09987071E-04
 5.64278390E-04
 1.15856745E-03
 1.10880594E-03
 7.51435654E-04
 4.72391191E-04
 1.77619802E-02
 5.51716540E-04
 9.83124603E-04
 1.48128161E-03
 2.82375012E-03
 3.24425231E-03
 2.21575624E-03
 1.64576512E-02
 3.96909748E-04
 8.01256036E-04
 1.27685271E-03
 2.80298730E-03
 2.81459432E-03
 1.91537323E-02
 6.62621602E-04
 1.36080171E-03
 1.75271681E-03
 2.21370617E-03
 1.93667037E-02
 1.13185579E-03
 2.28627178E-03
 2.27273915E-03
 1.68062847E-02
 5.14177781E-04
 1.46868602E-03
 1.83028570E-02
 4.29415618E-04
 1.88798746E-02
 4.70916647E-05
 1.54714235E-04
 1.86180616E-04
 4.86789022E-04
 2.85056273E-04
 2.74889036E-05
 8.68021549E-06
 3.28168471E-05
 1.04777987E-04
 2.46247622E-04
 3.04918397E-04
 6.65611798E-04
 4.94574521E-04
 1.46704311E-04
 6.34476848E-07
 3.82274533E-05
 1.93699215E-04
 4.03581560E-04
 5.55760600E-04
 1.14231435E-03
 1.09454123E-03
 7.40599562E-04
 4.62888698E-04
 2.09186417E-02
 5.46687516E-04
 9.74777200E-04
 1.46908274E-03
 2.79948304E-03
 3.22004574E-03
 2.19823856E-03
 1.72492623E-02
 3.92079053E-04
 7.93021352E-04
 1.26459908E-03
 2.77698745E-03
 2.79104748E-03
 2.09439541E-02
 6.58524660E-04
 1.35269936E-03
 1.74167762E-03
 2.19355420E-03
 2.11806619E-02
 1.12838886E-03
 2.27778948E-03
 2.26398129E-03
 1.76150340E-02
 5.09831450E-04
 1.45896417E-03
 2.15522616E-02
 4.27014472E-04
 1.88833318E-02
 4.63064702E-05
 1.52712589E-04
 1.83275373E-04
 4.79165352E-04
 2.80104003E-04
 2.49330024E-05
 1.08434802E-05
 3.13724848E-05
 1.03734774E-04
 2.43709587E-04
 3.01234769E-04
 6.56453239E-04
 4.88174519E-04
 1.44014038E-04
 1.57225693E-06
 3.70881515E-05
 1.92495836E-04
 4.00504680E-04
 5.51038251E-04
 1.13056623E-03
 1.08529598E-03
 7.35374400E-04
 4.59708072E-04
 2.40772269E-02
 5.44735793E-04
 9.69954700E-04
 1.46096141E-03
 2.78016703E-03
 3.20142095E-03
 2.18693842E-03
 1.80364355E-02
 3.90457378E-04
 7.88490725E-04
 1.25667012E-03
 2.75631650E-03
 2.77352141E-03
 1.87045603E-02
 6.57739485E-04
 1.34845408E-03
 1.73515214E-03
 2.17891665E-03
 1.89179496E-02
 1.12832181E-03
 2.27330832E-03
 2.25988715E-03
 1.66031980E-02
 5.09015295E-04
 1.45343581E-03
 1.74966174E-02
 4.28137440E-04
 1.94545305E-02
 4.50775909E-05
 1.50237373E-04
 1.79859384E-04
 4.71042667E-04
 2.74537218E-04
 2.16478838E-05
 1.38408618E-05
 2.89679192E-05
 1.02230260E-04
 2.40679212E-04
 2.97019749E-04
 6.46781852E-04
 4.81132616E-04
 1.40532111E-04
 3.44466056E-06
 3.49028930E-05
 1.90810362E-04
 3.96913278E-04
 5.45761418E-04
 1.11829507E-03
 1.07538459E-03
 7.29313129E-04
 4.55532959E-04
 1.89597706E-02
 5.42282643E-04
 9.64601194E-04
 1.45227760E-03
 2.76035676E-03
 3.18215496E-03
 2.17477404E-03
 1.67491649E-02
 3.88311070E-04
 7.83400816E-04
 1.24814478E-03
 2.73512789E-03
 2.75528289E-03
 1.91496566E-02
 6.56390984E-04
 1.34360272E-03
 1.72795362E-03
 2.16361386E-03
 1.93710651E-02
 1.12765223E-03
 2.26817476E-03
 2.25502405E-03
 1.68028721E-02
 5.07604655E-04
 1.44726704E-03
 1.83103477E-02
 4.28640313E-04
 2.02179388E-02
