 1.41475540E-05
 1.67398325E-04
 2.27108895E-04
 4.58945416E-04
 3.85302390E-04
 1.05859041E-03
 1.02148332E-03
 3.26556871E-04
 8.95240551E-05
 5.43739630E-04
 8.87941129E-04
 2.08124268E-05
 1.65144025E-04
 6.84267806E-04
 1.74362654E-04
 2.78788952E-05
 2.62991516E-04
 8.39074960E-04
 1.55608921E-03
 5.21224093E-06
 4.16807655E-04
 4.07730427E-04
 1.04839400E-04
 0.00000000E+00
 8.85879877E-04
 2.30153730E-04
 2.52377746E-04
 5.02029104E-05
 2.69274554E-04
 2.66773328E-02
 0.00000000E+00
 4.64236893E-04
 7.02120801E-05
 1.28258975E-04
 3.24289116E-05
 9.36138927E-05
 0.00000000E+00
 8.54918002E-04
 8.14387830E-04
 8.38339156E-04
 2.78986259E-02
 0.00000000E+00
 7.71359120E-04
 2.18865794E-04
 2.20694653E-04
 0.00000000E+00
 3.49637990E-04
 8.01324380E-05
 0.00000000E+00
 6.91565234E-05
 0.00000000E+00
 1.37510252E-05
 1.65794107E-04
 2.25874216E-04
 4.59881805E-04
 3.83705771E-04
 1.04654691E-03
 1.00962714E-03
 3.22408941E-04
 8.95772426E-05
 5.31995098E-04
 8.68671737E-04
 2.18089287E-05
 1.63969162E-04
 6.74125755E-04
 1.72169451E-04
 2.70316934E-05
 2.61060003E-04
 8.20296381E-04
 1.52121383E-03
 9.04204076E-06
 4.15071933E-04
 4.00259263E-04
 1.04721243E-04
 0.00000000E+00
 8.76394155E-04
 2.27589954E-04
 2.46669524E-04
 5.13179542E-05
 2.68182760E-04
 8.36640660E-05
 0.00000000E+00
 4.60399205E-04
 6.97248422E-05
 1.25896892E-04
 3.11690470E-05
 9.33687474E-05
 0.00000000E+00
 8.52068555E-04
 8.12002221E-04
 8.35450279E-04
 3.66334632E-04
 0.00000000E+00
 7.69138535E-04
 2.18355819E-04
 2.20302799E-04
 0.00000000E+00
 3.48848023E-04
 8.02467105E-05
 0.00000000E+00
 6.94168442E-05
 0.00000000E+00
 1.34835746E-05
 1.64324808E-04
 2.24750790E-04
 4.60853070E-04
 3.82139489E-04
 1.03461625E-03
 9.97727607E-04
 3.17825787E-04
 8.95038322E-05
 5.20537391E-04
 8.49782965E-04
 2.28410254E-05
 1.62821134E-04
 6.64019437E-04
 1.69660287E-04
 2.69387036E-05
 2.59027854E-04
 8.01909187E-04
 1.48694925E-03
 1.27680878E-05
 4.13396602E-04
 3.92720089E-04
 1.05084281E-04
 0.00000000E+00
 8.66907096E-04
 2.24948787E-04
 2.41132384E-04
 5.23821253E-05
 2.67171003E-04
 8.15051509E-05
 0.00000000E+00
 4.56474655E-04
 6.91230127E-05
 1.23663873E-04
 2.99671369E-05
 9.31923590E-05
 0.00000000E+00
 8.49086978E-04
 8.09485742E-04
 8.32457640E-04
 3.64785787E-04
 0.00000000E+00
 7.66755518E-04
 2.17671804E-04
 2.19736015E-04
 0.00000000E+00
 3.47851762E-04
 8.01269972E-05
 0.00000000E+00
 6.94173542E-05
 0.00000000E+00
 1.25421051E-05
 1.62244269E-04
 2.23084016E-04
 4.61352632E-04
 3.80452694E-04
 1.02333174E-03
 9.87296069E-04
 3.15933341E-04
 9.01035340E-05
 5.08753119E-04
 8.30871152E-04
 2.35243197E-05
 1.61652502E-04
 6.54881029E-04
 1.69008965E-04
 2.31189989E-05
 2.57717436E-04
 7.83387901E-04
 1.45310241E-03
 1.66158219E-05
 4.11523785E-04
 3.86440075E-04
 1.02961952E-04
 0.00000000E+00
 8.58334949E-04
 2.22993111E-04
 2.35270317E-04
 5.35977454E-05
 2.65834181E-04
 8.07028920E-05
 0.00000000E+00
 4.53370662E-04
 6.92018434E-05
 1.20971740E-04
 2.85681731E-05
 9.27113611E-05
 0.00000000E+00
 8.46950631E-04
 8.07760151E-04
 8.30159549E-04
 3.63702514E-04
 0.00000000E+00
 7.65335056E-04
 2.17952331E-04
 2.20124097E-04
 0.00000000E+00
 3.47994387E-04
 8.12564181E-05
 0.00000000E+00
 7.07944603E-05
 0.00000000E+00
 1.28354134E-05
 1.61326423E-04
 2.22433018E-04
 4.62595297E-04
 3.79021962E-04
 1.01145329E-03
 9.74804476E-04
 3.09444171E-04
 8.94753358E-05
 4.98093665E-04
 8.12886836E-04
 2.47856110E-05
 1.60549533E-04
 6.44538393E-04
 1.65154181E-04
 2.60069067E-05
 2.55172451E-04
 7.65970368E-04
 1.42011319E-03
 2.00366903E-05
 4.10031335E-04
 3.78328847E-04
 1.05257667E-04
 0.00000000E+00
 8.48493367E-04
 2.19904955E-04
 2.30266245E-04
 5.44654768E-05
 2.65091889E-04
 7.75950006E-05
 0.00000000E+00
 4.48927969E-04
 6.80680528E-05
 1.19225211E-04
 2.75982525E-05
 9.27657910E-05
 0.00000000E+00
 8.43336712E-04
 8.04633069E-04
 8.26651654E-04
 3.61806368E-04
 0.00000000E+00
 7.62205644E-04
 2.16493091E-04
 2.18781274E-04
 0.00000000E+00
 3.46084265E-04
 8.01174153E-05
 0.00000000E+00
 6.96682295E-05
 0.00000000E+00
 1.26788425E-05
 1.60004315E-04
 2.21419423E-04
 4.63506691E-04
 3.77503290E-04
 1.00003953E-03
 9.63306815E-04
 3.04692547E-04
 8.92971414E-05
 4.87266978E-04
 7.94970953E-04
 2.58007114E-05
 1.59451911E-04
 6.34862405E-04
 1.62491903E-04
 2.65268858E-05
 2.53118206E-04
 7.48546203E-04
 1.38755789E-03
 2.35290330E-05
 4.08430975E-04
 3.71057640E-04
 1.05973019E-04
 0.00000000E+00
 8.39303061E-04
 2.17288275E-04
 2.25065842E-04
 5.54397998E-05
 2.64159581E-04
 7.53532064E-05
 0.00000000E+00
 4.45049398E-04
 6.73935866E-05
 1.17177063E-04
 2.64902260E-05
 9.26442120E-05
 0.00000000E+00
 8.40293931E-04
 8.02039893E-04
 8.23618174E-04
 3.60236167E-04
 0.00000000E+00
 7.59722712E-04
 2.15679053E-04
 2.18077903E-04
 0.00000000E+00
 3.44934022E-04
 7.98091873E-05
 0.00000000E+00
 6.94564205E-05
 0.00000000E+00
 1.20624777E-05
 1.58269156E-04
 2.20036812E-04
 4.64084995E-04
 3.75903617E-04
 9.89113487E-04
 9.52855370E-04
 3.01784270E-04
 8.95787035E-05
 4.76265073E-04
 7.77118867E-04
 2.65709190E-05
 1.58346412E-04
 6.25888589E-04
 1.61099109E-04
 2.45252669E-05
 2.51564454E-04
 7.31108024E-04
 1.35543351E-03
 2.70883351E-05
 4.06702721E-04
 3.64675958E-04
 1.05002584E-04
 0.00000000E+00
 8.30774183E-04
 2.15150818E-04
 2.19666344E-04
 5.65138854E-05
 2.63011555E-04
 7.40397020E-05
 0.00000000E+00
 4.41745775E-04
 6.71869441E-05
 1.14823876E-04
 2.52509564E-05
 9.23193035E-05
 0.00000000E+00
 8.37834736E-04
 7.99991417E-04
 8.21065825E-04
 3.58989857E-04
 0.00000000E+00
 7.57901612E-04
 2.15525482E-04
 2.18027986E-04
 0.00000000E+00
 3.44563421E-04
 8.03542300E-05
 0.00000000E+00
 7.01845238E-05
 0.00000000E+00
 1.26533229E-05
 1.57672295E-04
 2.19652381E-04
 4.65402134E-04
 3.74581153E-04
 9.77661984E-04
 9.40500261E-04
 2.94600409E-04
 8.86594543E-05
 4.66365647E-04
 7.60181392E-04
 2.79238891E-05
 1.57266932E-04
 6.15816312E-04
 1.56734518E-04
 2.87599343E-05
 2.48803141E-04
 7.14752848E-04
 1.32415820E-03
 3.02067097E-05
 4.05295212E-04
 3.56610850E-04
 1.08131187E-04
 0.00000000E+00
 8.21003782E-04
 2.11902068E-04
 2.15117815E-04
 5.72191163E-05
 2.62381475E-04
 7.06064948E-05
 0.00000000E+00
 4.37133308E-04
 6.57909381E-05
 1.13407595E-04
 2.44619643E-05
 9.24484008E-05
 0.00000000E+00
 8.33932318E-04
 7.96571008E-04
 8.17321436E-04
 3.56922988E-04
 0.00000000E+00
 7.54413837E-04
 2.13674003E-04
 2.16285162E-04
 0.00000000E+00
 3.42194266E-04
 7.86923147E-05
 0.00000000E+00
 6.84786234E-05
 0.00000000E+00
 1.25894460E-05
 1.56479524E-04
 2.18736452E-04
 4.66258163E-04
 3.73122760E-04
 9.66777349E-04
 9.29470323E-04
 2.89867040E-04
 8.83942686E-05
 4.56129708E-04
 7.43186583E-04
 2.89281431E-05
 1.56193331E-04
 6.06605935E-04
 1.54056314E-04
 2.95978591E-05
 2.46740703E-04
 6.98236223E-04
 1.29322687E-03
 3.34670936E-05
 4.03731623E-04
 3.49674027E-04
 1.09002704E-04
 0.00000000E+00
 8.12109722E-04
 2.09318044E-04
 2.10236151E-04
 5.80942263E-05
 2.61480110E-04
 6.83906914E-05
 0.00000000E+00
 4.33312986E-04
 6.50576677E-05
 1.11532840E-04
 2.34575293E-05
 9.23307246E-05
 0.00000000E+00
 8.30849009E-04
 7.93919921E-04
 8.14257718E-04
 3.55325565E-04
 0.00000000E+00
 7.51857525E-04
 2.12756766E-04
 2.15470099E-04
 0.00000000E+00
 3.40924883E-04
 7.82355653E-05
 0.00000000E+00
 6.80997960E-05
 0.00000000E+00
 1.26393020E-05
 1.55406759E-04
 2.17921570E-04
 4.67152288E-04
 3.71705596E-04
 9.56018899E-04
 9.18456305E-04
 2.84859388E-04
 8.80175037E-05
 4.46148781E-04
 7.26532366E-04
 2.99729839E-05
 1.55124178E-04
 5.97464327E-04
 1.51180070E-04
 3.09376737E-05
 2.44589691E-04
 6.82067711E-04
 1.26284110E-03
 3.66241825E-05
 4.02195894E-04
 3.42728368E-04
 1.10187461E-04
 0.00000000E+00
 8.03215497E-04
 2.06663998E-04
 2.05511555E-04
 5.89100798E-05
 2.60617422E-04
 2.67351256E-02
 0.00000000E+00
 4.29416777E-04
 6.42215891E-05
 1.09777996E-04
 2.25197197E-05
 9.22383223E-05
 0.00000000E+00
 8.27651181E-04
 7.91153859E-04
 8.11099235E-04
 2.78477853E-02
 0.00000000E+00
 7.49161277E-04
 2.11688171E-04
 2.14501095E-04
 0.00000000E+00
 3.39478666E-04
 7.75785999E-05
 0.00000000E+00
 6.74993842E-05
 0.00000000E+00
