 3.05311332E-16
 0.00000000E+00
 2.03540888E-16
 0.00000000E+00
 0.00000000E+00
 0.00000000E+00
 1.74463618E-16
 3.05311332E-16
 6.10622664E-16
 1.52655666E-16
 0.00000000E+00
 1.52655666E-16
 2.44249065E-16
 2.03540888E-16
 1.74463618E-16
 0.00000000E+00
 4.57966998E-16
 1.52655666E-16
 0.00000000E+00
 1.52655666E-16
 0.00000000E+00
 0.00000000E+00
 1.74463618E-16
 1.47210744E-02
 1.52655666E-16
 1.52655666E-16
 0.00000000E+00
 1.52655666E-16
 0.00000000E+00
 0.00000000E+00
 1.80047226E-02
 3.05311332E-16
 0.00000000E+00
 0.00000000E+00
 0.00000000E+00
 1.22124533E-16
 1.98002755E-02
 3.05311332E-16
 0.00000000E+00
 2.03540888E-16
 1.52655666E-16
 1.18801653E-02
 1.52655666E-16
 1.52655666E-16
 0.00000000E+00
 1.57541322E-02
 4.57966998E-16
 1.52655666E-16
 1.96280992E-02
 0.00000000E+00
 2.73760331E-02
 1.52655666E-16
 0.00000000E+00
 0.00000000E+00
 0.00000000E+00
 1.22124533E-16
 0.00000000E+00
 1.74463618E-16
 0.00000000E+00
 1.52655666E-16
 0.00000000E+00
 0.00000000E+00
 0.00000000E+00
 1.22124533E-16
 0.00000000E+00
 1.74463618E-16
 4.57966998E-16
 3.05311332E-16
 0.00000000E+00
 0.00000000E+00
 0.00000000E+00
 0.00000000E+00
 0.00000000E+00
 0.00000000E+00
 1.23966942E-02
 3.05311332E-16
 0.00000000E+00
 0.00000000E+00
 0.00000000E+00
 0.00000000E+00
 0.00000000E+00
 1.32821724E-02
 1.52655666E-16
 0.00000000E+00
 0.00000000E+00
 0.00000000E+00
 1.22124533E-16
 1.11914601E-02
 3.05311332E-16
 0.00000000E+00
 0.00000000E+00
 0.00000000E+00
 6.71487603E-03
 3.05311332E-16
 0.00000000E+00
 0.00000000E+00
 1.16219008E-02
 1.52655666E-16
 0.00000000E+00
 1.65289256E-02
 1.52655666E-16
 2.63429752E-02
 3.05311332E-16
 0.00000000E+00
 0.00000000E+00
 0.00000000E+00
 1.22124533E-16
 2.03540888E-16
 0.00000000E+00
 1.52655666E-16
 3.05311332E-16
 0.00000000E+00
 0.00000000E+00
 0.00000000E+00
 1.22124533E-16
 0.00000000E+00
 1.74463618E-16
 1.52655666E-16
 3.05311332E-16
 0.00000000E+00
 0.00000000E+00
 0.00000000E+00
 1.22124533E-16
 0.00000000E+00
 0.00000000E+00
 1.06534091E-02
 3.05311332E-16
 0.00000000E+00
 0.00000000E+00
 0.00000000E+00
 0.00000000E+00
 0.00000000E+00
 9.74025974E-03
 3.05311332E-16
 0.00000000E+00
 0.00000000E+00
 0.00000000E+00
 1.22124533E-16
 4.73484848E-03
 3.05311332E-16
 0.00000000E+00
 0.00000000E+00
 0.00000000E+00
 2.84090909E-03
 3.05311332E-16
 0.00000000E+00
 0.00000000E+00
 8.52272727E-03
 3.05311332E-16
 0.00000000E+00
 1.42045455E-02
 1.52655666E-16
 2.55681818E-02
 3.05311332E-16
 0.00000000E+00
 2.03540888E-16
 0.00000000E+00
 0.00000000E+00
 0.00000000E+00
 1.74463618E-16
 1.52655666E-16
 3.05311332E-16
 0.00000000E+00
 0.00000000E+00
 0.00000000E+00
 1.22124533E-16
 0.00000000E+00
 1.74463618E-16
 1.52655666E-16
 3.05311332E-16
 0.00000000E+00
 0.00000000E+00
 0.00000000E+00
 1.22124533E-16
 0.00000000E+00
 1.74463618E-16
 1.06534091E-02
 3.05311332E-16
 0.00000000E+00
 0.00000000E+00
 0.00000000E+00
 1.22124533E-16
 0.00000000E+00
 9.74025974E-03
 3.05311332E-16
 0.00000000E+00
 0.00000000E+00
 0.00000000E+00
 0.00000000E+00
 4.73484848E-03
 3.05311332E-16
 0.00000000E+00
 2.03540888E-16
 0.00000000E+00
 2.84090909E-03
 1.52655666E-16
 0.00000000E+00
 0.00000000E+00
 8.52272727E-03
 1.52655666E-16
 0.00000000E+00
 1.42045455E-02
 1.52655666E-16
 2.55681818E-02
 4.57966998E-16
 0.00000000E+00
 2.03540888E-16
 0.00000000E+00
 1.22124533E-16
 0.00000000E+00
 1.74463618E-16
 0.00000000E+00
 3.05311332E-16
 0.00000000E+00
 0.00000000E+00
 0.00000000E+00
 1.22124533E-16
 0.00000000E+00
 0.00000000E+00
 1.52655666E-16
 3.05311332E-16
 0.00000000E+00
 0.00000000E+00
 0.00000000E+00
 0.00000000E+00
 0.00000000E+00
 0.00000000E+00
 1.06534091E-02
 3.05311332E-16
 0.00000000E+00
 0.00000000E+00
 0.00000000E+00
 0.00000000E+00
 0.00000000E+00
 9.74025974E-03
 1.52655666E-16
 0.00000000E+00
 0.00000000E+00
 0.00000000E+00
 1.22124533E-16
 4.73484848E-03
 3.05311332E-16
 0.00000000E+00
 2.03540888E-16
 0.00000000E+00
 2.84090909E-03
 3.05311332E-16
 0.00000000E+00
 0.00000000E+00
 8.52272727E-03
 3.05311332E-16
 0.00000000E+00
 1.42045455E-02
 1.52655666E-16
 2.55681818E-02
 3.05311332E-16
 0.00000000E+00
 2.03540888E-16
 0.00000000E+00
 1.22124533E-16
 0.00000000E+00
 1.74463618E-16
 1.52655666E-16
 3.05311332E-16
 0.00000000E+00
 0.00000000E+00
 0.00000000E+00
 0.00000000E+00
 0.00000000E+00
 1.74463618E-16
 3.05311332E-16
 3.05311332E-16
 0.00000000E+00
 0.00000000E+00
 0.00000000E+00
 0.00000000E+00
 0.00000000E+00
 1.74463618E-16
 1.06534091E-02
 3.05311332E-16
 0.00000000E+00
 0.00000000E+00
 0.00000000E+00
 0.00000000E+00
 0.00000000E+00
 9.74025974E-03
 1.52655666E-16
 0.00000000E+00
 0.00000000E+00
 0.00000000E+00
 1.22124533E-16
 4.73484848E-03
 3.05311332E-16
 0.00000000E+00
 0.00000000E+00
 0.00000000E+00
 2.84090909E-03
 3.05311332E-16
 0.00000000E+00
 0.00000000E+00
 8.52272727E-03
 3.05311332E-16
 0.00000000E+00
 1.42045455E-02
 1.52655666E-16
 2.55681818E-02
 3.05311332E-16
 0.00000000E+00
 0.00000000E+00
 0.00000000E+00
 0.00000000E+00
 0.00000000E+00
 0.00000000E+00
 1.52655666E-16
 3.05311332E-16
 0.00000000E+00
 0.00000000E+00
 0.00000000E+00
 1.22124533E-16
 0.00000000E+00
 0.00000000E+00
 0.00000000E+00
 3.05311332E-16
 0.00000000E+00
 0.00000000E+00
 0.00000000E+00
 1.22124533E-16
 2.03540888E-16
 0.00000000E+00
 1.06534091E-02
 3.05311332E-16
 0.00000000E+00
 0.00000000E+00
 0.00000000E+00
 1.22124533E-16
 0.00000000E+00
 9.74025974E-03
 3.05311332E-16
 0.00000000E+00
 0.00000000E+00
 0.00000000E+00
 0.00000000E+00
 4.73484848E-03
 3.05311332E-16
 0.00000000E+00
 0.00000000E+00
 0.00000000E+00
 2.84090909E-03
 1.52655666E-16
 0.00000000E+00
 0.00000000E+00
 8.52272727E-03
 1.52655666E-16
 0.00000000E+00
 1.42045455E-02
 0.00000000E+00
 2.55681818E-02
 3.05311332E-16
 0.00000000E+00
 2.03540888E-16
 0.00000000E+00
 0.00000000E+00
 0.00000000E+00
 1.74463618E-16
 0.00000000E+00
 3.05311332E-16
 0.00000000E+00
 0.00000000E+00
 0.00000000E+00
 0.00000000E+00
 0.00000000E+00
 0.00000000E+00
 1.52655666E-16
 3.05311332E-16
 0.00000000E+00
 0.00000000E+00
 0.00000000E+00
 1.22124533E-16
 0.00000000E+00
 0.00000000E+00
 1.06534091E-02
 3.05311332E-16
 0.00000000E+00
 0.00000000E+00
 0.00000000E+00
 1.22124533E-16
 0.00000000E+00
 9.74025974E-03
 3.05311332E-16
 0.00000000E+00
 0.00000000E+00
 0.00000000E+00
 1.22124533E-16
 4.73484848E-03
 3.05311332E-16
 0.00000000E+00
 0.00000000E+00
 0.00000000E+00
 2.84090909E-03
 1.52655666E-16
 0.00000000E+00
 0.00000000E+00
 8.52272727E-03
 1.52655666E-16
 0.00000000E+00
 1.42045455E-02
 0.00000000E+00
 2.55681818E-02
 1.52655666E-16
 0.00000000E+00
 2.03540888E-16
 0.00000000E+00
 0.00000000E+00
 0.00000000E+00
 3.48927236E-16
 4.57966998E-16
 1.52655666E-16
 0.00000000E+00
 0.00000000E+00
 0.00000000E+00
 1.22124533E-16
 0.00000000E+00
 0.00000000E+00
 1.52655666E-16
 3.05311332E-16
 0.00000000E+00
 0.00000000E+00
 0.00000000E+00
 1.22124533E-16
 0.00000000E+00
 1.74463618E-16
 1.23966942E-02
 3.05311332E-16
 0.00000000E+00
 0.00000000E+00
 0.00000000E+00
 1.22124533E-16
 0.00000000E+00
 1.32821724E-02
 1.52655666E-16
 0.00000000E+00
 0.00000000E+00
 0.00000000E+00
 1.22124533E-16
 1.11914601E-02
 3.05311332E-16
 0.00000000E+00
 0.00000000E+00
 0.00000000E+00
 6.71487603E-03
 3.05311332E-16
 0.00000000E+00
 0.00000000E+00
 1.16219008E-02
 1.52655666E-16
 0.00000000E+00
 1.65289256E-02
 0.00000000E+00
 2.63429752E-02
 3.05311332E-16
 1.52655666E-16
 0.00000000E+00
 1.52655666E-16
 0.00000000E+00
 0.00000000E+00
 0.00000000E+00
 3.05311332E-16
 3.05311332E-16
 1.52655666E-16
 2.03540888E-16
 1.52655666E-16
 1.22124533E-16
 2.03540888E-16
 0.00000000E+00
 3.05311332E-16
 3.05311332E-16
 0.00000000E+00
 0.00000000E+00
 0.00000000E+00
 0.00000000E+00
 2.03540888E-16
 5.23390854E-16
 1.47210744E-02
 3.05311332E-16
 1.52655666E-16
 2.03540888E-16
 1.52655666E-16
 1.22124533E-16
 2.03540888E-16
 1.80047226E-02
 3.05311332E-16
 1.52655666E-16
 0.00000000E+00
 1.52655666E-16
 2.44249065E-16
 1.98002755E-02
 3.05311332E-16
 1.52655666E-16
 2.03540888E-16
 1.52655666E-16
 1.18801653E-02
 1.52655666E-16
 1.52655666E-16
 2.03540888E-16
 1.57541322E-02
 3.05311332E-16
 0.00000000E+00
 1.96280992E-02
 0.00000000E+00
 2.73760331E-02
