 2.71387850E-16
 0.00000000E+00
 3.48927236E-16
 0.00000000E+00
 0.00000000E+00
 1.52655666E-16
 0.00000000E+00
 3.05311332E-16
 1.52655666E-16
 1.74463618E-16
 0.00000000E+00
 0.00000000E+00
 3.05311332E-16
 6.10622664E-16
 4.57966998E-16
 1.06858966E-15
 3.48927236E-16
 2.03540888E-16
 0.00000000E+00
 1.52655666E-16
 2.03540888E-16
 1.52655666E-16
 0.00000000E+00
 0.00000000E+00
 2.03540888E-16
 0.00000000E+00
 1.52655666E-16
 0.00000000E+00
 1.52655666E-16
 1.52655666E-16
 0.00000000E+00
 4.88498131E-16
 3.05311332E-16
 2.03540888E-16
 1.52655666E-16
 7.63278329E-16
 0.00000000E+00
 1.52655666E-16
 2.03540888E-16
 0.00000000E+00
 1.52655666E-16
 0.00000000E+00
 2.03540888E-16
 1.52655666E-16
 1.52655666E-16
 0.00000000E+00
 1.52655666E-16
 0.00000000E+00
 0.00000000E+00
 0.00000000E+00
 0.00000000E+00
 4.07081776E-16
 0.00000000E+00
 1.74463618E-16
 2.03540888E-16
 1.22124533E-16
 0.00000000E+00
 0.00000000E+00
 3.05311332E-16
 1.52655666E-16
 0.00000000E+00
 2.03540888E-16
 1.22124533E-16
 3.05311332E-16
 2.03540888E-16
 3.05311332E-16
 9.15933995E-16
 1.74463618E-16
 0.00000000E+00
 0.00000000E+00
 0.00000000E+00
 0.00000000E+00
 0.00000000E+00
 0.00000000E+00
 0.00000000E+00
 0.00000000E+00
 0.00000000E+00
 0.00000000E+00
 0.00000000E+00
 0.00000000E+00
 0.00000000E+00
 0.00000000E+00
 2.44249065E-16
 0.00000000E+00
 2.03540888E-16
 1.52655666E-16
 4.57966998E-16
 0.00000000E+00
 1.52655666E-16
 0.00000000E+00
 0.00000000E+00
 0.00000000E+00
 0.00000000E+00
 2.03540888E-16
 0.00000000E+00
 3.05311332E-16
 0.00000000E+00
 0.00000000E+00
 0.00000000E+00
 0.00000000E+00
 0.00000000E+00
 0.00000000E+00
 0.00000000E+00
 1.52655666E-16
 0.00000000E+00
 2.03540888E-16
 0.00000000E+00
 0.00000000E+00
 0.00000000E+00
 1.52655666E-16
 0.00000000E+00
 1.74463618E-16
 0.00000000E+00
 2.44249065E-16
 1.52655666E-16
 2.03540888E-16
 3.05311332E-16
 6.10622664E-16
 0.00000000E+00
 0.00000000E+00
 1.22124533E-16
 0.00000000E+00
 0.00000000E+00
 0.00000000E+00
 0.00000000E+00
 0.00000000E+00
 2.03540888E-16
 0.00000000E+00
 1.52655666E-16
 0.00000000E+00
 0.00000000E+00
 0.00000000E+00
 0.00000000E+00
 3.66373598E-16
 3.05311332E-16
 2.03540888E-16
 3.05311332E-16
 6.10622664E-16
 0.00000000E+00
 1.52655666E-16
 0.00000000E+00
 1.52655666E-16
 1.52655666E-16
 0.00000000E+00
 2.03540888E-16
 1.52655666E-16
 0.00000000E+00
 0.00000000E+00
 1.52655666E-16
 1.52655666E-16
 0.00000000E+00
 1.52655666E-16
 0.00000000E+00
 2.71387850E-16
 1.52655666E-16
 3.48927236E-16
 2.03540888E-16
 0.00000000E+00
 0.00000000E+00
 0.00000000E+00
 1.52655666E-16
 1.52655666E-16
 1.74463618E-16
 2.03540888E-16
 1.22124533E-16
 1.52655666E-16
 4.07081776E-16
 1.52655666E-16
 7.63278329E-16
 1.74463618E-16
 2.03540888E-16
 0.00000000E+00
 0.00000000E+00
 0.00000000E+00
 0.00000000E+00
 0.00000000E+00
 0.00000000E+00
 0.00000000E+00
 0.00000000E+00
 0.00000000E+00
 0.00000000E+00
 0.00000000E+00
 0.00000000E+00
 0.00000000E+00
 1.22124533E-16
 0.00000000E+00
 2.03540888E-16
 1.52655666E-16
 4.57966998E-16
 0.00000000E+00
 3.05311332E-16
 0.00000000E+00
 0.00000000E+00
 1.52655666E-16
 0.00000000E+00
 0.00000000E+00
 1.52655666E-16
 0.00000000E+00
 0.00000000E+00
 0.00000000E+00
 0.00000000E+00
 0.00000000E+00
 3.05311332E-16
 0.00000000E+00
 0.00000000E+00
 3.05311332E-16
 0.00000000E+00
 0.00000000E+00
 1.22124533E-16
 0.00000000E+00
 0.00000000E+00
 3.05311332E-16
 1.52655666E-16
 3.48927236E-16
 0.00000000E+00
 1.22124533E-16
 1.52655666E-16
 4.07081776E-16
 3.05311332E-16
 6.10622664E-16
 1.74463618E-16
 2.03540888E-16
 1.22124533E-16
 0.00000000E+00
 0.00000000E+00
 0.00000000E+00
 0.00000000E+00
 0.00000000E+00
 0.00000000E+00
 0.00000000E+00
 0.00000000E+00
 0.00000000E+00
 0.00000000E+00
 0.00000000E+00
 0.00000000E+00
 1.22124533E-16
 1.52655666E-16
 2.03540888E-16
 3.05311332E-16
 6.10622664E-16
 0.00000000E+00
 1.52655666E-16
 0.00000000E+00
 1.52655666E-16
 0.00000000E+00
 0.00000000E+00
 0.00000000E+00
 0.00000000E+00
 3.05311332E-16
 0.00000000E+00
 1.52655666E-16
 0.00000000E+00
 0.00000000E+00
 1.52655666E-16
 0.00000000E+00
 0.00000000E+00
 0.00000000E+00
 0.00000000E+00
 0.00000000E+00
 1.22124533E-16
 0.00000000E+00
 2.03540888E-16
 1.52655666E-16
 1.52655666E-16
 3.48927236E-16
 0.00000000E+00
 1.22124533E-16
 1.52655666E-16
 2.03540888E-16
 0.00000000E+00
 6.10622664E-16
 1.74463618E-16
 2.03540888E-16
 0.00000000E+00
 0.00000000E+00
 0.00000000E+00
 0.00000000E+00
 0.00000000E+00
 0.00000000E+00
 2.03540888E-16
 1.22124533E-16
 0.00000000E+00
 0.00000000E+00
 0.00000000E+00
 0.00000000E+00
 0.00000000E+00
 1.22124533E-16
 1.52655666E-16
 2.03540888E-16
 3.05311332E-16
 6.10622664E-16
 0.00000000E+00
 1.52655666E-16
 0.00000000E+00
 0.00000000E+00
 0.00000000E+00
 0.00000000E+00
 0.00000000E+00
 0.00000000E+00
 3.05311332E-16
 0.00000000E+00
 1.52655666E-16
 1.52655666E-16
 0.00000000E+00
 1.52655666E-16
 0.00000000E+00
 4.07081776E-16
 1.52655666E-16
 1.74463618E-16
 2.03540888E-16
 2.44249065E-16
 0.00000000E+00
 2.03540888E-16
 3.05311332E-16
 1.52655666E-16
 3.48927236E-16
 2.03540888E-16
 1.22124533E-16
 1.52655666E-16
 2.03540888E-16
 1.52655666E-16
 6.10622664E-16
 0.00000000E+00
 0.00000000E+00
 1.22124533E-16
 1.52655666E-16
 2.03540888E-16
 0.00000000E+00
 0.00000000E+00
 0.00000000E+00
 0.00000000E+00
 0.00000000E+00
 0.00000000E+00
 0.00000000E+00
 0.00000000E+00
 1.52655666E-16
 0.00000000E+00
 2.44249065E-16
 1.52655666E-16
 2.03540888E-16
 3.05311332E-16
 6.10622664E-16
 0.00000000E+00
 0.00000000E+00
 0.00000000E+00
 0.00000000E+00
 0.00000000E+00
 0.00000000E+00
 0.00000000E+00
 1.52655666E-16
 0.00000000E+00
 0.00000000E+00
 0.00000000E+00
 0.00000000E+00
 0.00000000E+00
 0.00000000E+00
 0.00000000E+00
 2.71387850E-16
 0.00000000E+00
 0.00000000E+00
 2.03540888E-16
 1.22124533E-16
 0.00000000E+00
 2.03540888E-16
 3.05311332E-16
 1.52655666E-16
 1.74463618E-16
 2.03540888E-16
 1.22124533E-16
 1.52655666E-16
 0.00000000E+00
 4.57966998E-16
 9.15933995E-16
 0.00000000E+00
 0.00000000E+00
 0.00000000E+00
 0.00000000E+00
 0.00000000E+00
 1.52655666E-16
 0.00000000E+00
 0.00000000E+00
 0.00000000E+00
 0.00000000E+00
 0.00000000E+00
 0.00000000E+00
 0.00000000E+00
 1.52655666E-16
 0.00000000E+00
 1.22124533E-16
 1.52655666E-16
 2.03540888E-16
 3.05311332E-16
 7.63278329E-16
 0.00000000E+00
 1.52655666E-16
 0.00000000E+00
 0.00000000E+00
 0.00000000E+00
 0.00000000E+00
 2.03540888E-16
 0.00000000E+00
 0.00000000E+00
 0.00000000E+00
 1.52655666E-16
 0.00000000E+00
 0.00000000E+00
 1.52655666E-16
 0.00000000E+00
 8.14163551E-16
 0.00000000E+00
 1.74463618E-16
 2.03540888E-16
 3.66373598E-16
 0.00000000E+00
 4.07081776E-16
 1.52655666E-16
 1.52655666E-16
 1.74463618E-16
 2.03540888E-16
 1.22124533E-16
 1.52655666E-16
 2.03540888E-16
 3.05311332E-16
 7.63278329E-16
 1.74463618E-16
 0.00000000E+00
 0.00000000E+00
 0.00000000E+00
 2.03540888E-16
 1.52655666E-16
 3.05311332E-16
 0.00000000E+00
 2.03540888E-16
 0.00000000E+00
 0.00000000E+00
 0.00000000E+00
 0.00000000E+00
 0.00000000E+00
 0.00000000E+00
 2.44249065E-16
 1.52655666E-16
 2.03540888E-16
 1.52655666E-16
 6.10622664E-16
 0.00000000E+00
 1.52655666E-16
 0.00000000E+00
 0.00000000E+00
 0.00000000E+00
 0.00000000E+00
 2.03540888E-16
 0.00000000E+00
 0.00000000E+00
 0.00000000E+00
 0.00000000E+00
 0.00000000E+00
 0.00000000E+00
 3.05311332E-16
 0.00000000E+00
 4.07081776E-16
 0.00000000E+00
 1.74463618E-16
 2.03540888E-16
 1.22124533E-16
 0.00000000E+00
 0.00000000E+00
 3.05311332E-16
 0.00000000E+00
 0.00000000E+00
 2.03540888E-16
 2.44249065E-16
 0.00000000E+00
 2.03540888E-16
 1.52655666E-16
 4.57966998E-16
 1.74463618E-16
 0.00000000E+00
 1.22124533E-16
 1.52655666E-16
 2.03540888E-16
 1.52655666E-16
 1.52655666E-16
 0.00000000E+00
 0.00000000E+00
 2.44249065E-16
 0.00000000E+00
 2.03540888E-16
 0.00000000E+00
 0.00000000E+00
 0.00000000E+00
 0.00000000E+00
 0.00000000E+00
 2.03540888E-16
 4.57966998E-16
 4.57966998E-16
 0.00000000E+00
 1.52655666E-16
 2.03540888E-16
 0.00000000E+00
 0.00000000E+00
 0.00000000E+00
 0.00000000E+00
 0.00000000E+00
 3.05311332E-16
 0.00000000E+00
 1.52655666E-16
 0.00000000E+00
 0.00000000E+00
 0.00000000E+00
 0.00000000E+00
