 8.15764215E-06
 7.19653284E-06
 4.40959990E-06
 3.59277259E-06
 2.79802762E-06
 3.83976289E-06
 5.47983776E-06
 6.31865987E-06
 7.19531309E-06
 6.33790879E-06
 3.83482088E-06
 1.61578440E-06
 2.30267001E-07
 1.36576612E-06
 3.36218294E-06
 4.64891972E-06
 4.28768924E-06
 1.13234756E-06
 8.93688562E-07
 3.65090697E-06
 1.13297506E-06
 4.82508179E-07
 4.74007314E-06
 1.53061584E-02
 6.40572295E-06
 8.62427894E-07
 1.47510329E-06
 1.51550568E-06
 1.25568922E-06
 2.41258103E-07
 1.62433742E-02
 3.05344264E-06
 3.79784460E-07
 2.68519843E-07
 2.75171074E-06
 2.99638752E-07
 1.51939829E-02
 4.56571936E-06
 2.38589032E-07
 5.81169440E-07
 4.84381114E-06
 1.74486671E-02
 5.68693126E-06
 3.70263430E-07
 6.04995571E-06
 1.90297485E-02
 8.28116570E-06
 8.88817517E-08
 1.75258892E-02
 1.79394362E-05
 2.36663635E-02
 8.99606198E-06
 8.48327731E-06
 6.04804157E-06
 4.38958889E-06
 2.23383257E-06
 2.89411001E-06
 4.39893573E-06
 4.27267766E-06
 6.53781852E-06
 7.60001134E-06
 3.28922473E-06
 1.58618703E-06
 1.84511717E-07
 6.73015228E-07
 2.52115930E-06
 3.71002133E-06
 2.73390062E-06
 1.29738418E-06
 1.85363983E-06
 3.46770645E-06
 7.18045597E-07
 1.41112547E-06
 1.66580473E-06
 1.29213654E-02
 4.91518216E-06
 1.24448265E-06
 2.58898878E-06
 2.43589117E-06
 1.61892754E-06
 2.04791386E-06
 1.19965194E-02
 3.03648880E-06
 7.01008708E-07
 7.14346840E-07
 3.52651012E-06
 9.59364314E-07
 8.59421966E-03
 3.29545523E-06
 3.87936791E-07
 6.00500975E-07
 9.15883509E-07
 9.86090637E-03
 5.74652785E-07
 5.91814777E-08
 6.48541682E-08
 1.40497053E-02
 1.17073118E-06
 6.73867074E-09
 1.47830348E-02
 3.21970727E-06
 2.27994435E-02
 8.94903632E-06
 8.29244039E-06
 8.20863368E-06
 5.35134687E-06
 3.11033420E-06
 4.00866622E-06
 4.98933863E-06
 2.66539954E-06
 5.33618807E-06
 5.43426250E-06
 4.76603732E-06
 3.01838604E-06
 3.10375281E-07
 7.21976497E-07
 2.56754423E-06
 3.38143275E-06
 2.17708066E-06
 1.96329732E-06
 5.63366832E-07
 8.27118618E-07
 3.29085886E-07
 2.17639703E-06
 1.69485963E-06
 1.11292297E-02
 3.66631315E-06
 1.83606333E-06
 2.46388032E-06
 8.06189401E-07
 5.65225248E-07
 1.80522386E-06
 8.81561181E-03
 1.18104457E-06
 4.12225075E-07
 1.38752047E-06
 9.08472280E-07
 1.70151357E-06
 3.64507535E-03
 2.19802662E-06
 1.56473157E-07
 2.39796167E-06
 3.39646440E-07
 4.17286797E-03
 3.47875058E-08
 2.76356871E-07
 9.29573893E-07
 1.03083651E-02
 9.45187910E-07
 6.11603998E-07
 1.27184487E-02
 2.22223294E-07
 2.21382214E-02
 7.22809978E-06
 6.26107068E-06
 5.91164336E-06
 3.96585820E-06
 1.49006817E-06
 2.14922369E-06
 3.76462913E-06
 3.71688932E-06
 4.49280471E-06
 5.21375534E-06
 3.30560552E-06
 1.36762362E-06
 6.95259204E-07
 3.31893525E-07
 2.41377501E-06
 4.50600087E-06
 1.17747813E-06
 8.30450208E-07
 5.08492482E-08
 1.92362141E-06
 2.19583995E-07
 1.87788728E-06
 1.51883543E-06
 1.11406154E-02
 2.23831992E-06
 1.88113907E-06
 1.74874716E-06
 1.65581034E-06
 1.18305447E-06
 2.15243857E-06
 8.82528447E-03
 4.03095012E-07
 2.77244206E-07
 2.12446307E-06
 1.71057485E-06
 1.04555141E-06
 3.64873616E-03
 6.02565530E-07
 8.41095649E-08
 1.93699363E-06
 5.49632676E-07
 4.17626473E-03
 8.51290325E-07
 1.10825038E-06
 1.58147033E-06
 1.03157548E-02
 1.85085193E-08
 1.06942077E-07
 1.27244736E-02
 5.49488344E-07
 2.21420079E-02
 6.47534943E-06
 5.08189064E-06
 4.43686269E-06
 3.47771365E-06
 9.78578638E-07
 1.13922497E-06
 2.40783364E-06
 2.88460880E-06
 4.40972317E-06
 5.38356254E-06
 1.99482169E-06
 2.21625483E-07
 9.17302544E-07
 3.29933036E-07
 2.34159536E-06
 3.62409791E-06
 7.78948829E-07
 2.79272145E-07
 1.04858471E-06
 3.60575510E-06
 1.30512351E-06
 1.01508639E-06
 1.76652238E-06
 1.11510820E-02
 1.29842623E-06
 1.67120826E-06
 1.81369761E-06
 3.55113819E-06
 2.79591993E-06
 2.14397204E-06
 8.83248125E-03
 4.16341197E-08
 1.41243151E-06
 3.90458573E-06
 3.84057731E-06
 8.36066213E-07
 3.65202689E-03
 3.59193256E-07
 9.85225990E-08
 2.00084122E-06
 2.06157172E-06
 4.17997313E-03
 6.05837774E-07
 1.26083969E-06
 1.67379458E-06
 1.03224097E-02
 5.03054312E-07
 4.77208918E-07
 1.27291060E-02
 3.33762719E-07
 2.21440711E-02
 6.50088092E-06
 5.10518391E-06
 4.44549458E-06
 3.43383220E-06
 9.87292471E-07
 1.04249944E-06
 2.22253651E-06
 3.32600866E-06
 4.42113343E-06
 5.84535773E-06
 1.90502276E-06
 4.14891584E-07
 9.03017569E-07
 3.32629134E-07
 2.40997951E-06
 3.79195270E-06
 7.91014538E-07
 2.91073371E-07
 1.15368645E-06
 3.64616150E-06
 1.94528441E-06
 5.10600300E-07
 1.61573197E-06
 1.11609120E-02
 1.31307197E-06
 1.65869355E-06
 1.86744895E-06
 3.54590124E-06
 3.26779184E-06
 2.11039919E-06
 8.84006677E-03
 5.07402883E-08
 1.40952206E-06
 3.91273198E-06
 3.81838126E-06
 1.64691729E-06
 3.65456183E-03
 3.38339771E-07
 8.55998071E-08
 1.99815948E-06
 2.02842431E-06
 4.18136244E-03
 5.86552701E-07
 1.28884433E-06
 1.65489254E-06
 1.03251061E-02
 5.23186263E-07
 8.05397981E-07
 1.27324497E-02
 3.55883721E-07
 2.21443923E-02
 7.29541704E-06
 6.32044124E-06
 5.92501120E-06
 3.82007921E-06
 1.49759962E-06
 1.83620488E-06
 3.18285811E-06
 5.01262064E-06
 4.51870647E-06
 6.59070550E-06
 3.02560424E-06
 7.74236209E-07
 6.69121564E-07
 3.16638307E-07
 2.58791280E-06
 4.97273192E-06
 1.20512721E-06
 7.86397073E-07
 3.75426612E-07
 2.05810526E-06
 2.15712368E-06
 3.92605341E-07
 1.01945536E-06
 1.11701660E-02
 2.27298198E-06
 1.83626175E-06
 1.91776554E-06
 1.65411862E-06
 2.61845622E-06
 2.08502357E-06
 8.84809711E-03
 4.21472176E-07
 2.77164794E-07
 2.15957485E-06
 1.65963728E-06
 1.40923319E-06
 3.65638159E-03
 6.53983832E-07
 5.48060266E-08
 1.94039037E-06
 4.69823902E-07
 4.18046476E-03
 8.05223215E-07
 1.20562556E-06
 1.54164039E-06
 1.03238757E-02
 6.59368359E-08
 7.81052276E-07
 1.27345273E-02
 4.96133465E-07
 2.21429872E-02
 9.03608299E-06
 8.36851807E-06
 8.20697900E-06
 5.08145386E-06
 3.08463114E-06
 3.45241208E-06
 4.01353373E-06
 4.87438906E-06
 5.36194854E-06
 7.72265423E-06
 4.29728888E-06
 2.02667504E-06
 2.75395136E-07
 6.74267417E-07
 2.83751058E-06
 4.20323821E-06
 2.21040118E-06
 1.89364774E-06
 3.78277935E-08
 1.03477175E-06
 2.88885106E-06
 2.63691051E-07
 7.58594820E-07
 1.11785655E-02
 3.71400550E-06
 1.77568080E-06
 2.71572752E-06
 7.74109165E-07
 2.93649853E-06
 1.72973383E-06
 8.85376760E-03
 1.20499849E-06
 4.30883673E-07
 1.41241233E-06
 7.87539772E-07
 2.36447449E-06
 3.65786603E-03
 2.26872617E-06
 9.86587256E-08
 2.38356152E-06
 4.84750261E-07
 4.17988270E-03
 1.55819298E-08
 4.55307530E-07
 8.79947391E-07
 1.03219434E-02
 9.87393597E-07
 1.46108701E-06
 1.27352524E-02
 2.68231874E-07
 2.21399035E-02
 9.10444456E-06
 8.24322767E-06
 6.04435656E-06
 4.26311367E-06
 1.99634577E-06
 2.07905543E-06
 2.98451546E-06
 4.33114633E-06
 6.58576191E-06
 7.63699787E-06
 2.73058375E-06
 4.33948729E-07
 6.99783308E-07
 4.61183360E-07
 2.53318148E-06
 3.58866777E-06
 2.78592920E-06
 3.55858558E-07
 1.71355444E-06
 3.83873203E-06
 2.91305082E-06
 6.53208358E-07
 1.21481898E-06
 1.30150361E-02
 4.98379523E-06
 9.15867311E-08
 2.43278669E-06
 2.49050040E-06
 3.44634687E-06
 1.03965468E-06
 1.20918993E-02
 3.11211288E-06
 5.32236252E-07
 2.47590329E-06
 1.39925198E-06
 2.20382614E-06
 8.66876195E-03
 3.40011425E-06
 5.63297974E-07
 5.36894714E-07
 1.06253394E-06
 9.90648729E-03
 6.54902440E-07
 6.26240980E-07
 2.82563378E-08
 1.40900581E-02
 1.23494169E-06
 5.60271324E-07
 1.48174811E-02
 3.28389345E-06
 2.28031599E-02
 8.25965035E-06
 7.22356360E-06
 4.38049674E-06
 3.41189529E-06
 2.18828667E-06
 2.37204448E-06
 3.56451562E-06
 5.14449417E-06
 7.20852646E-06
 7.95847116E-06
 3.29461074E-06
 1.07433856E-06
 2.02443795E-07
 7.74575057E-07
 3.27180265E-06
 4.61975548E-06
 4.29959404E-06
 8.47511469E-07
 1.53067991E-06
 4.21118830E-06
 2.59914253E-06
 4.44012428E-07
 4.98659759E-06
 1.54412664E-02
 6.41757671E-06
 3.23071512E-07
 1.67826504E-06
 1.66271078E-06
 2.37230531E-06
 1.03345067E-06
 1.63951215E-02
 3.06721561E-06
 1.26696993E-07
 2.52916870E-06
 8.90112984E-07
 1.78393001E-06
 1.53286517E-02
 4.30956081E-06
 3.66186075E-07
 6.26869305E-07
 5.02783571E-06
 1.75244332E-02
 4.88073777E-06
 4.31204247E-07
 6.18421123E-06
 1.90916903E-02
 7.02919069E-06
 4.43228666E-07
 1.75753462E-02
 1.70620807E-05
 2.36714998E-02
