 7.50000000E-01
 6.95312500E-01
 5.00000000E-01
 2.25585938E-01
 7.50000000E-01
 3.45703125E-01
 9.37500000E-01
 3.75000000E-01
 1.25000000E-01
 8.35937500E-01
 6.25000000E-02
 7.34375000E-01
 4.68750000E-01
 1.87500000E-01
 5.00000000E-01
 2.61718750E-01
 8.43750000E-01
 2.50000000E-01
 7.03125000E-01
 2.18750000E-01
 1.25000000E-01
 4.88281250E-01
 5.00000000E-01
 9.52148438E-01
 1.25000000E-01
 6.25000000E-02
 7.81250000E-01
 5.93750000E-01
 5.00000000E-01
 3.04687500E-01
 2.50000000E-01
 7.81250000E-01
 9.06250000E-01
 7.96875000E-01
 5.00000000E-01
 2.31445312E-01
 2.50000000E-01
 6.25000000E-01
 7.50000000E-01
 3.69140625E-01
 8.75000000E-01
 2.53906250E-01
 9.06250000E-01
 2.18750000E-01
 9.68750000E-01
 3.12500000E-02
 9.37500000E-01
 5.78125000E-01
 5.00000000E-01
 3.55468750E-01
 6.25000000E-01
 3.59375000E-01
 8.28125000E-01
 8.12500000E-01
 1.25000000E-01
 5.82031250E-01
 5.00000000E-01
 9.58007812E-01
 6.25000000E-02
 3.12500000E-02
 8.75000000E-01
 2.73437500E-01
 3.90625000E-03
 8.75000000E-01
 7.50000000E-01
 8.75000000E-01
 8.12500000E-01
 6.09375000E-01
 7.18750000E-01
 9.53125000E-01
 1.87500000E-01
 5.54687500E-01
 5.00000000E-01
 6.79687500E-01
 1.25000000E-01
 3.90625000E-01
 5.00000000E-01
 2.37304688E-01
 7.50000000E-01
 3.92578125E-01
 8.75000000E-01
 3.47656250E-01
 1.25000000E-01
 3.12500000E-01
 5.00000000E-01
 2.28515625E-01
 2.50000000E-01
 9.53125000E-01
 8.43750000E-01
 8.59375000E-01
 2.50000000E-01
 8.43750000E-01
 5.00000000E-01
 4.49218750E-01
 9.68750000E-01
 7.65625000E-01
 3.75000000E-01
 1.87500000E-01
 8.75000000E-01
 6.48437500E-01
 6.25000000E-02
 7.65625000E-01
 2.50000000E-01
 2.46093750E-01
 6.25000000E-02
 9.37500000E-02
 5.00000000E-01
 2.43164062E-01
 8.75000000E-01
 4.41406250E-01
 5.00000000E-01
 2.51953125E-01
 2.34375000E-01
 2.18750000E-01
 3.12500000E-02
 1.56250000E-02
 5.00000000E-01
 5.42968750E-01
 1.25000000E-01
 5.62500000E-01
 2.50000000E-01
 2.42187500E-01
 2.50000000E-01
 9.06250000E-01
 7.50000000E-01
 2.69531250E-01
 9.37500000E-01
 5.23437500E-01
 3.75000000E-01
 4.37500000E-01
 2.50000000E-01
 3.39843750E-01
 9.68750000E-01
 1.56250000E-01
 9.37500000E-01
 6.09375000E-01
 5.00000000E-01
 2.49023438E-01
 8.75000000E-01
 5.35156250E-01
 6.25000000E-01
 3.12500000E-01
 5.00000000E-01
 2.75390625E-01
 7.50000000E-01
 3.35937500E-01
 6.25000000E-02
 1.56250000E-01
 5.31250000E-01
 1.87500000E-01
 1.25000000E-01
 4.76562500E-01
 9.06250000E-01
 2.50000000E-01
 2.50000000E-01
 6.17187500E-01
 8.75000000E-01
 1.87500000E-01
 9.96093750E-01
 5.00000000E-01
 7.50000000E-01
 3.63281250E-01
 9.37500000E-01
 8.98437500E-01
 1.25000000E-01
 4.21875000E-01
 2.50000000E-01
 2.24609375E-01
 1.25000000E-01
 8.12500000E-01
 2.50000000E-01
 9.84375000E-01
 9.92187500E-01
 1.87500000E-01
 2.50000000E-01
 4.33593750E-01
 2.50000000E-01
 9.68750000E-01
 9.68750000E-01
 7.96875000E-01
 5.00000000E-01
 2.54882812E-01
 3.75000000E-01
 8.16406250E-01
 6.25000000E-02
 5.70312500E-01
 5.00000000E-01
 2.98828125E-01
 9.68750000E-01
 2.18750000E-01
 7.50000000E-01
 7.10937500E-01
 1.95312500E-03
 5.00000000E-01
 6.25000000E-02
 7.96875000E-01
 3.75000000E-01
 5.00000000E-01
 5.00000000E-01
 7.87109375E-01
 2.50000000E-01
 9.92187500E-01
 6.25000000E-02
 2.18750000E-01
 1.25000000E-01
 9.57031250E-01
 7.50000000E-01
 4.57031250E-01
 2.50000000E-01
 2.48046875E-01
 8.75000000E-01
 4.37500000E-01
 5.00000000E-01
 2.60742188E-01
 5.00000000E-01
 3.20312500E-01
 9.92187500E-01
 4.37500000E-01
 5.00000000E-01
 3.22265625E-01
 9.06250000E-01
 8.59375000E-01
 5.00000000E-01
 8.10546875E-01
 9.68750000E-01
 2.81250000E-01
 9.37500000E-01
 6.40625000E-01
 2.50000000E-01
 2.71484375E-01
 6.25000000E-01
 8.12500000E-01
 6.25000000E-02
 2.81250000E-01
 8.75000000E-01
 2.89062500E-01
 5.00000000E-01
 2.66601562E-01
 8.75000000E-01
 6.87500000E-01
 1.87500000E-01
 5.70312500E-01
 5.00000000E-01
 6.95312500E-01
 5.00000000E-01
 3.45703125E-01
 1.25000000E-01
 4.53125000E-01
 7.50000000E-01
 9.98046875E-01
 1.87500000E-01
 7.96875000E-01
 8.75000000E-01
 5.00000000E-01
 9.92187500E-01
 6.87500000E-01
 1.87500000E-01
 2.18750000E-01
 6.25000000E-01
 9.57031250E-01
 9.68750000E-01
 8.28125000E-01
 2.50000000E-01
 2.94921875E-01
 9.92187500E-01
 5.00000000E-01
 9.68750000E-01
 3.43750000E-01
 9.98046875E-01
 5.00000000E-01
 8.75000000E-01
 6.64062500E-01
 1.25000000E-01
 2.14843750E-01
 6.25000000E-02
 8.28125000E-01
 5.00000000E-01
 2.72460938E-01
 6.25000000E-02
 3.43750000E-01
 5.00000000E-01
 3.69140625E-01
 2.50000000E-01
 7.50000000E-01
 5.93750000E-01
 1.87500000E-01
 8.75000000E-01
 9.37500000E-01
 9.68750000E-01
 2.50000000E-01
 5.00000000E-01
 9.99023438E-01
 2.50000000E-01
 2.57812500E-01
 2.50000000E-01
 3.18359375E-01
 9.92187500E-01
 9.37500000E-01
 6.25000000E-02
 2.50000000E-01
 9.06250000E-01
 8.90625000E-01
 8.43750000E-01
 7.81250000E-01
 9.37500000E-01
 5.39062500E-01
 1.87500000E-01
 2.81250000E-01
 2.50000000E-01
 8.08593750E-01
 1.25000000E-01
 3.08593750E-01
 2.50000000E-01
 8.06640625E-01
 5.00000000E-01
 8.75000000E-01
 5.00000000E-01
 2.78320312E-01
 9.68750000E-01
 4.06250000E-01
 9.37500000E-01
 6.71875000E-01
 3.12500000E-01
 5.70312500E-01
 5.00000000E-01
 3.92578125E-01
 6.25000000E-02
 2.10937500E-01
 7.50000000E-01
 3.51562500E-01
 3.12500000E-01
 7.96875000E-01
 6.25000000E-02
 4.06250000E-01
 1.25000000E-01
 4.92187500E-01
 3.12500000E-01
 2.18750000E-01
 2.50000000E-01
 6.32812500E-01
 2.50000000E-01
 3.41796875E-01
 1.25000000E-01
 4.84375000E-01
 1.25000000E-01
 4.02343750E-01
 6.25000000E-01
 2.14843750E-01
 1.87500000E-01
 8.28125000E-01
 5.00000000E-01
 2.84179688E-01
 7.50000000E-01
 5.80078125E-01
 8.43750000E-01
 8.43750000E-01
 5.00000000E-01
 4.16015625E-01
 9.68750000E-01
 8.59375000E-01
 6.25000000E-02
 5.85937500E-01
 9.68750000E-01
 4.68750000E-01
 7.50000000E-01
 7.26562500E-01
 6.25000000E-02
 8.59375000E-01
 2.50000000E-01
 3.65234375E-01
 5.00000000E-01
 2.69531250E-01
 6.25000000E-02
 4.68750000E-01
 1.87500000E-01
 2.50000000E-01
 3.12500000E-01
 2.81250000E-01
 2.50000000E-01
 9.96093750E-01
 1.25000000E-01
 4.96093750E-01
 5.00000000E-01
 2.90039062E-01
 7.50000000E-01
 6.03515625E-01
 4.37500000E-01
 5.70312500E-01
 5.00000000E-01
 4.39453125E-01
 2.65625000E-01
 2.18750000E-01
 6.25000000E-02
 9.60937500E-01
 1.87500000E-01
 2.10937500E-01
 5.00000000E-01
 3.35937500E-01
 4.37500000E-01
 7.96875000E-01
 8.75000000E-01
 2.61718750E-01
 9.06250000E-01
 7.18750000E-01
 4.37500000E-01
 2.18750000E-01
 9.68750000E-01
 5.31250000E-01
 9.37500000E-01
 7.03125000E-01
 5.00000000E-01
 3.63281250E-01
 1.25000000E-01
 5.89843750E-01
 3.12500000E-01
 8.28125000E-01
 6.25000000E-02
 5.31250000E-01
 8.75000000E-01
 3.04687500E-01
 5.00000000E-01
 2.95898438E-01
 3.12500000E-01
 3.43750000E-01
 1.87500000E-01
 5.85937500E-01
 5.00000000E-01
 7.10937500E-01
 6.56250000E-01
 1.87500000E-01
 1.25000000E-01
 5.15625000E-01
 5.00000000E-01
 9.51171875E-01
 8.75000000E-01
 3.55468750E-01
 5.00000000E-01
 4.57031250E-01
 3.12500000E-01
 2.50000000E-01
 9.68750000E-01
 8.90625000E-01
 9.06250000E-01
 7.81250000E-01
 9.06250000E-01
 6.25000000E-01
 4.37500000E-01
 2.81250000E-01
 9.68750000E-01
 5.93750000E-01
 8.75000000E-01
 6.79687500E-01
 5.00000000E-01
 3.01757812E-01
 6.25000000E-02
 8.90625000E-01
 2.50000000E-01
 2.53906250E-01
 3.12500000E-01
 2.10937500E-01
 6.25000000E-02
 5.93750000E-01
 5.62500000E-01
 7.96875000E-01
 3.12500000E-01
 4.06250000E-01
 8.75000000E-01
 4.49218750E-01
 5.62500000E-01
 2.18750000E-01
 5.00000000E-01
 5.50781250E-01
 2.50000000E-01
 2.73437500E-01
 6.25000000E-01
 5.89843750E-01
 7.50000000E-01
 2.77343750E-01
 9.37500000E-01
 5.54687500E-01
 5.00000000E-01
 3.07617188E-01
 5.00000000E-01
 7.90039062E-01
 9.06250000E-01
 8.43750000E-01
 2.50000000E-01
 3.47656250E-01
 9.68750000E-01
 6.56250000E-01
 9.37500000E-01
 7.34375000E-01
 3.12500000E-01
 5.85937500E-01
 5.00000000E-01
 9.98046875E-01
 8.75000000E-01
 5.42968750E-01
 6.25000000E-02
 2.26562500E-01
 7.50000000E-01
 3.67187500E-01
 6.25000000E-02
 6.56250000E-01
 1.25000000E-01
 5.07812500E-01
 4.37500000E-01
 2.50000000E-01
 2.50000000E-01
 6.48437500E-01
 8.12500000E-01
 7.65625000E-01
 5.62500000E-01
 2.81250000E-01
 7.50000000E-01
 3.71093750E-01
 1.25000000E-01
 5.46875000E-01
 5.00000000E-01
 3.13476562E-01
 5.00000000E-01
 7.95898438E-01
 2.50000000E-01
 4.41406250E-01
 4.37500000E-01
 2.10937500E-01
 9.68750000E-01
 9.21875000E-01
 9.06250000E-01
 9.06250000E-01
 6.87500000E-01
 7.96875000E-01
 6.25000000E-02
 6.01562500E-01
 9.68750000E-01
 7.18750000E-01
 7.50000000E-01
 7.42187500E-01
 6.87500000E-01
 2.18750000E-01
 9.37500000E-01
 3.12500000E-02
 6.25000000E-02
 9.21875000E-01
 7.50000000E-01
 2.32421875E-01
 6.25000000E-02
 7.18750000E-01
 7.50000000E-01
 4.64843750E-01
 5.00000000E-01
 3.19335938E-01
 8.98437500E-01
 6.25000000E-01
 5.00000000E-01
 8.01757812E-01
 8.20312500E-01
 8.12500000E-01
 6.87500000E-01
 9.45312500E-01
 3.12500000E-02
 1.71875000E-01
 4.37500000E-01
 5.85937500E-01
 7.18750000E-01
 1.87500000E-01
 1.25000000E-01
 3.75000000E-01
 5.00000000E-01
 3.51562500E-01
 2.50000000E-01
 1.87500000E-01
 7.50000000E-01
 2.55859375E-01
 5.62500000E-01
 2.50000000E-01
 9.68750000E-01
 7.81250000E-01
 9.37500000E-01
 7.65625000E-01
 9.68750000E-01
 6.25000000E-01
 6.87500000E-01
 2.81250000E-01
 9.37500000E-01
 9.37500000E-02
 5.00000000E-01
 3.25195312E-01
 6.25000000E-02
 7.81250000E-01
 9.96093750E-01
 8.75000000E-01
 8.75000000E-01
 3.20312500E-01
 6.25000000E-02
 6.25000000E-01
 5.62500000E-01
 2.10937500E-01
 8.12500000E-01
 7.96875000E-01
 7.50000000E-01
 1.56250000E-02
 1.87500000E-01
 6.01562500E-01
 5.00000000E-01
 7.26562500E-01
 8.90625000E-01
 8.12500000E-01
 3.12500000E-02
 1.25000000E-01
 1.25000000E-01
 5.78125000E-01
 8.12500000E-01
 2.18750000E-01
 7.50000000E-01
 2.79296875E-01
 2.50000000E-01
 4.37500000E-01
 9.68750000E-01
 9.53125000E-01
 5.00000000E-01
 3.31054688E-01
 9.68750000E-01
 8.43750000E-01
 5.00000000E-01
 6.03515625E-01
 8.75000000E-01
 6.95312500E-01
 1.25000000E-01
 2.22656250E-01
 9.37500000E-01
 1.56250000E-01
 5.62500000E-01
 5.85937500E-01
 6.25000000E-02
 9.53125000E-01
 6.25000000E-01
 3.75000000E-01
 6.25000000E-02
 8.43750000E-01
 7.50000000E-01
 7.81250000E-03
 7.50000000E-01
 3.02734375E-01
 6.87500000E-01
 2.50000000E-01
 3.12500000E-02
 2.03125000E-01
 8.12500000E-01
 2.81250000E-01
 2.50000000E-01
 2.89062500E-01
 5.00000000E-01
 3.36914062E-01
 7.50000000E-01
 7.91015625E-01
 7.65625000E-01
 3.43750000E-01
 9.37500000E-01
 5.70312500E-01
 1.87500000E-01
 7.81250000E-01
 2.50000000E-01
 6.87500000E-01
 2.50000000E-01
 8.16406250E-01
 2.96875000E-01
 2.18750000E-01
 1.25000000E-01
 3.16406250E-01
 6.87500000E-01
 2.10937500E-01
 4.37500000E-01
 5.93750000E-01
 9.68750000E-01
 9.06250000E-01
 9.37500000E-01
 7.96875000E-01
 2.50000000E-01
 5.00000000E-01
 1.56250000E-02
 1.25000000E-01
 6.25000000E-01
 5.78125000E-01
 9.37500000E-01
 2.18750000E-01
 6.25000000E-02
 2.42187500E-01
 2.92968750E-01
 3.75000000E-01
 7.50000000E-01
 3.82812500E-01
 6.25000000E-02
 9.06250000E-01
 7.50000000E-01
 3.26171875E-01
 1.25000000E-01
 5.23437500E-01
 9.06250000E-01
 7.50000000E-01
 2.50000000E-01
 6.64062500E-01
 8.75000000E-01
 8.75000000E-01
 1.25000000E-01
 6.09375000E-01
 8.12500000E-01
 3.43750000E-01
 1.25000000E-01
 4.10156250E-01
 6.25000000E-01
 2.22656250E-01
 7.81250000E-01
 1.87500000E-01
 9.92187500E-01
 8.75000000E-01
 1.87500000E-01
 8.43750000E-01
 2.50000000E-01
 9.37500000E-01
 9.68750000E-01
 9.84375000E-01
 6.25000000E-02
 6.17187500E-01
 9.68750000E-01
 9.68750000E-01
 7.50000000E-01
 7.57812500E-01
 3.75000000E-01
 3.63281250E-01
 7.50000000E-01
 3.49609375E-01
 8.12500000E-01
 2.50000000E-01
 9.37500000E-01
 2.81250000E-01
 6.25000000E-02
 9.84375000E-01
 5.00000000E-01
 2.77343750E-01
 6.25000000E-02
 9.68750000E-01
 3.12500000E-01
 7.81250000E-01
 1.25000000E-01
 5.03906250E-01
 6.87500000E-01
 9.60937500E-01
 5.62500000E-01
 5.93750000E-01
 7.50000000E-01
 3.90625000E-03
 3.12500000E-02
 2.34375000E-01
 4.37500000E-01
 6.01562500E-01
 9.37500000E-02
 1.25000000E-01
 6.25000000E-02
 9.92187500E-01
 5.00000000E-01
 3.67187500E-01
 7.50000000E-01
 3.73046875E-01
 8.75000000E-01
 2.69531250E-01
 2.96875000E-01
 3.43750000E-01
 9.37500000E-01
 8.28125000E-01
 5.00000000E-01
 3.71093750E-01
 6.25000000E-01
 6.09375000E-01
 9.37500000E-01
 3.43750000E-01
 9.84375000E-01
 1.25000000E-01
 1.25000000E-01
 5.97656250E-01
 2.89062500E-01
 4.37500000E-01
 8.12500000E-01
 5.85937500E-01
 8.75000000E-01
 3.35937500E-01
 5.62500000E-01
 2.26562500E-01
 3.12500000E-01
 8.43750000E-01
 8.12500000E-01
 8.59375000E-01
 5.00000000E-01
 7.42187500E-01
 1.25000000E-01
 6.40625000E-01
 7.50000000E-01
 3.96484375E-01
 8.75000000E-01
 3.63281250E-01
 9.37500000E-01
 2.50000000E-01
 9.37500000E-02
 2.03125000E-01
 5.00000000E-01
 2.32421875E-01
 5.00000000E-01
 3.60351562E-01
 5.00000000E-01
 4.64843750E-01
 2.96875000E-01
 4.06250000E-01
 8.98437500E-01
 7.50000000E-01
 6.87500000E-01
 5.93750000E-01
 8.75000000E-01
 7.10937500E-01
 9.37500000E-01
 4.06250000E-01
 5.62500000E-01
 6.01562500E-01
 5.00000000E-01
 6.04492188E-01
 2.50000000E-01
 2.61718750E-01
 7.81250000E-03
 1.25000000E-01
 8.75000000E-01
 4.57031250E-01
 5.00000000E-01
 2.55859375E-01
 9.68750000E-01
 7.50000000E-01
 3.12500000E-02
 2.65625000E-01
 5.00000000E-01
 5.58593750E-01
 2.50000000E-01
 3.04687500E-01
 6.25000000E-01
 5.97656250E-01
 7.65625000E-01
 5.93750000E-01
 7.50000000E-01
 2.85156250E-01
 9.37500000E-01
 5.85937500E-01
 6.25000000E-02
 7.50000000E-01
 8.43750000E-01
 1.87500000E-01
 6.87500000E-01
 2.26562500E-01
 5.00000000E-01
 1.56250000E-02
 2.50000000E-01
 3.55468750E-01
 9.37500000E-01
 8.59375000E-01
 9.37500000E-01
 4.68750000E-01
 8.75000000E-01
 5.50781250E-01
 6.25000000E-02
 2.57812500E-01
 5.00000000E-01
 2.79296875E-01
 7.50000000E-01
 3.98437500E-01
 1.25000000E-01
 5.39062500E-01
 2.50000000E-01
 6.79687500E-01
 7.50000000E-01
 3.78906250E-01
 9.37500000E-01
 9.60937500E-01
 1.25000000E-01
 6.71875000E-01
 8.12500000E-01
 5.93750000E-01
 2.50000000E-01
 2.28515625E-01
 6.87500000E-01
 6.01562500E-01
 2.50000000E-01
 4.49218750E-01
 9.21875000E-01
 8.12500000E-01
 1.56250000E-01
 1.25000000E-01
 6.25000000E-02
 6.32812500E-01
 5.00000000E-01
 7.81250000E-03
 5.00000000E-01
 3.02734375E-01
 7.50000000E-01
 7.73437500E-01
 7.50000000E-01
 9.55078125E-01
 9.37500000E-01
 5.31250000E-01
 5.00000000E-01
 7.91015625E-01
 6.25000000E-01
 7.85156250E-01
 7.50000000E-01
 4.72656250E-01
 2.50000000E-01
 2.51953125E-01
 8.12500000E-01
 2.26562500E-01
 7.50000000E-01
 1.95312500E-03
 3.12500000E-02
 2.96875000E-01
 5.00000000E-01
 3.82812500E-01
 5.00000000E-01
 3.26171875E-01
 1.56250000E-01
 2.03125000E-01
 9.37500000E-01
 8.90625000E-01
 6.87500000E-01
 7.81250000E-01
 3.28125000E-01
 2.18750000E-01
 9.37500000E-01
 5.93750000E-01
 2.50000000E-01
 2.75390625E-01
 8.12500000E-01
 6.01562500E-01
 8.75000000E-01
 3.51562500E-01
 5.00000000E-01
 7.57812500E-01
 5.00000000E-01
 3.49609375E-01
 1.25000000E-01
 7.03125000E-01
 6.87500000E-01
 9.53125000E-01
 2.50000000E-01
 2.98828125E-01
 5.00000000E-01
 3.90625000E-03
 9.06250000E-01
 1.87500000E-01
 9.37500000E-01
 2.26562500E-01
 8.75000000E-01
 7.26562500E-01
 1.25000000E-01
 2.30468750E-01
 9.37500000E-01
 6.56250000E-01
 5.00000000E-01
 3.73046875E-01
 3.12500000E-02
 3.28125000E-01
 8.12500000E-01
 7.81250000E-01
 2.50000000E-01
 3.20312500E-01
 2.50000000E-01
 3.22265625E-01
 9.37500000E-01
 6.01562500E-01
 2.50000000E-01
 8.24218750E-01
 2.18750000E-01
 1.25000000E-01
 1.25000000E-01
 3.24218750E-01
 2.50000000E-01
 8.10546875E-01
 9.37500000E-01
 9.21875000E-01
 5.00000000E-01
 3.96484375E-01
 9.37500000E-01
 7.18750000E-01
 6.25000000E-02
 2.73437500E-01
 7.50000000E-01
 4.14062500E-01
 1.25000000E-01
 5.54687500E-01
 2.50000000E-01
 6.95312500E-01
 2.50000000E-01
 3.45703125E-01
 1.25000000E-01
 7.34375000E-01
 8.12500000E-01
 8.43750000E-01
 1.25000000E-01
 4.17968750E-01
 6.87500000E-01
 6.17187500E-01
 3.75000000E-01
 3.67187500E-01
 7.50000000E-01
 5.83984375E-01
 5.00000000E-01
 4.19921875E-01
 2.18750000E-01
 2.03125000E-01
 6.25000000E-02
 6.48437500E-01
 9.06250000E-01
 6.87500000E-01
 7.50000000E-01
 7.89062500E-01
 3.75000000E-01
 3.71093750E-01
 9.37500000E-01
 7.81250000E-01
 9.37500000E-01
 6.25000000E-01
 2.50000000E-01
 3.69140625E-01
 5.00000000E-01
 2.85156250E-01
 1.25000000E-01
 5.11718750E-01
 3.90625000E-03
 1.25000000E-01
 8.12500000E-01
 2.42187500E-01
 7.50000000E-01
 1.25000000E-01
 3.12500000E-02
 3.59375000E-01
 5.00000000E-01
 4.43359375E-01
 1.25000000E-01
 3.12500000E-02
 5.00000000E-01
 3.98437500E-01
 8.75000000E-01
 2.77343750E-01
 2.50000000E-01
 8.75000000E-01
 9.06250000E-01
 9.37500000E-01
 9.37500000E-01
 9.53125000E-01
 5.00000000E-01
 3.78906250E-01
 9.68750000E-01
 1.87500000E-01
 9.37500000E-01
 8.43750000E-01
 1.25000000E-01
 6.05468750E-01
 8.75000000E-01
 3.67187500E-01
 6.25000000E-02
 1.87500000E-01
 7.50000000E-01
 2.03125000E-01
 5.00000000E-01
 7.73437500E-01
 1.25000000E-01
 7.65625000E-01
 3.12500000E-02
 6.25000000E-02
 8.75000000E-01
 3.71093750E-01
 5.00000000E-01
 4.72656250E-01
 5.00000000E-01
 1.95312500E-03
 2.81250000E-01
 1.25000000E-01
 9.37500000E-01
 2.42187500E-01
 9.68750000E-01
 4.37500000E-01
 8.75000000E-01
 7.42187500E-01
 9.37500000E-01
 9.06250000E-01
 2.50000000E-01
 2.69531250E-01
 6.25000000E-02
 4.37500000E-01
 8.75000000E-01
 4.64843750E-01
 8.98437500E-01
 6.87500000E-01
 3.12500000E-02
 3.90625000E-01
 5.00000000E-01
 5.66406250E-01
 3.12500000E-02
 3.12500000E-01
 2.50000000E-01
 3.35937500E-01
 1.25000000E-01
 1.56250000E-01
 6.25000000E-01
 6.05468750E-01
 7.50000000E-01
 2.92968750E-01
 9.37500000E-01
 6.17187500E-01
 1.87500000E-01
 1.87500000E-01
 2.81250000E-01
 2.03125000E-01
 2.50000000E-01
 3.63281250E-01
 9.37500000E-01
 9.84375000E-01
 9.68750000E-01
 6.87500000E-01
 6.25000000E-01
 7.65625000E-01
 9.37500000E-01
 9.68750000E-01
 8.75000000E-01
 5.58593750E-01
 1.56250000E-02
 6.25000000E-02
 6.25000000E-02
 2.89062500E-01
 7.50000000E-01
 4.29687500E-01
 3.59375000E-01
 2.18750000E-01
 9.68750000E-01
 5.00000000E-01
 6.25000000E-02
 6.87500000E-01
 1.25000000E-01
 5.70312500E-01
 7.50000000E-01
 2.12890625E-01
 2.50000000E-01
 7.10937500E-01
 7.50000000E-01
 2.34375000E-01
 8.75000000E-01
 1.56250000E-02
 2.50000000E-01
 9.51171875E-01
 7.50000000E-01
 3.86718750E-01
 9.37500000E-01
 9.92187500E-01
 1.25000000E-01
 7.96875000E-01
 6.25000000E-02
 5.00000000E-01
 3.12500000E-02
 5.62500000E-01
 1.25000000E-01
 2.18750000E-01
 3.75000000E-01
 3.82812500E-01
 2.50000000E-01
 4.57031250E-01
 6.25000000E-02
 6.64062500E-01
 7.50000000E-01
 8.04687500E-01
 9.68750000E-01
 9.37500000E-01
 1.56250000E-02
 3.12500000E-01
 7.50000000E-01
 2.36328125E-01
 6.25000000E-01
 7.92968750E-01
 6.25000000E-02
 9.37500000E-01
 7.50000000E-01
 4.80468750E-01
 3.12500000E-01
 1.87500000E-01
 8.75000000E-01
 7.81250000E-03
 3.12500000E-02
 4.21875000E-01
 3.12500000E-02
 8.12500000E-01
 1.25000000E-01
 2.81250000E-01
 5.00000000E-01
 4.14062500E-01
 9.76562500E-04
 5.00000000E-01
 6.25000000E-01
 5.70312500E-01
 5.00000000E-01
 1.71875000E-01
 7.50000000E-01
 2.59765625E-01
 2.50000000E-01
 9.98046875E-01
 3.43750000E-01
 1.25000000E-01
 6.25000000E-01
 7.96875000E-01
 1.56250000E-02
 5.62500000E-01
 9.84375000E-01
 6.25000000E-02
 5.00000000E-01
 5.83984375E-01
 6.25000000E-01
 2.18750000E-01
 8.75000000E-01
 3.82812500E-01
 3.12500000E-01
 4.37500000E-01
 7.50000000E-01
 2.65625000E-01
 5.00000000E-01
 7.89062500E-01
 1.25000000E-01
 8.28125000E-01
 9.37500000E-02
 3.90625000E-01
 9.37500000E-01
 7.50000000E-01
 1.25000000E-01
 3.43750000E-01
 7.50000000E-01
 2.83203125E-01
 5.00000000E-01
 1.25000000E-01
 4.37500000E-01
 1.87500000E-01
 9.37500000E-01
 2.57812500E-01
 8.75000000E-01
 7.57812500E-01
 3.43750000E-01
 2.03125000E-01
 1.25000000E-01
 2.38281250E-01
 1.56250000E-02
 8.12500000E-01
 9.84375000E-01
 3.12500000E-01
 1.25000000E-01
 2.50000000E-01
 6.25000000E-01
 2.81250000E-01
 7.81250000E-03
 6.25000000E-02
 5.00000000E-01
 2.15820312E-01
 7.50000000E-01
 3.06640625E-01
 8.75000000E-01
 3.90625000E-03
 3.12500000E-02
 4.53125000E-01
 1.25000000E-01
 2.10937500E-01
 2.50000000E-01
 3.51562500E-01
 1.25000000E-01
 4.06250000E-01
 7.50000000E-01
 7.94921875E-01
 9.37500000E-01
 6.32812500E-01
 1.25000000E-01
 3.32031250E-01
 5.00000000E-01
 2.03125000E-01
 6.25000000E-02
 3.04687500E-01
 9.84375000E-01
 5.62500000E-01
 7.50000000E-01
 4.45312500E-01
 7.81250000E-03
 3.12500000E-01
 5.00000000E-01
 2.21679688E-01
 7.50000000E-01
 3.30078125E-01
 1.25000000E-01
 5.85937500E-01
 2.50000000E-01
 7.26562500E-01
 7.50000000E-01
 2.96875000E-01
 5.62500000E-01
 1.87500000E-01
 1.25000000E-01
 8.59375000E-01
 1.25000000E-01
 4.25781250E-01
 1.25000000E-01
 4.68750000E-01
 9.37500000E-02
 8.12500000E-01
 6.25000000E-01
 2.50000000E-01
 6.25000000E-02
 6.79687500E-01
 2.50000000E-01
 6.03515625E-01
 5.00000000E-01
 2.27539062E-01
 3.75000000E-01
 3.78906250E-01
 7.50000000E-01
 3.53515625E-01
 1.25000000E-01
 9.60937500E-01
 6.25000000E-01
 2.10937500E-01
 9.84375000E-01
 8.12500000E-01
 7.50000000E-01
 9.49218750E-01
 4.06250000E-01
 1.25000000E-01
 5.00000000E-01
 2.92968750E-01
 7.81250000E-03
 5.62500000E-01
 1.25000000E-01
 5.19531250E-01
 3.12500000E-02
 4.84375000E-01
 1.25000000E-01
 5.31250000E-01
 5.00000000E-01
 4.29687500E-01
 5.00000000E-01
 2.33398438E-01
 7.50000000E-01
 3.76953125E-01
 8.75000000E-01
 2.85156250E-01
 5.00000000E-01
 2.12890625E-01
 6.25000000E-01
 5.85937500E-01
 5.00000000E-01
 2.34375000E-01
 5.00000000E-01
 3.86718750E-01
 6.87500000E-01
 1.87500000E-01
 4.06250000E-01
 2.03125000E-01
 7.81250000E-03
 8.12500000E-01
 8.75000000E-01
 3.98437500E-01
 7.50000000E-01
 3.28125000E-01
 5.00000000E-01
 8.04687500E-01
 3.90625000E-01
 2.18750000E-01
 1.25000000E-01
 8.90625000E-01
 5.00000000E-01
 2.39257812E-01
 3.75000000E-01
 5.66406250E-01
 8.75000000E-01
 3.78906250E-01
 5.00000000E-01
 2.36328125E-01
 6.25000000E-01
 9.60937500E-01
 1.25000000E-01
 5.93750000E-01
 5.00000000E-01
 4.80468750E-01
 5.00000000E-01
 9.76562500E-04
 9.06250000E-01
 8.75000000E-01
 9.37500000E-01
 2.73437500E-01
 8.75000000E-01
 7.73437500E-01
 8.28125000E-01
 7.81250000E-01
 2.50000000E-01
 2.77343750E-01
 5.00000000E-01
 2.45117188E-01
 8.75000000E-01
 4.72656250E-01
 5.00000000E-01
 2.59765625E-01
 3.12500000E-02
 5.15625000E-01
 5.00000000E-01
 5.74218750E-01
 1.25000000E-01
 2.26562500E-01
 8.12500000E-01
 1.87500000E-01
 2.50000000E-01
 3.67187500E-01
 1.25000000E-01
 6.56250000E-01
 1.25000000E-01
 8.00781250E-01
 6.25000000E-01
 6.13281250E-01
 7.50000000E-01
 3.00781250E-01
 9.37500000E-01
 6.48437500E-01
 1.56250000E-01
 8.12500000E-01
 2.50000000E-01
 2.08984375E-01
 5.00000000E-01
 2.65625000E-01
 2.50000000E-01
 3.71093750E-01
 5.00000000E-01
 2.50976562E-01
 8.75000000E-01
 5.66406250E-01
 6.25000000E-02
 3.20312500E-01
 5.00000000E-01
 2.83203125E-01
 8.28125000E-01
 8.43750000E-01
 6.25000000E-01
 5.93750000E-01
 7.50000000E-01
 4.60937500E-01
 4.68750000E-01
 1.25000000E-01
 1.25000000E-01
 6.01562500E-01
 7.50000000E-01
 3.59375000E-01
 7.50000000E-01
 3.94531250E-01
 1.25000000E-01
 9.21875000E-01
 2.50000000E-01
 2.32421875E-01
 1.25000000E-01
 7.18750000E-01
 2.50000000E-01
 4.64843750E-01
 5.00000000E-01
 2.56835938E-01
 6.25000000E-02
 6.95312500E-01
 5.00000000E-01
 3.06640625E-01
 7.50000000E-01
 9.58984375E-01
 6.25000000E-01
 2.26562500E-01
 5.00000000E-01
 7.94921875E-01
 9.37500000E-01
 1.87500000E-01
 4.68750000E-01
 2.03125000E-01
 6.25000000E-01
 8.00781250E-01
 7.50000000E-01
 4.88281250E-01
 9.96093750E-01
 1.25000000E-01
 4.68750000E-02
 8.12500000E-01
 2.50000000E-01
 2.55859375E-01
 8.98437500E-01
 8.75000000E-01
 3.75000000E-01
 7.89062500E-01
 7.50000000E-01
 6.25000000E-02
 3.12500000E-02
 5.46875000E-01
 5.00000000E-01
 2.62695312E-01
 1.25000000E-01
 7.81250000E-01
 8.75000000E-01
 7.53906250E-01
 1.25000000E-01
 6.25000000E-01
 5.00000000E-01
 4.45312500E-01
 5.00000000E-01
 3.30078125E-01
 2.50000000E-01
 1.56250000E-02
 6.25000000E-01
 6.01562500E-01
 2.96875000E-01
 4.37500000E-01
 5.00000000E-01
 2.96875000E-01
 2.81250000E-01
 3.59375000E-01
 3.75000000E-01
 1.25000000E-01
 9.68750000E-01
 8.75000000E-01
 7.50000000E-01
 5.82031250E-01
 2.50000000E-01
 2.79296875E-01
 9.37500000E-01
 4.37500000E-01
 8.75000000E-01
 4.14062500E-01
 6.25000000E-02
 8.75000000E-01
 5.00000000E-01
 2.68554688E-01
 7.50000000E-01
 3.90625000E-01
 5.00000000E-01
 8.20312500E-01
 8.75000000E-01
 1.71875000E-01
 5.00000000E-01
 3.53515625E-01
 7.50000000E-01
 3.12500000E-01
 1.25000000E-01
 9.53125000E-01
 3.12500000E-02
 3.75000000E-01
 5.00000000E-01
 9.49218750E-01
 1.25000000E-01
 8.43750000E-01
 2.50000000E-01
 7.81250000E-03
 2.18750000E-01
 8.12500000E-01
 2.50000000E-01
 3.02734375E-01
 3.75000000E-01
 2.03125000E-01
 9.37500000E-01
 2.89062500E-01
 8.75000000E-01
 7.89062500E-01
 1.25000000E-01
 2.46093750E-01
 2.50000000E-01
 7.91015625E-01
 9.37500000E-01
 6.87500000E-01
 5.00000000E-01
 2.74414062E-01
 6.25000000E-01
 7.81250000E-01
 5.00000000E-01
 3.76953125E-01
 5.31250000E-01
 1.25000000E-01
 9.37500000E-01
 5.00000000E-01
 7.50000000E-01
 5.62500000E-01
 8.75000000E-01
 1.25000000E-01
 3.12500000E-02
 5.78125000E-01
 1.25000000E-01
 2.42187500E-01
 7.50000000E-01
 7.69531250E-01
 2.50000000E-01
 3.82812500E-01
 1.25000000E-01
 9.06250000E-01
 2.50000000E-01
 3.26171875E-01
 9.37500000E-01
 6.64062500E-01
 9.92187500E-01
 1.25000000E-01
 1.25000000E-01
 3.39843750E-01
 2.50000000E-01
 8.14453125E-01
 5.00000000E-01
 3.28125000E-01
 2.81250000E-01
 3.90625000E-01
 5.00000000E-01
 2.80273438E-01
 2.81250000E-01
 3.12500000E-01
 5.00000000E-01
 4.00390625E-01
 6.25000000E-01
 9.53125000E-01
 6.25000000E-02
 3.35937500E-01
 1.56250000E-02
 3.75000000E-01
 9.37500000E-01
 9.37500000E-01
 7.50000000E-01
 4.76562500E-01
 1.25000000E-01
 6.17187500E-01
 5.31250000E-01
 2.03125000E-01
 2.50000000E-01
 3.49609375E-01
 7.50000000E-01
 4.21875000E-01
 8.75000000E-01
 2.03125000E-01
 7.50000000E-01
 8.12500000E-01
 1.25000000E-01
 9.84375000E-01
 1.25000000E-01
 4.33593750E-01
 1.25000000E-01
 9.68750000E-01
 4.21875000E-01
 2.18750000E-01
 5.00000000E-01
 2.86132812E-01
 5.00000000E-01
 4.23828125E-01
 9.14062500E-01
 9.37500000E-01
 2.50000000E-01
 3.90625000E-03
 6.25000000E-02
 7.10937500E-01
 3.75000000E-01
 2.34375000E-01
 1.25000000E-01
 9.92187500E-01
 6.25000000E-01
 2.42187500E-01
 7.50000000E-01
 9.57031250E-01
 2.50000000E-01
 3.73046875E-01
 5.00000000E-01
 3.00781250E-01
 1.25000000E-01
 5.27343750E-01
 6.25000000E-01
 3.39843750E-01
 3.75000000E-01
 8.04687500E-01
 5.00000000E-01
 2.91992188E-01
 7.50000000E-01
 6.11328125E-01
 3.12500000E-02
 6.09375000E-01
 5.00000000E-01
 4.47265625E-01
 5.00000000E-01
 4.60937500E-01
 8.75000000E-01
 2.92968750E-01
 6.25000000E-01
 6.17187500E-01
 5.00000000E-01
 3.59375000E-01
 5.00000000E-01
 3.94531250E-01
 9.99023438E-01
 5.00000000E-01
 9.84375000E-01
 3.75000000E-01
 8.75000000E-01
 4.29687500E-01
 5.00000000E-01
 2.97851562E-01
 5.31250000E-01
 2.34375000E-01
 7.50000000E-01
 4.53125000E-01
 5.00000000E-01
 8.35937500E-01
 5.93750000E-01
 1.25000000E-01
 8.75000000E-01
 2.34375000E-01
 5.00000000E-01
 9.58984375E-01
 3.75000000E-01
 5.74218750E-01
 8.75000000E-01
 3.86718750E-01
 9.37500000E-02
 5.78125000E-01
 5.00000000E-01
 4.88281250E-01
 3.75000000E-01
 2.65625000E-01
 5.00000000E-01
 6.25000000E-02
 7.50000000E-01
 2.14843750E-01
 9.37500000E-01
 3.04687500E-01
 8.75000000E-01
 8.04687500E-01
 5.00000000E-01
 3.03710938E-01
 3.43750000E-01
 3.12500000E-01
 2.50000000E-01
 2.85156250E-01
 1.25000000E-01
 7.50000000E-01
 7.81250000E-03
 3.75000000E-01
 8.75000000E-01
 4.80468750E-01
 5.93750000E-01
 2.03125000E-01
 3.12500000E-02
 6.40625000E-01
 5.00000000E-01
 5.82031250E-01
 7.81250000E-02
 8.12500000E-01
 1.25000000E-01
 2.57812500E-01
 2.50000000E-01
 3.98437500E-01
 1.25000000E-01
 8.08593750E-01
 7.50000000E-01
 3.08593750E-01
 9.37500000E-01
 6.79687500E-01
 5.00000000E-01
 3.09570312E-01
 5.00000000E-01
 7.91992188E-01
 5.00000000E-01
 3.90625000E-01
 2.50000000E-01
 3.78906250E-01
 5.00000000E-01
 3.12500000E-01
 8.75000000E-01
 5.74218750E-01
 6.25000000E-02
 3.51562500E-01
 7.50000000E-01
 4.92187500E-01
 1.25000000E-01
 6.32812500E-01
 7.50000000E-01
 2.16796875E-01
 7.50000000E-01
 4.84375000E-01
 8.75000000E-01
 2.65625000E-01
 7.50000000E-01
 4.02343750E-01
 5.00000000E-01
 3.15429688E-01
 5.00000000E-01
 7.97851562E-01
 2.50000000E-01
 4.72656250E-01
 2.50000000E-01
 1.95312500E-03
 6.25000000E-02
 7.26562500E-01
 5.00000000E-01
 5.62500000E-01
 7.50000000E-01
 2.40234375E-01
 1.25000000E-01
 9.96093750E-01
 6.25000000E-01
 8.08593750E-01
 7.50000000E-01
 4.96093750E-01
 5.00000000E-01
 3.21289062E-01
 5.00000000E-01
 8.03710938E-01
 3.75000000E-01
 8.20312500E-01
 3.12500000E-02
 6.71875000E-01
 6.56250000E-01
 1.25000000E-01
 5.00000000E-01
 4.76562500E-01
 5.00000000E-01
 4.21875000E-01
 7.50000000E-01
 2.63671875E-01
 5.00000000E-01
 8.12500000E-01
 7.50000000E-01
 5.89843750E-01
 5.00000000E-01
 3.27148438E-01
 4.06250000E-01
 3.12500000E-01
 8.75000000E-01
 4.45312500E-01
 7.50000000E-01
 5.15625000E-01
 5.00000000E-01
 8.51562500E-01
 8.75000000E-01
 2.96875000E-01
 5.00000000E-01
 5.71289062E-01
 6.56250000E-01
 2.03125000E-01
 8.90625000E-01
 7.18750000E-01
 5.00000000E-01
 9.57031250E-01
 2.34375000E-02
 8.12500000E-01
 7.50000000E-01
 2.87109375E-01
 4.53125000E-01
 2.18750000E-01
 5.00000000E-01
 3.33007812E-01
 9.37500000E-01
 3.20312500E-01
 8.75000000E-01
 8.20312500E-01
 1.25000000E-01
 2.53906250E-01
 3.75000000E-01
 2.07031250E-01
 7.50000000E-01
 3.10546875E-01
 3.12500000E-02
 7.03125000E-01
 1.25000000E-01
 2.73437500E-01
 8.90625000E-01
 7.81250000E-01
 8.90625000E-01
 6.25000000E-01
 7.50000000E-01
 7.77343750E-01
 2.50000000E-01
 4.14062500E-01
 7.50000000E-01
 7.98828125E-01
 9.37500000E-01
 6.95312500E-01
 1.25000000E-01
 3.47656250E-01
 5.00000000E-01
 4.53125000E-01
 5.00000000E-01
 5.83007812E-01
 6.25000000E-02
 3.67187500E-01
 2.50000000E-01
 5.83984375E-01
 8.94531250E-01
 6.25000000E-01
 7.50000000E-01
 5.07812500E-01
 7.50000000E-01
 3.33984375E-01
 1.25000000E-01
 6.48437500E-01
 2.50000000E-01
 7.89062500E-01
 7.50000000E-01
 5.46875000E-01
 5.00000000E-01
 2.14843750E-01
 8.75000000E-01
 3.28125000E-01
 6.56250000E-01
 2.34375000E-01
 1.25000000E-01
 4.41406250E-01
 7.18750000E-01
 1.25000000E-01
 2.50000000E-01
 1.25000000E-01
 3.75000000E-01
 3.59375000E-01
 7.50000000E-01
 3.57421875E-01
 9.37500000E-01
 8.75000000E-01
 5.00000000E-01
 3.08593750E-01
 4.68750000E-01
 3.12500000E-01
 1.25000000E-01
 5.35156250E-01
 6.25000000E-01
 3.47656250E-01
 8.12500000E-01
 3.35937500E-01
 3.90625000E-03
 3.75000000E-01
 3.12500000E-02
 7.34375000E-01
 7.50000000E-01
 3.75000000E-01
 5.00000000E-01
 5.94726562E-01
 7.18750000E-01
 2.03125000E-01
 5.00000000E-01
 4.92187500E-01
 1.25000000E-01
 1.87500000E-01
 1.09375000E-01
 8.12500000E-01
 7.50000000E-01
 3.80859375E-01
 8.75000000E-01
 3.00781250E-01
 9.14062500E-01
 8.75000000E-01
 5.00000000E-01
 2.16796875E-01
 2.50000000E-01
 2.03125000E-01
 5.00000000E-01
 4.84375000E-01
 5.00000000E-01
 4.02343750E-01
 9.68750000E-01
 1.56250000E-02
 8.75000000E-01
 4.60937500E-01
 5.62500000E-01
 3.51562500E-01
 6.25000000E-02
 1.56250000E-02
 5.31250000E-01
 3.59375000E-01
 7.50000000E-01
 5.78125000E-01
 5.00000000E-01
 8.67187500E-01
 8.75000000E-01
 3.59375000E-01
 3.75000000E-01
 5.82031250E-01
 8.75000000E-01
 3.94531250E-01
 3.12500000E-02
 3.12500000E-02
 5.00000000E-01
 2.40234375E-01
 1.25000000E-01
 4.37500000E-01
 5.00000000E-01
 4.96093750E-01
 3.75000000E-01
 3.90625000E-01
 3.75000000E-01
 3.12500000E-01
 7.50000000E-01
 2.22656250E-01
 9.37500000E-01
 3.35937500E-01
 2.81250000E-01
 3.75000000E-01
 8.75000000E-01
 8.35937500E-01
 2.50000000E-01
 2.92968750E-01
 3.12500000E-01
 3.67187500E-01
 6.25000000E-01
 1.87500000E-01
 8.75000000E-01
 4.88281250E-01
 6.25000000E-02
 7.81250000E-03
 5.00000000E-01
 2.63671875E-01
 3.12500000E-02
 7.65625000E-01
 8.75000000E-01
 6.25000000E-02
 5.00000000E-01
 5.89843750E-01
 1.25000000E-01
 2.89062500E-01
 9.17968750E-01
 8.75000000E-01
 2.50000000E-01
 4.29687500E-01
 7.18750000E-01
 2.34375000E-01
 1.25000000E-01
 6.87500000E-01
 1.25000000E-01
 8.16406250E-01
 7.50000000E-01
 3.16406250E-01
 9.37500000E-01
 7.10937500E-01
 7.81250000E-01
 1.25000000E-01
 9.92187500E-01
 6.25000000E-02
 2.50000000E-01
 2.12890625E-01
 2.50000000E-01
 2.34375000E-01
 5.00000000E-01
 5.15625000E-01
 2.50000000E-01
 3.86718750E-01
 1.25000000E-01
 5.00000000E-01
 8.75000000E-01
 5.82031250E-01
 6.25000000E-02
 3.82812500E-01
 5.00000000E-01
 2.87109375E-01
 1.56250000E-02
 3.12500000E-02
 7.50000000E-01
 5.23437500E-01
 1.25000000E-01
 6.64062500E-01
 2.50000000E-01
 8.04687500E-01
 5.31250000E-01
 3.12500000E-01
 7.50000000E-01
 6.09375000E-01
 8.75000000E-01
 3.90625000E-01
 7.50000000E-01
 4.10156250E-01
 8.75000000E-01
 3.12500000E-01
 2.50000000E-01
 2.36328125E-01
 3.12500000E-02
 1.56250000E-01
 1.25000000E-01
 9.37500000E-01
 2.50000000E-01
 4.80468750E-01
 4.37500000E-01
 3.67187500E-01
 9.92187500E-01
 3.12500000E-01
 5.00000000E-01
 3.10546875E-01
 3.75000000E-01
 8.12500000E-01
 5.00000000E-01
 7.77343750E-01
 4.84375000E-01
 2.18750000E-01
 8.90625000E-01
 7.50000000E-01
 5.00000000E-01
 7.98828125E-01
 7.50000000E-01
 5.03906250E-01
 2.50000000E-01
 2.59765625E-01
 8.12500000E-01
 3.51562500E-01
 2.50000000E-01
 5.74218750E-01
 3.12500000E-02
 7.96875000E-01
 6.25000000E-01
 5.00000000E-01
 8.75000000E-01
 5.62500000E-01
 3.12500000E-02
 2.18750000E-01
 8.75000000E-01
 7.69531250E-01
 1.87500000E-01
 3.82812500E-01
 5.00000000E-01
 5.07812500E-01
 5.00000000E-01
 3.33984375E-01
 8.94531250E-01
 7.50000000E-01
 9.92187500E-01
 5.62500000E-01
 9.21875000E-01
 7.81250000E-01
 2.50000000E-01
 2.65625000E-01
 5.00000000E-01
 5.46875000E-01
 7.50000000E-01
 5.97656250E-01
 2.50000000E-01
 2.83203125E-01
 1.56250000E-02
 1.56250000E-01
 9.84375000E-01
 3.12500000E-02
 8.75000000E-01
 4.76562500E-01
 5.62500000E-01
 3.67187500E-01
 8.75000000E-01
 8.63281250E-01
 7.50000000E-01
 6.40625000E-01
 5.00000000E-01
 8.82812500E-01
 8.75000000E-01
 4.21875000E-01
 5.00000000E-01
 3.57421875E-01
 8.75000000E-01
 8.12500000E-01
 3.12500000E-02
 2.81250000E-01
 7.81250000E-01
 2.34375000E-01
 9.92187500E-01
 8.12500000E-01
 9.21875000E-01
 8.43750000E-01
 2.50000000E-01
 3.06640625E-01
 8.43750000E-01
 1.25000000E-01
 9.37500000E-01
 3.51562500E-01
 5.00000000E-01
 3.75000000E-01
 8.75000000E-01
 8.51562500E-01
 3.43750000E-01
 5.78125000E-01
 1.25000000E-01
 2.61718750E-01
 2.50000000E-01
 7.94921875E-01
 1.56250000E-02
 2.18750000E-01
 8.75000000E-01
 9.57031250E-01
 3.12500000E-01
 3.82812500E-01
 5.00000000E-01
 3.80859375E-01
 3.75000000E-01
 2.14843750E-01
 5.93750000E-01
 3.12500000E-01
 3.12500000E-02
 8.28125000E-01
 1.25000000E-01
 3.04687500E-01
 7.50000000E-01
 7.85156250E-01
 3.12500000E-02
 3.43750000E-01
 2.50000000E-01
 4.45312500E-01
 2.50000000E-01
 3.30078125E-01
 9.37500000E-01
 7.26562500E-01
 9.21875000E-01
 9.06250000E-01
 1.25000000E-01
 3.55468750E-01
 2.50000000E-01
 2.96875000E-01
 2.50000000E-01
 8.18359375E-01
 5.00000000E-01
 5.78125000E-01
 1.40625000E-01
 8.12500000E-01
 5.00000000E-01
 4.04296875E-01
 6.25000000E-02
 3.98437500E-01
 3.12500000E-02
 2.50000000E-01
 1.56250000E-02
 2.81250000E-01
 7.50000000E-01
 5.39062500E-01
 9.84375000E-01
 1.56250000E-01
 1.25000000E-01
 6.79687500E-01
 2.50000000E-01
 8.20312500E-01
 2.50000000E-01
 3.53515625E-01
 7.50000000E-01
 6.71875000E-01
 5.00000000E-01
 2.22656250E-01
 8.75000000E-01
 4.53125000E-01
 9.37500000E-02
 7.96875000E-01
 3.12500000E-02
 4.06250000E-01
 1.25000000E-01
 4.49218750E-01
 9.37500000E-02
 2.18750000E-01
 7.50000000E-01
 5.91796875E-01
 5.00000000E-01
 4.27734375E-01
 1.56250000E-02
 3.43750000E-01
 2.50000000E-01
 3.76953125E-01
 9.84375000E-01
 2.18750000E-01
 5.00000000E-01
 3.16406250E-01
 1.25000000E-01
 5.42968750E-01
 3.12500000E-02
 8.59375000E-01
 5.00000000E-01
 4.51171875E-01
 3.12500000E-02
 4.68750000E-01
 5.00000000E-01
 5.23437500E-01
 1.56250000E-02
 2.50000000E-01
 8.75000000E-01
 3.08593750E-01
 2.50000000E-01
 3.28125000E-01
 8.43750000E-01
 2.34375000E-01
 5.00000000E-01
 6.09375000E-01
 5.00000000E-01
 4.10156250E-01
 9.06250000E-01
 1.25000000E-01
 1.56250000E-02
 4.06250000E-01
 9.84375000E-01
 2.81250000E-01
 8.75000000E-01
 4.92187500E-01
 2.50000000E-01
 2.07031250E-01
 7.50000000E-01
 7.03125000E-01
 5.00000000E-01
 8.98437500E-01
 8.75000000E-01
 4.84375000E-01
 3.75000000E-01
 5.89843750E-01
 8.75000000E-01
 4.02343750E-01
 9.37500000E-02
 8.28125000E-01
 3.12500000E-02
 5.31250000E-01
 5.00000000E-01
 5.03906250E-01
 7.50000000E-01
 2.30468750E-01
 9.37500000E-01
 3.67187500E-01
 8.75000000E-01
 8.67187500E-01
 3.90625000E-02
 8.12500000E-01
 4.84375000E-01
 5.93750000E-01
 2.50000000E-01
 3.00781250E-01
 1.56250000E-02
 4.68750000E-01
 9.84375000E-01
 3.43750000E-01
 9.37500000E-02
 2.50000000E-01
 5.15625000E-01
 2.18750000E-01
 8.75000000E-01
 4.96093750E-01
 3.12500000E-02
 8.90625000E-01
 5.00000000E-01
 5.97656250E-01
 1.25000000E-01
 3.20312500E-01
 3.12500000E-02
 5.93750000E-01
 2.50000000E-01
 4.60937500E-01
 1.25000000E-01
 8.24218750E-01
 1.56250000E-01
 7.96875000E-01
 9.84375000E-01
 2.50000000E-01
 7.50000000E-01
 3.24218750E-01
 9.37500000E-01
 7.42187500E-01
 1.56250000E-01
 2.18750000E-01
 2.50000000E-01
 3.59375000E-01
 5.00000000E-01
 6.40625000E-01
 2.50000000E-01
 3.94531250E-01
 9.53125000E-01
 7.81250000E-01
 9.68750000E-01
 1.71875000E-01
 8.75000000E-01
 5.89843750E-01
 6.25000000E-02
 4.14062500E-01
 1.56250000E-02
 5.31250000E-01
 7.50000000E-01
 5.54687500E-01
 9.84375000E-01
 4.06250000E-01
 1.25000000E-01
 6.95312500E-01
 7.50000000E-01
 2.20703125E-01
 2.50000000E-01
 8.35937500E-01
 7.50000000E-01
 7.34375000E-01
 8.75000000E-01
 5.15625000E-01
 2.50000000E-01
 9.58984375E-01
 7.50000000E-01
 4.17968750E-01
 3.12500000E-02
 6.56250000E-01
 2.50000000E-01
 4.88281250E-01
 7.81250000E-01
 3.28125000E-01
 7.81250000E-03
 2.50000000E-01
 6.25000000E-02
 7.89062500E-01
 2.50000000E-01
 6.25000000E-02
 9.06250000E-01
 2.34375000E-01
 5.00000000E-01
 7.85156250E-01
 9.68750000E-01
 1.25000000E-01
 7.50000000E-01
 2.44140625E-01
 1.56250000E-02
 5.93750000E-01
 9.37500000E-01
 1.56250000E-02
 9.84375000E-01
 4.68750000E-01
 4.68750000E-01
 5.78125000E-01
 7.50000000E-01
 5.11718750E-01
 9.96093750E-01
 3.75000000E-01
 6.25000000E-02
 1.25000000E-01
 4.68750000E-02
 2.18750000E-01
 2.50000000E-01
 5.82031250E-01
 3.12500000E-02
 9.21875000E-01
 7.50000000E-01
 3.12500000E-02
 3.12500000E-02
 7.18750000E-01
 8.90625000E-01
 6.87500000E-01
 8.75000000E-01
 7.77343750E-01
 5.00000000E-01
 5.39062500E-01
 1.56250000E-01
 8.28125000E-01
 1.25000000E-01
 8.75000000E-01
 2.50000000E-01
 3.90625000E-01
 5.00000000E-01
 6.71875000E-01
 2.50000000E-01
 3.12500000E-01
 7.50000000E-01
 2.67578125E-01
 3.75000000E-01
 3.75000000E-01
 7.50000000E-01
 6.05468750E-01
 9.68750000E-01
 2.03125000E-01
 1.56250000E-02
 6.56250000E-01
 5.00000000E-01
 5.91796875E-01
 8.12500000E-01
 7.57812500E-01
 9.84375000E-01
 5.31250000E-01
 9.37500000E-01
 7.81250000E-03
 8.75000000E-01
 5.07812500E-01
 1.56250000E-01
 2.50000000E-01
 6.25000000E-02
 2.03125000E-01
 7.50000000E-01
 7.65625000E-01
 5.00000000E-01
 9.14062500E-01
 8.75000000E-01
 5.46875000E-01
 3.12500000E-02
 7.81250000E-01
 3.12500000E-02
 6.25000000E-01
 7.50000000E-01
 2.91015625E-01
 7.81250000E-01
 3.59375000E-01
 2.18750000E-01
 7.96875000E-01
 7.50000000E-01
 7.79296875E-01
 2.50000000E-01
 5.62500000E-01
 1.87500000E-01
 1.25000000E-01
 3.75000000E-01
 5.78125000E-01
 2.18750000E-01
 2.18750000E-01
 9.37500000E-01
 3.82812500E-01
 1.25000000E-01
 2.69531250E-01
 1.56250000E-02
 7.18750000E-01
 9.84375000E-01
 5.93750000E-01
 4.68750000E-01
 6.09375000E-01
 5.00000000E-01
 2.17773438E-01
 3.75000000E-01
 2.22656250E-01
 7.50000000E-01
 3.14453125E-01
 3.12500000E-02
 9.53125000E-01
 1.25000000E-01
 3.35937500E-01
 7.50000000E-01
 1.56250000E-01
 8.75000000E-01
 3.75000000E-01
 7.50000000E-01
 7.92968750E-01
 3.12500000E-02
 8.43750000E-01
 2.50000000E-01
 4.76562500E-01
 7.50000000E-01
 8.02734375E-01
 9.37500000E-01
 7.57812500E-01
 9.92187500E-01
 3.75000000E-01
 1.25000000E-01
 3.63281250E-01
 2.50000000E-01
 4.21875000E-01
 1.87500000E-01
 2.03125000E-01
 5.00000000E-01
 7.03125000E-01
 2.50000000E-01
 8.12500000E-01
 3.12500000E-01
 7.89062500E-01
 9.68750000E-01
 2.34375000E-01
 6.25000000E-02
 4.29687500E-01
 1.56250000E-02
 7.81250000E-01
 1.56250000E-02
 6.25000000E-01
 7.50000000E-01
 5.70312500E-01
 9.84375000E-01
 6.56250000E-01
 5.00000000E-01
 2.23632812E-01
 7.50000000E-01
 3.37890625E-01
 1.25000000E-01
 7.10937500E-01
 6.25000000E-02
 2.34375000E-01
 7.50000000E-01
 7.96875000E-01
 5.00000000E-01
 2.30468750E-01
 3.12500000E-01
 1.25000000E-01
 8.75000000E-01
 5.78125000E-01
 7.50000000E-01
 2.18750000E-01
 2.50000000E-01
 9.57031250E-01
 3.12500000E-02
 9.06250000E-01
 1.25000000E-01
 4.57031250E-01
 2.18750000E-01
 8.28125000E-01
 6.25000000E-02
 8.04687500E-01
 3.75000000E-01
 6.09375000E-01
 5.00000000E-01
 2.29492188E-01
 7.50000000E-01
 3.61328125E-01
 8.75000000E-01
 2.22656250E-01
 1.56250000E-02
 8.43750000E-01
 9.84375000E-01
 7.18750000E-01
 5.00000000E-01
 3.24218750E-01
 2.89062500E-01
 3.12500000E-01
 1.25000000E-01
 5.50781250E-01
 6.25000000E-01
 3.63281250E-01
 2.18750000E-01
 2.50000000E-01
 3.12500000E-01
 2.03125000E-01
 3.12500000E-02
 9.84375000E-01
 5.46875000E-01
 2.18750000E-01
 4.37500000E-01
 7.89062500E-01
 7.50000000E-01
 2.81250000E-01
 3.12500000E-02
 9.68750000E-01
 5.00000000E-01
 5.54687500E-01
 9.37500000E-02
 7.81250000E-01
 5.00000000E-01
 2.35351562E-01
 7.50000000E-01
 3.84765625E-01
 8.75000000E-01
 3.16406250E-01
 5.00000000E-01
 2.20703125E-01
 2.50000000E-01
 4.53125000E-01
 1.87500000E-01
 2.34375000E-01
 5.00000000E-01
 7.34375000E-01
 2.81250000E-01
 7.96875000E-01
 5.00000000E-01
 4.17968750E-01
 4.37500000E-01
 1.25000000E-01
 2.81250000E-01
 2.18750000E-01
 9.68750000E-01
 2.65625000E-01
 1.56250000E-02
 9.06250000E-01
 8.12500000E-01
 7.73437500E-01
 9.84375000E-01
 7.81250000E-01
 9.84375000E-01
 6.25000000E-01
 8.75000000E-01
 5.23437500E-01
 6.25000000E-02
 2.65625000E-01
 2.50000000E-01
 2.14843750E-01
 7.50000000E-01
 8.28125000E-01
 1.87500000E-01
 8.04687500E-01
 8.75000000E-01
 6.09375000E-01
 5.00000000E-01
 2.41210938E-01
 7.50000000E-01
 3.43750000E-01
 3.75000000E-01
 5.97656250E-01
 8.75000000E-01
 4.10156250E-01
 5.00000000E-01
 2.44140625E-01
 9.37500000E-02
 8.43750000E-01
 5.00000000E-01
 5.11718750E-01
 7.50000000E-01
 2.38281250E-01
 9.37500000E-01
 3.98437500E-01
 3.90625000E-03
 2.50000000E-01
 4.37500000E-01
 2.03125000E-01
 5.00000000E-01
 3.12500000E-02
 7.50000000E-01
 2.50000000E-01
 5.62500000E-01
 7.89062500E-01
 2.50000000E-01
 3.08593750E-01
 1.56250000E-02
 9.68750000E-01
 9.84375000E-01
 8.43750000E-01
 7.81250000E-03
 6.25000000E-01
 5.00000000E-01
 2.47070312E-01
 8.75000000E-01
 5.03906250E-01
 5.00000000E-01
 2.67578125E-01
 7.50000000E-01
 2.10937500E-01
 3.12500000E-01
 2.34375000E-01
 5.93750000E-01
 5.78125000E-01
 5.00000000E-01
 6.05468750E-01
 1.25000000E-01
 3.51562500E-01
 7.50000000E-01
 4.06250000E-01
 5.62500000E-01
 1.25000000E-01
 7.81250000E-02
 2.18750000E-01
 2.50000000E-01
 4.92187500E-01
 7.50000000E-01
 3.32031250E-01
 9.37500000E-01
 7.73437500E-01
 2.50000000E-01
 2.16796875E-01
 2.50000000E-01
 4.84375000E-01
 5.00000000E-01
 7.65625000E-01
 2.50000000E-01
 4.02343750E-01
 3.12500000E-01
 8.04687500E-01
 5.00000000E-01
 9.37500000E-02
 2.81250000E-01
 3.43750000E-01
 9.68750000E-01
 2.96875000E-01
 5.00000000E-01
 2.52929688E-01
 7.50000000E-01
 4.55078125E-01
 8.75000000E-01
 5.97656250E-01
 6.25000000E-02
 4.45312500E-01
 3.12500000E-02
 7.50000000E-01
 5.00000000E-01
 2.91015625E-01
 7.50000000E-01
 5.85937500E-01
 9.84375000E-01
 9.06250000E-01
 1.25000000E-01
 7.26562500E-01
 6.25000000E-02
 2.96875000E-01
 7.50000000E-01
 8.59375000E-01
 8.75000000E-01
 6.40625000E-01
 7.50000000E-01
 4.25781250E-01
 2.81250000E-01
 2.50000000E-01
 7.50000000E-01
 4.68750000E-01
 5.62500000E-01
 2.03125000E-01
 2.50000000E-01
 2.40234375E-01
 6.87500000E-01
 7.89062500E-01
 2.50000000E-01
 4.96093750E-01
 1.56250000E-01
 7.81250000E-01
 9.21875000E-01
 9.37500000E-01
 5.00000000E-01
 2.58789062E-01
 6.25000000E-02
 8.20312500E-01
 5.00000000E-01
 3.14453125E-01
 7.50000000E-01
 9.60937500E-01
 4.37500000E-01
 2.34375000E-01
 5.00000000E-01
 1.56250000E-01
 3.43750000E-01
 7.96875000E-01
 2.81250000E-01
 4.06250000E-01
 5.00000000E-01
 7.92968750E-01
 6.25000000E-01
 3.51562500E-01
 6.87500000E-01
 1.25000000E-01
 5.00000000E-01
 8.02734375E-01
 3.43750000E-01
 2.18750000E-01
 9.84375000E-01
 9.68750000E-01
 7.50000000E-01
 5.19531250E-01
 2.50000000E-01
 2.63671875E-01
 5.93750000E-01
 6.09375000E-01
 4.37500000E-01
 8.04687500E-01
 7.50000000E-01
 5.31250000E-01
 5.00000000E-01
 2.64648438E-01
 6.56250000E-01
 3.75000000E-01
 8.75000000E-01
 7.85156250E-01
 5.00000000E-01
 5.70312500E-01
 5.00000000E-01
 3.37890625E-01
 1.56250000E-02
 7.50000000E-01
 1.56250000E-01
 8.43750000E-01
 2.50000000E-01
 5.15625000E-01
 5.00000000E-01
 7.96875000E-01
 8.43750000E-01
 8.12500000E-01
 5.00000000E-01
 2.18750000E-01
 7.50000000E-01
 6.13281250E-01
 9.68750000E-01
 3.28125000E-01
 6.87500000E-01
 2.03125000E-01
 2.50000000E-01
 2.87109375E-01
 8.12500000E-01
 7.89062500E-01
 8.75000000E-01
 5.39062500E-01
 6.25000000E-02
 3.28125000E-01
 4.68750000E-02
 7.81250000E-01
 5.00000000E-01
 2.70507812E-01
 7.50000000E-01
 8.90625000E-01
 1.87500000E-01
 8.20312500E-01
 5.00000000E-01
 9.45312500E-01
 8.75000000E-01
 6.71875000E-01
 5.00000000E-01
 3.61328125E-01
 7.50000000E-01
 5.93750000E-01
 5.62500000E-01
 2.34375000E-01
 8.12500000E-01
 1.25000000E-01
 2.50000000E-01
 3.10546875E-01
 9.37500000E-01
 4.14062500E-01
 5.00000000E-01
 2.81250000E-01
 1.25000000E-01
 2.77343750E-01
 2.50000000E-01
 7.98828125E-01
 5.62500000E-01
 8.04687500E-01
 5.00000000E-01
 2.76367188E-01
 5.00000000E-01
 3.84765625E-01
 4.68750000E-02
 8.43750000E-01
 7.50000000E-01
 2.26562500E-01
 5.46875000E-02
 8.12500000E-01
 1.25000000E-01
 3.67187500E-01
 7.50000000E-01
 6.56250000E-01
 7.50000000E-01
 8.00781250E-01
 2.50000000E-01
 5.07812500E-01
 3.43750000E-01
 2.50000000E-01
 2.50000000E-01
 3.33984375E-01
 8.90625000E-01
 8.75000000E-01
 5.78125000E-01
 2.18750000E-01
 9.84375000E-01
 7.50000000E-01
 9.37500000E-01
 7.89062500E-01
 1.25000000E-01
 3.71093750E-01
 2.50000000E-01
 5.46875000E-01
 5.00000000E-01
 8.28125000E-01
 5.00000000E-01
 2.82226562E-01
 7.50000000E-01
 5.72265625E-01
 5.00000000E-01
 3.43750000E-01
 5.00000000E-01
 4.08203125E-01
 9.68750000E-01
 3.59375000E-01
 6.87500000E-01
 2.34375000E-01
 6.25000000E-02
 4.60937500E-01
 4.06250000E-01
 7.96875000E-01
 7.50000000E-01
 6.01562500E-01
 9.37500000E-01
 1.25000000E-01
 4.06250000E-01
 2.18750000E-01
 8.94531250E-01
 8.75000000E-01
 1.25000000E-01
 7.42187500E-01
 6.25000000E-02
 3.59375000E-01
 2.50000000E-01
 3.57421875E-01
 7.50000000E-01
 9.21875000E-01
 5.00000000E-01
 2.38281250E-01
 8.75000000E-01
 7.03125000E-01
 5.00000000E-01
 2.50000000E-01
 7.50000000E-01
 7.18750000E-01
 1.25000000E-01
 4.64843750E-01
 6.87500000E-01
 8.04687500E-01
 5.00000000E-01
 2.88085938E-01
 7.50000000E-01
 5.95703125E-01
 7.18750000E-01
 3.75000000E-01
 5.00000000E-01
 4.31640625E-01
 7.81250000E-03
 7.50000000E-01
 6.25000000E-02
 8.35937500E-01
 5.00000000E-01
 2.10937500E-01
 2.50000000E-01
 3.75000000E-01
 5.00000000E-01
 4.06250000E-01
 8.75000000E-01
 2.30468750E-01
 9.06250000E-01
 8.12500000E-01
 6.25000000E-01
 3.67187500E-01
 9.68750000E-01
 6.25000000E-02
 9.37500000E-01
 2.03125000E-01
 5.00000000E-01
 3.32031250E-01
 1.25000000E-01
 5.58593750E-01
 6.25000000E-02
 6.25000000E-02
 5.00000000E-01
 2.93945312E-01
 3.90625000E-03
 6.25000000E-01
 7.50000000E-01
 7.81250000E-01
 7.50000000E-01
 6.25000000E-01
 8.12500000E-01
 2.34375000E-01
 5.00000000E-01
 5.85937500E-01
 1.25000000E-01
 1.56250000E-02
 8.75000000E-01
 3.24218750E-01
 1.09375000E-01
 2.18750000E-01
 2.50000000E-01
 5.78125000E-01
 5.00000000E-01
 8.59375000E-01
 5.00000000E-01
 4.25781250E-01
 5.00000000E-01
 4.68750000E-01
 9.68750000E-01
 3.90625000E-01
 9.68750000E-01
 3.12500000E-01
 8.12500000E-01
 8.04687500E-01
 8.75000000E-01
 5.54687500E-01
 5.00000000E-01
 2.99804688E-01
 6.25000000E-02
 3.90625000E-01
 6.25000000E-02
 3.12500000E-01
 2.50000000E-01
 2.22656250E-01
 7.50000000E-01
 9.53125000E-01
 5.00000000E-01
 9.60937500E-01
 8.75000000E-01
 7.34375000E-01
 7.50000000E-01
 8.43750000E-01
 8.75000000E-01
 4.17968750E-01
 3.12500000E-02
 1.87500000E-01
 4.06250000E-01
 2.50000000E-01
 5.00000000E-01
 5.19531250E-01
 1.25000000E-01
 7.81250000E-03
 7.50000000E-01
 2.46093750E-01
 9.37500000E-01
 4.29687500E-01
 5.00000000E-01
 5.31250000E-01
 8.75000000E-01
 9.29687500E-01
 5.00000000E-01
 3.05664062E-01
 9.68750000E-01
 5.62500000E-01
 2.50000000E-01
 3.16406250E-01
 9.37500000E-01
 2.34375000E-01
 4.68750000E-01
 7.96875000E-01
 8.75000000E-01
 5.11718750E-01
 4.68750000E-01
 2.18750000E-01
 6.25000000E-02
 5.62500000E-01
 7.50000000E-01
 2.42187500E-01
 3.12500000E-01
 3.59375000E-01
 8.98437500E-01
 8.12500000E-01
 5.00000000E-01
 6.13281250E-01
 1.25000000E-01
 3.82812500E-01
 7.50000000E-01
 9.06250000E-01
 8.75000000E-01
 3.12500000E-02
 2.50000000E-01
 5.23437500E-01
 7.18750000E-01
 6.09375000E-01
 3.12500000E-02
 4.37500000E-01
 7.50000000E-01
 3.39843750E-01
 9.37500000E-01
 8.04687500E-01
 5.00000000E-01
 3.11523438E-01
 5.00000000E-01
 7.93945312E-01
 7.81250000E-01
 3.75000000E-01
 2.50000000E-01
 6.09375000E-01
 5.00000000E-01
 8.90625000E-01
 2.50000000E-01
 4.10156250E-01
 1.87500000E-01
 3.12500000E-01
 5.00000000E-01
 5.93750000E-01
 9.68750000E-01
 4.21875000E-01
 3.75000000E-01
 7.92968750E-01
 8.75000000E-01
 6.05468750E-01
 6.25000000E-02
 4.76562500E-01
 9.68750000E-01
 8.12500000E-01
 7.50000000E-01
 6.17187500E-01
 1.56250000E-02
 1.87500000E-01
 1.25000000E-01
 7.57812500E-01
 2.89062500E-01
 3.75000000E-01
 6.25000000E-02
 4.21875000E-01
 7.50000000E-01
 2.24609375E-01
 6.25000000E-02
 8.12500000E-01
 7.50000000E-01
 9.84375000E-01
 8.75000000E-01
 7.65625000E-01
 7.50000000E-01
 4.33593750E-01
 7.50000000E-01
 9.68750000E-01
 5.00000000E-01
 3.17382812E-01
 7.81250000E-02
 7.81250000E-01
 5.00000000E-01
 7.99804688E-01
 3.12500000E-02
 6.87500000E-01
 3.75000000E-01
 5.70312500E-01
 2.50000000E-01
 5.03906250E-01
 1.25000000E-01
 3.90625000E-03
 7.81250000E-01
 5.78125000E-01
 6.25000000E-02
 8.51562500E-01
 5.00000000E-01
 2.26562500E-01
 3.75000000E-01
 7.96875000E-01
 3.12500000E-02
 5.00000000E-01
 7.50000000E-01
 9.92187500E-01
 5.00000000E-01
 6.56250000E-01
 3.75000000E-01
 2.18750000E-01
 5.00000000E-01
 8.00781250E-01
 7.50000000E-01
 2.48046875E-01
 9.37500000E-01
 2.65625000E-01
 1.56250000E-02
 4.37500000E-01
 7.50000000E-01
 5.27343750E-01
 5.00000000E-01
 3.23242188E-01
 5.00000000E-01
 8.05664062E-01
 5.00000000E-01
 5.72265625E-01
 3.12500000E-01
 3.90625000E-01
 2.50000000E-01
 5.97656250E-01
 3.12500000E-01
 3.12500000E-01
 8.75000000E-01
 1.56250000E-01
 7.81250000E-02
 8.43750000E-01
 8.75000000E-01
 7.92968750E-01
 5.00000000E-01
 6.01562500E-01
 3.12500000E-02
 9.37500000E-01
 5.78125000E-01
 5.93750000E-01
 9.37500000E-02
 1.87500000E-01
 2.50000000E-01
 6.40625000E-01
 4.68750000E-01
 2.50000000E-01
 9.21875000E-01
 8.75000000E-01
 5.00000000E-01
 9.21875000E-01
 6.09375000E-01
 2.18750000E-01
 7.50000000E-01
 2.71484375E-01
 1.87500000E-01
 8.12500000E-01
 5.00000000E-01
 7.18750000E-01
 3.75000000E-01
 2.81250000E-01
 9.68750000E-01
 4.53125000E-01
 5.00000000E-01
 3.29101562E-01
 5.00000000E-01
 5.95703125E-01
 1.56250000E-02
 6.87500000E-01
 8.75000000E-01
 5.70312500E-01
 9.84375000E-01
 1.87500000E-01
 6.25000000E-02
 4.53125000E-01
 5.31250000E-01
 7.96875000E-01
 5.31250000E-01
 2.18750000E-01
 8.75000000E-01
 7.96875000E-01
 1.56250000E-02
 5.00000000E-01
 5.62500000E-01
 3.59375000E-01
 8.75000000E-01
 2.18750000E-01
 7.50000000E-01
 2.94921875E-01
 7.81250000E-01
 6.09375000E-01
 5.00000000E-01
 3.34960938E-01
 9.96093750E-01
 2.50000000E-01
 7.50000000E-01
 7.83203125E-01
 3.75000000E-01
 8.28125000E-01
 8.43750000E-01
 3.75000000E-01
 9.37500000E-01
 4.45312500E-01
 5.00000000E-01
 7.81250000E-01
 3.90625000E-03
 7.50000000E-01
 2.50000000E-01
 7.85156250E-01
 3.75000000E-01
 3.43750000E-01
 5.00000000E-01
 6.25000000E-01
 4.37500000E-01
 3.12500000E-01
 1.25000000E-01
 2.85156250E-01
 7.50000000E-01
 7.50000000E-01
 9.37500000E-01
 2.96875000E-01
 1.56250000E-02
 9.37500000E-01
 9.84375000E-01
 4.37500000E-01
 7.81250000E-03
 1.87500000E-01
 1.95312500E-03
 2.50000000E-01
 7.50000000E-01
 2.57812500E-01
 3.75000000E-01
 2.38281250E-01
 7.50000000E-01
 3.18359375E-01
 3.12500000E-01
 8.12500000E-01
 1.25000000E-01
 3.98437500E-01
 3.75000000E-01
 2.50000000E-01
 8.75000000E-01
 2.81250000E-01
 7.50000000E-01
 8.08593750E-01
 2.50000000E-01
 5.39062500E-01
 8.12500000E-01
 3.28125000E-01
 7.50000000E-01
 8.06640625E-01
 1.25000000E-01
 3.78906250E-01
 2.50000000E-01
 6.71875000E-01
 5.00000000E-01
 9.53125000E-01
 3.75000000E-01
 2.10937500E-01
 1.40625000E-01
 2.18750000E-01
 5.00000000E-01
 8.43750000E-01
 3.75000000E-01
 4.06250000E-01
 9.68750000E-01
 4.84375000E-01
 6.25000000E-02
 4.92187500E-01
 2.50000000E-01
 5.91796875E-01
 7.50000000E-01
 6.32812500E-01
 7.50000000E-01
 3.41796875E-01
 9.84375000E-01
 6.87500000E-01
 1.25000000E-01
 7.73437500E-01
 7.81250000E-03
 4.37500000E-01
 6.25000000E-02
 4.84375000E-01
 5.00000000E-01
 2.46093750E-01
 8.75000000E-01
 8.28125000E-01
 9.84375000E-01
 5.00000000E-01
 8.75000000E-01
 3.43750000E-01
 5.62500000E-01
 3.12500000E-01
 1.25000000E-01
 4.72656250E-01
 3.75000000E-01
 5.85937500E-01
 5.00000000E-01
 5.90820312E-01
 1.56250000E-01
 1.87500000E-01
 5.00000000E-01
 2.42187500E-01
 5.31250000E-01
 2.50000000E-01
 7.50000000E-01
 3.65234375E-01
 5.00000000E-01
 9.06250000E-01
 8.75000000E-01
 2.38281250E-01
 8.75000000E-01
 2.50000000E-01
 7.50000000E-01
 9.96093750E-01
 9.37500000E-01
 3.28125000E-01
 5.00000000E-01
 3.39843750E-01
 9.84375000E-01
 9.37500000E-01
 7.81250000E-03
 6.87500000E-01
 4.68750000E-01
 5.93750000E-01
 9.92187500E-01
 2.50000000E-01
 1.25000000E-01
 5.66406250E-01
 9.98046875E-01
 2.50000000E-01
 5.93750000E-01
 7.96875000E-01
 5.93750000E-01
 2.18750000E-01
 7.81250000E-03
 5.00000000E-01
 8.75000000E-01
 4.06250000E-01
 8.12500000E-01
 3.59375000E-01
 5.00000000E-01
 6.17187500E-01
 7.50000000E-01
 3.88671875E-01
 8.75000000E-01
 3.32031250E-01
 5.00000000E-01
 2.24609375E-01
 2.50000000E-01
 7.03125000E-01
 6.25000000E-01
 7.73437500E-01
 5.00000000E-01
 9.84375000E-01
 5.00000000E-01
 4.33593750E-01
 5.00000000E-01
 9.68750000E-01
 9.06250000E-01
 3.75000000E-01
 9.68750000E-01
 5.15625000E-01
 6.87500000E-01
 3.12500000E-01
 8.75000000E-01
 5.85937500E-01
 7.81250000E-03
 9.37500000E-01
 6.25000000E-02
 5.15625000E-01
 2.50000000E-01
 2.30468750E-01
 5.00000000E-01
 9.92187500E-01
 8.75000000E-01
 8.59375000E-01
 8.75000000E-01
 4.25781250E-01
 8.75000000E-01
 4.68750000E-01
 5.00000000E-01
 2.48046875E-01
 5.00000000E-01
 5.27343750E-01
 1.09375000E-01
 7.81250000E-01
 7.50000000E-01
 2.53906250E-01
 9.37500000E-01
 4.60937500E-01
 8.75000000E-01
 9.60937500E-01
 3.75000000E-01
 5.93750000E-01
 2.50000000E-01
 3.24218750E-01
 9.37500000E-01
 3.59375000E-01
 8.75000000E-01
 5.19531250E-01
 5.00000000E-01
 2.71484375E-01
 7.50000000E-01
 2.73437500E-01
 5.00000000E-01
 6.21093750E-01
 1.25000000E-01
 4.14062500E-01
 5.93750000E-01
 3.43750000E-01
 8.75000000E-01
 5.31250000E-01
 2.50000000E-01
 5.54687500E-01
 8.12500000E-01
 3.12500000E-01
 7.50000000E-01
 3.47656250E-01
 1.25000000E-01
 1.71875000E-01
 1.09375000E-01
 8.43750000E-01
 2.50000000E-01
 2.20703125E-01
 2.50000000E-01
 7.34375000E-01
 7.03125000E-02
 8.12500000E-01
 3.75000000E-01
 2.26562500E-01
 2.50000000E-01
 4.17968750E-01
 2.18750000E-01
 1.87500000E-01
 5.93750000E-01
 2.50000000E-01
 9.68750000E-01
 5.46875000E-01
 3.75000000E-01
 8.00781250E-01
 8.75000000E-01
 6.13281250E-01
 6.25000000E-02
 5.07812500E-01
 6.40625000E-01
 2.18750000E-01
 5.00000000E-01
 2.94921875E-01
 7.50000000E-01
 6.48437500E-01
 9.37500000E-01
 6.25000000E-02
 6.25000000E-02
 5.46875000E-01
 5.31250000E-01
 5.93750000E-01
 8.75000000E-01
 8.90625000E-01
 7.50000000E-01
 4.41406250E-01
 6.56250000E-01
 7.96875000E-01
 5.00000000E-01
 7.50000000E-01
 2.50000000E-01
 2.44140625E-01
 8.75000000E-01
 5.93750000E-01
 6.56250000E-01
 2.18750000E-01
 3.75000000E-01
 6.01562500E-01
 2.50000000E-01
 5.11718750E-01
 1.25000000E-01
 1.25000000E-01
 5.00000000E-01
 2.57812500E-01
 5.00000000E-01
 3.18359375E-01
 2.50000000E-01
 3.12500000E-02
 2.96875000E-01
 3.12500000E-01
 5.00000000E-01
 8.08593750E-01
 5.00000000E-01
 8.06640625E-01
 9.68750000E-01
 3.75000000E-01
 9.37500000E-01
 3.90625000E-01
 9.37500000E-01
 3.12500000E-01
 7.50000000E-01
 5.35156250E-01
 2.50000000E-01
 2.67578125E-01
 9.96093750E-01
 6.25000000E-01
 8.92578125E-01
 7.50000000E-01
 6.25000000E-02
 3.75000000E-01
 8.75000000E-01
 2.26562500E-01
 2.50000000E-01
 6.05468750E-01
 8.75000000E-01
 6.56250000E-01
 7.50000000E-01
 1.87500000E-01
 8.75000000E-01
 8.00781250E-01
 5.00000000E-01
 6.32812500E-01
 5.00000000E-01
 3.41796875E-01
 8.12500000E-01
 8.12500000E-01
 1.25000000E-01
 2.03125000E-01
 2.50000000E-01
 7.65625000E-01
 6.25000000E-01
 7.89062500E-01
 3.75000000E-01
 7.81250000E-01
 9.68750000E-01
 5.78125000E-01
 2.50000000E-01
 2.91015625E-01
 1.71875000E-01
 2.18750000E-01
 8.75000000E-01
 6.01562500E-01
 9.37500000E-01
 5.62500000E-01
 6.25000000E-01
 1.25000000E-01
 6.25000000E-02
 5.78125000E-01
 8.75000000E-01
 9.21875000E-01
 5.00000000E-01
 3.65234375E-01
 8.75000000E-01
 7.18750000E-01
 7.50000000E-01
 4.37500000E-01
 5.00000000E-01
 9.96093750E-01
 3.12500000E-02
 8.75000000E-01
 2.50000000E-01
 3.14453125E-01
 2.50000000E-01
 1.56250000E-01
 1.87500000E-01
 3.75000000E-01
 9.37500000E-01
 4.76562500E-01
 2.50000000E-01
 7.92968750E-01
 3.75000000E-01
 8.43750000E-01
 1.25000000E-01
 2.92968750E-01
 2.50000000E-01
 8.02734375E-01
 2.81250000E-01
 1.87500000E-01
 6.56250000E-01
 2.50000000E-01
 9.37500000E-01
 4.21875000E-01
 5.00000000E-01
 3.88671875E-01
 9.37500000E-01
 8.12500000E-01
 6.25000000E-01
 2.03125000E-01
 7.50000000E-01
 2.89062500E-01
 1.25000000E-01
 4.29687500E-01
 5.93750000E-01
 5.93750000E-01
 8.75000000E-01
 7.81250000E-01
 7.50000000E-01
 6.87500000E-01
 8.75000000E-01
 6.25000000E-01
 2.50000000E-01
 5.70312500E-01
 2.50000000E-01
 3.37890625E-01
 7.18750000E-01
 7.96875000E-01
 1.25000000E-01
 2.34375000E-01
 7.18750000E-01
 2.18750000E-01
 3.90625000E-03
 5.00000000E-01
 1.25000000E-01
 3.86718750E-01
 2.50000000E-01
 7.96875000E-01
 7.50000000E-01
 5.00000000E-01
 9.92187500E-01
 6.25000000E-01
 3.75000000E-01
 2.42187500E-01
 9.14062500E-01
 8.12500000E-01
 2.50000000E-01
 2.18750000E-01
 5.00000000E-01
 4.12109375E-01
 9.68750000E-01
 6.09375000E-01
 2.81250000E-01
 4.37500000E-01
 6.25000000E-02
 5.23437500E-01
 7.50000000E-01
 6.64062500E-01
 1.56250000E-02
 8.75000000E-01
 1.25000000E-01
 8.04687500E-01
 6.25000000E-02
 6.09375000E-01
 2.50000000E-01
 3.61328125E-01
 5.00000000E-01
 2.53906250E-01
 8.75000000E-01
 9.53125000E-01
 3.12500000E-01
 3.75000000E-01
 8.75000000E-01
 8.43750000E-01
 7.50000000E-01
 9.37500000E-01
 1.25000000E-01
 4.80468750E-01
 7.50000000E-01
 5.99609375E-01
 5.00000000E-01
 4.35546875E-01
 5.00000000E-01
 2.73437500E-01
 2.50000000E-01
 2.81250000E-01
 8.75000000E-01
 2.46093750E-01
 9.37500000E-01
 4.53125000E-01
 5.00000000E-01
 3.47656250E-01
 6.25000000E-01
 2.34375000E-01
 1.25000000E-01
 5.74218750E-01
 3.12500000E-01
 5.78125000E-01
 8.75000000E-01
 2.42187500E-01
 8.75000000E-01
 9.06250000E-01
 5.00000000E-01
 6.48437500E-01
 1.25000000E-01
 2.65625000E-01
 8.75000000E-01
 3.39843750E-01
 2.50000000E-01
 8.28125000E-01
 6.25000000E-01
 8.04687500E-01
 2.50000000E-01
 3.43750000E-01
 5.00000000E-01
 4.41406250E-01
 9.68750000E-01
 6.40625000E-01
 4.37500000E-01
 3.75000000E-01
 3.43750000E-01
 1.87500000E-01
 8.12500000E-01
 8.67187500E-01
 8.75000000E-01
 6.17187500E-01
 7.18750000E-01
 2.50000000E-01
 9.84375000E-01
 8.75000000E-01
 6.25000000E-02
 6.40625000E-01
 6.71875000E-01
 2.18750000E-01
 2.50000000E-01
 2.38281250E-01
 8.75000000E-01
 9.84375000E-01
 2.50000000E-01
 2.50000000E-01
 8.75000000E-01
 4.33593750E-01
 8.75000000E-01
 9.68750000E-01
 5.00000000E-01
 5.35156250E-01
 7.81250000E-01
 7.96875000E-01
 2.50000000E-01
 2.10937500E-01
 7.81250000E-01
 2.18750000E-01
 9.96093750E-01
 7.50000000E-01
 6.25000000E-01
 5.74218750E-01
 2.50000000E-01
 4.06250000E-01
 7.50000000E-01
 2.61718750E-01
 9.37500000E-01
 4.92187500E-01
 4.37500000E-01
 5.78125000E-01
 8.75000000E-01
 9.92187500E-01
 5.00000000E-01
 1.87500000E-01
 2.50000000E-01
 3.32031250E-01
 9.37500000E-01
 4.84375000E-01
 6.25000000E-01
 2.65625000E-01
 8.75000000E-01
 5.27343750E-01
 7.81250000E-03
 8.75000000E-01
 7.50000000E-01
 3.04687500E-01
 1.95312500E-03
 7.50000000E-01
 5.00000000E-01
 6.28906250E-01
 1.25000000E-01
 4.45312500E-01
 2.50000000E-01
 5.85937500E-01
 5.62500000E-01
 3.75000000E-01
 7.50000000E-01
 3.55468750E-01
 9.37500000E-01
 8.67187500E-01
 1.25000000E-01
 2.96875000E-01
 2.50000000E-01
 8.59375000E-01
 8.43750000E-01
 7.65625000E-01
 2.50000000E-01
 4.25781250E-01
 2.50000000E-01
 4.68750000E-01
 5.00000000E-01
 4.37500000E-01
 9.68750000E-01
 6.71875000E-01
 3.75000000E-01
 8.08593750E-01
 6.25000000E-02
 5.39062500E-01
 7.50000000E-01
 6.79687500E-01
 1.25000000E-01
 8.20312500E-01
 6.25000000E-02
 6.71875000E-01
 7.50000000E-01
 2.28515625E-01
 2.50000000E-01
 9.60937500E-01
 2.03125000E-01
 2.18750000E-01
 7.50000000E-01
 4.49218750E-01
 5.62500000E-01
 5.78125000E-01
 7.81250000E-01
 3.43750000E-01
 5.00000000E-01
 2.89062500E-01
 2.50000000E-01
 5.31250000E-01
 9.06250000E-01
 7.34375000E-01
 4.37500000E-01
 6.09375000E-01
 5.00000000E-01
 6.87500000E-01
 5.00000000E-01
 8.16406250E-01
 8.75000000E-01
 7.50000000E-01
 7.50000000E-01
 2.51953125E-01
 6.87500000E-01
 3.75000000E-01
 9.37500000E-01
 5.15625000E-01
 7.50000000E-01
 5.42968750E-01
 4.06250000E-01
 1.87500000E-01
 5.00000000E-01
 5.00000000E-01
 7.81250000E-01
 2.50000000E-01
 9.92187500E-01
 7.50000000E-01
 8.75000000E-01
 2.57812500E-01
 9.98046875E-01
 7.50000000E-01
 5.00000000E-01
 6.64062500E-01
 1.25000000E-01
 3.28125000E-01
 2.50000000E-01
 8.90625000E-01
 8.43750000E-01
 7.96875000E-01
 7.50000000E-01
 2.75390625E-01
 2.50000000E-01
 5.93750000E-01
 8.43750000E-01
 2.18750000E-01
 6.25000000E-01
 9.49218750E-01
 7.50000000E-01
 6.36718750E-01
 5.00000000E-01
 9.37500000E-01
 9.68750000E-01
 7.03125000E-01
 8.75000000E-01
 6.32812500E-01
 1.25000000E-01
 2.07031250E-01
 6.25000000E-02
 7.03125000E-01
 5.62500000E-01
 6.09375000E-01
 5.00000000E-01
 2.13867188E-01
 7.50000000E-01
 2.98828125E-01
 8.12500000E-01
 3.75000000E-01
 2.50000000E-01
 2.26562500E-01
 7.50000000E-01
 7.87109375E-01
 2.50000000E-01
 6.56250000E-01
 9.06250000E-01
 7.65625000E-01
 9.37500000E-01
 5.07812500E-01
 2.50000000E-01
 8.00781250E-01
 1.25000000E-01
 3.00781250E-01
 8.75000000E-01
 9.96093750E-01
 9.37500000E-01
 5.46875000E-01
 2.50000000E-01
 5.72265625E-01
 7.50000000E-01
 3.20312500E-01
 5.00000000E-01
 2.19726562E-01
 7.50000000E-01
 3.22265625E-01
 1.25000000E-01
 4.60937500E-01
 2.50000000E-01
 6.01562500E-01
 8.12500000E-01
 5.78125000E-01
 9.37500000E-01
 8.82812500E-01
 1.25000000E-01
 3.59375000E-01
 1.25000000E-01
 3.94531250E-01
 2.50000000E-01
 9.21875000E-01
 2.50000000E-01
 7.18750000E-01
 2.96875000E-01
 3.75000000E-01
 9.68750000E-01
 7.34375000E-01
 6.87500000E-01
 6.09375000E-01
 6.25000000E-02
 5.54687500E-01
 2.50000000E-01
 5.95703125E-01
