 7.78857488E-01
 7.06597916E-01
 7.23923728E-01
 7.80868306E-01
 8.30633745E-01
 8.70741170E-01
 9.02779443E-01
 7.90655125E-01
 7.27507439E-01
 7.53156545E-01
 8.09661734E-01
 8.60878214E-01
 8.97662184E-01
 8.34527614E-01
 7.93613444E-01
 8.26159893E-01
 8.74334565E-01
 9.18855556E-01
 9.46676057E-01
 8.78990690E-01
 8.54171478E-01
 8.84700490E-01
 9.20922023E-01
 9.07333546E-01
 8.93311980E-01
 9.23137092E-01
 9.30583669E-01
 9.22229813E-01
 9.45019168E-01
 9.50939735E-01
 8.51169196E-01
 7.99007407E-01
 8.10632486E-01
 8.48052629E-01
 8.83643662E-01
 9.10905083E-01
 9.31767494E-01
 8.14171124E-01
 7.58347806E-01
 7.85557177E-01
 8.38718433E-01
 8.89548082E-01
 9.22581600E-01
 8.31593743E-01
 7.92836082E-01
 8.32889718E-01
 8.86199915E-01
 9.37463117E-01
 8.67322921E-01
 8.46952512E-01
 8.89562875E-01
 9.24436825E-01
 8.95370705E-01
 8.89979721E-01
 9.35246772E-01
 9.19506107E-01
 9.21707017E-01
 8.55886617E-01
 8.76122869E-01
 8.38957306E-01
 8.57193306E-01
 8.90661273E-01
 9.23111633E-01
 9.44696509E-01
 8.42866627E-01
 8.03625406E-01
 8.37857525E-01
 8.86678526E-01
 9.33240785E-01
 8.59574970E-01
 8.35949519E-01
 8.81668338E-01
 9.27734934E-01
 8.92075449E-01
 8.86420815E-01
 9.31895872E-01
 9.19814229E-01
 9.27787629E-01
 8.67849486E-01
 9.02570504E-01
 8.76798609E-01
 8.95948153E-01
 9.23872793E-01
 8.78189416E-01
 8.54394274E-01
 8.88692199E-01
 8.94864844E-01
 8.85398842E-01
 9.26812351E-01
 9.21074538E-01
 9.21750677E-01
 9.04844393E-01
 9.25586150E-01
 9.49055557E-01
 9.05934300E-01
 8.95217567E-01
 9.29900181E-01
 9.24633926E-01
 9.27362198E-01
 9.36507525E-01
 9.23337718E-01
 9.40710939E-01
 9.23350020E-01
 9.14321917E-01
 8.97406979E-01
 9.46991867E-01
 8.48542964E-01
 7.95708194E-01
 8.07772580E-01
 8.46672740E-01
 8.83445750E-01
 9.11343611E-01
 8.13605190E-01
 7.58318082E-01
 7.86253233E-01
 8.40029204E-01
 8.91132078E-01
 9.23945494E-01
 8.32747131E-01
 7.95387792E-01
 8.36126451E-01
 8.88911755E-01
 8.69224583E-01
 8.49910193E-01
 8.92375287E-01
 8.97428452E-01
 8.92441410E-01
 9.20940245E-01
 8.30914209E-01
 7.75450465E-01
 7.95440616E-01
 8.44248226E-01
 8.91371101E-01
 7.83301619E-01
 7.15302275E-01
 7.47465765E-01
 8.20899693E-01
 8.03841591E-01
 7.49115758E-01
 7.88912073E-01
 8.49810097E-01
 8.22179846E-01
 8.88348972E-01
 8.51694645E-01
 8.10400827E-01
 8.38432301E-01
 8.86764422E-01
 8.13215593E-01
 7.54394516E-01
 7.85301683E-01
 8.38713589E-01
 7.83484410E-01
 8.02271890E-01
 8.85292891E-01
 8.83094729E-01
 8.57680701E-01
 8.87720059E-01
 8.58225946E-01
 8.22400254E-01
 8.83984441E-01
 9.09068556E-01
 8.97080087E-01
 9.28382440E-01
 8.96467973E-01
 9.25613079E-01
 8.76074576E-01
 8.38290013E-01
 8.55961896E-01
 8.90588237E-01
 9.23934869E-01
 9.45604726E-01
 8.43742156E-01
 8.05237252E-01
 8.39659334E-01
 8.88632519E-01
 9.34482153E-01
 8.61443894E-01
 8.39829271E-01
 8.86041691E-01
 9.30317797E-01
 8.94466954E-01
 8.89657156E-01
 9.33819050E-01
 9.21854996E-01
 9.28347763E-01
 8.65334371E-01
 8.51129071E-01
 8.09236416E-01
 8.36892462E-01
 8.85872033E-01
 8.12883424E-01
 7.54817955E-01
 7.86498876E-01
 8.39040017E-01
 7.85908771E-01
 8.05544593E-01
 8.85698738E-01
 8.73704163E-01
 8.44778134E-01
 8.78173384E-01
 9.24907182E-01
 8.47388128E-01
 7.87091867E-01
 8.02488539E-01
 8.79283205E-01
 8.00517769E-01
 8.57400166E-01
 9.04110669E-01
 8.90390206E-01
 9.22397429E-01
 8.90157416E-01
 8.43593796E-01
 8.55091815E-01
 9.30393558E-01
 9.28916349E-01
 8.77740732E-01
 9.05240933E-01
 9.03376132E-01
 8.77480135E-01
 8.96236745E-01
 9.25246226E-01
 8.80140217E-01
 8.57739458E-01
 8.92090295E-01
 8.98140922E-01
 8.90921436E-01
 9.31125532E-01
 9.24478143E-01
 8.83204017E-01
 8.58077110E-01
 8.88268137E-01
 9.21032431E-01
 8.59657948E-01
 8.26165665E-01
 8.55079324E-01
 8.86891982E-01
 8.48078877E-01
 9.04910804E-01
 8.92463980E-01
 9.24851635E-01
 8.92382003E-01
 8.46591015E-01
 8.55683219E-01
 9.28533490E-01
 9.12207768E-01
 9.22179186E-01
 9.05349293E-01
 9.25887335E-01
 9.07898560E-01
 8.98728350E-01
 9.28218101E-01
 9.08995970E-01
 8.97888891E-01
 9.28410458E-01
 8.98760677E-01
 9.31417576E-01
 9.37510308E-01
 9.25452637E-01
 9.41631482E-01
 9.27194841E-01
 9.15505765E-01
 8.89630944E-01
 9.27423270E-01
 9.16166823E-01
 8.47269281E-01
 8.99657259E-01
 9.50559045E-01
 8.80935594E-01
 3.30132176E-01
 1.41109117E-01
 2.14729099E-01
 3.91777577E-01
 5.39709191E-01
 6.55080887E-01
 7.44695939E-01
 4.59936038E-01
 3.06116930E-01
 3.78733131E-01
 5.25968241E-01
 6.56807191E-01
 7.49720985E-01
 6.01500429E-01
 5.06572553E-01
 5.87170327E-01
 7.03425121E-01
 8.09595281E-01
 8.76896428E-01
 7.20244800E-01
 6.64576765E-01
 7.36063585E-01
 8.19789609E-01
 7.92120900E-01
 7.61691820E-01
 8.29011886E-01
 8.48321512E-01
 8.30818570E-01
 8.80890548E-01
 8.95583204E-01
 6.56796134E-01
 5.37753984E-01
 5.65596760E-01
 6.52277445E-01
 7.34334173E-01
 7.97019119E-01
 8.46056076E-01
 5.78683024E-01
 4.53335629E-01
 5.15917955E-01
 6.36662996E-01
 7.51655357E-01
 8.27060499E-01
 6.23684293E-01
 5.38021630E-01
 6.28080158E-01
 7.47210706E-01
 8.61329221E-01
 7.07547068E-01
 6.63380122E-01
 7.57620402E-01
 8.34594262E-01
 7.72642707E-01
 7.61603085E-01
 8.60037834E-01
 8.27978931E-01
 8.33403136E-01
 7.96228812E-01
 7.24261710E-01
 6.41944872E-01
 6.82840043E-01
 7.57431268E-01
 8.29605608E-01
 8.77923516E-01
 6.52982502E-01
 5.66817888E-01
 6.42742276E-01
 7.50604948E-01
 8.53465126E-01
 6.92385594E-01
 6.41126669E-01
 7.41522770E-01
 8.42407755E-01
 7.65730153E-01
 7.54000678E-01
 8.52671449E-01
 8.28014162E-01
 8.45431770E-01
 7.17188724E-01
 7.86127943E-01
 7.29765317E-01
 7.71957587E-01
 8.33314150E-01
 7.34016289E-01
 6.82369176E-01
 7.57483068E-01
 7.71826515E-01
 7.51753343E-01
 8.41663317E-01
 8.30223003E-01
 8.29520583E-01
 7.92860921E-01
 8.38208983E-01
 8.89438070E-01
 7.95923825E-01
 7.73074303E-01
 8.48461694E-01
 8.37569406E-01
 8.44003989E-01
 8.62365862E-01
 8.34131195E-01
 8.72089940E-01
 8.34691160E-01
 8.16209851E-01
 7.79078638E-01
 8.85750030E-01
 6.47669866E-01
 5.26514773E-01
 5.56019246E-01
 6.47015112E-01
 7.32488297E-01
 7.97097486E-01
 5.75813757E-01
 4.51542623E-01
 5.16222129E-01
 6.38836663E-01
 7.54786110E-01
 8.29873158E-01
 6.25924719E-01
 5.43449011E-01
 6.35168716E-01
 7.53210068E-01
 7.11932933E-01
 6.70136454E-01
 7.63987414E-01
 7.77393340E-01
 7.67208221E-01
 8.31215331E-01
 6.23259610E-01
 5.00339182E-01
 5.45388497E-01
 6.54270255E-01
 7.59147763E-01
 5.21424034E-01
 3.72034283E-01
 4.43653482E-01
 6.05902562E-01
 5.70569965E-01
 4.51521896E-01
 5.39182224E-01
 6.74295873E-01
 6.15158010E-01
 7.60673173E-01
 6.74419960E-01
 5.84104679E-01
 6.45884635E-01
 7.52035159E-01
 5.92272457E-01
 4.64389399E-01
 5.32316962E-01
 6.50178259E-01
 5.31190325E-01
 5.72390595E-01
 7.53353885E-01
 7.45304882E-01
 6.90182165E-01
 7.55839113E-01
 6.92499196E-01
 6.15404915E-01
 7.50011726E-01
 8.02869364E-01
 7.77253171E-01
 8.45412884E-01
 7.76694391E-01
 8.39595904E-01
 7.24331521E-01
 6.40792586E-01
 6.80470443E-01
 7.57582360E-01
 8.31659600E-01
 8.80043953E-01
 6.55613509E-01
 5.71292025E-01
 6.47475269E-01
 7.55419189E-01
 8.56415724E-01
 6.97331730E-01
 6.50553148E-01
 7.51686277E-01
 8.48340264E-01
 7.71576677E-01
 7.61575017E-01
 8.57156774E-01
 8.32678099E-01
 8.47104349E-01
 7.12290910E-01
 6.73640382E-01
 5.82138812E-01
 6.42993671E-01
 7.50393430E-01
 5.92160625E-01
 4.66067764E-01
 5.35504122E-01
 6.51386486E-01
 5.36967532E-01
 5.79891723E-01
 7.54430725E-01
 7.25115813E-01
 6.62398803E-01
 7.35273005E-01
 8.37014320E-01
 6.69323052E-01
 5.39288429E-01
 5.73609764E-01
 7.40047829E-01
 5.73299795E-01
 6.93723065E-01
 7.92245597E-01
 7.62858233E-01
 8.32514248E-01
 7.63174159E-01
 6.65352002E-01
 6.88204751E-01
 8.49909965E-01
 8.48533406E-01
 7.36555861E-01
 7.95571979E-01
 7.88845329E-01
 7.32448294E-01
 7.73552749E-01
 8.36958233E-01
 7.39484388E-01
 6.91006322E-01
 7.65778188E-01
 7.79890713E-01
 7.64524327E-01
 8.51445021E-01
 8.37947273E-01
 7.46304208E-01
 6.91904976E-01
 7.57611504E-01
 8.28819841E-01
 6.96441746E-01
 6.24369994E-01
 6.87259498E-01
 7.56688224E-01
 6.75147926E-01
 7.94245154E-01
 7.67576719E-01
 8.37929418E-01
 7.68164253E-01
 6.72331721E-01
 6.89621509E-01
 8.45980919E-01
 8.10664839E-01
 8.31494666E-01
 7.95130077E-01
 8.39645057E-01
 8.01289061E-01
 7.81620487E-01
 8.45809118E-01
 8.03478799E-01
 7.79663288E-01
 8.45808768E-01
 7.82180979E-01
 8.52345110E-01
 8.65424780E-01
 8.39508101E-01
 8.74524019E-01
 8.43619551E-01
 8.20293180E-01
 7.62926208E-01
 8.43974364E-01
 8.22496906E-01
 6.71325903E-01
 7.83767074E-01
 8.93914654E-01
 7.43539882E-01
 8.33894752E-01
 1.16534389E+00
 8.59050943E-01
 3.78663006E-01
 9.83826455E-03
 2.63965480E-01
 4.69372986E-01
 8.05405557E-02
 3.54939782E-01
 1.87015818E-01
 1.03112715E-01
 3.53876826E-01
 5.31375233E-01
 2.77240300E-01
 1.19025418E-01
 2.74850687E-01
 4.80271953E-01
 6.65164088E-01
 7.85739650E-01
 5.15221689E-01
 4.24815604E-01
 5.52789748E-01
 6.95308094E-01
 6.49951089E-01
 6.01294869E-01
 7.16062643E-01
 7.50961768E-01
 7.23486259E-01
 8.06292841E-01
 8.33412812E-01
 4.12623514E-01
 2.15119509E-01
 2.67935055E-01
 4.12341357E-01
 5.48326940E-01
 6.53579918E-01
 7.40168139E-01
 2.95157132E-01
 9.45540543E-02
 2.06903940E-01
 4.01905779E-01
 5.86828407E-01
 7.11115746E-01
 3.81869146E-01
 2.50880955E-01
 4.07226024E-01
 5.95432177E-01
 7.75021694E-01
 5.23484337E-01
 4.57367079E-01
 6.15777562E-01
 7.37538100E-01
 6.32125661E-01
 6.16852676E-01
 7.77661913E-01
 7.25174811E-01
 7.35036437E-01
 8.36370345E-01
 5.47707416E-01
 4.17432938E-01
 4.88658808E-01
 6.06806393E-01
 7.20873325E-01
 7.98844979E-01
 4.38610836E-01
 3.07889205E-01
 4.38606580E-01
 6.05780883E-01
 7.65094898E-01
 5.09056661E-01
 4.37974091E-01
 6.08284602E-01
 7.61612726E-01
 6.26929822E-01
 6.15302765E-01
 7.78892820E-01
 7.26584502E-01
 7.57104149E-01
 5.48969335E-01
 6.52933447E-01
 5.64110524E-01
 6.34988023E-01
 7.32380280E-01
 5.72606465E-01
 4.94873810E-01
 6.20550159E-01
 6.37472674E-01
 6.12721624E-01
 7.62482161E-01
 7.31422999E-01
 7.23959901E-01
 6.65644815E-01
 7.40087849E-01
 8.22530746E-01
 6.71630227E-01
 6.37216720E-01
 7.60652071E-01
 7.41137377E-01
 7.54859030E-01
 7.77454961E-01
 7.32234323E-01
 7.94027968E-01
 7.33957161E-01
 7.05518943E-01
 6.45343138E-01
 8.16222884E-01
 3.89406762E-01
 1.86901764E-01
 2.44114695E-01
 3.98107482E-01
 5.41684248E-01
 6.51407627E-01
 2.86137991E-01
 8.67561697E-02
 2.03613283E-01
 4.03114943E-01
 5.90743762E-01
 7.15158415E-01
 3.84151836E-01
 2.58229319E-01
 4.17560762E-01
 6.04555199E-01
 5.30584956E-01
 4.68250351E-01
 6.25901228E-01
 6.40147425E-01
 6.26198964E-01
 7.30634355E-01
 3.82452580E-01
 1.88221453E-01
 2.68357888E-01
 4.40337018E-01
 6.05576370E-01
 2.27641266E-01
 9.62610181E-04
 1.25839274E-01
 3.76672638E-01
 3.17015243E-01
 1.42183681E-01
 2.95090022E-01
 4.82871713E-01
 3.98440602E-01
 6.20104680E-01
 4.77268702E-01
 3.40224411E-01
 4.46767643E-01
 6.10210080E-01
 3.55492910E-01
 1.67319529E-01
 2.88100921E-01
 4.56658917E-01
 2.88019747E-01
 3.68609872E-01
 6.17129468E-01
 5.92064792E-01
 5.08786074E-01
 6.18792025E-01
 5.13838716E-01
 4.01564410E-01
 6.11896942E-01
 6.83170542E-01
 6.44276254E-01
 7.56164653E-01
 6.44486932E-01
 7.41889477E-01
 5.47431852E-01
 4.15000634E-01
 4.84170170E-01
 6.06817129E-01
 7.24319453E-01
 8.02452130E-01
 4.43219948E-01
 3.15213298E-01
 4.45772882E-01
 6.13347271E-01
 7.69893137E-01
 5.17657975E-01
 4.53196560E-01
 6.23709820E-01
 7.70498805E-01
 6.36978010E-01
 6.27556024E-01
 7.85615088E-01
 7.34416630E-01
 7.60281732E-01
 8.53927599E-01
 4.76421876E-01
 3.37334055E-01
 4.42018277E-01
 6.07519904E-01
 3.55731924E-01
 1.70061716E-01
 2.92589563E-01
 4.58707993E-01
 2.96685552E-01
 3.79530374E-01
 6.18785494E-01
 5.65909677E-01
 4.76490725E-01
 6.01049567E-01
 7.54645574E-01
 4.88655816E-01
 3.02657210E-01
 3.71361350E-01
 6.10281427E-01
 3.74719076E-01
 5.42468810E-01
 6.71398799E-01
 6.31679469E-01
 7.49194990E-01
 6.33153868E-01
 4.95341466E-01
 5.33343293E-01
 7.60950919E-01
 7.63696627E-01
 5.85868410E-01
 6.71198960E-01
 6.58601379E-01
 5.69832560E-01
 6.38420079E-01
 7.38906881E-01
 5.82941567E-01
 5.10013492E-01
 6.34034119E-01
 6.51433352E-01
 6.33327810E-01
 7.77326514E-01
 7.44133557E-01
 5.94618016E-01
 5.12327697E-01
 6.21706982E-01
 7.31758457E-01
 5.20949410E-01
 4.15949930E-01
 5.24376100E-01
 6.22451633E-01
 5.08636541E-01
 6.74885724E-01
 6.39249937E-01
 7.57489303E-01
 6.41071712E-01
 5.06362784E-01
 5.35690912E-01
 7.56608912E-01
 6.98330007E-01
 7.28756549E-01
 6.71033083E-01
 7.43426325E-01
 6.81913484E-01
 6.52140141E-01
 7.54979539E-01
 6.85281415E-01
 6.48957037E-01
 7.56868000E-01
 6.53911351E-01
 7.65137921E-01
 7.83869074E-01
 7.42303067E-01
 7.98704447E-01
 7.49444917E-01
 7.13990599E-01
 6.20410389E-01
 7.49801187E-01
 7.18364860E-01
 4.72724206E-01
 6.52612640E-01
 8.30224009E-01
 5.88181542E-01
 8.70817820E+00
 6.52811500E+00
 4.17659617E+00
 2.39454247E+00
 1.30230753E+00
 5.84100272E-01
 8.39712254E-02
 1.03744300E+00
 1.43740858E+00
 1.04842418E+00
 5.35319727E-01
 1.10259728E-01
 1.94452080E-01
 1.68378770E-01
 3.80346369E-01
 9.74559631E-02
 2.08523482E-01
 4.78860409E-01
 6.65800916E-01
 2.55803427E-01
 1.34647095E-01
 3.44077751E-01
 5.51887913E-01
 4.75789503E-01
 4.08985971E-01
 5.84775478E-01
 6.35316081E-01
 5.96945408E-01
 7.19268907E-01
 7.63410380E-01
 1.21861901E-01
 1.52973258E-01
 5.72293969E-02
 1.39972807E-01
 3.24578517E-01
 4.74321015E-01
 6.10697194E-01
 1.98648729E-02
 2.77702223E-01
 8.74173553E-02
 1.64369595E-01
 4.02049998E-01
 5.71882106E-01
 1.27851014E-01
 2.09830658E-02
 2.31777460E-01
 4.66315757E-01
 6.89251180E-01
 3.25810311E-01
 2.52843925E-01
 4.95222917E-01
 6.52007898E-01
 4.76063594E-01
 4.61822763E-01
 6.96601051E-01
 6.10550829E-01
 6.26258353E-01
 7.70213181E-01
 3.58516279E-01
 1.91386276E-01
 3.07992481E-01
 4.57921257E-01
 6.02314523E-01
 7.06500025E-01
 2.23673201E-01
 7.61815535E-02
 2.87688365E-01
 4.88735217E-01
 6.79946000E-01
 3.37526659E-01
 2.83203781E-01
 5.52920580E-01
 7.28472873E-01
 4.90733529E-01
 5.00883368E-01
 7.50098998E-01
 6.20067789E-01
 6.72309087E-01
 7.47840643E-01
 5.09759838E-01
 3.94034419E-01
 5.03168862E-01
 6.31757652E-01
 4.07411474E-01
 3.19466907E-01
 5.12765980E-01
 5.07982020E-01
 5.01116648E-01
 7.31836593E-01
 6.33905087E-01
 6.07082135E-01
 5.27540708E-01
 6.36909582E-01
 7.51851548E-01
 5.37323627E-01
 4.96593415E-01
 6.78361683E-01
 6.40814932E-01
 6.71466585E-01
 6.81640319E-01
 6.17488134E-01
 7.06412424E-01
 6.21077187E-01
 5.82158037E-01
 4.96532651E-01
 7.38362695E-01
 7.08735679E-02
 2.13961787E-01
 1.08148477E-01
 1.07655517E-01
 3.07110309E-01
 4.66053891E-01
 4.21446953E-02
 2.99521338E-01
 1.00706287E-01
 1.60525533E-01
 4.04709395E-01
 5.76403754E-01
 1.27407631E-01
 1.50781689E-02
 2.42253700E-01
 4.76799425E-01
 3.35069040E-01
 2.66946874E-01
 5.07946508E-01
 4.87725229E-01
 4.75196083E-01
 6.18693892E-01
 1.27807571E-01
 1.19644233E-01
 1.70179286E-02
 2.32594020E-01
 4.39157327E-01
 6.01317132E-02
 3.26181260E-01
 1.08894332E-01
 1.89903534E-01
 8.70261091E-02
 9.06902155E-02
 1.66283886E-01
 2.99042186E-01
 2.19320349E-01
 4.73749593E-01
 2.84403316E-01
 1.27689847E-01
 3.02326648E-01
 4.97486226E-01
 1.48673546E-01
 4.50605036E-02
 1.67080013E-01
 3.11739049E-01
 1.60981626E-01
 3.28983810E-01
 5.06645292E-01
 4.37067206E-01
 3.41237830E-01
 5.11576891E-01
 3.48816107E-01
 2.34655526E-01
 5.01905093E-01
 5.54361767E-01
 5.07241132E-01
 6.72733902E-01
 5.08831469E-01
 6.32437350E-01
 3.56142272E-01
 1.84738683E-01
 2.97925201E-01
 4.55841962E-01
 6.06689927E-01
 7.11780793E-01
 2.28749520E-01
 8.29608190E-02
 2.92441074E-01
 4.96192687E-01
 6.85824348E-01
 3.48469820E-01
 3.00473678E-01
 5.67826269E-01
 7.36848536E-01
 5.04691026E-01
 5.15989303E-01
 7.56182321E-01
 6.31388001E-01
 6.76937809E-01
 7.49899555E-01
 2.82938590E-01
 1.22260117E-01
 2.93204334E-01
 4.92170836E-01
 1.48036883E-01
 4.44446609E-02
 1.68083326E-01
 3.12838705E-01
 1.68286409E-01
 3.37927277E-01
 5.07814953E-01
 4.24608305E-01
 3.44125952E-01
 5.46832451E-01
 7.21598265E-01
 3.59778106E-01
 1.86254539E-01
 3.32280459E-01
 5.55163158E-01
 3.35266020E-01
 4.80091167E-01
 5.58250710E-01
 5.30659887E-01
 7.16844409E-01
 5.33074130E-01
 4.04160249E-01
 4.68664802E-01
 6.69169993E-01
 6.86282680E-01
 4.47151050E-01
 5.32328118E-01
 5.18888122E-01
 4.02626784E-01
 5.07290378E-01
 6.40738401E-01
 4.22897832E-01
 3.39807942E-01
 5.28184001E-01
 5.27510290E-01
 5.26869451E-01
 7.47253127E-01
 6.51466354E-01
 4.41199244E-01
 3.45545512E-01
 5.13298376E-01
 6.49939310E-01
 3.58282691E-01
 2.51183419E-01
 4.31950225E-01
 5.14378736E-01
 4.12387897E-01
 5.63096291E-01
 5.40233613E-01
 7.26428357E-01
 5.43027191E-01
 4.17121898E-01
 4.71610116E-01
 6.70356290E-01
 5.81827775E-01
 6.15962710E-01
 5.37129993E-01
 6.42357537E-01
 5.53772958E-01
 5.18298541E-01
 6.60644766E-01
 5.58614885E-01
 5.14188235E-01
 6.72564691E-01
 5.22237869E-01
 6.75181676E-01
 6.92952263E-01
 6.33957728E-01
 7.14215231E-01
 6.44825929E-01
 5.96503633E-01
 4.62624851E-01
 6.45045128E-01
 6.03586665E-01
 2.52030375E-01
 5.06480704E-01
 7.59637616E-01
 4.15235374E-01
 7.75060037E+00
 1.83295012E+01
 1.02633554E+02
 2.15335686E+01
 7.46798451E+00
 3.49124174E+00
 1.62952997E+00
 3.27451170E+00
 3.72132070E+00
 2.72614493E+00
 1.70415845E+00
 9.18705574E-01
 3.68410361E-01
 8.62136580E-01
 1.13481032E+00
 6.44985304E-01
 1.83037015E-01
 2.14935290E-01
 5.05439895E-01
 9.57910914E-02
 2.52862863E-01
 6.92061409E-02
 3.65036709E-01
 2.56477917E-01
 1.68988340E-01
 4.22312987E-01
 4.97012083E-01
 4.46671090E-01
 6.17123927E-01
 6.83958633E-01
 2.50653956E-01
 6.20730964E-01
 4.67229829E-01
 2.02010224E-01
 4.45692280E-02
 2.50843246E-01
 4.53288651E-01
 4.07476308E-01
 7.32496317E-01
 4.44274873E-01
 1.23109491E-01
 1.78532480E-01
 4.05797072E-01
 1.75573800E-01
 3.43440719E-01
 2.57284760E-02
 3.14770088E-01
 5.88380544E-01
 9.48891117E-02
 1.52097897E-02
 3.56209785E-01
 5.53960940E-01
 2.97682506E-01
 2.85431004E-01
 6.04851966E-01
 4.83242847E-01
 5.06380677E-01
 7.09213022E-01
 1.36928611E-01
 7.22838162E-02
 9.82483920E-02
 2.85021819E-01
 4.64451698E-01
 5.99782309E-01
 2.43481766E-02
 1.89700353E-01
 1.16075506E-01
 3.55391124E-01
 5.82898421E-01
 1.42378959E-01
 1.08658700E-01
 4.92469259E-01
 6.92445073E-01
 3.37639527E-01
 3.73219964E-01
 7.19079091E-01
 5.02429378E-01
 5.79170396E-01
 6.68971037E-01
 3.46685395E-01
 2.00792494E-01
 3.53858048E-01
 5.17799175E-01
 2.20938466E-01
 1.22230753E-01
 3.92424071E-01
 3.63322951E-01
 3.77379958E-01
 6.99065056E-01
 5.26353344E-01
 4.75688709E-01
 3.72503438E-01
 5.21320363E-01
 6.72849688E-01
 3.87299762E-01
 3.39977283E-01
 5.87140691E-01
 5.29900670E-01
 5.79793213E-01
 5.74771971E-01
 4.89718202E-01
 6.09123304E-01
 4.95970811E-01
 4.46051003E-01
 3.32983407E-01
 6.52120684E-01
 3.55326899E-01
 7.43710104E-01
 5.68310114E-01
 2.68709438E-01
 5.22811678E-03
 2.29159220E-01
 4.55164436E-01
 7.81048303E-01
 4.76516097E-01
 1.37816611E-01
 1.76535598E-01
 4.09158997E-01
 1.82691936E-01
 3.42522325E-01
 3.44205651E-02
 3.25654401E-01
 1.05622134E-01
 3.21200958E-02
 3.71437578E-01
 3.13350584E-01
 3.03310504E-01
 4.94539911E-01
 1.71874937E-01
 4.80198081E-01
 2.75753421E-01
 9.42173361E-03
 2.45039877E-01
 3.92814272E-01
 6.99880810E-01
 3.76367519E-01
 2.33013594E-02
 1.74583217E-01
 3.53391702E-01
 2.34818002E-02
 9.26125074E-02
 1.95437131E-02
 3.12305940E-01
 6.50995667E-02
 1.12758139E-01
 1.40250570E-01
 3.70696872E-01
 8.37143305E-02
 2.81684241E-01
 3.47459425E-02
 1.51180486E-01
 2.25740616E-02
 2.89392489E-01
 3.85492924E-01
 2.63194450E-01
 1.53957347E-01
 3.92522050E-01
 1.65312276E-01
 5.03306448E-02
 3.81233834E-01
 4.10846155E-01
 3.54955571E-01
 5.80449860E-01
 3.58830234E-01
 5.11179740E-01
 1.30510856E-01
 8.55429950E-02
 8.04502689E-02
 2.79726838E-01
 4.69467357E-01
 6.06755710E-01
 1.92690446E-02
 1.84080625E-01
 1.17630903E-01
 3.62531897E-01
 5.89959124E-01
 1.56159625E-01
 1.28296394E-01
 5.06566402E-01
 7.00119895E-01
 3.56402990E-01
 3.91793078E-01
 7.24400083E-01
 5.17977273E-01
 5.85762804E-01
 6.74763782E-01
 6.32008524E-02
 1.20806507E-01
 1.26287722E-01
 3.62532134E-01
 8.49686702E-02
 2.83182132E-01
 3.18490528E-02
 1.51466153E-01
 2.84434980E-02
 2.95982397E-01
 3.86287069E-01
 2.66926434E-01
 1.97688434E-01
 4.88681314E-01
 6.86204078E-01
 2.17890129E-01
 6.03703662E-02
 2.93424527E-01
 4.96369456E-01
 2.95650881E-01
 4.14508006E-01
 4.32784449E-01
 4.19457062E-01
 6.82411780E-01
 4.23410824E-01
 3.05680944E-01
 4.00384549E-01
 5.67746928E-01
 6.01491961E-01
 2.95241110E-01
 3.79166056E-01
 3.60522930E-01
 2.13574717E-01
 3.59457741E-01
 5.30105159E-01
 2.43324536E-01
 1.49487812E-01
 4.10529400E-01
 3.89926142E-01
 4.09422681E-01
 7.15088047E-01
 5.49754048E-01
 2.69878641E-01
 1.59901304E-01
 3.93312841E-01
 5.59312455E-01
 1.78179007E-01
 6.98328961E-02
 3.31546919E-01
 3.96150861E-01
 3.08404250E-01
 4.39410658E-01
 4.31437888E-01
 6.93419394E-01
 4.35767462E-01
 3.20806303E-01
 4.04031999E-01
 5.75335172E-01
 4.53644784E-01
 4.90419861E-01
 3.88241919E-01
 5.30118561E-01
 4.11985317E-01
 3.70433833E-01
 5.57042034E-01
 4.18471049E-01
 3.65321478E-01
 5.79684336E-01
 3.77397392E-01
 5.76132285E-01
 5.92766088E-01
 5.14574016E-01
 6.21101161E-01
 5.29900458E-01
 4.67851468E-01
 2.90128815E-01
 5.29838082E-01
 4.78149386E-01
 9.82293012E-03
 3.45661636E-01
 6.82297664E-01
 2.25082492E-01
 3.76991492E+00
 5.75074663E+00
 7.07397895E+00
 8.40100028E+00
 1.15531066E+01
 2.80812645E+01
 1.85452367E+01
 1.11879411E+01
 9.28808722E+00
 5.94686145E+00
 3.56342391E+00
 2.02103592E+00
 1.04550984E+00
 1.56893214E+00
 1.85521317E+00
 1.14182336E+00
 5.12664380E-01
 9.72490028E-03
 4.04401544E-01
 3.31917858E-01
 5.03756868E-01
 1.03716499E-01
 2.52923434E-01
 1.45013734E-01
 5.09469518E-02
 3.44688666E-01
 4.41734071E-01
 3.88767033E-01
 5.80221147E-01
 6.60626540E-01
 4.56659345E-01
 8.75339418E-01
 6.87182072E-01
 3.79046338E-01
 9.48829898E-02
 1.43034169E-01
 3.85245929E-01
 5.91725303E-01
 9.47447822E-01
 6.12904231E-01
 2.53942567E-01
 8.12873980E-02
 3.40324085E-01
 3.01996259E-01
 4.78092491E-01
 6.21700690E-02
 2.52591506E-01
 5.49197733E-01
 1.13588133E-02
 7.00249102E-02
 3.06088595E-01
 5.20554614E-01
 2.42455302E-01
 2.32160469E-01
 5.77700896E-01
 4.51708854E-01
 4.78621458E-01
 7.11615006E-01
 5.49098463E-02
 1.69734872E-01
 2.05679724E-02
 2.22481685E-01
 4.15983032E-01
 5.64512198E-01
 1.09715456E-01
 2.81700165E-01
 5.54925572E-02
 3.09751087E-01
 5.51899084E-01
 8.03982574E-02
 5.26060274E-02
 4.71229129E-01
 6.80350995E-01
 2.94315500E-01
 3.37634022E-01
 7.10189728E-01
 4.74414664E-01
 5.57867452E-01
 6.57888963E-01
 2.96585682E-01
 1.41644145E-01
 3.08259185E-01
 4.83465831E-01
 1.66683702E-01
 6.50528360E-02
 3.57526090E-01
 3.24134251E-01
 3.44373603E-01
 6.90283623E-01
 5.00718372E-01
 4.39428099E-01
 3.29999571E-01
 4.89928052E-01
 6.51836668E-01
 3.47803137E-01
 2.99411862E-01
 5.63969051E-01
 5.03078106E-01
 5.58471412E-01
 5.47236369E-01
 4.57277270E-01
 5.85026184E-01
 4.65454261E-01
 4.14267864E-01
 2.95863101E-01
 6.31203609E-01
 6.31260199E-01
 1.07716675E+00
 8.50534844E-01
 4.89089782E-01
 1.63087127E-01
 1.02456875E-01
 6.71129798E-01
 1.02949349E+00
 6.68997306E-01
 2.83890516E-01
 7.05340866E-02
 3.39587632E-01
 3.19221615E-01
 4.86305794E-01
 5.84526263E-02
 2.61044695E-01
 2.03926485E-02
 5.40786179E-02
 3.21208542E-01
 2.59008043E-01
 2.51214580E-01
 4.64110386E-01
 2.86565769E-01
 6.17885034E-01
 3.87692411E-01
 9.93448411E-02
 1.75315677E-01
 5.09674432E-01
 8.31723119E-01
 4.72126087E-01
 9.70047426E-02
 2.58383398E-01
 4.38178323E-01
 2.43527116E-02
 3.43881644E-02
 3.58304116E-02
 2.74231824E-01
 3.51923537E-03
 1.88269411E-01
 8.86752904E-02
 3.31314242E-01
 1.52313908E-01
 3.52002197E-01
 5.62058520E-03
 1.07423247E-01
 1.48286367E-02
 2.78320160E-01
 3.57060228E-01
 2.14879139E-01
 1.02094701E-01
 3.59635959E-01
 1.16939457E-01
 2.44848395E-03
 3.52438231E-01
 3.73813534E-01
 3.16208421E-01
 5.57507709E-01
 3.22383600E-01
 4.81708570E-01
 4.37674078E-02
 1.88705678E-01
 2.22655394E-03
 2.14614470E-01
 4.20340567E-01
 5.71517360E-01
 1.05504460E-01
 2.76950027E-01
 5.60073848E-02
 3.16918576E-01
 5.59353202E-01
 9.58048488E-02
 7.39185232E-02
 4.85746629E-01
 6.88149985E-01
 3.15482712E-01
 3.58115141E-01
 7.15710208E-01
 4.91780908E-01
 5.65819044E-01
 6.66597779E-01
 4.79482426E-03
 1.96133054E-01
 7.40637142E-02
 3.22886828E-01
 1.52584861E-01
 3.52730766E-01
 8.61601662E-03
 1.08444628E-01
 8.39092421E-03
 2.84846472E-01
 3.58258718E-01
 2.23317992E-01
 1.57037911E-01
 4.72034521E-01
 6.76331316E-01
 1.80831376E-01
 2.79195699E-02
 2.83997354E-01
 4.83105941E-01
 2.89742483E-01
 7.09015733E-01
 4.00662660E-01
 3.91372057E-01
 6.74011193E-01
 3.97251638E-01
 2.84244379E-01
 3.87029240E-01
 5.43273956E-01
 5.82767601E-01
 2.60760849E-01
 3.43266393E-01
 3.13587402E-01
 1.57933517E-01
 3.16177708E-01
 4.98118681E-01
 1.93603422E-01
 9.70999566E-02
 3.78247457E-01
 3.54747262E-01
 3.79852022E-01
 7.07153289E-01
 5.26646382E-01
 2.24099376E-01
 1.10534485E-01
 3.61549104E-01
 5.35626730E-01
 1.32697503E-01
 2.46569430E-02
 3.06959090E-01
 3.68954814E-01
 2.86413741E-01
 4.08420025E-01
 4.04548871E-01
 6.85585990E-01
 4.10684348E-01
 3.00384643E-01
 3.91106511E-01
 5.52755538E-01
 4.23877003E-01
 4.58442315E-01
 3.50510890E-01
 5.01825051E-01
 3.77571792E-01
 3.34813588E-01
 5.33521783E-01
 3.84444426E-01
 3.29463737E-01
 5.57551544E-01
 3.43901570E-01
 5.53021088E-01
 5.69486802E-01
 4.86861767E-01
 5.99502510E-01
 5.03990674E-01
 4.40085373E-01
 2.52917125E-01
 5.03584073E-01
 4.51762185E-01
 4.44222870E-02
 3.08707908E-01
 6.65281062E-01
 1.81758771E-01
 2.44593054E+00
 3.29872706E+00
 3.63161308E+00
 3.67699867E+00
 3.74811047E+00
 3.88151369E+00
 4.14547664E+00
 1.46477246E+01
 8.31434497E+01
 2.91913216E+01
 9.43057605E+00
 4.24331276E+00
 2.03127863E+00
 2.23048832E+00
 2.42129713E+00
 1.48121779E+00
 6.85025041E-01
 6.24673866E-02
 4.11746751E-01
 3.46988686E-01
 5.04225318E-01
 9.65668864E-02
 2.68451039E-01
 2.00914758E-01
 1.18145446E-01
 3.93450297E-01
 5.00716025E-01
 4.56042694E-01
 6.29667114E-01
 7.06683160E-01
 3.88226256E-01
 7.84805506E-01
 6.04377723E-01
 2.97386893E-01
 1.70282579E-02
 2.11735969E-01
 4.45868241E-01
 4.72579686E-01
 8.08651611E-01
 5.06885451E-01
 1.58537594E-01
 1.64681133E-01
 4.13702360E-01
 1.81433458E-01
 3.52952248E-01
 1.19747466E-02
 3.12043403E-01
 5.93386498E-01
 1.23123409E-01
 4.51419896E-02
 3.71966908E-01
 5.70315985E-01
 3.42813445E-01
 3.33165909E-01
 6.30866401E-01
 5.34529651E-01
 5.59263630E-01
 7.75406500E-01
 1.59604995E-01
 4.58581001E-02
 1.17932267E-01
 3.05650077E-01
 4.85108073E-01
 6.21667240E-01
 1.64468850E-02
 1.48568742E-01
 1.37957793E-01
 3.76713434E-01
 6.04787644E-01
 1.87076577E-01
 1.45846312E-01
 4.98930106E-01
 6.97893567E-01
 3.86179381E-01
 4.14686427E-01
 7.28075659E-01
 5.52716746E-01
 6.21162147E-01
 7.19261209E-01
 3.89043152E-01
 2.51274725E-01
 3.92847957E-01
 5.48839368E-01
 2.76625164E-01
 1.81272050E-01
 4.27976908E-01
 4.13558445E-01
 4.21377079E-01
 7.10294800E-01
 5.72354288E-01
 5.19961689E-01
 4.25383400E-01
 5.61420524E-01
 7.01345183E-01
 4.42428421E-01
 3.99100150E-01
 6.22647591E-01
 5.76421124E-01
 6.20353863E-01
 6.15538261E-01
 5.39612316E-01
 6.48569399E-01
 5.47824472E-01
 5.05876990E-01
 9.34871070E-01
 6.88157587E-01
 6.28238070E-01
 1.05822749E+00
 8.22671392E-01
 4.45070780E-01
 1.10509643E-01
 1.54070494E-01
 5.78017268E-01
 9.18776042E-01
 5.83538318E-01
 2.02626832E-01
 1.44398848E-01
 4.07668726E-01
 2.08265129E-01
 3.71279623E-01
 8.85942463E-03
 3.15796880E-01
 1.27732487E-01
 5.63780031E-02
 3.84110910E-01
 3.56429632E-01
 3.49213279E-01
 5.45262695E-01
 1.51176158E-01
 4.56052520E-01
 2.57982540E-01
 1.29897884E-02
 2.70265509E-01
 3.44574784E-01
 6.49243780E-01
 3.45939761E-01
 8.87632178E-03
 1.16826327E-01
 2.98722506E-01
 4.66501618E-02
 1.58420347E-01
 8.51979026E-02
 3.82206813E-01
 1.18313944E-01
 5.59918084E-02
 1.75787508E-01
 4.01391097E-01
 1.76462058E-02
 2.16761201E-01
 6.69817723E-02
 2.05720198E-01
 6.97309626E-02
 3.01001907E-01
 4.38465060E-01
 3.20719556E-01
 2.16095825E-01
 4.31926920E-01
 2.32314816E-01
 1.19145985E-01
 4.32824335E-01
 4.65412797E-01
 4.14156146E-01
 6.17622022E-01
 4.21343985E-01
 5.61699485E-01
 1.45143582E-01
 6.70606876E-02
 9.52437016E-02
 2.97004765E-01
 4.87664047E-01
 6.26893905E-01
 1.91075262E-02
 1.44115012E-01
 1.40200953E-01
 3.84242321E-01
 6.11574598E-01
 2.01930414E-01
 1.67336903E-01
 5.15202628E-01
 7.06744092E-01
 4.05945071E-01
 4.34498517E-01
 7.34817090E-01
 5.68400762E-01
 6.29090023E-01
 7.28965079E-01
 1.18400222E-01
 6.08290574E-02
 1.65318015E-01
 3.95568290E-01
 1.57622414E-02
 2.13961364E-01
 6.81582000E-02
 2.08772271E-01
 7.87275870E-02
 3.10141633E-01
 4.40664406E-01
 3.19281114E-01
 2.45400199E-01
 5.05615238E-01
 6.97245125E-01
 2.70213797E-01
 1.07470706E-01
 3.09137604E-01
 5.23555116E-01
 3.22806044E-01
 7.35718827E-01
 4.80994346E-01
 4.63032883E-01
 6.96558193E-01
 4.70333067E-01
 3.53418348E-01
 6.98646230E-01
 6.10435807E-01
 6.41545868E-01
 3.64591721E-01
 4.46169189E-01
 4.05783638E-01
 2.68382909E-01
 4.02696447E-01
 5.63545252E-01
 3.03114019E-01
 2.13388882E-01
 4.50025324E-01
 4.42866002E-01
 4.55659660E-01
 7.28053205E-01
 5.96033945E-01
 3.31044946E-01
 2.26605448E-01
 4.36591441E-01
 5.92837634E-01
 2.48909329E-01
 1.42495513E-01
 3.72759542E-01
 4.49274706E-01
 3.60439384E-01
 4.88613580E-01
 4.75578975E-01
 7.07598258E-01
 4.82945499E-01
 3.68974500E-01
 7.05302733E-01
 6.16190982E-01
 5.10429415E-01
 5.39150477E-01
 4.46489622E-01
 5.74381231E-01
 4.71132806E-01
 4.32774664E-01
 6.04220395E-01
 4.76925441E-01
 4.28115903E-01
 6.19471018E-01
 4.41888980E-01
 6.19740423E-01
 6.37063482E-01
 5.67428360E-01
 6.62373281E-01
 5.82625197E-01
 5.29911559E-01
 6.79630524E-01
 5.82024259E-01
 5.40330574E-01
 1.21854944E-01
 4.17795469E-01
 7.18788617E-01
 3.11265039E-01
 1.82658868E+00
 2.27596047E+00
 2.40508387E+00
 2.34429737E+00
 2.27095722E+00
 2.19393225E+00
 2.11087887E+00
 4.22403014E+00
 6.66970884E+00
 8.66083842E+00
 1.24055226E+01
 4.85303473E+01
 1.02986312E+01
 4.12387911E+00
 3.72899145E+00
 2.15639736E+00
 9.85163247E-01
 1.70636691E-01
 4.34524914E-01
 3.43978528E-01
 4.77477824E-01
 6.77272046E-02
 3.02369242E-01
 2.86677124E-01
 2.17902101E-01
 4.63948596E-01
 5.77654856E-01
 5.42312431E-01
 6.91606923E-01
 7.60651426E-01
 2.64819484E-01
 6.26045312E-01
 4.62539394E-01
 1.64802101E-01
 1.03873018E-01
 3.15276802E-01
 5.30198372E-01
 2.95726588E-01
 6.03879649E-01
 3.50648448E-01
 2.19905697E-02
 2.80697938E-01
 5.10721296E-01
 1.81056031E-02
 1.83538336E-01
 1.13388222E-01
 3.91653869E-01
 6.51125189E-01
 2.65056179E-01
 1.90775984E-01
 4.55315547E-01
 6.32154654E-01
 4.63864871E-01
 4.54130871E-01
 6.94190553E-01
 6.29299158E-01
 6.50367511E-01
 8.39022285E-01
 2.94490854E-01
 1.13602451E-01
 2.43357606E-01
 4.11788118E-01
 5.72395046E-01
 6.92339183E-01
 1.74528124E-01
 1.86088841E-02
 2.42419949E-01
 4.60551621E-01
 6.69531680E-01
 3.17392075E-01
 2.60375229E-01
 5.34597875E-01
 7.20197615E-01
 4.94977722E-01
 5.05872432E-01
 7.49937464E-01
 6.42095956E-01
 6.93075226E-01
 7.85256574E-01
 5.01001701E-01
 3.83951015E-01
 4.95232677E-01
 6.27637335E-01
 4.07895468E-01
 3.20101532E-01
 5.12424609E-01
 5.18651816E-01
 5.11948524E-01
 7.34597837E-01
 6.54401872E-01
 6.14846422E-01
 5.37624797E-01
 6.45410647E-01
 7.59236321E-01
 5.52781582E-01
 5.15054372E-01
 6.90793788E-01
 6.60592937E-01
 6.91085722E-01
 6.94785803E-01
 6.34845390E-01
 7.21699777E-01
 6.42359015E-01
 6.10166549E-01
 7.46227826E-01
 7.53456558E-01
 5.87617075E-01
 9.87444342E-01
 7.46731144E-01
 3.55312985E-01
 1.67950503E-02
 2.39956422E-01
 4.27775331E-01
 7.43174131E-01
 4.49220097E-01
 8.07455068E-02
 2.50809983E-01
 4.99668423E-01
 5.43539308E-02
 2.12440192E-01
 1.02520529E-01
 3.90060118E-01
 2.64856398E-01
 1.96628434E-01
 4.63860753E-01
 4.73889247E-01
 4.66435018E-01
 6.37841444E-01
 2.53896785E-02
 2.45311083E-01
 8.90314513E-02
 1.57605442E-01
 3.90954094E-01
 1.36539238E-01
 4.18914845E-01
 1.85636405E-01
 1.41647917E-01
 5.63648623E-02
 1.27396444E-01
 1.35522593E-01
 3.05152193E-01
 2.28146878E-01
 5.05241207E-01
 2.66683307E-01
 1.05500277E-01
 2.82890729E-01
 4.86819547E-01
 1.44078614E-01
 5.33823995E-02
 1.56366506E-01
 3.22041988E-01
 1.70882826E-01
 3.30746059E-01
 5.31981906E-01
 4.45803322E-01
 3.50957857E-01
 5.17737543E-01
 3.67355860E-01
 2.55944744E-01
 5.25587153E-01
 5.71828325E-01
 5.27722928E-01
 6.87171140E-01
 5.35088461E-01
 6.53449946E-01
 2.77183467E-01
 9.07886602E-02
 2.21443560E-01
 4.02551354E-01
 5.72935251E-01
 6.95544905E-01
 1.75209817E-01
 2.22823923E-02
 2.46230799E-01
 4.68104281E-01
 6.75342693E-01
 3.30798278E-01
 2.81178218E-01
 5.52387160E-01
 7.30000683E-01
 5.12330217E-01
 5.24229952E-01
 7.57826534E-01
 6.55371219E-01
 7.00444851E-01
 7.95047787E-01
 2.67866026E-01
 1.03626358E-01
 2.76860509E-01
 4.83730387E-01
 1.47779115E-01
 4.72477505E-02
 1.61883114E-01
 3.26901515E-01
 1.82315960E-01
 3.42611300E-01
 5.35042313E-01
 4.32858731E-01
 3.50678116E-01
 5.46935533E-01
 7.22857031E-01
 3.75401294E-01
 2.02311403E-01
 3.41379598E-01
 5.71210663E-01
 3.62716296E-01
 7.65745892E-01
 5.74481307E-01
 5.46682601E-01
 7.23592995E-01
 5.54804017E-01
 4.33446350E-01
 7.33232056E-01
 6.87532848E-01
 7.08227496E-01
 4.83055187E-01
 5.63500955E-01
 5.16184206E-01
 4.00474366E-01
 5.06116679E-01
 6.41486268E-01
 4.32205359E-01
 3.50497585E-01
 5.34887031E-01
 5.45138818E-01
 5.43778848E-01
 7.52990664E-01
 6.74864857E-01
 4.56309970E-01
 3.62675448E-01
 5.24830417E-01
 6.59844400E-01
 3.83754258E-01
 2.79511490E-01
 4.50012320E-01
 5.41388760E-01
 4.45438423E-01
 5.81553973E-01
 5.58173215E-01
 7.33898474E-01
 5.66199361E-01
 4.48050954E-01
 7.39521585E-01
 6.88951822E-01
 6.09170212E-01
 6.32582392E-01
 5.57529613E-01
 6.58288775E-01
 5.78491950E-01
 5.45139235E-01
 6.84484830E-01
 5.83104038E-01
 5.41325321E-01
 6.90551085E-01
 5.53547869E-01
 6.95884336E-01
 7.13961741E-01
 6.59091185E-01
 7.33890145E-01
 6.71650728E-01
 6.30877717E-01
 7.52405437E-01
 6.70997150E-01
 6.39494564E-01
 6.17305756E-01
 5.41765374E-01
 7.79140168E-01
 4.58235118E-01
 1.44976833E+00
 1.68215504E+00
 1.73528575E+00
 1.68302938E+00
 1.62274214E+00
 1.56013471E+00
 1.49424990E+00
 2.31259411E+00
 3.05521380E+00
 3.29613281E+00
 3.33387638E+00
 3.40336217E+00
 3.74334152E+00
 2.57054360E+02
 1.15450550E+01
 4.23766729E+00
 1.63811159E+00
 3.59460608E-01
 4.86590827E-01
 2.81315735E-01
 3.59021551E-01
 4.37651428E-02
 3.91377655E-01
 4.21864692E-01
 3.73081207E-01
 5.74040346E-01
 6.78917579E-01
 6.54122592E-01
 7.69857502E-01
 8.25008822E-01
 3.30793710E-02
 3.18476220E-01
 1.78495052E-01
 7.17867794E-02
 2.94268359E-01
 4.65976711E-01
 6.44286796E-01
 6.99148105E-03
 2.45154421E-01
 4.87561554E-02
 2.13292457E-01
 4.52560455E-01
 6.36147072E-01
 2.30789378E-01
 1.03284720E-01
 3.24015955E-01
 5.39415222E-01
 7.39082651E-01
 4.57734028E-01
 4.01639930E-01
 5.94726830E-01
 7.28714454E-01
 6.12474583E-01
 6.05549431E-01
 7.78383775E-01
 7.37305136E-01
 7.53095380E-01
 8.99173416E-01
 4.80251222E-01
 3.45535044E-01
 4.39609184E-01
 5.66675225E-01
 6.87494317E-01
 7.77859017E-01
 3.96055098E-01
 2.78192289E-01
 4.38062435E-01
 6.02247421E-01
 7.59941560E-01
 5.03446375E-01
 4.56839795E-01
 6.50909956E-01
 7.90771295E-01
 6.37380072E-01
 6.42443216E-01
 8.14314416E-01
 7.47423607E-01
 7.82760707E-01
 8.54725678E-01
 6.41517563E-01
 5.56483563E-01
 6.35458530E-01
 7.31907157E-01
 5.75691311E-01
 5.10569536E-01
 6.46114110E-01
 6.55984474E-01
 6.48238838E-01
 8.03814327E-01
 7.55664277E-01
 7.26858239E-01
 6.71859308E-01
 7.48039536E-01
 8.29266544E-01
 6.83587097E-01
 6.56376705E-01
 7.79915863E-01
 7.60830999E-01
 7.81390463E-01
 7.85149848E-01
 7.43173298E-01
 8.04549988E-01
 7.49155415E-01
 7.27219552E-01
 8.24122805E-01
 8.27155159E-01
 4.41138278E-01
 7.60746619E-01
 5.17033959E-01
 1.51513649E-01
 1.53783437E-01
 3.78210927E-01
 1.53826672E-01
 4.00058937E-01
 1.59065904E-01
 1.46156908E-01
 4.16568987E-01
 6.21943914E-01
 1.89478431E-01
 6.73841648E-02
 3.06630892E-01
 5.32784490E-01
 4.53277430E-01
 4.01891655E-01
 5.98731285E-01
 6.18471845E-01
 6.13397959E-01
 7.43194897E-01
 2.76645317E-01
 7.38809085E-02
 1.87923173E-01
 3.75764075E-01
 5.52795740E-01
 1.64389476E-01
 4.82937607E-02
 1.18180456E-01
 3.65913918E-01
 3.11337941E-01
 1.70603354E-01
 3.55793151E-01
 5.00315183E-01
 4.41462000E-01
 6.50794060E-01
 4.69314173E-01
 3.48975196E-01
 4.73719545E-01
 6.25457250E-01
 3.80605016E-01
 2.30796853E-01
 3.75825583E-01
 5.09000890E-01
 3.91688189E-01
 4.98865859E-01
 6.65644505E-01
 6.04527922E-01
 5.34635078E-01
 6.51435344E-01
 5.48124043E-01
 4.64444225E-01
 6.60749588E-01
 6.97608617E-01
 6.65862886E-01
 7.77701801E-01
 6.72115005E-01
 7.57029379E-01
 4.61904698E-01
 3.22689074E-01
 4.19145670E-01
 5.56975797E-01
 6.85998954E-01
 7.79118144E-01
 3.93932409E-01
 2.78590430E-01
 4.39829844E-01
 6.07187160E-01
 7.63779216E-01
 5.12862548E-01
 4.72176931E-01
 6.64637624E-01
 7.98354627E-01
 6.50175713E-01
 6.56230434E-01
 8.20618808E-01
 7.57190963E-01
 7.88463677E-01
 8.63331810E-01
 4.70545451E-01
 3.48334735E-01
 4.70214651E-01
 6.23809957E-01
 3.84138312E-01
 2.36607681E-01
 3.81295564E-01
 5.13407009E-01
 4.01263500E-01
 5.08700608E-01
 6.68335589E-01
 5.92517713E-01
 5.28585885E-01
 6.64655861E-01
 7.95103048E-01
 5.48411629E-01
 4.15633011E-01
 5.08687322E-01
 6.86255880E-01
 5.28505956E-01
 8.31158971E-01
 6.97116346E-01
 6.74262114E-01
 7.96668402E-01
 6.81231328E-01
 5.89384938E-01
 8.07476433E-01
 7.79856150E-01
 7.93836972E-01
 7.88834032E-01
 6.95054753E-01
 6.53096524E-01
 5.69447327E-01
 6.44426259E-01
 7.42647522E-01
 5.94490640E-01
 5.34229943E-01
 6.63925570E-01
 6.76215592E-01
 6.72546992E-01
 8.18206765E-01
 7.70895204E-01
 6.13217071E-01
 5.44572933E-01
 6.57895908E-01
 7.56021372E-01
 5.61287339E-01
 4.83167841E-01
 6.00114700E-01
 6.72989578E-01
 5.99751394E-01
 7.02630594E-01
 6.83006142E-01
 8.04436677E-01
 6.89810372E-01
 6.00448841E-01
 8.12343733E-01
 7.80187411E-01
 7.25769465E-01
 7.40974726E-01
 6.87843662E-01
 7.58619177E-01
 7.03511946E-01
 6.79447582E-01
 7.78667530E-01
 7.06900673E-01
 6.76883942E-01
 7.80981685E-01
 6.86294713E-01
 7.86284484E-01
 8.00112975E-01
 7.61773476E-01
 8.14016385E-01
 7.70951281E-01
 7.42928777E-01
 8.29918417E-01
 7.70385470E-01
 7.49211602E-01
 7.37454468E-01
 6.80322615E-01
 8.46205142E-01
 6.22279653E-01
 1.19125997E+00
 1.28645972E+00
 1.30437337E+00
 1.27810910E+00
 1.24873845E+00
 1.21873763E+00
 1.18789080E+00
 1.47905653E+00
 1.71625924E+00
 1.75297562E+00
 1.70373034E+00
 1.64046738E+00
 1.59763499E+00
 2.76966456E+00
 4.51796713E+00
 7.92952627E+00
 1.59189024E+01
 1.24158068E+00
 6.08987396E-01
 7.22248581E-02
 4.91414182E-02
 3.03084032E-01
 5.75118546E-01
 6.36810636E-01
 6.12686196E-01
 7.40509920E-01
 8.14338029E-01
 8.01395711E-01
 8.69909486E-01
 9.03188266E-01
 3.53598804E-01
 1.86244325E-01
 2.81285225E-01
 4.39835522E-01
 5.78032358E-01
 6.83319600E-01
 7.96706273E-01
 4.11493454E-01
 2.77053290E-01
 3.94689141E-01
 5.48384254E-01
 6.87287804E-01
 7.96345414E-01
 5.66223223E-01
 4.96302847E-01
 6.21676947E-01
 7.43106427E-01
 8.54934516E-01
 7.01130774E-01
 6.71135004E-01
 7.77845548E-01
 8.52357471E-01
 7.90137433E-01
 7.86890326E-01
 8.80519853E-01
 8.60193635E-01
 8.68992773E-01
 9.53195584E-01
 7.14753223E-01
 6.41464445E-01
 6.93524190E-01
 7.63401456E-01
 8.29637402E-01
 8.79794149E-01
 6.72134876E-01
 6.08716734E-01
 6.95811922E-01
 7.84992717E-01
 8.70886660E-01
 7.32931113E-01
 7.08265447E-01
 8.12768401E-01
 8.88155210E-01
 8.06746848E-01
 8.09764909E-01
 9.01424522E-01
 8.66925409E-01
 8.85799614E-01
 9.26632864E-01
 8.08090671E-01
 7.62749972E-01
 8.05146496E-01
 8.56818494E-01
 7.74010376E-01
 7.39538790E-01
 8.11853342E-01
 8.17805964E-01
 8.13958318E-01
 8.96396931E-01
 8.71658968E-01
 8.55292202E-01
 8.26241994E-01
 8.66674105E-01
 9.09795891E-01
 8.32949542E-01
 8.18776911E-01
 8.84085070E-01
 8.74449278E-01
 8.85445801E-01
 8.86818856E-01
 8.64812426E-01
 8.97264374E-01
 8.68326103E-01
 8.57128776E-01
 9.08709478E-01
 9.09313893E-01
 7.99405507E-02
 2.56074706E-01
 4.15301817E-02
 2.33269989E-01
 4.50464515E-01
 6.04506658E-01
 2.87115401E-01
 1.47194608E-01
 3.02654942E-01
 4.91811755E-01
 6.56044856E-01
 7.83897936E-01
 5.32056894E-01
 4.65211872E-01
 6.04836340E-01
 7.35204595E-01
 6.95408041E-01
 6.68143654E-01
 7.78202966E-01
 7.92402980E-01
 7.90281796E-01
 8.63132186E-01
 5.99976591E-01
 4.89135689E-01
 5.53105504E-01
 6.57245541E-01
 7.54972814E-01
 5.44493768E-01
 4.29648064E-01
 5.21104070E-01
 6.56258456E-01
 6.28883450E-01
 5.53781579E-01
 6.53991257E-01
 7.33531898E-01
 7.02690675E-01
 8.16042902E-01
 7.15470939E-01
 6.51279963E-01
 7.18362783E-01
 7.99759048E-01
 6.69900880E-01
 5.90451337E-01
 6.68021871E-01
 7.39971373E-01
 6.78293005E-01
 7.35351256E-01
 8.24431774E-01
 7.90395304E-01
 7.53495937E-01
 8.15503547E-01
 7.61446838E-01
 7.17576953E-01
 8.21967111E-01
 8.40684245E-01
 8.24101868E-01
 8.83120438E-01
 8.27920471E-01
 8.72516413E-01
 7.00502590E-01
 6.24292095E-01
 6.78811807E-01
 7.55745316E-01
 8.27356194E-01
 8.79707216E-01
 6.68778795E-01
 6.06679593E-01
 6.95272600E-01
 7.86769163E-01
 8.72528430E-01
 7.37366145E-01
 7.15957379E-01
 8.19858053E-01
 8.92074568E-01
 8.13550959E-01
 8.17123902E-01
 9.04792973E-01
 8.72225253E-01
 8.88978398E-01
 9.32229320E-01
 7.16172529E-01
 6.51034696E-01
 7.16597843E-01
 7.98973248E-01
 6.72025174E-01
 5.93863401E-01
 6.71191816E-01
 7.42564051E-01
 6.83652750E-01
 7.40745739E-01
 8.26006917E-01
 7.84178467E-01
 7.50471984E-01
 8.22628227E-01
 8.91754446E-01
 7.61813359E-01
 6.92090162E-01
 7.41511004E-01
 8.35482633E-01
 7.53497900E-01
 9.12776770E-01
 8.40527059E-01
 8.28626123E-01
 8.93130496E-01
 8.32817102E-01
 7.85076187E-01
 9.00341057E-01
 8.84547618E-01
 8.92247949E-01
 8.90895733E-01
 8.40623489E-01
 8.14457995E-01
 7.69974553E-01
 8.10232117E-01
 8.62793009E-01
 7.84558207E-01
 7.52767910E-01
 8.21781212E-01
 8.29059100E-01
 8.27318939E-01
 9.04231175E-01
 8.80004943E-01
 7.95536096E-01
 7.59387472E-01
 8.19376202E-01
 8.71298304E-01
 7.69015596E-01
 7.28107247E-01
 7.89769444E-01
 8.28745404E-01
 7.90746048E-01
 8.43652331E-01
 8.33441262E-01
 8.97313605E-01
 8.37497837E-01
 7.91063839E-01
 9.03020775E-01
 8.84830650E-01
 8.56737069E-01
 8.63535942E-01
 8.35611699E-01
 8.72939017E-01
 8.44324708E-01
 8.31772727E-01
 8.84297413E-01
 8.46241759E-01
 8.30562809E-01
 8.85183162E-01
 8.35909826E-01
 8.88182053E-01
 8.95468308E-01
 8.75420311E-01
 9.02724829E-01
 8.80428157E-01
 8.65994393E-01
 9.12454587E-01
 8.80083960E-01
 8.69409504E-01
 8.65039515E-01
 9.00885902E-01
 9.19862364E-01
 8.77895309E-01
