 8.47329833E-01
 7.83960973E-01
 7.82106254E-01
 8.08835982E-01
 8.34752504E-01
 8.62427031E-01
 8.91752620E-01
 7.88435852E-01
 7.13422431E-01
 7.27280978E-01
 7.70266378E-01
 8.11852251E-01
 8.48739728E-01
 7.88200903E-01
 7.28470995E-01
 7.62140713E-01
 8.12712226E-01
 8.61511846E-01
 8.96686714E-01
 8.16052699E-01
 7.73141424E-01
 8.14253208E-01
 8.64148546E-01
 8.40594346E-01
 8.12707026E-01
 8.60568616E-01
 8.68217785E-01
 8.49951627E-01
 8.95620648E-01
 8.98846125E-01
 7.65276011E-01
 6.84958102E-01
 7.02921992E-01
 7.49254110E-01
 7.93794630E-01
 8.33991160E-01
 8.70052479E-01
 6.92109542E-01
 6.03170922E-01
 6.48613086E-01
 7.21032168E-01
 7.90412672E-01
 8.41875746E-01
 7.10789329E-01
 6.48888667E-01
 7.19228259E-01
 7.98143925E-01
 8.73391527E-01
 7.59280101E-01
 7.25301932E-01
 8.02687378E-01
 8.64184332E-01
 8.01541334E-01
 7.92317256E-01
 8.75985051E-01
 8.41556484E-01
 8.45392166E-01
 0.00000000E+00
 7.56591090E-01
 6.95935795E-01
 7.41984263E-01
 7.97081311E-01
 8.49538417E-01
 8.87744465E-01
 7.01207812E-01
 6.43437725E-01
 7.22150019E-01
 8.02515545E-01
 8.78573354E-01
 7.43590561E-01
 7.17766082E-01
 8.14481630E-01
 8.92562841E-01
 8.00641673E-01
 8.02771342E-01
 8.98069367E-01
 8.50471719E-01
 8.77955094E-01
 0.00000000E+00
 7.80373555E-01
 7.36632733E-01
 7.91564193E-01
 8.47331847E-01
 7.41302496E-01
 7.09943627E-01
 7.96842441E-01
 7.92471922E-01
 7.92548489E-01
 8.88986867E-01
 8.50511148E-01
 8.08607045E-01
 7.83328570E-01
 8.46482620E-01
 9.01655723E-01
 7.86932865E-01
 7.83769930E-01
 8.77419366E-01
 8.46600983E-01
 8.74764228E-01
 8.39221689E-01
 8.26496868E-01
 8.88814838E-01
 8.28497700E-01
 8.43713111E-01
 8.83957220E-01
 8.71667025E-01
 8.00880937E-01
 7.28720837E-01
 7.40148039E-01
 7.79931929E-01
 8.18672452E-01
 8.53495757E-01
 7.28876064E-01
 6.47719842E-01
 6.85699396E-01
 7.49735697E-01
 8.11893437E-01
 8.57803546E-01
 7.37346245E-01
 6.81203422E-01
 7.46488691E-01
 8.17914040E-01
 7.76820306E-01
 7.45249658E-01
 8.18118960E-01
 8.13389317E-01
 8.04800796E-01
 8.48783924E-01
 7.06294230E-01
 6.19201674E-01
 6.60513678E-01
 7.29412552E-01
 7.95828066E-01
 6.22137081E-01
 5.18513599E-01
 5.85903451E-01
 6.93416224E-01
 6.60152284E-01
 5.82256871E-01
 6.64572556E-01
 7.29752964E-01
 6.92675733E-01
 7.93311451E-01
 7.11019875E-01
 6.53119744E-01
 7.27798397E-01
 8.06290092E-01
 6.56122926E-01
 5.78582340E-01
 6.63004874E-01
 7.25896185E-01
 6.59768783E-01
 7.28011116E-01
 8.05610664E-01
 7.46814016E-01
 7.14711702E-01
 7.98929121E-01
 7.17263731E-01
 6.79434339E-01
 7.96783182E-01
 7.89538590E-01
 7.85661203E-01
 8.77998342E-01
 7.87132925E-01
 8.29312637E-01
 8.00318913E-01
 7.41434122E-01
 7.70599008E-01
 8.17506111E-01
 8.63176142E-01
 8.96751826E-01
 7.39752698E-01
 6.82590791E-01
 7.45688099E-01
 8.16132522E-01
 8.84379507E-01
 7.64922398E-01
 7.40284954E-01
 8.30107041E-01
 9.00250382E-01
 8.12061549E-01
 8.12068532E-01
 9.02229626E-01
 8.56897365E-01
 8.80782422E-01
 0.00000000E+00
 7.24197989E-01
 6.61518192E-01
 7.25424911E-01
 8.00946154E-01
 6.62907732E-01
 5.83499575E-01
 6.63159905E-01
 7.24030716E-01
 6.61125813E-01
 7.33749706E-01
 8.00974101E-01
 7.51710409E-01
 7.23561996E-01
 8.15113189E-01
 8.92579323E-01
 7.27082471E-01
 6.59440630E-01
 7.26073682E-01
 8.17659108E-01
 7.31084722E-01
 8.95203267E-01
 7.96028610E-01
 7.94068035E-01
 8.87856811E-01
 7.96742699E-01
 7.71969160E-01
 8.86226804E-01
 8.47380952E-01
 8.74741162E-01
 8.70051209E-01
 8.81881990E-01
 8.23937545E-01
 7.80604547E-01
 8.17930021E-01
 8.65548809E-01
 7.78550492E-01
 7.45690494E-01
 8.16632202E-01
 8.12458032E-01
 8.12142482E-01
 9.01927919E-01
 8.60644914E-01
 7.67680924E-01
 7.31902341E-01
 8.04358852E-01
 8.64329487E-01
 7.31436266E-01
 6.92634310E-01
 7.80923623E-01
 8.01076710E-01
 7.79918181E-01
 8.04837588E-01
 8.04683071E-01
 8.96918753E-01
 8.05606084E-01
 7.82892543E-01
 8.94057516E-01
 8.51340806E-01
 9.00028702E-01
 8.44289134E-01
 8.15331830E-01
 8.60823178E-01
 8.13639648E-01
 8.03939415E-01
 8.57092715E-01
 8.05132738E-01
 7.94136640E-01
 8.75368220E-01
 7.93260955E-01
 8.51496219E-01
 8.68284167E-01
 8.48961619E-01
 8.94125068E-01
 8.47397105E-01
 8.50968942E-01
 0.00000000E+00
 8.41183298E-01
 8.44623576E-01
 8.38152065E-01
 8.84132453E-01
 8.96531551E-01
 8.73887018E-01
 7.14987053E-01
 5.96486992E-01
 5.92824398E-01
 6.42602053E-01
 6.90908036E-01
 7.42551012E-01
 7.97334401E-01
 6.04928708E-01
 4.64611277E-01
 4.90277245E-01
 5.70430406E-01
 6.48035598E-01
 7.16914986E-01
 6.04690824E-01
 4.93012356E-01
 5.55705332E-01
 6.50027222E-01
 7.41107884E-01
 8.06778506E-01
 6.57163672E-01
 5.77047068E-01
 6.53571340E-01
 7.46526260E-01
 7.03636905E-01
 6.51680199E-01
 7.40580644E-01
 7.55849479E-01
 7.21872591E-01
 8.06325936E-01
 8.13364445E-01
 5.61976951E-01
 4.11645719E-01
 4.44773436E-01
 5.31011601E-01
 6.14025866E-01
 6.89026334E-01
 7.56386206E-01
 4.25212267E-01
 2.58670344E-01
 3.43109459E-01
 4.78123208E-01
 6.07628794E-01
 7.03743589E-01
 4.60444230E-01
 3.44560582E-01
 4.75526471E-01
 6.22668515E-01
 7.63134632E-01
 5.51701137E-01
 4.88122576E-01
 6.32056252E-01
 7.46482844E-01
 6.31448442E-01
 6.14032530E-01
 7.69197634E-01
 7.06830443E-01
 7.13260880E-01
 7.83371587E-01
 5.45931358E-01
 4.32221611E-01
 5.17726514E-01
 6.20323641E-01
 7.18175313E-01
 7.89500324E-01
 4.42607346E-01
 3.34233465E-01
 4.80705112E-01
 6.30519019E-01
 7.72546548E-01
 5.22201590E-01
 4.73613622E-01
 6.53627576E-01
 7.99127292E-01
 6.29314614E-01
 6.32888744E-01
 8.09912385E-01
 7.22813924E-01
 7.73112797E-01
 0.00000000E+00
 5.90426055E-01
 5.08246670E-01
 6.10305658E-01
 7.14164914E-01
 5.17792734E-01
 4.58682949E-01
 6.20315775E-01
 6.13770519E-01
 6.13372977E-01
 7.92602983E-01
 7.22473361E-01
 6.43170809E-01
 5.95401052E-01
 7.12803574E-01
 8.15583236E-01
 6.03143326E-01
 5.96532647E-01
 7.70583132E-01
 7.14830224E-01
 7.66205639E-01
 7.00301406E-01
 6.75862834E-01
 7.91517190E-01
 6.80759869E-01
 7.07622428E-01
 7.87033283E-01
 7.60798908E-01
 6.30309376E-01
 4.96096410E-01
 5.17091278E-01
 5.90826072E-01
 6.62688060E-01
 7.27327049E-01
 4.96787386E-01
 3.45851332E-01
 4.16091352E-01
 5.34821417E-01
 6.50167927E-01
 7.35394738E-01
 5.12908362E-01
 4.08508997E-01
 5.29393924E-01
 6.61787334E-01
 5.86687674E-01
 5.27973607E-01
 6.62773095E-01
 6.55092099E-01
 6.38955611E-01
 7.21186653E-01
 4.54105176E-01
 2.91726588E-01
 3.68103018E-01
 4.95962675E-01
 6.19372036E-01
 2.97906211E-01
 1.04738377E-01
 2.29459295E-01
 4.29038404E-01
 3.69181974E-01
 2.24023971E-01
 3.76372999E-01
 4.99234053E-01
 4.30002016E-01
 6.17895129E-01
 4.62687089E-01
 3.54406403E-01
 4.92869772E-01
 6.38693668E-01
 3.60960105E-01
 2.16081312E-01
 3.72377523E-01
 4.91287477E-01
 3.67802792E-01
 4.93550547E-01
 6.39948295E-01
 5.29158083E-01
 4.68767279E-01
 6.25013989E-01
 4.74652277E-01
 4.03455533E-01
 6.23008655E-01
 6.08560633E-01
 6.00595749E-01
 7.71935993E-01
 6.04552466E-01
 6.82486784E-01
 6.30266211E-01
 5.20985634E-01
 5.74786128E-01
 6.61539314E-01
 7.46085730E-01
 8.08266935E-01
 5.18353807E-01
 4.12239166E-01
 5.28796251E-01
 6.59089832E-01
 7.85458186E-01
 5.65308710E-01
 5.19452029E-01
 6.85410216E-01
 8.15107453E-01
 6.52912222E-01
 6.52636566E-01
 8.19025087E-01
 7.36140628E-01
 7.79684325E-01
 0.00000000E+00
 4.88612053E-01
 3.71918697E-01
 4.90086809E-01
 6.30000362E-01
 3.75331938E-01
 2.27548677E-01
 3.74672191E-01
 4.89156192E-01
 3.72068162E-01
 5.05755812E-01
 6.32159673E-01
 5.39311921E-01
 4.86537809E-01
 6.56151240E-01
 7.99886422E-01
 4.94008372E-01
 3.67784952E-01
 4.90351796E-01
 6.62385611E-01
 5.00499841E-01
 8.08081703E-01
 6.21375108E-01
 6.17124319E-01
 7.90931407E-01
 6.23081650E-01
 5.75534060E-01
 7.91334210E-01
 7.16593811E-01
 7.66353568E-01
 7.61369114E-01
 7.82864444E-01
 6.74456001E-01
 5.94092563E-01
 6.62931280E-01
 7.50907210E-01
 5.90760821E-01
 5.29718346E-01
 6.60629047E-01
 6.53716134E-01
 6.52825722E-01
 8.18477510E-01
 7.42981634E-01
 5.69866806E-01
 5.03192856E-01
 6.37081560E-01
 7.47977387E-01
 5.03105599E-01
 4.30694160E-01
 5.93456629E-01
 6.32348360E-01
 5.92120167E-01
 6.38376748E-01
 6.37602522E-01
 8.08295322E-01
 6.40113656E-01
 5.96741274E-01
 8.05768934E-01
 7.24382895E-01
 8.16276877E-01
 7.12312186E-01
 6.58570096E-01
 7.42457033E-01
 6.55886003E-01
 6.37640710E-01
 7.36337765E-01
 6.39535667E-01
 6.18764332E-01
 7.68741516E-01
 6.17855892E-01
 7.25073311E-01
 7.56754483E-01
 7.20806911E-01
 8.03966534E-01
 7.18347506E-01
 7.24272588E-01
 0.00000000E+00
 7.06387369E-01
 7.11916703E-01
 7.03113448E-01
 7.87206035E-01
 8.08967903E-01
 7.68478659E-01
 6.00519299E-01
 4.35052546E-01
 4.30369252E-01
 4.98715567E-01
 5.65093922E-01
 6.37001968E-01
 7.14132130E-01
 4.46831965E-01
 2.51863844E-01
 2.89052028E-01
 3.98834908E-01
 5.05205353E-01
 6.00787646E-01
 4.47184797E-01
 2.93109654E-01
 3.82680024E-01
 5.11922760E-01
 6.36804305E-01
 7.27639194E-01
 5.20059324E-01
 4.09143293E-01
 5.17443343E-01
 6.46132815E-01
 5.84903057E-01
 5.12477431E-01
 6.37350146E-01
 6.58601926E-01
 6.10940517E-01
 7.28864205E-01
 7.40096389E-01
 3.87489395E-01
 1.78857653E-01
 2.26487166E-01
 3.44067411E-01
 4.57391330E-01
 5.61251788E-01
 6.56056811E-01
 1.97691300E-01
 3.11315592E-02
 8.99774280E-02
 2.73396679E-01
 4.49532095E-01
 5.81885066E-01
 2.48608923E-01
 9.22138413E-02
 2.79279228E-01
 4.78787420E-01
 6.69448733E-01
 3.74585105E-01
 2.88870171E-01
 4.92540805E-01
 6.49025133E-01
 4.85020493E-01
 4.61504113E-01
 6.79154257E-01
 5.90766898E-01
 5.98991910E-01
 6.98225283E-01
 3.66305523E-01
 2.10124380E-01
 3.31783492E-01
 4.71268850E-01
 6.04516811E-01
 7.02774921E-01
 2.24747296E-01
 7.95780204E-02
 2.88587896E-01
 4.90818255E-01
 6.82842405E-01
 3.38512156E-01
 2.78787307E-01
 5.35374111E-01
 7.30232760E-01
 4.85672123E-01
 4.95217980E-01
 7.45304030E-01
 6.14167973E-01
 6.85232369E-01
 0.00000000E+00
 4.27322532E-01
 3.13762670E-01
 4.57869856E-01
 6.00848372E-01
 3.27802253E-01
 2.48790835E-01
 4.77492474E-01
 4.64112003E-01
 4.68362224E-01
 7.21724885E-01
 6.14839115E-01
 4.99714945E-01
 4.32708922E-01
 5.97584954E-01
 7.40924198E-01
 4.44706576E-01
 4.36135212E-01
 6.80627715E-01
 6.02416382E-01
 6.74968719E-01
 5.79091464E-01
 5.43871847E-01
 7.05703693E-01
 5.52189417E-01
 5.88129161E-01
 7.05137094E-01
 6.64085752E-01
 4.85220156E-01
 2.99709790E-01
 3.30088178E-01
 4.30457195E-01
 5.28350521E-01
 6.17529570E-01
 3.01000405E-01
 9.44653711E-02
 1.94839105E-01
 3.55684713E-01
 5.12067733E-01
 6.28906742E-01
 3.25080543E-01
 1.84791155E-01
 3.56436663E-01
 5.35312783E-01
 4.26322759E-01
 3.47491368E-01
 5.37190402E-01
 5.20300129E-01
 4.98600936E-01
 6.12226405E-01
 2.41210826E-01
 1.89165672E-02
 1.28123453E-01
 3.01049548E-01
 4.68153007E-01
 2.79616308E-02
 2.32426509E-01
 5.33038190E-02
 2.14743238E-01
 1.30669796E-01
 6.02783554E-02
 1.58216267E-01
 3.07960568E-01
 2.17854301E-01
 4.69706446E-01
 2.55048877E-01
 1.10211218E-01
 3.07242526E-01
 5.03510709E-01
 1.19900336E-01
 6.97293382E-02
 1.54809207E-01
 3.05918124E-01
 1.48760809E-01
 3.30613934E-01
 5.07143349E-01
 3.45136803E-01
 2.64381500E-01
 4.84970002E-01
 2.73615659E-01
 1.81464491E-01
 4.83692614E-01
 4.53076346E-01
 4.42561685E-01
 6.82879566E-01
 4.49492219E-01
 5.54914131E-01
 4.86984031E-01
 3.37210752E-01
 4.13544484E-01
 5.31393906E-01
 6.46343847E-01
 7.31668340E-01
 3.34014988E-01
 1.91513447E-01
 3.56706503E-01
 5.32335804E-01
 7.02841149E-01
 4.01318012E-01
 3.44210709E-01
 5.78786365E-01
 7.52236933E-01
 5.20930558E-01
 5.24347384E-01
 7.57801952E-01
 6.34497454E-01
 6.95776751E-01
 7.27420707E-01
 2.92126283E-01
 1.35146645E-01
 3.03032270E-01
 4.91571160E-01
 1.40593950E-01
 5.38763651E-02
 1.56868808E-01
 3.02962005E-01
 1.53864190E-01
 3.46162558E-01
 4.96524430E-01
 3.64928205E-01
 2.99255048E-01
 5.40097082E-01
 7.31969122E-01
 3.10356977E-01
 1.49414299E-01
 3.26547585E-01
 5.49493155E-01
 3.40335385E-01
 7.46550238E-01
 4.76056765E-01
 4.74745193E-01
 7.19800541E-01
 4.84008135E-01
 4.25253111E-01
 7.24010957E-01
 6.05339565E-01
 6.75452008E-01
 6.73106563E-01
 6.98855534E-01
 5.47968921E-01
 4.37422155E-01
 5.34021257E-01
 6.54772383E-01
 4.33319090E-01
 3.51330186E-01
 5.35120054E-01
 5.22210379E-01
 5.24759197E-01
 7.57110578E-01
 6.45084657E-01
 4.03563051E-01
 3.13781375E-01
 5.02089960E-01
 6.52793965E-01
 3.14499925E-01
 2.19986443E-01
 4.49509067E-01
 4.96852883E-01
 4.47880720E-01
 5.00119826E-01
 5.03369354E-01
 7.43642576E-01
 5.07694297E-01
 4.54586083E-01
 7.43202536E-01
 6.18076870E-01
 7.46393289E-01
 5.99826262E-01
 5.25245928E-01
 6.42181168E-01
 5.22059236E-01
 4.97368680E-01
 6.34619115E-01
 4.98566549E-01
 4.70284548E-01
 6.79645959E-01
 4.69890003E-01
 6.17966020E-01
 6.61297565E-01
 6.10924969E-01
 7.26437207E-01
 6.08045685E-01
 6.15514517E-01
 0.00000000E+00
 5.90751362E-01
 5.97483686E-01
 5.89153364E-01
 7.05166974E-01
 7.34067420E-01
 6.79345780E-01
 5.03584364E-01
 3.00709854E-01
 2.97028717E-01
 3.77371899E-01
 4.55460787E-01
 5.43222612E-01
 6.40158535E-01
 3.14984862E-01
 7.94509877E-02
 1.30473250E-01
 2.58260815E-01
 3.82163184E-01
 4.97538088E-01
 3.17312817E-01
 1.34918913E-01
 2.52572934E-01
 4.03116896E-01
 5.48670885E-01
 6.57297634E-01
 4.04219125E-01
 2.71238310E-01
 4.10032833E-01
 5.64899918E-01
 4.81894206E-01
 3.93000380E-01
 5.50316155E-01
 5.73307343E-01
 5.13576731E-01
 6.60794678E-01
 6.76431947E-01
 2.43128491E-01
 7.86477503E-03
 5.66848233E-02
 1.92161722E-01
 3.22892873E-01
 4.47716308E-01
 5.66801130E-01
 1.44597545E-02
 2.52446927E-01
 9.11917345E-02
 1.17094564E-01
 3.17337091E-01
 4.73472409E-01
 8.21671018E-02
 9.02944795E-02
 1.55329363E-01
 3.80416506E-01
 5.95750974E-01
 2.29945211E-01
 1.35636990E-01
 3.96920206E-01
 5.78925576E-01
 3.60003538E-01
 3.34406390E-01
 6.08364158E-01
 4.89579930E-01
 4.99068372E-01
 6.24578919E-01
 2.20739122E-01
 3.90572004E-02
 1.97946826E-01
 3.57141889E-01
 5.09458466E-01
 6.25642603E-01
 5.60325714E-02
 9.95219592E-02
 1.74555664E-01
 3.99668160E-01
 6.13753345E-01
 2.03758691E-01
 1.59659833E-01
 4.94979185E-01
 7.06488302E-01
 3.74557542E-01
 4.03255873E-01
 7.23450668E-01
 5.23949839E-01
 6.17064248E-01
 6.50947733E-01
 2.91590209E-01
 1.57562860E-01
 3.41832970E-01
 5.11326861E-01
 1.74984057E-01
 9.17235335E-02
 3.85237299E-01
 3.49281085E-01
 3.72769647E-01
 6.97535451E-01
 5.29896976E-01
 3.76130374E-01
 2.94331408E-01
 5.01879560E-01
 6.78220927E-01
 3.10314862E-01
 3.04114666E-01
 6.12174970E-01
 5.09527430E-01
 6.05028300E-01
 4.72440581E-01
 4.27294663E-01
 6.29497455E-01
 4.39314104E-01
 4.82441449E-01
 6.35268612E-01
 5.79014689E-01
 3.65868573E-01
 1.42779000E-01
 1.84785703E-01
 3.00823246E-01
 4.14079599E-01
 5.21106106E-01
 1.44364766E-01
 9.67467950E-02
 3.65589994E-02
 2.19664817E-01
 3.97822396E-01
 5.35420168E-01
 1.78533881E-01
 2.37337015E-02
 2.47571476E-01
 4.49623027E-01
 2.96663048E-01
 2.09911445E-01
 4.51883862E-01
 4.06510189E-01
 3.82944726E-01
 5.18177277E-01
 7.16064847E-02
 1.87086796E-01
 4.17119082E-02
 1.53787134E-01
 3.42922086E-01
 1.76472714E-01
 4.65252080E-01
 2.24536483E-01
 7.16290211E-02
 4.00114235E-02
 2.35029782E-01
 5.75334746E-02
 1.62760616E-01
 7.46048022E-02
 3.47968758E-01
 9.56851906E-02
 5.99123207E-02
 1.98059766E-01
 4.16094027E-01
 4.88525224E-02
 2.37872254E-01
 6.40348366E-02
 1.93654783E-01
 5.32725535E-02
 3.03575518E-01
 4.19544489E-01
 1.98040531E-01
 1.12403350E-01
 3.95022281E-01
 1.24024503E-01
 3.75011409E-02
 3.92756408E-01
 3.21687466E-01
 3.12962538E-01
 6.15331031E-01
 3.22845019E-01
 4.43112390E-01
 3.71280120E-01
 1.94837989E-01
 2.94778697E-01
 4.30783311E-01
 5.63548070E-01
 6.64780179E-01
 1.91102219E-01
 3.35663944E-02
 2.48779444E-01
 4.46641028E-01
 6.38906181E-01
 2.79958341E-01
 2.33112444E-01
 5.36497461E-01
 7.27175142E-01
 4.18893303E-01
 4.36971235E-01
 7.33628730E-01
 5.50829728E-01
 6.30807799E-01
 6.61619834E-01
 1.40384497E-01
 3.31013043E-02
 1.86705381E-01
 3.98190551E-01
 2.64253948E-02
 2.26009861E-01
 5.62449574E-02
 1.85897549E-01
 5.10844553E-02
 3.12610976E-01
 4.04702927E-01
 2.38780231E-01
 1.86343811E-01
 5.00331991E-01
 7.08447323E-01
 1.99640872E-01
 5.43745683E-02
 2.98435407E-01
 5.09673920E-01
 3.11443473E-01
 7.26869100E-01
 3.65489178E-01
 3.81591808E-01
 6.95054058E-01
 3.93380243E-01
 3.51261856E-01
 7.02107551E-01
 5.13735864E-01
 6.05950473E-01
 6.08007264E-01
 6.26854561E-01
 4.43488184E-01
 3.11648155E-01
 4.34566124E-01
 5.78589909E-01
 3.07040654E-01
 2.16424767E-01
 4.50386603E-01
 4.20758949E-01
 4.37769352E-01
 7.32943514E-01
 5.67827425E-01
 2.70199233E-01
 1.70798373E-01
 4.11147028E-01
 5.85337625E-01
 1.72296369E-01
 7.86314205E-02
 3.74756126E-01
 4.05298729E-01
 3.71863389E-01
 3.94551811E-01
 4.14897253E-01
 7.21569516E-01
 4.20699813E-01
 3.83847327E-01
 7.22933672E-01
 5.34662486E-01
 6.89677245E-01
 5.04214583E-01
 4.13095194E-01
 5.59277033E-01
 4.09737381E-01
 3.82418988E-01
 5.50908322E-01
 3.79930139E-01
 3.48290620E-01
 6.10494827E-01
 3.48716009E-01
 5.29645528E-01
 5.78848517E-01
 5.15870216E-01
 6.59209047E-01
 5.12913617E-01
 5.21380565E-01
 0.00000000E+00
 4.90648271E-01
 4.97996681E-01
 4.92069659E-01
 6.35042592E-01
 6.69416627E-01
 6.03240524E-01
 4.17011060E-01
 1.80650735E-01
 1.77792069E-01
 2.68808060E-01
 3.57326197E-01
 4.59236335E-01
 5.73874473E-01
 1.97109536E-01
 7.47885973E-02
 1.14777165E-02
 1.32372656E-01
 2.71931335E-01
 4.04996861E-01
 2.01181552E-01
 6.62663971E-03
 1.36077535E-01
 3.05659509E-01
 4.69705983E-01
 5.94249595E-01
 3.00728485E-01
 1.47961234E-01
 3.13952036E-01
 4.92203711E-01
 3.90074229E-01
 2.86441747E-01
 4.72640212E-01
 4.97604987E-01
 4.27103678E-01
 6.00276284E-01
 6.20377132E-01
 1.14607603E-01
 1.74280380E-01
 9.48133001E-02
 5.64969600E-02
 2.02656704E-01
 3.46119189E-01
 4.86849378E-01
 1.48966190E-01
 4.50051786E-01
 2.53127538E-01
 2.27345847E-02
 1.98974892E-01
 3.76315100E-01
 6.63578672E-02
 2.53338863E-01
 4.44529502E-02
 2.92356630E-01
 5.29734162E-01
 1.01049074E-01
 1.06331106E-03
 3.11498460E-01
 5.16242504E-01
 2.49011136E-01
 2.21442121E-01
 5.45338665E-01
 4.00385289E-01
 4.10770064E-01
 5.60273355E-01
 9.13540330E-02
 1.13214024E-01
 7.86429126E-02
 2.55265144E-01
 4.24483493E-01
 5.56591187E-01
 9.41434144E-02
 2.59172201E-01
 7.27457297E-02
 3.18184960E-01
 5.51911441E-01
 8.38543299E-02
 5.34836626E-02
 4.58862969E-01
 6.85230394E-01
 2.75971649E-01
 3.21519451E-01
 7.03950692E-01
 4.44385619E-01
 5.56754600E-01
 5.90482627E-01
 1.71084165E-01
 1.86327843E-02
 2.38432481E-01
 4.31399558E-01
 3.92480208E-02
 4.80412180E-02
 3.02977593E-01
 2.47467393E-01
 2.87834622E-01
 6.75973230E-01
 4.54931696E-01
 2.66510628E-01
 1.71299860E-01
 4.16568014E-01
 6.22160516E-01
 1.91199291E-01
 1.86794856E-01
 5.51127065E-01
 4.27464370E-01
 5.42932615E-01
 3.77910041E-01
 3.23617701E-01
 5.61411138E-01
 3.39460149E-01
 3.88360401E-01
 5.75177895E-01
 5.03641400E-01
 2.60499097E-01
 4.15673333E-03
 5.63650816E-02
 1.86190706E-01
 3.12978294E-01
 4.35747727E-01
 6.14840226E-03
 2.65569599E-01
 1.03268308E-01
 9.94371705E-02
 2.96783561E-01
 4.52689348E-01
 4.93653854E-02
 1.18311353E-01
 1.51494780E-01
 3.73953908E-01
 1.82613634E-01
 8.88147965E-02
 3.76738470E-01
 3.06765008E-01
 2.81473493E-01
 4.36198995E-01
 7.82442033E-02
 3.69269472E-01
 1.92052088E-01
 2.33016896E-02
 2.31845519E-01
 3.57092598E-01
 6.71153679E-01
 3.76119397E-01
 5.51890540E-02
 1.90630514E-01
 3.89401549E-01
 3.15146655E-02
 3.49943476E-02
 5.15979471E-02
 2.41393710E-01
 4.50988540E-02
 2.10400927E-01
 1.01350485E-01
 3.38546538E-01
 1.97878521E-01
 3.86562676E-01
 1.63518863E-02
 9.47162412E-02
 3.10097627E-02
 2.79697104E-01
 3.42671392E-01
 6.81299474E-02
 2.20657661E-02
 3.15279824E-01
 7.94303249E-03
 8.97659276E-02
 3.12791238E-01
 2.05676901E-01
 1.98213813E-01
 5.55295564E-01
 2.11238832E-01
 3.44398720E-01
 2.69833640E-01
 6.99361693E-02
 1.90526297E-01
 3.42402070E-01
 4.90757431E-01
 6.05926299E-01
 6.59244677E-02
 1.04857604E-01
 1.54146597E-01
 3.71434102E-01
 5.82734716E-01
 1.73838268E-01
 1.35918522E-01
 4.99516093E-01
 7.05238502E-01
 3.29896036E-01
 3.60704758E-01
 7.12538950E-01
 4.78141251E-01
 5.74233240E-01
 6.04645346E-01
 7.04338763E-03
 1.81082232E-01
 8.43011856E-02
 3.15884425E-01
 1.73039429E-01
 3.77246048E-01
 3.22254654E-02
 8.33735785E-02
 3.89946072E-02
 2.83258953E-01
 3.24580035E-01
 1.27852071E-01
 8.69319269E-02
 4.65305277E-01
 6.87691705E-01
 1.02440639E-01
 2.91571983E-02
 2.73780606E-01
 4.74879138E-01
 2.86235082E-01
 7.10271134E-01
 2.68223690E-01
 2.99472284E-01
 6.73205860E-01
 3.13831802E-01
 2.86072759E-01
 6.83485177E-01
 4.33117868E-01
 5.44445389E-01
 5.51953084E-01
 5.64610971E-01
 3.52226653E-01
 2.01710052E-01
 3.47570021E-01
 5.11887321E-01
 1.96881062E-01
 9.86543079E-02
 3.76365221E-01
 3.32439865E-01
 3.61984462E-01
 7.11911781E-01
 5.00767860E-01
 1.53422139E-01
 4.54643729E-02
 3.31340926E-01
 5.26039648E-01
 4.79796833E-02
 4.50913966E-02
 3.09244763E-01
 3.25496570E-01
 3.05462440E-01
 3.02011552E-01
 3.37216932E-01
 7.02182013E-01
 3.44614996E-01
 3.21800171E-01
 7.05735901E-01
 4.61478692E-01
 6.40701288E-01
 4.20877863E-01
 3.15252026E-01
 4.86872385E-01
 3.11979545E-01
 2.82256910E-01
 4.78215158E-01
 2.76282342E-01
 2.41545579E-01
 5.49855638E-01
 2.43047189E-01
 4.52376874E-01
 5.07076473E-01
 4.33014968E-01
 6.00493315E-01
 4.30231449E-01
 4.39325269E-01
 0.00000000E+00
 4.03315646E-01
 4.10890033E-01
 4.08711126E-01
 5.74603466E-01
 6.13181000E-01
 5.37727171E-01
 4.45618552E-01
 2.19962569E-01
 2.16491106E-01
 3.03925132E-01
 3.88999088E-01
 4.86242439E-01
 5.95057220E-01
 2.35627546E-01
 2.49106958E-02
 3.39350268E-02
 1.72604104E-01
 3.07192829E-01
 4.34554667E-01
 2.39118142E-01
 3.90794714E-02
 1.73175626E-01
 3.36707889E-01
 4.94963368E-01
 6.14438191E-01
 3.35086922E-01
 1.88536386E-01
 3.45233995E-01
 5.15795590E-01
 4.21496878E-01
 3.22689144E-01
 4.98853566E-01
 5.24767552E-01
 4.57922064E-01
 6.21597982E-01
 6.42005691E-01
 1.58146714E-01
 1.18747633E-01
 4.50564938E-02
 1.00739480E-01
 2.41679399E-01
 3.78865832E-01
 5.12330320E-01
 9.46404788E-02
 3.85531091E-01
 2.01377673E-01
 2.18114622E-02
 2.36739080E-01
 4.07240190E-01
 1.71247959E-02
 2.00429373E-01
 7.92460294E-02
 3.19961863E-01
 5.50613989E-01
 1.44765331E-01
 4.45754636E-02
 3.39279119E-01
 5.36426726E-01
 2.88330146E-01
 2.60979917E-01
 5.66912596E-01
 4.34132699E-01
 4.43311158E-01
 5.86316467E-01
 1.35748575E-01
 6.20412708E-02
 1.17741081E-01
 2.88308361E-01
 4.51891922E-01
 5.78679889E-01
 4.33809940E-02
 2.06620509E-01
 1.04819038E-01
 3.43696215E-01
 5.71399048E-01
 1.24594322E-01
 8.82686979E-02
 4.69086556E-01
 6.90949021E-01
 3.10764010E-01
 3.49599591E-01
 7.09778859E-01
 4.74193679E-01
 5.78534880E-01
 6.14256968E-01
 2.12938325E-01
 6.58040237E-02
 2.72592192E-01
 4.57299785E-01
 8.62335384E-02
 9.20125817E-04
 3.29534346E-01
 2.83400251E-01
 3.16793478E-01
 6.82207136E-01
 4.82690448E-01
 3.04972118E-01
 2.13380115E-01
 4.44861414E-01
 6.40134913E-01
 2.33366859E-01
 2.27116314E-01
 5.71041794E-01
 4.57446238E-01
 5.64261405E-01
 4.11318385E-01
 3.59044044E-01
 5.83542909E-01
 3.75444926E-01
 4.20109377E-01
 6.02620400E-01
 5.30363786E-01
 2.99405030E-01
 5.50184720E-02
 1.03168407E-01
 2.27737417E-01
 3.49440020E-01
 4.66372088E-01
 5.74439685E-02
 2.03324094E-01
 5.21004702E-02
 1.43163809E-01
 3.33344128E-01
 4.82465063E-01
 9.78982325E-02
 6.52667298E-02
 1.87093158E-01
 4.01752720E-01
 2.26352312E-01
 1.35001871E-01
 4.05207383E-01
 3.46195063E-01
 3.21278310E-01
 4.70078864E-01
 2.35148491E-02
 3.03516957E-01
 1.38537453E-01
 6.93260572E-02
 2.70753443E-01
 2.91057788E-01
 5.96869944E-01
 3.22418385E-01
 1.07049528E-02
 1.34763936E-01
 3.32928262E-01
 2.30147455E-04
 8.38226627E-02
 3.92802859E-03
 2.83909540E-01
 6.24085919E-03
 1.56530592E-01
 1.35027741E-01
 3.65141512E-01
 1.43305324E-01
 3.33335258E-01
 1.10830874E-02
 1.31856439E-01
 2.18080314E-04
 2.87132030E-01
 3.72854128E-01
 1.15600746E-01
 2.59592829E-02
 3.42785373E-01
 4.08401793E-02
 4.40641007E-02
 3.43394190E-01
 2.48164134E-01
 2.39006792E-01
 5.75569938E-01
 2.52885708E-01
 3.80559356E-01
 3.09648071E-01
 1.18719453E-01
 2.31033272E-01
 3.76419174E-01
 5.18503296E-01
 6.28162014E-01
 1.15592072E-01
 5.00986228E-02
 1.91520502E-01
 4.00727228E-01
 6.04280964E-01
 2.16731523E-01
 1.75309113E-01
 5.14931621E-01
 7.14179693E-01
 3.66609358E-01
 3.92176500E-01
 7.21553610E-01
 5.08949822E-01
 5.97752056E-01
 6.29159045E-01
 5.83072199E-02
 1.24705890E-01
 1.22884667E-01
 3.46415181E-01
 1.15942702E-01
 3.18791733E-01
 1.61743696E-03
 1.24493993E-01
 2.84360764E-03
 2.95183243E-01
 3.57740003E-01
 1.70186811E-01
 1.24293234E-01
 4.78047319E-01
 6.94866489E-01
 1.40343939E-01
 2.91793551E-03
 2.82538030E-01
 4.89628021E-01
 2.96494394E-01
 7.19184634E-01
 3.05128390E-01
 3.29828606E-01
 6.80601392E-01
 3.44779553E-01
 3.09825433E-01
 6.94704290E-01
 4.63541376E-01
 5.66209695E-01
 5.77861157E-01
 5.92003104E-01
 3.89145177E-01
 2.45937815E-01
 3.82365204E-01
 5.38271098E-01
 2.42016648E-01
 1.46715463E-01
 4.06508840E-01
 3.69372470E-01
 3.93703337E-01
 7.21083679E-01
 5.29435664E-01
 1.99697877E-01
 9.46805179E-02
 3.62349815E-01
 5.48580398E-01
 9.81095965E-02
 4.37971701E-03
 3.35046375E-01
 3.58777309E-01
 3.32616711E-01
 3.38341788E-01
 3.67246041E-01
 7.09430862E-01
 3.75331378E-01
 3.45852653E-01
 7.16289001E-01
 4.89930343E-01
 6.62574194E-01
 4.55106828E-01
 3.55116447E-01
 5.16095802E-01
 3.52642717E-01
 3.23526836E-01
 5.09038468E-01
 3.18039000E-01
 2.83965670E-01
 5.73431768E-01
 2.86340393E-01
 4.83150049E-01
 5.36814191E-01
 4.66933038E-01
 6.24077674E-01
 4.64911844E-01
 4.72801006E-01
 0.00000000E+00
 4.38843136E-01
 4.45128220E-01
 4.47223690E-01
 6.01787355E-01
 6.36617341E-01
 5.67452734E-01
 5.72623209E-01
 3.95530696E-01
 3.90324207E-01
 4.62072703E-01
 5.31905582E-01
 6.08428417E-01
 6.91300088E-01
 4.07903893E-01
 1.99671363E-01
 2.39827507E-01
 3.55220210E-01
 4.67246447E-01
 5.68911250E-01
 4.08825059E-01
 2.45045997E-01
 3.41816890E-01
 4.77886679E-01
 6.09600027E-01
 7.06058796E-01
 4.87187338E-01
 3.69152472E-01
 4.85442819E-01
 6.21794754E-01
 5.57863966E-01
 4.80618045E-01
 6.13656482E-01
 6.39034461E-01
 5.88147559E-01
 7.12378907E-01
 7.28778509E-01
 3.48162524E-01
 1.25990723E-01
 1.76497306E-01
 2.98760608E-01
 4.17012335E-01
 5.26750613E-01
 6.28292499E-01
 1.45434284E-01
 9.71245159E-02
 3.31166367E-02
 2.24233749E-01
 4.08360245E-01
 5.48122024E-01
 2.00840563E-01
 3.69551928E-02
 2.38628159E-01
 4.46616630E-01
 6.46006279E-01
 3.35474946E-01
 2.45666161E-01
 4.63695175E-01
 6.27458512E-01
 4.55047641E-01
 4.29941265E-01
 6.60429242E-01
 5.71185211E-01
 5.77721853E-01
 6.87482431E-01
 3.27818050E-01
 1.62329237E-01
 2.91938414E-01
 4.36634454E-01
 5.75506224E-01
 6.78939597E-01
 1.78382146E-01
 2.68262341E-02
 2.51226110E-01
 4.60745038E-01
 6.60602833E-01
 3.01924145E-01
 2.43107501E-01
 5.18854991E-01
 7.19738214E-01
 4.58547916E-01
 4.70882542E-01
 7.37163091E-01
 5.95996671E-01
 6.69646938E-01
 7.08362925E-01
 3.92585038E-01
 2.71282508E-01
 4.24047764E-01
 5.73664453E-01
 2.88338483E-01
 2.05213959E-01
 4.48913173E-01
 4.35987489E-01
 4.42449334E-01
 7.12127729E-01
 5.96959942E-01
 4.68975626E-01
 3.95859768E-01
 5.70078086E-01
 7.21520694E-01
 4.12119064E-01
 4.01380499E-01
 6.60076328E-01
 5.81935245E-01
 6.56419555E-01
 5.53101195E-01
 5.12803674E-01
 6.82885292E-01
 5.26212492E-01
 5.59049392E-01
 7.01605166E-01
 6.43531293E-01
 4.59862948E-01
 2.65633451E-01
 2.97807698E-01
 4.01146982E-01
 5.02132314E-01
 5.95066384E-01
 2.68303263E-01
 5.36140534E-02
 1.60114512E-01
 3.25242040E-01
 4.86108754E-01
 6.07332969E-01
 2.95836516E-01
 1.51925718E-01
 3.33571311E-01
 5.16754108E-01
 4.02417167E-01
 3.21595002E-01
 5.20728246E-01
 5.01857131E-01
 4.79203064E-01
 6.00083814E-01
 2.03776114E-01
 2.83780388E-02
 8.73494586E-02
 2.64789661E-01
 4.36809554E-01
 1.70012111E-02
 2.85999171E-01
 9.51554193E-02
 1.78806066E-01
 9.49699765E-02
 9.86942023E-02
 1.33962757E-01
 2.80830834E-01
 1.89859832E-01
 4.50781666E-01
 2.19639639E-01
 7.00168013E-02
 2.79078078E-01
 4.80063506E-01
 8.29135194E-02
 1.09577258E-01
 1.29765334E-01
 2.83432507E-01
 1.27546944E-01
 3.21035704E-01
 4.92625305E-01
 3.12660236E-01
 2.28252314E-01
 4.61194967E-01
 2.41842747E-01
 1.47704772E-01
 4.66773363E-01
 4.24283103E-01
 4.11402236E-01
 6.64140386E-01
 4.23438106E-01
 5.30433610E-01
 4.67538809E-01
 3.12800177E-01
 3.92742022E-01
 5.13006373E-01
 6.30577245E-01
 7.18481334E-01
 3.11246488E-01
 1.66099240E-01
 3.39313151E-01
 5.17520375E-01
 6.90976376E-01
 3.83807437E-01
 3.28636481E-01
 5.74106166E-01
 7.48945068E-01
 5.07767959E-01
 5.13278255E-01
 7.55661381E-01
 6.25351209E-01
 6.87723088E-01
 7.20830504E-01
 2.64307478E-01
 1.03182652E-01
 2.79957470E-01
 4.71916596E-01
 1.11709611E-01
 8.45310670E-02
 1.38173578E-01
 2.85582518E-01
 1.38911815E-01
 3.41726843E-01
 4.85114709E-01
 3.41118968E-01
 2.76633723E-01
 5.31034410E-01
 7.25633942E-01
 2.91425545E-01
 1.32059905E-01
 3.19444017E-01
 5.45742527E-01
 3.36507772E-01
 7.50178241E-01
 4.54666779E-01
 4.54883198E-01
 7.12724610E-01
 4.68275749E-01
 4.08519655E-01
 7.29696767E-01
 5.87225809E-01
 6.58422446E-01
 6.70906449E-01
 6.93082404E-01
 5.32747223E-01
 4.18601336E-01
 5.18730884E-01
 6.42375299E-01
 4.16222223E-01
 3.32756383E-01
 5.23434816E-01
 5.10173322E-01
 5.14701201E-01
 7.55393384E-01
 6.37222093E-01
 3.82086471E-01
 2.89825266E-01
 4.86163617E-01
 6.39805365E-01
 2.93614027E-01
 1.98451450E-01
 4.37300393E-01
 4.86018658E-01
 4.37828276E-01
 4.82408737E-01
 4.87538731E-01
 7.39082390E-01
 4.95139232E-01
 4.42095591E-01
 7.48718446E-01
 6.03437360E-01
 7.42632316E-01
 5.86943138E-01
 5.09447290E-01
 6.29913819E-01
 5.08040056E-01
 4.82208847E-01
 6.25454098E-01
 4.80852491E-01
 4.50820363E-01
 6.67472341E-01
 4.53400069E-01
 6.04028411E-01
 6.50703670E-01
 5.97815312E-01
 7.16172506E-01
 5.96712641E-01
 6.02236653E-01
 7.18232171E-01
 5.76485780E-01
 5.80680885E-01
 5.85181734E-01
 7.00766180E-01
 7.26045665E-01
 6.75108830E-01
 6.87817952E-01
 5.54842873E-01
 5.48130624E-01
 6.05708910E-01
 6.61761334E-01
 7.19506012E-01
 7.78830209E-01
 5.64253683E-01
 4.03569424E-01
 4.26828355E-01
 5.21159263E-01
 6.12753518E-01
 6.91111536E-01
 5.62831137E-01
 4.32016884E-01
 4.94950870E-01
 6.06144799E-01
 7.13798772E-01
 7.89377634E-01
 6.25105386E-01
 5.32977179E-01
 6.12654590E-01
 7.18011963E-01
 6.81294542E-01
 6.23612598E-01
 7.17644005E-01
 7.42127586E-01
 7.05696111E-01
 7.94389558E-01
 8.06638971E-01
 5.20206570E-01
 3.47751937E-01
 3.77404027E-01
 4.78469571E-01
 5.76256945E-01
 6.61170616E-01
 7.33778254E-01
 3.63028994E-01
 1.64454702E-01
 2.45941688E-01
 4.08094114E-01
 5.64369641E-01
 6.76290610E-01
 3.98392118E-01
 2.52228845E-01
 3.83237831E-01
 5.61628546E-01
 7.32712455E-01
 5.08120064E-01
 4.27806260E-01
 5.76445323E-01
 7.10035478E-01
 6.05567338E-01
 5.82590740E-01
 7.45006275E-01
 6.94330490E-01
 6.98718556E-01
 7.77876655E-01
 5.01561644E-01
 3.65502096E-01
 4.49842345E-01
 5.71229783E-01
 6.87798967E-01
 7.70118490E-01
 3.79124163E-01
 2.38339330E-01
 3.83999179E-01
 5.67012342E-01
 7.41689042E-01
 4.62336263E-01
 3.83279550E-01
 5.63917814E-01
 7.45841132E-01
 5.91950876E-01
 5.80456670E-01
 7.61911287E-01
 7.05519130E-01
 7.51761184E-01
 7.92660676E-01
 5.54982340E-01
 4.57276502E-01
 5.61330283E-01
 6.79291947E-01
 4.71050058E-01
 3.91804635E-01
 5.57127918E-01
 5.73732286E-01
 5.56036361E-01
 7.39224922E-01
 6.99796847E-01
 6.17148523E-01
 5.61006201E-01
 6.83617473E-01
 7.95484547E-01
 5.73509266E-01
 5.59014670E-01
 7.40839609E-01
 6.94081267E-01
 7.39758039E-01
 6.81141106E-01
 6.51994104E-01
 7.73128515E-01
 6.62175584E-01
 6.84932022E-01
 7.87232492E-01
 7.45706809E-01
 6.04298281E-01
 4.55293834E-01
 4.73153884E-01
 5.57435670E-01
 6.39809639E-01
 7.11156679E-01
 4.58041214E-01
 2.84909449E-01
 3.51230397E-01
 4.89293448E-01
 6.23814554E-01
 7.19947240E-01
 4.73804678E-01
 3.47286488E-01
 4.65383742E-01
 6.20296393E-01
 5.60495093E-01
 4.89202751E-01
 6.24551510E-01
 6.41296164E-01
 6.20758571E-01
 7.16125692E-01
 4.08527043E-01
 2.19648511E-01
 2.91123829E-01
 4.41246926E-01
 5.86830459E-01
 2.29849617E-01
 5.79592456E-03
 1.09838910E-01
 3.49883033E-01
 3.01704129E-01
 1.12235991E-01
 2.54488216E-01
 4.57771729E-01
 3.64055509E-01
 6.00172230E-01
 4.11894752E-01
 2.74324661E-01
 4.09131936E-01
 5.83931336E-01
 2.86650710E-01
 9.21556849E-02
 2.36906252E-01
 4.19755495E-01
 2.42602004E-01
 3.51655842E-01
 6.00061648E-01
 4.90180181E-01
 4.10739186E-01
 5.68185722E-01
 4.22776029E-01
 3.20607503E-01
 5.77623552E-01
 5.82919577E-01
 5.66997789E-01
 7.44320577E-01
 5.76863080E-01
 6.65430836E-01
 6.09076777E-01
 4.86866618E-01
 5.37851411E-01
 6.35630941E-01
 7.31242558E-01
 7.99649398E-01
 4.86539202E-01
 3.59908253E-01
 4.71890934E-01
 6.22344924E-01
 7.68828782E-01
 5.33349478E-01
 4.65973214E-01
 6.27183435E-01
 7.80156740E-01
 6.33902246E-01
 6.21587128E-01
 7.86231233E-01
 7.29101669E-01
 7.68070532E-01
 8.02397316E-01
 4.49262710E-01
 3.07951716E-01
 4.21222014E-01
 5.84876034E-01
 3.15989525E-01
 1.25872650E-01
 2.60978194E-01
 4.29957084E-01
 2.66129577E-01
 3.83647503E-01
 5.99017705E-01
 4.94689587E-01
 4.13670690E-01
 5.78798393E-01
 7.53414411E-01
 4.27066711E-01
 2.48204132E-01
 3.52801423E-01
 5.96084172E-01
 3.72609943E-01
 7.78005495E-01
 5.89054126E-01
 5.67470337E-01
 7.41751854E-01
 5.79143043E-01
 4.97474910E-01
 7.59468257E-01
 6.98403292E-01
 7.41665727E-01
 7.53450945E-01
 7.82884594E-01
 6.61188041E-01
 5.73125915E-01
 6.40850173E-01
 7.35661219E-01
 5.71926239E-01
 4.99157583E-01
 6.28115138E-01
 6.35880278E-01
 6.22841911E-01
 7.86142066E-01
 7.33282672E-01
 5.45487343E-01
 4.64814536E-01
 5.97316505E-01
 7.21797696E-01
 4.68619952E-01
 3.72388707E-01
 5.29143407E-01
 5.99766779E-01
 5.32164121E-01
 6.11590914E-01
 5.95570931E-01
 7.65807689E-01
 6.02469658E-01
 5.28624071E-01
 7.76671792E-01
 7.05273677E-01
 8.13730514E-01
 7.04704585E-01
 6.47396712E-01
 7.31734155E-01
 6.46730615E-01
 6.23960748E-01
 7.29225094E-01
 6.26504530E-01
 6.00259511E-01
 7.51850182E-01
 6.02697464E-01
 7.12270707E-01
 7.52353222E-01
 7.14738239E-01
 7.98561662E-01
 7.14239151E-01
 7.17895383E-01
 8.00356873E-01
 6.99506586E-01
 7.02144431E-01
 7.07210682E-01
 7.88554294E-01
 8.05828245E-01
 7.70528267E-01
 7.99468824E-01
 7.13200328E-01
 7.08197305E-01
 7.46340694E-01
 7.83483454E-01
 8.20994945E-01
 8.58832925E-01
 7.19300405E-01
 6.14074584E-01
 6.27602808E-01
 6.90476579E-01
 7.51541306E-01
 8.02819695E-01
 7.17893392E-01
 6.31266157E-01
 6.69913024E-01
 7.44032450E-01
 8.15809242E-01
 8.65541597E-01
 7.59076197E-01
 6.98518357E-01
 7.48491572E-01
 8.17483075E-01
 7.96271726E-01
 7.58915298E-01
 8.18579165E-01
 8.35779294E-01
 8.12531660E-01
 8.68981975E-01
 8.77061059E-01
 6.91264158E-01
 5.78204188E-01
 5.95515587E-01
 6.63002067E-01
 7.28332740E-01
 7.83908337E-01
 8.30162090E-01
 5.88167849E-01
 4.55725092E-01
 5.04857081E-01
 6.14047285E-01
 7.19330531E-01
 7.93435398E-01
 6.09647285E-01
 5.09701553E-01
 5.90057938E-01
 7.10601349E-01
 8.26264397E-01
 6.82723785E-01
 6.27754742E-01
 7.20735922E-01
 8.09665356E-01
 7.47697184E-01
 7.31843126E-01
 8.34696537E-01
 8.05738744E-01
 8.08368190E-01
 8.59195883E-01
 6.78582998E-01
 5.87757942E-01
 6.39433589E-01
 7.20821978E-01
 7.99035620E-01
 8.53394680E-01
 5.96895008E-01
 4.99608869E-01
 5.88848231E-01
 7.13063950E-01
 8.31706066E-01
 6.48694522E-01
 5.89680252E-01
 7.00821113E-01
 8.25542500E-01
 7.35419837E-01
 7.23328262E-01
 8.36727552E-01
 8.11428815E-01
 8.39262937E-01
 8.68599009E-01
 7.14315004E-01
 6.49478992E-01
 7.14421905E-01
 7.92009702E-01
 6.58670470E-01
 6.03515688E-01
 7.06601772E-01
 7.23435783E-01
 7.06909835E-01
 8.21193423E-01
 8.06351177E-01
 7.55675254E-01
 7.18938576E-01
 7.96434627E-01
 8.68433249E-01
 7.27239453E-01
 7.16307887E-01
 8.31202138E-01
 8.03873288E-01
 8.31017433E-01
 7.97315812E-01
 7.78561002E-01
 8.55438523E-01
 7.85385148E-01
 7.99472050E-01
 8.64851183E-01
 8.38387920E-01
 7.46190423E-01
 6.49079754E-01
 6.59224783E-01
 7.15198195E-01
 7.69916012E-01
 8.16413565E-01
 6.51095411E-01
 5.36461065E-01
 5.76332020E-01
 6.68702529E-01
 7.58723214E-01
 8.22028187E-01
 6.60296653E-01
 5.74403390E-01
 6.46733686E-01
 7.50703387E-01
 7.17918726E-01
 6.69480899E-01
 7.53845887E-01
 7.71619233E-01
 7.57543320E-01
 8.20352706E-01
 6.18793195E-01
 4.93334665E-01
 5.36113772E-01
 6.36900986E-01
 7.34683272E-01
 5.00381278E-01
 3.40453459E-01
 4.09088892E-01
 5.71875065E-01
 5.44278787E-01
 4.11981684E-01
 4.96775754E-01
 6.49004611E-01
 5.82772592E-01
 7.44520317E-01
 6.19141642E-01
 5.24510843E-01
 6.06753327E-01
 7.25036948E-01
 5.33203564E-01
 3.96296843E-01
 4.82108489E-01
 6.15611226E-01
 4.87750913E-01
 5.50121500E-01
 7.37489688E-01
 6.71664690E-01
 6.16633172E-01
 7.14545622E-01
 6.25025670E-01
 5.51883289E-01
 7.22251666E-01
 7.33625339E-01
 7.21817722E-01
 8.33691469E-01
 7.28625475E-01
 7.87609971E-01
 7.49473533E-01
 6.69201614E-01
 7.00127458E-01
 7.64894816E-01
 8.28243774E-01
 8.72951209E-01
 6.69278901E-01
 5.83624393E-01
 6.51951788E-01
 7.52716516E-01
 8.50854456E-01
 6.97931977E-01
 6.48746811E-01
 7.47739727E-01
 8.51202772E-01
 7.64581107E-01
 7.53015610E-01
 8.55434634E-01
 8.27632196E-01
 8.50982949E-01
 8.75336320E-01
 6.44541949E-01
 5.48722282E-01
 6.17588744E-01
 7.27573942E-01
 5.54441935E-01
 4.22184268E-01
 5.02340617E-01
 6.24602398E-01
 5.06989669E-01
 5.75135331E-01
 7.38157344E-01
 6.71179795E-01
 6.11595434E-01
 7.12560657E-01
 8.31625531E-01
 6.20970494E-01
 4.92326773E-01
 5.51789766E-01
 7.25544927E-01
 5.66486081E-01
 8.49273377E-01
 7.34137791E-01
 7.15313057E-01
 8.23629055E-01
 7.23453679E-01
 6.62372087E-01
 8.36474518E-01
 8.06938080E-01
 8.32492686E-01
 8.40860388E-01
 8.63100525E-01
 7.84012377E-01
 7.26648142E-01
 7.68695698E-01
 8.30289129E-01
 7.26109360E-01
 6.76930703E-01
 7.56991583E-01
 7.66026447E-01
 7.54004443E-01
 8.55484246E-01
 8.29371740E-01
 7.08652280E-01
 6.54020258E-01
 7.36256375E-01
 8.18586916E-01
 6.56868749E-01
 5.89267489E-01
 6.85406216E-01
 7.38755513E-01
 6.88145706E-01
 7.49261305E-01
 7.34490790E-01
 8.40291026E-01
 7.39414230E-01
 6.84111155E-01
 8.48351327E-01
 8.10339335E-01
 8.81611855E-01
 8.12803667E-01
 7.76005507E-01
 8.29039745E-01
 7.75767010E-01
 7.60309029E-01
 8.27801528E-01
 7.62577281E-01
 7.44772808E-01
 8.40125795E-01
 7.46626992E-01
 8.16401296E-01
 8.43532427E-01
 8.19701440E-01
 8.72613282E-01
 8.19555907E-01
 8.21723728E-01
 8.73959037E-01
 8.10005796E-01
 8.11486573E-01
 8.14861224E-01
 8.66826552E-01
 8.77357560E-01
 8.55540793E-01
 9.03891235E-01
 8.62524187E-01
 8.60105271E-01
 8.78374351E-01
 8.96169311E-01
 9.14146448E-01
 9.32285321E-01
 8.65425607E-01
 8.14951641E-01
 8.21413928E-01
 8.51545869E-01
 8.80818469E-01
 9.05403979E-01
 8.64738385E-01
 8.23180156E-01
 8.41692272E-01
 8.77223920E-01
 9.11640825E-01
 9.35489987E-01
 8.84501513E-01
 8.55451714E-01
 8.79395990E-01
 9.12466919E-01
 9.02374655E-01
 8.84456715E-01
 9.13036849E-01
 9.21367359E-01
 9.10214919E-01
 9.37230972E-01
 9.41207728E-01
 8.52249464E-01
 7.98084563E-01
 8.06316547E-01
 8.38586482E-01
 8.69842058E-01
 8.96440200E-01
 9.18584482E-01
 8.02791036E-01
 7.39299007E-01
 7.62768664E-01
 8.15033782E-01
 8.65454007E-01
 9.00950992E-01
 8.13027830E-01
 7.65094842E-01
 8.03542343E-01
 8.61272897E-01
 9.16693632E-01
 8.48051530E-01
 8.21679108E-01
 8.66182083E-01
 9.08764909E-01
 8.79247494E-01
 8.71617110E-01
 9.20823091E-01
 9.07157197E-01
 9.08343041E-01
 9.32848659E-01
 8.46285297E-01
 8.02771401E-01
 8.27426685E-01
 8.66327818E-01
 9.03738614E-01
 9.29747930E-01
 8.07115894E-01
 7.60475653E-01
 8.03117426E-01
 8.62544843E-01
 9.19346289E-01
 8.31893997E-01
 8.03582902E-01
 8.56727939E-01
 9.16416792E-01
 8.73463994E-01
 8.67626015E-01
 9.21836956E-01
 9.09942182E-01
 9.23168031E-01
 9.37378479E-01
 8.63434011E-01
 8.32355682E-01
 8.63345280E-01
 9.00418996E-01
 8.36788923E-01
 8.10322379E-01
 8.59563061E-01
 8.67805666E-01
 8.59830666E-01
 9.14422972E-01
 9.07550367E-01
 8.83246069E-01
 8.65602677E-01
 9.02589890E-01
 9.36991277E-01
 8.69669704E-01
 8.64349734E-01
 9.19209781E-01
 9.06371180E-01
 9.19224447E-01
 9.03172925E-01
 8.94114716E-01
 9.30789117E-01
 8.97526986E-01
 9.04095971E-01
 9.35487317E-01
 9.22809651E-01
 8.78813090E-01
 8.32426295E-01
 8.37252234E-01
 8.63968509E-01
 8.90091039E-01
 9.12292279E-01
 8.33442716E-01
 7.78693459E-01
 7.97704784E-01
 8.41790951E-01
 8.84765160E-01
 9.14988616E-01
 8.37893294E-01
 7.96879292E-01
 8.31377069E-01
 8.80987118E-01
 8.65465647E-01
 8.42340017E-01
 8.82561770E-01
 8.91169566E-01
 8.84434937E-01
 9.14504671E-01
 8.17998635E-01
 7.58042281E-01
 7.78417611E-01
 8.26517308E-01
 8.73203946E-01
 7.61463296E-01
 6.85032306E-01
 7.17738908E-01
 7.95443315E-01
 7.82486014E-01
 7.19270590E-01
 7.59684434E-01
 8.32589475E-01
 8.00936897E-01
 8.78307969E-01
 8.18199643E-01
 7.72946992E-01
 8.12149165E-01
 8.68600826E-01
 7.77189326E-01
 7.11735877E-01
 7.52609712E-01
 8.16618458E-01
 7.55516262E-01
 7.85155867E-01
 8.74909332E-01
 8.43300577E-01
 8.16944345E-01
 8.63620963E-01
 8.21090001E-01
 7.86070013E-01
 8.67598374E-01
 8.72893242E-01
 8.67158873E-01
 9.20500584E-01
 8.70582040E-01
 8.98664382E-01
 8.80678695E-01
 8.42424410E-01
 8.57135168E-01
 8.87974643E-01
 9.18146886E-01
 9.39442794E-01
 8.42535887E-01
 8.01723545E-01
 8.34233812E-01
 8.82204577E-01
 9.28939436E-01
 8.56249590E-01
 8.32813563E-01
 8.79906640E-01
 9.29144447E-01
 8.88050674E-01
 8.82521996E-01
 9.31212524E-01
 9.18128237E-01
 9.29175456E-01
 9.40866009E-01
 8.30600512E-01
 7.84882428E-01
 8.17662137E-01
 8.70067665E-01
 7.87723487E-01
 7.24638560E-01
 7.62765278E-01
 8.21259369E-01
 7.65182159E-01
 7.97542409E-01
 8.75463520E-01
 8.43272417E-01
 8.14801278E-01
 8.62884180E-01
 9.19640134E-01
 8.19413622E-01
 7.58012651E-01
 7.86219128E-01
 8.69353954E-01
 7.93449487E-01
 9.28313205E-01
 8.73278015E-01
 8.64222796E-01
 9.15811311E-01
 8.68267067E-01
 8.38983488E-01
 9.22132220E-01
 9.07976992E-01
 9.20040357E-01
 9.24129875E-01
 9.35099005E-01
 8.97275302E-01
 8.69969527E-01
 8.89950160E-01
 9.19238314E-01
 8.69790021E-01
 8.46379119E-01
 8.84421360E-01
 8.88835952E-01
 8.83093129E-01
 9.31293377E-01
 9.19009664E-01
 8.61327708E-01
 8.35276556E-01
 8.74387826E-01
 9.13564411E-01
 8.36759595E-01
 8.04529027E-01
 8.50204170E-01
 8.75821973E-01
 8.51651587E-01
 8.80619467E-01
 8.73525285E-01
 9.23870198E-01
 8.76010678E-01
 8.49550175E-01
 9.27871003E-01
 9.09684084E-01
 9.43894177E-01
 9.11043412E-01
 8.93532695E-01
 9.18719194E-01
 8.93496381E-01
 8.86121326E-01
 9.18273212E-01
 8.87091277E-01
 8.78576676E-01
 9.23897309E-01
 8.79582255E-01
 9.12653537E-01
 9.25684866E-01
 9.14339120E-01
 9.39449644E-01
 9.14347014E-01
 9.15318083E-01
 9.40189197E-01
 9.09698660E-01
 9.10324591E-01
 9.12009678E-01
 9.36882994E-01
 9.41769516E-01
 9.31513664E-01
