 9.13999689E-01
 8.72778866E-01
 8.65741831E-01
 8.79388735E-01
 8.93292660E-01
 9.08864533E-01
 9.26181866E-01
 8.73215120E-01
 8.19731309E-01
 8.19352025E-01
 8.43793354E-01
 8.68773343E-01
 8.91504522E-01
 8.67098450E-01
 8.20745034E-01
 8.33716567E-01
 8.65145079E-01
 8.97403013E-01
 9.21044173E-01
 8.81123778E-01
 8.45667353E-01
 8.65588439E-01
 8.97161912E-01
 8.95750266E-01
 8.71670101E-01
 8.98937368E-01
 9.11080796E-01
 8.93995573E-01
 9.22248724E-01
 9.27082447E-01
 8.73563506E-01
 8.20121418E-01
 8.19676292E-01
 8.44272100E-01
 8.69417700E-01
 8.92146542E-01
 9.12393830E-01
 8.21121217E-01
 7.54646870E-01
 7.67330465E-01
 8.10450647E-01
 8.54727652E-01
 8.87509666E-01
 8.22481245E-01
 7.69833724E-01
 8.01128239E-01
 8.52983452E-01
 9.06589606E-01
 8.47687326E-01
 8.13432848E-01
 8.53060189E-01
 8.93809228E-01
 8.73856753E-01
 8.58691698E-01
 9.07184297E-01
 8.96220160E-01
 8.89753849E-01
 1.71123075E+00
 8.67684630E-01
 8.21132013E-01
 8.33673212E-01
 8.65342761E-01
 8.97885452E-01
 9.21572357E-01
 8.22442996E-01
 7.69406245E-01
 8.00292769E-01
 8.52232238E-01
 9.05981236E-01
 8.37069627E-01
 8.03019025E-01
 8.51887776E-01
 9.08804486E-01
 8.69054995E-01
 8.54619999E-01
 9.07634405E-01
 9.02096029E-01
 9.07485844E-01
 1.62972146E+00
 8.82285564E-01
 8.46853637E-01
 8.66334632E-01
 8.97959200E-01
 8.48183162E-01
 8.13879027E-01
 8.53260530E-01
 8.69497968E-01
 8.55579140E-01
 9.08931903E-01
 9.01017457E-01
 8.96904687E-01
 8.72584883E-01
 8.99101339E-01
 9.30797574E-01
 8.73871754E-01
 8.58225517E-01
 9.06254348E-01
 9.01730259E-01
 9.07181848E-01
 9.12667544E-01
 8.95035304E-01
 9.21779300E-01
 8.96420393E-01
 8.88276887E-01
 0.00000000E+00
 9.29475597E-01
 8.74106968E-01
 8.20834621E-01
 8.20328252E-01
 8.44888492E-01
 8.69991320E-01
 8.92661103E-01
 8.21695670E-01
 7.55478905E-01
 7.68178087E-01
 8.11210980E-01
 8.55387282E-01
 8.88076156E-01
 8.22879372E-01
 7.70542252E-01
 8.01990015E-01
 8.53722889E-01
 8.47946405E-01
 8.13899060E-01
 8.53625878E-01
 8.74044888E-01
 8.59025945E-01
 8.96347291E-01
 8.21981037E-01
 7.56073088E-01
 7.69024984E-01
 8.12019877E-01
 8.56182679E-01
 7.57390190E-01
 6.70382024E-01
 6.95150954E-01
 7.67843012E-01
 7.72716998E-01
 6.98169653E-01
 7.33812586E-01
 8.16361226E-01
 7.70803633E-01
 8.61505338E-01
 8.23029361E-01
 7.70918863E-01
 8.02575702E-01
 8.54057409E-01
 7.72158308E-01
 6.97724062E-01
 7.33723735E-01
 8.05747610E-01
 7.35822477E-01
 7.62514590E-01
 8.57192326E-01
 8.48777336E-01
 8.15090856E-01
 8.54881246E-01
 8.16584692E-01
 7.71468672E-01
 8.58071196E-01
 8.74574803E-01
 8.59294985E-01
 9.07368739E-01
 8.60900922E-01
 8.97083435E-01
 8.68112707E-01
 8.21506454E-01
 8.33766405E-01
 8.65436764E-01
 8.97963502E-01
 9.21647599E-01
 8.22677218E-01
 7.69707181E-01
 8.00522953E-01
 8.52380755E-01
 9.06013671E-01
 8.36984982E-01
 8.03218982E-01
 8.52415520E-01
 9.09175379E-01
 8.68889893E-01
 8.54610434E-01
 9.07865759E-01
 9.01964210E-01
 9.07458239E-01
 1.32083678E+00
 8.22903855E-01
 7.70560650E-01
 8.01986284E-01
 8.53498695E-01
 7.71786314E-01
 6.97283893E-01
 7.33363892E-01
 8.05219415E-01
 7.35539883E-01
 7.62792502E-01
 8.56695882E-01
 8.36698193E-01
 8.03771911E-01
 8.54034145E-01
 9.09926982E-01
 8.04284014E-01
 7.35432988E-01
 7.63895169E-01
 8.54994796E-01
 7.61892665E-01
 0.00000000E+00
 8.69262641E-01
 8.55801442E-01
 9.09786435E-01
 8.56747293E-01
 8.15694100E-01
 0.00000000E+00
 9.01846204E-01
 9.07028617E-01
 0.00000000E+00
 0.00000000E+00
 8.82596020E-01
 8.47127311E-01
 8.66415064E-01
 8.98126303E-01
 8.48296065E-01
 8.14092783E-01
 8.53509470E-01
 8.69380002E-01
 8.55805739E-01
 9.09570514E-01
 9.00888429E-01
 8.48670377E-01
 8.14888019E-01
 8.54605623E-01
 8.94776157E-01
 8.16297396E-01
 7.71306550E-01
 8.16446224E-01
 8.57747857E-01
 8.16848024E-01
 8.69315799E-01
 8.56046720E-01
 9.10204135E-01
 8.56915807E-01
 8.16167198E-01
 0.00000000E+00
 9.01327116E-01
 0.00000000E+00
 8.96912101E-01
 8.72477139E-01
 8.98863363E-01
 8.73615468E-01
 8.57979808E-01
 9.01337927E-01
 8.74151800E-01
 8.58741668E-01
 9.06880450E-01
 8.60250832E-01
 9.01580892E-01
 9.12562691E-01
 8.94798758E-01
 9.21460363E-01
 8.96044400E-01
 8.87946800E-01
 1.58822206E+00
 8.96586438E-01
 8.88459872E-01
 0.00000000E+00
 0.00000000E+00
 9.29486965E-01
 0.00000000E+00
 8.27748617E-01
 7.45176983E-01
 7.31072139E-01
 7.58399860E-01
 7.86245222E-01
 8.17434603E-01
 8.52123226E-01
 7.45906104E-01
 6.38693036E-01
 6.37909958E-01
 6.86882316E-01
 7.36942634E-01
 7.82502549E-01
 7.33396729E-01
 6.40369449E-01
 6.66358368E-01
 7.29394324E-01
 7.94111443E-01
 8.41550320E-01
 7.61188890E-01
 6.89901975E-01
 7.29885610E-01
 7.93313025E-01
 7.90125413E-01
 7.41574605E-01
 7.96446772E-01
 8.20454828E-01
 7.85885857E-01
 8.42986292E-01
 8.52206992E-01
 7.46649452E-01
 6.39539001E-01
 6.38624550E-01
 6.87898749E-01
 7.38283467E-01
 7.83832335E-01
 8.24414051E-01
 6.41269635E-01
 5.07907951E-01
 5.33303649E-01
 6.19768095E-01
 7.08575184E-01
 7.74340336E-01
 6.43574244E-01
 5.37794244E-01
 6.00587181E-01
 7.04712454E-01
 8.12389087E-01
 6.93673388E-01
 6.24696226E-01
 7.04374176E-01
 7.86379845E-01
 7.45729543E-01
 7.15082577E-01
 8.12910292E-01
 7.90189315E-01
 7.77246788E-01
 8.22350398E-01
 7.34792590E-01
 6.41449424E-01
 6.66560811E-01
 7.30032763E-01
 7.95270653E-01
 8.42765680E-01
 6.43759793E-01
 5.37284066E-01
 5.99218066E-01
 7.03438889E-01
 8.11323550E-01
 6.72662518E-01
 6.04172984E-01
 7.02343923E-01
 8.16756417E-01
 7.36443966E-01
 7.07317066E-01
 8.14108971E-01
 8.02469270E-01
 8.13453229E-01
 3.80250239E+00
 7.64002316E-01
 6.92925198E-01
 7.31958866E-01
 7.95368306E-01
 6.95289990E-01
 6.26366664E-01
 7.05397773E-01
 7.37675943E-01
 7.09625781E-01
 8.16963562E-01
 8.00628121E-01
 7.93264588E-01
 7.44446405E-01
 7.97610738E-01
 8.61216497E-01
 7.46755460E-01
 7.15266231E-01
 8.11795088E-01
 8.02344991E-01
 8.13414972E-01
 8.24826634E-01
 7.89399067E-01
 8.43115500E-01
 7.91919475E-01
 7.75677841E-01
 0.00000000E+00
 8.58474596E-01
 7.47957936E-01
 6.41290656E-01
 6.40265197E-01
 6.89432358E-01
 7.39691898E-01
 7.85084999E-01
 6.42727165E-01
 5.10009647E-01
 5.35428543E-01
 6.21651691E-01
 7.10183271E-01
 7.75705725E-01
 6.44662178E-01
 5.39604144E-01
 6.02664639E-01
 7.06464068E-01
 6.94420061E-01
 6.25921440E-01
 7.05748641E-01
 7.46270440E-01
 7.15947719E-01
 7.90556264E-01
 6.43407279E-01
 5.11349863E-01
 5.37268839E-01
 6.23391214E-01
 7.11870506E-01
 5.13535222E-01
 3.38995034E-01
 3.88616232E-01
 5.34395193E-01
 5.43634425E-01
 3.93844291E-01
 4.65389546E-01
 6.30578556E-01
 5.38831861E-01
 7.20702601E-01
 6.45378374E-01
 5.40904710E-01
 6.04316391E-01
 7.07494756E-01
 5.42919156E-01
 3.93493291E-01
 4.65693979E-01
 6.09706043E-01
 4.69098008E-01
 5.22930974E-01
 7.12474767E-01
 6.96881242E-01
 6.29294787E-01
 7.09047333E-01
 6.31879868E-01
 5.41225627E-01
 7.14640134E-01
 7.48510511E-01
 7.17800695E-01
 8.14292758E-01
 7.20663189E-01
 7.93539259E-01
 7.36003945E-01
 6.42695257E-01
 6.67226058E-01
 7.30623568E-01
 7.95744567E-01
 8.43170458E-01
 6.44686264E-01
 5.38504034E-01
 6.00235969E-01
 7.04166664E-01
 8.11674905E-01
 6.72884195E-01
 6.05069368E-01
 7.03794421E-01
 8.17754752E-01
 7.36395941E-01
 7.07632853E-01
 8.14802191E-01
 8.02389535E-01
 8.13593449E-01
 3.23315854E+00
 6.45316903E-01
 5.40443597E-01
 6.03366839E-01
 7.06554793E-01
 5.42406055E-01
 3.92935130E-01
 4.65274381E-01
 6.08829760E-01
 4.68798552E-01
 5.23748880E-01
 7.11599282E-01
 6.72812134E-01
 6.06784122E-01
 7.07492439E-01
 8.19545918E-01
 6.07355627E-01
 4.69122317E-01
 5.26446608E-01
 7.08569096E-01
 5.21771002E-01
 0.00000000E+00
 7.37957446E-01
 7.10911367E-01
 8.19219977E-01
 7.12426019E-01
 6.30245204E-01
 0.00000000E+00
 8.03160107E-01
 8.13659914E-01
 0.00000000E+00
 0.00000000E+00
 7.65005633E-01
 6.93990994E-01
 7.32592492E-01
 7.96081010E-01
 6.95984154E-01
 6.27397636E-01
 7.06398398E-01
 7.37812287E-01
 7.10521918E-01
 8.18544884E-01
 8.00626151E-01
 6.96939951E-01
 6.29240525E-01
 7.08788349E-01
 7.89308349E-01
 6.31617533E-01
 5.41320421E-01
 6.32034122E-01
 7.14217918E-01
 6.32314469E-01
 7.38166166E-01
 7.11524537E-01
 8.20139530E-01
 7.12871236E-01
 6.31350407E-01
 0.00000000E+00
 8.02187486E-01
 0.00000000E+00
 7.93653718E-01
 7.44718465E-01
 7.97543940E-01
 7.46675067E-01
 7.15296638E-01
 8.01872804E-01
 7.47958166E-01
 7.17049157E-01
 8.13571017E-01
 7.19671470E-01
 8.02766432E-01
 8.24960356E-01
 7.89370844E-01
 8.42838657E-01
 7.91554322E-01
 7.75492596E-01
 3.74036556E+00
 7.92833622E-01
 7.76715743E-01
 0.00000000E+00
 0.00000000E+00
 8.58796414E-01
 0.00000000E+00
 7.42699711E-01
 6.20129503E-01
 5.99698325E-01
 6.39283799E-01
 6.79618943E-01
 7.25713477E-01
 7.77826167E-01
 6.21068017E-01
 4.62927194E-01
 4.63305801E-01
 5.33918377E-01
 6.06103087E-01
 6.73027008E-01
 6.02764829E-01
 4.66664059E-01
 5.07762177E-01
 5.98761389E-01
 6.92201515E-01
 7.61572345E-01
 6.42658660E-01
 5.37615142E-01
 5.99062211E-01
 6.92247153E-01
 6.84099657E-01
 6.11562149E-01
 6.94775840E-01
 7.28294851E-01
 6.75874601E-01
 7.62336274E-01
 7.75456156E-01
 6.22187347E-01
 4.64174177E-01
 4.64332662E-01
 5.35436075E-01
 6.08145553E-01
 6.75068526E-01
 7.36067018E-01
 4.66455711E-01
 2.71929715E-01
 3.13291568E-01
 4.37331343E-01
 5.64746103E-01
 6.60525044E-01
 4.70991596E-01
 3.19471698E-01
 4.18133002E-01
 5.67271676E-01
 7.21527697E-01
 5.42765952E-01
 4.43481134E-01
 5.66225293E-01
 6.85258767E-01
 6.17341433E-01
 5.72587684E-01
 7.21462938E-01
 6.81966236E-01
 6.62486776E-01
 7.30026288E-01
 6.04999660E-01
 4.68394752E-01
 5.08092854E-01
 5.99820534E-01
 6.94111097E-01
 7.63586064E-01
 4.71472307E-01
 3.18879137E-01
 4.16131387E-01
 5.65460204E-01
 7.20063472E-01
 5.16397317E-01
 4.23009033E-01
 5.76284206E-01
 7.39177604E-01
 6.08105082E-01
 5.70206874E-01
 7.34987873E-01
 7.03168738E-01
 7.22107852E-01
 5.61531440E+00
 6.47368670E-01
 5.42716236E-01
 6.02591633E-01
 6.95728165E-01
 5.45858766E-01
 4.46692556E-01
 5.68183385E-01
 6.10330930E-01
 5.74006769E-01
 7.39386660E-01
 7.02409591E-01
 6.89831105E-01
 6.17112878E-01
 6.97473067E-01
 7.92447628E-01
 6.20188807E-01
 5.74264131E-01
 7.20643025E-01
 7.03807056E-01
 7.22766791E-01
 7.36491290E-01
 6.83117786E-01
 7.64009332E-01
 6.86526210E-01
 6.62200970E-01
 0.00000000E+00
 7.87014782E-01
 6.24449995E-01
 4.67223521E-01
 4.67214118E-01
 5.38135589E-01
 6.10632433E-01
 6.77283534E-01
 4.69052656E-01
 2.75627579E-01
 3.16977409E-01
 4.40612925E-01
 5.67565204E-01
 6.62928023E-01
 4.73009614E-01
 3.22659467E-01
 4.21621034E-01
 5.70211310E-01
 5.44213410E-01
 4.45710589E-01
 5.68576294E-01
 6.18409872E-01
 5.74182636E-01
 6.82701708E-01
 4.70108438E-01
 2.77634789E-01
 3.19687940E-01
 4.43231897E-01
 5.70162495E-01
 2.80375397E-01
 3.00456958E-02
 1.11131137E-01
 3.18457119E-01
 3.28036627E-01
 1.18098899E-01
 2.34349076E-01
 4.52096643E-01
 3.23369013E-01
 5.80857776E-01
 4.74365999E-01
 3.24818734E-01
 4.24112401E-01
 5.71869439E-01
 3.27247016E-01
 1.17790391E-01
 2.34837270E-01
 4.31011835E-01
 2.39080121E-01
 3.31915748E-01
 5.77660677E-01
 5.48731517E-01
 4.51622627E-01
 5.74010852E-01
 4.54925485E-01
 3.27828540E-01
 5.81299276E-01
 6.23302987E-01
 5.78588352E-01
 7.24714134E-01
 5.82355804E-01
 6.89393939E-01
 6.07291217E-01
 4.70887094E-01
 5.09650089E-01
 6.01212974E-01
 6.95266543E-01
 7.64577474E-01
 4.73449574E-01
 3.21421112E-01
 4.18207254E-01
 5.67019593E-01
 7.20961512E-01
 5.17209023E-01
 4.24857213E-01
 5.78719837E-01
 7.40845937E-01
 6.08408911E-01
 5.71061109E-01
 7.36188004E-01
 7.03321240E-01
 7.22580313E-01
 7.64762878E-01
 4.74510620E-01
 3.24410086E-01
 4.22900336E-01
 5.70642928E-01
 3.26738801E-01
 1.17253926E-01
 2.34412397E-01
 4.29871060E-01
 2.38817188E-01
 3.33237053E-01
 5.76473008E-01
 5.17478100E-01
 4.27666444E-01
 5.84185668E-01
 7.43528997E-01
 4.27906190E-01
 2.39457134E-01
 3.37290972E-01
 5.84715923E-01
 3.29996164E-01
 0.00000000E+00
 6.11612291E-01
 5.76691718E-01
 7.43000243E-01
 5.78385353E-01
 4.67497533E-01
 0.00000000E+00
 7.05823726E-01
 7.23817906E-01
 0.00000000E+00
 0.00000000E+00
 6.49407113E-01
 5.45006282E-01
 6.04136066E-01
 6.97293244E-01
 5.47533604E-01
 4.48989028E-01
 5.70223928E-01
 6.11016539E-01
 5.75833304E-01
 7.41948627E-01
 7.02753962E-01
 5.49181647E-01
 4.51967456E-01
 5.73924444E-01
 6.90598092E-01
 4.54915287E-01
 3.28410302E-01
 4.70461819E-01
 5.80902566E-01
 4.70453272E-01
 6.12052960E-01
 5.77738318E-01
 7.44425149E-01
 5.79166522E-01
 4.69276866E-01
 0.00000000E+00
 7.05934410E-01
 0.00000000E+00
 6.90964384E-01
 6.18223829E-01
 6.97945445E-01
 6.20697193E-01
 5.75040100E-01
 7.03543853E-01
 6.22896911E-01
 5.77951624E-01
 7.23951282E-01
 5.81297711E-01
 7.05424298E-01
 7.37211651E-01
 6.83749021E-01
 7.64139782E-01
 6.86568860E-01
 6.62645286E-01
 5.54946876E+00
 6.88772258E-01
 6.64769140E-01
 0.00000000E+00
 0.00000000E+00
 7.87950542E-01
 0.00000000E+00
 6.61765003E-01
 5.03520571E-01
 4.79053575E-01
 5.26549192E-01
 5.74933433E-01
 6.33700260E-01
 7.03289487E-01
 5.04676034E-01
 3.04510471E-01
 3.10809570E-01
 3.94188433E-01
 4.79406914E-01
 5.63098938E-01
 4.82888209E-01
 3.15165656E-01
 3.77592978E-01
 4.85238037E-01
 5.95763218E-01
 6.81150492E-01
 5.30340913E-01
 3.98500428E-01
 4.85382526E-01
 6.01476688E-01
 5.79446947E-01
 4.85129632E-01
 5.98290112E-01
 6.34789897E-01
 5.64193134E-01
 6.80455840E-01
 6.96975161E-01
 5.06046796E-01
 3.05899499E-01
 3.11820511E-01
 3.96015894E-01
 4.82094928E-01
 5.65861827E-01
 6.47356248E-01
 3.08704731E-01
 7.10585255E-02
 1.38140834E-01
 2.81942179E-01
 4.29630091E-01
 5.46089591E-01
 3.20165706E-01
 1.46155638E-01
 2.93495630E-01
 4.64953071E-01
 6.42285450E-01
 4.04548433E-01
 2.89228938E-01
 4.63360844E-01
 6.05659835E-01
 4.92077725E-01
 4.38028936E-01
 6.41520393E-01
 5.71639101E-01
 5.45527055E-01
 6.35256952E-01
 4.85675567E-01
 3.16902151E-01
 3.77203288E-01
 4.86247117E-01
 5.98323099E-01
 6.84037809E-01
 3.20669157E-01
 1.44823258E-01
 2.89967099E-01
 4.62110186E-01
 6.40313654E-01
 3.87619709E-01
 2.98927323E-01
 5.24009302E-01
 7.07015878E-01
 4.96010611E-01
 4.67799750E-01
 7.01841638E-01
 6.08346235E-01
 6.42050411E-01
 6.82686074E-01
 5.36828209E-01
 4.05254042E-01
 4.89713696E-01
 6.06065325E-01
 4.08992390E-01
 2.93407231E-01
 4.65317310E-01
 4.99141130E-01
 4.72681167E-01
 7.07138274E-01
 6.13604272E-01
 5.88099202E-01
 4.93631698E-01
 6.02580137E-01
 7.26885571E-01
 4.97239147E-01
 4.41509185E-01
 6.40908417E-01
 6.10060683E-01
 6.43479983E-01
 6.47672459E-01
 5.76210696E-01
 6.84461252E-01
 5.80263546E-01
 5.47844799E-01
 0.00000000E+00
 7.15109601E-01
 5.09374664E-01
 3.10345903E-01
 3.15989163E-01
 4.00002007E-01
 4.85859273E-01
 5.69263060E-01
 3.12557978E-01
 7.63886339E-02
 1.43293321E-01
 2.86662434E-01
 4.33844419E-01
 5.49773419E-01
 3.23200506E-01
 1.50670660E-01
 2.98155894E-01
 4.68986451E-01
 4.06838102E-01
 2.92543010E-01
 4.66626788E-01
 4.93843152E-01
 4.40521349E-01
 5.72891552E-01
 3.13759506E-01
 7.85834081E-02
 1.46267831E-01
 2.89813479E-01
 4.37256005E-01
 8.18336439E-02
 2.07902380E-01
 7.55871077E-02
 1.57768617E-01
 1.56624423E-01
 6.65384771E-02
 1.20508066E-01
 2.99932545E-01
 1.63353888E-01
 4.48575824E-01
 3.24668283E-01
 1.52479845E-01
 2.99888422E-01
 4.70383004E-01
 1.55205871E-01
 6.80837163E-02
 1.19495479E-01
 3.08262269E-01
 1.25017095E-01
 2.91836618E-01
 4.76696348E-01
 4.13188853E-01
 3.00154134E-01
 4.72894434E-01
 3.03895434E-01
 1.68624061E-01
 4.81471336E-01
 5.01936840E-01
 4.47794343E-01
 6.46562361E-01
 4.52126514E-01
 5.84667487E-01
 4.89198950E-01
 3.20714248E-01
 3.79579665E-01
 4.88501136E-01
 6.00361684E-01
 6.85874969E-01
 3.23791617E-01
 1.48532888E-01
 2.92636392E-01
 4.64291832E-01
 6.41826667E-01
 3.89006354E-01
 3.01339539E-01
 5.26626832E-01
 7.08839178E-01
 4.96748908E-01
 4.69058509E-01
 7.03098687E-01
 6.08877422E-01
 6.42917536E-01
 6.83277788E-01
 3.25043718E-01
 1.52033196E-01
 2.98188303E-01
 4.68760273E-01
 1.54631483E-01
 6.89200788E-02
 1.18503016E-01
 3.06689465E-01
 1.24298688E-01
 2.92866305E-01
 4.75126435E-01
 3.89016532E-01
 3.03798030E-01
 5.31916003E-01
 7.11337850E-01
 3.03525319E-01
 1.23686493E-01
 2.96361306E-01
 5.31917050E-01
 2.88340550E-01
 0.00000000E+00
 5.01312556E-01
 4.75944164E-01
 7.10666663E-01
 4.77469311E-01
 3.75504927E-01
 0.00000000E+00
 6.13592487E-01
 6.45393530E-01
 0.00000000E+00
 0.00000000E+00
 5.40140297E-01
 4.08981646E-01
 4.92237713E-01
 6.08607524E-01
 4.11858355E-01
 2.97009786E-01
 4.68135807E-01
 5.00453950E-01
 4.75216363E-01
 7.10038090E-01
 6.14400019E-01
 4.14138428E-01
 3.00897894E-01
 4.72800304E-01
 6.12679217E-01
 3.04145048E-01
 1.69443560E-01
 3.79366118E-01
 4.80965057E-01
 3.79810784E-01
 5.01997078E-01
 4.77349326E-01
 7.12403627E-01
 4.78522716E-01
 3.77710386E-01
 0.00000000E+00
 6.19277628E-01
 0.00000000E+00
 5.90303040E-01
 4.95961431E-01
 6.03851178E-01
 4.98684449E-01
 4.43350130E-01
 6.10218300E-01
 5.01903457E-01
 4.47476162E-01
 6.45795058E-01
 4.51184388E-01
 6.13272277E-01
 6.49331685E-01
 5.77958078E-01
 6.85368081E-01
 5.81120444E-01
 5.49412959E-01
 7.08374235E+00
 5.84426051E-01
 5.52621208E-01
 0.00000000E+00
 0.00000000E+00
 7.16966699E-01
 0.00000000E+00
 5.80592786E-01
 3.86562412E-01
 3.58040397E-01
 4.13463903E-01
 4.69916579E-01
 5.41391121E-01
 6.28509644E-01
 3.87867838E-01
 1.45514253E-01
 1.57743346E-01
 2.53922959E-01
 3.52213336E-01
 4.52730442E-01
 3.62470325E-01
 1.62967364E-01
 2.46810947E-01
 3.71161948E-01
 4.98839289E-01
 6.00313418E-01
 4.17350898E-01
 2.58529726E-01
 3.70988707E-01
 5.10116907E-01
 4.73917996E-01
 3.57600571E-01
 5.00946922E-01
 5.40125892E-01
 4.51075074E-01
 5.97513568E-01
 6.16963087E-01
 3.89494179E-01
 1.47047247E-01
 1.58736896E-01
 2.56059174E-01
 3.55547200E-01
 4.56215602E-01
 5.58283013E-01
 1.50231115E-01
 1.30758984E-01
 3.78554601E-02
 1.25777777E-01
 2.93819356E-01
 4.31053538E-01
 1.68424796E-01
 2.82375301E-02
 1.68075694E-01
 3.61965582E-01
 5.62505245E-01
 2.65172935E-01
 1.33645865E-01
 3.59600217E-01
 5.25348441E-01
 3.65304152E-01
 3.01789235E-01
 5.60579389E-01
 4.59324173E-01
 4.26464990E-01
 5.38020969E-01
 3.65871895E-01
 1.64779378E-01
 2.45752500E-01
 3.72171598E-01
 5.02100880E-01
 6.04123696E-01
 1.69051535E-01
 3.02024659E-02
 1.63085572E-01
 3.58152429E-01
 5.60083256E-01
 2.57891784E-01
 1.73911671E-01
 4.71360859E-01
 6.74616678E-01
 3.82742972E-01
 3.64294487E-01
 6.68361701E-01
 5.12068598E-01
 5.60775421E-01
 5.99068460E-01
 4.25796405E-01
 2.67153827E-01
 3.76293265E-01
 5.15959837E-01
 2.71278231E-01
 1.39132959E-01
 3.61773280E-01
 3.86980892E-01
 3.70443601E-01
 6.74612415E-01
 5.23676644E-01
 4.85872051E-01
 3.69515322E-01
 5.07182194E-01
 6.60976625E-01
 3.73427354E-01
 3.07776314E-01
 5.60597927E-01
 5.15358225E-01
 5.63406759E-01
 5.58378794E-01
 4.68692021E-01
 6.04471416E-01
 4.73150051E-01
 4.32608138E-01
 0.00000000E+00
 6.42769322E-01
 3.94084010E-01
 1.53168022E-01
 1.64469353E-01
 2.61594601E-01
 3.60836049E-01
 4.61025630E-01
 1.55618496E-01
 1.23429514E-01
 3.09037088E-02
 1.32244066E-01
 2.99707587E-01
 4.36264423E-01
 1.72748741E-01
 2.20680955E-02
 1.74155646E-01
 3.67305046E-01
 2.68554750E-01
 1.38338639E-01
 3.63990038E-01
 3.67984265E-01
 3.05429120E-01
 4.61265515E-01
 1.56969416E-01
 1.21047748E-01
 2.76703863E-02
 1.35924969E-01
 3.03935537E-01
 1.17535669E-01
 4.46868760E-01
 2.63114807E-01
 3.63874829E-03
 1.58374141E-02
 2.52322276E-01
 5.98238999E-03
 1.46361274E-01
 1.82889290E-03
 3.14410635E-01
 1.74450173E-01
 2.04817285E-02
 1.75204670E-01
 3.68511764E-01
 1.77254276E-02
 2.54945669E-01
 3.54683374E-03
 1.84579805E-01
 1.00906673E-02
 2.51492952E-01
 3.74564415E-01
 2.77097645E-01
 1.48040750E-01
 3.71337915E-01
 1.51935486E-01
 8.40269836E-03
 3.80718466E-01
 3.80008901E-01
 3.16355276E-01
 5.68043206E-01
 3.20950323E-01
 4.79375178E-01
 3.70947469E-01
 1.70332816E-01
 2.49325891E-01
 3.75628694E-01
 5.05323013E-01
 6.07067020E-01
 1.73727715E-01
 2.48341172E-02
 1.66719696E-01
 3.61274672E-01
 5.62468587E-01
 2.60198325E-01
 1.77238286E-01
 4.74318888E-01
 6.76698332E-01
 3.84203285E-01
 3.66239098E-01
 6.69776576E-01
 5.13200511E-01
 5.62245803E-01
 6.00201116E-01
 1.75218069E-01
 2.07728229E-02
 1.73161267E-01
 3.66617060E-01
 1.81827826E-02
 2.55874270E-01
 2.12171032E-03
 1.82699160E-01
 9.04084965E-03
 2.52279531E-01
 3.72705641E-01
 2.60149157E-01
 1.79522590E-01
 4.79479825E-01
 6.79044181E-01
 1.78496617E-01
 7.31194043E-03
 2.55240523E-01
 4.78699634E-01
 2.46374734E-01
 0.00000000E+00
 3.90586712E-01
 3.74787520E-01
 6.78211140E-01
 3.75903558E-01
 2.82961183E-01
 0.00000000E+00
 5.20926113E-01
 5.66635030E-01
 0.00000000E+00
 0.00000000E+00
 4.30746084E-01
 2.72791185E-01
 3.80202224E-01
 5.19816981E-01
 2.75781295E-01
 1.44567045E-01
 3.65742061E-01
 3.89270916E-01
 3.74029571E-01
 6.77970004E-01
 5.25185475E-01
 2.78794710E-01
 1.49475659E-01
 3.71442156E-01
 5.34594773E-01
 1.52714649E-01
 9.76502215E-03
 2.87897518E-01
 3.80271645E-01
 2.88534179E-01
 3.91602871E-01
 3.76638099E-01
 6.80290928E-01
 3.77308422E-01
 2.85674894E-01
 0.00000000E+00
 5.32273460E-01
 0.00000000E+00
 4.89522533E-01
 3.73545387E-01
 5.09643775E-01
 3.76253229E-01
 3.11196097E-01
 5.16259415E-01
 3.80637539E-01
 3.16691589E-01
 5.67489211E-01
 3.20426090E-01
 5.20816378E-01
 5.61332844E-01
 4.72017190E-01
 6.06527318E-01
 4.75236584E-01
 4.35803856E-01
 8.39432690E+00
 4.79813517E-01
 4.40272699E-01
 0.00000000E+00
 0.00000000E+00
 6.45858641E-01
 0.00000000E+00
 5.80031821E-01
 3.85753900E-01
 3.57199150E-01
 4.12634092E-01
 4.69102784E-01
 5.40650130E-01
 6.27901182E-01
 3.86857791E-01
 1.44134696E-01
 1.56408567E-01
 2.52625559E-01
 3.50965626E-01
 4.51605771E-01
 3.61095773E-01
 1.61203766E-01
 2.45278544E-01
 3.69755354E-01
 4.97584406E-01
 5.99233639E-01
 4.15562029E-01
 2.56233356E-01
 3.69049741E-01
 5.08523640E-01
 4.71560054E-01
 3.54628652E-01
 4.98598782E-01
 5.37058201E-01
 4.47277892E-01
 5.94723309E-01
 6.13040942E-01
 3.88510023E-01
 1.45696031E-01
 1.57423426E-01
 2.54781034E-01
 3.54318679E-01
 4.55108872E-01
 5.57372341E-01
 1.48449067E-01
 1.33061748E-01
 3.98848796E-02
 1.23870448E-01
 2.92070387E-01
 4.29525964E-01
 1.66059281E-01
 3.10531952E-02
 1.65984351E-01
 3.60188754E-01
 5.61107081E-01
 2.62096618E-01
 1.30016802E-01
 3.57029449E-01
 5.23363745E-01
 3.61356889E-01
 2.97329852E-01
 5.57855524E-01
 4.54299914E-01
 4.21195546E-01
 5.31970681E-01
 3.64718441E-01
 1.63295254E-01
 2.44462519E-01
 3.70977606E-01
 5.01030309E-01
 6.03204351E-01
 1.67020798E-01
 3.26080347E-02
 1.61319501E-01
 3.56637021E-01
 5.58878318E-01
 2.55388687E-01
 1.71331509E-01
 4.70131384E-01
 6.73858287E-01
 3.79598352E-01
 3.61145113E-01
 6.67094007E-01
 5.08294211E-01
 5.57525952E-01
 5.94726196E-01
 4.24585366E-01
 2.65593927E-01
 3.74982283E-01
 5.14877805E-01
 2.69135200E-01
 1.36619545E-01
 3.60038093E-01
 3.84440380E-01
 3.67935290E-01
 6.73700704E-01
 5.20720783E-01
 4.84630879E-01
 3.67923141E-01
 5.05921021E-01
 6.60118129E-01
 3.71244200E-01
 3.05284205E-01
 5.59144414E-01
 5.12905955E-01
 5.61374341E-01
 5.57180984E-01
 4.67143652E-01
 6.03366452E-01
 4.71000869E-01
 4.30408499E-01
 0.00000000E+00
 6.41668204E-01
 3.93618779E-01
 1.52566050E-01
 1.63920258E-01
 2.61018926E-01
 3.60240822E-01
 4.60474899E-01
 1.54581605E-01
 1.24705496E-01
 3.19562985E-02
 1.31194964E-01
 2.98683476E-01
 4.35347308E-01
 1.71123019E-01
 2.39326870E-02
 1.72865811E-01
 3.66173212E-01
 2.66128232E-01
 1.35512323E-01
 3.62043631E-01
 3.64575930E-01
 3.01601807E-01
 4.56657019E-01
 1.55980997E-01
 1.22265993E-01
 2.86744540E-02
 1.34918307E-01
 3.02950193E-01
 1.19511121E-01
 4.49212790E-01
 2.64875224E-01
 5.29129873E-03
 1.85611705E-02
 2.55373958E-01
 4.06168005E-03
 1.42565598E-01
 2.47634330E-03
 3.09499312E-01
 1.73267165E-01
 2.18051226E-02
 1.74347791E-01
 3.67724554E-01
 1.98907820E-02
 2.57306962E-01
 2.17549423E-03
 1.82033521E-01
 7.45411659E-03
 2.50410796E-01
 3.71247259E-01
 2.75777712E-01
 1.46527234E-01
 3.70369163E-01
 1.49595616E-01
 5.81403612E-03
 3.78186396E-01
 3.78606651E-01
 3.14746766E-01
 5.67173236E-01
 3.18541560E-01
 4.77940616E-01
 3.70644542E-01
 1.70008128E-01
 2.49120437E-01
 3.75376117E-01
 5.05032844E-01
 6.06796448E-01
 1.72813367E-01
 2.58031483E-02
 1.66165141E-01
 3.60733963E-01
 5.61967246E-01
 2.58672062E-01
 1.75794118E-01
 4.73847741E-01
 6.76433091E-01
 3.81835721E-01
 3.63938700E-01
 6.68978242E-01
 5.09990869E-01
 5.59559397E-01
 5.96280087E-01
 1.74479398E-01
 2.15259625E-02
 1.72782261E-01
 3.66214564E-01
 1.98112983E-02
 2.57543486E-01
 1.32494377E-03
 1.80560207E-01
 6.93289456E-03
 2.51626892E-01
 3.69676377E-01
 2.59300216E-01
 1.78829206E-01
 4.79485240E-01
 6.79081977E-01
 1.76968201E-01
 5.94717521E-03
 2.55165792E-01
 4.77338902E-01
 2.45244053E-01
 6.63714107E-01
 3.89593987E-01
 3.73901323E-01
 6.78160510E-01
 3.74252350E-01
 2.81700895E-01
 0.00000000E+00
 5.19839508E-01
 5.65860243E-01
 0.00000000E+00
 0.00000000E+00
 4.30479219E-01
 2.72487108E-01
 3.80006923E-01
 5.19644327E-01
 2.74818300E-01
 1.43516141E-01
 3.65146741E-01
 3.87684621E-01
 3.72566187E-01
 6.77634135E-01
 5.22925735E-01
 2.78134657E-01
 1.48780563E-01
 3.71109897E-01
 5.34359783E-01
 1.51127185E-01
 8.11774729E-03
 2.87282059E-01
 3.78260384E-01
 2.86897577E-01
 3.90851727E-01
 3.76019280E-01
 6.80388859E-01
 3.75900014E-01
 2.84728506E-01
 0.00000000E+00
 5.31434531E-01
 0.00000000E+00
 4.89231820E-01
 3.73182236E-01
 5.09399393E-01
 3.75197770E-01
 3.10039527E-01
 5.14638913E-01
 3.79974069E-01
 3.15960296E-01
 5.67219334E-01
 3.18803105E-01
 5.20070394E-01
 5.61021121E-01
 4.71617839E-01
 6.06350586E-01
 4.74117519E-01
 4.34855146E-01
 7.76692691E+00
 4.79124367E-01
 4.39769937E-01
 0.00000000E+00
 0.00000000E+00
 6.45531163E-01
 0.00000000E+00
 6.60437156E-01
 5.01617364E-01
 4.77081122E-01
 5.24584593E-01
 5.72987899E-01
 6.31919988E-01
 7.01827665E-01
 5.02279611E-01
 3.01256586E-01
 3.07677712E-01
 3.91114079E-01
 4.76420825E-01
 5.60393597E-01
 4.79606348E-01
 3.10971223E-01
 3.73964296E-01
 4.81885471E-01
 5.92752213E-01
 6.78550381E-01
 5.26033768E-01
 3.92970148E-01
 4.80710392E-01
 5.97635195E-01
 5.73757629E-01
 4.77952540E-01
 5.92611459E-01
 6.27406121E-01
 5.55055068E-01
 6.73744510E-01
 6.87578051E-01
 5.03716095E-01
 3.02718817E-01
 3.08745064E-01
 3.92992424E-01
 4.79159114E-01
 5.63203298E-01
 6.45168986E-01
 3.04466515E-01
 6.56085562E-02
 1.33363082E-01
 2.77414459E-01
 4.25444387E-01
 5.42418452E-01
 3.14493908E-01
 1.39405867E-01
 2.88479632E-01
 4.60682264E-01
 6.38924036E-01
 3.97124519E-01
 2.80436471E-01
 4.57084190E-01
 6.00829667E-01
 4.82568315E-01
 4.27255435E-01
 6.34900138E-01
 5.59598679E-01
 5.32910995E-01
 6.20806494E-01
 4.82941197E-01
 3.13406364E-01
 3.74187793E-01
 4.83427420E-01
 5.95767562E-01
 6.81830170E-01
 3.15826762E-01
 1.39106575E-01
 2.85791845E-01
 4.58505833E-01
 6.37431661E-01
 3.81585946E-01
 2.92666199E-01
 5.20957631E-01
 7.05134678E-01
 4.88387258E-01
 4.60070342E-01
 6.98588154E-01
 5.99236708E-01
 6.34146945E-01
 6.72287932E-01
 5.33938465E-01
 4.01542132E-01
 4.86605546E-01
 6.03490192E-01
 4.03856400E-01
 2.87383203E-01
 4.61158855E-01
 4.93005554E-01
 4.66568846E-01
 7.04844293E-01
 6.06442817E-01
 5.85123962E-01
 4.89816827E-01
 5.99561608E-01
 7.24831673E-01
 4.91996661E-01
 4.35519440E-01
 6.37417225E-01
 6.04152667E-01
 6.38565044E-01
 6.44796063E-01
 5.72491331E-01
 6.81809051E-01
 5.75102488E-01
 5.42565874E-01
 6.77497099E-01
 7.12464721E-01
 5.08303984E-01
 3.08994500E-01
 3.14789325E-01
 3.98690052E-01
 4.84451780E-01
 5.67938104E-01
 3.10139166E-01
 7.34692605E-02
 1.40948293E-01
 2.84249867E-01
 4.31416933E-01
 5.47565940E-01
 3.19344654E-01
 1.46291066E-01
 2.95181268E-01
 4.66338423E-01
 4.00997630E-01
 2.85730567E-01
 4.61922161E-01
 4.85634551E-01
 4.31282538E-01
 5.61851110E-01
 3.11463831E-01
 7.58126047E-02
 1.44048965E-01
 2.87510441E-01
 4.34927238E-01
 7.71898615E-02
 2.13338021E-01
 7.95791751E-02
 1.53938746E-01
 1.50106242E-01
 7.38434785E-02
 1.15909839E-01
 2.90737614E-01
 1.52827981E-01
 4.36718686E-01
 3.21910774E-01
 1.49463303E-01
 2.98028858E-01
 4.68611517E-01
 1.50087137E-01
 7.36127508E-02
 1.16368178E-01
 3.02089018E-01
 1.18520180E-01
 2.89071218E-01
 4.68545813E-01
 4.10061435E-01
 2.96598157E-01
 4.70664502E-01
 2.98298850E-01
 1.62432502E-01
 4.75297868E-01
 4.98580641E-01
 4.43950037E-01
 6.44504823E-01
 4.46338408E-01
 5.81221253E-01
 4.88535396E-01
 3.20064079E-01
 3.79250508E-01
 4.87993515E-01
 5.99697248E-01
 6.85223715E-01
 3.21689951E-01
 1.46395480E-01
 2.91544783E-01
 4.63139078E-01
 6.40672818E-01
 3.85395836E-01
 2.97975376E-01
 5.25626331E-01
 7.08291712E-01
 4.91037871E-01
 4.63471526E-01
 7.01117234E-01
 6.01140347E-01
 6.36403357E-01
 6.73895378E-01
 3.23376883E-01
 1.50437200E-01
 2.97545122E-01
 4.67956669E-01
 1.50850968E-01
 7.26801481E-02
 1.16900992E-01
 3.01557104E-01
 1.19210038E-01
 2.91326007E-01
 4.67704935E-01
 3.87091105E-01
 3.02352277E-01
 5.32205511E-01
 7.11610633E-01
 2.99953022E-01
 1.20576988E-01
 2.96466735E-01
 5.28519127E-01
 2.85455094E-01
 6.96103196E-01
 4.98984286E-01
 4.73919551E-01
 7.10701748E-01
 4.73518531E-01
 3.72561262E-01
 7.02293912E-01
 6.10995369E-01
 6.43570314E-01
 0.00000000E+00
 0.00000000E+00
 5.39538330E-01
 4.08330496E-01
 4.91869980E-01
 6.08255074E-01
 4.09599039E-01
 2.94592993E-01
 4.66845231E-01
 4.96665512E-01
 4.71737934E-01
 7.09301844E-01
 6.08943967E-01
 4.12619461E-01
 2.99359868E-01
 4.72171290E-01
 6.12226740E-01
 3.00404830E-01
 1.65623689E-01
 3.78105749E-01
 4.76105888E-01
 3.75878296E-01
 5.00262209E-01
 4.75996843E-01
 7.12838175E-01
 4.75182703E-01
 3.75586685E-01
 7.04115193E-01
 6.17293411E-01
 0.00000000E+00
 5.89616796E-01
 4.95113764E-01
 6.03297151E-01
 4.96164869E-01
 4.40602756E-01
 6.06327837E-01
 5.00330975E-01
 4.45761240E-01
 6.45211993E-01
 4.47304281E-01
 6.11500835E-01
 6.48581498E-01
 5.76995805E-01
 6.84943338E-01
 5.78431205E-01
 5.47136001E-01
 6.79700904E-01
 5.82768432E-01
 5.51414170E-01
 0.00000000E+00
 0.00000000E+00
 7.16178206E-01
 0.00000000E+00
 7.41077708E-01
 6.17826913E-01
 5.97328392E-01
 6.36882977E-01
 6.77201759E-01
 7.23483322E-01
 7.75995026E-01
 6.18127136E-01
 4.58973779E-01
 4.59534791E-01
 5.30152936E-01
 6.02384408E-01
 6.69629770E-01
 5.98691392E-01
 4.61490352E-01
 5.03317756E-01
 5.94610699E-01
 6.88433592E-01
 7.58300445E-01
 6.37236393E-01
 5.30648966E-01
 5.93169762E-01
 6.87398662E-01
 6.76914922E-01
 6.02484798E-01
 6.87576734E-01
 7.19015083E-01
 6.64394453E-01
 7.53914345E-01
 7.63750356E-01
 6.19337910E-01
 4.60325962E-01
 4.60646253E-01
 5.31746647E-01
 6.04500634E-01
 6.71739339E-01
 7.33328772E-01
 4.61234314E-01
 2.65270034E-01
 3.07505326E-01
 4.31769861E-01
 5.59534999E-01
 6.55923655E-01
 4.63905716E-01
 3.11039164E-01
 4.11857815E-01
 5.61911932E-01
 7.17310338E-01
 5.33394039E-01
 4.32307932E-01
 5.58147848E-01
 6.79077191E-01
 6.05377121E-01
 5.58970336E-01
 7.13015380E-01
 6.66959261E-01
 6.46791568E-01
 7.12133678E-01
 6.01651020E-01
 4.64160687E-01
 5.04488729E-01
 5.96389660E-01
 6.90944377E-01
 7.60823469E-01
 4.65480989E-01
 3.11845317E-01
 4.11037962E-01
 5.61018688E-01
 7.16480028E-01
 5.08795576E-01
 4.15031813E-01
 5.72252256E-01
 7.36696426E-01
 5.98414882E-01
 5.60186049E-01
 7.30482027E-01
 6.91678186E-01
 7.12016477E-01
 7.51600863E-01
 6.43790374E-01
 5.38140936E-01
 5.98784198E-01
 6.92553299E-01
 5.39451591E-01
 4.39175896E-01
 5.62994358E-01
 6.02579796E-01
 5.66170606E-01
 7.36298617E-01
 6.93317439E-01
 6.86118657E-01
 6.12356110E-01
 6.93715838E-01
 7.89893558E-01
 6.13628369E-01
 5.66756461E-01
 7.16273094E-01
 6.96373779E-01
 7.16546514E-01
 7.32891591E-01
 6.78460130E-01
 7.60693395E-01
 6.80067166E-01
 6.55602937E-01
 7.56820023E-01
 7.83703102E-01
 6.23205619E-01
 4.65726080E-01
 4.65957201E-01
 5.36638323E-01
 6.08914977E-01
 6.75619251E-01
 4.66169058E-01
 2.72267924E-01
 3.14414513E-01
 4.37809578E-01
 5.64589667E-01
 6.60152619E-01
 4.68276478E-01
 3.17370015E-01
 4.18140628E-01
 5.67034258E-01
 5.36869306E-01
 4.37121870E-01
 5.62615391E-01
 6.08086358E-01
 5.62519946E-01
 6.68949817E-01
 4.67396275E-01
 2.74486320E-01
 3.17308158E-01
 4.40585409E-01
 5.67324811E-01
 2.74767406E-01
 2.36369320E-02
 1.06615313E-01
 3.13946337E-01
 3.19920056E-01
 1.08994152E-01
 2.28611633E-01
 4.40421873E-01
 3.09803345E-01
 5.65894590E-01
 4.71087397E-01
 3.21377155E-01
 4.22194483E-01
 5.69898111E-01
 3.21006685E-01
 1.11158444E-01
 2.31260749E-01
 4.23161423E-01
 2.30597901E-01
 3.28107810E-01
 5.67078072E-01
 5.44905047E-01
 4.47334135E-01
 5.71418803E-01
 4.47967014E-01
 3.20127423E-01
 5.73378962E-01
 6.19125680E-01
 5.73814157E-01
 7.22205338E-01
 5.75103658E-01
 6.85077796E-01
 6.06592230E-01
 4.70340397E-01
 5.09577012E-01
 6.00781354E-01
 6.94501081E-01
 7.63758684E-01
 4.71010962E-01
 3.19133907E-01
 4.17333350E-01
 5.65875376E-01
 7.19619921E-01
 5.12799156E-01
 4.20854786E-01
 5.77731598E-01
 7.40343633E-01
 6.01207386E-01
 5.63936090E-01
 7.33575081E-01
 6.93582355E-01
 7.14305425E-01
 7.53104193E-01
 4.72645716E-01
 3.22852027E-01
 4.22647310E-01
 5.69974059E-01
 3.22274743E-01
 1.13057157E-01
 2.33046492E-01
 4.23453290E-01
 2.32385595E-01
 3.31364594E-01
 5.66881118E-01
 5.15302795E-01
 4.26310316E-01
 5.85119715E-01
 7.44248505E-01
 4.23636906E-01
 2.35906887E-01
 3.38014205E-01
 5.80189703E-01
 3.26034717E-01
 7.28895179E-01
 6.08813434E-01
 5.74370607E-01
 7.43369950E-01
 5.73468891E-01
 4.63986948E-01
 7.34810696E-01
 7.02598034E-01
 7.21614329E-01
 0.00000000E+00
 0.00000000E+00
 6.48733501E-01
 5.44353885E-01
 6.03884431E-01
 6.96980049E-01
 5.44814623E-01
 4.46182790E-01
 5.68894249E-01
 6.06317408E-01
 5.71551492E-01
 7.41173273E-01
 6.95866054E-01
 5.47417012E-01
 4.50313064E-01
 5.73486050E-01
 6.90264058E-01
 4.50382281E-01
 3.23907394E-01
 4.69336580E-01
 5.74759084E-01
 4.65529924E-01
 6.10024130E-01
 5.76320643E-01
 7.45383517E-01
 5.75071852E-01
 4.66929874E-01
 7.36538430E-01
 7.03513129E-01
 0.00000000E+00
 6.90129419E-01
 6.17212246E-01
 6.97319004E-01
 6.17574225E-01
 5.71662155E-01
 6.98677024E-01
 6.20971269E-01
 5.75889036E-01
 7.23356790E-01
 5.76476569E-01
 7.03247661E-01
 7.36268720E-01
 6.82536387E-01
 7.63607408E-01
 6.83198404E-01
 6.59798944E-01
 7.58967120E-01
 6.86690932E-01
 6.63259277E-01
 6.58503579E-01
 0.00000000E+00
 7.86958473E-01
 0.00000000E+00
 8.26182758E-01
 7.42924319E-01
 7.28729776E-01
 7.56076504E-01
 7.83956161E-01
 8.15346154E-01
 8.50408573E-01
 7.43038677E-01
 6.34764371E-01
 6.34093117E-01
 6.83176188E-01
 7.33390480E-01
 7.79309466E-01
 7.29410039E-01
 6.35190139E-01
 6.61781560E-01
 7.25242934E-01
 7.90477367E-01
 8.38465785E-01
 7.55964013E-01
 6.83109672E-01
 7.24048112E-01
 7.88565888E-01
 7.83297090E-01
 7.32915813E-01
 7.89540843E-01
 8.11730716E-01
 7.75100056E-01
 8.35088349E-01
 8.41338861E-01
 7.43882190E-01
 6.35731564E-01
 6.34911510E-01
 6.84284412E-01
 7.34816875E-01
 7.80716464E-01
 8.21852416E-01
 6.36148866E-01
 5.01202130E-01
 5.27287901E-01
 6.14190508E-01
 7.03565657E-01
 7.70028156E-01
 6.36603675E-01
 5.29221267E-01
 5.93852343E-01
 6.99162879E-01
 8.08257841E-01
 6.84658175E-01
 6.13752836E-01
 6.96203368E-01
 7.80225004E-01
 7.34451458E-01
 7.02166784E-01
 8.04790086E-01
 7.76241640E-01
 7.62699110E-01
 8.05877951E-01
 7.31529605E-01
 6.37220190E-01
 6.62845456E-01
 7.26611740E-01
 7.92236360E-01
 8.40182955E-01
 6.37855150E-01
 5.30089865E-01
 5.93667477E-01
 6.98799979E-01
 8.07808428E-01
 6.65121746E-01
 5.95823651E-01
 6.97432493E-01
 8.13741195E-01
 7.27085924E-01
 6.97318962E-01
 8.09096557E-01
 7.91639237E-01
 8.03814023E-01
 8.32673387E-01
 7.60575476E-01
 6.88478757E-01
 7.28182296E-01
 7.92266616E-01
 6.89112445E-01
 6.18950244E-01
 7.00047485E-01
 7.30161073E-01
 7.01731347E-01
 8.13358456E-01
 7.91944360E-01
 7.89766006E-01
 7.39938906E-01
 7.94020904E-01
 8.58785752E-01
 7.40558331E-01
 7.08107725E-01
 8.07543607E-01
 7.95303100E-01
 8.07414301E-01
 8.21460901E-01
 7.85039636E-01
 8.40019659E-01
 7.85879955E-01
 7.69520524E-01
 8.37004022E-01
 8.55375660E-01
 7.46698393E-01
 6.39699181E-01
 6.38849462E-01
 6.87881615E-01
 7.38028400E-01
 7.83520137E-01
 6.39807895E-01
 5.06429256E-01
 5.32484034E-01
 6.18686073E-01
 7.07270066E-01
 7.73092760E-01
 6.39911988E-01
 5.34023455E-01
 5.98621441E-01
 7.03003282E-01
 6.87308906E-01
 6.17422598E-01
 6.99602782E-01
 7.36525908E-01
 7.04866127E-01
 7.77786571E-01
 6.40674188E-01
 5.08005952E-01
 5.34535761E-01
 6.20602922E-01
 7.09107111E-01
 5.07839171E-01
 3.32085399E-01
 3.83228475E-01
 5.29459044E-01
 5.35393928E-01
 3.83998119E-01
 4.58324326E-01
 6.19208242E-01
 5.25198035E-01
 7.06575943E-01
 6.42058603E-01
 5.37164382E-01
 6.01854912E-01
 7.05241076E-01
 5.36499534E-01
 3.86082994E-01
 4.60798859E-01
 6.01510683E-01
 4.59372537E-01
 5.17111231E-01
 7.01964236E-01
 6.93144968E-01
 6.24953760E-01
 7.06198805E-01
 6.25005310E-01
 5.33246011E-01
 7.06679646E-01
 7.44548609E-01
 7.13214121E-01
 8.11805294E-01
 7.13748619E-01
 7.89498842E-01
 7.35235181E-01
 6.41954504E-01
 6.66869793E-01
 7.30041088E-01
 7.94963646E-01
 8.42399599E-01
 6.42140877E-01
 5.35837116E-01
 5.98756478E-01
 7.02689108E-01
 8.10280191E-01
 6.68378647E-01
 6.00556565E-01
 7.01899577E-01
 8.16700820E-01
 7.29394958E-01
 7.00416531E-01
 8.11668648E-01
 7.93211289E-01
 8.05684047E-01
 8.33893152E-01
 6.43335025E-01
 5.38501440E-01
 6.02513640E-01
 7.05551408E-01
 5.37682077E-01
 3.87880701E-01
 4.62556227E-01
 6.02020218E-01
 4.61095334E-01
 5.19887454E-01
 7.02043823E-01
 6.70467738E-01
 6.04873378E-01
 7.07544190E-01
 8.19725698E-01
 6.02635787E-01
 4.64275881E-01
 5.25222472E-01
 7.03224483E-01
 5.15828853E-01
 8.07967007E-01
 7.35143235E-01
 7.08324380E-01
 8.19054862E-01
 7.07353478E-01
 6.26018655E-01
 8.12432901E-01
 8.00069085E-01
 8.11462773E-01
 8.07841122E-01
 0.00000000E+00
 7.64305302E-01
 6.93240707E-01
 7.32182476E-01
 7.95680425E-01
 6.93280891E-01
 6.24450211E-01
 7.04751460E-01
 7.33188559E-01
 7.06041761E-01
 8.17235561E-01
 7.94028108E-01
 6.95146773E-01
 6.27399606E-01
 7.08007472E-01
 7.88777791E-01
 6.27045487E-01
 5.36413170E-01
 6.30134027E-01
 7.07966347E-01
 6.26706350E-01
 7.36081256E-01
 7.09804778E-01
 8.20558069E-01
 7.08587722E-01
 6.28262728E-01
 8.13729942E-01
 7.99797955E-01
 0.00000000E+00
 7.92845662E-01
 7.43718539E-01
 7.96893972E-01
 7.43697288E-01
 7.12019622E-01
 7.97242684E-01
 7.46105344E-01
 7.15011420E-01
 8.12897070E-01
 7.15042333E-01
 8.00660594E-01
 8.24072862E-01
 7.88224868E-01
 8.42339747E-01
 7.88395735E-01
 7.72835825E-01
 8.38770117E-01
 7.90877691E-01
 7.75305044E-01
 7.71831037E-01
 0.00000000E+00
 8.57861206E-01
 0.00000000E+00
 9.12956715E-01
 8.71258979E-01
 8.64146241E-01
 8.77837836E-01
 8.91797227E-01
 9.07515692E-01
 9.25074576E-01
 8.71287572E-01
 8.17044810E-01
 8.16700578E-01
 8.41281653E-01
 8.66431688E-01
 8.89432027E-01
 8.64412242E-01
 8.17189073E-01
 8.30504010E-01
 8.62299060E-01
 8.94986883E-01
 9.19034594E-01
 8.77654327E-01
 8.41115415E-01
 8.61629818E-01
 8.93972806E-01
 8.91273327E-01
 8.65979456E-01
 8.94382924E-01
 9.05426028E-01
 8.87010956E-01
 9.17147908E-01
 9.20144570E-01
 8.71712630E-01
 8.17531602E-01
 8.17111606E-01
 8.41836760E-01
 8.67145512E-01
 8.90135840E-01
 9.10741851E-01
 8.17672592E-01
 7.50032312E-01
 7.63088273E-01
 8.06628646E-01
 8.51414979E-01
 8.84722376E-01
 8.17790814E-01
 7.63924309E-01
 7.96314086E-01
 8.49114742E-01
 9.03824673E-01
 8.41745855E-01
 8.06133202E-01
 8.47497711E-01
 8.89666414E-01
 8.66553350E-01
 8.50299587E-01
 9.01874266E-01
 8.87301714E-01
 8.80484449E-01
 9.01896882E-01
 8.65498389E-01
 8.18237237E-01
 8.31064623E-01
 8.63006674E-01
 8.95884838E-01
 9.19908298E-01
 8.18461477E-01
 7.64416306E-01
 7.96270905E-01
 8.48970464E-01
 9.03624515E-01
 8.31986720E-01
 7.97188863E-01
 8.48156281E-01
 9.06519271E-01
 8.62897844E-01
 8.47911921E-01
 9.04069627E-01
 8.95105686E-01
 9.01229129E-01
 9.15487488E-01
 8.80027447E-01
 8.43885761E-01
 8.63770674E-01
 8.95880927E-01
 8.44099059E-01
 8.08888425E-01
 8.49545371E-01
 8.64529329E-01
 8.50226915E-01
 9.06275218E-01
 8.95356642E-01
 8.94633820E-01
 8.69644254E-01
 8.96742610E-01
 9.29207230E-01
 8.69845519E-01
 8.53539499E-01
 9.03431259E-01
 8.97153683E-01
 9.03237949E-01
 9.10498516E-01
 8.92221705E-01
 9.19788289E-01
 8.92527940E-01
 8.84319335E-01
 9.18060542E-01
 9.27476252E-01
 8.73223777E-01
 8.19667501E-01
 8.19238894E-01
 8.43777775E-01
 8.68875816E-01
 8.91644976E-01
 8.19658256E-01
 7.52868753E-01
 7.65906517E-01
 8.09063985E-01
 8.53417789E-01
 8.86376905E-01
 8.19610320E-01
 7.66549674E-01
 7.98901705E-01
 8.51192886E-01
 8.43222426E-01
 8.08163526E-01
 8.49360338E-01
 8.67723894E-01
 8.51809719E-01
 8.88191162E-01
 8.20083888E-01
 7.53644956E-01
 7.66919393E-01
 8.10010634E-01
 8.54326736E-01
 7.53434641E-01
 6.65360344E-01
 6.90964618E-01
 7.64222805E-01
 7.67046174E-01
 6.91101239E-01
 7.28349728E-01
 8.08826729E-01
 7.61590349E-01
 8.52377930E-01
 8.20723507E-01
 7.68170061E-01
 8.00560645E-01
 8.52342606E-01
 7.67679912E-01
 6.92253021E-01
 7.29685893E-01
 8.00039592E-01
 7.28671880E-01
 7.57649006E-01
 8.50174165E-01
 8.46269700E-01
 8.12087087E-01
 8.52783612E-01
 8.11952164E-01
 7.65903203E-01
 8.52686826E-01
 8.71987249E-01
 8.56264035E-01
 9.05681371E-01
 8.56374886E-01
 8.94475302E-01
 8.67528586E-01
 8.20853474E-01
 8.33317553E-01
 8.64924819E-01
 8.97409833E-01
 9.21146289E-01
 8.20852241E-01
 7.67625791E-01
 7.99119153E-01
 8.51150957E-01
 9.05018350E-01
 8.33850465E-01
 7.99854696E-01
 8.50627126E-01
 9.08153716E-01
 8.64246985E-01
 8.49691836E-01
 9.05513019E-01
 8.96040073E-01
 9.02319886E-01
 9.16216899E-01
 8.21458110E-01
 7.68968783E-01
 8.01007099E-01
 8.52588717E-01
 7.68398210E-01
 6.93329422E-01
 7.30729658E-01
 8.00403618E-01
 7.29693431E-01
 7.59192830E-01
 8.50293710E-01
 8.34980046E-01
 8.02116648E-01
 8.53529097E-01
 9.09716352E-01
 8.00821451E-01
 7.31437880E-01
 7.62006008E-01
 8.51016114E-01
 7.56964977E-01
 9.03398228E-01
 8.67323180E-01
 8.53872011E-01
 9.09354428E-01
 8.53221105E-01
 8.12449581E-01
 9.05781433E-01
 8.99807588E-01
 9.05528842E-01
 9.03595113E-01
 0.00000000E+00
 8.82089542E-01
 8.46534825E-01
 8.66015665E-01
 8.97784296E-01
 8.46443630E-01
 8.11974626E-01
 8.52177164E-01
 8.66269898E-01
 8.52651123E-01
 9.08395884E-01
 8.96571011E-01
 8.47411838E-01
 8.13492449E-01
 8.53839483E-01
 8.94277465E-01
 8.13145706E-01
 7.67719145E-01
 8.14697331E-01
 8.53464398E-01
 8.12717604E-01
 8.67845487E-01
 8.54675875E-01
 9.10149268E-01
 8.53897777E-01
 8.13657657E-01
 9.06470854E-01
 8.99706679E-01
 0.00000000E+00
 8.96369624E-01
 8.71790050E-01
 8.98393982E-01
 8.71657353E-01
 8.55788112E-01
 8.98312094E-01
 8.72919488E-01
 8.57349017E-01
 9.06359928E-01
 8.57193729E-01
 9.00175467E-01
 9.11985595E-01
 8.94049293E-01
 9.21137899E-01
 8.94002440E-01
 8.86238704E-01
 9.19113528E-01
 8.95317162E-01
 8.87551712E-01
 8.85661718E-01
 9.20602825E-01
 9.28877504E-01
 9.11992303E-01
