 9.83607650E-01
 9.68000924E-01
 9.55782853E-01
 9.52803191E-01
 9.49653302E-01
 9.52041349E-01
 9.60470431E-01
 9.69719627E-01
 9.41282268E-01
 9.19795197E-01
 9.17069334E-01
 9.14131104E-01
 9.18913882E-01
 9.59713628E-01
 9.22484222E-01
 8.95664580E-01
 8.96876392E-01
 8.98216800E-01
 9.05483508E-01
 9.57704475E-01
 9.18915799E-01
 8.92013489E-01
 8.98147279E-01
 9.56413228E-01
 9.17275128E-01
 8.92594519E-01
 9.48571912E-01
 8.99634575E-01
 8.65377874E-01
 9.13405422E-01
 9.61265257E-01
 9.25172779E-01
 8.98055072E-01
 8.94540642E-01
 8.90751554E-01
 8.96905843E-01
 9.14198324E-01
 9.31761457E-01
 8.69993261E-01
 8.26293692E-01
 8.28571963E-01
 8.31008845E-01
 8.43256140E-01
 9.13747455E-01
 8.38528104E-01
 7.89721751E-01
 8.06519167E-01
 8.25689195E-01
 9.09269877E-01
 8.29826903E-01
 7.76799396E-01
 7.93681061E-01
 9.05602798E-01
 8.21240270E-01
 7.56362077E-01
 8.69484513E-01
 6.70293805E-01
 9.98527190E-01
 9.48693471E-01
 9.02516782E-01
 8.70410704E-01
 8.73880101E-01
 8.77614195E-01
 8.87438394E-01
 9.15916133E-01
 8.45213960E-01
 8.02717298E-01
 8.26480030E-01
 8.53677705E-01
 9.03788507E-01
 8.32441278E-01
 8.03353771E-01
 8.66130888E-01
 8.97558364E-01
 8.19517803E-01
 7.74036924E-01
 8.87762708E-01
 7.52565632E-01
 9.99351769E-01
 9.45178432E-01
 8.94510433E-01
 8.58452173E-01
 8.63733203E-01
 9.07703124E-01
 8.25800196E-01
 7.70326146E-01
 8.87894618E-01
 7.92049184E-01
 7.22688805E-01
 8.42389639E-01
 9.53733112E-01
 9.09071007E-01
 8.76363560E-01
 8.86702770E-01
 9.20491900E-01
 8.40234412E-01
 7.59966651E-01
 8.90605377E-01
 6.56406416E-01
 9.59307870E-01
 9.14073764E-01
 8.68281681E-01
 9.20401353E-01
 6.90031340E-01
 0.00000000E+00
 9.21356784E-01
 9.63335785E-01
 9.29038199E-01
 9.03135672E-01
 8.99592243E-01
 8.95771634E-01
 9.01457804E-01
 9.34755485E-01
 8.75485104E-01
 8.33400899E-01
 8.35530908E-01
 8.37848113E-01
 8.49482959E-01
 9.16798280E-01
 8.44068950E-01
 7.96881860E-01
 8.13645065E-01
 9.11638685E-01
 8.34258621E-01
 7.82721849E-01
 9.07417269E-01
 8.25134130E-01
 8.71447891E-01
 9.25635199E-01
 8.57967932E-01
 8.09641134E-01
 8.11099054E-01
 8.12585525E-01
 8.68044830E-01
 7.52639273E-01
 6.75254521E-01
 6.91276589E-01
 8.30941714E-01
 6.89256828E-01
 6.00967972E-01
 8.10503145E-01
 6.34444912E-01
 7.65570705E-01
 9.10656530E-01
 8.33301659E-01
 7.84325693E-01
 8.05863351E-01
 8.41442309E-01
 7.12377187E-01
 6.36689531E-01
 7.93157667E-01
 6.31353843E-01
 5.27680437E-01
 7.20035566E-01
 9.04954550E-01
 8.17430635E-01
 7.54631709E-01
 8.16027802E-01
 6.36970460E-01
 6.89006298E-01
 9.19217605E-01
 8.32438737E-01
 7.37513047E-01
 8.03945000E-01
 9.18075835E-01
 9.50169686E-01
 9.04994323E-01
 8.73200413E-01
 8.75809179E-01
 8.78632322E-01
 8.87857694E-01
 9.17316652E-01
 8.47187166E-01
 8.04455131E-01
 8.27179280E-01
 8.53317046E-01
 9.04317631E-01
 8.32626869E-01
 8.02845294E-01
 8.65763095E-01
 8.96959047E-01
 8.18048456E-01
 7.72227902E-01
 8.85999821E-01
 7.52207662E-01
 9.99309490E-01
 9.09723506E-01
 8.31086220E-01
 7.80622444E-01
 8.00832638E-01
 8.39358037E-01
 7.07562849E-01
 6.29171166E-01
 7.90010127E-01
 6.24256903E-01
 5.17289572E-01
 7.14648588E-01
 9.03754711E-01
 8.27919444E-01
 7.92578833E-01
 8.56853139E-01
 8.02029419E-01
 6.44074220E-01
 5.34372872E-01
 6.40359829E-01
 3.76307256E-02
 0.00000000E+00
 8.94329982E-01
 7.95389159E-01
 7.08677922E-01
 7.06509261E-01
 6.45070349E-02
 0.00000000E+00
 9.01674538E-01
 5.90105006E-01
 0.00000000E+00
 0.00000000E+00
 9.46162597E-01
 8.96231088E-01
 8.60462042E-01
 8.65095246E-01
 9.08403980E-01
 8.26894922E-01
 7.71500387E-01
 8.87804051E-01
 7.91977677E-01
 7.23804842E-01
 8.41394486E-01
 9.04270424E-01
 8.15916467E-01
 7.52141227E-01
 7.65111900E-01
 8.14293119E-01
 6.33289114E-01
 4.58928606E-01
 6.86463969E-01
 2.28891768E-03
 8.95266892E-01
 7.97783935E-01
 7.13256225E-01
 7.09574421E-01
 4.03614238E-02
 0.00000000E+00
 8.42735694E-01
 0.00000000E+00
 9.53522954E-01
 9.08913693E-01
 8.76476063E-01
 9.19399149E-01
 8.39130170E-01
 8.88649641E-01
 9.17354626E-01
 8.29415361E-01
 7.34932826E-01
 7.99880699E-01
 9.01771254E-01
 9.57802264E-01
 9.11871961E-01
 8.67104313E-01
 9.16351035E-01
 6.96156538E-01
 9.99759052E-01
 9.13039451E-01
 6.21019493E-01
 0.00000000E+00
 0.00000000E+00
 9.18709393E-01
 0.00000000E+00
 9.70749540E-01
 9.43014866E-01
 9.21420578E-01
 9.16308327E-01
 9.10927185E-01
 9.15356444E-01
 9.30410442E-01
 9.46674541E-01
 8.96874607E-01
 8.59541201E-01
 8.55210760E-01
 8.50569674E-01
 8.59386501E-01
 9.30155732E-01
 8.66118482E-01
 8.20533709E-01
 8.23409439E-01
 8.26560259E-01
 8.39820806E-01
 9.28026077E-01
 8.62777161E-01
 8.18378810E-01
 8.29907231E-01
 9.27442692E-01
 8.63485615E-01
 8.24643031E-01
 9.16615609E-01
 8.40041887E-01
 7.91238613E-01
 8.65165347E-01
 9.30341849E-01
 8.65732187E-01
 8.17505102E-01
 8.11693607E-01
 8.05464001E-01
 8.16971797E-01
 8.48171141E-01
 8.78723964E-01
 7.69668224E-01
 6.93301434E-01
 6.98475026E-01
 7.04027977E-01
 7.26805963E-01
 8.48844497E-01
 7.18338801E-01
 6.35165791E-01
 6.66419413E-01
 7.01749273E-01
 8.43672751E-01
 7.09039521E-01
 6.22097201E-01
 6.55290933E-01
 8.40888704E-01
 7.03560157E-01
 6.07197732E-01
 7.88418726E-01
 5.11518318E-01
 1.69773704E+02
 9.07573676E-01
 8.24880594E-01
 7.67931051E-01
 7.74936471E-01
 7.82472935E-01
 8.00860024E-01
 8.50243713E-01
 7.25486332E-01
 6.51854105E-01
 6.95614883E-01
 7.45225566E-01
 8.31034035E-01
 7.07840091E-01
 6.60346023E-01
 7.71852153E-01
 8.23500570E-01
 6.93954189E-01
 6.28033272E-01
 8.13703492E-01
 6.29588830E-01
 9.98703539E-01
 9.01306026E-01
 8.10852036E-01
 7.47413005E-01
 7.58264762E-01
 8.35850190E-01
 6.92326801E-01
 5.98131581E-01
 8.04026994E-01
 6.42208114E-01
 5.37755407E-01
 7.34277163E-01
 9.16961857E-01
 8.37915813E-01
 7.81688351E-01
 8.02816322E-01
 8.59555535E-01
 7.22286405E-01
 5.96766790E-01
 8.13531594E-01
 4.91763838E-01
 9.27554291E-01
 8.49510505E-01
 7.77680901E-01
 8.63232784E-01
 5.50529573E-01
 0.00000000E+00
 8.64073659E-01
 9.34623222E-01
 8.73736159E-01
 8.28040430E-01
 8.22187274E-01
 8.15911028E-01
 8.26456262E-01
 8.84979155E-01
 7.81154618E-01
 7.08162541E-01
 7.12957476E-01
 7.18173449E-01
 7.39625759E-01
 8.55285872E-01
 7.30015192E-01
 6.50150597E-01
 6.80995838E-01
 8.48788177E-01
 7.18502332E-01
 6.34513481E-01
 8.44864681E-01
 7.11671602E-01
 7.92596204E-01
 8.66565296E-01
 7.45853243E-01
 6.60427675E-01
 6.64194999E-01
 6.68151078E-01
 7.65874977E-01
 5.62949779E-01
 4.29038808E-01
 4.60410933E-01
 7.04157795E-01
 4.60077943E-01
 3.13140338E-01
 6.74568008E-01
 3.82077698E-01
 6.11973333E-01
 8.39526921E-01
 7.01781631E-01
 6.16000315E-01
 6.56362145E-01
 7.18625177E-01
 4.93097815E-01
 3.65645759E-01
 6.39157966E-01
 3.66984889E-01
 2.14064268E-01
 5.28856776E-01
 8.29669601E-01
 6.75040123E-01
 5.67355859E-01
 6.75486692E-01
 3.69818873E-01
 4.70568624E-01
 8.56326983E-01
 7.06822499E-01
 5.57277499E-01
 6.63445001E-01
 8.58499125E-01
 9.11045623E-01
 8.30858287E-01
 7.74932426E-01
 7.80307984E-01
 7.86129291E-01
 8.03267327E-01
 8.53991021E-01
 7.31258333E-01
 6.57766586E-01
 6.99291832E-01
 7.46609546E-01
 8.33279271E-01
 7.10407022E-01
 6.62022459E-01
 7.72875263E-01
 8.23710953E-01
 6.93560671E-01
 6.27389879E-01
 8.11905963E-01
 6.30222291E-01
 9.98618981E-01
 8.38291892E-01
 6.98628995E-01
 6.10438048E-01
 6.48368939E-01
 7.15651818E-01
 4.85901874E-01
 3.54095975E-01
 6.34520228E-01
 3.56254376E-01
 1.98363579E-01
 5.20769572E-01
 8.27810094E-01
 6.94217180E-01
 6.34854745E-01
 7.51569999E-01
 6.51345177E-01
 3.83088949E-01
 2.19620548E-01
 3.88611788E-01
 5.36937665E-01
 0.00000000E+00
 8.12276506E-01
 6.42384821E-01
 5.09034892E-01
 4.96690819E-01
 5.48364288E-01
 0.00000000E+00
 8.30296960E-01
 4.20723654E-01
 0.00000000E+00
 0.00000000E+00
 9.03878240E-01
 8.15452812E-01
 7.52994349E-01
 7.62557679E-01
 8.38350936E-01
 6.96572552E-01
 6.03131165E-01
 8.05246647E-01
 6.44520524E-01
 5.42365058E-01
 7.34239193E-01
 8.29061809E-01
 6.73505485E-01
 5.64467591E-01
 5.93053838E-01
 6.73522051E-01
 3.65479125E-01
 9.44580019E-02
 4.67816471E-01
 4.78663657E-01
 8.14174667E-01
 6.46995040E-01
 5.17187278E-01
 5.02499451E-01
 5.15579698E-01
 0.00000000E+00
 7.28794124E-01
 0.00000000E+00
 9.17192028E-01
 8.38796793E-01
 7.83401607E-01
 8.58584168E-01
 7.22181217E-01
 8.11324378E-01
 8.53569512E-01
 7.02612240E-01
 5.54143503E-01
 6.57613675E-01
 8.30754109E-01
 9.25351247E-01
 8.46592553E-01
 7.76723605E-01
 8.57077450E-01
 5.56043721E-01
 9.99518105E-01
 8.50316607E-01
 4.60222961E-01
 0.00000000E+00
 0.00000000E+00
 8.60228084E-01
 0.00000000E+00
 9.60578707E-01
 9.23343165E-01
 8.94484365E-01
 8.87789205E-01
 8.80769177E-01
 8.86919250E-01
 9.07241085E-01
 9.29010601E-01
 8.63061619E-01
 8.13950376E-01
 8.08621352E-01
 8.02939328E-01
 8.15083013E-01
 9.08369848E-01
 8.24979281E-01
 7.66229716E-01
 7.70725786E-01
 7.75611707E-01
 7.93662039E-01
 9.07171009E-01
 8.23916559E-01
 7.68230199E-01
 7.84186887E-01
 9.08344730E-01
 8.28925362E-01
 7.82330028E-01
 8.97439966E-01
 8.06243105E-01
 7.52794473E-01
 8.40907688E-01
 9.05470509E-01
 8.18168832E-01
 7.53346217E-01
 7.45874206E-01
 7.37905648E-01
 7.53957838E-01
 7.96471553E-01
 8.37315714E-01
 6.91949032E-01
 5.91022229E-01
 5.98853505E-01
 6.07246033E-01
 6.38741650E-01
 8.00023080E-01
 6.29058253E-01
 5.21806680E-01
 5.64628804E-01
 6.12601347E-01
 7.96377516E-01
 6.23736403E-01
 5.15486001E-01
 5.62495683E-01
 7.96889594E-01
 6.26971512E-01
 5.16853463E-01
 7.39335370E-01
 4.36999477E-01
 2.06996789E+00
 8.74476355E-01
 7.62815598E-01
 6.86513878E-01
 6.96573075E-01
 7.07369882E-01
 7.32958080E-01
 7.99075201E-01
 6.33291160E-01
 5.37020644E-01
 5.96687325E-01
 6.63749013E-01
 7.76779677E-01
 6.17077763E-01
 5.59043822E-01
 7.07009445E-01
 7.70816052E-01
 6.08691792E-01
 5.36314098E-01
 7.65613801E-01
 5.68497987E-01
 9.98055308E-01
 8.65981585E-01
 7.44103993E-01
 6.59663959E-01
 6.75599941E-01
 7.79931769E-01
 5.90218466E-01
 4.69067370E-01
 7.42020110E-01
 5.36047309E-01
 4.16156273E-01
 6.60918387E-01
 8.87426323E-01
 7.81573817E-01
 7.08108780E-01
 7.39259980E-01
 8.12550998E-01
 6.34434295E-01
 4.83121854E-01
 7.59262648E-01
 4.06318776E-01
 9.02294062E-01
 7.99759957E-01
 7.12416265E-01
 8.21025306E-01
 4.75246859E-01
 0.00000000E+00
 8.21032707E-01
 9.12045127E-01
 8.30470202E-01
 7.69556724E-01
 7.62056187E-01
 7.54051815E-01
 7.68635973E-01
 8.46982175E-01
 7.09705602E-01
 6.13989030E-01
 6.21182809E-01
 6.28983323E-01
 6.58387424E-01
 8.10038041E-01
 6.47171741E-01
 5.44927647E-01
 5.86775515E-01
 8.04459535E-01
 6.38552330E-01
 5.34663943E-01
 8.03240688E-01
 6.39464862E-01
 7.45878894E-01
 8.19541811E-01
 6.57211046E-01
 5.43174179E-01
 5.49069245E-01
 5.55303881E-01
 6.87083541E-01
 4.18327163E-01
 2.43370226E-01
 2.87371244E-01
 6.10315960E-01
 2.93985382E-01
 1.09432492E-01
 5.78502084E-01
 2.11180304E-01
 5.12872164E-01
 7.83125131E-01
 5.98620675E-01
 4.85346205E-01
 5.40944467E-01
 6.24978157E-01
 3.29439394E-01
 1.68128507E-01
 5.28353337E-01
 1.86601746E-01
 1.82919848E-02
 4.02840809E-01
 7.70097766E-01
 5.64193825E-01
 4.24400446E-01
 5.69374122E-01
 1.76050159E-01
 3.21321722E-01
 8.07023688E-01
 6.11681962E-01
 4.29961290E-01
 5.62361547E-01
 8.13825408E-01
 8.80297718E-01
 7.72982621E-01
 6.98686032E-01
 7.06439198E-01
 7.14819774E-01
 7.38478999E-01
 8.05786745E-01
 6.44030842E-01
 5.48654712E-01
 6.04829893E-01
 6.68301495E-01
 7.81484305E-01
 6.23346547E-01
 5.64459148E-01
 7.10406746E-01
 7.72739052E-01
 6.10899491E-01
 5.38460975E-01
 7.64869021E-01
 5.71155203E-01
 9.89877598E+00
 7.82028290E-01
 5.95411296E-01
 4.79188233E-01
 5.31426360E-01
 6.21916555E-01
 3.21453165E-01
 1.54782124E-01
 5.23282836E-01
 1.74319549E-01
 6.45428239E-05
 3.93706783E-01
 7.69038594E-01
 5.93047008E-01
 5.18657329E-01
 6.76206832E-01
 5.41079460E-01
 2.02331250E-01
 2.12987323E-02
 2.24174231E-01
 7.54911512E-01
 0.00000000E+00
 7.49560771E-01
 5.30304438E-01
 3.74071580E-01
 3.51409724E-01
 7.76953921E-01
 0.00000000E+00
 7.78567640E-01
 3.38658258E-01
 0.00000000E+00
 0.00000000E+00
 8.70565489E-01
 7.52384901E-01
 6.69883506E-01
 6.83911051E-01
 7.84970155E-01
 5.98950963E-01
 4.79564525E-01
 7.45436247E-01
 5.42166902E-01
 4.25470748E-01
 6.63021292E-01
 7.70090245E-01
 5.63639809E-01
 4.22484968E-01
 4.65691352E-01
 5.68153822E-01
 1.72883328E-01
 1.49485612E-01
 3.19670857E-01
 7.13992550E-01
 7.52405013E-01
 5.36928656E-01
 3.85097638E-01
 3.59628103E-01
 7.40017747E-01
 0.00000000E+00
 6.46730558E-01
 0.00000000E+00
 8.88568172E-01
 7.84339403E-01
 7.12450258E-01
 8.12542419E-01
 6.36705819E-01
 7.57867390E-01
 8.04051157E-01
 6.07506968E-01
 4.27582759E-01
 5.56217075E-01
 7.79526770E-01
 8.99983924E-01
 7.97169934E-01
 7.12687204E-01
 8.14081948E-01
 4.80764017E-01
 9.99277157E-01
 8.03774580E-01
 3.75611259E-01
 0.00000000E+00
 0.00000000E+00
 8.16980182E-01
 0.00000000E+00
 9.52536835E-01
 9.07872717E-01
 8.73379584E-01
 8.65418446E-01
 8.57100880E-01
 8.64662849E-01
 8.89212156E-01
 9.15540460E-01
 8.37482776E-01
 7.79661956E-01
 7.73534471E-01
 7.67032739E-01
 7.81813792E-01
 8.92495474E-01
 7.95375548E-01
 7.27547756E-01
 7.33224858E-01
 7.39350301E-01
 7.61039914E-01
 8.92719834E-01
 7.97499830E-01
 7.34781433E-01
 7.54073562E-01
 8.96030558E-01
 8.07378154E-01
 7.57007681E-01
 8.86621563E-01
 7.88732289E-01
 7.35602713E-01
 8.31537691E-01
 8.85556859E-01
 7.80321835E-01
 7.02477550E-01
 6.93460831E-01
 6.83889726E-01
 7.03630156E-01
 7.55441214E-01
 8.05403595E-01
 6.32675670E-01
 5.13550638E-01
 5.22952345E-01
 5.32991864E-01
 5.71248281E-01
 7.64199666E-01
 5.64751315E-01
 4.41364135E-01
 4.92156264E-01
 5.48581920E-01
 7.63153748E-01
 5.65514152E-01
 4.44883718E-01
 5.02183728E-01
 7.67801714E-01
 5.79130773E-01
 4.65308424E-01
 7.11346566E-01
 4.08098789E-01
 8.46653641E-01
 8.48178220E-01
 7.13956374E-01
 6.22779000E-01
 6.34779494E-01
 6.47617533E-01
 6.78884007E-01
 7.60430767E-01
 5.64997466E-01
 4.53202467E-01
 5.23863041E-01
 6.02661528E-01
 7.38804654E-01
 5.56539752E-01
 4.95045538E-01
 6.67513355E-01
 7.35792898E-01
 5.56608253E-01
 4.87445393E-01
 7.36497333E-01
 5.44744350E-01
 1.34505700E+00
 8.37808402E-01
 6.91459774E-01
 5.91075175E-01
 6.10907203E-01
 7.37576697E-01
 5.14739862E-01
 3.75898626E-01
 6.98899484E-01
 4.67328389E-01
 3.45945523E-01
 6.14623058E-01
 8.63715938E-01
 7.37017176E-01
 6.50925754E-01
 6.90721838E-01
 7.76799412E-01
 5.70216680E-01
 4.05378506E-01
 7.22958620E-01
 3.68091704E-01
 8.81887193E-01
 7.60663602E-01
 6.63833927E-01
 7.89231909E-01
 4.30896753E-01
 0.00000000E+00
 7.87920260E-01
 8.94446575E-01
 7.96959837E-01
 7.24426364E-01
 7.15446338E-01
 7.05903119E-01
 7.23679872E-01
 8.18507679E-01
 6.56735698E-01
 5.44664503E-01
 5.53219841E-01
 5.62459101E-01
 5.97860735E-01
 7.77804517E-01
 5.89283053E-01
 4.72541131E-01
 5.21756160E-01
 7.74270859E-01
 5.85729676E-01
 4.70770813E-01
 7.76627504E-01
 5.96013143E-01
 7.20328403E-01
 7.82726246E-01
 5.88468404E-01
 4.52727870E-01
 4.59482367E-01
 4.66617839E-01
 6.28323136E-01
 3.12427069E-01
 1.09116111E-01
 1.60786849E-01
 5.44797152E-01
 1.82363062E-01
 2.27015052E-02
 5.14624539E-01
 1.04859534E-01
 4.52812998E-01
 7.39917293E-01
 5.21004787E-01
 3.88278307E-01
 4.54163815E-01
 5.58328458E-01
 2.17874308E-01
 3.87489124E-02
 4.58453377E-01
 8.67599771E-02
 6.84990222E-02
 3.31881854E-01
 7.24320010E-01
 4.80946544E-01
 3.19340066E-01
 4.94177360E-01
 4.71476200E-02
 2.32707440E-01
 7.68926911E-01
 5.40905975E-01
 3.41280771E-01
 4.92757986E-01
 7.79541963E-01
 8.56542813E-01
 7.28681600E-01
 6.40649303E-01
 6.49807246E-01
 6.59677173E-01
 6.88346724E-01
 7.70399215E-01
 5.81224533E-01
 4.71247610E-01
 5.37271482E-01
 6.11303495E-01
 7.46266642E-01
 5.66946282E-01
 5.04615794E-01
 6.73523631E-01
 7.39880833E-01
 5.62044304E-01
 4.92843163E-01
 7.37428113E-01
 5.49837144E-01
 9.63366511E-01
 7.39223760E-01
 5.18258297E-01
 3.82280915E-01
 4.44067207E-01
 5.55609174E-01
 2.09912431E-01
 2.47400198E-02
 4.53444328E-01
 7.37611832E-02
 8.83514551E-02
 3.22551975E-01
 7.27051625E-01
 5.24278031E-01
 4.43855437E-01
 6.29336035E-01
 4.71738894E-01
 1.04163716E-01
 6.19287642E-02
 1.46086485E-01
 7.45940989E-01
 0.00000000E+00
 7.05172207E-01
 4.56664081E-01
 2.95618135E-01
 2.65956993E-01
 8.30239952E-01
 0.00000000E+00
 7.43450603E-01
 3.07005124E-01
 0.00000000E+00
 0.00000000E+00
 8.44663575E-01
 7.03893892E-01
 6.06561216E-01
 6.23936468E-01
 7.45551320E-01
 5.28617389E-01
 3.92667039E-01
 7.04905717E-01
 4.77683611E-01
 3.59952427E-01
 6.19419869E-01
 7.25219196E-01
 4.81925573E-01
 3.19136542E-01
 3.73429627E-01
 4.94175461E-01
 4.58902481E-02
 2.95885396E-01
 2.32521033E-01
 7.84294196E-01
 7.08878505E-01
 4.64986579E-01
 3.08803552E-01
 2.76086638E-01
 7.91906541E-01
 0.00000000E+00
 5.92061438E-01
 0.00000000E+00
 8.66098608E-01
 7.42238108E-01
 6.58565954E-01
 7.78295433E-01
 5.75663696E-01
 7.22933372E-01
 7.66190370E-01
 5.37515003E-01
 3.40380028E-01
 4.87107558E-01
 7.44925674E-01
 8.79913519E-01
 7.59161538E-01
 6.66071134E-01
 7.82427069E-01
 4.37578097E-01
 9.99036209E-01
 7.68523413E-01
 3.26371303E-01
 0.00000000E+00
 0.00000000E+00
 7.84366090E-01
 0.00000000E+00
 9.46036829E-01
 8.95427608E-01
 8.56485611E-01
 8.47601481E-01
 8.38350814E-01
 8.47131834E-01
 8.75098023E-01
 9.04984792E-01
 8.17574575E-01
 7.53166526E-01
 7.46622423E-01
 7.39710146E-01
 7.56719565E-01
 8.80567279E-01
 7.73367169E-01
 6.99120927E-01
 7.05997943E-01
 7.13372670E-01
 7.38027910E-01
 8.82510900E-01
 7.79187318E-01
 7.12092675E-01
 7.34142809E-01
 8.88201188E-01
 7.94247406E-01
 7.42418556E-01
 8.81216954E-01
 7.81389080E-01
 7.30930494E-01
 8.31110932E-01
 8.69093526E-01
 7.49167219E-01
 6.60794732E-01
 6.50716052E-01
 6.40062358E-01
 6.63022910E-01
 7.22538693E-01
 7.79720996E-01
 5.85288761E-01
 4.52058030E-01
 4.63159204E-01
 4.74979666E-01
 5.19016752E-01
 7.36433666E-01
 5.15470654E-01
 3.80504411E-01
 4.38084015E-01
 5.01573677E-01
 7.38821808E-01
 5.23824923E-01
 3.95744528E-01
 4.61675556E-01
 7.48538251E-01
 5.49396312E-01
 4.36728115E-01
 6.97358825E-01
 4.04947576E-01
 3.76579743E-01
 8.26321812E-01
 6.73555842E-01
 5.70369621E-01
 5.84267425E-01
 5.99094254E-01
 6.35300506E-01
 7.29172611E-01
 5.10225582E-01
 3.86627780E-01
 4.66632155E-01
 5.55239218E-01
 7.09299316E-01
 5.10311973E-01
 4.47254621E-01
 6.38843558E-01
 7.10310041E-01
 5.20420643E-01
 4.56264646E-01
 7.18385958E-01
 5.36785956E-01
 3.42484763E-01
 8.14393145E-01
 6.48006444E-01
 5.34909026E-01
 5.58416319E-01
 7.03388807E-01
 4.54599035E-01
 3.02874973E-01
 6.65723509E-01
 4.16235699E-01
 2.96862859E-01
 5.82698717E-01
 8.44091605E-01
 7.00545231E-01
 6.04786850E-01
 6.52321540E-01
 7.48260938E-01
 5.20339123E-01
 3.47887030E-01
 6.96335629E-01
 3.47072134E-01
 8.65194353E-01
 7.29461363E-01
 6.26794499E-01
 7.64935412E-01
 4.03705858E-01
 0.00000000E+00
 7.61977693E-01
 8.80342153E-01
 7.70227484E-01
 6.88599333E-01
 6.78627285E-01
 6.68069298E-01
 6.88561976E-01
 7.96341602E-01
 6.15798510E-01
 4.91502155E-01
 5.01513101E-01
 5.12285269E-01
 5.52670680E-01
 7.53718207E-01
 5.46569601E-01
 4.19885077E-01
 4.75165598E-01
 7.53064617E-01
 5.49562049E-01
 4.28421455E-01
 7.59905777E-01
 5.70674394E-01
 7.08784630E-01
 7.52543244E-01
 5.32406738E-01
 3.79386269E-01
 3.87272995E-01
 3.95608514E-01
 5.81491073E-01
 2.28771122E-01
 4.11943025E-03
 6.28510373E-02
 4.94712901E-01
 9.85453069E-02
 1.19727820E-01
 4.69011749E-01
 3.24271723E-02
 4.16423185E-01
 7.04302253E-01
 4.57485907E-01
 3.09489800E-01
 3.84369275E-01
 5.05061419E-01
 1.29956083E-01
 6.14039289E-02
 4.05440942E-01
 1.40989660E-02
 1.26660584E-01
 2.84226516E-01
 6.86643843E-01
 4.13209686E-01
 2.35106668E-01
 4.34596127E-01
 5.20483199E-02
 1.68709752E-01
 7.37895319E-01
 4.84692382E-01
 2.74063624E-01
 4.39969747E-01
 7.52762297E-01
 8.37454781E-01
 6.93276618E-01
 5.94537342E-01
 6.05083481E-01
 6.16420486E-01
 6.49326024E-01
 7.42782975E-01
 5.32668497E-01
 4.12033230E-01
 4.86166699E-01
 5.68734277E-01
 7.19970298E-01
 5.25666094E-01
 4.61935734E-01
 6.48064681E-01
 7.17056596E-01
 5.29907478E-01
 4.65816143E-01
 7.21495809E-01
 5.44911065E-01
 2.14641733E-01
 7.04294356E-01
 4.55761095E-01
 3.04437069E-01
 3.74540785E-01
 5.03189404E-01
 1.23008087E-01
 7.47252213E-02
 4.01144588E-01
 1.64551522E-03
 1.46475455E-01
 2.75590150E-01
 6.92746823E-01
 4.68779536E-01
 3.84451834E-01
 5.92899025E-01
 4.17377759E-01
 2.98576179E-02
 1.20585253E-01
 9.12959790E-02
 7.24003855E-01
 0.00000000E+00
 6.69220533E-01
 3.98599390E-01
 2.36793003E-01
 2.01935805E-01
 8.55404634E-01
 0.00000000E+00
 7.16189986E-01
 2.88268486E-01
 0.00000000E+00
 0.00000000E+00
 8.23790225E-01
 6.65101454E-01
 5.56327335E-01
 5.76811637E-01
 7.14761191E-01
 4.74452568E-01
 3.26942505E-01
 6.74863678E-01
 4.31721384E-01
 3.16501833E-01
 5.90831639E-01
 6.88787910E-01
 4.16360565E-01
 2.37469127E-01
 3.01985918E-01
 4.36435207E-01
 5.02305156E-02
 4.00692711E-01
 1.70844222E-01
 8.14670225E-01
 6.73805013E-01
 4.08579846E-01
 2.51979679E-01
 2.13921793E-01
 8.15549251E-01
 0.00000000E+00
 5.49813066E-01
 0.00000000E+00
 8.48005142E-01
 7.08732691E-01
 6.16334260E-01
 7.51760092E-01
 5.29758984E-01
 6.98278302E-01
 7.35805292E-01
 4.82799469E-01
 2.75443964E-01
 4.35641537E-01
 7.18295187E-01
 8.63898283E-01
 7.29616624E-01
 6.31549884E-01
 7.58940941E-01
 4.12509546E-01
 9.98795262E-01
 7.41432394E-01
 2.96376900E-01
 0.00000000E+00
 0.00000000E+00
 7.59440243E-01
 0.00000000E+00
 9.50430396E-01
 9.04067715E-01
 8.68569056E-01
 8.60810625E-01
 8.52757962E-01
 8.61062096E-01
 8.86681130E-01
 9.13434394E-01
 8.34071492E-01
 7.75981991E-01
 7.70870565E-01
 7.65494361E-01
 7.81496389E-01
 8.92299501E-01
 7.96075495E-01
 7.30048665E-01
 7.37455626E-01
 7.45356386E-01
 7.68311219E-01
 8.95616434E-01
 8.04470628E-01
 7.46092555E-01
 7.66882831E-01
 9.02650617E-01
 8.21846898E-01
 7.78450154E-01
 8.99396644E-01
 8.16898752E-01
 7.77871085E-01
 8.63108081E-01
 8.78703962E-01
 7.67844781E-01
 6.86608007E-01
 6.78400837E-01
 6.69757540E-01
 6.91668021E-01
 7.46623233E-01
 7.97219325E-01
 6.18765499E-01
 4.97459857E-01
 5.10032107E-01
 5.23398444E-01
 5.65279386E-01
 7.59441996E-01
 5.58584385E-01
 4.37374262E-01
 4.93087105E-01
 5.54117870E-01
 7.65274582E-01
 5.73656678E-01
 4.61873137E-01
 5.25050361E-01
 7.79117783E-01
 6.07707167E-01
 5.15977394E-01
 7.43844068E-01
 5.13626356E-01
 8.03938947E-02
 8.38401208E-01
 6.96578226E-01
 6.01473611E-01
 6.16186666E-01
 6.31856911E-01
 6.66533164E-01
 7.49096434E-01
 5.46648399E-01
 4.33562442E-01
 5.10891111E-01
 5.96029763E-01
 7.32044285E-01
 5.48518152E-01
 4.90958147E-01
 6.69615590E-01
 7.37651390E-01
 5.67255123E-01
 5.13223404E-01
 7.53374844E-01
 6.06577962E-01
 1.76641573E-01
 8.27457521E-01
 6.73350362E-01
 5.69586366E-01
 5.93546195E-01
 7.25682303E-01
 4.96758142E-01
 3.59529953E-01
 6.92944105E-01
 4.65731691E-01
 3.62243374E-01
 6.26600477E-01
 8.55618355E-01
 7.23615845E-01
 6.36972720E-01
 6.83101570E-01
 7.68762625E-01
 5.62444966E-01
 4.12989622E-01
 7.25380088E-01
 4.31629539E-01
 8.76167047E-01
 7.53544646E-01
 6.65044480E-01
 7.88486642E-01
 4.89119402E-01
 0.00000000E+00
 7.84469393E-01
 8.90153545E-01
 7.89301100E-01
 7.14942054E-01
 7.06796258E-01
 6.98202170E-01
 7.17585876E-01
 8.14227810E-01
 6.50018439E-01
 5.37843621E-01
 5.49092414E-01
 5.61158925E-01
 5.99214538E-01
 7.77210159E-01
 5.90561464E-01
 4.77753137E-01
 5.30618264E-01
 7.79958535E-01
 6.00104336E-01
 4.95233807E-01
 7.90793135E-01
 6.29208474E-01
 7.55361288E-01
 7.70613784E-01
 5.66995890E-01
 4.26478239E-01
 4.36556089E-01
 4.47253369E-01
 6.13938703E-01
 2.89341549E-01
 8.48097713E-02
 1.45187090E-01
 5.37064491E-01
 1.75185820E-01
 2.07313404E-02
 5.22168415E-01
 1.34485633E-01
 4.92096433E-01
 7.24069567E-01
 4.94061811E-01
 3.57485639E-01
 4.31350457E-01
 5.39048536E-01
 1.89461359E-01
 1.35549229E-02
 4.47877992E-01
 8.24385945E-02
 4.61213455E-02
 3.52847203E-01
 7.08128045E-01
 4.54610165E-01
 2.92145835E-01
 4.75606727E-01
 2.83191267E-02
 2.37823921E-01
 7.57629274E-01
 5.26804852E-01
 3.42741889E-01
 4.89685616E-01
 7.76299171E-01
 8.50327025E-01
 7.17855246E-01
 6.27752405E-01
 6.39066979E-01
 6.51207555E-01
 6.82416982E-01
 7.64150448E-01
 5.71878873E-01
 4.62605586E-01
 5.33516464E-01
 6.12032317E-01
 7.44513877E-01
 5.67239460E-01
 5.09758577E-01
 6.81439447E-01
 7.46247516E-01
 5.80046251E-01
 5.26636012E-01
 7.58294739E-01
 6.16863512E-01
 2.39119138E-01
 7.25010906E-01
 4.94235226E-01
 3.55081095E-01
 4.24246721E-01
 5.38968467E-01
 1.86097771E-01
 5.14425570E-03
 4.46022971E-01
 7.49213807E-02
 5.92002194E-02
 3.47468493E-01
 7.10916393E-01
 4.99286739E-01
 4.19776142E-01
 6.18767981E-01
 4.51085857E-01
 8.16318480E-02
 6.05189407E-02
 1.47860383E-01
 5.96896347E-01
 1.44796316E+01
 6.89988623E-01
 4.37694026E-01
 2.93061129E-01
 2.57974834E-01
 6.66072186E-01
 0.00000000E+00
 7.38416491E-01
 3.74256587E-01
 0.00000000E+00
 0.00000000E+00
 8.37757489E-01
 6.92168332E-01
 5.93271619E-01
 6.14052065E-01
 7.38691845E-01
 5.19667208E-01
 3.87456097E-01
 7.04162280E-01
 4.84924563E-01
 3.86038361E-01
 6.37170895E-01
 7.11422646E-01
 4.59989847E-01
 2.97513216E-01
 3.63374246E-01
 4.79725875E-01
 3.46264259E-02
 2.72957036E-01
 2.43464525E-01
 6.03286401E-01
 6.94745796E-01
 4.47821137E-01
 3.08007844E-01
 2.70174381E-01
 6.28814452E-01
 0.00000000E+00
 5.84529433E-01
 0.00000000E+00
 8.60429822E-01
 7.33421721E-01
 6.50482440E-01
 7.73885970E-01
 5.74606137E-01
 7.29470580E-01
 7.56849718E-01
 5.27293647E-01
 3.46866530E-01
 4.88251219E-01
 7.40998988E-01
 8.75874623E-01
 7.55419126E-01
 6.71457257E-01
 7.84582509E-01
 4.98825623E-01
 9.98795262E-01
 7.67007890E-01
 3.98314354E-01
 0.00000000E+00
 0.00000000E+00
 7.83528282E-01
 0.00000000E+00
 9.63159884E-01
 9.28767625E-01
 9.02616891E-01
 8.97418455E-01
 8.92039540E-01
 8.98465201E-01
 9.17326615E-01
 9.36002749E-01
 8.77446349E-01
 8.34967372E-01
 8.32386612E-01
 8.29682713E-01
 8.42058954E-01
 9.20976932E-01
 8.50533936E-01
 8.02730871E-01
 8.09785131E-01
 8.17272653E-01
 8.34881070E-01
 9.24643619E-01
 8.59142163E-01
 8.17761396E-01
 8.34065484E-01
 9.31336402E-01
 8.74906469E-01
 8.45316557E-01
 9.31153586E-01
 8.75941120E-01
 8.51380418E-01
 9.10228981E-01
 9.08721615E-01
 8.25348344E-01
 7.64758048E-01
 7.60418729E-01
 7.55863594E-01
 7.73139692E-01
 8.13908093E-01
 8.47613189E-01
 7.13448367E-01
 6.23207799E-01
 6.36471290E-01
 6.50550174E-01
 6.83739881E-01
 8.19818254E-01
 6.69033179E-01
 5.79105288E-01
 6.25739352E-01
 6.76526407E-01
 8.27396007E-01
 6.86703621E-01
 6.06041600E-01
 6.57043214E-01
 8.42345659E-01
 7.21677454E-01
 6.60002212E-01
 8.25065269E-01
 6.77516286E-01
 4.76922899E-01
 8.77187152E-01
 7.69243003E-01
 6.97559565E-01
 7.11829670E-01
 7.27007489E-01
 7.54730577E-01
 8.08223705E-01
 6.52348531E-01
 5.65922293E-01
 6.30708553E-01
 7.01669655E-01
 7.93401003E-01
 6.48247996E-01
 6.00189401E-01
 7.42031089E-01
 8.02026986E-01
 6.70553746E-01
 6.27407763E-01
 8.22069032E-01
 7.19219361E-01
 5.45397119E-01
 8.69224182E-01
 7.52424243E-01
 6.74610116E-01
 6.95855093E-01
 7.91138573E-01
 6.16110231E-01
 5.12492743E-01
 7.64403891E-01
 5.86894380E-01
 5.05614578E-01
 7.21655280E-01
 8.91536485E-01
 7.92755846E-01
 7.28840647E-01
 7.65515950E-01
 8.26305342E-01
 6.72213237E-01
 5.64311246E-01
 7.93541794E-01
 5.80157897E-01
 9.08518697E-01
 8.19252446E-01
 7.57408080E-01
 8.46643383E-01
 6.43962541E-01
 3.58579438E+02
 8.42744719E-01
 9.18133676E-01
 8.43017178E-01
 7.88079644E-01
 7.83634017E-01
 7.78960022E-01
 7.94112532E-01
 8.61733490E-01
 7.39463970E-01
 6.56793825E-01
 6.68572990E-01
 6.81167842E-01
 7.11043602E-01
 8.34700666E-01
 6.95905964E-01
 6.12970589E-01
 6.56594711E-01
 8.39657636E-01
 7.08793153E-01
 6.33777369E-01
 8.51953599E-01
 7.39169579E-01
 8.34279160E-01
 8.26153636E-01
 6.71596299E-01
 5.66037514E-01
 5.78515457E-01
 5.91792232E-01
 7.06299007E-01
 4.58009630E-01
 3.03374527E-01
 3.59934850E-01
 6.46801059E-01
 3.67158805E-01
 2.16733994E-01
 6.43618137E-01
 3.53549431E-01
 6.37863086E-01
 7.87078256E-01
 6.08215140E-01
 5.02914009E-01
 5.67183710E-01
 6.39205051E-01
 3.59362910E-01
 2.17577818E-01
 5.59695703E-01
 2.50473649E-01
 1.28186052E-01
 4.99270060E-01
 7.75704912E-01
 5.80034156E-01
 4.56302782E-01
 5.92220048E-01
 2.40117542E-01
 4.00002706E-01
 8.16456811E-01
 6.42692598E-01
 5.08773587E-01
 6.13277645E-01
 8.36913672E-01
 8.87550006E-01
 7.87895480E-01
 7.20744089E-01
 7.31983386E-01
 7.44020822E-01
 7.68706741E-01
 8.21863178E-01
 6.75683005E-01
 5.93233195E-01
 6.51890428E-01
 7.16499722E-01
 8.05470090E-01
 6.67326121E-01
 6.20399440E-01
 7.54754285E-01
 8.10786581E-01
 6.84394298E-01
 6.42668377E-01
 8.27494927E-01
 7.29690726E-01
 5.77499406E-01
 7.88758713E-01
 6.10220412E-01
 5.03530510E-01
 5.63817265E-01
 6.41003310E-01
 3.60450536E-01
 2.15948930E-01
 5.60878604E-01
 2.50029013E-01
 1.25442187E-01
 4.98097779E-01
 7.69736461E-01
 5.95638003E-01
 5.26533218E-01
 6.90664831E-01
 5.50623991E-01
 2.25210218E-01
 8.22219142E-02
 2.81870709E-01
 4.07346594E-01
 4.88523857E+00
 7.54269355E-01
 5.49416923E-01
 4.31488457E-01
 4.00223136E-01
 3.45540494E-01
 5.16425946E+01
 7.97010376E-01
 5.24883570E-01
 0.00000000E+00
 0.00000000E+00
 8.78334213E-01
 7.69171575E-01
 6.95767603E-01
 7.14111968E-01
 8.03239541E-01
 6.37721882E-01
 5.39042217E-01
 7.75694597E-01
 6.06760772E-01
 5.30347830E-01
 7.32588630E-01
 7.79486621E-01
 5.86613324E-01
 4.63644606E-01
 5.22182773E-01
 5.97988148E-01
 2.50268989E-01
 1.54922621E-02
 4.08773989E-01
 2.48066057E-01
 7.58463676E-01
 5.58239663E-01
 4.44248675E-01
 4.11072025E-01
 3.13874325E-01
 3.24779918E+01
 6.75626706E-01
 0.00000000E+00
 8.96127130E-01
 8.01967630E-01
 7.41328933E-01
 8.31822996E-01
 6.84491358E-01
 7.98889351E-01
 8.16955661E-01
 6.45208638E-01
 5.14693570E-01
 6.14837956E-01
 7.99712376E-01
 9.08980192E-01
 8.21929792E-01
 7.63673080E-01
 8.44930340E-01
 6.52548374E-01
 1.20519102E+00
 8.30860961E-01
 5.81185133E-01
 0.00000000E+00
 0.00000000E+00
 8.43076892E-01
 0.00000000E+00
 9.74067901E-01
 9.49886383E-01
 9.31660643E-01
 9.28567545E-01
 9.25376769E-01
 9.30124541E-01
 9.43196495E-01
 9.55073135E-01
 9.13995190E-01
 8.84520672E-01
 8.83893354E-01
 8.83238126E-01
 8.92407899E-01
 9.44812645E-01
 8.95629837E-01
 8.62674670E-01
 8.69163071E-01
 8.76017230E-01
 8.88976673E-01
 9.48279538E-01
 9.03425868E-01
 8.75476564E-01
 8.87807582E-01
 9.54079828E-01
 9.16631489E-01
 8.97408666E-01
 9.55417783E-01
 9.20377517E-01
 9.05656090E-01
 9.44163758E-01
 9.34727421E-01
 8.75055010E-01
 8.32149618E-01
 8.30957932E-01
 8.29710300E-01
 8.42807680E-01
 8.71269591E-01
 8.90705497E-01
 7.94167032E-01
 7.30052551E-01
 7.43489014E-01
 7.57717321E-01
 7.83137647E-01
 8.70635944E-01
 7.61596222E-01
 6.97303828E-01
 7.35703488E-01
 7.77294645E-01
 8.78613258E-01
 7.79265747E-01
 7.23113747E-01
 7.63096825E-01
 8.92992434E-01
 8.11743537E-01
 7.71719345E-01
 8.87084384E-01
 7.97049442E-01
 7.09515757E-01
 9.10883093E-01
 8.32201443E-01
 7.80563306E-01
 7.94167956E-01
 8.08611941E-01
 8.30062980E-01
 8.58935058E-01
 7.42658288E-01
 6.78512242E-01
 7.32067321E-01
 7.90448305E-01
 8.45206469E-01
 7.31984424E-01
 6.91281765E-01
 8.01845610E-01
 8.55163743E-01
 7.54854736E-01
 7.19030182E-01
 8.76544355E-01
 8.04461792E-01
 7.49014287E-01
 9.05501531E-01
 8.20849781E-01
 7.65101206E-01
 7.83555737E-01
 8.47209752E-01
 7.17739643E-01
 6.41762880E-01
 8.24497518E-01
 6.87611931E-01
 6.22608534E-01
 7.98864128E-01
 9.22651892E-01
 8.52290621E-01
 8.07340893E-01
 8.35212744E-01
 8.75302963E-01
 7.64511881E-01
 6.88910521E-01
 8.49775606E-01
 6.95548769E-01
 9.36350641E-01
 8.75047983E-01
 8.34081346E-01
 8.95111835E-01
 7.64314048E-01
 5.46118174E-02
 8.91771404E-01
 9.42040742E-01
 8.88816830E-01
 8.50295219E-01
 8.48824916E-01
 8.47286046E-01
 8.58675885E-01
 9.01825234E-01
 8.14734609E-01
 7.56573833E-01
 7.68411449E-01
 7.81024973E-01
 8.03689346E-01
 8.82497886E-01
 7.83133821E-01
 7.24409006E-01
 7.59795459E-01
 8.88312219E-01
 7.96788797E-01
 7.45048983E-01
 9.00418856E-01
 8.25161218E-01
 8.93949900E-01
 8.74104189E-01
 7.61667919E-01
 6.85861618E-01
 6.99979850E-01
 7.14993883E-01
 7.85041581E-01
 6.01274947E-01
 4.88212776E-01
 5.40527001E-01
 7.38914603E-01
 5.27384432E-01
 4.13495525E-01
 7.43282734E-01
 5.31197655E-01
 7.52784847E-01
 8.41632414E-01
 7.06702169E-01
 6.27863047E-01
 6.83273711E-01
 7.24805391E-01
 5.03797335E-01
 3.89816227E-01
 6.53704971E-01
 3.90506757E-01
 2.71403728E-01
 6.18352943E-01
 8.34136159E-01
 6.87852696E-01
 5.96360081E-01
 6.91427334E-01
 4.18178020E-01
 5.34019377E-01
 8.67007114E-01
 7.41007388E-01
 6.46516385E-01
 7.16295856E-01
 8.87849641E-01
 9.19408603E-01
 8.47694044E-01
 7.99916782E-01
 8.10823886E-01
 8.22479035E-01
 8.41363965E-01
 8.70680253E-01
 7.63181582E-01
 7.02886798E-01
 7.50709333E-01
 8.03130321E-01
 8.56295845E-01
 7.50361772E-01
 7.11621841E-01
 8.14646823E-01
 8.63435891E-01
 7.68610603E-01
 7.34825500E-01
 8.81770871E-01
 8.14282901E-01
 7.66998972E-01
 8.43712038E-01
 7.09861089E-01
 6.30541116E-01
 6.82601667E-01
 7.27860736E-01
 5.08099734E-01
 3.93251708E-01
 6.57097650E-01
 3.95466908E-01
 2.76671557E-01
 6.20184355E-01
 8.20523241E-01
 6.78407976E-01
 6.17639415E-01
 7.51418588E-01
 6.35381591E-01
 3.46460668E-01
 2.01077742E-01
 3.93477282E-01
 2.54774279E-01
 2.34685420E+00
 8.09482257E-01
 6.44241835E-01
 5.46509238E-01
 5.19088649E-01
 9.42380987E-02
 8.73441440E+00
 8.46274442E-01
 6.42223753E-01
 0.00000000E+00
 0.00000000E+00
 9.13096271E-01
 8.34911289E-01
 7.82916811E-01
 7.98766473E-01
 8.57833926E-01
 7.37012898E-01
 6.65622940E-01
 8.35165105E-01
 7.06954684E-01
 6.46972075E-01
 8.09279604E-01
 8.37996631E-01
 6.94847580E-01
 6.04610224E-01
 6.55550595E-01
 6.98067408E-01
 4.30660812E-01
 2.52088835E-01
 5.44758247E-01
 2.85974578E-02
 8.13090970E-01
 6.51800362E-01
 5.57302223E-01
 5.28637294E-01
 6.70220101E-02
 7.54576780E+00
 7.52145050E-01
 0.00000000E+00
 9.26673829E-01
 8.60286739E-01
 8.18057309E-01
 8.80599809E-01
 7.75890077E-01
 8.55588738E-01
 8.68283328E-01
 7.44650982E-01
 6.53200611E-01
 7.19770057E-01
 8.48944750E-01
 9.37152678E-01
 8.77820526E-01
 8.39516005E-01
 8.94729066E-01
 7.71364169E-01
 3.52437985E-01
 8.84197080E-01
 7.22979041E-01
 6.41956632E+01
 0.00000000E+00
 8.92720164E-01
 0.00000000E+00
 9.83873186E-01
 9.68866468E-01
 9.57617266E-01
 9.55859995E-01
 9.54052851E-01
 9.57084541E-01
 9.65167333E-01
 9.72216771E-01
 9.46875062E-01
 9.28818798E-01
 9.28768897E-01
 9.28717464E-01
 9.34547248E-01
 9.66122428E-01
 9.36020162E-01
 9.16030086E-01
 9.20456284E-01
 9.25111168E-01
 9.33273080E-01
 9.68660176E-01
 9.41611623E-01
 9.24954031E-01
 9.32784271E-01
 9.72677017E-01
 9.50592675E-01
 9.39491906E-01
 9.74117045E-01
 9.54141184E-01
 9.46182970E-01
 9.68771053E-01
 9.59014357E-01
 9.21590803E-01
 8.94843340E-01
 8.94600709E-01
 8.94348282E-01
 9.02794846E-01
 9.20517970E-01
 9.31595792E-01
 8.71237817E-01
 8.31465007E-01
 8.40885625E-01
 8.50831139E-01
 8.67189316E-01
 9.19445667E-01
 8.51601553E-01
 8.11991148E-01
 8.37155494E-01
 8.64266325E-01
 9.25492310E-01
 8.64745370E-01
 8.30939215E-01
 8.56665217E-01
 9.35811129E-01
 8.87706296E-01
 8.64944940E-01
 9.34707360E-01
 8.85182732E-01
 8.52254039E-01
 9.43697045E-01
 8.93999648E-01
 8.61611329E-01
 8.71022587E-01
 8.80989569E-01
 8.94896932E-01
 9.10862603E-01
 8.37253424E-01
 7.96940024E-01
 8.32195698E-01
 8.70448371E-01
 9.02184025E-01
 8.30090925E-01
 8.03975074E-01
 8.74769425E-01
 9.09985868E-01
 8.47454821E-01
 8.25452194E-01
 9.25798828E-01
 8.83960450E-01
 8.71660236E-01
 9.40379880E-01
 8.87042691E-01
 8.52198949E-01
 8.64679781E-01
 9.03667684E-01
 8.22068410E-01
 7.74728859E-01
 8.89481185E-01
 8.03108017E-01
 7.62799502E-01
 8.76245899E-01
 9.51456921E-01
 9.07474101E-01
 8.79701664E-01
 8.97773782E-01
 9.22019567E-01
 8.53227747E-01
 8.07566539E-01
 9.06680961E-01
 8.14007957E-01
 9.60475666E-01
 9.22851460E-01
 8.98503016E-01
 9.35888256E-01
 8.59841001E-01
 6.56797159E-01
 9.33436039E-01
 9.63961600E-01
 9.30909147E-01
 9.07127842E-01
 9.06655312E-01
 9.06163932E-01
 9.13443278E-01
 9.39155474E-01
 8.85238080E-01
 8.49507471E-01
 8.57733969E-01
 8.66469737E-01
 8.80916063E-01
 9.27540317E-01
 8.66316284E-01
 8.30480878E-01
 8.53410290E-01
 9.32094434E-01
 8.76662054E-01
 8.45803624E-01
 9.40814924E-01
 8.96669529E-01
 9.39230947E-01
 9.20739902E-01
 8.49970367E-01
 8.02603026E-01
 8.12753554E-01
 8.23523813E-01
 8.64789445E-01
 7.49087476E-01
 6.78541420E-01
 7.14095214E-01
 8.36224559E-01
 7.03179392E-01
 6.32267865E-01
 8.41738419E-01
 7.11563126E-01
 8.52685540E-01
 8.99263026E-01
 8.13246241E-01
 7.63348373E-01
 8.00396043E-01
 8.24395731E-01
 6.82451830E-01
 6.09604057E-01
 7.78582466E-01
 6.08072112E-01
 5.30725432E-01
 7.61617693E-01
 8.94708749E-01
 8.01857257E-01
 7.44431586E-01
 8.03835703E-01
 6.30135726E-01
 7.04847153E-01
 9.16284101E-01
 8.37522956E-01
 7.80027134E-01
 8.22460756E-01
 9.31081277E-01
 9.49659545E-01
 9.04878358E-01
 8.75244375E-01
 8.82769653E-01
 8.90789994E-01
 9.02903614E-01
 9.19218336E-01
 8.51962654E-01
 8.14511381E-01
 8.45637706E-01
 8.79597841E-01
 9.10243542E-01
 8.43622506E-01
 8.19113237E-01
 8.84275118E-01
 9.16087370E-01
 8.57698135E-01
 8.37239992E-01
 9.29720262E-01
 8.91028587E-01
 8.81439404E-01
 9.00974088E-01
 8.16000240E-01
 7.66014385E-01
 8.00770876E-01
 8.27062288E-01
 6.86577419E-01
 6.13568865E-01
 7.81707656E-01
 6.13111619E-01
 5.36497658E-01
 7.63806343E-01
 8.84262711E-01
 7.91709522E-01
 7.51777466E-01
 8.39327706E-01
 7.63516535E-01
 5.73124671E-01
 4.76946338E-01
 6.07036461E-01
 1.89820231E-01
 6.76803714E-01
 8.77488340E-01
 7.70797827E-01
 7.08684635E-01
 6.90885999E-01
 3.06324945E-01
 2.76336632E+00
 9.02436499E-01
 7.77509304E-01
 6.20361222E+00
 0.00000000E+00
 9.45748933E-01
 8.97005171E-01
 8.64838919E-01
 8.75472127E-01
 9.11321773E-01
 8.36000661E-01
 7.91994955E-01
 8.97333316E-01
 8.17369605E-01
 7.80627721E-01
 8.83924932E-01
 8.97681144E-01
 8.07296385E-01
 7.50954458E-01
 7.85241545E-01
 8.09079158E-01
 6.40067551E-01
 5.29785112E-01
 7.13268173E-01
 3.96010817E-01
 8.80007109E-01
 7.76020124E-01
 7.16026894E-01
 6.97511481E-01
 3.24480566E-01
 2.44720852E+00
 8.42364693E-01
 0.00000000E+00
 9.54411032E-01
 9.13298223E-01
 8.87441188E-01
 9.26047584E-01
 8.61663247E-01
 9.11211447E-01
 9.17537071E-01
 8.40681257E-01
 7.85328096E-01
 8.25658252E-01
 9.04405382E-01
 9.61278168E-01
 9.25145082E-01
 9.02554219E-01
 9.36150946E-01
 8.64923985E-01
 7.38562763E-01
 9.29158139E-01
 8.35355439E-01
 8.99573399E-01
 0.00000000E+00
 9.34473731E-01
 0.00000000E+00
 9.92494344E-01
 9.85528147E-01
 9.80324734E-01
 9.79536564E-01
 9.78728590E-01
 9.80161081E-01
 9.83922060E-01
 9.87160143E-01
 9.75487338E-01
 9.67210073E-01
 9.67243807E-01
 9.67279675E-01
 9.70013123E-01
 9.84473993E-01
 9.70738337E-01
 9.61679163E-01
 9.63782931E-01
 9.65986300E-01
 9.69773237E-01
 9.85784376E-01
 9.73589555E-01
 9.66157744E-01
 9.69788439E-01
 9.87772783E-01
 9.77981930E-01
 9.73159949E-01
 9.88641441E-01
 9.80018883E-01
 9.76749751E-01
 9.86754668E-01
 9.80805891E-01
 9.63320476E-01
 9.50865142E-01
 9.50811889E-01
 9.50757630E-01
 9.54756243E-01
 9.63059022E-01
 9.68170980E-01
 9.40176511E-01
 9.21824287E-01
 9.26321815E-01
 9.31055826E-01
 9.38740187E-01
 9.62819195E-01
 9.31654841E-01
 9.13619743E-01
 9.25379274E-01
 9.37985278E-01
 9.65978381E-01
 9.38454610E-01
 9.23377463E-01
 9.35337458E-01
 9.71149855E-01
 9.49858239E-01
 9.40192729E-01
 9.71472326E-01
 9.50776566E-01
 9.42258725E-01
 9.73590573E-01
 9.50342076E-01
 9.35256766E-01
 9.39747766E-01
 9.44491978E-01
 9.51063417E-01
 9.58464965E-01
 9.24306552E-01
 9.05751276E-01
 9.22294250E-01
 9.40164214E-01
 9.54819156E-01
 9.21757481E-01
 9.10051830E-01
 9.42781285E-01
 9.58952642E-01
 9.30853114E-01
 9.21513921E-01
 9.66937697E-01
 9.49311983E-01
 9.49333056E-01
 9.72031581E-01
 9.47098018E-01
 9.30907448E-01
 9.36874452E-01
 9.55136688E-01
 9.17360756E-01
 8.95715840E-01
 9.49070194E-01
 9.09769074E-01
 8.92150420E-01
 9.44059022E-01
 9.77249805E-01
 9.56746738E-01
 9.43938286E-01
 9.52547866E-01
 9.63776494E-01
 9.32179407E-01
 9.11780240E-01
 9.57361929E-01
 9.16849257E-01
 9.81525908E-01
 9.64124842E-01
 9.53184006E-01
 9.70469859E-01
 9.36937387E-01
 8.88460244E-01
 9.69152445E-01
 9.83286383E-01
 9.67993621E-01
 9.57027506E-01
 9.56862111E-01
 9.56691235E-01
 9.60105525E-01
 9.71963496E-01
 9.47199552E-01
 9.30872754E-01
 9.34764923E-01
 9.38884786E-01
 9.45606393E-01
 9.66878215E-01
 9.39026615E-01
 9.22867842E-01
 9.33477424E-01
 9.69288875E-01
 9.44413404E-01
 9.30783027E-01
 9.73649464E-01
 9.54296686E-01
 9.73698659E-01
 9.62982874E-01
 9.30019297E-01
 9.08049300E-01
 9.12904522E-01
 9.18043668E-01
 9.37271218E-01
 8.83809889E-01
 8.51448797E-01
 8.68182603E-01
 9.24685834E-01
 8.63918548E-01
 8.32008240E-01
 9.28153831E-01
 8.69843550E-01
 9.34664799E-01
 9.52861715E-01
 9.12755461E-01
 8.89648800E-01
 9.07118432E-01
 9.18426856E-01
 8.52892348E-01
 8.19734748E-01
 8.98231255E-01
 8.20858817E-01
 7.87186567E-01
 8.92537556E-01
 9.50735331E-01
 9.07525671E-01
 8.81093447E-01
 9.09031027E-01
 8.29380123E-01
 8.65379657E-01
 9.60915569E-01
 9.24532516E-01
 8.98648159E-01
 9.18322388E-01
 9.68088170E-01
 9.76644227E-01
 9.55921636E-01
 9.42265316E-01
 9.45824501E-01
 9.49608177E-01
 9.55272445E-01
 9.62761989E-01
 9.31883718E-01
 9.14823876E-01
 9.29277181E-01
 9.44977109E-01
 9.58979300E-01
 9.28747534E-01
 9.17871071E-01
 9.47678795E-01
 9.62134327E-01
 9.36171286E-01
 9.27578761E-01
 9.69015022E-01
 9.52895598E-01
 9.53534556E-01
 9.53812752E-01
 9.14319846E-01
 8.91242873E-01
 9.07589205E-01
 9.19923996E-01
 8.55269503E-01
 8.22135846E-01
 8.99989631E-01
 8.23730494E-01
 7.90474821E-01
 8.93872396E-01
 9.45954634E-01
 9.02980794E-01
 8.84736734E-01
 9.25681470E-01
 8.90551407E-01
 8.03471134E-01
 7.61070326E-01
 8.21133096E-01
 6.39071865E-01
 3.67265349E-01
 9.42879294E-01
 8.93680804E-01
 8.65948527E-01
 8.57984551E-01
 6.88578700E-01
 2.66254043E-01
 9.54867648E-01
 8.99639499E-01
 2.92680886E-01
 0.00000000E+00
 9.74807747E-01
 9.52249248E-01
 9.37448216E-01
 9.42485797E-01
 9.59112022E-01
 9.24586149E-01
 9.04657969E-01
 9.53154255E-01
 9.17128667E-01
 9.01230469E-01
 9.48052567E-01
 9.52335958E-01
 9.10456414E-01
 8.84629838E-01
 9.00897429E-01
 9.11848874E-01
 8.34683774E-01
 7.85707142E-01
 8.69798680E-01
 7.31532434E-01
 9.44140443E-01
 8.96263081E-01
 8.69521598E-01
 8.61245404E-01
 6.97146953E-01
 1.78310748E-01
 9.27157362E-01
 0.00000000E+00
 9.78827204E-01
 9.59833132E-01
 9.48011896E-01
 9.65954137E-01
 9.36645418E-01
 9.59796442E-01
 9.61681514E-01
 9.26344386E-01
 9.01536571E-01
 9.20171824E-01
 9.55880231E-01
 9.82045986E-01
 9.65467729E-01
 9.55397901E-01
 9.70826028E-01
 9.39654576E-01
 9.08087523E-01
 9.67350208E-01
 9.25956581E-01
 5.25014572E-01
 7.13942092E-01
 9.69848863E-01
 1.89919794E+00
