 9.18191211E-01
 8.82632289E-01
 8.80497467E-01
 8.97897340E-01
 9.12251507E-01
 9.28476401E-01
 9.43826766E-01
 8.93084291E-01
 8.51064519E-01
 8.52249979E-01
 8.77265029E-01
 9.01675298E-01
 9.25907851E-01
 8.95188911E-01
 8.59924035E-01
 8.70885565E-01
 8.98840063E-01
 9.24396655E-01
 9.51483432E-01
 9.12066399E-01
 8.85912131E-01
 8.97722840E-01
 9.14358445E-01
 9.23626677E-01
 8.98898660E-01
 9.30898219E-01
 9.29544816E-01
 9.27219271E-01
 9.47579193E-01
 9.49520203E-01
 8.82949197E-01
 8.36401230E-01
 8.39262482E-01
 8.65383735E-01
 8.98762992E-01
 9.20315368E-01
 9.37366955E-01
 8.43660465E-01
 7.88609904E-01
 8.02329174E-01
 8.44142200E-01
 8.84196912E-01
 9.25161968E-01
 8.50612751E-01
 8.06888102E-01
 8.30966475E-01
 8.72996015E-01
 9.35549392E-01
 8.75728882E-01
 8.45419398E-01
 8.64357768E-01
 9.23577585E-01
 8.94055088E-01
 8.94232104E-01
 9.25590375E-01
 9.19328053E-01
 9.12197203E-01
 9.19240820E-01
 8.80912069E-01
 8.42134707E-01
 8.56169897E-01
 8.86696294E-01
 9.25438287E-01
 9.46084886E-01
 8.46267658E-01
 8.03458370E-01
 8.31694406E-01
 8.78128161E-01
 9.21598397E-01
 8.61073054E-01
 8.32523605E-01
 8.69524179E-01
 9.30990158E-01
 8.90800610E-01
 8.77574444E-01
 9.31581954E-01
 9.16584040E-01
 9.32113285E-01
 9.29339977E-01
 8.96500768E-01
 8.68383007E-01
 8.87609542E-01
 9.15902707E-01
 8.70873061E-01
 8.45379283E-01
 8.79887558E-01
 8.90012687E-01
 8.80040494E-01
 9.29570381E-01
 9.18365396E-01
 9.11814274E-01
 8.94380839E-01
 9.18870432E-01
 9.44730980E-01
 8.96038515E-01
 8.88272732E-01
 9.28297819E-01
 9.20400234E-01
 9.30694130E-01
 9.27207604E-01
 9.16675470E-01
 9.41138620E-01
 9.17365743E-01
 9.20962719E-01
 9.35574123E-01
 9.42722031E-01
 8.90065818E-01
 8.46561776E-01
 8.49749758E-01
 8.74987078E-01
 8.99644352E-01
 9.22372871E-01
 8.52541546E-01
 8.01416879E-01
 8.15483844E-01
 8.56274067E-01
 8.95529377E-01
 9.21067070E-01
 8.59003191E-01
 8.19046434E-01
 8.43996798E-01
 8.87437191E-01
 8.82987447E-01
 8.57485328E-01
 8.83450915E-01
 9.01373718E-01
 8.96508549E-01
 9.20197012E-01
 8.43311395E-01
 7.88921541E-01
 8.03765918E-01
 8.46659198E-01
 8.88412394E-01
 7.94478037E-01
 7.24135803E-01
 7.47638196E-01
 8.16131606E-01
 8.10007842E-01
 7.48863277E-01
 7.76157926E-01
 8.49647175E-01
 8.13347813E-01
 8.83894933E-01
 8.47016210E-01
 8.04598383E-01
 8.33361338E-01
 8.82224248E-01
 8.07451793E-01
 7.46466125E-01
 7.76996057E-01
 8.34717379E-01
 7.76513626E-01
 8.08292902E-01
 8.81508223E-01
 8.71607977E-01
 8.46629057E-01
 8.82026017E-01
 8.47258908E-01
 8.14437226E-01
 8.80259665E-01
 8.96213457E-01
 8.88777558E-01
 9.30801678E-01
 8.88092665E-01
 9.17252867E-01
 8.87476096E-01
 8.51361737E-01
 8.65251689E-01
 8.95069025E-01
 9.24061637E-01
 9.43954121E-01
 8.54404510E-01
 8.14736023E-01
 8.42728385E-01
 8.88816892E-01
 9.32834764E-01
 8.67886789E-01
 8.42216905E-01
 8.80593131E-01
 9.32103430E-01
 8.95720226E-01
 8.86767355E-01
 9.32861078E-01
 9.20019462E-01
 9.32712214E-01
 9.27646892E-01
 8.48260737E-01
 8.06074220E-01
 8.34427239E-01
 8.83040897E-01
 8.08559307E-01
 7.47995395E-01
 7.78732179E-01
 8.35023994E-01
 7.77489040E-01
 8.07717697E-01
 8.81042054E-01
 8.61875670E-01
 8.34100184E-01
 8.74102427E-01
 9.25782325E-01
 8.35320095E-01
 7.76434221E-01
 7.99520780E-01
 8.73631346E-01
 8.02878229E-01
 9.15666799E-01
 8.91381002E-01
 8.82469527E-01
 9.26401552E-01
 8.81741093E-01
 8.57175860E-01
 9.15171624E-01
 9.21047951E-01
 9.32567825E-01
 9.22274092E-01
 9.36956340E-01
 9.01261754E-01
 8.75213801E-01
 8.94470981E-01
 9.22783780E-01
 8.76192934E-01
 8.52586203E-01
 8.87124746E-01
 8.93553142E-01
 8.85016942E-01
 9.29767402E-01
 9.19882900E-01
 8.72852255E-01
 8.48206946E-01
 8.83372421E-01
 9.20423237E-01
 8.48052151E-01
 8.15549655E-01
 8.55989177E-01
 8.80079322E-01
 8.55781483E-01
 8.91755787E-01
 8.83050825E-01
 9.27068893E-01
 8.81969596E-01
 8.57618746E-01
 9.15116516E-01
 9.19853803E-01
 9.43408481E-01
 9.14786245E-01
 8.98770241E-01
 9.23431834E-01
 8.98613093E-01
 8.91679663E-01
 9.21272728E-01
 8.96769489E-01
 8.89506082E-01
 9.31647791E-01
 8.87976132E-01
 9.21093286E-01
 9.28649747E-01
 9.19079665E-01
 9.44620197E-01
 9.17948770E-01
 9.22077087E-01
 9.34740567E-01
 9.17123589E-01
 9.21229767E-01
 9.08220006E-01
 9.36496566E-01
 9.42954842E-01
 9.28068885E-01
 8.17626095E-01
 7.38334847E-01
 7.33569272E-01
 7.72372273E-01
 8.09897556E-01
 8.45861485E-01
 8.74072750E-01
 7.62181382E-01
 6.72867343E-01
 6.85200709E-01
 7.33845172E-01
 7.88077753E-01
 8.33767357E-01
 7.74382037E-01
 6.92473676E-01
 7.13236626E-01
 7.72399793E-01
 8.49423860E-01
 8.91153551E-01
 8.04832103E-01
 7.44226425E-01
 7.66190789E-01
 8.51218151E-01
 8.28409248E-01
 7.64293616E-01
 8.48162254E-01
 8.72377436E-01
 8.42093584E-01
 8.87362943E-01
 8.92813488E-01
 7.50504138E-01
 6.38754655E-01
 6.57285376E-01
 7.16996916E-01
 7.74954183E-01
 8.22585294E-01
 8.60281555E-01
 6.52759517E-01
 5.27551873E-01
 5.54760569E-01
 6.79817837E-01
 7.70937911E-01
 8.33074715E-01
 6.65479480E-01
 5.63473108E-01
 6.11495948E-01
 7.59235783E-01
 8.56181745E-01
 7.19157819E-01
 6.41375031E-01
 7.61003340E-01
 8.28008669E-01
 7.55437291E-01
 7.68711467E-01
 8.26966337E-01
 8.26066780E-01
 8.26529692E-01
 8.63170949E-01
 7.36086563E-01
 6.48484657E-01
 6.77745917E-01
 7.68403248E-01
 8.34801385E-01
 8.80232225E-01
 6.57439971E-01
 5.59011882E-01
 6.18303437E-01
 7.58191538E-01
 8.58342597E-01
 6.88849723E-01
 6.19839240E-01
 6.94094484E-01
 8.46602719E-01
 7.53691515E-01
 7.58497102E-01
 8.46787888E-01
 8.30761623E-01
 8.47544151E-01
 8.46908591E-01
 7.70977983E-01
 7.07215024E-01
 7.48054115E-01
 8.31197083E-01
 7.13400247E-01
 6.54190262E-01
 7.27327724E-01
 7.55517704E-01
 7.28995540E-01
 8.44275957E-01
 8.18406616E-01
 8.05413314E-01
 7.65587881E-01
 8.18127879E-01
 8.73570978E-01
 7.70581660E-01
 7.51447114E-01
 8.35557806E-01
 8.24841769E-01
 8.52590149E-01
 8.39872840E-01
 8.15485365E-01
 8.67198100E-01
 8.18714645E-01
 8.23657217E-01
 8.60019700E-01
 8.74391934E-01
 7.59057837E-01
 6.71295822E-01
 6.72301444E-01
 7.26487422E-01
 7.82046155E-01
 8.27971341E-01
 6.77280180E-01
 5.63678456E-01
 5.92890391E-01
 6.81203795E-01
 7.78385549E-01
 8.38827266E-01
 6.89898620E-01
 6.00358022E-01
 6.52938639E-01
 7.45685544E-01
 7.42488499E-01
 6.82870616E-01
 7.69089138E-01
 7.82242581E-01
 7.76153750E-01
 8.29495612E-01
 6.55246645E-01
 5.34342318E-01
 5.65691268E-01
 6.71769314E-01
 7.63959972E-01
 5.46982008E-01
 3.89873580E-01
 4.39003938E-01
 5.87663279E-01
 5.81222926E-01
 4.42938817E-01
 4.96047734E-01
 6.68623522E-01
 6.12410153E-01
 7.56951242E-01
 6.63345565E-01
 5.68775388E-01
 6.30789679E-01
 7.37518077E-01
 5.76284696E-01
 4.39864886E-01
 5.03586575E-01
 6.36762588E-01
 5.04687108E-01
 5.78105036E-01
 7.39941618E-01
 7.17918919E-01
 6.61943049E-01
 7.38558519E-01
 6.64837328E-01
 5.90934778E-01
 7.37951422E-01
 7.72388962E-01
 7.55119814E-01
 8.45959606E-01
 7.55144151E-01
 8.18857796E-01
 7.54263163E-01
 6.74536030E-01
 7.04097428E-01
 7.68785100E-01
 8.36325539E-01
 8.80720148E-01
 6.81073460E-01
 5.93102992E-01
 6.53245082E-01
 7.53241889E-01
 8.59992830E-01
 7.10746295E-01
 6.52952278E-01
 7.34513649E-01
 8.50788917E-01
 7.72063497E-01
 7.61685405E-01
 8.52598216E-01
 8.31194035E-01
 8.52499691E-01
 8.43281639E-01
 6.67040953E-01
 5.73533993E-01
 6.34799935E-01
 7.40908447E-01
 5.80185827E-01
 4.45733704E-01
 5.10619004E-01
 6.38943187E-01
 5.09958187E-01
 5.77723187E-01
 7.40142532E-01
 6.97061971E-01
 6.35235391E-01
 7.22060450E-01
 8.34859243E-01
 6.39392160E-01
 5.08685073E-01
 5.53823119E-01
 7.23992358E-01
 5.72061070E-01
 8.16865080E-01
 7.62051115E-01
 7.41727871E-01
 8.36847357E-01
 7.41491306E-01
 6.84641944E-01
 8.15660705E-01
 8.27265110E-01
 8.51077434E-01
 8.31019424E-01
 8.62904759E-01
 7.83988002E-01
 7.26426379E-01
 7.68008776E-01
 8.29585016E-01
 7.29198737E-01
 6.76704413E-01
 7.51224991E-01
 7.67632202E-01
 7.47612314E-01
 8.46003771E-01
 8.25450231E-01
 7.21482950E-01
 6.66768642E-01
 7.43063703E-01
 8.23490548E-01
 6.67700368E-01
 5.95335026E-01
 6.80557269E-01
 7.38381286E-01
 6.86310514E-01
 7.63028226E-01
 7.43271441E-01
 8.38658228E-01
 7.42135375E-01
 6.86033814E-01
 8.15534328E-01
 8.24707204E-01
 8.76922262E-01
 8.13559687E-01
 7.78051095E-01
 8.31560184E-01
 7.78499122E-01
 7.62630813E-01
 8.28398631E-01
 7.74121329E-01
 7.57613980E-01
 8.48973066E-01
 7.55363921E-01
 8.27457562E-01
 8.43949293E-01
 8.22584310E-01
 8.77731635E-01
 8.20886228E-01
 8.28420740E-01
 8.58185251E-01
 8.18813695E-01
 8.26402652E-01
 8.00435783E-01
 8.61870100E-01
 8.75310471E-01
 8.43533824E-01
 6.99589250E-01
 5.70304602E-01
 5.63531110E-01
 6.25598755E-01
 6.85647877E-01
 7.44300750E-01
 8.01332048E-01
 6.10115588E-01
 4.66636140E-01
 4.89436236E-01
 5.86422959E-01
 6.50086600E-01
 7.22503294E-01
 6.43411061E-01
 5.41758056E-01
 5.52168183E-01
 6.50729553E-01
 7.50863031E-01
 8.17712476E-01
 6.83762370E-01
 5.80350388E-01
 6.65080442E-01
 7.56235026E-01
 7.10515064E-01
 6.91010900E-01
 7.51364896E-01
 7.94544502E-01
 7.42508694E-01
 8.19291926E-01
 8.29256019E-01
 5.95468289E-01
 4.46346933E-01
 4.69288998E-01
 5.38776327E-01
 6.29550566E-01
 7.05741554E-01
 7.67829233E-01
 4.38957745E-01
 2.33760471E-01
 3.35737614E-01
 4.82453970E-01
 6.24163362E-01
 7.22261746E-01
 4.50573645E-01
 2.81133336E-01
 4.58501297E-01
 6.15516854E-01
 7.64770436E-01
 5.26173122E-01
 5.07977504E-01
 6.18895891E-01
 7.17974557E-01
 6.63599437E-01
 6.23676889E-01
 7.67137271E-01
 7.18670507E-01
 7.18180656E-01
 7.78788795E-01
 5.70221002E-01
 4.61989462E-01
 5.20120962E-01
 6.26604922E-01
 7.29971710E-01
 8.01771175E-01
 4.40464452E-01
 2.81410390E-01
 4.56798094E-01
 6.16592070E-01
 7.70384749E-01
 4.89338680E-01
 3.75246224E-01
 6.07254936E-01
 7.63240216E-01
 5.85863366E-01
 6.19029532E-01
 7.60250499E-01
 7.28006374E-01
 7.70040868E-01
 7.52763422E-01
 6.25282643E-01
 5.20538107E-01
 6.26751002E-01
 7.27190890E-01
 5.30504010E-01
 4.33246255E-01
 6.11767012E-01
 5.99516939E-01
 5.52819329E-01
 7.61163578E-01
 6.99144764E-01
 6.80646896E-01
 6.13611252E-01
 6.97862780E-01
 8.23676278E-01
 6.23514117E-01
 5.89807850E-01
 7.66662341E-01
 7.13807881E-01
 7.63185439E-01
 7.37159080E-01
 6.94847327E-01
 7.75855066E-01
 7.02995122E-01
 7.05482015E-01
 7.73245566E-01
 7.94564595E-01
 6.10488746E-01
 4.64054155E-01
 4.82741487E-01
 5.56332425E-01
 6.42919582E-01
 7.16125959E-01
 4.90941554E-01
 3.08249318E-01
 3.54675690E-01
 5.01727904E-01
 6.38503466E-01
 7.33742283E-01
 5.01940218E-01
 3.61018847E-01
 4.47173155E-01
 6.31450125E-01
 5.80723889E-01
 4.80432194E-01
 6.35591474E-01
 6.38533289E-01
 6.40840883E-01
 7.27699439E-01
 4.44867381E-01
 2.53359092E-01
 3.26595156E-01
 4.73254685E-01
 6.15623483E-01
 2.72194356E-01
 2.65429731E-02
 1.10346282E-01
 3.87383904E-01
 3.29591677E-01
 1.14171264E-01
 2.82192776E-01
 4.62956346E-01
 3.91920174E-01
 6.11871967E-01
 4.58956848E-01
 3.12718902E-01
 4.17643194E-01
 6.06515601E-01
 3.25280381E-01
 1.17922049E-01
 2.26465712E-01
 4.28708366E-01
 2.28019415E-01
 3.67700584E-01
 5.87057499E-01
 5.44544693E-01
 4.57486042E-01
 5.84229148E-01
 4.63912734E-01
 3.51720647E-01
 5.87219172E-01
 6.30005741E-01
 6.02238035E-01
 7.49653194E-01
 6.04631464E-01
 7.04375585E-01
 6.07892518E-01
 4.82005012E-01
 5.32144401E-01
 6.34425343E-01
 7.33853359E-01
 8.03834321E-01
 4.90044197E-01
 3.54365340E-01
 4.55011375E-01
 6.24533771E-01
 7.74819058E-01
 5.39111817E-01
 4.53301462E-01
 6.15951861E-01
 7.72500288E-01
 6.33741805E-01
 6.27435547E-01
 7.75051559E-01
 7.31002440E-01
 7.71056789E-01
 7.95528485E-01
 4.66645774E-01
 3.22902056E-01
 4.26614132E-01
 6.03218273E-01
 3.34135390E-01
 1.31581289E-01
 2.42964611E-01
 4.34993165E-01
 2.42412011E-01
 3.68155617E-01
 5.90086969E-01
 5.18490367E-01
 4.29327786E-01
 5.76206210E-01
 7.46136220E-01
 4.37538567E-01
 2.46398953E-01
 3.57727321E-01
 5.82478733E-01
 3.61690839E-01
 7.24996265E-01
 6.19657525E-01
 5.93077861E-01
 7.50344694E-01
 5.94642168E-01
 5.11431425E-01
 7.22981395E-01
 7.21027959E-01
 7.60255203E-01
 7.31896064E-01
 7.77722024E-01
 6.51413527E-01
 5.59739669E-01
 6.27977919E-01
 7.30976352E-01
 5.64390430E-01
 4.83127494E-01
 6.05638433E-01
 6.28615141E-01
 6.00337470E-01
 7.65973877E-01
 7.19986198E-01
 5.51769181E-01
 4.67564394E-01
 5.93914141E-01
 7.17523781E-01
 4.70568033E-01
 3.62318945E-01
 5.21022379E-01
 5.89529680E-01
 5.16872253E-01
 6.21485379E-01
 5.95971876E-01
 7.53687629E-01
 5.95917734E-01
 5.14389473E-01
 7.22782772E-01
 7.19135087E-01
 8.02174682E-01
 6.97025536E-01
 6.39352566E-01
 7.26335964E-01
 6.41100011E-01
 6.15900092E-01
 7.23421572E-01
 6.33727891E-01
 6.07879350E-01
 7.56524935E-01
 6.05896468E-01
 7.21495341E-01
 7.45545147E-01
 7.09990640E-01
 7.98808697E-01
 7.08438248E-01
 7.18390851E-01
 7.70241859E-01
 7.04735592E-01
 7.15117949E-01
 6.76477396E-01
 7.75987319E-01
 7.96830869E-01
 7.46242984E-01
 5.69084186E-01
 3.89026181E-01
 3.83615004E-01
 4.65005587E-01
 5.43838467E-01
 6.25458434E-01
 7.09171474E-01
 4.46184962E-01
 2.53068123E-01
 2.94374402E-01
 3.73025739E-01
 4.92039311E-01
 5.95620167E-01
 4.99863063E-01
 3.02175035E-01
 3.84507800E-01
 5.15556659E-01
 6.41771223E-01
 7.30100139E-01
 5.88382152E-01
 4.22789355E-01
 5.32922888E-01
 6.55446715E-01
 5.69369403E-01
 5.54766380E-01
 6.42553818E-01
 7.04533705E-01
 6.25624015E-01
 7.42817858E-01
 7.57715846E-01
 4.32680045E-01
 2.35014052E-01
 2.76907315E-01
 3.97139557E-01
 4.67049084E-01
 5.68726665E-01
 6.59047394E-01
 2.98445415E-01
 1.13614342E-02
 1.13478597E-01
 2.92139122E-01
 4.64925104E-01
 5.91055133E-01
 2.31167913E-01
 1.40552216E-01
 3.04652329E-01
 4.92931802E-01
 6.71118702E-01
 2.98360868E-01
 3.26979532E-01
 4.95214754E-01
 6.11085369E-01
 5.21320282E-01
 4.63009299E-01
 6.80192368E-01
 5.94149352E-01
 5.93710719E-01
 6.91610618E-01
 4.23973077E-01
 2.63506332E-01
 3.57661431E-01
 4.89011189E-01
 6.16716313E-01
 7.09925129E-01
 2.19154122E-01
 1.33287526E-01
 3.13143447E-01
 5.01834981E-01
 6.83526315E-01
 2.87184343E-01
 3.14563963E-01
 5.49592548E-01
 7.24833504E-01
 5.10126213E-01
 5.03105583E-01
 7.15267048E-01
 6.17634276E-01
 6.86235216E-01
 7.10955598E-01
 4.66223719E-01
 3.77971955E-01
 4.91036567E-01
 6.22593454E-01
 3.33915291E-01
 2.07905143E-01
 4.97949963E-01
 4.34729334E-01
 4.90472257E-01
 7.24339955E-01
 6.20959512E-01
 5.38700631E-01
 4.41161718E-01
 6.17362244E-01
 7.49769499E-01
 4.56896757E-01
 4.08229967E-01
 6.80921194E-01
 5.90198194E-01
 6.75822281E-01
 6.17976856E-01
 5.52621875E-01
 6.63766513E-01
 5.68616932E-01
 5.62182740E-01
 6.75160475E-01
 7.02677023E-01
 4.55250555E-01
 2.61223656E-01
 2.96516817E-01
 4.09157458E-01
 5.18384031E-01
 5.86515593E-01
 3.05824421E-01
 1.06057177E-01
 1.50150375E-01
 3.21963023E-01
 4.88594345E-01
 6.11097991E-01
 3.22366997E-01
 1.49585046E-01
 3.33787004E-01
 5.17754661E-01
 4.07947076E-01
 3.55630638E-01
 5.22991424E-01
 5.39873194E-01
 4.96327571E-01
 6.13852174E-01
 2.38306661E-01
 6.85697819E-03
 1.09408818E-01
 2.85939028E-01
 4.57573977E-01
 1.03530474E-02
 2.30847456E-01
 6.35096057E-02
 2.05126293E-01
 1.00173462E-01
 1.45571850E-01
 1.49358861E-01
 2.53442881E-01
 2.11524183E-01
 4.59994008E-01
 2.60168177E-01
 8.92709887E-02
 2.98655505E-01
 4.92251154E-01
 1.04044156E-01
 1.19261497E-01
 1.50409432E-01
 2.69991809E-01
 1.45704561E-01
 3.22169133E-01
 4.90054675E-01
 3.66571628E-01
 2.63858012E-01
 4.89183503E-01
 2.73693270E-01
 1.55431831E-01
 4.63909171E-01
 4.73542597E-01
 4.39386309E-01
 6.53888720E-01
 4.45793710E-01
 5.73282164E-01
 4.47384296E-01
 2.89436711E-01
 3.75567248E-01
 5.01500539E-01
 6.24145785E-01
 7.14968599E-01
 3.07340331E-01
 1.48066519E-01
 3.29886451E-01
 5.14046704E-01
 6.91956417E-01
 3.80926323E-01
 2.99503949E-01
 5.60903074E-01
 7.38319394E-01
 4.94513461E-01
 5.18949161E-01
 7.40413825E-01
 6.26111318E-01
 6.90246562E-01
 7.08824465E-01
 2.73430471E-01
 1.06325381E-01
 2.95131452E-01
 4.87315888E-01
 1.19607888E-01
 9.61748524E-02
 1.46455387E-01
 2.82123851E-01
 1.43458848E-01
 3.22084991E-01
 4.86783514E-01
 3.58712257E-01
 2.81430789E-01
 5.35161249E-01
 7.27639566E-01
 2.92687384E-01
 1.14340435E-01
 3.17815421E-01
 5.26041568E-01
 3.20759015E-01
 6.90870547E-01
 4.83457983E-01
 4.74929960E-01
 7.15194870E-01
 4.78988069E-01
 4.10765990E-01
 6.88358547E-01
 6.08508076E-01
 6.72266128E-01
 6.38539603E-01
 6.81282517E-01
 5.11924783E-01
 3.90840151E-01
 5.00752855E-01
 6.29137533E-01
 3.95863010E-01
 2.99852668E-01
 5.05664601E-01
 4.92950713E-01
 4.99459552E-01
 7.31911669E-01
 6.25266893E-01
 3.78835120E-01
 2.80807208E-01
 4.73659614E-01
 6.42560938E-01
 2.85857727E-01
 1.74470903E-01
 4.25156484E-01
 4.69436987E-01
 4.18562062E-01
 4.86314532E-01
 4.79303012E-01
 7.19741187E-01
 4.81016028E-01
 4.15521030E-01
 6.88126863E-01
 6.14568888E-01
 7.23204244E-01
 5.67406234E-01
 4.87099220E-01
 6.13289496E-01
 4.90517240E-01
 4.59865778E-01
 6.11590591E-01
 4.80218047E-01
 4.49743332E-01
 6.66207745E-01
 4.49057713E-01
 6.09380776E-01
 6.32972551E-01
 5.80586597E-01
 7.07079558E-01
 5.80047163E-01
 5.96923892E-01
 6.70820717E-01
 5.74484430E-01
 5.86851867E-01
 5.36173229E-01
 6.78712197E-01
 7.07214777E-01
 6.36041530E-01
 4.18439900E-01
 1.80132959E-01
 1.76638411E-01
 2.80217025E-01
 3.80602068E-01
 4.88714032E-01
 5.75600923E-01
 2.57718877E-01
 8.36000979E-03
 7.16692521E-02
 1.57905779E-01
 3.07639986E-01
 4.43417546E-01
 2.71854534E-01
 7.22143483E-02
 1.92630432E-01
 3.65659828E-01
 5.31396073E-01
 6.28572227E-01
 4.06004746E-01
 2.70427062E-01
 3.80935722E-01
 5.37719036E-01
 5.01336009E-01
 3.94856819E-01
 5.13484625E-01
 5.99414901E-01
 4.87562752E-01
 6.56492213E-01
 6.76364743E-01
 2.49733769E-01
 1.50755799E-03
 6.26082360E-02
 2.11037637E-01
 2.90760160E-01
 4.23674007E-01
 5.33054539E-01
 8.84422645E-02
 2.76410414E-01
 1.36735316E-01
 7.42012113E-02
 2.80640904E-01
 4.37664255E-01
 7.87680359E-02
 1.07165683E-01
 1.28716885E-01
 3.50890232E-01
 5.60113816E-01
 2.33218066E-01
 1.17110644E-01
 3.49623605E-01
 4.79195235E-01
 3.56579271E-01
 2.70612780E-01
 5.80885476E-01
 4.47641060E-01
 4.51973064E-01
 5.92044407E-01
 2.38705070E-01
 3.83562837E-02
 1.73487137E-01
 3.32206984E-01
 4.86743010E-01
 6.03791901E-01
 6.48861707E-02
 1.07257240E-01
 1.50841838E-01
 3.70842034E-01
 5.82658881E-01
 2.01451610E-01
 1.50060046E-01
 4.85178855E-01
 6.80483466E-01
 3.61245883E-01
 3.68395868E-01
 6.58865060E-01
 4.90262461E-01
 5.90775681E-01
 6.17678244E-01
 3.29857346E-01
 1.80423897E-01
 3.37254254E-01
 5.03491937E-01
 9.81460811E-02
 9.39758525E-02
 3.69113590E-01
 3.44216430E-01
 3.58804829E-01
 6.82181364E-01
 5.04212256E-01
 3.74329291E-01
 3.12076250E-01
 4.91144507E-01
 6.65403663E-01
 2.59642290E-01
 2.90158837E-01
 5.82980515E-01
 4.40484197E-01
 5.75510771E-01
 4.80891969E-01
 3.85872827E-01
 6.11616125E-01
 4.13171508E-01
 4.54297650E-01
 5.65673179E-01
 5.98001971E-01
 2.81594221E-01
 3.52223746E-02
 8.99447175E-02
 2.28272176E-01
 3.14237834E-01
 4.41234579E-01
 9.62350743E-02
 1.44442729E-01
 8.32951620E-02
 1.19368855E-01
 3.17751933E-01
 4.70204543E-01
 1.21627927E-01
 5.56287443E-02
 1.70898408E-01
 3.88470829E-01
 2.68258802E-01
 1.62612500E-01
 3.94166358E-01
 3.88559286E-01
 3.30424227E-01
 4.86116100E-01
 3.89743605E-02
 2.86125830E-01
 1.35339793E-01
 7.37956527E-02
 2.77437604E-01
 2.45691410E-01
 5.58236724E-01
 3.09067472E-01
 9.12100665E-04
 1.68600337E-01
 2.96061645E-01
 1.55704565E-03
 1.20970817E-01
 6.98990464E-03
 2.89119321E-01
 3.50181664E-02
 1.17186183E-01
 1.38792706E-01
 3.63893695E-01
 1.50318577E-01
 2.99124760E-01
 1.53479727E-02
 8.35839347E-02
 7.58774628E-03
 2.75003456E-01
 3.63860701E-01
 1.64043252E-01
 4.21895088E-02
 3.61473741E-01
 5.55861905E-02
 7.29493441E-02
 3.21481272E-01
 2.95781326E-01
 2.52796665E-01
 5.80892787E-01
 2.65211725E-01
 4.24934927E-01
 2.72398506E-01
 7.81358061E-02
 2.00361203E-01
 3.51926039E-01
 4.99931427E-01
 6.13816634E-01
 1.02295468E-01
 6.79980969E-02
 1.74928271E-01
 3.89930245E-01
 5.97754157E-01
 2.01035905E-01
 1.78273989E-01
 5.00917477E-01
 7.00562985E-01
 3.82542956E-01
 3.97144850E-01
 7.20126462E-01
 5.09333893E-01
 6.00611964E-01
 6.15970596E-01
 5.73404680E-02
 1.15491869E-01
 1.33890713E-01
 3.57394197E-01
 1.23647350E-01
 3.55766575E-01
 9.53968195E-03
 1.06437535E-01
 4.79607639E-03
 2.74780714E-01
 3.60397979E-01
 1.78659259E-01
 1.15197650E-01
 4.78759010E-01
 6.93849485E-01
 1.29554109E-01
 3.40934033E-02
 2.79074019E-01
 4.63561056E-01
 2.80338982E-01
 6.54770184E-01
 3.29879622E-01
 3.41714181E-01
 6.94191436E-01
 3.49301414E-01
 3.22182276E-01
 6.51670563E-01
 4.81703185E-01
 5.72267620E-01
 5.34741999E-01
 5.73458173E-01
 3.52595408E-01
 2.04552861E-01
 3.52289081E-01
 5.14324336E-01
 2.05688644E-01
 9.11382021E-02
 3.81589974E-01
 3.37407027E-01
 3.74320408E-01
 6.94647046E-01
 5.13595413E-01
 1.83836211E-01
 6.96309114E-02
 3.58572670E-01
 5.46478953E-01
 7.67876934E-02
 3.96093647E-02
 3.19586128E-01
 3.33415936E-01
 3.10172791E-01
 3.34136624E-01
 3.48115280E-01
 6.95521826E-01
 3.52455275E-01
 3.23785046E-01
 6.51404337E-01
 4.97060049E-01
 6.35054553E-01
 4.21386294E-01
 3.14585528E-01
 4.97913272E-01
 3.19617833E-01
 3.00656502E-01
 4.94787734E-01
 3.06800803E-01
 2.70352324E-01
 5.77490285E-01
 2.72116994E-01
 4.83179302E-01
 5.05601998E-01
 4.33364878E-01
 6.13929192E-01
 4.34857363E-01
 4.56906905E-01
 5.59835245E-01
 4.27544500E-01
 4.40893844E-01
 3.79350110E-01
 5.69905882E-01
 6.06053917E-01
 5.12771566E-01
 3.68210827E-01
 1.10765560E-01
 1.08259556E-01
 2.19617646E-01
 3.27505471E-01
 4.07696507E-01
 5.34955347E-01
 1.96165297E-01
 7.06349394E-02
 8.50854308E-02
 8.15182478E-02
 2.42449299E-01
 3.89783847E-01
 2.05567494E-01
 9.45535283E-03
 1.24414930E-01
 3.10519610E-01
 4.88701931E-01
 6.20443619E-01
 3.52682484E-01
 2.07106693E-01
 3.56686399E-01
 4.98290765E-01
 4.58765293E-01
 3.38830083E-01
 4.64652580E-01
 5.63227255E-01
 4.35965049E-01
 6.31665416E-01
 6.51789302E-01
 1.98821706E-01
 6.58299569E-02
 5.99664228E-03
 8.28245302E-02
 2.32718306E-01
 3.75120436E-01
 5.10004151E-01
 7.37772044E-02
 3.69282395E-01
 1.95943626E-01
 3.54733165E-02
 2.18877336E-01
 3.83719047E-01
 3.27256869E-02
 1.86612978E-01
 6.87171544E-02
 2.99244215E-01
 5.16102456E-01
 1.71453684E-01
 4.42403636E-02
 2.92162701E-01
 4.13531466E-01
 3.01172011E-01
 1.91916221E-01
 5.49831678E-01
 3.93074663E-01
 4.10136699E-01
 5.69132343E-01
 2.41660474E-01
 2.93449087E-02
 1.16707538E-01
 2.82792082E-01
 4.44818866E-01
 5.68604233E-01
 1.70893275E-03
 1.81901058E-01
 9.87457390E-02
 3.26843696E-01
 5.46672987E-01
 1.46509269E-01
 9.68662791E-02
 4.60899719E-01
 6.59079095E-01
 3.14622150E-01
 3.18792036E-01
 7.07675707E-01
 4.47392450E-01
 5.61259469E-01
 5.93244904E-01
 2.81280529E-01
 1.21819943E-01
 2.90791765E-01
 4.66497229E-01
 1.37938404E-01
 3.21375459E-02
 3.28595553E-01
 3.00066163E-01
 3.17316384E-01
 6.63197677E-01
 4.69525818E-01
 3.70510635E-01
 2.61776800E-01
 4.53509370E-01
 6.39127109E-01
 1.83086776E-01
 2.39205933E-01
 5.51539678E-01
 4.54345929E-01
 5.42100423E-01
 4.36667499E-01
 3.96162497E-01
 5.81050214E-01
 3.60838684E-01
 4.12013844E-01
 5.37243758E-01
 5.66320845E-01
 2.34978669E-01
 2.40406655E-02
 3.73258482E-02
 1.17608693E-01
 2.59733431E-01
 3.95512172E-01
 4.43526685E-02
 3.16508335E-01
 1.55617286E-01
 6.48769631E-02
 2.67598028E-01
 4.26093000E-01
 6.48915300E-02
 1.21688883E-01
 1.21789092E-01
 3.47516810E-01
 2.15919302E-01
 1.03732824E-01
 3.52144416E-01
 3.45106709E-01
 2.77573971E-01
 4.51373786E-01
 1.59975993E-02
 2.87017135E-01
 2.07626831E-01
 9.71517123E-03
 2.21961225E-01
 3.28902140E-01
 6.55276792E-01
 3.83028979E-01
 6.49426765E-02
 1.53359879E-01
 3.68314415E-01
 4.47485835E-02
 6.49060843E-02
 5.60766176E-02
 2.41265455E-01
 2.57226706E-03
 1.85929016E-01
 9.22283596E-02
 3.25537823E-01
 1.62742759E-01
 3.66855154E-01
 2.38802929E-02
 1.04166259E-01
 3.12003210E-02
 2.56782642E-01
 3.30103432E-01
 1.01998619E-01
 2.59593464E-02
 3.24681897E-01
 1.62349498E-02
 6.41453179E-02
 3.15809167E-01
 2.42601834E-01
 1.93110192E-01
 5.52554992E-01
 2.10420989E-01
 3.82106378E-01
 2.22634604E-01
 1.71985799E-02
 1.53204947E-01
 3.09759553E-01
 4.63747322E-01
 5.83557996E-01
 4.49286545E-02
 1.32042108E-01
 1.30942699E-01
 3.53440574E-01
 5.68723577E-01
 1.82842226E-01
 1.34979729E-01
 4.83880047E-01
 6.87957512E-01
 3.45068332E-01
 3.62519991E-01
 7.12436516E-01
 4.79327678E-01
 5.78084886E-01
 5.95338239E-01
 4.12156951E-03
 1.82801918E-01
 8.79324373E-02
 3.19430297E-01
 1.98445368E-01
 3.65844395E-01
 2.86957138E-02
 1.04136947E-01
 3.21355466E-02
 2.59386070E-01
 3.28054841E-01
 1.25931801E-01
 9.53405031E-02
 4.63836517E-01
 6.84361002E-01
 7.92414957E-02
 2.80393915E-02
 2.69428107E-01
 4.66023518E-01
 2.70288818E-01
 6.94088248E-01
 2.85317435E-01
 3.01039149E-01
 6.85180523E-01
 3.11782095E-01
 2.93878404E-01
 6.44317236E-01
 4.45774002E-01
 5.41248700E-01
 5.08110558E-01
 5.45098677E-01
 3.08873151E-01
 1.51731055E-01
 3.10432934E-01
 4.81276028E-01
 1.51591326E-01
 6.25038731E-02
 3.46661608E-01
 3.21553147E-01
 3.40376877E-01
 6.83323108E-01
 4.85075284E-01
 1.28111203E-01
 2.99123771E-02
 3.22401750E-01
 5.18456719E-01
 1.41458504E-02
 6.25475984E-02
 2.89661504E-01
 3.15116428E-01
 2.79804989E-01
 2.90525856E-01
 3.08958585E-01
 6.86679285E-01
 3.15959117E-01
 2.95843751E-01
 6.44040164E-01
 4.64114442E-01
 6.12000325E-01
 3.80670059E-01
 2.64075173E-01
 4.62916134E-01
 2.68776795E-01
 2.53892079E-01
 4.62785140E-01
 2.56986097E-01
 2.16770679E-01
 5.49474134E-01
 2.21394337E-01
 4.47726177E-01
 4.68805920E-01
 4.01730377E-01
 5.85014100E-01
 4.01575514E-01
 4.17075457E-01
 5.31002176E-01
 3.86025830E-01
 4.06334139E-01
 3.38194527E-01
 5.41188850E-01
 5.77309387E-01
 4.80226721E-01
 4.48438191E-01
 2.22358315E-01
 2.19290652E-01
 3.19488115E-01
 4.16441009E-01
 4.82848176E-01
 5.93951757E-01
 2.98374968E-01
 1.20474308E-02
 3.75765414E-02
 1.89042132E-01
 3.35331126E-01
 4.66849309E-01
 2.99169921E-01
 1.05280785E-01
 2.19754402E-01
 3.88979397E-01
 5.50834435E-01
 6.68823480E-01
 4.32091958E-01
 3.02584012E-01
 4.32107384E-01
 5.96058994E-01
 5.49131883E-01
 4.24904324E-01
 5.26362037E-01
 6.17534211E-01
 5.00585669E-01
 6.82587290E-01
 6.97266074E-01
 3.11073532E-01
 8.16117246E-02
 1.42178178E-01
 1.99233868E-01
 3.34479953E-01
 4.60328170E-01
 5.76885140E-01
 6.24060245E-02
 2.02743942E-01
 5.74784497E-02
 1.53505832E-01
 3.57379678E-01
 4.62521662E-01
 1.55834083E-01
 3.65223489E-03
 1.61114567E-01
 3.67962824E-01
 5.64394853E-01
 2.74457709E-01
 1.50901654E-01
 3.54396210E-01
 4.47750232E-01
 3.86893693E-01
 2.70152659E-01
 6.05283096E-01
 4.59899435E-01
 4.93319648E-01
 6.37608794E-01
 3.54210842E-01
 1.99950069E-01
 2.35932321E-01
 3.70281814E-01
 5.15916377E-01
 6.25326106E-01
 1.24459135E-01
 4.61717877E-02
 1.87181915E-01
 3.95135609E-01
 5.96265439E-01
 2.47638589E-01
 1.85562182E-01
 4.88589902E-01
 6.69229191E-01
 3.97169859E-01
 3.80894343E-01
 7.26452645E-01
 5.12458960E-01
 6.14934479E-01
 6.53559047E-01
 3.79191999E-01
 2.37290392E-01
 3.79391237E-01
 5.33588068E-01
 2.51809939E-01
 1.51143084E-01
 4.00004519E-01
 3.88821657E-01
 3.89806466E-01
 6.75179872E-01
 5.36832919E-01
 4.59652431E-01
 3.64267220E-01
 5.26933055E-01
 6.86548227E-01
 3.72951610E-01
 3.41398517E-01
 6.04885691E-01
 5.29705718E-01
 5.94403355E-01
 5.11289820E-01
 4.82881084E-01
 6.39667121E-01
 4.41463396E-01
 4.94471131E-01
 6.47602846E-01
 6.26376489E-01
 3.43890106E-01
 1.19906753E-01
 1.71337421E-01
 2.31237167E-01
 3.59255488E-01
 4.79023959E-01
 1.03667930E-01
 1.54275966E-01
 2.00179195E-02
 1.80462716E-01
 3.74787478E-01
 5.08697141E-01
 1.84568386E-01
 2.33877295E-02
 2.20399026E-01
 4.20273883E-01
 3.20313030E-01
 2.14658815E-01
 4.21699573E-01
 4.35171283E-01
 3.68529272E-01
 5.29374522E-01
 1.30580263E-01
 1.96220047E-01
 5.76136750E-02
 1.32958685E-01
 3.24623472E-01
 1.60268270E-01
 4.63096895E-01
 2.41023175E-01
 5.10020723E-02
 1.45365157E-02
 2.25560165E-01
 3.70274811E-02
 1.83908016E-01
 5.88393882E-02
 3.44018394E-01
 1.27145685E-01
 4.42733355E-02
 1.87062301E-01
 4.00114709E-01
 2.21332663E-02
 2.23910635E-01
 5.61843191E-02
 2.02366775E-01
 5.28158419E-02
 2.74751077E-01
 4.09130071E-01
 2.49984318E-01
 1.49788486E-01
 4.01023025E-01
 1.59336874E-01
 5.80698082E-02
 3.97259605E-01
 3.45583279E-01
 3.38354390E-01
 6.09603664E-01
 3.13441264E-01
 4.70304299E-01
 3.28143731E-01
 1.45896359E-01
 2.59301533E-01
 4.03351281E-01
 5.38262248E-01
 6.42738444E-01
 1.75080459E-01
 8.24725098E-03
 2.25324673E-01
 4.26789568E-01
 6.22250463E-01
 2.86588319E-01
 2.29901213E-01
 5.20178154E-01
 7.07318891E-01
 4.32355083E-01
 4.35668737E-01
 7.34408232E-01
 5.53618657E-01
 6.36291172E-01
 6.60114910E-01
 1.34432931E-01
 3.95420163E-02
 1.85273360E-01
 3.96311536E-01
 1.62375746E-02
 2.20062048E-01
 5.52146989E-02
 2.04431634E-01
 5.57958199E-02
 2.83364421E-01
 4.09588493E-01
 2.51134112E-01
 1.92712541E-01
 4.99891880E-01
 7.04922649E-01
 2.07031370E-01
 5.75351187E-02
 2.94881771E-01
 5.06023210E-01
 2.96780681E-01
 7.17767276E-01
 3.76411486E-01
 4.01507627E-01
 7.06178549E-01
 3.88675599E-01
 3.57938121E-01
 7.08620463E-01
 5.22226198E-01
 5.97518928E-01
 5.74983429E-01
 6.13217181E-01
 4.06655485E-01
 2.67786605E-01
 4.00681309E-01
 5.49974349E-01
 2.81743373E-01
 1.83779958E-01
 4.22065227E-01
 4.12570055E-01
 4.18250111E-01
 7.04327271E-01
 5.56804210E-01
 2.45365481E-01
 1.54631002E-01
 4.00411274E-01
 5.75320090E-01
 1.64530109E-01
 6.17287405E-02
 3.53452346E-01
 3.98162595E-01
 3.45699073E-01
 3.81606857E-01
 4.03714983E-01
 7.07700763E-01
 3.93314313E-01
 3.60067542E-01
 7.09016122E-01
 5.35531957E-01
 6.67976987E-01
 4.70051454E-01
 3.80161560E-01
 5.37218483E-01
 3.88365175E-01
 3.57673757E-01
 5.39704446E-01
 3.60443083E-01
 3.39113613E-01
 6.07629732E-01
 3.40101208E-01
 5.24239648E-01
 5.44380566E-01
 4.88803283E-01
 6.44433278E-01
 4.90036171E-01
 5.01167945E-01
 6.48371089E-01
 4.74633172E-01
 4.91831477E-01
 4.37398471E-01
 6.09788383E-01
 6.42423752E-01
 5.57930744E-01
 5.48624609E-01
 3.61658827E-01
 3.57769973E-01
 4.43600830E-01
 4.91154074E-01
 5.78153193E-01
 6.68794948E-01
 4.25270246E-01
 1.57838529E-01
 1.94875133E-01
 3.26551700E-01
 4.53682430E-01
 5.64810926E-01
 4.18718024E-01
 2.52145204E-01
 3.42103692E-01
 4.89184155E-01
 6.29681862E-01
 7.29946653E-01
 5.32332131E-01
 4.22910591E-01
 5.27026266E-01
 6.65226288E-01
 6.33090918E-01
 5.73161869E-01
 6.11911125E-01
 6.85866969E-01
 5.83509938E-01
 7.42426975E-01
 7.50068305E-01
 4.44875459E-01
 2.56913405E-01
 2.22364892E-01
 3.42458219E-01
 4.59395608E-01
 5.64777836E-01
 6.58878870E-01
 2.29425891E-01
 1.99093016E-03
 1.13191996E-01
 2.98268836E-01
 4.76822704E-01
 6.10097661E-01
 3.05385329E-01
 1.63290624E-01
 3.41114012E-01
 4.58784068E-01
 6.29324914E-01
 4.03415517E-01
 2.85808084E-01
 4.36611575E-01
 6.54840006E-01
 4.91936330E-01
 3.72397356E-01
 6.72586327E-01
 5.42008167E-01
 5.92528483E-01
 7.16134335E-01
 4.84737941E-01
 2.67596221E-01
 3.64143022E-01
 4.95781773E-01
 6.03641375E-01
 6.95666408E-01
 2.97829818E-01
 1.20911320E-01
 2.97611597E-01
 4.80901801E-01
 6.59277901E-01
 3.70765302E-01
 2.95392391E-01
 5.25108774E-01
 6.84342419E-01
 4.96742299E-01
 4.58523957E-01
 7.50067663E-01
 5.90492076E-01
 6.79757227E-01
 7.22956198E-01
 4.96664297E-01
 3.76478151E-01
 4.86913140E-01
 6.15447914E-01
 3.88393521E-01
 2.95039279E-01
 4.87736845E-01
 4.94894682E-01
 4.78001681E-01
 6.91420423E-01
 6.16568392E-01
 5.65720183E-01
 4.86761652E-01
 6.15317947E-01
 7.44269457E-01
 4.94299262E-01
 4.63598530E-01
 6.70212258E-01
 6.18615700E-01
 6.58275750E-01
 6.38042864E-01
 5.86013960E-01
 7.10233261E-01
 5.89263367E-01
 5.93207763E-01
 7.17789066E-01
 6.98509579E-01
 4.72495264E-01
 2.89501029E-01
 2.56585074E-01
 3.69998195E-01
 4.80530815E-01
 5.80660467E-01
 2.64529293E-01
 4.37687450E-02
 1.46004101E-01
 3.21453457E-01
 4.91339299E-01
 6.18120052E-01
 3.29290260E-01
 1.85639004E-01
 3.51525747E-01
 5.15248271E-01
 4.50211967E-01
 3.50656107E-01
 5.08468518E-01
 5.41702905E-01
 4.78743007E-01
 6.19298710E-01
 2.40301548E-01
 1.14644508E-02
 1.15913188E-01
 2.91285863E-01
 4.50484917E-01
 5.15387089E-02
 2.27482086E-01
 6.57328664E-02
 1.94044349E-01
 1.52766688E-01
 5.15985932E-02
 1.39362270E-01
 3.25044862E-01
 1.97752484E-01
 4.63924880E-01
 2.82839611E-01
 1.26844329E-01
 3.02901759E-01
 4.91227881E-01
 1.46548862E-01
 5.05106926E-02
 1.55781593E-01
 3.19752603E-01
 1.55472347E-01
 3.00330340E-01
 5.02105319E-01
 3.89457905E-01
 2.98079877E-01
 4.93434133E-01
 3.07394473E-01
 2.04710824E-01
 4.93629994E-01
 4.92061966E-01
 4.63960471E-01
 6.78325007E-01
 4.66525698E-01
 5.75170870E-01
 4.54135755E-01
 2.99984314E-01
 3.86741024E-01
 5.10869900E-01
 6.31714078E-01
 7.14898469E-01
 3.25268274E-01
 1.84122791E-01
 3.41397999E-01
 5.16560832E-01
 6.87747195E-01
 4.10503519E-01
 3.44366160E-01
 5.65543300E-01
 7.32220715E-01
 5.34734517E-01
 5.22733616E-01
 7.61042754E-01
 6.39084679E-01
 7.03734551E-01
 7.33150583E-01
 2.90509336E-01
 1.32976130E-01
 3.03672296E-01
 4.89779873E-01
 1.53343476E-01
 4.40931300E-02
 1.58778071E-01
 3.23704066E-01
 1.62405701E-01
 3.15789197E-01
 5.04957451E-01
 3.79222538E-01
 3.10240346E-01
 5.45214955E-01
 7.31047694E-01
 3.24081782E-01
 1.62061031E-01
 3.29506304E-01
 5.54542303E-01
 3.31661301E-01
 7.45433632E-01
 4.85566186E-01
 4.95589120E-01
 7.32689209E-01
 4.99582928E-01
 4.36184533E-01
 7.36310159E-01
 6.13013999E-01
 6.81328403E-01
 6.53207199E-01
 6.92633989E-01
 5.23530977E-01
 4.06352252E-01
 5.08812327E-01
 6.32438085E-01
 4.17003207E-01
 3.28084078E-01
 5.12663297E-01
 5.19470994E-01
 5.10617991E-01
 7.44470981E-01
 6.39939797E-01
 3.95968298E-01
 3.03402452E-01
 4.94360229E-01
 6.44104923E-01
 3.13029308E-01
 2.10057805E-01
 4.31544075E-01
 4.95963719E-01
 4.39974853E-01
 4.90435752E-01
 4.97618919E-01
 7.34187006E-01
 5.01017440E-01
 4.38398641E-01
 7.37764794E-01
 6.20361297E-01
 7.33356901E-01
 5.79122460E-01
 5.01619226E-01
 6.25632655E-01
 5.08952893E-01
 4.80234384E-01
 6.29464561E-01
 4.83431487E-01
 4.65188016E-01
 6.77363317E-01
 4.67359140E-01
 6.14894524E-01
 6.43222756E-01
 5.91712401E-01
 7.15222895E-01
 5.93718604E-01
 6.00867326E-01
 7.19991678E-01
 5.85356999E-01
 5.93589483E-01
 5.97044838E-01
 6.89825207E-01
 7.14902407E-01
 6.48596607E-01
 6.74830689E-01
 5.39863607E-01
 5.36958490E-01
 5.99950621E-01
 6.31614681E-01
 6.95078779E-01
 7.60619104E-01
 5.50059489E-01
 3.86375070E-01
 4.12305149E-01
 5.09746127E-01
 6.03803549E-01
 6.85232339E-01
 5.76837277E-01
 4.54184776E-01
 5.18480242E-01
 6.27346220E-01
 7.31243770E-01
 8.04822657E-01
 6.60706086E-01
 5.80803669E-01
 6.55803474E-01
 7.56863330E-01
 7.35685807E-01
 6.92637868E-01
 7.73782903E-01
 7.73262090E-01
 6.90961085E-01
 8.13547671E-01
 8.13847730E-01
 6.08075690E-01
 4.13355701E-01
 4.39110309E-01
 5.27103926E-01
 6.12779923E-01
 6.89157421E-01
 7.56474989E-01
 4.45769175E-01
 2.80047095E-01
 3.58262913E-01
 4.94588119E-01
 6.25936224E-01
 7.22974409E-01
 5.01417696E-01
 3.97502737E-01
 5.23375603E-01
 6.68362838E-01
 7.67093655E-01
 6.15499155E-01
 4.77754599E-01
 5.75062710E-01
 7.47598184E-01
 6.25054978E-01
 5.16886973E-01
 7.61713616E-01
 6.47109840E-01
 7.08602265E-01
 8.03466556E-01
 5.89094976E-01
 4.74707027E-01
 5.42356627E-01
 6.38492104E-01
 7.31778192E-01
 7.80754103E-01
 4.97949365E-01
 3.95951475E-01
 4.84275250E-01
 6.17722647E-01
 7.48590567E-01
 5.42955448E-01
 4.79344840E-01
 6.37247022E-01
 7.50617712E-01
 6.30894776E-01
 5.87925658E-01
 8.12743305E-01
 6.91335993E-01
 7.66425920E-01
 8.02778685E-01
 6.40922881E-01
 5.53279572E-01
 6.30328518E-01
 7.22576041E-01
 5.61327793E-01
 4.90213911E-01
 6.24306910E-01
 6.34769215E-01
 6.14560350E-01
 8.06658312E-01
 7.19743214E-01
 6.91375911E-01
 6.34215808E-01
 7.24583722E-01
 8.16075522E-01
 6.39670752E-01
 6.15179502E-01
 7.59187438E-01
 7.26957502E-01
 7.74151863E-01
 7.43611009E-01
 7.06111887E-01
 7.93305166E-01
 7.08982011E-01
 7.09246938E-01
 8.01885306E-01
 7.83753343E-01
 6.28127345E-01
 4.41791056E-01
 4.64610933E-01
 5.47637645E-01
 6.28537235E-01
 7.01020449E-01
 4.71645988E-01
 3.10954916E-01
 3.82620655E-01
 5.11621128E-01
 6.36414925E-01
 7.28627734E-01
 5.18452006E-01
 4.12986428E-01
 5.29958037E-01
 6.68260947E-01
 6.18056607E-01
 5.37299867E-01
 6.41182862E-01
 6.70553236E-01
 6.19049243E-01
 7.24249954E-01
 4.56353767E-01
 2.90114966E-01
 3.62713342E-01
 4.91269888E-01
 6.16322161E-01
 3.20248229E-01
 1.31161166E-01
 2.24669938E-01
 4.13471567E-01
 3.88426781E-01
 2.31589094E-01
 3.59526998E-01
 5.12284296E-01
 4.08975424E-01
 6.11272632E-01
 4.86658289E-01
 3.70511313E-01
 4.92587952E-01
 6.30537031E-01
 3.84740520E-01
 2.34482644E-01
 3.74991468E-01
 5.05385718E-01
 3.74104226E-01
 5.17067166E-01
 6.38247584E-01
 5.64433707E-01
 4.96362491E-01
 6.33070454E-01
 5.03653441E-01
 4.24158900E-01
 6.34472113E-01
 6.39552428E-01
 6.18216083E-01
 7.69048528E-01
 6.20852567E-01
 6.97570709E-01
 6.11265334E-01
 5.00111985E-01
 5.60705125E-01
 6.51030898E-01
 7.38900903E-01
 8.03890767E-01
 5.18933214E-01
 4.15711332E-01
 5.35098445E-01
 6.51857357E-01
 7.75410591E-01
 5.78444220E-01
 5.24631264E-01
 6.77185877E-01
 7.98550675E-01
 6.66367007E-01
 6.51689495E-01
 8.23435859E-01
 7.41405182E-01
 7.88831670E-01
 8.14229652E-01
 4.94519233E-01
 3.76784992E-01
 4.94664667E-01
 6.30627057E-01
 3.90998318E-01
 2.41207427E-01
 3.79471064E-01
 5.09766474E-01
 3.82187582E-01
 5.17775610E-01
 6.42310109E-01
 5.54501264E-01
 4.99548271E-01
 6.63044744E-01
 8.00247580E-01
 5.10314419E-01
 3.83628488E-01
 4.94550810E-01
 6.71444253E-01
 5.15436714E-01
 8.13872748E-01
 6.42961018E-01
 6.35897004E-01
 8.01873983E-01
 6.39606596E-01
 5.86679697E-01
 8.06464973E-01
 7.23928501E-01
 7.71885876E-01
 7.75413876E-01
 7.83480347E-01
 6.64864399E-01
 5.80126999E-01
 6.50022054E-01
 7.37824610E-01
 5.85387829E-01
 5.19007311E-01
 6.47416165E-01
 6.56697886E-01
 6.45756255E-01
 8.11650709E-01
 7.43133458E-01
 5.69758941E-01
 5.01070959E-01
 6.34575251E-01
 7.42917592E-01
 5.08624540E-01
 4.29527155E-01
 5.81945425E-01
 6.37301134E-01
 5.91857593E-01
 6.44310051E-01
 6.37469703E-01
 8.03066058E-01
 6.40762107E-01
 5.88565750E-01
 8.06845517E-01
 7.28411657E-01
 8.11436588E-01
 7.02110882E-01
 6.46408542E-01
 7.33466173E-01
 6.51871253E-01
 6.29850595E-01
 7.37112557E-01
 6.41616219E-01
 6.19474881E-01
 7.68745643E-01
 6.21880804E-01
 7.30254506E-01
 7.47701125E-01
 7.10850169E-01
 7.97724403E-01
 7.12940691E-01
 7.16656064E-01
 8.02200237E-01
 7.06914050E-01
 7.11923731E-01
 7.14791952E-01
 7.81441843E-01
 7.98472614E-01
 7.52386154E-01
 8.25486933E-01
 7.53244966E-01
 7.51898957E-01
 7.85848653E-01
 8.00828621E-01
 8.35159758E-01
 8.70608367E-01
 7.56415951E-01
 6.67832869E-01
 6.81909826E-01
 7.34693115E-01
 7.85636478E-01
 8.29733863E-01
 7.70838411E-01
 7.04503900E-01
 7.39406230E-01
 7.98404442E-01
 8.54667106E-01
 8.94484074E-01
 8.16495819E-01
 7.73449028E-01
 8.14112186E-01
 8.68740869E-01
 8.57661079E-01
 8.34651004E-01
 8.78260730E-01
 8.99095416E-01
 8.65261038E-01
 8.98543111E-01
 8.94350680E-01
 7.94662471E-01
 6.86445428E-01
 7.00266105E-01
 7.47355562E-01
 7.93201623E-01
 8.34069607E-01
 8.70082138E-01
 7.04003485E-01
 6.15755452E-01
 6.57811012E-01
 7.30824150E-01
 8.01081154E-01
 8.52957737E-01
 7.34781144E-01
 6.80202405E-01
 7.47718434E-01
 8.25042610E-01
 8.79430484E-01
 7.97486140E-01
 7.76606545E-01
 8.07740395E-01
 8.63590228E-01
 7.91744509E-01
 8.06498930E-01
 8.70750279E-01
 8.62715245E-01
 8.43334184E-01
 8.98112452E-01
 7.81642518E-01
 7.20954553E-01
 7.57014232E-01
 8.08191839E-01
 8.57821404E-01
 8.81948193E-01
 7.34136550E-01
 6.80693351E-01
 7.24122906E-01
 7.92974100E-01
 8.61994538E-01
 7.54429421E-01
 7.17351892E-01
 7.99535615E-01
 8.96515631E-01
 7.97575025E-01
 7.65450870E-01
 8.98888725E-01
 8.65140347E-01
 8.72973206E-01
 8.94590980E-01
 8.09305225E-01
 7.62117076E-01
 8.02574774E-01
 8.51271860E-01
 7.65830510E-01
 7.26628988E-01
 7.96956510E-01
 8.03422545E-01
 7.89221616E-01
 8.96625796E-01
 8.46090796E-01
 8.36125922E-01
 8.05365899E-01
 8.52965397E-01
 9.01260032E-01
 8.08134224E-01
 7.93912813E-01
 8.69025358E-01
 8.53767465E-01
 8.79855887E-01
 8.64095529E-01
 8.43836520E-01
 8.89591158E-01
 8.45576162E-01
 8.44103173E-01
 8.94891823E-01
 8.93382737E-01
 7.81519808E-01
 7.01944294E-01
 7.14217132E-01
 7.58628731E-01
 8.01890798E-01
 8.40644217E-01
 7.18044922E-01
 6.32495305E-01
 6.70955247E-01
 7.39950373E-01
 8.06630268E-01
 8.55888071E-01
 7.43620006E-01
 6.87878953E-01
 7.50498665E-01
 8.24280002E-01
 7.97725534E-01
 7.71217010E-01
 8.09670845E-01
 8.23038553E-01
 7.91493163E-01
 8.48868606E-01
 7.11138483E-01
 6.22906214E-01
 6.61596787E-01
 7.30002821E-01
 7.96519895E-01
 6.39570438E-01
 5.39801098E-01
 6.04359480E-01
 6.87257495E-01
 6.74890140E-01
 5.88906766E-01
 6.54385247E-01
 7.37983567E-01
 6.77567760E-01
 7.87852729E-01
 7.30500731E-01
 6.65795375E-01
 7.30056743E-01
 8.02997021E-01
 6.72869426E-01
 5.91972348E-01
 6.65499020E-01
 7.36194860E-01
 6.63563105E-01
 7.42950970E-01
 8.05692046E-01
 7.69000193E-01
 7.32555483E-01
 8.04771957E-01
 7.36550520E-01
 6.93379644E-01
 8.05669928E-01
 8.09104712E-01
 7.97486794E-01
 8.77093016E-01
 7.99231149E-01
 8.45385464E-01
 7.94289454E-01
 7.35632571E-01
 7.67863719E-01
 8.15787361E-01
 8.62360750E-01
 8.96806513E-01
 7.45947694E-01
 6.91856499E-01
 7.55281246E-01
 8.20182940E-01
 8.80910495E-01
 7.84361784E-01
 7.48290204E-01
 8.27540399E-01
 9.01296131E-01
 8.22157607E-01
 8.12144433E-01
 9.06008301E-01
 8.71668095E-01
 8.88068300E-01
 9.03196599E-01
 7.33824682E-01
 6.70951093E-01
 7.32154486E-01
 8.03725892E-01
 6.77045694E-01
 5.96731062E-01
 6.69087587E-01
 7.39394807E-01
 6.69617267E-01
 7.43812556E-01
 8.09152134E-01
 7.63907901E-01
 7.34492748E-01
 8.20944119E-01
 8.93573485E-01
 7.40393714E-01
 6.72400197E-01
 7.29582495E-01
 8.25740633E-01
 7.43305483E-01
 9.01822959E-01
 8.10968342E-01
 8.06971937E-01
 8.94677340E-01
 8.09290961E-01
 7.80137805E-01
 8.97578703E-01
 8.57313751E-01
 8.79015243E-01
 8.80817771E-01
 8.85890145E-01
 8.23806784E-01
 7.82062847E-01
 8.16273485E-01
 8.61557962E-01
 7.81122368E-01
 7.45263910E-01
 8.12478038E-01
 8.17897704E-01
 8.10946167E-01
 9.00073107E-01
 8.63330062E-01
 7.72234055E-01
 7.35550994E-01
 8.05984252E-01
 8.63134240E-01
 7.39698142E-01
 6.97043534E-01
 7.76568678E-01
 8.07844336E-01
 7.83966171E-01
 8.11722484E-01
 8.07856131E-01
 8.95352019E-01
 8.09965271E-01
 7.81289820E-01
 8.97820380E-01
 8.59030904E-01
 9.00611240E-01
 8.42614587E-01
 8.12847080E-01
 8.58597930E-01
 8.15688655E-01
 8.03446729E-01
 8.60773769E-01
 8.10330147E-01
 7.98335081E-01
 8.77104676E-01
 8.00005302E-01
 8.57344557E-01
 8.66481137E-01
 8.46721752E-01
 8.92419191E-01
 8.48150646E-01
 8.51686360E-01
 8.95425087E-01
 8.44991563E-01
 8.47225732E-01
 8.49266257E-01
 8.93777661E-01
 8.93393059E-01
 8.80059714E-01
