 9.32153092E-01
 9.00475593E-01
 8.96035896E-01
 9.09309118E-01
 9.20485470E-01
 9.34011207E-01
 9.47779219E-01
 9.07242330E-01
 8.67771522E-01
 8.65535078E-01
 8.86226098E-01
 9.06613626E-01
 9.27733866E-01
 9.05716869E-01
 8.70862229E-01
 8.77243106E-01
 9.02005241E-01
 9.24867228E-01
 9.49721497E-01
 9.18343496E-01
 8.91568283E-01
 8.99994326E-01
 9.15952094E-01
 9.27029525E-01
 9.01688177E-01
 9.29832719E-01
 9.30846787E-01
 9.26409982E-01
 9.45237192E-01
 9.48476055E-01
 8.93069088E-01
 8.48778186E-01
 8.49206259E-01
 8.72683703E-01
 8.99077618E-01
 9.19247314E-01
 9.36292288E-01
 8.54651472E-01
 8.01001407E-01
 8.11050532E-01
 8.50332206E-01
 8.88441462E-01
 9.21530355E-01
 8.58718741E-01
 8.15351394E-01
 8.36742517E-01
 8.80132626E-01
 9.31940504E-01
 8.81148313E-01
 8.52515418E-01
 8.76156629E-01
 9.21801354E-01
 8.98674214E-01
 8.92107804E-01
 9.25267097E-01
 9.17422667E-01
 9.12325738E-01
 9.14749321E-01
 8.87350890E-01
 8.49828461E-01
 8.62158870E-01
 8.91637672E-01
 9.23099025E-01
 9.43444288E-01
 8.53187496E-01
 8.11531472E-01
 8.38082229E-01
 8.84671189E-01
 9.29554921E-01
 8.65939797E-01
 8.38685322E-01
 8.76733268E-01
 9.30105392E-01
 8.93621507E-01
 8.83799221E-01
 9.30490042E-01
 9.18214171E-01
 9.30938115E-01
 9.25974840E-01
 8.99858271E-01
 8.72413209E-01
 8.90817820E-01
 9.19335275E-01
 8.73800678E-01
 8.48512386E-01
 8.82556171E-01
 8.91084914E-01
 8.81469160E-01
 9.26747446E-01
 9.17751176E-01
 9.13514409E-01
 8.96671020E-01
 9.21144274E-01
 9.48366854E-01
 8.96769011E-01
 8.89028631E-01
 9.30603543E-01
 9.19670938E-01
 9.30528347E-01
 9.27589045E-01
 9.17583546E-01
 9.43327094E-01
 9.16602488E-01
 9.20543303E-01
 9.33864551E-01
 9.41878328E-01
 9.01126230E-01
 8.58677903E-01
 8.57695774E-01
 8.78811158E-01
 8.99716456E-01
 9.22178595E-01
 8.62064926E-01
 8.09841202E-01
 8.17921624E-01
 8.54385207E-01
 8.89475284E-01
 9.10922512E-01
 8.63424854E-01
 8.20105219E-01
 8.38688919E-01
 8.77512980E-01
 8.82851003E-01
 8.51701713E-01
 8.66386300E-01
 8.97111610E-01
 8.93507541E-01
 9.17892236E-01
 8.49845759E-01
 7.94636965E-01
 8.05267108E-01
 8.45475166E-01
 8.84864581E-01
 7.99188022E-01
 7.26633474E-01
 7.45349778E-01
 8.11649627E-01
 8.10791967E-01
 7.46662072E-01
 7.70488029E-01
 8.47648884E-01
 8.08079390E-01
 8.80278482E-01
 8.49819488E-01
 8.06315848E-01
 8.32609862E-01
 8.80845580E-01
 8.08298262E-01
 7.45883665E-01
 7.74987164E-01
 8.32997023E-01
 7.73765210E-01
 8.03813175E-01
 8.78434327E-01
 8.71865691E-01
 8.45711651E-01
 8.79896553E-01
 8.45514245E-01
 8.11074439E-01
 8.77014065E-01
 8.95524739E-01
 8.87450322E-01
 9.29565457E-01
 8.85885018E-01
 9.15965052E-01
 8.93384613E-01
 8.56058725E-01
 8.65729810E-01
 8.92717330E-01
 9.19275270E-01
 9.37371682E-01
 8.57780114E-01
 8.15164455E-01
 8.38248246E-01
 8.81649197E-01
 9.21840650E-01
 8.67562020E-01
 8.37960211E-01
 8.71044102E-01
 9.30109389E-01
 8.92620788E-01
 8.77206488E-01
 9.28792966E-01
 9.14891963E-01
 9.29130264E-01
 9.26072474E-01
 8.51006115E-01
 8.06880320E-01
 8.31841929E-01
 8.79269364E-01
 8.08917761E-01
 7.45554164E-01
 7.72990648E-01
 8.32784607E-01
 7.72248124E-01
 8.02990739E-01
 8.77667642E-01
 8.62321888E-01
 8.33251105E-01
 8.71991876E-01
 9.24307621E-01
 8.33480950E-01
 7.72929227E-01
 7.95475805E-01
 8.70214362E-01
 7.97600104E-01
 9.12321622E-01
 8.90329039E-01
 8.80425157E-01
 9.24234313E-01
 8.78901327E-01
 8.53077156E-01
 9.11566850E-01
 9.19734405E-01
 9.31048041E-01
 9.19761268E-01
 9.35333757E-01
 9.03087118E-01
 8.74857743E-01
 8.90840754E-01
 9.17457583E-01
 8.75516782E-01
 8.48455921E-01
 8.79330729E-01
 8.90801409E-01
 8.78554949E-01
 9.26028650E-01
 9.16028577E-01
 8.72920897E-01
 8.46043590E-01
 8.78906469E-01
 9.15432359E-01
 8.45913457E-01
 8.10436034E-01
 8.47880453E-01
 8.76664581E-01
 8.49388503E-01
 8.90704239E-01
 8.80756091E-01
 9.24299588E-01
 8.79132847E-01
 8.53182100E-01
 9.11763257E-01
 9.18219510E-01
 9.41780275E-01
 9.14779893E-01
 8.96763661E-01
 9.19356807E-01
 8.96843114E-01
 8.87422678E-01
 9.18764478E-01
 8.95985067E-01
 8.87153347E-01
 9.28155910E-01
 8.85735936E-01
 9.19862845E-01
 9.27794217E-01
 9.16630314E-01
 9.40549388E-01
 9.15965975E-01
 9.18538662E-01
 9.34092118E-01
 9.15993244E-01
 9.19297588E-01
 9.06572714E-01
 9.35252203E-01
 9.41649065E-01
 9.26657648E-01
 8.52909244E-01
 7.84115977E-01
 7.74366988E-01
 8.03074533E-01
 8.31269965E-01
 8.60451391E-01
 8.85985431E-01
 7.98966033E-01
 7.16295827E-01
 7.18534451E-01
 7.58279171E-01
 8.02124358E-01
 8.41965849E-01
 8.01024572E-01
 7.22943933E-01
 7.34026758E-01
 7.85341708E-01
 8.51886458E-01
 8.89909696E-01
 8.23197447E-01
 7.63149001E-01
 7.77892876E-01
 8.53897706E-01
 8.40217575E-01
 7.77725820E-01
 8.49107765E-01
 8.75997805E-01
 8.43434331E-01
 8.84494998E-01
 8.92306248E-01
 7.71091651E-01
 6.71119642E-01
 6.76824406E-01
 7.28650929E-01
 7.79401284E-01
 8.23224192E-01
 8.60294846E-01
 6.83245644E-01
 5.64933281E-01
 5.85288386E-01
 6.84402340E-01
 7.68495761E-01
 8.28021005E-01
 6.91402066E-01
 5.94851410E-01
 6.39080483E-01
 7.56638264E-01
 8.51113606E-01
 7.40133610E-01
 6.73840339E-01
 7.57765715E-01
 8.28886426E-01
 7.77412709E-01
 7.68409348E-01
 8.34734856E-01
 8.24655917E-01
 8.21448129E-01
 8.56430503E-01
 7.54383119E-01
 6.71879074E-01
 6.98039837E-01
 7.68869360E-01
 8.31719282E-01
 8.75981310E-01
 6.79635095E-01
 5.87601197E-01
 6.44292275E-01
 7.56449458E-01
 8.54984716E-01
 7.07648027E-01
 6.46555747E-01
 7.27169393E-01
 8.47308200E-01
 7.68268407E-01
 7.57102386E-01
 8.48259488E-01
 8.28296600E-01
 8.49383593E-01
 8.40256473E-01
 7.81650781E-01
 7.21228208E-01
 7.60776817E-01
 8.27483332E-01
 7.24991763E-01
 6.68979701E-01
 7.42145629E-01
 7.63064653E-01
 7.40833127E-01
 8.40053400E-01
 8.21401213E-01
 8.11489274E-01
 7.74276636E-01
 8.27144622E-01
 8.86118696E-01
 7.75271674E-01
 7.57689925E-01
 8.47035600E-01
 8.25479656E-01
 8.49241921E-01
 8.42201892E-01
 8.19924463E-01
 8.75294497E-01
 8.18532566E-01
 8.25599686E-01
 8.56724402E-01
 8.73364360E-01
 7.88516174E-01
 7.09079541E-01
 6.98380896E-01
 7.42032778E-01
 7.89446851E-01
 8.30655992E-01
 7.05219316E-01
 5.90954996E-01
 6.05578355E-01
 6.81671411E-01
 7.77627262E-01
 8.33995642E-01
 7.04195429E-01
 6.07396600E-01
 6.43114835E-01
 7.20531843E-01
 7.43604198E-01
 6.68127188E-01
 7.63534340E-01
 7.69965605E-01
 7.71658986E-01
 8.25889101E-01
 6.73949094E-01
 5.52892313E-01
 5.74684313E-01
 6.72660513E-01
 7.58776996E-01
 5.62942054E-01
 4.03017907E-01
 4.41089923E-01
 5.83060934E-01
 5.87852064E-01
 4.44693010E-01
 4.89532106E-01
 6.67747503E-01
 6.05221358E-01
 7.51526393E-01
 6.72987122E-01
 5.77293817E-01
 6.33550865E-01
 7.37995952E-01
 5.82667206E-01
 4.45083673E-01
 5.05887069E-01
 6.36892860E-01
 5.05049496E-01
 5.71970073E-01
 7.35941870E-01
 7.20901891E-01
 6.63148690E-01
 7.36816737E-01
 6.63886982E-01
 5.87617206E-01
 7.32911215E-01
 7.72422475E-01
 7.54166962E-01
 8.45016351E-01
 7.51785719E-01
 8.16952234E-01
 7.72350412E-01
 6.90908260E-01
 7.09871772E-01
 7.66409675E-01
 8.35290936E-01
 8.77412245E-01
 6.92296692E-01
 5.97656064E-01
 6.44583605E-01
 7.35353178E-01
 8.56132273E-01
 7.10997848E-01
 6.42070775E-01
 7.05930136E-01
 8.47135919E-01
 7.63393876E-01
 7.59778115E-01
 8.42623592E-01
 8.29234182E-01
 8.42170275E-01
 8.40624421E-01
 6.76234783E-01
 5.79161199E-01
 6.32138099E-01
 7.34379480E-01
 5.84323230E-01
 4.44304475E-01
 5.00461712E-01
 6.36259926E-01
 5.00222985E-01
 5.70338780E-01
 7.33710469E-01
 7.00331266E-01
 6.36121955E-01
 7.19503718E-01
 8.32818293E-01
 6.37866206E-01
 5.04357305E-01
 5.47822677E-01
 7.18192512E-01
 5.63206396E-01
 8.10333122E-01
 7.61205823E-01
 7.38896062E-01
 8.33247135E-01
 7.36690299E-01
 6.77516889E-01
 8.08499069E-01
 8.25212169E-01
 8.48560386E-01
 8.26111792E-01
 8.59784398E-01
 7.90550902E-01
 7.28157730E-01
 7.61209051E-01
 8.17453421E-01
 7.28936249E-01
 6.67653816E-01
 7.31368457E-01
 7.61135377E-01
 7.29579537E-01
 8.38340770E-01
 8.15291020E-01
 7.23570561E-01
 6.64054618E-01
 7.34381427E-01
 8.12514294E-01
 6.64857462E-01
 5.85758678E-01
 6.61604643E-01
 7.32038377E-01
 6.77109765E-01
 7.62103560E-01
 7.39640073E-01
 8.33246531E-01
 7.37262555E-01
 6.77579221E-01
 8.08975972E-01
 8.21963614E-01
 8.73783077E-01
 8.14541828E-01
 7.74161015E-01
 8.21953728E-01
 7.74896918E-01
 7.52332453E-01
 8.22740477E-01
 7.73580958E-01
 7.53450999E-01
 8.41303672E-01
 7.51581195E-01
 8.25578934E-01
 8.42440301E-01
 8.17066457E-01
 8.67128505E-01
 8.16894838E-01
 8.19445236E-01
 8.57412909E-01
 8.17141851E-01
 8.22532598E-01
 7.97681948E-01
 8.59690922E-01
 8.72774797E-01
 8.41109655E-01
 7.64217880E-01
 6.54739173E-01
 6.39697187E-01
 6.84171997E-01
 7.27905011E-01
 7.74177286E-01
 8.22693375E-01
 6.78627930E-01
 5.48412991E-01
 5.53664665E-01
 6.29632950E-01
 6.82096210E-01
 7.42853303E-01
 6.91145663E-01
 5.90656315E-01
 5.91410901E-01
 6.75115965E-01
 7.60686032E-01
 8.20179792E-01
 7.19889761E-01
 6.20931087E-01
 6.83931693E-01
 7.65920190E-01
 7.37940138E-01
 7.08856128E-01
 7.58332358E-01
 8.04326935E-01
 7.50095878E-01
 8.18288225E-01
 8.31462460E-01
 6.33660213E-01
 4.87290018E-01
 4.94644551E-01
 5.64610777E-01
 6.42764420E-01
 7.11786330E-01
 7.71866857E-01
 4.94951131E-01
 3.07418492E-01
 3.65235973E-01
 4.97350791E-01
 6.26260107E-01
 7.19063636E-01
 5.05898065E-01
 3.53758150E-01
 4.67853219E-01
 6.17066685E-01
 7.61121639E-01
 5.78959850E-01
 5.19812644E-01
 6.20277945E-01
 7.27545109E-01
 6.71273416E-01
 6.31176253E-01
 7.60274047E-01
 7.21716610E-01
 7.15388343E-01
 7.71309985E-01
 6.06220322E-01
 4.85555374E-01
 5.32306698E-01
 6.31390979E-01
 7.28200758E-01
 7.97487143E-01
 4.88472593E-01
 3.46470351E-01
 4.63270808E-01
 6.17949789E-01
 7.68086789E-01
 5.35519760E-01
 4.44627006E-01
 6.08923975E-01
 7.68196240E-01
 6.28717945E-01
 6.21922049E-01
 7.69411384E-01
 7.27455191E-01
 7.66807885E-01
 7.43085082E-01
 6.48321414E-01
 5.52313086E-01
 6.26002330E-01
 7.23604329E-01
 5.59088635E-01
 4.72472600E-01
 6.05866965E-01
 6.22600935E-01
 5.91210054E-01
 7.57539321E-01
 7.14486605E-01
 6.94800490E-01
 6.34586353E-01
 7.20217312E-01
 8.20967988E-01
 6.37261401E-01
 6.09473613E-01
 7.61570984E-01
 7.19726285E-01
 7.59682332E-01
 7.43701668E-01
 7.06762674E-01
 7.95617321E-01
 7.05637554E-01
 7.14830516E-01
 7.68598493E-01
 7.94368263E-01
 6.65957026E-01
 5.32378570E-01
 5.39221066E-01
 5.89451209E-01
 6.61485922E-01
 7.25742618E-01
 5.51359447E-01
 3.68923372E-01
 3.87993381E-01
 5.21662362E-01
 6.43048081E-01
 7.30073060E-01
 5.33116904E-01
 3.79645142E-01
 4.32566421E-01
 6.31970136E-01
 5.83843134E-01
 4.49105403E-01
 6.30046761E-01
 6.08748276E-01
 6.36083281E-01
 7.23583598E-01
 4.81488719E-01
 2.91711013E-01
 3.46212754E-01
 4.80341923E-01
 6.11643205E-01
 3.06297444E-01
 5.83937053E-02
 1.22890932E-01
 3.84072642E-01
 3.47630430E-01
 1.26265411E-01
 2.76353145E-01
 4.67227134E-01
 3.85965065E-01
 6.06590811E-01
 4.79811623E-01
 3.33274386E-01
 4.27983086E-01
 6.02534826E-01
 3.42541319E-01
 1.35996246E-01
 2.39943767E-01
 4.35188379E-01
 2.39284401E-01
 3.62735542E-01
 5.85702530E-01
 5.53297880E-01
 4.64550527E-01
 5.85887573E-01
 4.67190491E-01
 3.53216894E-01
 5.82740579E-01
 6.32690717E-01
 6.04076964E-01
 7.51199045E-01
 6.01783273E-01
 7.02839624E-01
 6.48280602E-01
 5.20888717E-01
 5.52972545E-01
 6.45077762E-01
 7.35529791E-01
 8.00860825E-01
 5.15167090E-01
 3.67378587E-01
 4.41509887E-01
 6.27661329E-01
 7.70369195E-01
 5.39660133E-01
 4.29441584E-01
 6.15830979E-01
 7.66609886E-01
 6.12928511E-01
 6.26725033E-01
 7.55493410E-01
 7.29576405E-01
 7.67775553E-01
 7.87798364E-01
 4.86246642E-01
 3.37221981E-01
 4.25820165E-01
 6.01449542E-01
 3.45308396E-01
 1.33693815E-01
 2.28119931E-01
 4.33138232E-01
 2.27081115E-01
 3.59496508E-01
 5.80228915E-01
 5.27105277E-01
 4.34420212E-01
 5.74465185E-01
 7.44289594E-01
 4.38595579E-01
 2.43939398E-01
 3.51962680E-01
 5.75546090E-01
 3.51229610E-01
 7.15810972E-01
 6.20576561E-01
 5.90994757E-01
 7.46131424E-01
 5.89138271E-01
 5.03036827E-01
 7.12740628E-01
 7.19056728E-01
 7.57557530E-01
 7.24942493E-01
 7.73333334E-01
 6.67115807E-01
 5.67184596E-01
 6.18724283E-01
 7.30096449E-01
 5.65211818E-01
 4.66375788E-01
 5.65475476E-01
 6.15108440E-01
 5.59125597E-01
 7.53416275E-01
 6.97156034E-01
 5.58041393E-01
 4.65879351E-01
 5.80947140E-01
 6.99066920E-01
 4.68331073E-01
 3.48209840E-01
 5.08755524E-01
 5.80473437E-01
 5.04679765E-01
 6.22066732E-01
 5.92081797E-01
 7.45785041E-01
 5.90042309E-01
 5.02546776E-01
 7.13538375E-01
 7.16021572E-01
 7.97770939E-01
 7.00074687E-01
 6.33157118E-01
 7.08427064E-01
 6.34476659E-01
 5.95004849E-01
 7.12434933E-01
 6.34575539E-01
 6.02374157E-01
 7.43631066E-01
 6.01289955E-01
 7.19728817E-01
 7.43143742E-01
 6.99718609E-01
 7.77084641E-01
 7.01693349E-01
 6.99439526E-01
 7.70046764E-01
 7.03203273E-01
 7.09184623E-01
 6.73381782E-01
 7.73322658E-01
 7.92870200E-01
 7.43376771E-01
 6.70521166E-01
 5.21096328E-01
 5.02828675E-01
 5.59103650E-01
 6.14537681E-01
 6.77202035E-01
 7.46516413E-01
 5.54257542E-01
 3.81133169E-01
 3.94633578E-01
 4.58242187E-01
 5.49499802E-01
 6.33886971E-01
 5.75642620E-01
 3.99475867E-01
 4.49223186E-01
 5.57474644E-01
 6.63261267E-01
 7.40429134E-01
 6.38130936E-01
 4.88001756E-01
 5.67685477E-01
 6.75737657E-01
 6.21586877E-01
 5.89829209E-01
 6.60200773E-01
 7.24571555E-01
 6.44971482E-01
 7.46596197E-01
 7.65532871E-01
 4.91989626E-01
 2.97940006E-01
 3.15620406E-01
 4.15518838E-01
 4.93761415E-01
 5.84814694E-01
 6.70867243E-01
 3.38107989E-01
 8.87695139E-02
 1.60722148E-01
 3.19986527E-01
 4.75617207E-01
 5.94209790E-01
 3.24155882E-01
 1.86492754E-01
 3.20965402E-01
 4.99394959E-01
 6.71480099E-01
 4.06494008E-01
 3.52533931E-01
 5.03698691E-01
 6.34681052E-01
 5.40220697E-01
 4.86350759E-01
 6.75068883E-01
 6.07855048E-01
 5.98518836E-01
 6.83234685E-01
 4.62660984E-01
 3.02337024E-01
 3.78409176E-01
 4.99665934E-01
 6.18346441E-01
 7.07812865E-01
 3.02946936E-01
 1.65385513E-01
 3.24246495E-01
 5.06667410E-01
 6.84014355E-01
 3.76620426E-01
 3.30712884E-01
 5.52212222E-01
 7.33180364E-01
 5.20762890E-01
 5.13402615E-01
 7.33762039E-01
 6.22616123E-01
 6.85668952E-01
 7.03970749E-01
 5.07272782E-01
 3.92327874E-01
 4.93217635E-01
 6.20335985E-01
 3.90059593E-01
 2.87056286E-01
 4.92501150E-01
 4.86440288E-01
 4.89747979E-01
 7.21553517E-01
 6.19129944E-01
 5.65785105E-01
 4.82285484E-01
 6.15933459E-01
 7.47910895E-01
 4.87252348E-01
 4.53409837E-01
 6.76366720E-01
 6.08042799E-01
 6.74004533E-01
 6.31918036E-01
 5.77779295E-01
 7.03923079E-01
 5.77685928E-01
 5.87689929E-01
 6.69510701E-01
 7.04788217E-01
 5.43519726E-01
 3.69608998E-01
 3.86346517E-01
 4.78439771E-01
 5.68715448E-01
 6.08350550E-01
 4.06083815E-01
 2.23921068E-01
 2.09708180E-01
 3.57345212E-01
 5.02317430E-01
 6.12088335E-01
 3.79128783E-01
 1.85030021E-01
 3.53048011E-01
 5.20683238E-01
 4.12983329E-01
 3.78913835E-01
 5.16742220E-01
 5.55488046E-01
 4.91789302E-01
 6.09497787E-01
 2.96088675E-01
 6.52957601E-02
 1.41083857E-01
 3.00703738E-01
 4.57236758E-01
 6.66819090E-02
 1.85128708E-01
 4.94825883E-02
 2.03508822E-01
 1.32826454E-01
 1.22248507E-01
 1.40786098E-01
 2.66873062E-01
 2.08135057E-01
 4.57248192E-01
 2.95276683E-01
 1.23885685E-01
 3.01169039E-01
 4.88163025E-01
 1.35528596E-01
 8.62893100E-02
 1.45036447E-01
 2.85610981E-01
 1.42217111E-01
 3.16024193E-01
 4.83566030E-01
 3.84129938E-01
 2.79892449E-01
 4.79423355E-01
 2.84680692E-01
 1.65784733E-01
 4.62576623E-01
 4.81290621E-01
 4.46999815E-01
 6.60328069E-01
 4.45736460E-01
 5.73484095E-01
 5.01039491E-01
 3.45508673E-01
 4.09749058E-01
 5.21149940E-01
 6.30838072E-01
 7.14259998E-01
 3.54355969E-01
 1.73941940E-01
 3.48211318E-01
 5.20099822E-01
 6.87021279E-01
 3.79702591E-01
 2.52217321E-01
 5.58633073E-01
 7.27716701E-01
 4.48208191E-01
 5.18784237E-01
 7.07217921E-01
 6.25620437E-01
 6.87177403E-01
 6.98584651E-01
 3.06239980E-01
 1.30391628E-01
 3.02726703E-01
 4.86372956E-01
 1.38745340E-01
 9.26196611E-02
 1.44246289E-01
 2.80037234E-01
 1.43175192E-01
 3.09066774E-01
 4.83818337E-01
 3.74087362E-01
 2.90694898E-01
 5.31719489E-01
 7.24652895E-01
 2.96886880E-01
 1.13095761E-01
 3.10317744E-01
 5.18011023E-01
 3.09033318E-01
 6.79719236E-01
 4.87558703E-01
 4.74516516E-01
 7.09945126E-01
 4.73883622E-01
 4.02423538E-01
 6.75870689E-01
 6.07640907E-01
 6.70368739E-01
 6.30140516E-01
 6.75963817E-01
 5.43508734E-01
 4.09387580E-01
 5.10935147E-01
 6.30548510E-01
 3.97691295E-01
 2.69799345E-01
 5.01346837E-01
 4.65455907E-01
 4.97244356E-01
 7.12357847E-01
 6.22266696E-01
 3.91114275E-01
 2.80728105E-01
 4.55204650E-01
 6.34033179E-01
 2.84527178E-01
 1.53840197E-01
 4.09185728E-01
 4.56927359E-01
 4.03700129E-01
 4.89523915E-01
 4.75591343E-01
 7.08957009E-01
 4.74846127E-01
 4.00516493E-01
 6.76869805E-01
 6.11909008E-01
 7.17919844E-01
 5.73681634E-01
 4.77226983E-01
 5.82240486E-01
 4.77487785E-01
 4.18809704E-01
 5.89993209E-01
 4.83488503E-01
 4.42937487E-01
 6.46506097E-01
 4.44015658E-01
 6.08566388E-01
 6.28485055E-01
 5.61748132E-01
 6.65593469E-01
 5.68146644E-01
 5.92075514E-01
 6.72090821E-01
 5.73748968E-01
 5.78387143E-01
 5.33736413E-01
 6.76157787E-01
 7.00972018E-01
 6.33485365E-01
 5.66843423E-01
 3.73311978E-01
 3.51559963E-01
 4.20759979E-01
 4.89013599E-01
 5.69777981E-01
 6.44635748E-01
 4.16766769E-01
 1.96521491E-01
 2.19432202E-01
 2.89604736E-01
 4.01070255E-01
 5.08804560E-01
 4.07298518E-01
 2.20118507E-01
 2.92257393E-01
 4.31165622E-01
 5.66716354E-01
 6.51600289E-01
 4.96103826E-01
 3.61618059E-01
 4.38952191E-01
 5.74508049E-01
 5.62183198E-01
 4.55642033E-01
 5.48583130E-01
 6.35041670E-01
 5.26017504E-01
 6.68543754E-01
 6.93576480E-01
 3.35342311E-01
 8.89302376E-02
 1.18383396E-01
 2.39271940E-01
 3.31161426E-01
 4.47596491E-01
 5.57206388E-01
 1.43708144E-01
 1.67797325E-01
 6.54770242E-02
 1.21988886E-01
 3.06299040E-01
 4.53014407E-01
 1.59056766E-01
 3.42259585E-02
 1.57574259E-01
 3.67483958E-01
 5.69719100E-01
 2.87153639E-01
 1.65103685E-01
 3.72306190E-01
 5.27955025E-01
 3.94085323E-01
 3.22459248E-01
 5.80766746E-01
 4.81472414E-01
 4.70984277E-01
 5.88073927E-01
 2.97546748E-01
 9.84224899E-02
 2.07291733E-01
 3.52646923E-01
 4.95124645E-01
 6.06782857E-01
 1.22325053E-01
 5.57463649E-02
 1.70525085E-01
 3.82837890E-01
 5.89499886E-01
 2.38327606E-01
 1.78552254E-01
 4.90828806E-01
 6.94892081E-01
 3.83586067E-01
 3.92690381E-01
 6.93903542E-01
 5.06706696E-01
 5.96351662E-01
 6.10515872E-01
 3.59244007E-01
 2.06096298E-01
 3.45194383E-01
 5.04859447E-01
 1.99466571E-01
 1.10510699E-01
 3.66793986E-01
 3.56043692E-01
 3.64185958E-01
 6.82540569E-01
 5.07246910E-01
 4.21105273E-01
 3.23719732E-01
 4.93045066E-01
 6.65912334E-01
 3.18616834E-01
 2.94909413E-01
 5.81146672E-01
 4.82286970E-01
 5.78391019E-01
 5.06637769E-01
 4.32574877E-01
 6.11654686E-01
 4.34333377E-01
 4.53622036E-01
 5.59490107E-01
 6.04504470E-01
 4.12539800E-01
 1.96332160E-01
 2.24515345E-01
 3.35368248E-01
 3.75018989E-01
 4.83111303E-01
 2.46368661E-01
 3.14057709E-02
 1.06632167E-02
 1.79081936E-01
 3.47163659E-01
 4.80478789E-01
 2.14626246E-01
 2.79488992E-02
 2.02357462E-01
 3.97058121E-01
 3.24234030E-01
 2.02564520E-01
 3.88768535E-01
 4.16000686E-01
 3.26397017E-01
 4.80964754E-01
 1.18091113E-01
 1.97409863E-01
 8.55487700E-02
 1.01285244E-01
 2.84811096E-01
 1.65040150E-01
 4.86925970E-01
 2.84946172E-01
 3.09696231E-03
 1.13188672E-01
 2.67940890E-01
 7.88775498E-03
 1.41366555E-01
 1.00848258E-02
 2.92118181E-01
 8.99384847E-02
 8.15335905E-02
 1.45031012E-01
 3.61504183E-01
 9.67554923E-02
 2.79129002E-01
 9.90363677E-03
 1.15783708E-01
 6.74057810E-03
 2.68247855E-01
 3.59600172E-01
 1.95027061E-01
 7.30104795E-02
 3.51379519E-01
 8.02707706E-02
 4.52769998E-02
 3.27919425E-01
 3.11867312E-01
 2.70560858E-01
 5.72372043E-01
 2.71287518E-01
 4.28710661E-01
 3.53539154E-01
 1.66635998E-01
 2.54891388E-01
 3.85809454E-01
 5.15416169E-01
 6.17924760E-01
 1.79098492E-01
 1.86604948E-03
 2.03429799E-01
 4.01278299E-01
 5.93166344E-01
 1.96780211E-01
 2.09023115E-01
 4.96015912E-01
 6.83343879E-01
 4.04177605E-01
 3.96841912E-01
 7.13481880E-01
 5.09232572E-01
 5.97753745E-01
 6.08418078E-01
 1.08853691E-01
 6.97504044E-02
 1.47004749E-01
 3.59192975E-01
 9.31038652E-02
 3.49737689E-01
 7.58897285E-03
 1.03523143E-01
 6.99843689E-03
 2.56109694E-01
 3.60086195E-01
 2.03852289E-01
 1.31074493E-01
 4.74129016E-01
 6.89993323E-01
 1.39115926E-01
 3.25695110E-02
 2.69561467E-01
 4.54758927E-01
 2.67244645E-01
 6.41652174E-01
 3.39273403E-01
 3.44780003E-01
 6.83933310E-01
 3.46062682E-01
 3.09536888E-01
 6.36881501E-01
 4.83221738E-01
 5.72426635E-01
 5.25323698E-01
 5.67661001E-01
 3.98969443E-01
 2.48014956E-01
 3.71424656E-01
 5.20124750E-01
 2.09005895E-01
 3.85274715E-02
 3.78177049E-01
 2.81495788E-01
 3.73141753E-01
 6.64807520E-01
 5.11580970E-01
 2.04847633E-01
 7.25112248E-02
 3.54343400E-01
 5.37169649E-01
 7.65114030E-02
 7.04397844E-02
 2.99930204E-01
 3.15229036E-01
 2.92314461E-01
 3.41595816E-01
 3.45447368E-01
 6.86154218E-01
 3.46738726E-01
 3.12201177E-01
 6.38118924E-01
 4.95840520E-01
 6.29287706E-01
 4.32567795E-01
 2.98394692E-01
 5.04056962E-01
 2.92742702E-01
 3.07305990E-01
 4.96866726E-01
 3.13417109E-01
 2.61641986E-01
 5.71882345E-01
 2.66329398E-01
 4.84256824E-01
 4.96042640E-01
 3.98168452E-01
 6.13041199E-01
 4.12058019E-01
 4.52214331E-01
 5.63656099E-01
 4.28048463E-01
 4.28719276E-01
 3.78820853E-01
 5.68210771E-01
 5.95329721E-01
 5.11467760E-01
 5.41571998E-01
 3.37349158E-01
 3.14805987E-01
 3.87038734E-01
 4.58314352E-01
 5.21764634E-01
 6.20725835E-01
 3.83452538E-01
 1.52235014E-01
 1.26303584E-01
 2.44817730E-01
 3.61323561E-01
 4.75078012E-01
 3.70002244E-01
 1.72556064E-01
 2.50605546E-01
 3.96189006E-01
 5.38314372E-01
 6.48043626E-01
 4.64282561E-01
 3.22478272E-01
 4.25938363E-01
 5.48874981E-01
 5.35944060E-01
 4.19746357E-01
 5.16095637E-01
 6.11665318E-01
 4.92117315E-01
 6.52161176E-01
 6.78114801E-01
 2.97255486E-01
 3.85269256E-02
 7.13056499E-02
 1.65473126E-01
 2.87199830E-01
 4.09911218E-01
 5.33391959E-01
 5.56202644E-02
 2.35454145E-01
 1.16738227E-01
 8.18893928E-02
 2.59543651E-01
 4.12632398E-01
 1.18386343E-01
 9.21592697E-02
 1.13347721E-01
 3.30004301E-01
 5.38938837E-01
 2.43381624E-01
 1.14282234E-01
 3.33999355E-01
 4.92058551E-01
 3.56685167E-01
 2.75220900E-01
 5.57836911E-01
 4.50034402E-01
 4.44006772E-01
 5.73851499E-01
 2.71013270E-01
 4.52407442E-02
 1.62110869E-01
 3.13100960E-01
 4.61312980E-01
 5.78495514E-01
 7.07307252E-02
 1.13762756E-01
 1.29756469E-01
 3.48924266E-01
 5.62551323E-01
 1.96369122E-01
 1.39090957E-01
 4.74559086E-01
 6.83208619E-01
 3.49362143E-01
 3.60732208E-01
 7.03699943E-01
 4.78651136E-01
 5.75305774E-01
 5.90961599E-01
 3.18949115E-01
 1.57050979E-01
 3.05773898E-01
 4.73514257E-01
 1.72558621E-01
 5.92416772E-02
 3.33411744E-01
 3.19938114E-01
 3.32003530E-01
 6.71532510E-01
 4.80081117E-01
 3.90810433E-01
 2.79690754E-01
 4.59997875E-01
 6.43272077E-01
 2.71881289E-01
 2.50702230E-01
 5.55126118E-01
 4.60786490E-01
 5.52576679E-01
 4.72994810E-01
 4.02602058E-01
 5.84270267E-01
 3.95899899E-01
 4.15741197E-01
 5.32142717E-01
 5.77810197E-01
 3.90201875E-01
 1.68631540E-01
 2.00682068E-01
 2.27220108E-01
 3.38740276E-01
 4.52023596E-01
 2.24507309E-01
 1.42853080E-01
 3.59824353E-02
 1.49357989E-01
 3.14153673E-01
 4.47730710E-01
 1.82882245E-01
 1.22636908E-02
 1.68402923E-01
 3.65414465E-01
 2.87725226E-01
 1.58055738E-01
 3.51347250E-01
 3.81309391E-01
 2.74368482E-01
 4.44936256E-01
 7.75487468E-02
 1.93792858E-01
 1.41863322E-01
 5.00923489E-02
 2.39205680E-01
 2.28217996E-01
 5.62291348E-01
 3.44593696E-01
 5.00478755E-02
 9.32398608E-02
 3.25761397E-01
 4.69546740E-02
 9.62110901E-02
 4.25289451E-02
 2.52037328E-01
 5.33124248E-02
 1.38687213E-01
 1.05025290E-01
 3.28052640E-01
 1.19709114E-01
 3.36210983E-01
 2.40231152E-02
 1.18688472E-01
 2.57362871E-02
 2.54290300E-01
 3.30736878E-01
 1.44270924E-01
 4.07839607E-02
 3.17783491E-01
 2.35744398E-02
 6.48301180E-02
 3.10975180E-01
 2.66554969E-01
 2.21526401E-01
 5.45876435E-01
 2.24651376E-01
 3.90249271E-01
 3.21158492E-01
 1.25826700E-01
 2.27692923E-01
 3.57730274E-01
 4.88828924E-01
 5.93936811E-01
 1.41632813E-01
 4.24085852E-02
 1.70744745E-01
 3.71555095E-01
 5.66372742E-01
 2.40957082E-01
 1.74397950E-01
 4.78897571E-01
 6.65317431E-01
 3.72457148E-01
 3.60474151E-01
 7.06204563E-01
 4.77598012E-01
 5.75400743E-01
 5.89290733E-01
 7.06551611E-02
 1.24074389E-01
 1.08441156E-01
 3.26438151E-01
 1.59020825E-01
 3.26051758E-01
 2.60594450E-02
 1.25318351E-01
 2.55386331E-02
 2.38026059E-01
 3.31371675E-01
 1.58782110E-01
 1.15341437E-01
 4.60344664E-01
 6.81093549E-01
 9.46239004E-02
 2.39338273E-02
 2.60091919E-01
 4.58243781E-01
 2.57261260E-01
 6.82498030E-01
 2.99830401E-01
 3.08658734E-01
 6.74848479E-01
 3.12112105E-01
 2.82589680E-01
 6.29001781E-01
 4.50319102E-01
 5.44413962E-01
 4.99547933E-01
 5.40343349E-01
 3.67654328E-01
 2.08493153E-01
 3.38306977E-01
 4.92367778E-01
 1.57498004E-01
 9.70845636E-02
 3.45922880E-01
 3.42697404E-01
 3.39775640E-01
 6.43632643E-01
 4.83580568E-01
 1.55820793E-01
 5.62348314E-02
 3.21818577E-01
 5.11078861E-01
 1.38401213E-02
 5.60346905E-02
 2.70152094E-01
 3.15369556E-01
 2.60794565E-01
 3.01860152E-01
 3.08283071E-01
 6.77252893E-01
 3.11866945E-01
 2.85506343E-01
 6.30394681E-01
 4.65186650E-01
 6.07115161E-01
 3.96541767E-01
 2.41705018E-01
 4.72863618E-01
 2.22387004E-01
 2.64364391E-01
 4.67256162E-01
 2.65667028E-01
 2.06221103E-01
 5.45620264E-01
 2.14400081E-01
 4.50968516E-01
 4.51487724E-01
 4.14429283E-01
 5.85067641E-01
 4.09384498E-01
 4.12748236E-01
 5.37390622E-01
 3.87414176E-01
 4.10505629E-01
 3.40601395E-01
 5.41250311E-01
 5.60700538E-01
 4.81135490E-01
 6.09959625E-01
 4.34963751E-01
 4.14838428E-01
 4.78304299E-01
 5.40906619E-01
 5.93429707E-01
 6.77422571E-01
 4.74491750E-01
 2.34233213E-01
 2.45814515E-01
 3.50838857E-01
 4.54137968E-01
 5.52951290E-01
 4.58718929E-01
 2.85510791E-01
 3.49460086E-01
 4.78437763E-01
 6.04339294E-01
 7.00086253E-01
 5.41596212E-01
 4.18400724E-01
 5.05220268E-01
 6.39608694E-01
 6.19590883E-01
 5.07134100E-01
 5.83329319E-01
 6.68609586E-01
 5.63138489E-01
 7.06863072E-01
 7.27426624E-01
 4.00898707E-01
 1.77549116E-01
 2.03329053E-01
 2.82693799E-01
 3.91080512E-01
 4.97790784E-01
 6.02717178E-01
 1.87632166E-01
 6.95922980E-02
 2.65728856E-02
 2.05136599E-01
 3.80115574E-01
 4.97705694E-01
 2.40245657E-01
 6.65570103E-02
 2.15732936E-01
 4.09509051E-01
 5.97441855E-01
 3.49554427E-01
 2.30637940E-01
 4.11349678E-01
 5.47503176E-01
 4.50093423E-01
 3.72165587E-01
 6.20058236E-01
 5.31404312E-01
 5.33492868E-01
 6.49404078E-01
 3.77526563E-01
 2.03439767E-01
 2.74263827E-01
 4.04852061E-01
 5.37193610E-01
 6.39897320E-01
 1.97098774E-01
 2.65157345E-02
 2.26632644E-01
 4.25225455E-01
 6.19188509E-01
 3.01418565E-01
 2.36323518E-01
 5.13169785E-01
 7.04500740E-01
 4.38641548E-01
 4.36525863E-01
 7.27128478E-01
 5.54852726E-01
 6.35233613E-01
 6.57506541E-01
 4.16992355E-01
 2.74728009E-01
 3.98692802E-01
 5.45109969E-01
 2.88926129E-01
 1.83942643E-01
 4.12475774E-01
 4.13206080E-01
 4.12692030E-01
 6.94792047E-01
 5.53926282E-01
 4.80855298E-01
 3.84480796E-01
 5.36629219E-01
 6.93550324E-01
 3.91760847E-01
 3.57434774E-01
 6.13854538E-01
 5.39478193E-01
 6.11917923E-01
 5.51115210E-01
 4.91670115E-01
 6.45389861E-01
 4.85266057E-01
 5.02117372E-01
 6.48307952E-01
 6.40693341E-01
 4.90545041E-01
 3.04361162E-01
 3.30688697E-01
 3.40668156E-01
 4.39419796E-01
 5.37360719E-01
 2.56200241E-01
 1.82839260E-02
 1.04519896E-01
 2.70094687E-01
 4.32880313E-01
 5.38936914E-01
 3.01693950E-01
 1.42623948E-01
 2.79864197E-01
 4.46991812E-01
 3.93668629E-01
 2.73292252E-01
 4.26933341E-01
 4.71877563E-01
 3.65531556E-01
 5.21395535E-01
 2.18613293E-01
 8.71799140E-02
 1.17839128E-02
 1.78871578E-01
 3.48081525E-01
 5.96279670E-02
 3.64522052E-01
 1.91519067E-01
 7.62452482E-02
 4.92733253E-02
 1.73967253E-01
 4.72048260E-02
 2.19929482E-01
 8.13200679E-02
 3.60191100E-01
 1.83017069E-01
 5.88951910E-03
 2.05663990E-01
 4.08040331E-01
 2.37668336E-02
 1.86911529E-01
 6.43317281E-02
 2.21318075E-01
 6.53772532E-02
 2.81163008E-01
 4.14738978E-01
 2.76752158E-01
 1.68167929E-01
 3.98992837E-01
 1.75261026E-01
 6.31987979E-02
 3.96330879E-01
 3.72468735E-01
 3.45050026E-01
 6.06003765E-01
 3.33588584E-01
 4.81124747E-01
 4.23834577E-01
 2.54159505E-01
 3.37267918E-01
 4.60796837E-01
 5.69378739E-01
 6.57695351E-01
 2.77057317E-01
 1.03856715E-01
 2.72519200E-01
 4.49861443E-01
 6.22832011E-01
 3.45467695E-01
 2.71525424E-01
 5.17394921E-01
 6.81707093E-01
 4.58948686E-01
 4.29889816E-01
 7.30308865E-01
 5.48098884E-01
 6.33453040E-01
 6.55589055E-01
 2.00304347E-01
 2.13649437E-02
 2.11021082E-01
 4.08086863E-01
 3.86952879E-02
 1.75512486E-01
 6.43872419E-02
 2.28275093E-01
 6.60602185E-02
 2.62545856E-01
 4.15182527E-01
 2.82934999E-01
 2.14869436E-01
 4.99225944E-01
 7.03367023E-01
 2.22990449E-01
 6.47088948E-02
 2.87726245E-01
 5.00245032E-01
 2.84903152E-01
 7.07588094E-01
 3.92877036E-01
 4.05151360E-01
 6.97614154E-01
 3.92268040E-01
 3.49168380E-01
 6.96924943E-01
 5.28660280E-01
 6.02938554E-01
 5.68533276E-01
 6.10403452E-01
 4.66745208E-01
 3.27230049E-01
 4.32503261E-01
 5.64391763E-01
 3.30461384E-01
 2.20307597E-01
 4.23892320E-01
 4.33718918E-01
 4.16354292E-01
 6.56887667E-01
 5.54192843E-01
 2.73854177E-01
 1.83426969E-01
 4.03834199E-01
 5.71367680E-01
 1.89093824E-01
 7.20941463E-02
 3.37261010E-01
 4.00809596E-01
 3.26815291E-01
 3.94014790E-01
 4.09821084E-01
 6.99921728E-01
 3.90670411E-01
 3.51848969E-01
 6.97801768E-01
 5.38326353E-01
 6.64779192E-01
 4.88854009E-01
 4.10398255E-01
 5.48340821E-01
 4.11960810E-01
 3.68268529E-01
 5.44401245E-01
 3.68278160E-01
 3.53781397E-01
 6.05980482E-01
 3.50787931E-01
 5.28506743E-01
 5.19451148E-01
 5.01792978E-01
 6.44557038E-01
 4.98798617E-01
 4.96444422E-01
 6.44368221E-01
 4.75634057E-01
 4.97841311E-01
 4.42021605E-01
 6.11457075E-01
 6.48411344E-01
 5.60694383E-01
 6.88700446E-01
 5.47437036E-01
 5.30156769E-01
 5.83441262E-01
 6.17700718E-01
 6.77041638E-01
 7.43668367E-01
 5.79314979E-01
 3.79756978E-01
 3.85980879E-01
 4.75189415E-01
 5.62962453E-01
 6.44284289E-01
 5.62661472E-01
 4.18131159E-01
 4.65784435E-01
 5.75135901E-01
 6.81847569E-01
 7.61164714E-01
 6.31777157E-01
 5.30295993E-01
 5.97735926E-01
 7.08214257E-01
 6.97452893E-01
 6.36423695E-01
 6.67016289E-01
 7.34993381E-01
 6.46846216E-01
 7.67585289E-01
 7.81456556E-01
 5.20508577E-01
 3.38077244E-01
 3.25902958E-01
 4.20014304E-01
 5.12747292E-01
 6.00766376E-01
 6.84079321E-01
 3.41907904E-01
 1.24783326E-01
 1.95033706E-01
 3.49810200E-01
 5.01465245E-01
 6.18220637E-01
 3.82198216E-01
 2.30132104E-01
 3.63173065E-01
 5.05451711E-01
 6.68359165E-01
 4.74115069E-01
 3.67794483E-01
 5.04025810E-01
 6.69574820E-01
 5.57675236E-01
 4.86388543E-01
 6.91473350E-01
 6.23590639E-01
 6.33371974E-01
 7.31082388E-01
 5.00467307E-01
 3.29070496E-01
 4.01506963E-01
 5.18023932E-01
 6.26764605E-01
 7.12532029E-01
 3.50398101E-01
 1.91788502E-01
 3.41786774E-01
 5.16047818E-01
 6.86717764E-01
 4.24124571E-01
 3.50983886E-01
 5.60107686E-01
 7.30981096E-01
 5.41736801E-01
 5.25245518E-01
 7.55012630E-01
 6.41587720E-01
 7.03817170E-01
 7.31844312E-01
 5.31433675E-01
 4.12560466E-01
 5.08021885E-01
 6.29571085E-01
 4.24602580E-01
 3.30086379E-01
 5.05997753E-01
 5.21433794E-01
 5.07222025E-01
 7.23282168E-01
 6.38745876E-01
 5.85820076E-01
 5.07023093E-01
 6.26655464E-01
 7.52958611E-01
 5.13593389E-01
 4.82100332E-01
 6.83263936E-01
 6.30498125E-01
 6.81710236E-01
 6.47701534E-01
 5.95826515E-01
 7.17418498E-01
 5.96866439E-01
 6.03553065E-01
 7.20412383E-01
 7.14177287E-01
 6.01072909E-01
 4.53361987E-01
 3.86052260E-01
 4.71023296E-01
 5.55037109E-01
 6.35341437E-01
 4.02078586E-01
 2.03292158E-01
 2.66121321E-01
 4.08641081E-01
 5.48586305E-01
 6.56889148E-01
 4.37184161E-01
 2.99814507E-01
 4.23312141E-01
 5.50494960E-01
 5.21501349E-01
 4.09302978E-01
 5.18442871E-01
 5.75629960E-01
 4.74837050E-01
 6.09166080E-01
 3.32017577E-01
 1.12387874E-01
 1.84106172E-01
 3.36260207E-01
 4.76330470E-01
 1.42660664E-01
 1.31885003E-01
 1.05384559E-02
 2.25711964E-01
 2.14762665E-01
 3.86936934E-03
 1.59653642E-01
 3.61937542E-01
 2.25821012E-01
 4.82941620E-01
 3.34224837E-01
 1.75379629E-01
 3.24705193E-01
 5.02713920E-01
 1.91087364E-01
 1.11914087E-02
 1.70337367E-01
 3.40718477E-01
 1.73239469E-01
 3.15969525E-01
 5.11241286E-01
 4.14996117E-01
 3.17411631E-01
 4.95007532E-01
 3.24425540E-01
 2.13535865E-01
 4.95478100E-01
 5.04795287E-01
 4.72119672E-01
 6.77131827E-01
 4.72111610E-01
 5.87258621E-01
 5.40603059E-01
 4.00345956E-01
 4.62304601E-01
 5.67424415E-01
 6.70593280E-01
 7.33494426E-01
 4.19972190E-01
 2.88207345E-01
 3.94347333E-01
 5.43062800E-01
 6.90698371E-01
 4.66403481E-01
 3.85123449E-01
 5.64041126E-01
 7.03007408E-01
 5.57805428E-01
 5.11443588E-01
 7.58506591E-01
 6.28412675E-01
 7.00303442E-01
 7.29361953E-01
 3.50905781E-01
 1.91121771E-01
 3.31779421E-01
 5.04305133E-01
 2.05311624E-01
 7.62168874E-04
 1.72262541E-01
 3.47433443E-01
 1.73858483E-01
 2.94061213E-01
 5.11055812E-01
 4.08895881E-01
 3.32116539E-01
 5.46598737E-01
 7.30783278E-01
 3.40162598E-01
 1.70364567E-01
 3.23796379E-01
 5.50065250E-01
 3.20160776E-01
 7.36355933E-01
 5.02124954E-01
 5.00123485E-01
 7.25678801E-01
 5.00177827E-01
 4.29099955E-01
 7.25809485E-01
 6.20271853E-01
 6.81719917E-01
 6.48465567E-01
 6.91387884E-01
 5.82919356E-01
 4.65223876E-01
 5.42283265E-01
 6.48651306E-01
 4.62625359E-01
 3.63090838E-01
 5.15385260E-01
 5.38039334E-01
 5.05278038E-01
 7.39393799E-01
 6.34529839E-01
 4.30695852E-01
 3.31533223E-01
 5.00216280E-01
 6.42669667E-01
 3.36838792E-01
 2.21614720E-01
 4.17560853E-01
 4.99416424E-01
 4.35481546E-01
 5.02266730E-01
 5.04305538E-01
 7.27787450E-01
 5.03351845E-01
 4.31303473E-01
 7.27660043E-01
 6.23965904E-01
 7.31499359E-01
 6.10275393E-01
 5.29660503E-01
 6.36277787E-01
 5.30006383E-01
 4.88553726E-01
 6.32683363E-01
 4.88996243E-01
 4.79740570E-01
 6.77076766E-01
 4.78372682E-01
 6.19199930E-01
 6.58827628E-01
 6.03160933E-01
 7.14483148E-01
 6.01710616E-01
 5.94345146E-01
 7.19364902E-01
 5.96537055E-01
 6.00205537E-01
 5.99979181E-01
 6.92457755E-01
 7.20635694E-01
 6.52404216E-01
 7.81202293E-01
 6.81549356E-01
 6.69143660E-01
 7.07294486E-01
 7.30546508E-01
 7.72637061E-01
 8.19487605E-01
 6.86910977E-01
 5.60127395E-01
 5.63676869E-01
 6.27935355E-01
 6.91186884E-01
 7.49170983E-01
 6.89926391E-01
 5.86251629E-01
 6.18987716E-01
 6.97799755E-01
 7.74709100E-01
 8.31423047E-01
 7.39459851E-01
 6.67029893E-01
 7.14154896E-01
 7.92910181E-01
 7.87007423E-01
 7.43891668E-01
 8.02676218E-01
 8.13507686E-01
 7.46425063E-01
 8.35779623E-01
 8.42514538E-01
 6.63269813E-01
 5.13043444E-01
 5.21253304E-01
 5.89136931E-01
 6.56062211E-01
 7.18826560E-01
 7.77454216E-01
 5.33547625E-01
 3.77425297E-01
 4.25301238E-01
 5.37582873E-01
 6.47610574E-01
 7.31428580E-01
 5.61794563E-01
 4.51436560E-01
 5.43578889E-01
 6.71080181E-01
 7.77450994E-01
 6.44933991E-01
 5.47974768E-01
 6.39776179E-01
 7.63045529E-01
 6.84604313E-01
 6.27989155E-01
 7.80441549E-01
 7.29333942E-01
 7.43797056E-01
 8.17260988E-01
 6.34719588E-01
 5.23368084E-01
 5.73133788E-01
 6.57344509E-01
 7.40060315E-01
 7.96617840E-01
 5.38980768E-01
 4.30689185E-01
 5.24409623E-01
 6.50972632E-01
 7.75331711E-01
 5.88617865E-01
 5.30697267E-01
 6.74598001E-01
 7.99317018E-01
 6.73107786E-01
 6.55750383E-01
 8.20005886E-01
 7.44573452E-01
 7.89865589E-01
 8.13758091E-01
 6.68757902E-01
 5.83348347E-01
 6.49583364E-01
 7.36378539E-01
 5.92068953E-01
 5.22244902E-01
 6.44309127E-01
 6.59686870E-01
 6.45325545E-01
 8.04664546E-01
 7.43580200E-01
 7.07956104E-01
 6.51718455E-01
 7.35470012E-01
 8.24729088E-01
 6.56773428E-01
 6.33151163E-01
 7.73722728E-01
 7.39053659E-01
 7.77349599E-01
 7.52010108E-01
 7.15180519E-01
 8.00448680E-01
 7.16421164E-01
 7.20185855E-01
 8.03438588E-01
 7.98416288E-01
 7.26262742E-01
 5.61216825E-01
 5.67260560E-01
 6.28242358E-01
 6.88549481E-01
 7.45487300E-01
 5.79537462E-01
 4.38050656E-01
 4.80842277E-01
 5.83594888E-01
 6.84392998E-01
 7.61556776E-01
 6.04492970E-01
 5.06202136E-01
 5.91443805E-01
 7.09864981E-01
 6.80512505E-01
 5.90069930E-01
 6.53442993E-01
 6.97970345E-01
 6.14326785E-01
 7.12584395E-01
 5.28157450E-01
 3.70658323E-01
 4.19267987E-01
 5.29469717E-01
 6.37872731E-01
 3.92972347E-01
 2.06588308E-01
 2.73993953E-01
 4.43881238E-01
 4.40105532E-01
 2.81223626E-01
 3.83113099E-01
 5.44657368E-01
 4.37163579E-01
 6.29707922E-01
 5.27686958E-01
 4.10913399E-01
 5.13164442E-01
 6.42553576E-01
 4.22270222E-01
 2.70233148E-01
 3.92402896E-01
 5.25381013E-01
 3.94439157E-01
 5.17883207E-01
 6.49217583E-01
 5.85679877E-01
 5.13823879E-01
 6.37074246E-01
 5.19424377E-01
 4.35134243E-01
 6.38695538E-01
 6.50621913E-01
 6.26275845E-01
 7.69753770E-01
 6.26952706E-01
 7.08888014E-01
 6.79500308E-01
 5.80773001E-01
 6.23318520E-01
 6.98589200E-01
 7.72312730E-01
 8.28357609E-01
 5.95377074E-01
 5.02022712E-01
 5.96693212E-01
 6.78382444E-01
 7.80072566E-01
 6.25841796E-01
 5.59644574E-01
 6.76813533E-01
 7.70834634E-01
 6.83522014E-01
 6.36870097E-01
 8.22265560E-01
 7.26568910E-01
 7.85447338E-01
 8.11191413E-01
 5.43030298E-01
 4.24797401E-01
 5.20052246E-01
 6.44681026E-01
 4.33771902E-01
 2.80090886E-01
 3.94194078E-01
 5.30420774E-01
 3.93721047E-01
 5.20291303E-01
 6.48062300E-01
 5.78865832E-01
 5.18725741E-01
 6.66370223E-01
 8.01404265E-01
 5.25032615E-01
 3.93398110E-01
 4.93254451E-01
 6.69959087E-01
 5.09677212E-01
 8.08135083E-01
 6.53509427E-01
 6.41039246E-01
 7.97777561E-01
 6.41747818E-01
 5.83502198E-01
 7.99261927E-01
 7.30870568E-01
 7.73128560E-01
 7.74116104E-01
 7.83308985E-01
 7.17565565E-01
 6.33618014E-01
 6.81181823E-01
 7.53500346E-01
 6.23242794E-01
 5.48362235E-01
 6.50073587E-01
 6.70554454E-01
 6.37675682E-01
 8.08692553E-01
 7.35079745E-01
 5.97910487E-01
 5.24900682E-01
 6.41285728E-01
 7.43303690E-01
 5.28741495E-01
 4.40612267E-01
 5.71953595E-01
 6.41124061E-01
 5.90643442E-01
 6.56777064E-01
 6.44167467E-01
 7.99294223E-01
 6.44130031E-01
 5.84785547E-01
 8.00098458E-01
 7.32243846E-01
 8.10743757E-01
 7.27408447E-01
 6.69161383E-01
 7.42070062E-01
 6.67891023E-01
 6.34474543E-01
 7.37972025E-01
 6.58451075E-01
 6.31831024E-01
 7.69341463E-01
 6.31476770E-01
 7.36815504E-01
 7.59637097E-01
 7.19085547E-01
 7.95688365E-01
 7.18595928E-01
 7.08059614E-01
 8.02275687E-01
 7.16272046E-01
 7.17749122E-01
 7.18056236E-01
 7.84232407E-01
 8.02890138E-01
 7.56224603E-01
 8.85377223E-01
 8.33203265E-01
 8.26744003E-01
 8.46760574E-01
 8.58137781E-01
 8.80267735E-01
 9.04915663E-01
 8.35067920E-01
 7.68223807E-01
 7.70039412E-01
 8.03860116E-01
 8.37165709E-01
 8.67707981E-01
 8.36466099E-01
 7.81751913E-01
 7.98988965E-01
 8.40540969E-01
 8.81095173E-01
 9.10991782E-01
 8.62576397E-01
 8.24382273E-01
 8.49228601E-01
 8.90722670E-01
 8.87899747E-01
 8.65217478E-01
 8.96020276E-01
 9.16041949E-01
 8.87784071E-01
 9.12856736E-01
 9.13944355E-01
 8.24202081E-01
 7.43765206E-01
 7.48027391E-01
 7.83709681E-01
 8.18906678E-01
 8.51930090E-01
 8.82789580E-01
 7.54482164E-01
 6.72292469E-01
 6.97505097E-01
 7.56640011E-01
 8.14595251E-01
 8.58752710E-01
 7.69582646E-01
 7.11730014E-01
 7.60362050E-01
 8.27502782E-01
 8.84228722E-01
 8.14107358E-01
 7.84121967E-01
 8.22934420E-01
 8.74476412E-01
 8.31542989E-01
 8.26266313E-01
 8.83730173E-01
 8.76016097E-01
 8.65536414E-01
 9.06845039E-01
 8.07823263E-01
 7.49184257E-01
 7.75327479E-01
 8.19620446E-01
 8.63147450E-01
 8.92409756E-01
 7.57604718E-01
 7.00729011E-01
 7.49060852E-01
 8.15137255E-01
 8.80534849E-01
 7.82862362E-01
 7.51501529E-01
 8.26833028E-01
 9.01389691E-01
 8.26713358E-01
 8.15820078E-01
 9.04907502E-01
 8.73896703E-01
 8.89241991E-01
 9.03143842E-01
 8.25615503E-01
 7.80436500E-01
 8.15143871E-01
 8.60747434E-01
 7.85025159E-01
 7.47872272E-01
 8.11877158E-01
 8.20507131E-01
 8.12211829E-01
 8.96992018E-01
 8.64497773E-01
 8.46202740E-01
 8.16427807E-01
 8.60404017E-01
 9.07341498E-01
 8.19252831E-01
 8.06491290E-01
 8.80190610E-01
 8.62621896E-01
 8.82759298E-01
 8.69411991E-01
 8.49856665E-01
 8.94595180E-01
 8.50748394E-01
 8.52230309E-01
 8.96476061E-01
 8.94866038E-01
 8.35889316E-01
 7.70794664E-01
 7.73991249E-01
 8.05895305E-01
 8.37451582E-01
 8.67246840E-01
 7.80491828E-01
 7.06789878E-01
 7.29331475E-01
 7.83137573E-01
 8.35868729E-01
 8.76223126E-01
 7.94064812E-01
 7.43313555E-01
 7.88083953E-01
 8.49899510E-01
 8.34738865E-01
 8.10793808E-01
 8.20823618E-01
 8.39666005E-01
 7.87498988E-01
 8.38801130E-01
 7.52601070E-01
 6.70017704E-01
 6.95529059E-01
 7.53355423E-01
 8.10247426E-01
 6.82143902E-01
 5.84836157E-01
 6.32271600E-01
 7.07275567E-01
 7.06138493E-01
 6.20570232E-01
 6.71798707E-01
 7.58669435E-01
 6.97462711E-01
 8.00700162E-01
 7.53326725E-01
 6.90212192E-01
 7.43598762E-01
 8.11425987E-01
 6.95973227E-01
 6.15284849E-01
 6.78786434E-01
 7.49824884E-01
 6.79172385E-01
 7.45970876E-01
 8.14427836E-01
 7.81980054E-01
 7.43924403E-01
 8.08585000E-01
 7.47080161E-01
 7.02140180E-01
 8.09834783E-01
 8.16105470E-01
 8.03066919E-01
 8.78409979E-01
 8.03735883E-01
 8.48418926E-01
 8.34114543E-01
 7.83342205E-01
 8.05711068E-01
 8.44929785E-01
 8.83243894E-01
 9.12355443E-01
 7.91404354E-01
 7.44118122E-01
 7.93680516E-01
 8.43587689E-01
 8.85825278E-01
 8.21747633E-01
 7.71252559E-01
 8.28033296E-01
 9.05972233E-01
 8.31415734E-01
 7.99055882E-01
 9.05636872E-01
 8.80843849E-01
 8.85630593E-01
 9.01409754E-01
 7.62565271E-01
 7.00107030E-01
 7.48484420E-01
 8.13167639E-01
 7.02877601E-01
 6.21105259E-01
 6.79653781E-01
 7.52411574E-01
 6.77598593E-01
 7.47283877E-01
 8.12870980E-01
 7.78638017E-01
 7.46728050E-01
 8.24130256E-01
 8.95031222E-01
 7.50165501E-01
 6.80101762E-01
 7.30999813E-01
 8.26229609E-01
 7.42085484E-01
 8.99427374E-01
 8.17716593E-01
 8.10917850E-01
 8.93217380E-01
 8.11583628E-01
 7.79959255E-01
 8.94334089E-01
 8.60247786E-01
 8.80288233E-01
 8.80765163E-01
 8.86176999E-01
 8.55919686E-01
 8.21054528E-01
 8.38697993E-01
 8.72943545E-01
 8.04938159E-01
 7.63696604E-01
 8.14188466E-01
 8.25239475E-01
 8.03044123E-01
 8.98733397E-01
 8.55256779E-01
 7.89078069E-01
 7.50288843E-01
 8.10932979E-01
 8.64074016E-01
 7.52083353E-01
 7.04433874E-01
 7.71128061E-01
 8.10564969E-01
 7.84614199E-01
 8.19517235E-01
 8.12596663E-01
 8.93964147E-01
 8.12847191E-01
 7.80322008E-01
 8.94775833E-01
 8.61668088E-01
 9.00610141E-01
 8.58070264E-01
 8.26603041E-01
 8.63615954E-01
 8.24430921E-01
 8.04305662E-01
 8.59607266E-01
 8.20382244E-01
 8.05916365E-01
 8.77785179E-01
 8.05967329E-01
 8.61554668E-01
 8.73069098E-01
 8.50686602E-01
 8.89833395E-01
 8.50597873E-01
 8.56289698E-01
 8.95294103E-01
 8.50653600E-01
 8.50806144E-01
 8.52090783E-01
 8.95637518E-01
 8.95679991E-01
 8.82396600E-01
