 8.27030481E-01
 7.78359359E-01
 8.04088387E-01
 8.47991038E-01
 8.75677860E-01
 9.07974637E-01
 9.29436380E-01
 7.89266469E-01
 7.38433109E-01
 7.74762074E-01
 8.26689955E-01
 8.76063641E-01
 9.18472857E-01
 8.09956541E-01
 7.79094912E-01
 8.33103945E-01
 8.81048629E-01
 9.23892637E-01
 9.58644366E-01
 8.58814420E-01
 8.43180290E-01
 8.89225145E-01
 9.19130175E-01
 8.96997475E-01
 8.89189955E-01
 9.38181075E-01
 9.26359538E-01
 9.31069335E-01
 9.63090278E-01
 9.53425939E-01
 8.07849167E-01
 7.50770414E-01
 7.79032208E-01
 8.24832292E-01
 8.94444796E-01
 9.24715236E-01
 9.42110554E-01
 7.67762579E-01
 7.14846457E-01
 7.66699941E-01
 8.30361655E-01
 8.89698456E-01
 9.39574586E-01
 8.02905615E-01
 7.72043824E-01
 8.31119617E-01
 8.86533120E-01
 9.50526105E-01
 8.55899261E-01
 8.43924632E-01
 8.94706811E-01
 9.40566168E-01
 8.96544028E-01
 9.05115318E-01
 9.52428947E-01
 9.29355203E-01
 9.38504495E-01
 9.47520536E-01
 8.34819979E-01
 7.94159437E-01
 8.28626875E-01
 8.71019858E-01
 9.31904922E-01
 9.56207048E-01
 8.08413677E-01
 7.71949187E-01
 8.23986096E-01
 8.80573016E-01
 9.32469411E-01
 8.44592989E-01
 8.25409205E-01
 8.78441271E-01
 9.35449781E-01
 8.91055011E-01
 8.88775095E-01
 9.41523410E-01
 9.27714873E-01
 9.42705027E-01
 9.49709009E-01
 8.75258030E-01
 8.50224044E-01
 8.83030550E-01
 9.16063928E-01
 8.59791774E-01
 8.43765264E-01
 8.92367370E-01
 8.92300107E-01
 8.91334001E-01
 9.42825072E-01
 9.28453430E-01
 9.02960051E-01
 8.88908213E-01
 9.20752773E-01
 9.46750955E-01
 8.95451273E-01
 8.94242874E-01
 9.40452974E-01
 9.26615683E-01
 9.40353454E-01
 9.26533015E-01
 9.18732628E-01
 9.45358546E-01
 9.22562319E-01
 9.28937450E-01
 9.47094633E-01
 9.47756480E-01
 8.24032216E-01
 7.70260791E-01
 7.96655368E-01
 8.39693028E-01
 8.81839479E-01
 9.24769940E-01
 7.71518556E-01
 7.20605164E-01
 7.72597833E-01
 8.35399723E-01
 8.93386677E-01
 9.24746537E-01
 8.04363046E-01
 7.74557235E-01
 8.33594247E-01
 8.88209673E-01
 8.56959220E-01
 8.45345237E-01
 8.95495531E-01
 8.97371661E-01
 9.05493973E-01
 9.29753904E-01
 7.82772563E-01
 7.26883829E-01
 7.69551551E-01
 8.28455381E-01
 8.85509859E-01
 7.43986279E-01
 6.80888733E-01
 7.35487817E-01
 8.19168044E-01
 7.90448144E-01
 7.41444576E-01
 7.89024713E-01
 8.53323539E-01
 8.32933922E-01
 9.02859346E-01
 8.13617305E-01
 7.74502124E-01
 8.22326864E-01
 8.77087225E-01
 7.90319889E-01
 7.37493688E-01
 7.83130043E-01
 8.40152855E-01
 7.90497587E-01
 8.26864852E-01
 8.97174186E-01
 8.60797351E-01
 8.42270946E-01
 8.88783623E-01
 8.51841546E-01
 8.29856703E-01
 8.97263791E-01
 8.95495541E-01
 8.92585819E-01
 9.37999990E-01
 8.98020924E-01
 9.22463101E-01
 8.42955834E-01
 8.05925643E-01
 8.40444982E-01
 8.81571243E-01
 9.21142527E-01
 9.43621400E-01
 8.11005337E-01
 7.76528554E-01
 8.28887689E-01
 8.84431077E-01
 9.34446189E-01
 8.46100139E-01
 8.27821215E-01
 8.80465526E-01
 9.35958967E-01
 8.92219658E-01
 8.89995245E-01
 9.42055748E-01
 9.28565109E-01
 9.43328158E-01
 9.50101980E-01
 8.15390218E-01
 7.77709237E-01
 8.26002928E-01
 8.80445395E-01
 7.91282809E-01
 7.39382532E-01
 7.85296017E-01
 8.40903990E-01
 7.91688888E-01
 8.27712895E-01
 8.97768417E-01
 8.47790148E-01
 8.25290913E-01
 8.75622431E-01
 9.23177089E-01
 8.39208820E-01
 7.89107212E-01
 8.15171336E-01
 8.92740607E-01
 8.31737093E-01
 9.39773182E-01
 8.91824518E-01
 8.88246038E-01
 9.35037989E-01
 8.95800179E-01
 8.78946729E-01
 9.40300105E-01
 9.26063646E-01
 9.38884643E-01
 9.38607337E-01
 9.47524879E-01
 8.78496850E-01
 8.55908016E-01
 8.89356363E-01
 9.21935828E-01
 8.61020489E-01
 8.46270465E-01
 8.94984530E-01
 8.93133618E-01
 8.92573914E-01
 9.43524599E-01
 9.29121203E-01
 8.61966734E-01
 8.44814275E-01
 8.91762628E-01
 9.25854404E-01
 8.52556631E-01
 8.31369985E-01
 8.77146295E-01
 8.97822919E-01
 8.81592034E-01
 8.92021547E-01
 8.88774615E-01
 9.35595001E-01
 8.95925871E-01
 8.79245800E-01
 9.40255618E-01
 9.27263626E-01
 9.54519085E-01
 9.04314234E-01
 8.92066952E-01
 9.24528077E-01
 8.96159421E-01
 8.95793382E-01
 9.27108352E-01
 8.96287397E-01
 8.94478822E-01
 9.40002814E-01
 8.98586155E-01
 9.26273063E-01
 9.27332727E-01
 9.20911642E-01
 9.47941850E-01
 9.23198514E-01
 9.30048140E-01
 9.46844322E-01
 9.23147703E-01
 9.29452094E-01
 9.26150472E-01
 9.47255045E-01
 9.48456070E-01
 9.42851139E-01
 5.89962389E-01
 4.75309453E-01
 5.37022862E-01
 6.41539859E-01
 7.37205043E-01
 8.08369565E-01
 8.29704025E-01
 4.94860146E-01
 3.88427557E-01
 5.02096973E-01
 6.01630170E-01
 7.11368424E-01
 8.00267531E-01
 5.54307567E-01
 4.67025338E-01
 5.90178021E-01
 7.01948391E-01
 8.33867467E-01
 8.97199913E-01
 6.49621973E-01
 6.06373243E-01
 7.15978127E-01
 8.31319627E-01
 7.40525676E-01
 7.13513454E-01
 8.47089543E-01
 8.32770227E-01
 8.32215281E-01
 9.10755743E-01
 8.90196632E-01
 5.95664689E-01
 4.16240756E-01
 5.34529996E-01
 6.45788329E-01
 7.50201338E-01
 8.21320498E-01
 8.62091540E-01
 4.45518736E-01
 3.12497953E-01
 4.30677410E-01
 6.34630431E-01
 7.72907116E-01
 8.55490963E-01
 5.24126145E-01
 4.44756698E-01
 5.82376742E-01
 7.59330791E-01
 8.81222551E-01
 6.50966537E-01
 6.16136824E-01
 7.76366079E-01
 8.56796032E-01
 7.49965656E-01
 7.76636781E-01
 8.85076785E-01
 8.36804432E-01
 8.61386348E-01
 8.94086928E-01
 6.10149438E-01
 5.08289210E-01
 5.83837706E-01
 7.48267278E-01
 8.41031419E-01
 8.97352523E-01
 5.47349993E-01
 4.57013267E-01
 5.75864373E-01
 7.49661879E-01
 8.70326183E-01
 6.33346426E-01
 5.84497484E-01
 7.04622027E-01
 8.48857056E-01
 7.44324938E-01
 7.54130202E-01
 8.63421436E-01
 8.38511812E-01
 8.67607905E-01
 8.89102826E-01
 7.09204434E-01
 6.47125128E-01
 7.19921204E-01
 8.38282768E-01
 6.74920663E-01
 6.35349263E-01
 7.45419356E-01
 7.51843706E-01
 7.47490318E-01
 8.68749102E-01
 8.36739113E-01
 7.77101904E-01
 7.42392937E-01
 8.13027222E-01
 8.69383330E-01
 7.61822762E-01
 7.57633473E-01
 8.60217779E-01
 8.34297913E-01
 8.67235921E-01
 8.33547509E-01
 8.14187683E-01
 8.71554044E-01
 8.26209309E-01
 8.38492393E-01
 8.83748675E-01
 8.83063099E-01
 6.02031481E-01
 5.43923556E-01
 5.54303450E-01
 6.43181156E-01
 7.49101372E-01
 8.21074722E-01
 4.66068730E-01
 3.39328567E-01
 4.55526258E-01
 5.99425038E-01
 7.71573650E-01
 8.54797825E-01
 5.29525511E-01
 4.53526391E-01
 5.90814192E-01
 7.15953562E-01
 6.53743260E-01
 6.20067641E-01
 7.76095277E-01
 7.52024670E-01
 7.76924934E-01
 8.37497950E-01
 4.92621436E-01
 3.54815099E-01
 4.47604946E-01
 6.51971718E-01
 7.81453609E-01
 3.96076959E-01
 2.42039184E-01
 3.64860376E-01
 5.56887791E-01
 5.05658215E-01
 3.85080840E-01
 4.87735904E-01
 6.55743846E-01
 6.29337145E-01
 7.82607251E-01
 5.66071555E-01
 4.70027678E-01
 5.76396750E-01
 6.99888244E-01
 5.13765799E-01
 3.87571043E-01
 4.87607962E-01
 6.31569085E-01
 5.13064575E-01
 6.02098331E-01
 7.65269803E-01
 6.80244199E-01
 6.34570005E-01
 7.38228206E-01
 6.62349099E-01
 6.10070260E-01
 7.67932326E-01
 7.63174143E-01
 7.54524895E-01
 8.54545790E-01
 7.71056861E-01
 8.26410587E-01
 6.46175004E-01
 5.56030897E-01
 6.28775152E-01
 7.18508292E-01
 8.42108559E-01
 8.98495048E-01
 5.56296544E-01
 4.71513675E-01
 5.90701149E-01
 7.17431924E-01
 8.70855631E-01
 6.36738926E-01
 5.90149797E-01
 7.08952979E-01
 8.49232153E-01
 7.46703694E-01
 7.55463876E-01
 8.63961128E-01
 8.39948404E-01
 8.68560738E-01
 8.89940497E-01
 5.71666922E-01
 4.79572903E-01
 5.87116986E-01
 7.09852462E-01
 5.15797373E-01
 3.91865972E-01
 4.92616904E-01
 6.32996979E-01
 5.15293443E-01
 6.03498166E-01
 7.66448369E-01
 6.50344699E-01
 5.95474193E-01
 7.07727853E-01
 8.13038660E-01
 6.33339433E-01
 5.16483438E-01
 5.65815157E-01
 7.57587495E-01
 6.24939243E-01
 8.67454526E-01
 7.54770980E-01
 7.44672504E-01
 8.47801524E-01
 7.65981466E-01
 7.24795423E-01
 8.68772383E-01
 8.34432058E-01
 8.60873265E-01
 8.65216899E-01
 8.84936993E-01
 7.20534872E-01
 6.65130826E-01
 7.39069093E-01
 8.11378729E-01
 6.77339519E-01
 6.40860823E-01
 7.51218634E-01
 7.53074650E-01
 7.49402364E-01
 8.69788293E-01
 8.37864721E-01
 6.82849879E-01
 6.40702081E-01
 7.45747143E-01
 8.19519286E-01
 6.63438174E-01
 6.12976068E-01
 7.10696785E-01
 7.68898851E-01
 7.36006619E-01
 7.55065089E-01
 7.45839323E-01
 8.49165930E-01
 7.66148491E-01
 7.25357962E-01
 8.68655680E-01
 8.37069908E-01
 9.00258044E-01
 7.79979324E-01
 7.49784357E-01
 8.22310671E-01
 7.62538439E-01
 7.60309739E-01
 8.34945718E-01
 7.64448357E-01
 7.58641303E-01
 8.59325992E-01
 7.71965359E-01
 8.34774410E-01
 8.34528824E-01
 8.18636493E-01
 8.77468312E-01
 8.27117426E-01
 8.40585340E-01
 8.83115868E-01
 8.27633204E-01
 8.39457786E-01
 8.37806640E-01
 8.84299292E-01
 8.84229325E-01
 8.74627878E-01
 2.88688337E-01
 9.61110853E-02
 2.08453366E-01
 3.85246334E-01
 5.46675964E-01
 6.68385593E-01
 7.55138346E-01
 1.16734714E-01
 5.78159327E-02
 1.50274220E-01
 3.76911057E-01
 5.00141219E-01
 6.38036762E-01
 2.47366232E-01
 1.68414371E-01
 3.19022968E-01
 5.13231145E-01
 7.00304554E-01
 8.09724806E-01
 3.68928310E-01
 2.81571193E-01
 5.44892782E-01
 6.95757585E-01
 5.07795874E-01
 5.38587767E-01
 7.19419957E-01
 6.88419295E-01
 6.90244270E-01
 8.36888179E-01
 8.03237159E-01
 3.18579192E-01
 1.63292235E-01
 3.06188488E-01
 3.92739121E-01
 5.65101880E-01
 6.84626620E-01
 7.55527659E-01
 4.68479093E-02
 1.90749069E-01
 1.32315921E-01
 3.77771423E-01
 6.04853642E-01
 7.42463071E-01
 1.61193181E-01
 2.40070533E-02
 3.77394038E-01
 5.96579620E-01
 7.94870687E-01
 3.72012772E-01
 3.96870992E-01
 6.23736619E-01
 7.53660953E-01
 5.89648397E-01
 6.09819967E-01
 8.16800537E-01
 7.16143492E-01
 7.57811284E-01
 8.22458559E-01
 3.25466000E-01
 2.66797604E-01
 4.16234686E-01
 5.76873683E-01
 7.27885762E-01
 8.20760860E-01
 2.17523233E-01
 6.49292219E-02
 3.77299874E-01
 5.87298439E-01
 7.80621090E-01
 3.69494557E-01
 2.92100235E-01
 5.82882319E-01
 7.59624296E-01
 5.57237635E-01
 5.93499818E-01
 7.82430022E-01
 7.29337971E-01
 7.84462738E-01
 8.17551497E-01
 4.98069791E-01
 3.86441302E-01
 6.02797041E-01
 7.29049324E-01
 4.44226931E-01
 3.78021745E-01
 6.21457135E-01
 5.80559301E-01
 5.76337258E-01
 7.95609155E-01
 7.25033310E-01
 6.18595956E-01
 5.55022088E-01
 6.71328225E-01
 8.32184805E-01
 5.96634345E-01
 5.88403590E-01
 7.89884070E-01
 7.22763923E-01
 7.81072265E-01
 7.18328459E-01
 6.82036682E-01
 7.72801027E-01
 7.08797168E-01
 7.25480331E-01
 8.09486629E-01
 8.04709464E-01
 3.39841513E-01
 1.94242417E-01
 3.36081251E-01
 3.90801192E-01
 5.63854194E-01
 6.84461443E-01
 1.43955020E-01
 9.00221246E-02
 9.30809326E-02
 3.69975889E-01
 6.00798975E-01
 7.40090312E-01
 1.80659142E-01
 5.13405523E-02
 2.93181783E-01
 5.92908113E-01
 3.78840599E-01
 3.11477205E-01
 6.21497024E-01
 5.46027034E-01
 6.08841805E-01
 7.16837474E-01
 1.44257194E-01
 9.49565373E-02
 1.92983636E-01
 4.16778350E-01
 6.26261707E-01
 3.48959077E-02
 2.91724679E-01
 7.69697007E-02
 3.64143023E-01
 1.55668500E-01
 4.15598001E-02
 2.62303963E-01
 4.06565007E-01
 3.87621786E-01
 6.32632848E-01
 2.62366329E-01
 1.00888581E-01
 2.83413633E-01
 6.04378159E-01
 1.85004202E-01
 1.52516670E-02
 1.58205702E-01
 3.94893456E-01
 2.09124712E-01
 3.85722222E-01
 6.13988972E-01
 4.59349468E-01
 3.82453104E-01
 5.57945897E-01
 4.39166039E-01
 3.58689778E-01
 6.23905315E-01
 6.01537743E-01
 5.84952236E-01
 7.49583292E-01
 6.20432052E-01
 7.10024952E-01
 4.45015968E-01
 2.90701630E-01
 4.12943639E-01
 5.76439304E-01
 7.28985599E-01
 8.22238179E-01
 2.45348772E-01
 1.04099065E-01
 3.10020946E-01
 5.85989990E-01
 7.80199707E-01
 3.76215762E-01
 3.02630922E-01
 5.82508714E-01
 7.58673012E-01
 5.60673854E-01
 5.93898991E-01
 7.81826256E-01
 7.28594154E-01
 7.84312451E-01
 8.30322984E-01
 2.77007303E-01
 1.23460912E-01
 3.07252715E-01
 6.06503731E-01
 1.88376010E-01
 8.01566199E-03
 1.66286586E-01
 3.96661046E-01
 2.11487565E-01
 3.86937358E-01
 6.15529659E-01
 4.17171304E-01
 3.33218832E-01
 5.27897264E-01
 6.83412759E-01
 4.05135682E-01
 2.28172106E-01
 3.91579218E-01
 6.23575524E-01
 4.27758144E-01
 8.00237992E-01
 5.93698040E-01
 5.81204554E-01
 7.55034565E-01
 6.23255769E-01
 5.61738724E-01
 8.02484055E-01
 7.25937058E-01
 7.68457356E-01
 7.83964075E-01
 8.11855266E-01
 5.30894083E-01
 4.32842987E-01
 5.53132412E-01
 7.30113028E-01
 4.48201756E-01
 3.87020531E-01
 5.75641728E-01
 5.81024304E-01
 5.76838175E-01
 7.96145073E-01
 7.25851267E-01
 4.63828655E-01
 3.93300524E-01
 5.71449806E-01
 6.78783452E-01
 4.39711222E-01
 3.61927315E-01
 5.81980036E-01
 6.24769286E-01
 5.83135362E-01
 5.93775444E-01
 5.82863610E-01
 7.57127477E-01
 6.23235842E-01
 5.62217591E-01
 8.02276011E-01
 7.32290410E-01
 8.38257021E-01
 6.23387214E-01
 5.67693381E-01
 6.87618110E-01
 5.95585745E-01
 5.90298747E-01
 7.22622973E-01
 6.02268186E-01
 5.90915296E-01
 7.57271616E-01
 6.21023112E-01
 7.26152259E-01
 7.17668099E-01
 6.87513558E-01
 7.81416152E-01
 7.08943590E-01
 7.27439481E-01
 8.08295081E-01
 7.11199811E-01
 7.26793856E-01
 7.34327269E-01
 8.10729165E-01
 8.05516628E-01
 7.94887040E-01
 6.19704696E-02
 3.26629500E-01
 1.40427850E-01
 1.02031607E-01
 3.23186060E-01
 4.97673998E-01
 6.30488127E-01
 3.20554816E-01
 5.39424301E-01
 1.94918909E-01
 5.98802649E-02
 2.29258872E-01
 4.38491181E-01
 1.19435199E-01
 3.89569137E-01
 4.08189990E-02
 3.01533485E-01
 5.41225354E-01
 6.89494005E-01
 1.07129268E-01
 7.94429624E-02
 3.27555305E-01
 5.40387927E-01
 1.46901694E-01
 2.56469555E-01
 5.53285605E-01
 4.85407468E-01
 4.64956225E-01
 7.18448219E-01
 6.75347338E-01
 1.84309795E-02
 1.74682387E-01
 5.58909595E-02
 2.87837387E-01
 3.45378822E-01
 5.08935569E-01
 6.17252595E-01
 1.76224892E-01
 5.48824468E-01
 1.73612602E-01
 1.30837249E-01
 4.13612466E-01
 5.94066067E-01
 2.48116221E-01
 2.16727654E-01
 2.11975434E-01
 4.72674464E-01
 7.08639765E-01
 1.53364665E-02
 1.31697614E-01
 5.00617542E-01
 6.59817112E-01
 3.66531554E-01
 3.96423320E-01
 7.31429512E-01
 5.57262198E-01
 6.21548602E-01
 7.32303188E-01
 1.15758965E-01
 3.89641914E-02
 2.03475719E-01
 4.07414508E-01
 5.99769276E-01
 7.23166557E-01
 1.51177999E-01
 1.45922596E-01
 2.10661772E-01
 4.60664377E-01
 6.91272194E-01
 8.65072201E-02
 1.69017043E-01
 5.36834369E-01
 7.30219260E-01
 4.11793328E-01
 4.53510379E-01
 7.54171944E-01
 5.99862538E-01
 6.92482528E-01
 7.48262289E-01
 2.44577955E-01
 2.36079052E-01
 4.45240196E-01
 6.15718383E-01
 1.78313791E-01
 1.00178714E-01
 5.06801316E-01
 3.93690801E-01
 4.78524823E-01
 7.75661887E-01
 6.27949803E-01
 4.24300682E-01
 3.22771067E-01
 6.06095696E-01
 7.54747211E-01
 3.99692644E-01
 3.89874783E-01
 7.06898394E-01
 5.94831325E-01
 6.93315649E-01
 5.77380237E-01
 5.16234240E-01
 6.39813594E-01
 5.67565912E-01
 5.85179850E-01
 7.23795173E-01
 7.11224425E-01
 7.08515093E-02
 1.03014214E-01
 1.21053427E-01
 3.42013970E-01
 5.39108622E-01
 5.13398509E-01
 1.80120414E-01
 3.14474717E-01
 1.93614167E-01
 1.17696274E-01
 4.05829085E-01
 5.88853052E-01
 1.81687681E-01
 3.30809638E-01
 1.99873272E-01
 4.65229784E-01
 3.40992960E-02
 1.20246159E-01
 4.94933069E-01
 3.65744252E-01
 4.01619442E-01
 5.58287774E-01
 1.80325302E-01
 3.94929729E-01
 8.10689659E-02
 1.94785025E-01
 4.53812187E-01
 4.87674479E-01
 5.98476212E-01
 1.92283495E-01
 1.73326693E-01
 1.97971712E-01
 4.04815035E-01
 1.49543960E-01
 1.26408424E-01
 1.82187833E-01
 4.62181666E-01
 6.44615352E-02
 2.61624484E-01
 2.50937643E-01
 4.87933705E-01
 1.34271742E-01
 3.40582356E-01
 1.37386912E-01
 2.02404151E-01
 1.27713287E-01
 3.53461324E-01
 5.07077853E-01
 2.11256907E-01
 1.16985078E-01
 5.18300474E-01
 2.11983097E-01
 1.38309989E-01
 5.01588588E-01
 4.11853813E-01
 3.88865746E-01
 6.31349181E-01
 4.53224748E-01
 5.71088261E-01
 1.05583919E-01
 4.91926435E-02
 2.00403553E-01
 4.07318101E-01
 6.01373631E-01
 7.25096060E-01
 7.04388204E-02
 2.36423698E-01
 2.02127547E-01
 4.56415063E-01
 6.88676563E-01
 1.01319886E-01
 4.70207338E-02
 5.34816224E-01
 7.27526456E-01
 3.43085906E-01
 4.51177684E-01
 7.51717822E-01
 5.97825795E-01
 6.92130899E-01
 7.45541611E-01
 2.90293885E-02
 2.13423913E-01
 2.52805654E-01
 4.90496629E-01
 1.28662355E-01
 3.29887017E-01
 1.38982621E-01
 2.03936280E-01
 1.28773244E-01
 3.54149719E-01
 5.08652910E-01
 1.85489502E-01
 1.18765384E-01
 5.53313008E-01
 7.42019723E-01
 2.25879569E-01
 6.72140563E-02
 3.61264256E-01
 5.72771708E-01
 3.95070461E-01
 7.81046036E-01
 4.26866484E-01
 4.37633846E-01
 7.14267481E-01
 5.04188327E-01
 4.61003126E-01
 7.83818736E-01
 6.05024799E-01
 6.71528598E-01
 7.05593595E-01
 7.27875575E-01
 3.31343815E-01
 1.88072045E-01
 4.42523723E-01
 6.15601606E-01
 1.86003890E-01
 1.13455287E-01
 5.04767885E-01
 3.91035595E-01
 4.75827253E-01
 7.75117146E-01
 6.22033653E-01
 2.18607914E-01
 1.33446131E-01
 4.12463141E-01
 6.85265932E-01
 2.10204465E-01
 1.39230886E-01
 5.03178315E-01
 5.01363470E-01
 4.96228811E-01
 4.26048829E-01
 4.39065108E-01
 7.16145315E-01
 5.03562966E-01
 4.60578758E-01
 7.83550790E-01
 6.22588570E-01
 7.71496730E-01
 4.32448519E-01
 3.41547266E-01
 5.14815367E-01
 3.93018575E-01
 3.85730258E-01
 5.91756740E-01
 4.09595777E-01
 3.94500690E-01
 6.39951115E-01
 4.52032524E-01
 6.04498236E-01
 5.70672623E-01
 5.17959393E-01
 6.45632463E-01
 5.64520204E-01
 6.10778973E-01
 7.21813138E-01
 5.70699273E-01
 5.86578925E-01
 6.15019367E-01
 7.26113595E-01
 7.09565834E-01
 7.03154107E-01
 4.83782701E-01
 8.31263817E-01
 5.53319330E-01
 2.32428376E-01
 5.95802382E-02
 2.96945698E-01
 3.17387670E-01
 8.56780235E-01
 1.12353212E+00
 6.07698351E-01
 4.98581835E-01
 1.17856113E-01
 1.70057209E-01
 8.35744963E-01
 9.69574922E-01
 3.06660079E-01
 4.83929021E-02
 3.69461857E-01
 5.31320295E-01
 4.21639588E-01
 4.74424525E-01
 4.46341642E-02
 3.32876508E-01
 1.45323813E-01
 1.92261022E-01
 2.70648294E-01
 1.95860362E-01
 1.47392419E-01
 5.58393418E-01
 4.93588860E-01
 3.25980703E-01
 5.57341542E-01
 2.22832299E-01
 6.93375448E-02
 1.17603460E-01
 3.38998370E-01
 4.41670530E-01
 5.79310045E-01
 1.07233170E+00
 5.39623644E-01
 1.73897308E-01
 1.72086512E-01
 4.02507602E-01
 5.77950165E-01
 6.37344090E-01
 1.16126105E-02
 3.18737534E-01
 5.96640584E-01
 2.22042134E-01
 2.08083973E-01
 3.43637757E-01
 5.34200659E-01
 7.38486811E-02
 1.15294222E-01
 6.24593594E-01
 3.46663697E-01
 4.41798317E-01
 6.17690030E-01
 2.17490077E-01
 4.08008897E-01
 5.26033441E-02
 2.01162607E-01
 4.41371410E-01
 6.00474318E-01
 4.09637859E-01
 5.17929845E-01
 1.23721280E-02
 3.07288564E-01
 5.79738721E-01
 1.06980811E-01
 6.26225166E-02
 4.87318488E-01
 6.97264262E-01
 1.90836349E-01
 2.77247800E-01
 7.20591557E-01
 4.37994168E-01
 5.78055648E-01
 6.47945703E-01
 8.03744021E-02
 4.26782678E-02
 2.56353725E-01
 4.78694350E-01
 1.63411746E-01
 6.62117940E-02
 3.70389288E-01
 2.36186702E-01
 3.25928150E-01
 7.54121170E-01
 4.94693762E-01
 1.81244668E-01
 1.97411308E-01
 4.60079308E-01
 6.61522578E-01
 1.55453773E-01
 2.32417309E-01
 6.07809866E-01
 4.37517697E-01
 5.88766903E-01
 4.06048364E-01
 3.07974988E-01
 6.14141458E-01
 3.98805334E-01
 4.59175321E-01
 6.26119149E-01
 6.00762022E-01
 2.17054256E-01
 4.14753407E-01
 9.88760646E-02
 1.71704667E-01
 9.84689927E-02
 3.28619812E-01
 5.68279141E-01
 6.90869888E-01
 5.51718333E-01
 1.86330785E-01
 1.62031241E-01
 3.94412735E-01
 6.22760064E-01
 6.78364684E-01
 8.00064682E-03
 3.05780778E-01
 2.51031533E-01
 2.32333341E-01
 3.31785808E-01
 5.77902508E-02
 1.22975193E-01
 3.41049349E-01
 3.10849640E-01
 8.70851334E-01
 4.07873429E-01
 7.37857615E-02
 2.41281746E-01
 8.73100297E-01
 1.09777107E+00
 4.81146969E-01
 5.80628005E-02
 6.67572361E-01
 5.52574666E-01
 2.06672746E-02
 7.70333438E-02
 7.35053926E-02
 2.45349618E-01
 4.69418146E-01
 4.10012346E-01
 7.13622733E-02
 3.49645682E-01
 5.39806518E-01
 5.08507141E-01
 4.80232834E-03
 4.40270173E-02
 2.66590877E-02
 3.24114333E-01
 3.71954051E-01
 9.75699356E-02
 2.24467897E-01
 3.89780644E-01
 6.83916333E-02
 1.41018919E-01
 3.52429752E-01
 1.81396017E-01
 1.43400225E-01
 6.15888591E-01
 2.53703639E-01
 4.06798734E-01
 2.30208567E-01
 3.89134533E-01
 4.40445875E-02
 2.07425685E-01
 4.46625875E-01
 6.04376307E-01
 4.53422026E-01
 5.54866250E-01
 2.57587026E-03
 2.98303825E-01
 5.72868367E-01
 2.56982641E-01
 8.26780037E-02
 4.82713630E-01
 6.91554088E-01
 1.76871127E-01
 2.71530875E-01
 7.46342821E-01
 4.33149184E-01
 5.76889203E-01
 6.43828712E-01
 3.84438225E-01
 4.14419741E-01
 7.32673698E-02
 3.52552552E-01
 5.28970416E-01
 7.48473723E-01
 5.56324077E-03
 4.39033179E-02
 2.69580947E-02
 3.23734596E-01
 3.65739517E-01
 1.00583429E-01
 1.53031431E-01
 5.07402444E-01
 7.14014327E-01
 6.49109965E-03
 1.33256549E-01
 3.34936601E-01
 5.13442270E-01
 3.64039339E-01
 7.60954348E-01
 2.24611091E-01
 2.59481506E-01
 7.51492702E-01
 3.63316434E-01
 3.92228830E-01
 7.64352268E-01
 4.62165141E-01
 5.52890021E-01
 6.16900417E-01
 6.32568974E-01
 5.89260652E-02
 6.01941227E-02
 2.50400989E-01
 4.76425783E-01
 1.43937931E-01
 2.47884263E-01
 3.63274997E-01
 1.40593618E-01
 3.17508752E-01
 7.51448418E-01
 4.84411303E-01
 8.42550895E-02
 1.99943895E-01
 3.91314906E-01
 5.92991176E-01
 7.60865306E-02
 1.48133771E-01
 4.12205682E-01
 3.49127450E-01
 3.94966252E-01
 2.21574763E-01
 2.59369200E-01
 7.51460709E-01
 3.61359734E-01
 3.91818869E-01
 7.64010492E-01
 4.92902327E-01
 6.95844802E-01
 1.97791012E-01
 4.71520633E-02
 4.56810391E-01
 1.34880454E-01
 2.23695803E-01
 4.59560470E-01
 1.70868683E-01
 1.42703443E-01
 6.18698670E-01
 2.47685280E-01
 4.59633766E-01
 3.83453560E-01
 2.92353342E-01
 6.14954862E-01
 3.87244370E-01
 4.59035117E-01
 6.23045298E-01
 4.01442251E-01
 4.10919870E-01
 4.79132418E-01
 6.29991516E-01
 5.91855955E-01
 5.98920199E-01
 6.58670825E-01
 1.03525864E+00
 7.15351257E-01
 3.60619835E-01
 3.92256727E-02
 3.78811272E-02
 2.09529143E-01
 1.10122010E+00
 1.38263892E+00
 1.20420248E+00
 7.36310936E-01
 3.04594449E-01
 2.65715422E-02
 1.15993368E+00
 1.30121184E+00
 5.07219692E-01
 1.03981877E-01
 2.60690255E-01
 5.00478343E-01
 6.94496702E-01
 7.48041432E-01
 6.75032001E-02
 2.05998071E-01
 4.05409509E-01
 4.82043543E-01
 7.79307646E-02
 1.43320743E-02
 1.02708760E-01
 4.41581057E-01
 3.53677483E-01
 4.36148775E-01
 6.70828821E-01
 2.97154585E-01
 3.14525140E-01
 4.81269463E-03
 2.51417287E-01
 4.31738295E-01
 1.07973812E+00
 1.32870465E+00
 6.65353902E-01
 2.51240167E-01
 4.84077840E-02
 2.99005943E-01
 7.51318003E-01
 8.53605324E-01
 9.82254932E-02
 2.30351386E-01
 5.28327399E-01
 4.43956308E-01
 4.39874088E-01
 2.46597503E-01
 4.44880230E-01
 9.63920539E-02
 6.41719621E-02
 5.60741239E-01
 2.19609615E-01
 3.36524500E-01
 5.58805932E-01
 1.15773760E-01
 5.64849403E-01
 1.65577965E-01
 1.06888178E-01
 3.66138625E-01
 5.39513081E-01
 5.79138126E-01
 6.87665427E-01
 8.04489477E-02
 2.32498078E-01
 5.22248797E-01
 2.40929958E-01
 1.74222046E-01
 4.60154546E-01
 6.75573004E-01
 8.24062742E-02
 1.83928444E-01
 7.30659817E-01
 3.57946230E-01
 5.21774637E-01
 6.04437686E-01
 2.27304087E-02
 1.57730052E-01
 1.76960447E-01
 4.19024513E-01
 1.48272755E-01
 1.79942162E-01
 3.11667327E-01
 1.52817918E-01
 2.60158473E-01
 7.43016009E-01
 4.38392202E-01
 1.98908391E-01
 1.11546847E-01
 4.01896278E-01
 6.22541931E-01
 3.81990105E-02
 1.52173943E-01
 5.67225527E-01
 4.10050660E-01
 5.46642791E-01
 3.31599237E-01
 3.41433336E-01
 5.72643281E-01
 3.31104248E-01
 4.03879346E-01
 5.96547518E-01
 5.59109294E-01
 2.68974567E-01
 4.58029832E-01
 1.17394728E-01
 3.53447977E-01
 1.75748819E-02
 2.40346315E-01
 6.76216582E-01
 1.44515242E+00
 7.35118683E-01
 2.96158096E-01
 5.32691910E-02
 2.94961625E-01
 8.38517466E-01
 8.95454701E-01
 1.21865600E-01
 2.13202748E-01
 4.63166161E-01
 4.37810903E-01
 2.27059717E-01
 1.24736677E-01
 9.27742237E-02
 2.07660660E-01
 3.63817966E-01
 4.92037894E-01
 5.44488892E-01
 1.93238081E-01
 1.42155469E-01
 1.09822544E+00
 1.32959790E+00
 6.19054269E-01
 1.72917031E-01
 6.40548059E-01
 7.15422566E-01
 5.01520257E-02
 2.23047365E-01
 2.08695394E-01
 1.35982166E-01
 4.35699249E-01
 5.47830728E-01
 3.21769541E-03
 2.89551514E-01
 5.25824855E-01
 6.38083544E-01
 5.16394932E-02
 3.07252438E-02
 9.29842836E-02
 3.06082678E-01
 3.11944823E-01
 2.49152763E-01
 1.19331341E-01
 3.39723733E-01
 2.03997639E-01
 1.04945005E-01
 3.32774064E-01
 8.08733970E-02
 1.97987083E-02
 5.79925172E-01
 1.73577038E-01
 3.44577181E-01
 3.65809725E-01
 5.37166584E-01
 1.08824296E-01
 1.36976620E-01
 3.83300059E-01
 5.49513621E-01
 6.27526414E-01
 7.32257910E-01
 1.00122897E-01
 2.18851269E-01
 5.10105340E-01
 2.83824627E-01
 2.06710983E-01
 4.50624296E-01
 6.64381589E-01
 6.08226930E-02
 1.72754103E-01
 7.32823375E-01
 3.47251162E-01
 5.18927128E-01
 6.03411717E-01
 4.45219761E-01
 5.53380835E-01
 1.64084949E-03
 2.92160735E-01
 7.44984610E-01
 6.47929824E-01
 5.34179979E-02
 3.60355913E-02
 9.62864996E-02
 3.02693851E-01
 3.04580308E-01
 2.39273030E-01
 5.20343547E-02
 4.92346520E-01
 7.03440795E-01
 1.02305107E-01
 6.87340026E-02
 3.28032687E-01
 5.21083117E-01
 3.55514303E-01
 7.60319022E-01
 1.35493976E-01
 1.67669500E-01
 7.45625261E-01
 3.07160869E-01
 3.59674855E-01
 7.63239342E-01
 4.07958563E-01
 4.97988817E-01
 5.91688599E-01
 6.04566456E-01
 4.20694050E-02
 1.75207489E-01
 1.70090671E-01
 4.14912423E-01
 3.07679245E-01
 2.14159286E-01
 2.97150786E-01
 1.30207356E-01
 2.43511759E-01
 7.36008854E-01
 4.23546551E-01
 2.26012420E-01
 1.28496895E-01
 3.39124700E-01
 5.53124120E-01
 2.21852889E-01
 1.12421240E-01
 3.73911377E-01
 3.29936201E-01
 3.53268709E-01
 1.28806806E-01
 1.63508204E-01
 7.45217568E-01
 3.03122312E-01
 3.58430303E-01
 7.62839451E-01
 4.43169673E-01
 6.73962192E-01
 9.47789687E-02
 1.22043190E-01
 3.92799736E-01
 5.38975066E-03
 1.34781781E-01
 4.01161400E-01
 5.59423261E-02
 8.71922889E-04
 5.80951410E-01
 1.59208319E-01
 4.02011587E-01
 2.81733007E-01
 3.31296150E-01
 5.68909217E-01
 3.52979139E-01
 3.99346865E-01
 5.92752578E-01
 3.30020757E-01
 4.17152880E-01
 4.38209847E-01
 6.01557560E-01
 5.37052988E-01
 5.68032247E-01
 4.78640452E-01
 8.12100602E-01
 5.25433095E-01
 2.02632000E-01
 8.80527158E-02
 4.51224229E-02
 2.73269061E-01
 9.04963393E-01
 1.67943000E+00
 1.08502389E+00
 6.35579055E-01
 2.21150551E-01
 9.33581661E-02
 1.05116746E+00
 1.19573541E+00
 4.50649235E-01
 5.65310434E-02
 2.99344088E-01
 5.30754932E-01
 6.21290347E-01
 6.76732482E-01
 2.96503095E-02
 3.18163826E-01
 3.08393171E-01
 4.67620474E-01
 5.29127887E-02
 3.25139041E-02
 1.60316138E-01
 4.30974745E-01
 3.23283820E-01
 2.40588040E-01
 4.39506177E-01
 1.15114019E-01
 1.95004603E-01
 1.00914734E-01
 3.27167846E-01
 4.90089141E-01
 9.05361788E-01
 1.14327158E+00
 5.44099287E-01
 1.52253066E-01
 2.08395055E-01
 3.46196014E-01
 6.16020890E-01
 6.44646344E-01
 5.73401219E-02
 2.53895725E-01
 5.39643295E-01
 3.66970061E-01
 3.86022274E-01
 2.16181479E-01
 4.31481455E-01
 4.99123725E-02
 4.86348968E-02
 5.74404357E-01
 2.43101243E-01
 3.64448672E-01
 5.87690946E-01
 5.13639342E-02
 3.92049754E-02
 1.10143484E-02
 1.80414780E-01
 4.17934642E-01
 5.75469478E-01
 4.39208973E-01
 5.55166828E-01
 1.49479809E-02
 2.78090171E-01
 5.50692295E-01
 1.44803304E-01
 1.03009484E-01
 4.66525829E-01
 6.72038581E-01
 1.48159330E-01
 2.23359904E-01
 7.34611145E-01
 4.04207865E-01
 5.55464051E-01
 6.42853434E-01
 8.59117260E-02
 4.02163275E-02
 2.54374358E-01
 4.71791524E-01
 3.29863958E-02
 6.99844911E-02
 3.65200551E-01
 2.33423494E-01
 3.19684697E-01
 7.47104280E-01
 4.91829262E-01
 2.91357976E-01
 2.11546196E-01
 4.66186471E-01
 6.60736838E-01
 2.30865281E-01
 2.44999030E-01
 6.09094543E-01
 4.87203463E-01
 5.91573911E-01
 3.96486176E-01
 4.21508944E-01
 6.22372174E-01
 4.03195245E-01
 4.75678727E-01
 6.49748658E-01
 6.10595387E-01
 4.90960842E-02
 1.99953306E-01
 8.39118833E-02
 2.30735733E-01
 8.21614308E-02
 3.19762109E-01
 1.03377577E+00
 1.26938941E+00
 6.20202387E-01
 2.00124165E-01
 1.82113801E-01
 3.68856177E-01
 7.15310581E-01
 7.33158515E-01
 6.42058790E-02
 2.39855625E-01
 3.83515852E-01
 3.81341567E-01
 2.31871408E-01
 8.77475164E-02
 8.93395872E-02
 2.24663901E-01
 1.31260211E-01
 8.36190618E-01
 3.57287313E-01
 8.54243489E-02
 2.16987005E-01
 9.15340906E-01
 1.15579783E+00
 5.27404313E-01
 1.07072768E-01
 5.24261571E-01
 6.22503077E-01
 3.07951853E-02
 1.42941781E-01
 1.71823794E-01
 1.94387391E-01
 2.91687072E-01
 4.06270205E-01
 7.23808115E-02
 3.43064500E-01
 3.88997956E-01
 5.12982086E-01
 9.77133283E-04
 5.01165709E-02
 3.27336719E-02
 3.03204417E-01
 3.68368816E-01
 3.82022844E-02
 3.61766980E-03
 3.98907554E-01
 2.21381253E-02
 9.31061011E-04
 3.98624286E-01
 1.67468301E-01
 2.76497659E-01
 6.24731758E-01
 2.58816624E-01
 4.20699557E-01
 2.16462476E-01
 3.69681081E-01
 9.98967834E-03
 2.73099828E-01
 4.60819963E-01
 5.98128205E-01
 4.47505938E-01
 5.82801767E-01
 3.08795310E-02
 2.64101162E-01
 5.35463857E-01
 1.94113178E-01
 1.44113465E-01
 4.50025398E-01
 6.52632498E-01
 1.21539152E-01
 2.06100007E-01
 7.35015758E-01
 3.87864812E-01
 5.43149638E-01
 6.39598852E-01
 2.97281816E-01
 4.09651047E-01
 7.40727746E-02
 3.45152339E-01
 4.05926494E-01
 5.26843513E-01
 4.66503884E-03
 4.19440127E-02
 4.01544769E-02
 2.94115670E-01
 3.64390289E-01
 2.43157417E-02
 4.23689764E-02
 5.19226149E-01
 7.17001728E-01
 8.96006688E-02
 7.74616735E-03
 3.46344967E-01
 5.52192237E-01
 3.76600159E-01
 7.84499865E-01
 2.09823481E-01
 3.72097858E-01
 7.60700090E-01
 3.68368237E-01
 4.15293796E-01
 7.84175312E-01
 4.74131776E-01
 5.37025217E-01
 6.46052052E-01
 6.60641879E-01
 8.59928690E-02
 4.38883174E-02
 2.52813011E-01
 4.68693940E-01
 7.89190553E-02
 1.11428223E-01
 3.43782407E-01
 2.04462531E-01
 2.95176771E-01
 7.33127731E-01
 4.74161125E-01
 1.22129954E-01
 1.56095623E-02
 3.95581255E-01
 5.88787781E-01
 6.95266547E-03
 1.29023849E-02
 4.10433741E-01
 3.93676050E-01
 3.95325407E-01
 1.99076816E-01
 3.69179071E-01
 7.59826466E-01
 3.61989059E-01
 4.13166195E-01
 7.84193472E-01
 5.02429549E-01
 7.19259751E-01
 1.91430472E-01
 1.85838211E-01
 4.51855700E-01
 2.01996723E-01
 2.20393400E-01
 4.64660152E-01
 1.26088569E-01
 2.68390174E-01
 6.22942534E-01
 2.97443189E-01
 4.64428414E-01
 3.14269450E-01
 4.05666881E-01
 6.12971599E-01
 4.29479396E-01
 4.66159522E-01
 6.50149533E-01
 3.95493678E-01
 4.88093046E-01
 5.16737912E-01
 6.57838010E-01
 6.30020713E-01
 6.28983685E-01
 2.24485769E-01
 5.00485284E-01
 2.63302679E-01
 1.16320154E-02
 6.28966695E-02
 1.82040148E-01
 3.78033312E-01
 6.07377555E-01
 1.36484426E+00
 8.53520255E-01
 4.44338928E-01
 6.74787353E-02
 2.13690140E-01
 8.22914695E-01
 9.66568524E-01
 3.17539097E-01
 4.87289993E-02
 3.78705148E-01
 5.89643207E-01
 4.49219700E-01
 5.05485843E-01
 6.66183663E-02
 3.85389948E-01
 1.91395183E-01
 1.93215599E-01
 9.85623916E-02
 7.75587444E-03
 1.68841116E-01
 4.52308678E-01
 3.15131138E-01
 7.39762543E-03
 1.50583589E-01
 2.94554735E-01
 1.71740386E-02
 2.42242768E-01
 4.37452281E-01
 5.74553157E-01
 6.34328137E-01
 8.52458667E-01
 3.50820460E-01
 2.26095201E-03
 3.26180523E-01
 5.41885882E-01
 3.97552473E-01
 4.38233796E-01
 1.37965278E-01
 3.13231222E-01
 5.73054296E-01
 2.13237868E-01
 2.62733554E-01
 2.48351394E-01
 5.63012175E-01
 4.90558111E-02
 1.18745165E-02
 6.08773922E-01
 2.98293958E-01
 4.24957114E-01
 6.33867459E-01
 2.53187442E-01
 1.58682304E-01
 1.38516800E-01
 3.61330133E-01
 4.97934447E-01
 6.32610319E-01
 1.80310332E-01
 3.52235524E-01
 9.10845567E-02
 3.53198363E-01
 5.98961264E-01
 3.26073086E-03
 1.27600236E-02
 4.86037224E-01
 6.74511643E-01
 2.52071140E-01
 2.92798936E-01
 7.45670737E-01
 4.75609695E-01
 6.08664755E-01
 6.95834459E-01
 2.35215241E-01
 1.22901202E-01
 3.63644052E-01
 5.47511647E-01
 1.27576882E-01
 8.52626196E-02
 4.43335680E-01
 3.49960914E-01
 4.05427353E-01
 7.56289565E-01
 5.65851809E-01
 4.13665735E-01
 3.44765905E-01
 5.52940726E-01
 7.13515116E-01
 3.61482097E-01
 3.68834081E-01
 6.66603130E-01
 5.72860899E-01
 6.52170452E-01
 5.67325848E-01
 5.24860879E-01
 6.87739609E-01
 5.42523401E-01
 5.68349019E-01
 7.25565480E-01
 6.77204771E-01
 1.99678153E-01
 8.68049348E-02
 3.43944445E-01
 4.51272397E-02
 2.30024827E-01
 4.35355945E-01
 7.60503990E-01
 9.76609165E-01
 4.26082736E-01
 4.34824715E-02
 3.02555951E-01
 5.31706438E-01
 5.00188995E-01
 5.30645830E-01
 9.20303754E-02
 3.24079553E-01
 2.04176479E-01
 2.47765276E-01
 2.69380578E-01
 3.82454705E-03
 4.12464615E-02
 2.72703707E-01
 3.52144410E-01
 5.55713142E-01
 1.61364847E-01
 1.39225083E-01
 3.37914234E-01
 5.93433972E-01
 8.74768473E-01
 3.71660761E-01
 5.69137803E-03
 3.38364233E-01
 4.64264438E-01
 1.79367187E-02
 1.20986370E-02
 7.66274912E-02
 2.86446651E-01
 9.01823417E-02
 2.05230555E-01
 1.83467599E-01
 4.22498201E-01
 1.93949597E-01
 3.29910658E-01
 8.46105381E-02
 1.67099172E-01
 5.98639998E-02
 3.09745805E-01
 4.48192180E-01
 1.96753321E-01
 1.52546225E-01
 4.80650821E-01
 1.75549152E-01
 1.40478266E-01
 4.94544392E-01
 3.97029275E-01
 4.00836438E-01
 6.84193873E-01
 4.26536677E-01
 5.19288126E-01
 6.79166538E-03
 1.35761042E-01
 1.75215064E-01
 4.02390711E-01
 6.07199278E-01
 6.79654353E-01
 2.26148212E-01
 2.92383423E-01
 9.51729092E-02
 3.46339685E-01
 5.84031329E-01
 4.47266856E-02
 3.22119228E-02
 4.62486565E-01
 6.44275886E-01
 2.21864314E-01
 2.68757332E-01
 7.43755670E-01
 4.53498811E-01
 5.92089268E-01
 6.90343512E-01
 8.59395217E-02
 2.02187485E-01
 1.87222909E-01
 4.25007847E-01
 2.11729913E-01
 3.46515458E-01
 7.50890822E-02
 1.56466861E-01
 4.80092570E-02
 2.92675086E-01
 4.42353714E-01
 1.75315664E-01
 1.72448255E-01
 5.59532137E-01
 7.38243033E-01
 2.14161506E-01
 1.15628661E-01
 3.78006431E-01
 5.95686757E-01
 4.09758393E-01
 8.06502338E-01
 3.14155285E-01
 4.67009578E-01
 7.82179183E-01
 5.00051862E-01
 4.89424364E-01
 8.07307297E-01
 5.60141049E-01
 6.79936083E-01
 7.11578879E-01
 7.27743916E-01
 2.77969187E-01
 1.48164979E-01
 3.75182692E-01
 5.49547261E-01
 8.30236726E-02
 4.09490938E-02
 4.16057250E-01
 3.12801636E-01
 3.73210032E-01
 7.77355336E-01
 5.45757428E-01
 1.81223720E-01
 1.39086851E-01
 4.74836778E-01
 6.40062191E-01
 1.58140271E-01
 1.24416524E-01
 4.64412583E-01
 4.79365156E-01
 4.89561336E-01
 2.98624651E-01
 4.63420137E-01
 7.80755107E-01
 4.97186433E-01
 4.86363980E-01
 8.08383020E-01
 5.79812368E-01
 7.73548303E-01
 3.88493337E-01
 3.17590334E-01
 5.34370690E-01
 3.29190095E-01
 3.38004460E-01
 5.49529579E-01
 2.26652487E-01
 3.89714130E-01
 6.79390933E-01
 4.17504775E-01
 5.46211757E-01
 5.45823626E-01
 5.03908333E-01
 6.72302700E-01
 5.28442810E-01
 5.53840549E-01
 7.14157126E-01
 5.51985588E-01
 5.78923973E-01
 6.09644302E-01
 7.25299279E-01
 6.96026148E-01
 7.02075444E-01
 1.12146421E-01
 8.54281354E-02
 8.82273492E-02
 2.90241864E-01
 1.93929137E-01
 3.81152658E-01
 5.29943500E-01
 5.51594837E-01
 8.27870902E-01
 4.35640442E-01
 1.15421919E-01
 1.79178326E-01
 3.97596721E-01
 4.22123649E-01
 5.37574981E-01
 3.44249981E-02
 2.56086541E-01
 5.17258491E-01
 6.83086235E-01
 1.39495944E-01
 1.84414957E-01
 2.64088768E-01
 5.16981302E-01
 4.10423544E-02
 4.07601037E-02
 4.61232470E-01
 1.58133531E-01
 7.30920503E-02
 5.27298340E-01
 3.57415101E-01
 3.08746530E-01
 1.86848599E-01
 3.32874193E-02
 2.42976864E-01
 4.38747574E-01
 5.85166280E-01
 6.87057020E-01
 2.28646513E-01
 3.94976749E-01
 2.01292977E-02
 2.50548533E-01
 4.98046546E-01
 6.61571902E-01
 5.62350129E-02
 8.89379169E-02
 3.43513248E-01
 5.76348601E-01
 7.24625866E-01
 1.63573564E-01
 7.04414501E-03
 3.71592474E-01
 6.50029769E-01
 2.28923221E-01
 1.56920866E-01
 6.83495467E-01
 4.06078968E-01
 5.33793556E-01
 7.06826207E-01
 2.57541652E-01
 1.44887494E-01
 3.63034098E-01
 5.29879363E-01
 6.84517040E-01
 7.16765066E-01
 1.24674225E-01
 5.91680542E-02
 3.01282914E-01
 4.97952039E-01
 6.84475798E-01
 2.40026388E-01
 2.34801376E-01
 5.86741506E-01
 7.27717979E-01
 4.19206585E-01
 4.32888791E-01
 7.97376111E-01
 5.85994181E-01
 6.95193516E-01
 7.68028581E-01
 4.35795127E-01
 3.48971801E-01
 5.23580440E-01
 6.58693290E-01
 3.50449579E-01
 3.13596702E-01
 5.75968381E-01
 5.10477200E-01
 5.44645047E-01
 8.33653089E-01
 6.71312373E-01
 5.70526220E-01
 5.18139127E-01
 6.68976636E-01
 7.85645985E-01
 5.30702133E-01
 5.33378221E-01
 7.49354930E-01
 6.84917567E-01
 7.59637823E-01
 6.85746129E-01
 6.53807501E-01
 7.70690735E-01
 6.67869953E-01
 6.84326870E-01
 8.02302073E-01
 7.61500001E-01
 4.69194914E-01
 2.44740064E-01
 3.95431512E-04
 2.26516435E-01
 4.34397658E-01
 5.88275934E-01
 3.34472962E-01
 4.98104891E-01
 8.17792561E-02
 2.14507811E-01
 4.80700857E-01
 6.55237502E-01
 1.46330389E-01
 1.69663743E-01
 3.03480914E-01
 5.55583705E-01
 8.90101026E-02
 4.03926706E-02
 4.02065245E-01
 1.83378017E-01
 9.62171465E-02
 3.74644750E-01
 3.19489462E-03
 1.47282722E-01
 1.42547608E-01
 3.68671096E-01
 5.76119737E-01
 1.86516325E-01
 3.23848809E-01
 4.51184873E-02
 2.31168798E-01
 2.40593185E-02
 1.39794204E-01
 2.11080427E-01
 2.08542671E-01
 1.29164007E-01
 4.32778451E-01
 1.95812929E-01
 1.01633032E-01
 3.82656442E-01
 5.60682999E-01
 1.04019426E-01
 9.40642867E-03
 2.90886316E-01
 3.66968506E-01
 2.70373621E-01
 5.26899346E-01
 5.77891077E-01
 4.09006220E-01
 3.72510719E-01
 6.10749733E-01
 3.89805337E-01
 3.57506871E-01
 6.23105084E-01
 5.60868178E-01
 5.61736567E-01
 7.66384692E-01
 5.82110416E-01
 6.44270892E-01
 2.74523231E-01
 1.84659440E-01
 4.09989297E-01
 5.77051504E-01
 7.25850700E-01
 8.21419405E-01
 9.57801397E-02
 4.94664629E-02
 3.97700480E-01
 5.10718993E-01
 6.76703719E-01
 2.08477909E-01
 1.98155027E-01
 5.62571192E-01
 6.90338947E-01
 3.77365616E-01
 4.04592444E-01
 7.93750794E-01
 5.60019998E-01
 6.76558089E-01
 7.61083778E-01
 2.23637851E-01
 1.15890745E-01
 3.90664405E-01
 5.64802619E-01
 8.90354992E-02
 2.49984905E-02
 2.80009393E-01
 3.55831403E-01
 2.56257800E-01
 5.20961261E-01
 5.71066358E-01
 3.90123992E-01
 3.81552209E-01
 6.62801438E-01
 7.97157244E-01
 4.12468598E-01
 3.28956488E-01
 5.11928160E-01
 6.96379817E-01
 5.73350671E-01
 8.55314240E-01
 5.75461648E-01
 6.06224282E-01
 8.34264128E-01
 6.32151948E-01
 6.17747850E-01
 8.57089067E-01
 6.72749190E-01
 7.66526203E-01
 7.88600411E-01
 8.06335916E-01
 5.21940211E-01
 4.19238309E-01
 5.55011508E-01
 6.70177111E-01
 3.16445519E-01
 2.75080282E-01
 5.47873217E-01
 4.75782770E-01
 5.10317630E-01
 8.25645938E-01
 6.50166367E-01
 3.96571304E-01
 3.60217521E-01
 6.03845943E-01
 7.24421349E-01
 3.72795845E-01
 3.39895216E-01
 5.82630274E-01
 6.09728843E-01
 6.15492952E-01
 5.71053412E-01
 6.02487008E-01
 8.32499940E-01
 6.29288363E-01
 6.14179710E-01
 8.56886248E-01
 6.84722990E-01
 8.38571991E-01
 5.52147965E-01
 4.94418305E-01
 6.49177245E-01
 4.99256114E-01
 5.00137735E-01
 6.63066555E-01
 5.46870781E-01
 5.49253383E-01
 7.59297366E-01
 5.72683071E-01
 7.04692288E-01
 6.64316226E-01
 6.30271162E-01
 7.50615113E-01
 6.53051614E-01
 6.66429421E-01
 7.91967541E-01
 6.74414159E-01
 6.91968025E-01
 7.17616970E-01
 8.04444756E-01
 7.77712214E-01
 7.87865189E-01
 5.23100687E-01
 4.19033743E-01
 5.13691421E-01
 6.22732783E-01
 5.44842065E-01
 6.50948898E-01
 7.35201489E-01
 1.09272272E-01
 4.86720784E-02
 1.77006942E-01
 3.61194224E-01
 5.30453402E-01
 6.55856968E-01
 1.75426788E-01
 1.09335111E-01
 4.01528706E-01
 5.70242392E-01
 7.21587046E-01
 8.17535097E-01
 2.45183330E-01
 3.08423275E-01
 5.71166668E-01
 7.19088176E-01
 4.23749887E-01
 4.25124944E-01
 6.77842077E-01
 5.98829814E-01
 4.91163196E-01
 6.90603142E-01
 5.16684350E-01
 6.45550431E-01
 3.43535332E-01
 4.66083975E-01
 5.82647731E-01
 6.91247782E-01
 7.72380079E-01
 8.28800781E-01
 3.14513980E-01
 2.23101741E-01
 4.33192958E-01
 5.84831083E-01
 7.22963388E-01
 8.14037978E-01
 4.08764681E-01
 3.92632206E-01
 6.35543225E-01
 7.66150901E-01
 8.50526568E-01
 5.28408823E-01
 5.49256270E-01
 6.95892552E-01
 7.92466765E-01
 5.25863331E-01
 6.07741979E-01
 8.08413309E-01
 7.07521932E-01
 7.13880514E-01
 8.21245687E-01
 5.93385888E-01
 5.32534090E-01
 6.52587810E-01
 7.44324396E-01
 8.29030063E-01
 8.36473610E-01
 5.18781816E-01
 4.84436808E-01
 6.07543861E-01
 7.11574599E-01
 8.13683633E-01
 5.69368531E-01
 5.60726163E-01
 7.57382741E-01
 8.79882093E-01
 6.61173411E-01
 6.56986033E-01
 8.82812726E-01
 7.86527419E-01
 8.21829145E-01
 8.66205070E-01
 6.90269242E-01
 6.40037841E-01
 7.34489224E-01
 8.07684611E-01
 6.39071748E-01
 6.16175921E-01
 7.60275469E-01
 7.24463098E-01
 7.39689264E-01
 9.07241097E-01
 8.12887828E-01
 7.64780651E-01
 7.34961555E-01
 8.16627566E-01
 8.79695956E-01
 7.41912611E-01
 7.41817290E-01
 8.58926520E-01
 8.25864922E-01
 8.67655126E-01
 8.29174565E-01
 8.11081049E-01
 8.73697286E-01
 8.19406578E-01
 8.26784522E-01
 8.92854099E-01
 8.85065062E-01
 4.24371666E-01
 3.14233172E-01
 4.51051134E-01
 5.77500298E-01
 6.92653377E-01
 7.77584666E-01
 2.50300664E-01
 1.61689472E-01
 3.97517935E-01
 5.64992463E-01
 7.14312649E-01
 8.11767924E-01
 3.51705840E-01
 3.42266661E-01
 6.11075496E-01
 7.53902796E-01
 4.78585462E-01
 5.05920428E-01
 6.08391472E-01
 4.94753995E-01
 3.90849303E-01
 5.77705421E-01
 4.55563359E-01
 3.75409640E-01
 5.35051811E-01
 6.59325504E-01
 7.72613823E-01
 3.46526579E-01
 2.74222717E-01
 4.92372467E-01
 5.66072803E-01
 4.22160371E-01
 3.45779220E-01
 5.35602975E-01
 5.35350658E-01
 4.68204991E-01
 6.55692906E-01
 5.83564428E-01
 5.06156439E-01
 6.57105712E-01
 7.53006317E-01
 5.01053664E-01
 4.34142979E-01
 5.97822634E-01
 6.42159299E-01
 5.82923282E-01
 7.35137868E-01
 7.58666429E-01
 6.75776115E-01
 6.54260181E-01
 7.83968661E-01
 6.63634385E-01
 6.43580961E-01
 7.91195922E-01
 7.60921437E-01
 7.60467441E-01
 8.71094948E-01
 7.72443858E-01
 8.28130002E-01
 6.15522366E-01
 5.71115653E-01
 6.92299092E-01
 7.81584179E-01
 8.59999583E-01
 9.09936735E-01
 5.08917081E-01
 4.88126106E-01
 6.79048623E-01
 7.62972138E-01
 8.19145556E-01
 6.06759556E-01
 5.46224326E-01
 7.41959637E-01
 8.69934954E-01
 6.30380108E-01
 6.12720282E-01
 8.79195458E-01
 7.71305214E-01
 8.06605323E-01
 8.60123643E-01
 5.97830298E-01
 5.33003944E-01
 6.68276763E-01
 7.58393366E-01
 4.92845698E-01
 4.24303476E-01
 5.89589597E-01
 6.35253805E-01
 5.71174301E-01
 7.30284402E-01
 7.52929618E-01
 6.65103629E-01
 6.58676688E-01
 8.12355474E-01
 8.85323553E-01
 6.75099811E-01
 6.26232177E-01
 7.22049388E-01
 8.31195801E-01
 7.64542125E-01
 9.20687123E-01
 7.68424039E-01
 7.84314811E-01
 9.08273337E-01
 7.99319431E-01
 7.89182829E-01
 9.25132930E-01
 8.42206464E-01
 8.73068360E-01
 8.85335068E-01
 8.96912067E-01
 7.56842283E-01
 7.39011830E-01
 7.79085058E-01
 8.26538323E-01
 6.24355976E-01
 5.94117218E-01
 7.40063014E-01
 7.00273523E-01
 7.12392942E-01
 9.00883715E-01
 7.95690832E-01
 6.69201520E-01
 6.46518389E-01
 7.78507442E-01
 8.42372093E-01
 6.51470634E-01
 6.29665225E-01
 7.58703499E-01
 7.82215322E-01
 7.87023830E-01
 7.65360587E-01
 7.81473044E-01
 9.06756168E-01
 7.97220225E-01
 7.86211324E-01
 9.22119250E-01
 8.49501786E-01
 9.14045751E-01
 7.57101904E-01
 7.20915752E-01
 8.01616189E-01
 7.19198540E-01
 7.15244381E-01
 8.10139891E-01
 7.50852116E-01
 7.50377242E-01
 8.64297681E-01
 7.65249445E-01
 8.39717068E-01
 8.13260252E-01
 7.91622437E-01
 8.54935837E-01
 8.07872059E-01
 8.27719263E-01
 8.86270734E-01
 8.22470358E-01
 8.30588231E-01
 8.48175886E-01
 8.91583063E-01
 8.77645105E-01
 8.84789679E-01
