 9.04004743E-01
 8.54612397E-01
 8.52935357E-01
 9.15898374E-01
 9.76319464E-01
 1.00000000E+00
 1.00000000E+00
 9.01381676E-01
 8.56361223E-01
 8.66176573E-01
 9.28722147E-01
 9.79885191E-01
 1.00000000E+00
 9.35068827E-01
 9.08813188E-01
 9.16265569E-01
 9.57716825E-01
 9.90895639E-01
 0.00000000E+00
 9.76613776E-01
 9.68064982E-01
 9.73342410E-01
 9.91073708E-01
 9.95264157E-01
 9.94275814E-01
 9.93873789E-01
 1.00000000E+00
 1.00000000E+00
 0.00000000E+00
 1.00000000E+00
 8.63166772E-01
 8.19136853E-01
 8.42551469E-01
 9.22225084E-01
 9.71941504E-01
 1.00000000E+00
 0.00000000E+00
 8.76834830E-01
 8.41265874E-01
 8.66991065E-01
 9.36025728E-01
 9.86301528E-01
 0.00000000E+00
 9.18218878E-01
 8.99554763E-01
 9.23121792E-01
 9.70962828E-01
 0.00000000E+00
 9.69753252E-01
 9.65331257E-01
 9.80440678E-01
 0.00000000E+00
 9.93769504E-01
 9.91959065E-01
 0.00000000E+00
 1.00000000E+00
 0.00000000E+00
 0.00000000E+00
 8.72496400E-01
 8.47904087E-01
 8.81601265E-01
 9.47227346E-01
 9.80202831E-01
 0.00000000E+00
 8.88712757E-01
 8.72562556E-01
 9.08374296E-01
 9.64376053E-01
 0.00000000E+00
 9.26891618E-01
 9.23363455E-01
 9.56489406E-01
 0.00000000E+00
 9.72950488E-01
 9.76336436E-01
 0.00000000E+00
 9.94768715E-01
 0.00000000E+00
 0.00000000E+00
 9.34753579E-01
 9.28320102E-01
 9.49548177E-01
 9.81750645E-01
 9.42995509E-01
 9.40487364E-01
 9.64154004E-01
 9.62939949E-01
 9.67302684E-01
 0.00000000E+00
 9.87331968E-01
 9.82030833E-01
 9.82606455E-01
 9.89933981E-01
 0.00000000E+00
 9.84471252E-01
 9.86718761E-01
 0.00000000E+00
 9.90848722E-01
 0.00000000E+00
 1.00000000E+00
 1.00000000E+00
 0.00000000E+00
 1.00000000E+00
 0.00000000E+00
 0.00000000E+00
 1.00000000E+00
 8.91095042E-01
 8.48507418E-01
 8.60440505E-01
 9.26862290E-01
 9.79764418E-01
 1.00000000E+00
 8.92276181E-01
 8.55301291E-01
 8.72839917E-01
 9.35644179E-01
 9.85117792E-01
 0.00000000E+00
 9.24185015E-01
 9.03364196E-01
 9.22509958E-01
 9.69372655E-01
 9.70924225E-01
 9.65497245E-01
 9.79790478E-01
 9.93853785E-01
 9.92013540E-01
 1.00000000E+00
 8.42962476E-01
 8.08817980E-01
 8.48383510E-01
 9.28790310E-01
 9.84579809E-01
 8.52899880E-01
 8.33585836E-01
 8.82266958E-01
 9.51925395E-01
 9.00448940E-01
 8.98975750E-01
 9.45290887E-01
 9.62263632E-01
 9.68133824E-01
 9.92590405E-01
 8.50092857E-01
 8.43984608E-01
 8.97579363E-01
 9.60918416E-01
 8.67403027E-01
 8.78753003E-01
 9.39817918E-01
 9.14855758E-01
 9.38934209E-01
 0.00000000E+00
 9.70394226E-01
 9.22640537E-01
 9.29187970E-01
 9.61775639E-01
 9.33489000E-01
 9.50111510E-01
 9.61565608E-01
 9.79797874E-01
 9.85469702E-01
 0.00000000E+00
 9.84549778E-01
 1.00000000E+00
 9.07224337E-01
 8.78078329E-01
 8.95214970E-01
 9.48472778E-01
 9.88085109E-01
 0.00000000E+00
 9.05771626E-01
 8.83972831E-01
 9.09120189E-01
 9.61443270E-01
 0.00000000E+00
 9.32813828E-01
 9.24641575E-01
 9.53319697E-01
 0.00000000E+00
 9.73919065E-01
 9.75787739E-01
 0.00000000E+00
 9.94795143E-01
 0.00000000E+00
 0.00000000E+00
 8.65705177E-01
 8.53592232E-01
 8.99029141E-01
 9.59575901E-01
 8.74145491E-01
 8.80201596E-01
 9.36995313E-01
 9.16573827E-01
 9.37464592E-01
 0.00000000E+00
 9.70478093E-01
 8.76699296E-01
 8.93769653E-01
 9.48186436E-01
 0.00000000E+00
 8.94665966E-01
 9.32869400E-01
 0.00000000E+00
 9.40417135E-01
 0.00000000E+00
 0.00000000E+00
 9.40243238E-01
 9.59541156E-01
 0.00000000E+00
 9.55048178E-01
 0.00000000E+00
 0.00000000E+00
 9.87287541E-01
 0.00000000E+00
 0.00000000E+00
 0.00000000E+00
 9.53892349E-01
 9.42538219E-01
 9.54103070E-01
 9.80870139E-01
 9.52444696E-01
 9.45581211E-01
 9.63344218E-01
 9.66217596E-01
 9.67612095E-01
 0.00000000E+00
 9.87828445E-01
 9.34516130E-01
 9.35046719E-01
 9.61792868E-01
 0.00000000E+00
 9.38838330E-01
 9.51008191E-01
 0.00000000E+00
 9.62936909E-01
 0.00000000E+00
 9.43915325E-01
 9.60671886E-01
 0.00000000E+00
 9.56538353E-01
 0.00000000E+00
 0.00000000E+00
 9.77927874E-01
 0.00000000E+00
 9.87124576E-01
 9.85427024E-01
 9.90096463E-01
 9.86889040E-01
 9.87375094E-01
 9.91521197E-01
 9.82981783E-01
 9.86271922E-01
 0.00000000E+00
 9.85700675E-01
 9.88181492E-01
 1.00000000E+00
 1.00000000E+00
 0.00000000E+00
 1.00000000E+00
 0.00000000E+00
 0.00000000E+00
 1.00000000E+00
 0.00000000E+00
 0.00000000E+00
 0.00000000E+00
 1.00000000E+00
 0.00000000E+00
 7.89085315E-01
 6.78676521E-01
 6.72659736E-01
 8.11022677E-01
 9.37378264E-01
 1.00000000E+00
 1.00000000E+00
 7.77253417E-01
 6.63160431E-01
 6.53025774E-01
 8.20911070E-01
 9.44793260E-01
 1.00000000E+00
 8.44398086E-01
 7.86917642E-01
 8.07428360E-01
 9.05530198E-01
 9.64158631E-01
 0.00000000E+00
 9.47264586E-01
 9.28999799E-01
 9.42884769E-01
 9.60491686E-01
 9.89771166E-01
 9.88186126E-01
 9.86575352E-01
 1.00000000E+00
 1.00000000E+00
 0.00000000E+00
 1.00000000E+00
 6.66823206E-01
 5.98420741E-01
 6.04685645E-01
 7.88343233E-01
 9.37328783E-01
 1.00000000E+00
 0.00000000E+00
 7.29981687E-01
 6.54306531E-01
 7.14210624E-01
 8.15962820E-01
 9.46061282E-01
 0.00000000E+00
 8.23484774E-01
 7.85955528E-01
 8.41524008E-01
 8.91286450E-01
 0.00000000E+00
 9.36423420E-01
 9.29693057E-01
 9.29232192E-01
 0.00000000E+00
 9.87534999E-01
 9.82941548E-01
 0.00000000E+00
 1.00000000E+00
 0.00000000E+00
 0.00000000E+00
 7.26348133E-01
 6.73913386E-01
 7.48245909E-01
 8.38532586E-01
 9.55684948E-01
 0.00000000E+00
 7.62950225E-01
 7.30141756E-01
 8.10007186E-01
 8.75741961E-01
 0.00000000E+00
 8.46795741E-01
 8.42246953E-01
 9.16858953E-01
 0.00000000E+00
 9.44931615E-01
 9.35005998E-01
 0.00000000E+00
 9.87540447E-01
 0.00000000E+00
 0.00000000E+00
 8.61113034E-01
 8.47052773E-01
 8.93515968E-01
 9.33656396E-01
 8.79877731E-01
 8.74927704E-01
 9.27593842E-01
 9.23110257E-01
 9.33762838E-01
 0.00000000E+00
 9.74296880E-01
 9.61738616E-01
 9.62701398E-01
 9.78887512E-01
 0.00000000E+00
 9.67233581E-01
 9.71872721E-01
 0.00000000E+00
 9.80783638E-01
 0.00000000E+00
 1.00000000E+00
 1.00000000E+00
 0.00000000E+00
 1.00000000E+00
 0.00000000E+00
 0.00000000E+00
 1.00000000E+00
 7.60830620E-01
 6.19680337E-01
 6.75014620E-01
 8.28392039E-01
 9.47233772E-01
 1.00000000E+00
 7.60931807E-01
 6.79826142E-01
 7.20468433E-01
 8.61194016E-01
 9.49544475E-01
 0.00000000E+00
 8.35813652E-01
 7.92284544E-01
 8.37746810E-01
 9.40994898E-01
 9.38711131E-01
 9.29499327E-01
 9.30062517E-01
 9.87656522E-01
 9.83134470E-01
 1.00000000E+00
 6.63581448E-01
 5.89626099E-01
 6.75749738E-01
 8.01586877E-01
 9.43473603E-01
 6.87012857E-01
 6.46810170E-01
 7.54125596E-01
 9.05307946E-01
 7.91265277E-01
 7.91219110E-01
 8.94747837E-01
 9.23027291E-01
 9.14348129E-01
 9.82550341E-01
 6.82507028E-01
 6.67841685E-01
 7.83394761E-01
 9.20357561E-01
 7.21093158E-01
 7.44985267E-01
 8.77855258E-01
 8.23372251E-01
 8.76025852E-01
 0.00000000E+00
 9.39914952E-01
 8.36048476E-01
 8.48420190E-01
 9.19599232E-01
 8.59919243E-01
 8.94263921E-01
 9.19371441E-01
 9.56787099E-01
 9.68441301E-01
 0.00000000E+00
 9.66891432E-01
 1.00000000E+00
 7.98280922E-01
 7.34140553E-01
 7.71583692E-01
 8.88742851E-01
 9.61510196E-01
 0.00000000E+00
 7.99273900E-01
 7.52894446E-01
 8.08907779E-01
 9.23429681E-01
 0.00000000E+00
 8.59340852E-01
 8.44250662E-01
 9.10295387E-01
 0.00000000E+00
 9.46884600E-01
 9.35807805E-01
 0.00000000E+00
 9.87842949E-01
 0.00000000E+00
 0.00000000E+00
 7.16511280E-01
 6.88772726E-01
 7.86084132E-01
 9.17154173E-01
 7.36017169E-01
 7.48315053E-01
 8.71991034E-01
 8.27273409E-01
 8.73226963E-01
 0.00000000E+00
 9.40194310E-01
 7.39926653E-01
 7.73213837E-01
 8.90892634E-01
 0.00000000E+00
 7.78777117E-01
 8.57876917E-01
 0.00000000E+00
 8.75261972E-01
 0.00000000E+00
 0.00000000E+00
 8.72709625E-01
 9.12222320E-01
 0.00000000E+00
 9.03891814E-01
 0.00000000E+00
 0.00000000E+00
 9.72375689E-01
 0.00000000E+00
 0.00000000E+00
 0.00000000E+00
 9.02600541E-01
 8.77695735E-01
 9.02469980E-01
 9.60622289E-01
 9.00616145E-01
 8.86061565E-01
 9.25871188E-01
 9.30350619E-01
 9.34764794E-01
 0.00000000E+00
 9.75450199E-01
 8.62554476E-01
 8.61852132E-01
 9.19652772E-01
 0.00000000E+00
 8.72062696E-01
 8.96650417E-01
 0.00000000E+00
 9.22671293E-01
 0.00000000E+00
 8.81093948E-01
 9.14880030E-01
 0.00000000E+00
 9.07358107E-01
 0.00000000E+00
 0.00000000E+00
 9.52183485E-01
 0.00000000E+00
 9.73120710E-01
 9.69175567E-01
 9.79293900E-01
 9.72733570E-01
 9.73562391E-01
 9.82402852E-01
 9.64123791E-01
 9.70416590E-01
 0.00000000E+00
 9.69643297E-01
 9.74490204E-01
 1.00000000E+00
 1.00000000E+00
 0.00000000E+00
 1.00000000E+00
 0.00000000E+00
 0.00000000E+00
 1.00000000E+00
 0.00000000E+00
 0.00000000E+00
 0.00000000E+00
 1.00000000E+00
 0.00000000E+00
 6.54308520E-01
 4.70621055E-01
 4.57181644E-01
 6.83726819E-01
 8.93550410E-01
 1.00000000E+00
 1.00000000E+00
 6.24964443E-01
 4.27843131E-01
 4.02182212E-01
 6.15851526E-01
 9.05346270E-01
 1.00000000E+00
 7.17467033E-01
 5.56347976E-01
 6.41185547E-01
 8.04207819E-01
 9.38565233E-01
 0.00000000E+00
 9.09092380E-01
 8.80311986E-01
 8.73964538E-01
 9.33368475E-01
 9.83415659E-01
 9.73379258E-01
 9.77942621E-01
 1.00000000E+00
 1.00000000E+00
 0.00000000E+00
 1.00000000E+00
 4.47524868E-01
 2.10853959E-01
 2.28933289E-01
 6.50228006E-01
 8.96272070E-01
 1.00000000E+00
 0.00000000E+00
 5.51277496E-01
 4.34661377E-01
 4.33916915E-01
 6.93905803E-01
 9.10817080E-01
 0.00000000E+00
 7.15640321E-01
 6.61609057E-01
 6.53679293E-01
 8.21690543E-01
 0.00000000E+00
 9.00832349E-01
 8.52751824E-01
 8.86043123E-01
 0.00000000E+00
 9.75876647E-01
 9.73171777E-01
 0.00000000E+00
 1.00000000E+00
 0.00000000E+00
 0.00000000E+00
 5.61478058E-01
 3.79498699E-01
 4.76414174E-01
 7.32551619E-01
 9.26868006E-01
 0.00000000E+00
 6.24550776E-01
 5.77489079E-01
 5.91065570E-01
 7.95598074E-01
 0.00000000E+00
 7.62136207E-01
 7.61886861E-01
 7.81753647E-01
 0.00000000E+00
 9.17469532E-01
 8.95977134E-01
 0.00000000E+00
 9.80525865E-01
 0.00000000E+00
 0.00000000E+00
 7.80248702E-01
 7.58654348E-01
 7.63922941E-01
 8.89577345E-01
 8.12261920E-01
 8.06730015E-01
 8.26108414E-01
 8.82207888E-01
 9.03015115E-01
 0.00000000E+00
 9.61968460E-01
 9.39544405E-01
 9.41033701E-01
 9.67590720E-01
 0.00000000E+00
 9.48802841E-01
 9.56530475E-01
 0.00000000E+00
 9.70300638E-01
 0.00000000E+00
 1.00000000E+00
 1.00000000E+00
 0.00000000E+00
 1.00000000E+00
 0.00000000E+00
 0.00000000E+00
 1.00000000E+00
 6.09656922E-01
 4.14273579E-01
 3.99731154E-01
 7.19152997E-01
 9.13282931E-01
 1.00000000E+00
 5.77215794E-01
 4.50806212E-01
 5.28563086E-01
 7.26085231E-01
 9.16675811E-01
 0.00000000E+00
 7.32019518E-01
 6.65313370E-01
 7.47211705E-01
 8.27542879E-01
 9.03664657E-01
 8.93574516E-01
 8.87753479E-01
 9.81666291E-01
 9.73562037E-01
 1.00000000E+00
 4.57110403E-01
 3.39864830E-01
 3.85060412E-01
 6.74909710E-01
 9.07250527E-01
 5.02968156E-01
 4.43495453E-01
 6.21527655E-01
 7.45594475E-01
 6.74930706E-01
 6.82787821E-01
 7.37881511E-01
 8.84180221E-01
 8.63350290E-01
 9.72797155E-01
 4.99094203E-01
 4.75841511E-01
 6.62346687E-01
 7.82423752E-01
 5.64269772E-01
 6.05002297E-01
 8.19770991E-01
 7.29100114E-01
 8.17925595E-01
 0.00000000E+00
 9.10988793E-01
 7.41895492E-01
 7.60555693E-01
 8.76202964E-01
 7.81362166E-01
 8.36354152E-01
 8.75426037E-01
 9.31451725E-01
 9.49635594E-01
 0.00000000E+00
 9.47480164E-01
 1.00000000E+00
 6.59441791E-01
 5.54015635E-01
 6.09593998E-01
 7.87573817E-01
 9.37137090E-01
 0.00000000E+00
 6.78363404E-01
 6.06243933E-01
 7.01696502E-01
 8.09883870E-01
 0.00000000E+00
 7.80700911E-01
 7.62810785E-01
 7.84315389E-01
 0.00000000E+00
 9.20127837E-01
 8.98161388E-01
 0.00000000E+00
 9.81125068E-01
 0.00000000E+00
 0.00000000E+00
 5.52662032E-01
 5.07924286E-01
 6.64916665E-01
 7.91243220E-01
 5.88176684E-01
 6.10093060E-01
 8.10937859E-01
 7.35423618E-01
 8.14121059E-01
 0.00000000E+00
 9.11547627E-01
 5.92145187E-01
 6.42422855E-01
 8.31812969E-01
 0.00000000E+00
 6.55545257E-01
 7.80276269E-01
 0.00000000E+00
 8.07648493E-01
 0.00000000E+00
 0.00000000E+00
 7.98856507E-01
 8.60056891E-01
 0.00000000E+00
 8.47883512E-01
 0.00000000E+00
 0.00000000E+00
 9.55486187E-01
 0.00000000E+00
 0.00000000E+00
 0.00000000E+00
 8.45067537E-01
 8.05068539E-01
 8.45867961E-01
 9.07664595E-01
 8.45285136E-01
 8.23935037E-01
 8.91188207E-01
 8.93792412E-01
 9.05160636E-01
 0.00000000E+00
 9.63890308E-01
 7.85310238E-01
 7.82866966E-01
 8.76391849E-01
 0.00000000E+00
 8.01614255E-01
 8.40959676E-01
 0.00000000E+00
 8.81236881E-01
 0.00000000E+00
 8.12989012E-01
 8.64678089E-01
 0.00000000E+00
 8.53863336E-01
 0.00000000E+00
 0.00000000E+00
 9.23197515E-01
 0.00000000E+00
 9.58201926E-01
 9.51819374E-01
 9.68402253E-01
 9.58006740E-01
 9.59731974E-01
 9.73163901E-01
 9.43925506E-01
 9.53239729E-01
 0.00000000E+00
 9.52355198E-01
 9.59198182E-01
 1.00000000E+00
 1.00000000E+00
 0.00000000E+00
 1.00000000E+00
 0.00000000E+00
 0.00000000E+00
 1.00000000E+00
 0.00000000E+00
 0.00000000E+00
 0.00000000E+00
 1.00000000E+00
 0.00000000E+00
 4.98441823E-01
 2.28340984E-01
 2.03832779E-01
 5.31803965E-01
 8.39771934E-01
 1.00000000E+00
 1.00000000E+00
 4.41588842E-01
 1.40540419E-01
 8.85622083E-02
 5.66206420E-01
 8.58193040E-01
 1.00000000E+00
 5.66597299E-01
 4.54896896E-01
 4.65448482E-01
 6.98597591E-01
 9.05697312E-01
 0.00000000E+00
 8.41126448E-01
 8.11745852E-01
 8.09940565E-01
 9.00546560E-01
 9.75975459E-01
 9.60320331E-01
 9.67007045E-01
 1.00000000E+00
 1.00000000E+00
 0.00000000E+00
 1.00000000E+00
 1.86633274E-01
 1.76823946E-01
 1.72463826E-01
 2.66156237E-01
 8.48526608E-01
 1.00000000E+00
 0.00000000E+00
 1.72121857E-01
 6.80517490E-02
 1.69888758E-01
 5.51457336E-01
 8.70634634E-01
 0.00000000E+00
 5.92613707E-01
 4.00832866E-01
 4.93680403E-01
 7.43736500E-01
 0.00000000E+00
 8.63955418E-01
 7.86656121E-01
 8.39090191E-01
 0.00000000E+00
 9.65629155E-01
 9.62936975E-01
 0.00000000E+00
 1.00000000E+00
 0.00000000E+00
 0.00000000E+00
 2.93379231E-01
 1.02573326E-01
 2.39261820E-01
 6.10673658E-01
 8.94350440E-01
 0.00000000E+00
 4.75374560E-01
 2.52643005E-01
 4.06122265E-01
 7.05699787E-01
 0.00000000E+00
 6.75902986E-01
 5.51399945E-01
 6.89101699E-01
 0.00000000E+00
 8.57523089E-01
 8.54040166E-01
 0.00000000E+00
 9.73150039E-01
 0.00000000E+00
 0.00000000E+00
 6.93371560E-01
 5.67370056E-01
 6.55630418E-01
 8.39084190E-01
 7.42121483E-01
 7.39559326E-01
 7.48270865E-01
 8.42280239E-01
 8.06732768E-01
 0.00000000E+00
 9.36059280E-01
 9.15933533E-01
 9.18445374E-01
 9.23475925E-01
 0.00000000E+00
 9.29822883E-01
 9.41872960E-01
 0.00000000E+00
 9.60062679E-01
 0.00000000E+00
 1.00000000E+00
 1.00000000E+00
 0.00000000E+00
 1.00000000E+00
 0.00000000E+00
 0.00000000E+00
 1.00000000E+00
 4.32467172E-01
 1.33705691E-01
 8.78390096E-02
 3.92165766E-01
 6.83137404E-01
 1.00000000E+00
 3.46964143E-01
 6.02081109E-03
 2.82843985E-01
 6.00002743E-01
 8.78209318E-01
 0.00000000E+00
 6.03102209E-01
 5.14956565E-01
 5.27596040E-01
 7.51842935E-01
 8.65924562E-01
 7.98146098E-01
 8.41657455E-01
 9.67247847E-01
 9.63497279E-01
 1.00000000E+00
 1.98397583E-01
 3.22989997E-02
 1.16905757E-01
 5.30995617E-01
 8.66397094E-01
 2.99757534E-01
 7.86602740E-02
 2.86364218E-01
 6.34675298E-01
 5.54413611E-01
 5.79555126E-01
 6.27508268E-01
 8.47830393E-01
 8.08696305E-01
 9.62586597E-01
 3.01120090E-01
 2.71957523E-01
 3.49778293E-01
 6.84615091E-01
 4.00745128E-01
 4.65663151E-01
 5.97733552E-01
 6.36387741E-01
 6.48182586E-01
 0.00000000E+00
 8.52589347E-01
 6.42019634E-01
 6.68782588E-01
 7.25155486E-01
 7.00395665E-01
 7.80780404E-01
 8.32428131E-01
 9.04374379E-01
 9.29931462E-01
 0.00000000E+00
 9.26978066E-01
 1.00000000E+00
 5.60350495E-01
 3.93729060E-01
 4.43361127E-01
 6.95041189E-01
 9.09298945E-01
 0.00000000E+00
 5.36087218E-01
 4.38891383E-01
 4.82574398E-01
 7.28313161E-01
 0.00000000E+00
 6.97863286E-01
 6.83962569E-01
 6.95464961E-01
 0.00000000E+00
 8.95031725E-01
 8.58246850E-01
 0.00000000E+00
 9.74138018E-01
 0.00000000E+00
 0.00000000E+00
 3.72461364E-01
 3.11815500E-01
 3.99212212E-01
 6.99188048E-01
 4.33432836E-01
 4.71702966E-01
 5.97197605E-01
 6.45112805E-01
 6.48085919E-01
 0.00000000E+00
 8.54946069E-01
 4.35885881E-01
 5.05874827E-01
 6.45851434E-01
 0.00000000E+00
 5.28946560E-01
 7.06072957E-01
 0.00000000E+00
 7.41765495E-01
 0.00000000E+00
 0.00000000E+00
 7.20405818E-01
 8.05525547E-01
 0.00000000E+00
 7.88978648E-01
 0.00000000E+00
 0.00000000E+00
 9.36953648E-01
 0.00000000E+00
 0.00000000E+00
 0.00000000E+00
 7.78055378E-01
 7.22019983E-01
 7.42801254E-01
 8.67804641E-01
 7.87077774E-01
 7.61742982E-01
 7.74820558E-01
 8.58251873E-01
 8.21654922E-01
 0.00000000E+00
 9.40974919E-01
 7.03873743E-01
 7.00694851E-01
 8.34754896E-01
 0.00000000E+00
 7.29893412E-01
 7.88564380E-01
 0.00000000E+00
 8.41364206E-01
 0.00000000E+00
 7.41308343E-01
 8.12630307E-01
 0.00000000E+00
 7.98079296E-01
 0.00000000E+00
 0.00000000E+00
 8.91608867E-01
 0.00000000E+00
 9.42518877E-01
 9.33946311E-01
 9.58215875E-01
 9.43296064E-01
 9.47212293E-01
 9.64496847E-01
 9.22979753E-01
 9.35761890E-01
 0.00000000E+00
 9.34598045E-01
 9.42707084E-01
 1.00000000E+00
 1.00000000E+00
 0.00000000E+00
 1.00000000E+00
 0.00000000E+00
 0.00000000E+00
 1.00000000E+00
 0.00000000E+00
 0.00000000E+00
 0.00000000E+00
 1.00000000E+00
 0.00000000E+00
 3.19902239E-01
 5.08990076E-02
 9.08872932E-02
 3.52323303E-01
 7.74269980E-01
 1.00000000E+00
 1.00000000E+00
 2.23779768E-01
 2.05455459E-01
 2.98650815E-01
 4.00882081E-01
 8.02340476E-01
 1.00000000E+00
 4.79461066E-01
 2.40074369E-01
 2.50510711E-01
 5.49509495E-01
 8.13942850E-01
 0.00000000E+00
 7.99013685E-01
 7.03755319E-01
 7.29807025E-01
 8.60423882E-01
 9.59583876E-01
 9.44005745E-01
 9.54929694E-01
 1.00000000E+00
 1.00000000E+00
 0.00000000E+00
 1.00000000E+00
 1.23280219E-01
 6.48245502E-01
 6.79998836E-01
 1.02683197E-01
 7.74885002E-01
 1.00000000E+00
 0.00000000E+00
 1.84690698E-01
 3.05806159E-01
 1.43754791E-01
 3.87098036E-01
 8.25761176E-01
 0.00000000E+00
 3.63884751E-01
 1.80946707E-01
 3.11018325E-01
 6.59245886E-01
 0.00000000E+00
 7.68566338E-01
 7.11916047E-01
 7.89836069E-01
 0.00000000E+00
 9.54164926E-01
 9.52460418E-01
 0.00000000E+00
 1.00000000E+00
 0.00000000E+00
 0.00000000E+00
 5.08616515E-02
 2.09929233E-01
 2.83667189E-02
 4.73921489E-01
 8.58870738E-01
 0.00000000E+00
 1.71264688E-01
 9.10589971E-03
 1.98589639E-01
 6.08583701E-01
 0.00000000E+00
 4.68195957E-01
 3.98737211E-01
 5.91200683E-01
 0.00000000E+00
 8.11468347E-01
 8.10865088E-01
 0.00000000E+00
 9.65607030E-01
 0.00000000E+00
 0.00000000E+00
 5.15606050E-01
 4.16708672E-01
 5.33557328E-01
 7.83183920E-01
 6.71671411E-01
 5.31796505E-01
 6.62984572E-01
 7.45337371E-01
 7.44023352E-01
 0.00000000E+00
 9.16695105E-01
 8.91442601E-01
 8.54062032E-01
 8.95739958E-01
 0.00000000E+00
 9.11040503E-01
 8.91605008E-01
 0.00000000E+00
 9.50825490E-01
 0.00000000E+00
 1.00000000E+00
 1.00000000E+00
 0.00000000E+00
 1.00000000E+00
 0.00000000E+00
 0.00000000E+00
 1.00000000E+00
 2.23123056E-01
 2.09945392E-01
 3.18500934E-01
 5.06385555E-02
 8.23805275E-01
 1.00000000E+00
 7.62901038E-02
 4.81959204E-01
 4.85709926E-03
 4.47059628E-01
 8.31717945E-01
 0.00000000E+00
 4.48593545E-01
 2.66837016E-01
 3.58104120E-01
 6.67465399E-01
 7.88758780E-01
 7.28376068E-01
 7.92749914E-01
 9.56486133E-01
 9.53147226E-01
 1.00000000E+00
 3.10242106E-01
 3.77311765E-01
 1.82875531E-01
 3.70117961E-01
 8.21309490E-01
 3.03120896E-02
 2.34651723E-01
 4.21283988E-02
 5.14302952E-01
 4.32644915E-01
 2.42137216E-01
 5.10676439E-01
 7.44510950E-01
 7.52270655E-01
 9.52142223E-01
 8.85175433E-02
 1.78686144E-01
 1.26296667E-01
 5.76841193E-01
 2.34714089E-01
 8.76656247E-02
 4.63183924E-01
 5.49967255E-01
 5.35268919E-01
 0.00000000E+00
 8.08387083E-01
 5.38376114E-01
 5.76405058E-01
 6.27414343E-01
 6.20034210E-01
 7.31687496E-01
 7.93497282E-01
 8.76232654E-01
 9.10290141E-01
 0.00000000E+00
 9.06257918E-01
 1.00000000E+00
 4.23588010E-01
 1.86559591E-01
 2.53585045E-01
 5.89029446E-01
 8.77062019E-01
 0.00000000E+00
 3.76911938E-01
 1.90269610E-01
 3.08753497E-01
 6.39339682E-01
 0.00000000E+00
 6.10916522E-01
 4.59104961E-01
 6.02317919E-01
 0.00000000E+00
 8.28668237E-01
 8.17513053E-01
 0.00000000E+00
 9.67050382E-01
 0.00000000E+00
 0.00000000E+00
 1.70165398E-01
 3.67245455E-02
 1.98596495E-01
 5.98256557E-01
 2.74493028E-01
 3.38960621E-01
 4.65211337E-01
 5.60836782E-01
 5.37274286E-01
 0.00000000E+00
 8.12071927E-01
 2.73635148E-01
 3.68138540E-01
 5.22582818E-01
 0.00000000E+00
 4.03646001E-01
 6.41004112E-01
 0.00000000E+00
 6.82479143E-01
 0.00000000E+00
 0.00000000E+00
 6.39345089E-01
 7.51384249E-01
 0.00000000E+00
 7.29760929E-01
 0.00000000E+00
 0.00000000E+00
 9.17233297E-01
 0.00000000E+00
 0.00000000E+00
 0.00000000E+00
 7.15130163E-01
 6.16291972E-01
 6.58873561E-01
 8.24212190E-01
 7.26152781E-01
 7.01616631E-01
 7.03464350E-01
 8.25591447E-01
 7.67262696E-01
 0.00000000E+00
 9.23914272E-01
 6.19094297E-01
 6.17879983E-01
 6.66006861E-01
 0.00000000E+00
 6.59711160E-01
 7.43858143E-01
 0.00000000E+00
 8.06206765E-01
 0.00000000E+00
 6.68019866E-01
 7.61623269E-01
 0.00000000E+00
 7.42681840E-01
 0.00000000E+00
 0.00000000E+00
 8.58286622E-01
 0.00000000E+00
 9.26095966E-01
 9.16086534E-01
 9.17670110E-01
 9.29284882E-01
 9.08354300E-01
 9.46363157E-01
 9.01974903E-01
 9.19138718E-01
 0.00000000E+00
 9.17374839E-01
 9.25565543E-01
 1.00000000E+00
 1.00000000E+00
 0.00000000E+00
 1.00000000E+00
 0.00000000E+00
 0.00000000E+00
 1.00000000E+00
 0.00000000E+00
 0.00000000E+00
 0.00000000E+00
 1.00000000E+00
 0.00000000E+00
 2.63930406E-01
 1.42122359E-01
 1.92866673E-01
 2.84567463E-01
 7.45521174E-01
 1.00000000E+00
 1.00000000E+00
 1.39689484E-01
 3.48485788E-01
 1.37804430E-01
 3.42314909E-01
 7.81029851E-01
 1.00000000E+00
 4.24711424E-01
 1.57514867E-01
 1.64476937E-01
 4.91504456E-01
 7.77987933E-01
 0.00000000E+00
 7.74633857E-01
 6.65537115E-01
 6.49658902E-01
 8.31924953E-01
 9.54313890E-01
 9.37304320E-01
 9.50803316E-01
 1.00000000E+00
 1.00000000E+00
 0.00000000E+00
 1.00000000E+00
 2.44166843E-01
 8.55294684E-01
 9.44612590E-01
 2.15998353E-01
 7.53408194E-01
 1.00000000E+00
 0.00000000E+00
 4.24360535E-02
 4.26798921E-01
 3.17806396E-01
 2.29633003E-01
 8.12400318E-01
 0.00000000E+00
 2.76836797E-01
 1.05653056E-01
 2.53973245E-01
 6.41473427E-01
 0.00000000E+00
 7.49121591E-01
 6.90879962E-01
 7.83235520E-01
 0.00000000E+00
 9.51264381E-01
 9.51009941E-01
 0.00000000E+00
 1.00000000E+00
 0.00000000E+00
 0.00000000E+00
 3.15424417E-01
 3.01591364E-01
 1.05398890E-01
 4.36142926E-01
 8.51028077E-01
 0.00000000E+00
 1.10241442E-01
 8.40786907E-02
 1.42062721E-01
 5.89432950E-01
 0.00000000E+00
 4.31583224E-01
 3.60067856E-01
 5.76681108E-01
 0.00000000E+00
 8.01334328E-01
 8.06822938E-01
 0.00000000E+00
 9.65124520E-01
 0.00000000E+00
 0.00000000E+00
 4.83706417E-01
 3.74758430E-01
 4.98954103E-01
 7.69294252E-01
 5.65083191E-01
 5.00417754E-01
 6.43879518E-01
 7.31493495E-01
 7.32274346E-01
 0.00000000E+00
 9.13920005E-01
 8.58557691E-01
 8.43060368E-01
 8.87682952E-01
 0.00000000E+00
 9.11040727E-01
 8.84260143E-01
 0.00000000E+00
 9.35180314E-01
 0.00000000E+00
 1.00000000E+00
 1.00000000E+00
 0.00000000E+00
 1.00000000E+00
 0.00000000E+00
 0.00000000E+00
 1.00000000E+00
 1.43752268E-01
 3.66831948E-01
 5.58940797E-01
 4.17477954E-01
 8.09422646E-01
 1.00000000E+00
 5.74468188E-02
 1.30238495E-01
 7.86125938E-02
 3.54910642E-01
 8.02612823E-01
 0.00000000E+00
 3.93325010E-01
 1.94314323E-01
 2.99850917E-01
 6.43396407E-01
 7.71915262E-01
 7.08586924E-01
 7.84906795E-01
 9.53823448E-01
 9.51570088E-01
 1.00000000E+00
 4.87272399E-01
 1.23654232E+00
 2.66938444E-01
 3.25653648E-01
 8.09923968E-01
 9.81398855E-02
 3.18555491E-01
 2.21223957E-02
 4.89154092E-01
 2.61405949E-01
 1.95887942E-01
 4.92898615E-01
 7.31485156E-01
 7.46928063E-01
 9.51486205E-01
 9.39289334E-02
 2.52059640E-01
 6.80562351E-02
 5.51025618E-01
 3.49540205E-02
 3.12773540E-02
 4.34109959E-01
 4.01094819E-01
 5.14944941E-01
 0.00000000E+00
 8.02356425E-01
 5.27457912E-01
 3.98989892E-01
 6.00455873E-01
 6.19612765E-01
 5.79773335E-01
 7.32672798E-01
 8.73153908E-01
 9.09719150E-01
 0.00000000E+00
 9.05303189E-01
 1.00000000E+00
 3.95859899E-01
 1.43000935E-01
 1.81498673E-01
 5.49721366E-01
 8.64238263E-01
 0.00000000E+00
 3.37008569E-01
 1.36795797E-01
 2.62388324E-01
 6.18958950E-01
 0.00000000E+00
 5.24543128E-01
 4.28916079E-01
 5.89899788E-01
 0.00000000E+00
 8.20823069E-01
 8.14699352E-01
 0.00000000E+00
 9.66747861E-01
 0.00000000E+00
 0.00000000E+00
 8.34460944E-02
 9.35374011E-02
 1.50126288E-01
 5.74904374E-01
 2.61119191E-01
 8.71121933E-02
 4.38918216E-01
 4.30545312E-01
 5.19300318E-01
 0.00000000E+00
 8.06816869E-01
 2.56349131E-01
 1.46957199E-01
 4.90759739E-01
 0.00000000E+00
 4.03927935E-01
 4.53275158E-01
 0.00000000E+00
 5.93366534E-01
 0.00000000E+00
 0.00000000E+00
 6.31575287E-01
 7.50336413E-01
 0.00000000E+00
 7.27776541E-01
 0.00000000E+00
 0.00000000E+00
 9.14086478E-01
 0.00000000E+00
 0.00000000E+00
 0.00000000E+00
 7.02388216E-01
 5.96416174E-01
 6.39076137E-01
 8.14082023E-01
 7.17978336E-01
 6.04251538E-01
 6.91549925E-01
 7.76626595E-01
 7.60363066E-01
 0.00000000E+00
 9.22246759E-01
 6.09452253E-01
 5.04491860E-01
 6.46096229E-01
 0.00000000E+00
 6.61750223E-01
 6.14595403E-01
 0.00000000E+00
 7.52163802E-01
 0.00000000E+00
 6.62767663E-01
 7.62149730E-01
 0.00000000E+00
 7.42394759E-01
 0.00000000E+00
 0.00000000E+00
 8.53614741E-01
 0.00000000E+00
 9.23927030E-01
 9.15505093E-01
 9.13592430E-01
 9.30574651E-01
 9.04393428E-01
 9.44591595E-01
 9.01397587E-01
 9.20434119E-01
 0.00000000E+00
 9.18220739E-01
 9.23728515E-01
 1.00000000E+00
 1.00000000E+00
 0.00000000E+00
 1.00000000E+00
 0.00000000E+00
 0.00000000E+00
 1.00000000E+00
 0.00000000E+00
 0.00000000E+00
 0.00000000E+00
 1.00000000E+00
 0.00000000E+00
 3.63712866E-01
 8.67751277E-03
 4.19160811E-02
 3.68249159E-01
 7.70029743E-01
 1.00000000E+00
 1.00000000E+00
 2.39155473E-01
 7.87528698E-03
 1.02852485E-02
 4.25662688E-01
 8.07023159E-01
 1.00000000E+00
 4.94038593E-01
 2.56911344E-01
 2.59082306E-01
 5.43307937E-01
 7.87810516E-01
 0.00000000E+00
 7.98755410E-01
 6.99248700E-01
 6.79723955E-01
 6.67699059E-01
 9.55546067E-01
 9.42911806E-01
 9.56775543E-01
 1.00000000E+00
 1.00000000E+00
 0.00000000E+00
 1.00000000E+00
 1.07703237E-01
 6.83977879E-01
 8.29490739E-01
 3.21980403E-01
 7.84763991E-01
 1.00000000E+00
 0.00000000E+00
 9.58439144E-02
 2.42815534E-01
 1.56044757E-01
 3.13767294E-01
 7.18197791E-01
 0.00000000E+00
 3.64923476E-01
 1.37179202E-01
 3.53108776E-01
 7.00052991E-01
 0.00000000E+00
 7.82921283E-01
 7.36242410E-01
 8.20075473E-01
 0.00000000E+00
 9.58544095E-01
 9.60615200E-01
 0.00000000E+00
 1.00000000E+00
 0.00000000E+00
 0.00000000E+00
 2.20170519E-01
 8.66059056E-01
 1.99923128E-02
 5.19697145E-01
 8.75527806E-01
 0.00000000E+00
 2.37679816E-01
 7.27408875E-02
 2.70976938E-01
 6.60103352E-01
 0.00000000E+00
 5.15920842E-01
 4.59383245E-01
 6.54771100E-01
 0.00000000E+00
 8.33487648E-01
 8.44615032E-01
 0.00000000E+00
 9.71867442E-01
 0.00000000E+00
 0.00000000E+00
 5.61351905E-01
 4.66817848E-01
 5.72877115E-01
 8.06001252E-01
 6.31338716E-01
 5.76538876E-01
 7.03008101E-01
 7.74624376E-01
 7.79062991E-01
 0.00000000E+00
 9.29557159E-01
 8.80057160E-01
 8.65908374E-01
 9.04272658E-01
 0.00000000E+00
 9.03116461E-01
 9.02151592E-01
 0.00000000E+00
 9.45922651E-01
 0.00000000E+00
 1.00000000E+00
 1.00000000E+00
 0.00000000E+00
 1.00000000E+00
 0.00000000E+00
 0.00000000E+00
 1.00000000E+00
 2.38266301E-01
 2.54614245E-01
 5.25056716E-01
 5.03192190E-01
 8.35273190E-01
 1.00000000E+00
 3.18497611E-01
 3.02885921E-02
 6.68246684E-02
 4.32025947E-01
 7.58428107E-01
 0.00000000E+00
 4.74589071E-01
 2.67825071E-01
 3.67550054E-01
 6.88469124E-01
 8.02489143E-01
 7.50176204E-01
 8.22479402E-01
 9.60911540E-01
 9.60838331E-01
 1.00000000E+00
 3.79731559E-01
 2.67764140E-01
 1.28644537E-01
 4.19116581E-01
 8.38072363E-01
 6.21442768E-02
 1.24539248E-01
 1.31372325E-01
 5.74089857E-01
 3.73424612E-01
 3.21704379E-01
 5.85273041E-01
 7.75297628E-01
 7.96277197E-01
 9.61077297E-01
 7.91580263E-02
 5.91891380E-02
 2.10111430E-01
 6.22905733E-01
 1.86505717E-01
 1.82345896E-01
 5.28760928E-01
 4.98807282E-01
 6.00287935E-01
 0.00000000E+00
 8.38461029E-01
 5.17867718E-01
 4.89886439E-01
 6.60856096E-01
 5.99868808E-01
 6.45843611E-01
 7.77533516E-01
 8.97052460E-01
 8.83646770E-01
 0.00000000E+00
 9.24806353E-01
 1.00000000E+00
 4.93517602E-01
 2.74699011E-01
 2.97472157E-01
 5.73947006E-01
 8.72014177E-01
 0.00000000E+00
 4.23680069E-01
 2.57061654E-01
 3.67115936E-01
 6.77263553E-01
 0.00000000E+00
 5.98067772E-01
 5.19596855E-01
 6.65612467E-01
 0.00000000E+00
 8.50751506E-01
 8.51636330E-01
 0.00000000E+00
 9.73432914E-01
 0.00000000E+00
 0.00000000E+00
 2.32463864E-01
 7.94554801E-02
 2.82202174E-01
 6.42915018E-01
 2.65378809E-01
 2.33250576E-01
 5.34723381E-01
 5.25510462E-01
 6.05796548E-01
 0.00000000E+00
 8.42701610E-01
 2.75677349E-01
 2.80579880E-01
 5.69914019E-01
 0.00000000E+00
 3.88379823E-01
 5.41340499E-01
 0.00000000E+00
 6.62760155E-01
 0.00000000E+00
 0.00000000E+00
 7.01952279E-01
 6.90059404E-01
 0.00000000E+00
 7.84579868E-01
 0.00000000E+00
 0.00000000E+00
 9.29517164E-01
 0.00000000E+00
 0.00000000E+00
 0.00000000E+00
 7.49558333E-01
 6.59106807E-01
 6.93984647E-01
 8.42787997E-01
 7.35326976E-01
 6.69431658E-01
 7.46458113E-01
 8.15056928E-01
 8.05551551E-01
 0.00000000E+00
 9.37121395E-01
 6.80061115E-01
 5.84759110E-01
 7.03101297E-01
 0.00000000E+00
 6.57321424E-01
 6.78910232E-01
 0.00000000E+00
 7.95478931E-01
 0.00000000E+00
 7.28885619E-01
 7.11646456E-01
 0.00000000E+00
 7.97737660E-01
 0.00000000E+00
 0.00000000E+00
 8.80620251E-01
 0.00000000E+00
 9.36953684E-01
 9.11879352E-01
 9.28275307E-01
 9.29276985E-01
 9.21251054E-01
 9.54621605E-01
 9.21648319E-01
 9.03827322E-01
 0.00000000E+00
 9.17628569E-01
 9.38435614E-01
 1.00000000E+00
 1.00000000E+00
 0.00000000E+00
 1.00000000E+00
 0.00000000E+00
 0.00000000E+00
 1.00000000E+00
 0.00000000E+00
 0.00000000E+00
 0.00000000E+00
 1.00000000E+00
 0.00000000E+00
 4.84911746E-01
 1.94234663E-01
 1.47520032E-01
 4.76939364E-01
 8.68932688E-01
 1.00000000E+00
 1.00000000E+00
 3.70388282E-01
 1.96198948E-01
 1.96688113E-01
 5.32094235E-01
 8.41326575E-01
 1.00000000E+00
 5.84844302E-01
 3.88661305E-01
 3.87248478E-01
 6.17354951E-01
 8.09306136E-01
 0.00000000E+00
 8.32295748E-01
 7.47600740E-01
 7.20475461E-01
 6.76526773E-01
 9.62180063E-01
 9.37969340E-01
 9.62891118E-01
 1.00000000E+00
 1.00000000E+00
 0.00000000E+00
 1.00000000E+00
 6.85288515E-02
 4.50597987E-01
 2.20512676E-02
 4.52175105E-01
 8.24348404E-01
 1.00000000E+00
 0.00000000E+00
 2.66951516E-01
 1.19004474E-02
 5.16737820E-02
 4.27329539E-01
 7.45230829E-01
 0.00000000E+00
 4.77961513E-01
 2.82999416E-01
 2.89353086E-01
 7.62788444E-01
 0.00000000E+00
 8.23620476E-01
 7.89982425E-01
 8.63773889E-01
 0.00000000E+00
 9.67308864E-01
 9.70632224E-01
 0.00000000E+00
 1.00000000E+00
 0.00000000E+00
 0.00000000E+00
 8.82986198E-02
 6.77687583E-02
 1.72350160E-01
 5.40250204E-01
 9.03248234E-01
 0.00000000E+00
 3.51115703E-01
 2.58801415E-01
 4.23223989E-01
 7.39448360E-01
 0.00000000E+00
 6.15134826E-01
 5.75317892E-01
 7.40044902E-01
 0.00000000E+00
 8.70075904E-01
 8.84653239E-01
 0.00000000E+00
 9.79131676E-01
 0.00000000E+00
 0.00000000E+00
 6.51670905E-01
 5.75863190E-01
 6.61193444E-01
 8.48830313E-01
 7.08183629E-01
 6.65889586E-01
 7.70952738E-01
 8.23630532E-01
 8.31551854E-01
 0.00000000E+00
 9.46585730E-01
 9.05013570E-01
 8.93283206E-01
 9.24329975E-01
 0.00000000E+00
 9.23762728E-01
 9.23271051E-01
 0.00000000E+00
 9.58043581E-01
 0.00000000E+00
 1.00000000E+00
 1.00000000E+00
 0.00000000E+00
 1.00000000E+00
 0.00000000E+00
 0.00000000E+00
 1.00000000E+00
 3.57131266E-01
 1.03392785E-01
 3.21262647E-01
 6.03331516E-01
 8.66455737E-01
 1.00000000E+00
 4.55867155E-01
 2.21581674E-01
 2.44083279E-01
 5.30505235E-01
 7.80332180E-01
 0.00000000E+00
 5.73963934E-01
 3.99803447E-01
 3.93403209E-01
 7.15001847E-01
 8.35805424E-01
 7.98017199E-01
 8.59692561E-01
 9.68904890E-01
 9.70539187E-01
 1.00000000E+00
 2.44331454E-01
 8.65223355E-03
 9.37563616E-02
 4.75041289E-01
 8.67592863E-01
 2.24040230E-01
 9.64207763E-02
 3.08551104E-01
 6.68992490E-01
 5.02862116E-01
 4.66769661E-01
 6.86057504E-01
 8.24732674E-01
 8.48347275E-01
 9.70863234E-01
 2.74434915E-01
 1.62899282E-01
 3.75948847E-01
 7.05876611E-01
 3.59249059E-01
 3.57049817E-01
 6.36722737E-01
 6.08779631E-01
 6.95484654E-01
 0.00000000E+00
 8.77590735E-01
 6.21040485E-01
 5.96529195E-01
 7.32856212E-01
 6.86380339E-01
 7.23069432E-01
 8.27755515E-01
 8.97786829E-01
 9.07232605E-01
 0.00000000E+00
 9.24558683E-01
 1.00000000E+00
 6.01614513E-01
 4.23564174E-01
 4.32359036E-01
 6.43367175E-01
 8.22879462E-01
 0.00000000E+00
 5.38960638E-01
 3.60286452E-01
 4.79033443E-01
 7.39179860E-01
 0.00000000E+00
 6.80804244E-01
 6.21830291E-01
 7.46717949E-01
 0.00000000E+00
 8.84043024E-01
 8.90216916E-01
 0.00000000E+00
 9.80192176E-01
 0.00000000E+00
 0.00000000E+00
 3.95686452E-01
 2.73398890E-01
 4.32800668E-01
 7.20198810E-01
 4.23967845E-01
 3.99436880E-01
 6.42538017E-01
 6.31157949E-01
 7.01203948E-01
 0.00000000E+00
 8.81254071E-01
 4.34297351E-01
 4.34345756E-01
 6.62802548E-01
 0.00000000E+00
 5.22798373E-01
 6.43061497E-01
 0.00000000E+00
 7.39846762E-01
 0.00000000E+00
 0.00000000E+00
 7.76247082E-01
 7.54129404E-01
 0.00000000E+00
 7.86456081E-01
 0.00000000E+00
 0.00000000E+00
 9.46472205E-01
 0.00000000E+00
 0.00000000E+00
 0.00000000E+00
 7.97644906E-01
 7.26433886E-01
 7.54347810E-01
 8.74318015E-01
 7.92959995E-01
 7.42026902E-01
 8.06817579E-01
 8.57201700E-01
 8.54449708E-01
 0.00000000E+00
 9.52941083E-01
 7.16508343E-01
 6.75402331E-01
 7.68781183E-01
 0.00000000E+00
 7.34137929E-01
 7.52110829E-01
 0.00000000E+00
 8.43148391E-01
 0.00000000E+00
 7.97889626E-01
 7.72686487E-01
 0.00000000E+00
 7.99492392E-01
 0.00000000E+00
 0.00000000E+00
 9.10000168E-01
 0.00000000E+00
 9.47080474E-01
 9.31528303E-01
 9.44785915E-01
 9.45561090E-01
 9.40064027E-01
 9.65533577E-01
 9.42383267E-01
 9.24858237E-01
 0.00000000E+00
 9.36167457E-01
 9.54184753E-01
 1.00000000E+00
 1.00000000E+00
 0.00000000E+00
 1.00000000E+00
 0.00000000E+00
 0.00000000E+00
 1.00000000E+00
 0.00000000E+00
 0.00000000E+00
 0.00000000E+00
 1.00000000E+00
 0.00000000E+00
 6.29622170E-01
 4.18228951E-01
 3.80225440E-01
 6.14757030E-01
 9.06885100E-01
 1.00000000E+00
 1.00000000E+00
 6.13378833E-01
 4.23374614E-01
 4.22811528E-01
 6.62604570E-01
 8.84509163E-01
 1.00000000E+00
 6.98543545E-01
 5.55009384E-01
 5.51696484E-01
 7.16291756E-01
 8.46903466E-01
 0.00000000E+00
 8.76330218E-01
 8.12547343E-01
 7.87968067E-01
 7.11501366E-01
 9.71470541E-01
 9.52055107E-01
 8.66601554E-01
 1.00000000E+00
 1.00000000E+00
 0.00000000E+00
 1.00000000E+00
 2.96149888E-01
 2.67192709E-01
 3.03088309E-01
 6.07548996E-01
 8.72766446E-01
 1.00000000E+00
 0.00000000E+00
 4.73032455E-01
 2.69399485E-01
 3.09733535E-01
 5.74930117E-01
 7.90272019E-01
 0.00000000E+00
 6.19022955E-01
 4.70316873E-01
 4.57466696E-01
 1.81274838E-01
 0.00000000E+00
 8.45928002E-01
 8.49585266E-01
 9.08823181E-01
 0.00000000E+00
 9.77251681E-01
 9.80732261E-01
 0.00000000E+00
 1.00000000E+00
 0.00000000E+00
 0.00000000E+00
 4.95483209E-01
 3.33722044E-01
 4.03860349E-01
 6.63929275E-01
 8.77950287E-01
 0.00000000E+00
 5.32596806E-01
 3.93634806E-01
 5.96215845E-01
 8.24303011E-01
 0.00000000E+00
 7.29102109E-01
 7.05901299E-01
 8.28480265E-01
 0.00000000E+00
 9.10626579E-01
 9.24236501E-01
 0.00000000E+00
 9.86433544E-01
 0.00000000E+00
 0.00000000E+00
 7.54650682E-01
 7.01389677E-01
 7.62756635E-01
 8.96437632E-01
 7.95497505E-01
 7.67387809E-01
 8.45116345E-01
 8.78105444E-01
 8.87591365E-01
 0.00000000E+00
 9.64472281E-01
 9.33378015E-01
 9.24973216E-01
 9.47387570E-01
 0.00000000E+00
 9.46924865E-01
 9.47111021E-01
 0.00000000E+00
 9.71322975E-01
 0.00000000E+00
 1.00000000E+00
 1.00000000E+00
 0.00000000E+00
 1.00000000E+00
 0.00000000E+00
 0.00000000E+00
 1.00000000E+00
 5.10160005E-01
 5.22309110E-01
 5.22464807E-01
 7.18607392E-01
 9.03576851E-01
 1.00000000E+00
 6.14457879E-01
 4.45314599E-01
 4.55894419E-01
 6.53921847E-01
 8.15562202E-01
 0.00000000E+00
 6.93184413E-01
 5.62408483E-01
 5.43483040E-01
 3.76319264E-01
 8.69856112E-01
 8.48478001E-01
 9.02026697E-01
 9.78186059E-01
 9.80425361E-01
 1.00000000E+00
 4.69604521E-01
 2.87239391E-01
 3.53190921E-01
 6.17964913E-01
 8.47692815E-01
 4.46576109E-01
 2.93592164E-01
 5.05410959E-01
 7.71004994E-01
 6.49643991E-01
 6.29215493E-01
 7.91105482E-01
 8.79292876E-01
 8.99851233E-01
 9.80992440E-01
 4.91358966E-01
 4.13065847E-01
 5.63687881E-01
 7.97737193E-01
 5.52794613E-01
 5.53388332E-01
 7.54166246E-01
 7.30115073E-01
 7.96770547E-01
 0.00000000E+00
 9.18586194E-01
 7.36078689E-01
 7.17938623E-01
 8.14798946E-01
 7.82467734E-01
 8.09597298E-01
 8.82499696E-01
 9.28671309E-01
 9.34789615E-01
 0.00000000E+00
 9.47578400E-01
 1.00000000E+00
 7.20964985E-01
 5.91477667E-01
 5.89526934E-01
 7.29626742E-01
 8.19165262E-01
 0.00000000E+00
 6.71178041E-01
 5.34394141E-01
 5.13582866E-01
 8.00717588E-01
 0.00000000E+00
 7.72355179E-01
 7.34498547E-01
 8.30210343E-01
 0.00000000E+00
 9.20374109E-01
 9.28756216E-01
 0.00000000E+00
 9.87138715E-01
 0.00000000E+00
 0.00000000E+00
 5.69341596E-01
 4.87435369E-01
 6.00797041E-01
 8.05286065E-01
 5.99127503E-01
 5.83815016E-01
 7.58613597E-01
 7.46541079E-01
 8.01648290E-01
 0.00000000E+00
 9.21346853E-01
 6.08292776E-01
 6.06664295E-01
 7.67222791E-01
 0.00000000E+00
 6.70496593E-01
 7.55827328E-01
 0.00000000E+00
 8.23232952E-01
 0.00000000E+00
 0.00000000E+00
 8.00592219E-01
 8.28054341E-01
 0.00000000E+00
 8.52182466E-01
 0.00000000E+00
 0.00000000E+00
 9.64337075E-01
 0.00000000E+00
 0.00000000E+00
 0.00000000E+00
 8.49122909E-01
 7.96313358E-01
 8.19798086E-01
 9.08322118E-01
 8.55597503E-01
 8.21233935E-01
 8.70375382E-01
 9.02563142E-01
 9.04776543E-01
 0.00000000E+00
 9.69173557E-01
 8.04525661E-01
 7.75395083E-01
 8.41421308E-01
 0.00000000E+00
 8.17511912E-01
 8.31998947E-01
 0.00000000E+00
 8.94160668E-01
 0.00000000E+00
 8.22631605E-01
 8.42127668E-01
 0.00000000E+00
 8.61929050E-01
 0.00000000E+00
 0.00000000E+00
 9.40573282E-01
 0.00000000E+00
 9.63549155E-01
 9.52824966E-01
 9.62589667E-01
 9.62964854E-01
 9.60092387E-01
 9.77030786E-01
 9.49019274E-01
 9.48363356E-01
 0.00000000E+00
 9.56382490E-01
 9.59583946E-01
 1.00000000E+00
 1.00000000E+00
 0.00000000E+00
 1.00000000E+00
 0.00000000E+00
 0.00000000E+00
 1.00000000E+00
 0.00000000E+00
 0.00000000E+00
 0.00000000E+00
 1.00000000E+00
 0.00000000E+00
 8.00354814E-01
 6.85104487E-01
 6.62084822E-01
 7.86962801E-01
 9.50524011E-01
 1.00000000E+00
 1.00000000E+00
 7.92784785E-01
 6.90817041E-01
 6.90088415E-01
 8.18219470E-01
 9.37181372E-01
 1.00000000E+00
 8.36490838E-01
 7.58100755E-01
 7.55081097E-01
 8.42876609E-01
 9.07135400E-01
 0.00000000E+00
 9.31922418E-01
 8.96035608E-01
 8.79738928E-01
 7.97679168E-01
 9.83904876E-01
 9.72220534E-01
 8.92463068E-01
 1.00000000E+00
 1.00000000E+00
 0.00000000E+00
 1.00000000E+00
 5.94875195E-01
 6.10396554E-01
 6.28286145E-01
 7.89496073E-01
 9.30891971E-01
 1.00000000E+00
 0.00000000E+00
 7.16465252E-01
 6.05089476E-01
 6.23536380E-01
 7.62846654E-01
 8.65415915E-01
 0.00000000E+00
 7.91635652E-01
 7.06252935E-01
 6.86974902E-01
 1.77799454E-01
 0.00000000E+00
 9.13321452E-01
 8.48947996E-01
 9.17242591E-01
 0.00000000E+00
 9.88208372E-01
 9.82165831E-01
 0.00000000E+00
 1.00000000E+00
 0.00000000E+00
 0.00000000E+00
 7.31300063E-01
 6.43202347E-01
 6.78045485E-01
 8.15322547E-01
 9.28205127E-01
 0.00000000E+00
 7.47428677E-01
 6.68082691E-01
 7.86290653E-01
 9.11715458E-01
 0.00000000E+00
 8.57390338E-01
 8.48442788E-01
 9.16205690E-01
 0.00000000E+00
 9.54315490E-01
 9.63599428E-01
 0.00000000E+00
 9.90311692E-01
 0.00000000E+00
 0.00000000E+00
 8.70360906E-01
 8.42843557E-01
 8.76180386E-01
 9.47331726E-01
 8.92949737E-01
 8.79448381E-01
 9.22504560E-01
 9.37271987E-01
 9.44591187E-01
 0.00000000E+00
 9.82532351E-01
 9.65075499E-01
 9.60677889E-01
 9.72848220E-01
 0.00000000E+00
 9.72426821E-01
 9.72976068E-01
 0.00000000E+00
 9.85448450E-01
 0.00000000E+00
 1.00000000E+00
 1.00000000E+00
 0.00000000E+00
 1.00000000E+00
 0.00000000E+00
 0.00000000E+00
 1.00000000E+00
 8.32435860E-01
 7.49392106E-01
 7.48145209E-01
 8.50229707E-01
 9.47604644E-01
 1.00000000E+00
 7.95359228E-01
 7.03767374E-01
 7.06092954E-01
 8.07676502E-01
 8.76206460E-01
 0.00000000E+00
 8.34332375E-01
 7.60362183E-01
 7.40187228E-01
 4.45784439E-01
 9.27961651E-01
 8.77598156E-01
 9.44875384E-01
 9.88500493E-01
 9.90279446E-01
 1.00000000E+00
 7.20879959E-01
 6.22230998E-01
 6.53323451E-01
 7.90355835E-01
 9.07401951E-01
 7.03755443E-01
 6.16430516E-01
 6.45418886E-01
 8.78496629E-01
 8.13858470E-01
 8.07058937E-01
 8.96627635E-01
 9.38105624E-01
 9.51618103E-01
 9.90823731E-01
 7.18167192E-01
 6.90935933E-01
 7.71747422E-01
 8.96330545E-01
 7.66559622E-01
 7.68735746E-01
 8.76742322E-01
 8.61280502E-01
 8.99776618E-01
 0.00000000E+00
 9.59953354E-01
 8.62548856E-01
 8.52904463E-01
 9.04636380E-01
 8.87372562E-01
 9.02934504E-01
 9.40480864E-01
 9.62816299E-01
 9.65898521E-01
 0.00000000E+00
 9.72852212E-01
 1.00000000E+00
 8.53006360E-01
 7.81796927E-01
 7.75139189E-01
 8.41816253E-01
 7.80678249E-01
 0.00000000E+00
 8.23302238E-01
 7.43310384E-01
 7.11754961E-01
 8.01978817E-01
 0.00000000E+00
 8.57125554E-01
 8.57783747E-01
 9.14216393E-01
 0.00000000E+00
 9.59181823E-01
 9.65328056E-01
 0.00000000E+00
 9.91125959E-01
 0.00000000E+00
 0.00000000E+00
 7.65694970E-01
 7.21982385E-01
 7.87068122E-01
 8.97713212E-01
 7.90765213E-01
 7.84450625E-01
 8.78976661E-01
 8.70168230E-01
 9.02721180E-01
 0.00000000E+00
 9.61487396E-01
 7.97003494E-01
 7.95803673E-01
 8.80577198E-01
 0.00000000E+00
 8.30159910E-01
 8.76198529E-01
 0.00000000E+00
 9.10849928E-01
 0.00000000E+00
 0.00000000E+00
 8.96623335E-01
 9.10561119E-01
 0.00000000E+00
 9.23762912E-01
 0.00000000E+00
 0.00000000E+00
 9.75393678E-01
 0.00000000E+00
 0.00000000E+00
 0.00000000E+00
 9.17670760E-01
 8.67862623E-01
 8.92213737E-01
 9.46263111E-01
 9.23731001E-01
 9.06751171E-01
 9.35121792E-01
 9.50441814E-01
 9.54057912E-01
 0.00000000E+00
 9.85101766E-01
 8.98938684E-01
 8.83803398E-01
 9.19124217E-01
 0.00000000E+00
 9.06527482E-01
 9.15741118E-01
 0.00000000E+00
 9.47071785E-01
 0.00000000E+00
 9.08608180E-01
 9.18514767E-01
 0.00000000E+00
 9.29219484E-01
 0.00000000E+00
 0.00000000E+00
 9.59086378E-01
 0.00000000E+00
 9.81080056E-01
 9.75617903E-01
 9.81141850E-01
 9.81220855E-01
 9.80411938E-01
 9.88694905E-01
 9.73936093E-01
 9.73685667E-01
 0.00000000E+00
 9.77853023E-01
 9.79091450E-01
 1.00000000E+00
 1.00000000E+00
 0.00000000E+00
 1.00000000E+00
 0.00000000E+00
 0.00000000E+00
 1.00000000E+00
 0.00000000E+00
 0.00000000E+00
 0.00000000E+00
 1.00000000E+00
 0.00000000E+00
