 8.82337742E-01
 8.24762894E-01
 8.13346472E-01
 8.30012463E-01
 8.47096546E-01
 8.67966860E-01
 8.92804149E-01
 8.19703037E-01
 7.42515278E-01
 7.39864377E-01
 7.69515653E-01
 8.00188074E-01
 8.31027049E-01
 8.03895541E-01
 7.36480922E-01
 7.56323565E-01
 7.95832356E-01
 8.37205818E-01
 8.69800365E-01
 8.09739013E-01
 7.51582008E-01
 7.82045276E-01
 8.26050473E-01
 8.18961913E-01
 7.74569624E-01
 8.20642667E-01
 8.24539646E-01
 7.87996065E-01
 8.44038693E-01
 8.24861322E-01
 7.79510542E-01
 6.88347181E-01
 6.88873846E-01
 7.25020126E-01
 7.62287305E-01
 7.99463127E-01
 8.36582634E-01
 6.80024774E-01
 5.58379860E-01
 5.76232686E-01
 6.42152314E-01
 7.10784821E-01
 7.66518723E-01
 6.78636653E-01
 5.75539581E-01
 6.22753320E-01
 7.08158608E-01
 7.98291125E-01
 7.00440347E-01
 6.21095244E-01
 6.86614514E-01
 7.62629556E-01
 7.32355433E-01
 6.86520778E-01
 7.77803297E-01
 7.55062791E-01
 7.26067882E-01
 9.69504771E-01
 7.47100325E-01
 6.71419469E-01
 7.10213395E-01
 7.61014358E-01
 8.13776613E-01
 8.53761003E-01
 6.62734597E-01
 5.64185501E-01
 6.25651949E-01
 7.16909102E-01
 8.12873996E-01
 7.06125373E-01
 6.29767290E-01
 7.04161251E-01
 8.15897455E-01
 7.44590769E-01
 7.01056564E-01
 7.91106058E-01
 7.97493010E-01
 7.97460265E-01
 9.79269052E-01
 7.49846060E-01
 6.85433351E-01
 7.38430056E-01
 7.93125730E-01
 6.76766702E-01
 6.00844306E-01
 6.82294817E-01
 7.35406513E-01
 6.88050911E-01
 7.78318377E-01
 7.79632766E-01
 7.74305078E-01
 7.31771618E-01
 8.01598109E-01
 8.58005870E-01
 7.22845635E-01
 6.85930492E-01
 7.90558427E-01
 7.97327896E-01
 7.93779478E-01
 7.99484140E-01
 7.71142344E-01
 8.47374368E-01
 7.62922631E-01
 7.45657272E-01
 0.00000000E+00
 8.16519193E-01
 8.63884536E-01
 8.02811330E-01
 7.98166860E-01
 8.23903432E-01
 8.50509641E-01
 8.75332922E-01
 7.96929484E-01
 7.20170296E-01
 7.33063268E-01
 7.78479617E-01
 8.25905701E-01
 8.62326040E-01
 7.89543031E-01
 7.32471592E-01
 7.76760690E-01
 8.33421028E-01
 8.04928908E-01
 7.63204521E-01
 8.18184609E-01
 8.28417824E-01
 8.08880100E-01
 8.44865459E-01
 7.71501282E-01
 6.87106557E-01
 7.03636520E-01
 7.54136544E-01
 8.06643320E-01
 6.77371135E-01
 5.63039126E-01
 5.97063606E-01
 6.84264100E-01
 6.93064762E-01
 5.95487082E-01
 6.48006208E-01
 7.31637761E-01
 6.62590939E-01
 7.85685032E-01
 7.60256428E-01
 7.02358645E-01
 7.60690147E-01
 8.24380563E-01
 6.89962669E-01
 5.96000755E-01
 6.54631299E-01
 7.49083447E-01
 6.47501450E-01
 6.70857439E-01
 8.03350848E-01
 7.78121672E-01
 7.37058943E-01
 8.06000201E-01
 7.26860631E-01
 6.59979373E-01
 7.99261338E-01
 8.15875307E-01
 8.00722012E-01
 8.80939723E-01
 7.92696453E-01
 8.46436525E-01
 8.58248820E-01
 8.01398500E-01
 8.06828507E-01
 8.40853975E-01
 8.76292149E-01
 9.03014120E-01
 7.96198164E-01
 7.31833772E-01
 7.63314216E-01
 8.18919042E-01
 8.77549050E-01
 8.01801925E-01
 7.66739581E-01
 8.34649691E-01
 8.96980297E-01
 8.27230544E-01
 8.08871312E-01
 8.82215037E-01
 8.63557248E-01
 8.67650607E-01
 9.85942972E-01
 7.81604039E-01
 7.13065649E-01
 7.46800210E-01
 8.05265781E-01
 7.03587546E-01
 6.11024888E-01
 6.61998668E-01
 7.38317794E-01
 6.60695287E-01
 7.16279558E-01
 7.87092474E-01
 7.89445637E-01
 7.55014574E-01
 8.29599654E-01
 8.93942450E-01
 7.41327635E-01
 6.64854192E-01
 7.19617650E-01
 8.14414065E-01
 7.02171563E-01
 0.00000000E+00
 8.18276015E-01
 8.00007373E-01
 8.77333584E-01
 7.89860707E-01
 7.33742161E-01
 0.00000000E+00
 8.64326180E-01
 8.67067060E-01
 0.00000000E+00
 0.00000000E+00
 8.73281354E-01
 8.29805148E-01
 8.45432922E-01
 8.81882510E-01
 8.24715473E-01
 7.83245981E-01
 8.27581146E-01
 8.40986538E-01
 8.31455956E-01
 9.06729642E-01
 8.70690865E-01
 8.17656447E-01
 7.74605595E-01
 8.20511348E-01
 8.67103027E-01
 7.66903259E-01
 7.14487493E-01
 7.78051113E-01
 8.15704407E-01
 7.77269143E-01
 8.38034550E-01
 8.30279866E-01
 9.08638793E-01
 8.20833962E-01
 7.83320253E-01
 0.00000000E+00
 8.70352188E-01
 0.00000000E+00
 8.83140844E-01
 8.50097572E-01
 8.75075819E-01
 8.45004520E-01
 8.21990689E-01
 8.70429840E-01
 8.41418068E-01
 8.17435670E-01
 8.74628708E-01
 8.10864996E-01
 8.70578042E-01
 8.98572878E-01
 8.72191112E-01
 8.97553642E-01
 8.68146318E-01
 8.51031305E-01
 9.87465699E-01
 8.66761573E-01
 8.48407602E-01
 0.00000000E+00
 0.00000000E+00
 9.19966827E-01
 0.00000000E+00
 7.81639065E-01
 6.75242201E-01
 6.54585489E-01
 6.85901896E-01
 7.17914952E-01
 7.56819995E-01
 8.02907615E-01
 6.68785247E-01
 5.27853985E-01
 5.23910539E-01
 5.79030922E-01
 6.35832097E-01
 6.92734463E-01
 6.43797605E-01
 5.22477244E-01
 5.59540656E-01
 6.31940555E-01
 7.07365682E-01
 7.66679360E-01
 6.58460765E-01
 5.55375225E-01
 6.11138579E-01
 6.90726344E-01
 6.78443987E-01
 6.00991349E-01
 6.83789950E-01
 6.90329149E-01
 6.27333572E-01
 7.27341724E-01
 6.90407346E-01
 5.92016718E-01
 4.24127289E-01
 4.25936533E-01
 4.93411934E-01
 5.62785321E-01
 6.31806465E-01
 7.00523352E-01
 4.12473432E-01
 1.90542377E-01
 2.24730761E-01
 3.46660242E-01
 4.73133061E-01
 5.75696162E-01
 4.14493741E-01
 2.28369317E-01
 3.15869489E-01
 4.72189607E-01
 6.36328734E-01
 4.58027913E-01
 3.16365127E-01
 4.36402359E-01
 5.74797929E-01
 5.18117155E-01
 4.37617869E-01
 6.03445096E-01
 5.59465265E-01
 5.10843622E-01
 5.57796844E-01
 5.32847971E-01
 3.93937951E-01
 4.66335649E-01
 5.60645326E-01
 6.58290985E-01
 7.32225123E-01
 3.80676212E-01
 2.01193193E-01
 3.15273826E-01
 4.83410507E-01
 6.59464709E-01
 4.63255187E-01
 3.25400942E-01
 4.62490926E-01
 6.66715695E-01
 5.35429529E-01
 4.58030227E-01
 6.23168795E-01
 6.32389048E-01
 6.34978288E-01
 9.58538103E-01
 5.38407581E-01
 4.20497677E-01
 5.19015611E-01
 6.20398807E-01
 4.06237856E-01
 2.68336806E-01
 4.19153992E-01
 5.15749803E-01
 4.30817601E-01
 5.97459668E-01
 5.97661639E-01
 5.83841207E-01
 5.06376283E-01
 6.35759247E-01
 7.40161042E-01
 4.90696458E-01
 4.24492079E-01
 6.17992275E-01
 6.28531497E-01
 6.24650614E-01
 6.30486649E-01
 5.79365639E-01
 7.20733044E-01
 5.64272378E-01
 5.35685213E-01
 0.00000000E+00
 6.62094469E-01
 7.49272567E-01
 6.37277311E-01
 6.29274783E-01
 6.77045490E-01
 7.26288540E-01
 7.72137194E-01
 6.28813476E-01
 4.89403961E-01
 5.13842072E-01
 5.97370460E-01
 6.84263924E-01
 7.50915396E-01
 6.18224976E-01
 5.15754443E-01
 5.96889695E-01
 7.00008047E-01
 6.48458186E-01
 5.74414292E-01
 6.74259590E-01
 6.92071568E-01
 6.58202052E-01
 7.21620551E-01
 5.78868141E-01
 4.24171048E-01
 4.55454619E-01
 5.49022245E-01
 6.46004554E-01
 4.08852025E-01
 2.00846151E-01
 2.64594659E-01
 4.25097029E-01
 4.40542295E-01
 2.64430426E-01
 3.61747784E-01
 5.12727011E-01
 3.89353015E-01
 6.11483105E-01
 5.58198189E-01
 4.52402210E-01
 5.60532990E-01
 6.78179967E-01
 4.31185753E-01
 2.60381554E-01
 3.69367960E-01
 5.41289885E-01
 3.57544506E-01
 4.02988748E-01
 6.41291982E-01
 5.91218102E-01
 5.16513548E-01
 6.44144854E-01
 4.98455974E-01
 3.77420120E-01
 6.32315604E-01
 6.60878567E-01
 6.33939861E-01
 7.82276653E-01
 6.19180637E-01
 7.17297897E-01
 7.39517088E-01
 6.35579320E-01
 6.46099203E-01
 7.08933499E-01
 7.74171941E-01
 8.23322774E-01
 6.27610600E-01
 5.10900129E-01
 5.69197766E-01
 6.71171538E-01
 7.78240899E-01
 6.39635357E-01
 5.76874243E-01
 7.00901200E-01
 8.14314073E-01
 6.86946207E-01
 6.54791840E-01
 7.88301970E-01
 7.53035630E-01
 7.62143877E-01
 9.71885944E-01
 5.98173358E-01
 4.72935373E-01
 5.35761424E-01
 6.43717612E-01
 4.56976396E-01
 2.88924005E-01
 3.83717916E-01
 5.22217921E-01
 3.82374548E-01
 4.86024044E-01
 6.12032537E-01
 6.12452823E-01
 5.49965354E-01
 6.87738844E-01
 8.06281227E-01
 5.25430836E-01
 3.86881899E-01
 4.89452411E-01
 6.60318634E-01
 4.58676938E-01
 0.00000000E+00
 6.65508065E-01
 6.32861608E-01
 7.75829099E-01
 6.14182660E-01
 5.14461810E-01
 0.00000000E+00
 7.50337290E-01
 7.56984404E-01
 0.00000000E+00
 0.00000000E+00
 7.67298843E-01
 6.87970698E-01
 7.17143462E-01
 7.84304312E-01
 6.79436151E-01
 6.04436745E-01
 6.86161567E-01
 7.10098293E-01
 6.93650265E-01
 8.31277345E-01
 7.64640160E-01
 6.64750508E-01
 5.86415641E-01
 6.71453283E-01
 7.57531220E-01
 5.72773109E-01
 4.78197661E-01
 5.96254828E-01
 6.62956079E-01
 5.95505743E-01
 7.02086269E-01
 6.88658402E-01
 8.33161284E-01
 6.71250737E-01
 6.05120791E-01
 0.00000000E+00
 7.61538787E-01
 0.00000000E+00
 7.85425417E-01
 7.25294201E-01
 7.71627053E-01
 7.16238146E-01
 6.75035146E-01
 7.63255946E-01
 7.08541698E-01
 6.65367170E-01
 7.71241911E-01
 6.53195148E-01
 7.62079462E-01
 8.13754629E-01
 7.65944952E-01
 8.13243738E-01
 7.58411783E-01
 7.28918525E-01
 9.74931399E-01
 7.55206956E-01
 7.23335640E-01
 0.00000000E+00
 0.00000000E+00
 8.53054349E-01
 0.00000000E+00
 6.94765946E-01
 5.47150990E-01
 5.19380763E-01
 5.62733697E-01
 6.06942221E-01
 6.61175262E-01
 7.25804758E-01
 5.41929998E-01
 3.49460118E-01
 3.46348185E-01
 4.21444659E-01
 4.98569582E-01
 5.76739862E-01
 5.13203338E-01
 3.51017624E-01
 4.05027455E-01
 5.02166268E-01
 6.02895760E-01
 6.82880463E-01
 5.37637791E-01
 4.01360635E-01
 4.79803283E-01
 5.86564488E-01
 5.68349382E-01
 4.66898201E-01
 5.80003092E-01
 5.87058596E-01
 5.05097695E-01
 6.39808166E-01
 5.87870397E-01
 4.32661502E-01
 2.02001961E-01
 2.07159395E-01
 2.99201848E-01
 3.93596809E-01
 4.88780322E-01
 5.84865992E-01
 1.91072352E-01
 1.08420442E-01
 5.56169308E-02
 1.08073905E-01
 2.77291735E-01
 4.16374979E-01
 2.02503310E-01
 4.22109934E-02
 8.53822668E-02
 2.92331358E-01
 5.08633300E-01
 2.64864247E-01
 8.00928320E-02
 2.49850901E-01
 4.33836122E-01
 3.46932412E-01
 2.42633774E-01
 4.71458783E-01
 4.02155037E-01
 3.40374694E-01
 4.00544352E-01
 3.53034076E-01
 1.65268146E-01
 2.69813411E-01
 3.97123258E-01
 5.28568609E-01
 6.29229022E-01
 1.51339286E-01
 8.48128392E-02
 8.09227297E-02
 3.04167631E-01
 5.37025081E-01
 2.74102925E-01
 1.01474996E-01
 3.00817264E-01
 5.67829102E-01
 3.71796566E-01
 2.78514050E-01
 5.13262254E-01
 5.00102081E-01
 5.11137336E-01
 9.37807155E-01
 3.60277511E-01
 2.00780177E-01
 3.40922915E-01
 4.79197575E-01
 1.83944427E-01
 2.70688428E-03
 2.17935780E-01
 3.41517738E-01
 2.37898786E-01
 4.76668288E-01
 4.52764277E-01
 4.21929093E-01
 3.16696710E-01
 4.98405144E-01
 6.42815352E-01
 2.96289292E-01
 2.09693441E-01
 4.81537847E-01
 4.90189653E-01
 4.92721462E-01
 4.85823816E-01
 4.16039506E-01
 6.13753060E-01
 3.95293863E-01
 3.59297387E-01
 0.00000000E+00
 5.30122415E-01
 6.52447679E-01
 4.98635400E-01
 4.88935973E-01
 5.54449966E-01
 6.21810045E-01
 6.85020107E-01
 4.90203934E-01
 3.01902514E-01
 3.38473486E-01
 4.51366053E-01
 5.68406369E-01
 6.58905230E-01
 4.80714826E-01
 3.46081227E-01
 4.60873016E-01
 5.98270659E-01
 5.24097486E-01
 4.27891024E-01
 5.66664215E-01
 5.83788324E-01
 5.40685100E-01
 6.23206457E-01
 4.17457725E-01
 2.06986131E-01
 2.53587079E-01
 3.80683089E-01
 5.12049557E-01
 1.89884860E-01
 8.76311903E-02
 7.01821270E-03
 2.21735734E-01
 2.41144461E-01
 1.30272969E-02
 1.55807693E-01
 3.39685606E-01
 1.81513929E-01
 4.71421235E-01
 3.90901407E-01
 2.50755169E-01
 4.05256994E-01
 5.63506944E-01
 2.24553561E-01
 3.24879915E-03
 1.63444059E-01
 3.84605433E-01
 1.52512399E-01
 2.29629127E-01
 5.18240959E-01
 4.35398025E-01
 3.36941576E-01
 5.17637664E-01
 3.13653795E-01
 1.57742628E-01
 5.04301810E-01
 5.29963663E-01
 4.95383689E-01
 7.03340937E-01
 4.75303407E-01
 6.07034361E-01
 6.39941305E-01
 4.97872597E-01
 5.13961704E-01
 6.00036553E-01
 6.89156459E-01
 7.56618449E-01
 4.89255074E-01
 3.32731048E-01
 4.16058888E-01
 5.53897110E-01
 6.98076118E-01
 5.09709935E-01
 4.29721948E-01
 6.03550006E-01
 7.54637999E-01
 5.74860993E-01
 5.35746855E-01
 7.21183319E-01
 6.63887485E-01
 6.79748360E-01
 7.15029185E-01
 4.45419877E-01
 2.76377297E-01
 3.66717007E-01
 5.13381290E-01
 2.57005212E-01
 3.51635028E-02
 1.72930516E-01
 3.53004558E-01
 1.75134478E-01
 3.27926727E-01
 4.74348705E-01
 4.66990235E-01
 3.87149256E-01
 5.82517839E-01
 7.41718025E-01
 3.55066900E-01
 1.78680249E-01
 3.31053532E-01
 5.48249109E-01
 2.93849711E-01
 0.00000000E+00
 5.39048641E-01
 4.99089350E-01
 7.00988865E-01
 4.73932119E-01
 3.49468057E-01
 0.00000000E+00
 6.54618518E-01
 6.67432975E-01
 0.00000000E+00
 0.00000000E+00
 6.78114003E-01
 5.69585690E-01
 6.11084464E-01
 7.03653429E-01
 5.59073966E-01
 4.58464859E-01
 5.73204989E-01
 6.03490490E-01
 5.84794650E-01
 7.76345748E-01
 6.78398269E-01
 5.36560583E-01
 4.30908272E-01
 5.50901369E-01
 6.68858786E-01
 4.13166522E-01
 2.88880938E-01
 4.56860904E-01
 5.40909766E-01
 4.58177467E-01
 5.89169076E-01
 5.74677756E-01
 7.77626544E-01
 5.51087115E-01
 4.70007294E-01
 0.00000000E+00
 6.70857717E-01
 0.00000000E+00
 7.02750827E-01
 6.20316016E-01
 6.85270267E-01
 6.08302073E-01
 5.53110477E-01
 6.74238999E-01
 5.96146318E-01
 5.37995877E-01
 6.86175509E-01
 5.21236917E-01
 6.70652827E-01
 7.41774424E-01
 6.76260675E-01
 7.42672370E-01
 6.65783450E-01
 6.27163093E-01
 9.62397098E-01
 6.60420648E-01
 6.18366677E-01
 0.00000000E+00
 0.00000000E+00
 7.96291640E-01
 0.00000000E+00
 6.20531925E-01
 4.39551320E-01
 4.07312340E-01
 4.58639600E-01
 5.10863466E-01
 5.77289175E-01
 6.58376649E-01
 4.37642219E-01
 2.07249068E-01
 2.08813266E-01
 2.95277663E-01
 3.83806494E-01
 4.77312142E-01
 4.10582508E-01
 2.23306821E-01
 2.97211486E-01
 4.06906361E-01
 5.20180327E-01
 6.13142290E-01
 4.43238836E-01
 2.86451048E-01
 3.87770062E-01
 5.11393918E-01
 4.82109907E-01
 3.64796971E-01
 5.04279928E-01
 5.06944507E-01
 4.11545408E-01
 5.73906348E-01
 5.10463996E-01
 3.00887072E-01
 2.40506373E-02
 3.71091766E-02
 1.42676437E-01
 2.50692221E-01
 3.64619483E-01
 4.84776351E-01
 1.76183474E-02
 3.29330393E-01
 2.49584358E-01
 6.76939881E-02
 1.19753300E-01
 2.80830740E-01
 4.74971446E-02
 2.19586940E-01
 4.27452462E-02
 1.81988858E-01
 4.15884885E-01
 1.20776582E-01
 8.06173931E-02
 1.41576116E-01
 3.46617465E-01
 2.13253018E-01
 9.79675162E-02
 3.83289186E-01
 2.74975121E-01
 2.04659982E-01
 2.74012632E-01
 2.09267225E-01
 6.85342975E-03
 1.33544699E-01
 2.76419199E-01
 4.23554884E-01
 5.40468499E-01
 1.70784751E-02
 2.70601698E-01
 4.31064826E-02
 1.98189819E-01
 4.48982680E-01
 1.54177169E-01
 3.95171055E-03
 2.72757488E-01
 5.51726785E-01
 2.62143685E-01
 1.86368728E-01
 4.97236660E-01
 4.00689558E-01
 4.32060716E-01
 4.79086195E-01
 2.14931124E-01
 2.99545065E-02
 2.12245003E-01
 3.72980365E-01
 1.39562541E-02
 1.81024415E-01
 1.02852177E-01
 2.23037124E-01
 1.36647740E-01
 4.56002037E-01
 3.50674547E-01
 2.85078681E-01
 1.60325790E-01
 3.90077706E-01
 5.65532090E-01
 1.37261051E-01
 4.31429669E-02
 3.88308144E-01
 3.83795853E-01
 4.06420735E-01
 3.60323540E-01
 2.74993117E-01
 5.21997844E-01
 2.49676943E-01
 2.08921422E-01
 0.00000000E+00
 4.15845098E-01
 5.72095560E-01
 3.86207972E-01
 3.77467193E-01
 4.54683933E-01
 5.33891472E-01
 6.10209622E-01
 3.80130368E-01
 1.59440434E-01
 2.11683705E-01
 3.41277063E-01
 4.75213786E-01
 5.81537768E-01
 3.77162308E-01
 2.28794708E-01
 3.79238154E-01
 5.33378210E-01
 4.29765994E-01
 3.24806697E-01
 5.01035766E-01
 4.99271980E-01
 4.53000413E-01
 5.44409355E-01
 2.87493406E-01
 3.97466779E-02
 1.05831714E-01
 2.51862472E-01
 4.02413751E-01
 2.49002845E-02
 2.87506353E-01
 1.52646569E-01
 8.57882658E-02
 1.04450797E-01
 1.32860120E-01
 6.79161977E-02
 2.16906550E-01
 5.43009087E-02
 3.63813772E-01
 2.61734660E-01
 1.08984416E-01
 3.13084468E-01
 4.90501956E-01
 8.25877150E-02
 1.43912207E-01
 8.15280253E-02
 3.01122702E-01
 8.19805584E-02
 2.17610986E-01
 4.48387023E-01
 3.11750736E-01
 2.05267674E-01
 4.38919744E-01
 1.80128389E-01
 2.22752413E-02
 4.30688235E-01
 4.20997673E-01
 3.85088611E-01
 6.47682182E-01
 3.61370496E-01
 5.11647037E-01
 5.58156574E-01
 3.87795088E-01
 4.11297653E-01
 5.13394460E-01
 6.18837731E-01
 6.99890517E-01
 3.80627743E-01
 2.00375470E-01
 3.10703976E-01
 4.69931036E-01
 6.35910570E-01
 4.13511718E-01
 3.33397115E-01
 5.57004174E-01
 7.26580158E-01
 4.90690019E-01
 4.56085875E-01
 6.90437495E-01
 5.93887264E-01
 6.20102611E-01
 6.53018193E-01
 3.23808415E-01
 1.28292616E-01
 2.48728337E-01
 4.18476285E-01
 1.09136530E-01
 1.33413209E-01
 5.53579025E-02
 2.42291933E-01
 6.81386965E-02
 2.83557949E-01
 3.80916496E-01
 3.56908042E-01
 2.79059904E-01
 5.33578053E-01
 7.12124295E-01
 2.43845363E-01
 7.31562201E-02
 2.90573870E-01
 5.01953275E-01
 2.58827810E-01
 0.00000000E+00
 4.40701857E-01
 4.06704246E-01
 6.66612763E-01
 3.77972048E-01
 2.61164101E-01
 0.00000000E+00
 5.76125888E-01
 5.99793412E-01
 0.00000000E+00
 0.00000000E+00
 6.03667581E-01
 4.72706822E-01
 5.26375909E-01
 6.38600555E-01
 4.61661208E-01
 3.45133321E-01
 4.91335948E-01
 5.20736101E-01
 5.08434649E-01
 7.50094181E-01
 6.11065943E-01
 4.31564357E-01
 3.08678797E-01
 4.62394818E-01
 6.02414388E-01
 2.89000859E-01
 1.53396183E-01
 3.72442334E-01
 4.54693837E-01
 3.79819115E-01
 4.99882087E-01
 4.93669492E-01
 7.52246723E-01
 4.66289302E-01
 3.94035384E-01
 0.00000000E+00
 5.98259011E-01
 0.00000000E+00
 6.32408377E-01
 5.31887011E-01
 6.13531181E-01
 5.17846056E-01
 4.53017501E-01
 6.01074017E-01
 5.01048134E-01
 4.32366148E-01
 6.18407863E-01
 4.12122055E-01
 5.94358457E-01
 6.79916651E-01
 5.99562007E-01
 6.82753005E-01
 5.86647530E-01
 5.41202851E-01
 9.49862798E-01
 5.78860443E-01
 5.28996171E-01
 0.00000000E+00
 0.00000000E+00
 7.47537821E-01
 0.00000000E+00
 5.53562515E-01
 3.42661602E-01
 3.06599187E-01
 3.65325555E-01
 4.24962253E-01
 5.02485107E-01
 5.98401699E-01
 3.45000562E-01
 8.12315918E-02
 8.72618441E-02
 1.84173057E-01
 2.83134428E-01
 3.90425756E-01
 3.21179105E-01
 1.12432226E-01
 2.03949163E-01
 3.24934315E-01
 4.49407538E-01
 5.53814298E-01
 3.63092620E-01
 1.89451325E-01
 3.10571378E-01
 4.48798873E-01
 4.11341020E-01
 2.81799054E-01
 4.43393850E-01
 4.44048049E-01
 3.39222776E-01
 5.23896644E-01
 4.52650067E-01
 1.83325244E-01
 1.34419842E-01
 1.14032963E-01
 3.92404665E-03
 1.24376369E-01
 2.55181809E-01
 3.96797334E-01
 1.35045625E-01
 5.23288203E-01
 4.19448694E-01
 2.21031511E-01
 1.71069486E-02
 1.63569297E-01
 8.66980807E-02
 3.72593507E-01
 1.52845441E-01
 8.76939771E-02
 3.37098264E-01
 1.44120744E-03
 2.16083071E-01
 5.10138200E-02
 2.74230637E-01
 1.02415301E-01
 2.08093745E-02
 3.11852082E-01
 1.71703335E-01
 9.62362316E-02
 1.72417702E-01
 8.18278735E-02
 1.59146039E-01
 1.31942948E-02
 1.70141736E-01
 3.31408775E-01
 4.62850696E-01
 1.64621742E-01
 4.32956412E-01
 1.51241373E-01
 1.06213260E-01
 3.72967742E-01
 5.05490514E-02
 9.46629889E-02
 2.48745744E-01
 5.38066445E-01
 1.68863333E-01
 1.08673956E-01
 4.84191602E-01
 3.17237272E-01
 3.66688394E-01
 4.00985524E-01
 8.66631270E-02
 1.20452836E-01
 9.92221612E-02
 2.79998507E-01
 1.34549784E-01
 3.41003622E-01
 3.01238398E-03
 1.20646937E-01
 4.96639245E-02
 4.38460764E-01
 2.63369789E-01
 1.64684286E-01
 2.31647126E-02
 2.95383263E-01
 4.98272682E-01
 1.47419654E-03
 1.01481562E-01
 3.07861056E-01
 2.91737782E-01
 3.32528320E-01
 2.50168944E-01
 1.51700972E-01
 4.42263377E-01
 1.22761222E-01
 7.90857330E-02
 0.00000000E+00
 3.15749412E-01
 5.01159446E-01
 2.87161883E-01
 2.79482736E-01
 3.67216849E-01
 4.57026927E-01
 5.44992846E-01
 2.84386160E-01
 3.58784147E-02
 1.02051504E-01
 2.46435916E-01
 3.95246779E-01
 5.15423992E-01
 2.88678562E-01
 1.29008778E-01
 3.10126848E-01
 4.78728227E-01
 3.50847617E-01
 2.39156102E-01
 4.46987708E-01
 4.30165948E-01
 3.82037029E-01
 4.81241408E-01
 1.72924919E-01
 1.07373471E-01
 2.38599229E-02
 1.39122878E-01
 3.06774383E-01
 1.18751733E-01
 4.61021175E-01
 2.90805750E-01
 3.13551115E-02
 1.28816931E-02
 2.57463606E-01
 6.65985448E-03
 1.13118466E-01
 5.23357875E-02
 2.73991471E-01
 1.48096830E-01
 1.54698563E-02
 2.32335057E-01
 4.26775521E-01
 4.10297727E-02
 2.71623940E-01
 1.06960564E-02
 2.29271778E-01
 2.17423635E-02
 2.07689231E-01
 3.88940817E-01
 2.03183260E-01
 8.99807406E-02
 3.70209204E-01
 6.38763223E-02
 9.51155305E-02
 3.67158559E-01
 3.25484686E-01
 2.88804952E-01
 5.99367396E-01
 2.62203969E-01
 4.28183165E-01
 4.86646232E-01
 2.91768002E-01
 3.21958507E-01
 4.38209624E-01
 5.58003632E-01
 6.50973636E-01
 2.86846868E-01
 8.64831652E-02
 2.20375864E-01
 3.98228858E-01
 5.83055818E-01
 3.31640546E-01
 2.51853273E-01
 5.17911517E-01
 7.03179993E-01
 4.20094723E-01
 3.89835745E-01
 6.65279786E-01
 5.35854809E-01
 5.71373145E-01
 6.02016000E-01
 2.17293054E-01
 1.08702635E-03
 1.45921951E-01
 3.36065936E-01
 1.90238445E-02
 2.78975299E-01
 4.57097061E-02
 1.47410423E-01
 2.29117560E-02
 2.46315993E-01
 3.01639526E-01
 2.60494044E-01
 1.84656583E-01
 4.90943644E-01
 6.86460239E-01
 1.47265990E-01
 1.80194389E-02
 2.55851372E-01
 4.62156134E-01
 2.29215747E-01
 0.00000000E+00
 3.54631579E-01
 3.26176000E-01
 6.36793474E-01
 2.94583573E-01
 1.85169544E-01
 0.00000000E+00
 5.07519125E-01
 5.41187218E-01
 0.00000000E+00
 0.00000000E+00
 5.38837992E-01
 3.88567120E-01
 4.53022571E-01
 5.82454725E-01
 3.77704563E-01
 2.47831954E-01
 4.21367217E-01
 4.50153432E-01
 4.43720165E-01
 7.28094534E-01
 5.54140336E-01
 3.39919906E-01
 2.02328856E-01
 3.85671612E-01
 5.45082838E-01
 1.81531940E-01
 3.67226566E-02
 3.00259884E-01
 3.80674200E-01
 3.13335355E-01
 4.21903731E-01
 4.23217539E-01
 7.30290620E-01
 3.92749619E-01
 3.28807382E-01
 0.00000000E+00
 5.34888482E-01
 0.00000000E+00
 5.71254511E-01
 4.55258537E-01
 5.51603413E-01
 4.39837983E-01
 3.67132664E-01
 5.38433632E-01
 4.18200015E-01
 3.40746677E-01
 5.59993776E-01
 3.17697569E-01
 5.27870016E-01
 6.26176647E-01
 5.33225627E-01
 6.31256474E-01
 5.18334192E-01
 4.67738189E-01
 9.37328497E-01
 5.07910501E-01
 4.51969141E-01
 0.00000000E+00
 0.00000000E+00
 7.05211937E-01
 0.00000000E+00
 5.74217185E-01
 3.73017974E-01
 3.38763041E-01
 3.96221236E-01
 4.54473325E-01
 5.29002295E-01
 6.20215549E-01
 3.78639079E-01
 1.27940883E-01
 1.33404674E-01
 2.28167192E-01
 3.24713770E-01
 4.27654991E-01
 3.60219531E-01
 1.62405618E-01
 2.47528665E-01
 3.65004797E-01
 4.85479379E-01
 5.85260239E-01
 4.06052200E-01
 2.44022353E-01
 3.56538502E-01
 4.87835760E-01
 4.58010842E-01
 3.39928534E-01
 4.89182608E-01
 4.94877169E-01
 4.02037168E-01
 5.71171644E-01
 5.08152291E-01
 2.23211403E-01
 8.00815488E-02
 6.15078790E-02
 5.41223858E-02
 1.72002189E-01
 2.97849948E-01
 4.31996492E-01
 7.61735829E-02
 4.47337125E-01
 3.51711641E-01
 1.56823212E-01
 4.30135664E-02
 2.17160106E-01
 2.68852702E-02
 3.02355854E-01
 1.00347700E-01
 1.35180161E-01
 3.78582779E-01
 6.23748002E-02
 1.41494562E-01
 1.04844530E-01
 3.19659126E-01
 1.68644541E-01
 5.50494842E-02
 3.62245357E-01
 2.39552546E-01
 1.74449568E-01
 2.42851279E-01
 1.27211974E-01
 1.04716387E-01
 5.61787773E-02
 2.10153214E-01
 3.68069676E-01
 4.95082332E-01
 1.06597081E-01
 3.68789083E-01
 1.08754537E-01
 1.45178801E-01
 4.07586648E-01
 9.59668202E-02
 5.41485122E-02
 2.59500506E-01
 5.45689111E-01
 2.15469806E-01
 1.50566830E-01
 4.95003594E-01
 3.62631341E-01
 4.06926389E-01
 4.46551077E-01
 1.34453742E-01
 6.37196270E-02
 1.42280276E-01
 3.17083969E-01
 7.45897554E-02
 2.75323697E-01
 4.45483487E-02
 1.65273459E-01
 8.88133997E-02
 4.47002724E-01
 3.04827789E-01
 2.11143563E-01
 7.73572986E-02
 3.33784953E-01
 5.26835380E-01
 5.57158535E-02
 3.97288210E-02
 3.44010396E-01
 3.31893200E-01
 3.67774173E-01
 2.93735759E-01
 2.02309570E-01
 4.76814470E-01
 1.75859605E-01
 1.38112814E-01
 0.00000000E+00
 3.55988494E-01
 5.27856501E-01
 3.25040767E-01
 3.17651857E-01
 4.02348515E-01
 4.88893751E-01
 5.72809740E-01
 3.25434236E-01
 9.00411783E-02
 1.51337881E-01
 2.90637793E-01
 4.33857422E-01
 5.48411488E-01
 3.32422372E-01
 1.80197571E-01
 3.47369356E-01
 5.09414247E-01
 3.95911105E-01
 2.90789474E-01
 4.82290838E-01
 4.74764184E-01
 4.30916622E-01
 5.25468009E-01
 2.16052144E-01
 5.13429523E-02
 2.61902249E-02
 1.84414981E-01
 3.46859222E-01
 5.87460514E-02
 3.87201709E-01
 2.30720268E-01
 2.22637954E-02
 4.19706937E-02
 1.96924186E-01
 3.20206743E-02
 1.67450808E-01
 7.49196010E-03
 3.24568200E-01
 1.91065831E-01
 3.16639262E-02
 2.62463128E-01
 4.52091905E-01
 9.36556670E-03
 2.19247395E-01
 3.94526373E-02
 2.60665231E-01
 4.90283878E-02
 2.13770679E-01
 4.17753845E-01
 2.45177052E-01
 1.35131171E-01
 3.97172793E-01
 1.11528865E-01
 4.58511990E-02
 3.94222972E-01
 3.63352671E-01
 3.28182410E-01
 6.19975915E-01
 3.03538389E-01
 4.62013358E-01
 5.15696590E-01
 3.31459498E-01
 3.59611594E-01
 4.70854633E-01
 5.85261830E-01
 6.73560133E-01
 3.29054250E-01
 1.39007438E-01
 2.63246895E-01
 4.33582694E-01
 6.10114310E-01
 3.72610988E-01
 2.94432371E-01
 5.39980600E-01
 7.17394971E-01
 4.58988488E-01
 4.28819898E-01
 6.82652145E-01
 5.69839107E-01
 6.03058831E-01
 6.33340695E-01
 2.59539155E-01
 5.09692473E-02
 1.87915139E-01
 3.71210786E-01
 3.60840079E-02
 2.14918068E-01
 1.44963469E-04
 1.91584123E-01
 2.17486873E-02
 2.67511638E-01
 3.41452525E-01
 2.98230932E-01
 2.21689222E-01
 5.06903119E-01
 6.96845655E-01
 1.87036216E-01
 2.00452707E-02
 2.70567049E-01
 4.78634131E-01
 2.43795512E-01
 6.35684348E-01
 3.88712655E-01
 3.58656103E-01
 6.48754190E-01
 3.28882766E-01
 2.19136366E-01
 0.00000000E+00
 5.35279122E-01
 5.66769920E-01
 0.00000000E+00
 0.00000000E+00
 5.66060887E-01
 4.24653967E-01
 4.85237260E-01
 6.07890182E-01
 4.15856591E-01
 2.93356920E-01
 4.55301572E-01
 4.84655423E-01
 4.76918691E-01
 7.40648053E-01
 5.83601082E-01
 3.77491716E-01
 2.46940457E-01
 4.18723918E-01
 5.71027630E-01
 2.28390343E-01
 8.95141584E-02
 3.34989156E-01
 4.14660886E-01
 3.47269200E-01
 4.53459746E-01
 4.52387834E-01
 7.39370786E-01
 4.23726862E-01
 3.58759152E-01
 0.00000000E+00
 5.60695686E-01
 0.00000000E+00
 5.97303216E-01
 4.88791745E-01
 5.79581012E-01
 4.75128430E-01
 4.07559083E-01
 5.68209209E-01
 4.52852923E-01
 3.80484833E-01
 5.86723192E-01
 3.59181202E-01
 5.55525979E-01
 6.49202320E-01
 5.62737862E-01
 6.55442271E-01
 5.49024807E-01
 5.03604598E-01
 9.37328497E-01
 5.37998266E-01
 4.87396554E-01
 0.00000000E+00
 0.00000000E+00
 7.23434704E-01
 0.00000000E+00
 6.70380024E-01
 5.12734469E-01
 4.84811518E-01
 5.33269585E-01
 5.82325905E-01
 6.41586891E-01
 7.11279250E-01
 5.18937217E-01
 3.20022202E-01
 3.20161301E-01
 4.01712170E-01
 4.84632638E-01
 5.67695896E-01
 5.05182415E-01
 3.44388126E-01
 4.02844106E-01
 5.04201698E-01
 6.07848977E-01
 6.89584470E-01
 5.47657748E-01
 4.19250566E-01
 4.99855196E-01
 6.06600949E-01
 5.95594347E-01
 5.06299351E-01
 6.15949362E-01
 6.30262753E-01
 5.63961127E-01
 6.88657785E-01
 6.44562433E-01
 3.97020578E-01
 1.54790851E-01
 1.63318043E-01
 2.63711615E-01
 3.65911451E-01
 4.68026155E-01
 5.70100598E-01
 1.59608417E-01
 1.46454605E-01
 8.67083322E-02
 8.72934083E-02
 2.65354694E-01
 4.10817653E-01
 1.92074758E-01
 4.98657367E-02
 8.41925768E-02
 2.97178362E-01
 5.16632210E-01
 2.75546727E-01
 1.00622794E-01
 2.72968302E-01
 4.57581717E-01
 3.73841480E-01
 2.82226086E-01
 5.06246420E-01
 4.39061760E-01
 3.93944566E-01
 4.44344789E-01
 3.18510314E-01
 1.23758682E-01
 2.36265326E-01
 3.72568614E-01
 5.12138376E-01
 6.18572321E-01
 1.22514257E-01
 1.16810052E-01
 5.80903282E-02
 2.91776861E-01
 5.32699384E-01
 2.63529029E-01
 9.33270607E-02
 2.98370053E-01
 5.70402484E-01
 3.74960171E-01
 2.88214760E-01
 5.24673808E-01
 5.10642015E-01
 5.30082883E-01
 5.89383621E-01
 3.30192069E-01
 1.66534057E-01
 3.15633919E-01
 4.62333157E-01
 1.58471510E-01
 2.30748247E-02
 2.02377281E-01
 3.30540436E-01
 2.30791926E-01
 4.76597385E-01
 4.50852753E-01
 3.97361946E-01
 2.91232691E-01
 4.82764051E-01
 6.34576777E-01
 2.75428636E-01
 1.92252630E-01
 4.75573384E-01
 4.80739008E-01
 4.91645989E-01
 4.65746530E-01
 3.97493050E-01
 6.05684146E-01
 3.78164304E-01
 3.51888368E-01
 5.86002204E-01
 5.13211898E-01
 6.36582601E-01
 4.77645526E-01
 4.69573974E-01
 5.39604634E-01
 6.11048851E-01
 6.77625061E-01
 4.79391206E-01
 2.90371459E-01
 3.30822153E-01
 4.48297190E-01
 5.68812950E-01
 6.61548939E-01
 4.83158298E-01
 3.52953435E-01
 4.69792633E-01
 6.08068167E-01
 5.39134411E-01
 4.50392589E-01
 5.87333088E-01
 6.07398156E-01
 5.71710165E-01
 6.51338797E-01
 3.91483370E-01
 1.74634873E-01
 2.26148132E-01
 3.61081550E-01
 4.99381131E-01
 1.69644747E-01
 1.09667645E-01
 8.03682516E-03
 2.15309677E-01
 2.36995033E-01
 1.35398443E-02
 1.61841089E-01
 3.48559942E-01
 1.99767258E-01
 4.86313753E-01
 3.65132581E-01
 2.21977117E-01
 3.84783556E-01
 5.51159473E-01
 2.03689015E-01
 1.85746747E-02
 1.49784955E-01
 3.76447053E-01
 1.47369150E-01
 2.32682127E-01
 5.17987743E-01
 4.12969595E-01
 3.13822567E-01
 5.03413834E-01
 2.94806814E-01
 1.40522358E-01
 4.95587598E-01
 5.12481245E-01
 4.80146546E-01
 6.97361536E-01
 4.61139623E-01
 5.93505925E-01
 6.28351655E-01
 4.83661224E-01
 5.02218638E-01
 5.92326626E-01
 6.84833994E-01
 7.54620246E-01
 4.82685098E-01
 3.27367008E-01
 4.14386614E-01
 5.55561314E-01
 7.01509993E-01
 5.12714215E-01
 4.36654495E-01
 6.10844535E-01
 7.61412005E-01
 5.84956378E-01
 5.50861830E-01
 7.33253787E-01
 6.76174552E-01
 6.97089975E-01
 7.28833929E-01
 4.25715783E-01
 2.53689285E-01
 3.49723107E-01
 5.03246387E-01
 2.42059138E-01
 2.09359070E-02
 1.65792587E-01
 3.48916685E-01
 1.76120963E-01
 3.35515552E-01
 4.77256351E-01
 4.47722208E-01
 3.67792236E-01
 5.71262382E-01
 7.36844671E-01
 3.39306210E-01
 1.64121077E-01
 3.25498300E-01
 5.41140528E-01
 2.94064663E-01
 6.80834598E-01
 5.22822800E-01
 4.84732608E-01
 6.95058246E-01
 4.60389908E-01
 3.42870095E-01
 6.68412822E-01
 6.43168674E-01
 6.61590399E-01
 0.00000000E+00
 0.00000000E+00
 6.69490939E-01
 5.59952770E-01
 6.04259906E-01
 7.00145991E-01
 5.53932090E-01
 4.55246307E-01
 5.73457747E-01
 6.04210127E-01
 5.88853134E-01
 7.80741301E-01
 6.82368038E-01
 5.22324839E-01
 4.16379231E-01
 5.42134498E-01
 6.65137557E-01
 4.02159550E-01
 2.80854675E-01
 4.56421328E-01
 5.36736893E-01
 4.62087367E-01
 5.76000326E-01
 5.63877199E-01
 7.73902278E-01
 5.40853798E-01
 4.66242922E-01
 7.53213241E-01
 6.60541373E-01
 0.00000000E+00
 6.95424032E-01
 6.13020002E-01
 6.81238866E-01
 6.03220012E-01
 5.50844858E-01
 6.73100926E-01
 5.84852213E-01
 5.28476731E-01
 6.83088424E-01
 5.12425556E-01
 6.61208745E-01
 7.35630846E-01
 6.70992800E-01
 7.41330148E-01
 6.60905479E-01
 6.28065814E-01
 7.26014972E-01
 6.51661226E-01
 6.14795231E-01
 0.00000000E+00
 0.00000000E+00
 7.91629581E-01
 0.00000000E+00
 7.57881719E-01
 6.39655807E-01
 6.17262631E-01
 6.57383287E-01
 6.97945146E-01
 7.43234684E-01
 7.93346515E-01
 6.45135973E-01
 4.92416270E-01
 4.87393613E-01
 5.56836959E-01
 6.27317219E-01
 6.92380921E-01
 6.33863228E-01
 5.05452995E-01
 5.39870423E-01
 6.26722371E-01
 7.15303533E-01
 7.80936224E-01
 6.71513168E-01
 5.71965373E-01
 6.24275908E-01
 7.09339067E-01
 7.13923386E-01
 6.48739022E-01
 7.23945315E-01
 7.44566630E-01
 6.99818689E-01
 7.86518519E-01
 7.57793573E-01
 5.54083560E-01
 3.66677176E-01
 3.65788481E-01
 4.52206858E-01
 5.40063586E-01
 6.20616349E-01
 6.93697577E-01
 3.70651141E-01
 1.22252429E-01
 1.49387293E-01
 3.04410779E-01
 4.62754287E-01
 5.82378896E-01
 3.86030249E-01
 1.73126956E-01
 2.46614949E-01
 4.39436382E-01
 6.37564084E-01
 4.62378706E-01
 3.12095078E-01
 4.19249735E-01
 5.77109462E-01
 5.51750722E-01
 4.78304924E-01
 6.29872996E-01
 6.10466055E-01
 5.81033396E-01
 6.16787961E-01
 4.90700504E-01
 3.29027858E-01
 3.97722776E-01
 5.17981796E-01
 6.40941712E-01
 7.28781022E-01
 3.27096954E-01
 1.07619907E-01
 2.06220234E-01
 4.21707595E-01
 6.43383917E-01
 4.11935343E-01
 2.23491298E-01
 3.32414906E-01
 5.91998424E-01
 5.15226878E-01
 4.08852466E-01
 5.50654055E-01
 6.40029505E-01
 6.37053962E-01
 7.13448970E-01
 5.05982445E-01
 3.72928098E-01
 4.70685662E-01
 5.91997073E-01
 3.66430685E-01
 2.01425985E-01
 3.42394791E-01
 4.77117829E-01
 3.56274652E-01
 5.02619985E-01
 5.79752340E-01
 5.64350932E-01
 4.82616041E-01
 6.15737247E-01
 7.30458126E-01
 4.71434935E-01
 3.98558903E-01
 5.92052594E-01
 6.12920898E-01
 6.00930382E-01
 6.19812405E-01
 5.71829842E-01
 7.20322391E-01
 5.58595983E-01
 5.41349212E-01
 7.07469773E-01
 6.53861997E-01
 7.34192015E-01
 6.14426248E-01
 6.05516356E-01
 6.62240735E-01
 7.20024225E-01
 7.70972225E-01
 6.16278657E-01
 4.68117859E-01
 4.89721750E-01
 5.87603337E-01
 6.87814770E-01
 7.61081861E-01
 6.15799642E-01
 5.04568524E-01
 5.76922218E-01
 6.94167667E-01
 6.63827471E-01
 5.88900549E-01
 6.78180139E-01
 7.21661400E-01
 6.92474518E-01
 7.58885666E-01
 5.48873048E-01
 3.77019699E-01
 4.04893369E-01
 5.18759355E-01
 6.35286412E-01
 3.72930866E-01
 1.36799052E-01
 1.89221559E-01
 3.85951300E-01
 4.09214219E-01
 1.98871660E-01
 2.75798130E-01
 5.07353433E-01
 3.67774481E-01
 6.27308091E-01
 5.21117853E-01
 3.92168740E-01
 4.93890284E-01
 6.39368769E-01
 3.76701975E-01
 1.59604756E-01
 2.47395072E-01
 4.78944860E-01
 2.34161514E-01
 2.49371726E-01
 6.06377338E-01
 5.63214069E-01
 4.73462305E-01
 5.98052548E-01
 4.58075227E-01
 3.06011469E-01
 5.85511889E-01
 6.45922752E-01
 6.15734846E-01
 7.66110519E-01
 6.01573182E-01
 7.11064858E-01
 7.28955662E-01
 6.19360830E-01
 6.29145658E-01
 7.00259406E-01
 7.73148592E-01
 8.26372536E-01
 6.18828986E-01
 4.93941444E-01
 5.47746130E-01
 6.62939988E-01
 7.81756902E-01
 6.35928062E-01
 5.61416621E-01
 6.72856820E-01
 7.99803377E-01
 6.94969258E-01
 6.57094828E-01
 7.77178900E-01
 7.68552678E-01
 7.78247921E-01
 8.11434348E-01
 5.74277545E-01
 4.34580177E-01
 4.93804709E-01
 6.20582535E-01
 4.25049586E-01
 2.29962961E-01
 3.12185593E-01
 4.87923593E-01
 3.12109736E-01
 3.95258990E-01
 5.96738590E-01
 5.81361951E-01
 4.98092569E-01
 6.28462527E-01
 7.72290321E-01
 4.74749795E-01
 2.91864798E-01
 3.73971017E-01
 5.96558420E-01
 3.38449160E-01
 7.20623919E-01
 6.42689519E-01
 5.97079480E-01
 7.36113915E-01
 5.77453191E-01
 4.52307724E-01
 7.08902096E-01
 7.39550713E-01
 7.45777051E-01
 0.00000000E+00
 0.00000000E+00
 7.61670725E-01
 6.80322703E-01
 7.09945287E-01
 7.81891556E-01
 6.76247616E-01
 5.98326750E-01
 6.77609780E-01
 7.09546875E-01
 6.87168986E-01
 8.15843930E-01
 7.69029716E-01
 6.51587365E-01
 5.67277285E-01
 6.51761431E-01
 7.48486798E-01
 5.56497225E-01
 4.50278648E-01
 5.63488884E-01
 6.44744298E-01
 5.63054146E-01
 6.85404696E-01
 6.63119997E-01
 8.04493478E-01
 6.45015720E-01
 5.61225616E-01
 7.83482665E-01
 7.49665299E-01
 0.00000000E+00
 7.82805433E-01
 7.23418712E-01
 7.71356462E-01
 7.16760719E-01
 6.77463430E-01
 7.65723666E-01
 7.02553127E-01
 6.60058593E-01
 7.68411831E-01
 6.48545863E-01
 7.55463821E-01
 8.12576778E-01
 7.67092839E-01
 8.17257312E-01
 7.60146168E-01
 7.37755495E-01
 8.07012484E-01
 7.52933567E-01
 7.27604637E-01
 7.13491535E-01
 0.00000000E+00
 8.52319839E-01
 0.00000000E+00
 8.43506569E-01
 7.66633744E-01
 7.51844513E-01
 7.78884572E-01
 8.06186814E-01
 8.35885904E-01
 8.68023698E-01
 7.70986412E-01
 6.71261622E-01
 6.67063720E-01
 7.14082980E-01
 7.61720662E-01
 8.04582788E-01
 7.64318127E-01
 6.79805485E-01
 7.00225853E-01
 7.58860324E-01
 8.18516364E-01
 8.61881415E-01
 7.90845042E-01
 7.26325544E-01
 7.58474668E-01
 8.14402683E-01
 8.20491120E-01
 7.79428650E-01
 8.26281900E-01
 8.42144221E-01
 8.15085659E-01
 8.68967878E-01
 8.52387880E-01
 7.11971518E-01
 5.89233372E-01
 5.87227390E-01
 6.45891053E-01
 7.05452697E-01
 7.58634495E-01
 8.05295441E-01
 5.92838889E-01
 4.28235260E-01
 4.42252022E-01
 5.48133795E-01
 6.56085920E-01
 7.35802189E-01
 6.02113639E-01
 4.58329080E-01
 5.00270070E-01
 6.31978043E-01
 7.66956661E-01
 6.55657538E-01
 5.55429283E-01
 6.19960195E-01
 7.25706234E-01
 7.17695759E-01
 6.70198472E-01
 7.63997729E-01
 7.58571444E-01
 7.41430252E-01
 7.64529897E-01
 6.70403041E-01
 5.62404981E-01
 6.03636487E-01
 6.85612395E-01
 7.69306115E-01
 8.27960907E-01
 5.61831050E-01
 4.11593235E-01
 4.68546544E-01
 6.16706783E-01
 7.68800013E-01
 6.13212031E-01
 4.79039072E-01
 5.39982530E-01
 7.19329257E-01
 6.85071970E-01
 6.08369789E-01
 6.92304361E-01
 7.70983420E-01
 7.65895886E-01
 8.21718566E-01
 6.82097328E-01
 5.93919683E-01
 6.54264167E-01
 7.35329686E-01
 5.90301438E-01
 4.77816400E-01
 5.63038874E-01
 6.58596061E-01
 5.71244291E-01
 6.57754979E-01
 7.28084428E-01
 7.21845026E-01
 6.68711034E-01
 7.52614892E-01
 8.27038478E-01
 6.62052578E-01
 6.13073969E-01
 7.34059806E-01
 7.51134482E-01
 7.39547577E-01
 7.58766180E-01
 7.28663474E-01
 8.23074528E-01
 7.20614607E-01
 7.10503534E-01
 8.15648243E-01
 7.80547236E-01
 8.29346928E-01
 7.51771336E-01
 7.45494850E-01
 7.83222413E-01
 8.21599501E-01
 8.54827401E-01
 7.53701211E-01
 6.56841281E-01
 6.69089221E-01
 7.34510293E-01
 8.01358775E-01
 8.49455271E-01
 7.53506760E-01
 6.79256049E-01
 7.22735822E-01
 8.01149589E-01
 7.86544408E-01
 7.37019396E-01
 7.91587183E-01
 8.25802004E-01
 8.06970378E-01
 8.51208918E-01
 7.09201728E-01
 5.96146492E-01
 6.12009946E-01
 6.88567069E-01
 7.66794607E-01
 5.94275547E-01
 4.36397971E-01
 4.65415660E-01
 5.98887862E-01
 6.15718436E-01
 4.71568174E-01
 5.14164200E-01
 6.83024205E-01
 5.88020778E-01
 7.64336285E-01
 6.89693458E-01
 6.01775108E-01
 6.63265502E-01
 7.61926599E-01
 5.92103747E-01
 4.41456421E-01
 4.90165631E-01
 6.53006045E-01
 4.80259603E-01
 4.80353520E-01
 7.40309999E-01
 7.18433284E-01
 6.57261020E-01
 7.34095077E-01
 6.47530966E-01
 5.41957928E-01
 7.25268161E-01
 7.73760907E-01
 7.53156658E-01
 8.47673731E-01
 7.44240338E-01
 8.16882649E-01
 8.26595949E-01
 7.55679905E-01
 7.61214181E-01
 8.07975813E-01
 8.55830506E-01
 8.90395523E-01
 7.55890206E-01
 6.73810589E-01
 7.06179831E-01
 7.82472560E-01
 8.60993504E-01
 7.66400486E-01
 7.15032121E-01
 7.82679122E-01
 8.67237422E-01
 8.05976682E-01
 7.79389297E-01
 8.52902041E-01
 8.54667114E-01
 8.59913891E-01
 8.83138593E-01
 7.26036068E-01
 6.33636878E-01
 6.69280191E-01
 7.53791514E-01
 6.27943200E-01
 4.96205428E-01
 5.43848992E-01
 6.65538737E-01
 5.43032888E-01
 5.89266605E-01
 7.38864785E-01
 7.28598144E-01
 6.69922849E-01
 7.49435072E-01
 8.46638933E-01
 6.54874045E-01
 5.26248329E-01
 5.71309321E-01
 7.27555214E-01
 5.46722679E-01
 8.12151760E-01
 7.69363090E-01
 7.36408949E-01
 8.22272329E-01
 7.23669971E-01
 6.35636840E-01
 8.03688777E-01
 8.33412406E-01
 8.36047006E-01
 8.24733628E-01
 0.00000000E+00
 8.48307161E-01
 7.96100117E-01
 8.14522627E-01
 8.60984337E-01
 7.93903609E-01
 7.43077229E-01
 7.92232117E-01
 8.14807779E-01
 7.98323143E-01
 8.77803037E-01
 8.53528984E-01
 7.77249363E-01
 7.21943159E-01
 7.74467966E-01
 8.37929271E-01
 7.15313720E-01
 6.43917903E-01
 7.13173266E-01
 7.69854567E-01
 7.12370108E-01
 7.97666045E-01
 7.80592030E-01
 8.68427938E-01
 7.68911923E-01
 7.09430971E-01
 8.54077833E-01
 8.39359110E-01
 0.00000000E+00
 8.62382329E-01
 8.24717930E-01
 8.55013625E-01
 8.20781841E-01
 7.95672204E-01
 8.51809579E-01
 8.11133979E-01
 7.83851088E-01
 8.52210680E-01
 7.76699816E-01
 8.44314791E-01
 8.81527986E-01
 8.52976706E-01
 8.84856361E-01
 8.48730457E-01
 8.35090441E-01
 8.78774550E-01
 8.43756959E-01
 8.28208519E-01
 8.19552795E-01
 0.00000000E+00
 9.06679863E-01
 0.00000000E+00
 9.24479891E-01
 8.87452952E-01
 8.80397749E-01
 8.93501595E-01
 9.06716600E-01
 9.21068305E-01
 9.36573238E-01
 8.89980336E-01
 8.42199768E-01
 8.40319776E-01
 8.62991921E-01
 8.85924941E-01
 9.06535716E-01
 8.87382159E-01
 8.47161476E-01
 8.57068722E-01
 8.85160865E-01
 9.13678640E-01
 9.34391373E-01
 9.00702320E-01
 8.70256080E-01
 8.85670358E-01
 9.12286080E-01
 9.15453770E-01
 8.96318397E-01
 9.18515623E-01
 9.26401742E-01
 9.14036801E-01
 9.39282551E-01
 9.32106546E-01
 8.61655690E-01
 8.02824396E-01
 8.01989192E-01
 8.30245359E-01
 8.58898392E-01
 8.84461115E-01
 9.06870499E-01
 8.05220408E-01
 7.26698719E-01
 7.33627382E-01
 7.84391174E-01
 8.36059296E-01
 8.74189181E-01
 8.10548354E-01
 7.42366987E-01
 7.62592895E-01
 8.25383642E-01
 8.89578222E-01
 8.36946979E-01
 7.89805384E-01
 8.20614656E-01
 8.70767649E-01
 8.67201826E-01
 8.45207315E-01
 8.89520411E-01
 8.87329294E-01
 8.79806700E-01
 8.91214347E-01
 8.42107293E-01
 7.90508515E-01
 8.10379349E-01
 8.49708006E-01
 8.89804810E-01
 9.17892282E-01
 7.90854384E-01
 7.19390178E-01
 7.46791952E-01
 8.17571060E-01
 8.90085119E-01
 8.16134375E-01
 7.52655340E-01
 7.81888636E-01
 8.67130262E-01
 8.50984899E-01
 8.15029013E-01
 8.54992608E-01
 8.92189984E-01
 8.90162746E-01
 9.16582321E-01
 8.47971219E-01
 8.05944802E-01
 8.34913697E-01
 8.73732771E-01
 8.04698448E-01
 7.51331150E-01
 7.92156172E-01
 8.37819117E-01
 7.96636722E-01
 8.37984843E-01
 8.71303759E-01
 8.67140206E-01
 8.41898941E-01
 8.82059159E-01
 9.17639147E-01
 8.39028404E-01
 8.15944461E-01
 8.73717018E-01
 8.81802980E-01
 8.76639754E-01
 8.84880757E-01
 8.70666455E-01
 9.15801812E-01
 8.66997958E-01
 8.62534054E-01
 9.12603876E-01
 8.95360544E-01
 9.18304746E-01
 8.81246357E-01
 8.78327459E-01
 8.96438472E-01
 9.14836396E-01
 9.30753013E-01
 8.82603022E-01
 8.36575550E-01
 8.42550685E-01
 8.73798744E-01
 9.05670596E-01
 9.28586985E-01
 8.83094771E-01
 8.48052334E-01
 8.68809583E-01
 9.06034441E-01
 8.99347474E-01
 8.76187882E-01
 9.02046150E-01
 9.18414541E-01
 9.09802099E-01
 9.30871508E-01
 8.60942576E-01
 8.07011507E-01
 8.14725280E-01
 8.51396635E-01
 8.88814296E-01
 8.06711757E-01
 7.31741165E-01
 7.45801040E-01
 8.09470188E-01
 8.17696164E-01
 7.49623727E-01
 7.70126777E-01
 8.50331732E-01
 8.05833520E-01
 8.89295563E-01
 8.51770054E-01
 8.09915086E-01
 8.39397448E-01
 8.86554683E-01
 8.05786485E-01
 7.34334573E-01
 7.57788777E-01
 8.35363679E-01
 7.53786765E-01
 7.54315016E-01
 8.77238698E-01
 8.65611349E-01
 8.36560006E-01
 8.73329326E-01
 8.32240958E-01
 7.82288357E-01
 8.69618456E-01
 8.92092537E-01
 8.82404945E-01
 9.27549428E-01
 8.78308987E-01
 9.12718563E-01
 9.17311041E-01
 8.83574649E-01
 8.86294878E-01
 9.08632587E-01
 9.31458965E-01
 9.47937852E-01
 8.84037290E-01
 8.45187749E-01
 8.60688013E-01
 8.96971920E-01
 9.34239059E-01
 8.89498830E-01
 8.65369306E-01
 8.97472703E-01
 9.37465078E-01
 9.08647441E-01
 8.96322726E-01
 9.31025426E-01
 9.31914625E-01
 9.34593426E-01
 9.45553277E-01
 8.69324911E-01
 8.25385940E-01
 8.42504915E-01
 8.82857555E-01
 8.23119345E-01
 7.60742285E-01
 7.83627970E-01
 8.41550431E-01
 7.83855935E-01
 8.06109624E-01
 8.76735938E-01
 8.70582523E-01
 8.42745846E-01
 8.80751120E-01
 9.27102315E-01
 8.35888570E-01
 7.75035264E-01
 7.96797763E-01
 8.70820953E-01
 7.85681628E-01
 9.11310514E-01
 8.90062782E-01
 8.74506530E-01
 9.15523702E-01
 8.68601808E-01
 8.27191123E-01
 9.07035846E-01
 9.20631698E-01
 9.22073887E-01
 9.16826917E-01
 0.00000000E+00
 9.27794361E-01
 9.03018458E-01
 9.11854421E-01
 9.33995148E-01
 9.02216593E-01
 8.78231042E-01
 9.01646464E-01
 9.12435987E-01
 9.04792933E-01
 9.42428341E-01
 9.30985181E-01
 8.93904371E-01
 8.67683831E-01
 8.92791633E-01
 9.23054529E-01
 8.64781511E-01
 8.31105763E-01
 8.64200755E-01
 8.90994151E-01
 8.64151663E-01
 9.03624680E-01
 8.95620528E-01
 9.37510642E-01
 8.90193001E-01
 8.62291965E-01
 9.30943276E-01
 9.23503275E-01
 0.00000000E+00
 9.34549596E-01
 9.16713724E-01
 9.31182204E-01
 9.14995169E-01
 9.03221285E-01
 9.29901321E-01
 9.10118808E-01
 8.97263298E-01
 9.29872811E-01
 8.93981821E-01
 9.25906089E-01
 9.43679257E-01
 9.30194460E-01
 9.45423307E-01
 9.28250734E-01
 9.21990592E-01
 9.42722479E-01
 9.25690689E-01
 9.18499639E-01
 9.14511861E-01
 9.40930802E-01
 9.55651718E-01
 9.40796595E-01
