 4.26165388E-01
 5.78567047E-01
 7.02007229E-01
 7.90729269E-01
 8.43912525E-01
 8.86257171E-01
 9.22331052E-01
 2.56660127E-01
 4.77271728E-01
 6.49642532E-01
 7.61533725E-01
 8.28512441E-01
 8.77782527E-01
 3.34618182E-01
 5.62374472E-01
 7.32900028E-01
 8.29599952E-01
 8.87241459E-01
 9.23889423E-01
 4.59510434E-01
 6.60840865E-01
 8.08344919E-01
 8.87280464E-01
 5.85271262E-01
 7.57439697E-01
 8.79548612E-01
 7.07983173E-01
 8.40712034E-01
 9.30827255E-01
 8.24190644E-01
 2.58647668E-01
 4.78308169E-01
 6.50977982E-01
 7.65529237E-01
 8.34041268E-01
 8.82877560E-01
 9.20380869E-01
 1.02969190E-01
 3.91081250E-01
 6.13948647E-01
 7.56166125E-01
 8.40824753E-01
 8.93605894E-01
 2.72359948E-01
 5.37994714E-01
 7.36795348E-01
 8.52882482E-01
 9.21093144E-01
 4.51461772E-01
 6.78193718E-01
 8.37573068E-01
 9.14261550E-01
 6.22997875E-01
 8.06966732E-01
 9.24786999E-01
 7.71257515E-01
 9.05311872E-01
 5.19704887E-01
 3.14553038E-01
 5.44832153E-01
 7.19964136E-01
 8.25804534E-01
 8.88735866E-01
 9.26762138E-01
 2.36927017E-01
 5.12438454E-01
 7.19714437E-01
 8.43385953E-01
 9.15976542E-01
 4.59724384E-01
 6.82780410E-01
 8.44576800E-01
 9.33382714E-01
 6.39397090E-01
 8.14501007E-01
 9.28241741E-01
 7.99140316E-01
 9.26325582E-01
 5.64755182E-01
 4.44788105E-01
 6.50170721E-01
 8.02354285E-01
 8.88497361E-01
 4.18293720E-01
 6.60399676E-01
 8.30211656E-01
 6.31916361E-01
 8.17018917E-01
 9.34495410E-01
 7.96825995E-01
 5.65002328E-01
 7.43689396E-01
 8.71684091E-01
 9.38840387E-01
 5.80426405E-01
 7.85221270E-01
 9.16819000E-01
 7.76919669E-01
 9.23136684E-01
 6.97793546E-01
 8.33319183E-01
 9.26687751E-01
 7.41087644E-01
 8.94643065E-01
 0.00000000E+00
 8.27682568E-01
 2.52171344E-01
 4.74251059E-01
 6.48572514E-01
 7.63775678E-01
 8.32671667E-01
 8.81868250E-01
 9.65308674E-02
 3.86353330E-01
 6.10608139E-01
 7.53939896E-01
 8.39249728E-01
 8.92505390E-01
 2.68554770E-01
 5.34282220E-01
 7.33579667E-01
 8.50935682E-01
 4.48865641E-01
 6.75846596E-01
 8.35659535E-01
 6.21399140E-01
 8.05673685E-01
 7.70599756E-01
 9.35890894E-02
 3.91564510E-01
 6.19965227E-01
 7.61783500E-01
 8.46127409E-01
 2.32217098E-02
 3.07207382E-01
 5.69303988E-01
 7.53344481E-01
 2.57985352E-01
 5.00090228E-01
 6.98428994E-01
 5.01450607E-01
 7.01679701E-01
 7.19051553E-01
 2.28076872E-01
 5.18270919E-01
 7.32228505E-01
 8.51203829E-01
 2.08792076E-01
 4.79452858E-01
 6.94476717E-01
 5.18977753E-01
 6.62655323E-01
 7.95863671E-01
 7.36407643E-01
 4.16696651E-01
 6.65614635E-01
 8.37937821E-01
 4.62170783E-01
 6.90562849E-01
 7.35805252E-01
 5.83694688E-01
 7.89798023E-01
 9.21147893E-01
 6.75290101E-01
 7.43823223E-01
 3.11063736E-01
 5.43807464E-01
 7.20281075E-01
 8.25952887E-01
 8.88767181E-01
 9.26760681E-01
 2.36295343E-01
 5.11724244E-01
 7.19055092E-01
 8.43156420E-01
 9.15968857E-01
 4.62604772E-01
 6.82517944E-01
 8.42860849E-01
 9.32646983E-01
 6.41808467E-01
 8.14828854E-01
 9.27560173E-01
 8.00742416E-01
 9.26604089E-01
 5.76445300E-01
 2.30491063E-01
 5.20790564E-01
 7.34501000E-01
 8.52734760E-01
 2.13417657E-01
 4.81787816E-01
 6.95407275E-01
 5.24088370E-01
 6.63768857E-01
 7.94990860E-01
 7.39814436E-01
 4.19129323E-01
 6.76421136E-01
 8.55230138E-01
 9.38184763E-01
 4.81387783E-01
 6.56278057E-01
 8.04502631E-01
 7.68165941E-01
 8.10661750E-01
 0.00000000E+00
 6.10671837E-01
 8.12907398E-01
 9.38622747E-01
 7.14463612E-01
 8.57931889E-01
 0.00000000E+00
 7.69572252E-01
 9.22432935E-01
 0.00000000E+00
 0.00000000E+00
 4.42639153E-01
 6.49715343E-01
 8.02708351E-01
 8.88537467E-01
 4.18696290E-01
 6.60390626E-01
 8.29934666E-01
 6.34573316E-01
 8.17133709E-01
 9.33441041E-01
 7.98648401E-01
 4.18758114E-01
 6.67336044E-01
 8.39192901E-01
 9.17013481E-01
 4.65700200E-01
 6.91934681E-01
 8.51295368E-01
 7.38939948E-01
 8.61536303E-01
 6.10865471E-01
 8.12582070E-01
 9.38130236E-01
 7.14297705E-01
 8.57383419E-01
 0.00000000E+00
 7.84216770E-01
 0.00000000E+00
 5.65233479E-01
 7.44567381E-01
 8.72630972E-01
 5.82852927E-01
 7.86529858E-01
 7.79997290E-01
 5.87151857E-01
 7.92039278E-01
 9.22316306E-01
 6.79475952E-01
 7.71255142E-01
 6.98795418E-01
 8.34414335E-01
 9.27471832E-01
 7.43658788E-01
 8.95520092E-01
 3.98463808E-01
 7.46789831E-01
 8.98857934E-01
 0.00000000E+00
 0.00000000E+00
 8.28383610E-01
 0.00000000E+00
 1.55129265E-01
 1.51389582E-01
 3.99750304E-01
 5.78310762E-01
 6.85353699E-01
 7.70615833E-01
 8.43293258E-01
 5.00249177E-01
 5.55871745E-02
 2.92062489E-01
 5.17827443E-01
 6.52999106E-01
 7.52492101E-01
 3.48312479E-01
 1.12313895E-01
 4.57597778E-01
 6.53524843E-01
 7.70393690E-01
 8.44759194E-01
 1.01996274E-01
 3.07211626E-01
 6.07667230E-01
 7.68664773E-01
 1.46622292E-01
 4.99130228E-01
 7.50175692E-01
 3.91440118E-01
 6.65602270E-01
 8.53098268E-01
 6.28006845E-01
 4.90730085E-01
 4.95582194E-02
 2.97436563E-01
 5.27733493E-01
 6.65501664E-01
 7.63754111E-01
 8.39263906E-01
 8.09377161E-01
 2.29299338E-01
 2.19865217E-01
 5.06706598E-01
 6.77560516E-01
 7.84152997E-01
 4.74283615E-01
 6.24888642E-02
 4.64929684E-01
 7.00267685E-01
 8.38800467E-01
 1.18354614E-01
 3.42043423E-01
 6.66680050E-01
 8.23156467E-01
 2.25108801E-01
 6.00878285E-01
 8.42885383E-01
 5.25519533E-01
 7.99047779E-01
 8.26096755E-01
 3.76675131E-01
 8.51112167E-02
 4.36623843E-01
 6.49191318E-01
 7.75656302E-01
 8.52116860E-01
 5.37617176E-01
 1.62333563E-02
 4.33547238E-01
 6.82854119E-01
 8.29418090E-01
 9.34363002E-02
 3.56437571E-01
 6.83652882E-01
 8.63764530E-01
 2.66267223E-01
 6.20639034E-01
 8.51841857E-01
 5.89072150E-01
 8.46048061E-01
 1.29510365E-01
 1.13338262E-01
 2.97642596E-01
 6.02584988E-01
 7.75370004E-01
 1.70041846E-01
 3.15437580E-01
 6.56704582E-01
 2.57023445E-01
 6.28976966E-01
 8.65954139E-01
 5.88678082E-01
 1.29697940E-01
 4.86145069E-01
 7.41998785E-01
 8.76464655E-01
 1.58697923E-01
 5.67529221E-01
 8.30985906E-01
 5.52153356E-01
 8.42652806E-01
 3.97463231E-01
 6.66337441E-01
 8.51901838E-01
 4.83819414E-01
 7.85879696E-01
 0.00000000E+00
 6.58484281E-01
 5.06903902E-01
 5.99256259E-02
 2.91128101E-01
 5.23221593E-01
 6.62051605E-01
 7.61235071E-01
 8.26343874E-01
 2.41543396E-01
 2.11405257E-01
 5.01125356E-01
 6.73668512E-01
 7.81453395E-01
 4.85391684E-01
 5.27846571E-02
 4.57146940E-01
 6.95602845E-01
 1.26356628E-01
 3.35634269E-01
 6.61927939E-01
 2.19876173E-01
 5.97180355E-01
 5.22962258E-01
 8.23166555E-01
 2.24760123E-01
 2.34326760E-01
 5.19564146E-01
 6.89298208E-01
 1.06500770E+00
 4.00018796E-01
 1.28235395E-01
 4.99757354E-01
 5.04142382E-01
 1.58337875E-02
 3.85192899E-01
 1.61085993E-02
 3.88877803E-01
 4.24248659E-01
 5.49703885E-01
 3.17052542E-02
 4.60961927E-01
 6.99899517E-01
 5.93349301E-01
 5.05733410E-02
 3.81523784E-01
 2.78541888E-02
 3.15125742E-01
 5.81746335E-01
 4.65689391E-01
 1.68142397E-01
 3.28978773E-01
 6.73838153E-01
 7.94815573E-02
 3.76314343E-01
 4.69084739E-01
 1.69295191E-01
 5.78874063E-01
 8.40585276E-01
 3.52108349E-01
 4.91925625E-01
 3.88173292E-01
 8.00969941E-02
 4.35462690E-01
 6.48380028E-01
 7.75016880E-01
 8.51656784E-01
 5.44033217E-01
 1.15124870E-02
 4.30333937E-01
 6.81344444E-01
 8.28847042E-01
 9.13567212E-02
 3.53680946E-01
 6.79055687E-01
 8.61787146E-01
 2.68598708E-01
 6.19953199E-01
 8.49897652E-01
 5.90899943E-01
 8.46065528E-01
 1.52890600E-01
 5.46857599E-01
 3.55323082E-02
 4.64856414E-01
 7.02613819E-01
 5.86130505E-01
 4.72403184E-02
 3.82599076E-01
 3.68871630E-02
 3.16459603E-01
 5.79392445E-01
 4.71879461E-01
 1.64474809E-01
 3.49997442E-01
 7.08344264E-01
 8.74901253E-01
 4.20046845E-02
 3.06482133E-01
 6.01978253E-01
 5.33622013E-01
 6.11600753E-01
 0.00000000E+00
 2.22456327E-01
 6.24850234E-01
 8.75810774E-01
 4.29777293E-01
 7.10785653E-01
 0.00000000E+00
 5.42657916E-01
 8.43074716E-01
 0.00000000E+00
 0.00000000E+00
 1.22036095E-01
 2.93989206E-01
 6.01766914E-01
 7.74595570E-01
 1.73913867E-01
 3.12688245E-01
 6.54781194E-01
 2.59386143E-01
 6.27689864E-01
 8.63242960E-01
 5.90700027E-01
 1.66524901E-01
 3.31004329E-01
 6.75679253E-01
 8.31875459E-01
 7.47361316E-02
 3.77722396E-01
 6.96909749E-01
 4.74235423E-01
 7.15638389E-01
 2.22133637E-01
 6.23855828E-01
 8.74703693E-01
 4.28924680E-01
 7.09405095E-01
 0.00000000E+00
 5.71395012E-01
 0.00000000E+00
 1.26375989E-01
 4.85695038E-01
 7.42810098E-01
 1.59891019E-01
 5.68273259E-01
 5.56387732E-01
 1.73929300E-01
 5.82222386E-01
 8.42529872E-01
 3.58702005E-01
 5.45284261E-01
 3.96691319E-01
 6.67005814E-01
 8.52832318E-01
 4.86591230E-01
 7.86688627E-01
 2.03072384E-01
 4.96224760E-01
 7.94893735E-01
 0.00000000E+00
 0.00000000E+00
 6.58255417E-01
 0.00000000E+00
 7.31785689E-01
 2.69412471E-01
 1.03332301E-01
 3.67309782E-01
 5.25579499E-01
 6.53132221E-01
 7.62937739E-01
 1.24668638E+00
 5.74676904E-01
 5.29091546E-02
 2.77897090E-01
 4.76028738E-01
 6.24346801E-01
 1.01939098E+00
 3.21214664E-01
 1.97960771E-01
 4.82617988E-01
 6.52566373E-01
 7.62904908E-01
 6.66984558E-01
 4.39380633E-02
 4.11732798E-01
 6.50447510E-01
 3.09842822E-01
 2.30691543E-01
 6.16277125E-01
 4.99187009E-02
 4.74354889E-01
 7.66725705E-01
 4.08230785E-01
 1.22726475E+00
 5.62629902E-01
 4.31477795E-02
 2.94458449E-01
 4.96494124E-01
 6.42684091E-01
 7.56712895E-01
 1.69659517E+00
 8.20870033E-01
 1.48906467E-01
 2.66597660E-01
 5.14308096E-01
 6.71838123E-01
 1.19243181E+00
 3.79621853E-01
 2.22899667E-01
 5.59301317E-01
 7.57749081E-01
 6.83801633E-01
 1.66872060E-02
 5.07726173E-01
 7.35681937E-01
 1.87434251E-01
 3.88176395E-01
 7.59655350E-01
 2.60001099E-01
 6.80180330E-01
 7.17106380E-01
 1.05146860E+00
 3.56765023E-01
 1.68634122E-01
 4.78490886E-01
 6.62984210E-01
 7.76115082E-01
 1.28176396E+00
 4.46943266E-01
 1.75838626E-01
 5.33650586E-01
 7.44400472E-01
 6.12381540E-01
 6.72176870E-02
 5.54735998E-01
 8.07473430E-01
 9.61863587E-02
 4.40974458E-01
 7.88609884E-01
 3.74133810E-01
 7.64011358E-01
 3.05734453E-01
 6.63826789E-01
 4.66531881E-02
 4.09892600E-01
 6.64723401E-01
 7.45538243E-01
 1.52271155E-02
 4.95663675E-01
 1.04004140E-01
 4.56146057E-01
 8.10376962E-01
 3.83990347E-01
 3.04166197E-01
 2.29780543E-01
 6.13233921E-01
 8.13975181E-01
 2.61693143E-01
 3.51259077E-01
 7.46413252E-01
 3.29074419E-01
 7.62688847E-01
 9.74381477E-02
 4.98388360E-01
 7.75656443E-01
 2.26114746E-01
 6.73690612E-01
 0.00000000E+00
 4.90947618E-01
 1.25590144E+00
 5.81096554E-01
 5.44710643E-02
 2.86343760E-01
 4.90281434E-01
 6.38139390E-01
 1.72734478E+00
 8.42566159E-01
 1.63555596E-01
 2.56829055E-01
 5.07414064E-01
 6.67017184E-01
 1.21343750E+00
 3.96664193E-01
 2.09981166E-01
 5.51475835E-01
 6.99712839E-01
 4.87503007E-03
 4.99550195E-01
 1.98510431E-01
 3.80906367E-01
 2.53963374E-01
 1.71388145E+00
 8.12418725E-01
 1.26528188E-01
 2.86894021E-01
 5.33112255E-01
 2.05709932E+00
 1.05389606E+00
 2.67404754E-01
 2.63989622E-01
 1.20974578E+00
 4.72695029E-01
 1.21167248E-01
 5.14865561E-01
 9.81127644E-02
 1.22872102E-01
 1.29534352E+00
 4.21551321E-01
 2.17763851E-01
 5.60062774E-01
 1.33775275E+00
 5.22514793E-01
 1.16012796E-01
 4.00601631E-01
 2.66191744E-02
 4.11583121E-01
 2.19672295E-01
 7.36990155E-01
 8.07934380E-03
 5.22623122E-01
 5.94601189E-01
 8.69882210E-02
 2.28828654E-01
 2.40304790E-01
 3.71130735E-01
 7.61938042E-01
 3.54884112E-02
 2.42140397E-01
 1.07478788E+00
 3.67999875E-01
 1.64814829E-01
 4.75866432E-01
 6.61018063E-01
 7.74715785E-01
 1.29784688E+00
 4.57657840E-01
 1.69265560E-01
 5.30265134E-01
 7.42803667E-01
 6.13445817E-01
 6.11067347E-02
 5.47236367E-01
 8.04235971E-01
 9.59639126E-02
 4.38469956E-01
 7.85299835E-01
 3.74718053E-01
 7.63239337E-01
 7.80296551E-01
 1.29353668E+00
 4.17114659E-01
 2.23053801E-01
 5.63791805E-01
 1.32910254E+00
 5.18666516E-01
 1.17136284E-01
 3.87962509E-01
 2.80935556E-02
 4.07770542E-01
 2.28353248E-01
 7.11702612E-01
 5.96692085E-02
 5.91111406E-01
 8.23952869E-01
 5.03437996E-01
 1.42898912E-02
 4.42039810E-01
 3.59928825E-01
 4.56245846E-01
 0.00000000E+00
 1.47519167E-01
 4.53042808E-01
 8.25255712E-01
 1.72584585E-01
 5.82054983E-01
 0.00000000E+00
 3.21796146E-01
 7.65543592E-01
 0.00000000E+00
 0.00000000E+00
 6.83119534E-01
 5.58548255E-02
 4.06714756E-01
 6.62413439E-01
 7.57748183E-01
 2.27784703E-02
 4.91297810E-01
 1.04273912E-01
 4.52599194E-01
 8.05969345E-01
 3.84734722E-01
 7.37939404E-01
 9.38215767E-03
 5.24702985E-01
 7.51286464E-01
 5.90339741E-01
 8.76913212E-02
 5.60893651E-01
 2.35429688E-01
 5.88118634E-01
 1.48901982E-01
 4.51194639E-01
 8.23539081E-01
 1.70754254E-01
 5.79755916E-01
 0.00000000E+00
 3.67849386E-01
 0.00000000E+00
 3.14808745E-01
 2.25853657E-01
 6.12891738E-01
 2.65355000E-01
 3.49664882E-01
 3.32602113E-01
 2.36677129E-01
 3.74554191E-01
 7.64345815E-01
 4.28598215E-02
 3.24697946E-01
 9.20301562E-02
 4.97047925E-01
 7.76049774E-01
 2.26609538E-01
 6.73382597E-01
 8.04608576E-01
 2.46127704E-01
 6.88056685E-01
 0.00000000E+00
 0.00000000E+00
 4.88125286E-01
 0.00000000E+00
 1.27910814E+00
 6.59164405E-01
 1.66708906E-01
 1.66976044E-01
 3.67087586E-01
 5.33853673E-01
 6.81305649E-01
 1.93402083E+00
 1.03158282E+00
 3.45072832E-01
 5.98783529E-02
 3.02564431E-01
 4.93523840E-01
 1.61929917E+00
 6.79433191E-01
 2.60455045E-03
 3.38788098E-01
 5.39771753E-01
 6.78575766E-01
 1.20049155E+00
 3.58350192E-01
 2.48635163E-01
 5.45320197E-01
 7.72022259E-01
 3.64630730E-02
 4.86941384E-01
 3.15849418E-01
 2.67422003E-01
 6.71988749E-01
 1.62812587E-01
 1.90798895E+00
 1.01798528E+00
 3.35101533E-01
 8.17077211E-02
 3.31297766E-01
 5.19715687E-01
 6.72779190E-01
 2.47580156E+00
 1.30125011E+00
 4.24179896E-01
 6.63865750E-02
 3.59277159E-01
 5.56830118E-01
 1.78409439E+00
 6.91528385E-01
 9.03389206E-02
 4.65439049E-01
 6.87381300E-01
 1.19064700E+00
 2.44806921E-01
 4.03885434E-01
 6.70876413E-01
 5.99194534E-01
 1.83864917E-01
 6.87122846E-01
 2.72815080E-02
 5.47884969E-01
 5.89665107E-01
 1.66366358E+00
 7.34731413E-01
 4.58188982E-02
 3.30757830E-01
 5.55250097E-01
 6.98799645E-01
 1.90877872E+00
 7.91229305E-01
 1.72335193E-02
 4.27137250E-01
 6.69222084E-01
 9.98595243E-01
 8.84268993E-02
 5.36168886E-01
 7.98747417E-01
 3.97391651E-01
 3.24116196E-01
 7.76923097E-01
 1.66278229E-01
 6.91515589E-01
 6.88795327E-01
 1.18376501E+00
 3.59741468E-01
 2.43305661E-01
 5.65013647E-01
 1.26647298E+00
 2.90417635E-01
 3.80648204E-01
 4.06516894E-01
 3.41462503E-01
 8.01518137E-01
 2.02640644E-01
 7.31135204E-01
 1.95779699E-02
 4.90344395E-01
 7.53603170E-01
 6.71068782E-01
 1.46325521E-01
 6.71197964E-01
 1.16938790E-01
 6.92088327E-01
 2.03380636E-01
 3.29024397E-01
 6.97964859E-01
 3.34739840E-02
 5.58060685E-01
 0.00000000E+00
 3.24055303E-01
 1.95062456E+00
 1.04511386E+00
 3.51539010E-01
 6.95856450E-02
 3.21743732E-01
 5.12615401E-01
 2.52126927E+00
 1.33202276E+00
 4.44181167E-01
 5.24281844E-02
 3.48895971E-01
 5.49345309E-01
 1.81493575E+00
 7.14603583E-01
 7.39036623E-02
 4.54964004E-01
 1.21567438E+00
 2.62033020E-01
 3.92815832E-01
 6.18193804E-01
 1.72085800E-01
 3.87445053E-02
 2.50299844E+00
 1.29610965E+00
 4.00225871E-01
 9.16108343E-02
 3.84948331E-01
 2.85781103E+00
 1.51426288E+00
 5.02333517E-01
 9.71958740E-02
 1.69805515E+00
 7.13165553E-01
 3.41590325E-02
 9.12329569E-01
 9.14409082E-02
 1.65478732E-01
 1.92962159E+00
 7.62866372E-01
 6.73873596E-02
 4.60381115E-01
 1.88128297E+00
 7.96253061E-01
 1.16568262E-02
 6.13361081E-01
 5.70785076E-02
 3.99582437E-01
 6.79768267E-02
 1.25187816E+00
 2.59407140E-01
 4.15067514E-01
 1.01814341E+00
 1.14948966E-01
 7.72353353E-02
 6.36480816E-01
 1.75590780E-01
 6.92638234E-01
 2.60993993E-01
 7.04846061E-03
 1.70063775E+00
 7.52434027E-01
 5.18378594E-02
 3.26173887E-01
 5.51466413E-01
 6.95958094E-01
 1.93478555E+00
 8.06312494E-01
 9.46437878E-03
 4.22564718E-01
 6.66448300E-01
 1.00116997E+00
 9.48119011E-02
 5.28970941E-01
 7.95629753E-01
 3.99506909E-01
 3.20813071E-01
 7.73656539E-01
 1.64362100E-01
 6.89739016E-01
 6.87059872E-01
 1.92896660E+00
 7.57172652E-01
 7.49465727E-02
 4.65431871E-01
 1.86999012E+00
 7.90058338E-01
 1.45999081E-02
 5.94997110E-01
 5.32314351E-02
 3.96157650E-01
 7.98690437E-02
 1.14082672E+00
 1.14270490E-01
 5.68744118E-01
 8.13725560E-01
 7.63652718E-01
 8.77214208E-02
 4.28228212E-01
 3.80121674E-01
 4.58543567E-01
 0.00000000E+00
 4.62195211E-01
 3.33363113E-01
 8.15119294E-01
 3.23723440E-04
 5.20869343E-01
 0.00000000E+00
 1.14539509E-01
 6.97292893E-01
 0.00000000E+00
 0.00000000E+00
 1.21657781E+00
 3.75696855E-01
 2.37532154E-01
 5.60850017E-01
 1.28910890E+00
 3.02840036E-01
 3.74685119E-01
 4.09732397E-01
 3.36811672E-01
 7.97016660E-01
 2.01380038E-01
 1.25645433E+00
 2.58801832E-01
 4.17894475E-01
 6.89065383E-01
 1.01432900E+00
 1.14024623E-01
 4.93625723E-01
 8.62942064E-02
 5.34328945E-01
 4.64740831E-01
 3.30898003E-01
 8.13131540E-01
 2.79344981E-03
 5.18123529E-01
 0.00000000E+00
 1.88508473E-01
 0.00000000E+00
 7.52633402E-01
 2.88584221E-02
 4.88071489E-01
 6.82809522E-01
 1.41070086E-01
 1.18271523E-01
 6.35742261E-01
 1.78361540E-01
 6.95440636E-01
 2.54031595E-01
 1.17216935E-01
 2.16395039E-01
 3.24021526E-01
 6.97090777E-01
 3.78738952E-02
 5.55478695E-01
 1.40614477E+00
 5.05291895E-03
 5.78294680E-01
 0.00000000E+00
 0.00000000E+00
 3.16922896E-01
 0.00000000E+00
 1.83329434E+00
 1.05394655E+00
 4.40339487E-01
 3.61094436E-02
 2.06342550E-01
 4.12819770E-01
 5.98430248E-01
 2.63207068E+00
 1.49585884E+00
 6.42116252E-01
 1.61961238E-01
 1.25901043E-01
 3.60166449E-01
 2.23122329E+00
 1.04509234E+00
 1.96938007E-01
 1.91638262E-01
 4.24155517E-01
 5.91977257E-01
 1.74854332E+00
 6.81810901E-01
 8.06075944E-02
 4.36725551E-01
 1.25251056E+00
 3.15145560E-01
 3.51518666E-01
 7.04308423E-01
 4.58292492E-02
 5.69471787E-01
 1.08887517E-01
 2.59662937E+00
 1.47890035E+00
 6.30797441E-01
 1.33915363E-01
 1.63744197E-01
 3.94890171E-01
 5.87504117E-01
 3.26735163E+00
 1.78965920E+00
 7.04296173E-01
 1.37612045E-01
 2.01069221E-01
 4.39272338E-01
 2.38878420E+00
 1.01066304E+00
 4.53510307E-02
 3.69089098E-01
 6.14875215E-01
 1.71381035E+00
 5.15424745E-01
 2.96221291E-01
 6.03344846E-01
 1.03130687E+00
 3.20321100E-02
 6.09857941E-01
 3.37548985E-01
 4.01631134E-01
 4.40626443E-01
 2.28249251E+00
 1.11714456E+00
 2.63005242E-01
 1.80984884E-01
 4.45892475E-01
 6.20206438E-01
 2.54594422E+00
 1.14159206E+00
 1.44388589E-01
 3.18381542E-01
 5.92251784E-01
 1.39410387E+00
 2.48125258E-01
 5.17322812E-01
 7.89933056E-01
 7.09640436E-01
 2.02355128E-01
 7.64978139E-01
 5.35363502E-02
 6.13346879E-01
 5.85766128E-01
 1.70877144E+00
 6.76347553E-01
 7.45682200E-02
 4.63829397E-01
 1.79576909E+00
 5.70757098E-01
 2.63135535E-01
 7.16719437E-01
 2.23238153E-01
 7.92489957E-01
 1.41051113E-02
 1.16153498E+00
 2.71562311E-01
 3.65774452E-01
 6.92158531E-01
 1.08646031E+00
 6.26883477E-02
 5.93888940E-01
 1.00338016E-01
 6.18479948E-01
 5.05780392E-01
 1.57936955E-01
 6.18839379E-01
 2.95977605E-01
 4.38978463E-01
 0.00000000E+00
 1.57078763E-01
 2.65626213E+00
 1.51668231E+00
 6.53616329E-01
 1.50974274E-01
 1.50122078E-01
 3.84691729E-01
 3.33115190E+00
 1.83173561E+00
 7.30927308E-01
 1.56705325E-01
 1.86454998E-01
 4.28563480E-01
 2.43237545E+00
 1.04132718E+00
 6.59824860E-02
 3.55463028E-01
 1.75075523E+00
 5.39554088E-01
 2.81634311E-01
 1.06090780E+00
 4.97393394E-02
 3.56740887E-01
 3.30296754E+00
 1.78689187E+00
 6.78194710E-01
 1.06922215E-01
 2.34132917E-01
 3.67391499E+00
 1.98412611E+00
 7.42414994E-01
 7.36034894E-02
 2.19965186E+00
 9.60644818E-01
 5.53272501E-02
 1.32575693E+00
 2.89620727E-01
 4.71593659E-01
 2.57165147E+00
 1.10887580E+00
 8.53041917E-02
 3.59007611E-01
 2.43502890E+00
 1.07584238E+00
 9.51385938E-02
 8.32344900E-01
 1.43572747E-01
 3.87704051E-01
 9.04472855E-02
 1.77201468E+00
 5.30306833E-01
 3.05808017E-01
 1.44901771E+00
 3.21444501E-01
 7.87853796E-02
 1.03546176E+00
 2.23009073E-02
 6.21957830E-01
 5.61465404E-01
 2.56730113E-01
 2.33739162E+00
 1.14390628E+00
 2.72658210E-01
 1.73448638E-01
 4.39561541E-01
 6.15397958E-01
 2.58638630E+00
 1.16348715E+00
 1.54447523E-01
 3.11874582E-01
 5.87759243E-01
 1.40100292E+00
 2.55889658E-01
 5.10340711E-01
 7.86898225E-01
 7.16536740E-01
 1.97307640E-01
 7.61695805E-01
 5.99332702E-02
 6.09827346E-01
 5.81353005E-01
 2.57386054E+00
 1.10280961E+00
 7.58292660E-02
 3.65147897E-01
 2.42254973E+00
 1.06800008E+00
 9.06062025E-02
 8.08708034E-01
 1.37505560E-01
 3.84670517E-01
 7.56919268E-02
 1.57542195E+00
 2.90943169E-01
 5.45913152E-01
 8.03320818E-01
 1.02939093E+00
 1.92501157E-01
 4.14283792E-01
 3.99882694E-01
 4.61429919E-01
 0.00000000E+00
 7.79844004E-01
 2.11909377E-01
 8.04799978E-01
 1.76324785E-01
 4.57752882E-01
 0.00000000E+00
 9.35372110E-02
 6.27550843E-01
 0.00000000E+00
 0.00000000E+00
 1.75958874E+00
 7.01722260E-01
 6.48084121E-02
 4.56978670E-01
 1.83349945E+00
 5.90504197E-01
 2.54566069E-01
 7.25687725E-01
 2.16412588E-01
 7.87828862E-01
 8.97621809E-03
 1.78260931E+00
 5.31615614E-01
 3.08919292E-01
 6.25369934E-01
 1.44766961E+00
 3.21248070E-01
 4.24169465E-01
 6.79706857E-02
 4.78063638E-01
 7.84182314E-01
 2.08584690E-01
 8.02516567E-01
 1.79805942E-01
 4.54423815E-01
 0.00000000E+00
 8.07691971E-03
 0.00000000E+00
 1.19800201E+00
 2.88574015E-01
 3.60420601E-01
 1.11038654E+00
 7.36679023E-02
 1.03428129E-01
 1.03998168E+00
 2.13343922E-02
 6.24772384E-01
 5.56746059E-01
 9.17985961E-02
 5.29494775E-01
 1.47538321E-01
 6.15919857E-01
 3.08053278E-01
 4.32853817E-01
 2.00768096E+00
 2.58459350E-01
 4.65554106E-01
 0.00000000E+00
 0.00000000E+00
 1.43852070E-01
 0.00000000E+00
 1.84870036E+00
 1.06483734E+00
 4.47960429E-01
 4.24210823E-02
 2.00822485E-01
 4.08386344E-01
 5.95282098E-01
 2.65638197E+00
 1.51187411E+00
 6.52405372E-01
 1.70809932E-01
 1.17936654E-01
 3.53658583E-01
 2.25966820E+00
 1.06212222E+00
 2.06223143E-01
 1.83609375E-01
 4.16944430E-01
 5.86063811E-01
 1.78568353E+00
 7.05073754E-01
 6.77022092E-02
 4.27519870E-01
 1.29990346E+00
 3.45280678E-01
 3.35302051E-01
 7.61220117E-01
 9.10658163E-03
 5.49953761E-01
 1.71730471E-01
 2.61292884E+00
 1.48955633E+00
 6.37610308E-01
 1.40020373E-01
 1.58095399E-01
 3.90201839E-01
 5.84100725E-01
 3.29329073E+00
 1.80523105E+00
 7.13000234E-01
 1.45793839E-01
 1.93303205E-01
 4.32737975E-01
 2.41786922E+00
 1.02588689E+00
 5.13946456E-02
 3.63260874E-01
 6.09420652E-01
 1.75438412E+00
 5.38645976E-01
 2.85708856E-01
 5.95663817E-01
 1.08214916E+00
 6.16374532E-02
 5.96879818E-01
 3.92745453E-01
 3.67703549E-01
 3.89015352E-01
 2.29485031E+00
 1.12449120E+00
 2.66985611E-01
 1.77065342E-01
 4.42100614E-01
 6.16971154E-01
 2.56543565E+00
 1.15176042E+00
 1.48403928E-01
 3.14025856E-01
 5.87946526E-01
 1.41305771E+00
 2.55354678E-01
 5.17842101E-01
 7.89594892E-01
 7.36099254E-01
 1.89699710E-01
 7.62464981E-01
 8.25135073E-02
 5.98179551E-01
 5.58456877E-01
 1.71864225E+00
 6.82896065E-01
 7.07366310E-02
 4.60727264E-01
 1.81286779E+00
 5.80836326E-01
 2.58501026E-01
 7.32974161E-01
 2.15793356E-01
 7.91769822E-01
 2.36079693E-03
 1.16848731E+00
 2.77120314E-01
 3.62078190E-01
 6.89578546E-01
 1.09932905E+00
 7.17854024E-02
 5.88834042E-01
 1.11344882E-01
 6.10890815E-01
 5.08613905E-01
 1.54090382E-01
 6.15242873E-01
 3.01786763E-01
 4.30363802E-01
 0.00000000E+00
 1.57903646E-01
 2.68040323E+00
 1.53267518E+00
 6.63899439E-01
 1.59530078E-01
 1.42633083E-01
 3.78659662E-01
 3.36686187E+00
 1.85363778E+00
 7.43472624E-01
 1.67528599E-01
 1.76766003E-01
 4.20647414E-01
 2.46970734E+00
 1.06144992E+00
 7.45915750E-02
 3.47999611E-01
 1.79882478E+00
 5.67066187E-01
 2.69049174E-01
 1.11840312E+00
 8.29593871E-02
 4.17367943E-01
 3.32394191E+00
 1.79912013E+00
 6.84716164E-01
 1.13329555E-01
 2.27898402E-01
 3.70401961E+00
 2.00078948E+00
 7.50431866E-01
 8.19542518E-02
 2.22727418E+00
 9.74697101E-01
 6.05786057E-02
 1.36459945E+00
 3.12463220E-01
 5.14883868E-01
 2.58369097E+00
 1.11433318E+00
 8.65827870E-02
 3.56519159E-01
 2.45060097E+00
 1.08269080E+00
 9.66437060E-02
 8.40977187E-01
 1.47327065E-01
 3.86295295E-01
 1.05191117E-01
 1.78037947E+00
 5.35251785E-01
 3.03765594E-01
 1.46098237E+00
 3.28829136E-01
 8.51330015E-02
 1.03993572E+00
 2.68162136E-02
 6.18862549E-01
 5.68226444E-01
 2.56421230E-01
 2.36099509E+00
 1.15833458E+00
 2.80738973E-01
 1.66830135E-01
 4.33904515E-01
 6.10870209E-01
 2.61835937E+00
 1.18102309E+00
 1.62270812E-01
 3.05185683E-01
 5.81995750E-01
 1.42852767E+00
 2.67491905E-01
 5.09262217E-01
 7.85851337E-01
 7.49864305E-01
 1.81420470E-01
 7.58255505E-01
 9.39182096E-02
 5.92645054E-01
 5.51284527E-01
 2.59059836E+00
 1.11090935E+00
 7.83545265E-02
 3.61922285E-01
 2.44259800E+00
 1.07744397E+00
 9.33946027E-02
 8.19477472E-01
 1.42641505E-01
 3.82447999E-01
 9.18002442E-02
 1.58107008E+00
 2.91378917E-01
 5.48852546E-01
 8.04121904E-01
 1.03257008E+00
 1.92454545E-01
 4.15436366E-01
 4.06104821E-01
 4.60213655E-01
 8.29691640E-01
 7.82245011E-01
 2.10775071E-01
 8.05595264E-01
 1.77595120E-01
 4.53623351E-01
 0.00000000E+00
 9.31771914E-02
 6.24163984E-01
 0.00000000E+00
 0.00000000E+00
 1.78096440E+00
 7.15269166E-01
 5.72051823E-02
 4.51672713E-01
 1.86288778E+00
 6.07406483E-01
 2.46804071E-01
 7.49729937E-01
 2.05445527E-01
 7.86202224E-01
 1.24631217E-02
 1.79726900E+00
 5.39936617E-01
 3.05434896E-01
 6.22210816E-01
 1.46528789E+00
 3.31625798E-01
 4.19141551E-01
 7.67389056E-02
 4.70310748E-01
 7.88295778E-01
 2.06703804E-01
 8.03133696E-01
 1.82236157E-01
 4.49733808E-01
 0.00000000E+00
 8.44181763E-03
 0.00000000E+00
 1.21524769E+00
 3.00125970E-01
 3.53789366E-01
 1.13358023E+00
 8.80448283E-02
 1.20112173E-01
 1.05045352E+00
 2.88169057E-02
 6.20645784E-01
 5.68237616E-01
 9.32805621E-02
 5.39982802E-01
 1.39412233E-01
 6.10416520E-01
 3.20715142E-01
 4.21153418E-01
 2.00768096E+00
 2.62465216E-01
 4.58149601E-01
 0.00000000E+00
 0.00000000E+00
 1.40250495E-01
 0.00000000E+00
 1.31497797E+00
 6.84223445E-01
 1.84119888E-01
 1.52213160E-01
 3.53935635E-01
 5.23207317E-01
 6.73744307E-01
 1.99052594E+00
 1.06823196E+00
 3.68329100E-01
 3.92489219E-02
 2.83584537E-01
 4.77879433E-01
 1.68585114E+00
 7.18679333E-01
 1.84186492E-02
 3.20013227E-01
 5.22553206E-01
 6.64347952E-01
 1.28914151E+00
 4.13767137E-01
 2.17921630E-01
 5.23268162E-01
 8.85859146E-01
 1.08917210E-01
 4.47864123E-01
 4.52121880E-01
 1.79521241E-01
 6.25275285E-01
 1.32525757E-02
 1.94506716E+00
 1.04159639E+00
 3.49873684E-01
 6.77414574E-02
 3.17913647E-01
 5.08457402E-01
 6.64603472E-01
 2.53479892E+00
 1.33555144E+00
 4.42667644E-01
 4.77479797E-02
 3.40868271E-01
 5.41126278E-01
 1.85108289E+00
 7.25591254E-01
 7.75910713E-02
 4.52081132E-01
 6.74399758E-01
 1.28723567E+00
 3.00112732E-01
 3.78680262E-01
 6.52281799E-01
 7.21069298E-01
 1.12628868E-01
 6.55531836E-01
 1.59059514E-01
 4.66811590E-01
 4.65932836E-01
 1.69099664E+00
 7.50175539E-01
 5.36504375E-02
 3.22083675E-01
 5.46330778E-01
 6.91029306E-01
 1.95201913E+00
 8.12433044E-01
 9.97947349E-03
 4.17618169E-01
 6.59089922E-01
 1.04128158E+00
 1.03593485E-01
 5.38667727E-01
 7.98200365E-01
 4.60228963E-01
 2.93732863E-01
 7.70190509E-01
 9.67686661E-02
 6.54505075E-01
 6.23251175E-01
 1.20613122E+00
 3.74277930E-01
 2.34992078E-01
 5.57924903E-01
 1.30558867E+00
 3.13020669E-01
 3.70572790E-01
 4.44085850E-01
 3.24440386E-01
 7.99876128E-01
 1.63506490E-01
 7.47297711E-01
 3.25224593E-02
 4.81721843E-01
 7.47489001E-01
 7.01227442E-01
 1.24955105E-01
 6.59230576E-01
 9.10686306E-02
 6.73863814E-01
 2.09987319E-01
 3.19875780E-01
 6.89332221E-01
 4.71568789E-02
 5.37388832E-01
 6.64094153E-01
 3.26213442E-01
 2.00672895E+00
 1.08174202E+00
 3.74814274E-01
 4.96596448E-02
 3.03923589E-01
 4.98133355E-01
 2.60415486E+00
 1.38196251E+00
 4.72261374E-01
 2.72827655E-02
 3.25828920E-01
 5.30327316E-01
 1.90230169E+00
 7.61019600E-01
 5.44952010E-02
 4.37454516E-01
 1.33061159E+00
 3.28011619E-01
 3.62313606E-01
 7.56127643E-01
 9.20617946E-02
 1.83510773E-01
 2.54990148E+00
 1.32222598E+00
 4.13341459E-01
 7.73089062E-02
 3.70250802E-01
 2.92496479E+00
 1.54967966E+00
 5.18208991E-01
 7.84494427E-02
 1.76059174E+00
 7.44099507E-01
 2.29792035E-02
 1.00496518E+00
 1.46709074E-01
 2.69515601E-01
 1.95460979E+00
 7.72397525E-01
 6.70197070E-02
 4.55501399E-01
 1.91309812E+00
 8.08010925E-01
 1.11299763E-02
 6.30262526E-01
 6.39499707E-02
 3.96039829E-01
 3.30949494E-02
 1.26975669E+00
 2.69411522E-01
 4.11452524E-01
 1.04386352E+00
 1.30528596E-01
 6.39971373E-02
 6.46396051E-01
 1.65308814E-01
 6.85452083E-01
 2.76172868E-01
 6.04331701E-03
 1.75533701E+00
 7.85249606E-01
 6.98221726E-02
 3.10882971E-01
 5.38034222E-01
 6.85086395E-01
 2.00875295E+00
 8.45971364E-01
 7.57317818E-03
 4.07157357E-01
 6.52740769E-01
 1.06541341E+00
 1.21469194E-01
 5.26799742E-01
 7.93005111E-01
 4.79419228E-01
 2.82071257E-01
 7.64187561E-01
 8.26452474E-02
 6.47699101E-01
 6.14839969E-01
 1.96549110E+00
 7.73303319E-01
 7.13739841E-02
 4.58688186E-01
 1.91306697E+00
 8.08559531E-01
 1.05669424E-02
 6.17660250E-01
 6.40477141E-02
 3.90141424E-01
 4.13634616E-02
 1.15027958E+00
 1.11768338E-01
 5.78268959E-01
 8.16503792E-01
 7.65801059E-01
 8.36779254E-02
 4.32439772E-01
 3.98456472E-01
 4.54580488E-01
 8.23639685E-01
 4.65701240E-01
 3.32345549E-01
 8.17878236E-01
 5.07328483E-04
 5.11580223E-01
 8.46290756E-01
 1.16186407E-01
 6.89388512E-01
 0.00000000E+00
 0.00000000E+00
 1.26679781E+00
 4.07268439E-01
 2.19969841E-01
 5.48384559E-01
 1.35819484E+00
 3.42289365E-01
 3.56713599E-01
 4.66564978E-01
 3.10763254E-01
 7.92724215E-01
 1.49989203E-01
 1.28965996E+00
 2.77123244E-01
 4.10643548E-01
 6.81851288E-01
 1.05402858E+00
 1.37189880E-01
 4.82079130E-01
 6.67976295E-02
 5.14998002E-01
 4.72446609E-01
 3.28002001E-01
 8.15393342E-01
 5.91111124E-03
 5.07346476E-01
 8.44190507E-01
 1.90558496E-01
 0.00000000E+00
 7.93581153E-01
 5.62652264E-02
 4.72343791E-01
 7.37894670E-01
 1.06888313E-01
 7.86123104E-02
 6.60132497E-01
 1.60884491E-01
 6.85722888E-01
 2.80696767E-01
 1.14402974E-01
 2.41383487E-01
 3.04596402E-01
 6.83880577E-01
 6.80192082E-02
 5.27397204E-01
 6.57944833E-01
 1.44150257E-02
 5.60522371E-01
 0.00000000E+00
 0.00000000E+00
 3.08446894E-01
 0.00000000E+00
 7.74314001E-01
 2.98485755E-01
 8.34000643E-02
 3.49656553E-01
 5.09337601E-01
 6.39808952E-01
 7.53471406E-01
 1.31350370E+00
 6.16790812E-01
 7.90092273E-02
 2.53356823E-01
 4.52570148E-01
 6.04726964E-01
 1.09907642E+00
 3.66951650E-01
 1.74252877E-01
 4.60142647E-01
 6.31204161E-01
 7.45031156E-01
 7.76863241E-01
 1.12417105E-01
 3.73824539E-01
 6.22933717E-01
 4.52341697E-01
 1.39843610E-01
 5.67092335E-01
 1.19588537E-01
 3.65087770E-01
 7.08667333E-01
 2.24323721E-01
 1.26932573E+00
 5.88033147E-01
 5.83145739E-02
 2.78431707E-01
 4.80123370E-01
 6.28595615E-01
 7.46474103E-01
 1.76353458E+00
 8.57346870E-01
 1.67023163E-01
 2.45365012E-01
 4.91764567E-01
 6.52154812E-01
 1.27029046E+00
 4.17058743E-01
 2.10597476E-01
 5.43893698E-01
 7.41736819E-01
 8.02828473E-01
 5.15294373E-02
 4.76274146E-01
 7.12097257E-01
 3.39294921E-01
 2.98855520E-01
 7.19283573E-01
 9.69919223E-02
 5.79695070E-01
 5.62822159E-01
 1.08072200E+00
 3.71470735E-01
 1.62450875E-01
 4.69181044E-01
 6.52212561E-01
 7.66387955E-01
 1.32834976E+00
 4.66731282E-01
 1.71751659E-01
 5.23696935E-01
 7.32146276E-01
 6.59780629E-01
 5.28747259E-02
 5.60487303E-01
 8.07331105E-01
 1.73183871E-01
 4.03070911E-01
 7.78756146E-01
 2.87494629E-01
 7.16534989E-01
 6.98591378E-01
 6.88941161E-01
 6.23166346E-02
 4.01360544E-01
 6.56610527E-01
 7.90302151E-01
 4.01046071E-02
 4.85275321E-01
 1.47807004E-01
 4.36707638E-01
 8.08508911E-01
 3.36022517E-01
 3.23185148E-01
 2.14470173E-01
 6.02989575E-01
 8.06493554E-01
 2.97742721E-01
 3.25568992E-01
 7.31796534E-01
 2.98001334E-01
 7.39892761E-01
 8.96771777E-02
 4.87166955E-01
 7.64863198E-01
 2.09676155E-01
 6.47859487E-01
 7.42078502E-01
 4.94103694E-01
 1.32217073E+00
 6.23202217E-01
 8.06278082E-02
 2.62706885E-01
 4.68325483E-01
 6.20024228E-01
 1.82505135E+00
 8.99510870E-01
 1.94435485E-01
 2.27117458E-01
 4.78959731E-01
 6.43196123E-01
 1.31797295E+00
 4.50771694E-01
 1.88313311E-01
 5.30410437E-01
 8.42403792E-01
 7.74480143E-02
 4.60816157E-01
 3.70615809E-01
 2.80380780E-01
 7.48263681E-02
 1.76525593E+00
 8.38274470E-01
 1.37609416E-01
 2.71267382E-01
 5.15293630E-01
 2.13028658E+00
 1.08855597E+00
 2.80207770E-01
 2.43255372E-01
 1.27990653E+00
 5.05428528E-01
 1.10203122E-01
 6.29180488E-01
 2.82678338E-02
 7.21058281E-03
 1.31829666E+00
 4.25948222E-01
 2.22972654E-01
 5.56249249E-01
 1.36571362E+00
 5.27319812E-01
 1.21840909E-01
 4.13482535E-01
 2.26870516E-02
 4.06841293E-01
 1.77402397E-01
 7.54611123E-01
 4.62338920E-04
 5.20815185E-01
 6.20280514E-01
 7.21031051E-02
 2.16684581E-01
 2.50844872E-01
 3.59494555E-01
 7.53460100E-01
 1.88828554E-02
 2.44074637E-01
 1.13902971E+00
 4.05199609E-01
 1.45293291E-01
 4.57996762E-01
 6.44529851E-01
 7.61113365E-01
 1.38443819E+00
 5.02115721E-01
 1.51614178E-01
 5.12353875E-01
 7.25924340E-01
 6.89830794E-01
 3.03440824E-02
 5.45424175E-01
 8.00719001E-01
 1.95514046E-01
 3.88880443E-01
 7.70975013E-01
 2.72431817E-01
 7.09078834E-01
 6.89895948E-01
 1.33145120E+00
 4.30296928E-01
 2.23814057E-01
 5.57451492E-01
 1.37221514E+00
 5.32967976E-01
 1.17698600E-01
 4.09355351E-01
 1.79296173E-02
 3.98860977E-01
 1.80829504E-01
 7.14787554E-01
 7.02955132E-02
 6.08205848E-01
 8.29206058E-01
 4.94395994E-01
 2.77266467E-02
 4.50318824E-01
 3.90297282E-01
 4.49165199E-01
 8.17338021E-01
 1.47034330E-01
 4.55401631E-01
 8.30475154E-01
 1.78571532E-01
 5.71746120E-01
 8.42510978E-01
 3.25618267E-01
 7.56129957E-01
 0.00000000E+00
 0.00000000E+00
 7.43556295E-01
 9.33098064E-02
 3.86212623E-01
 6.47397766E-01
 8.40959469E-01
 6.96912201E-02
 4.70230822E-01
 1.73346632E-01
 4.20692925E-01
 7.99806577E-01
 3.20779143E-01
 7.75177018E-01
 1.00025270E-02
 5.17985979E-01
 7.43033692E-01
 6.34347732E-01
 6.24888445E-02
 5.47548438E-01
 2.14528422E-01
 5.62474104E-01
 1.53854453E-01
 4.51025213E-01
 8.27992673E-01
 1.72760636E-01
 5.67290794E-01
 8.40164358E-01
 3.72997414E-01
 0.00000000E+00
 3.64981893E-01
 1.92303754E-01
 5.93638007E-01
 3.32870772E-01
 3.07668987E-01
 2.83948841E-01
 2.65481771E-01
 3.53769045E-01
 7.52586112E-01
 1.16154222E-02
 3.22858106E-01
 6.12638289E-02
 4.72965912E-01
 7.59531804E-01
 1.89551129E-01
 6.38279277E-01
 7.35732559E-01
 2.35072375E-01
 6.65837106E-01
 6.41630789E-01
 0.00000000E+00
 4.77962220E-01
 0.00000000E+00
 1.96825154E-01
 1.22212520E-01
 3.79421899E-01
 5.61043394E-01
 6.69967276E-01
 7.58159165E-01
 8.34437122E-01
 5.66945081E-01
 9.92500781E-02
 2.64041797E-01
 4.93210061E-01
 6.30571711E-01
 7.34089086E-01
 4.28480762E-01
 6.38566715E-02
 4.30646180E-01
 6.30275224E-01
 7.49741513E-01
 8.27952594E-01
 2.08457362E-01
 2.39466325E-01
 5.69104587E-01
 7.41455981E-01
 1.22453847E-02
 4.12988092E-01
 7.03138628E-01
 2.34492486E-01
 5.64520857E-01
 7.99392321E-01
 4.60379739E-01
 5.33304395E-01
 7.67039316E-02
 2.80354898E-01
 5.11441134E-01
 6.49852030E-01
 7.50583244E-01
 8.29680501E-01
 8.78904767E-01
 2.70555614E-01
 1.96844224E-01
 4.84070176E-01
 6.55705633E-01
 7.65706954E-01
 5.56026852E-01
 1.82650675E-02
 4.45562758E-01
 6.82243398E-01
 8.22819675E-01
 2.34673129E-01
 2.72836751E-01
 6.32497013E-01
 7.98877808E-01
 8.27278355E-02
 5.16259452E-01
 8.03745421E-01
 3.75734228E-01
 7.06404898E-01
 6.82721485E-01
 4.07330518E-01
 6.78228462E-02
 4.27776053E-01
 6.39096311E-01
 7.65214811E-01
 8.43018177E-01
 5.88130044E-01
 9.59342386E-03
 4.23411525E-01
 6.70647804E-01
 8.17155610E-01
 1.46478735E-01
 3.33812369E-01
 6.81026729E-01
 8.59899917E-01
 1.89793877E-01
 5.80057112E-01
 8.37843986E-01
 5.07661155E-01
 8.00236107E-01
 7.85744999E-01
 1.38084937E-01
 2.81434240E-01
 5.93156303E-01
 7.67107638E-01
 2.14679913E-01
 2.88909674E-01
 6.44003121E-01
 2.12655663E-01
 6.06787857E-01
 8.60432279E-01
 5.42494501E-01
 1.12141371E-01
 4.71691569E-01
 7.32120161E-01
 8.69278283E-01
 1.25091927E-01
 5.43012057E-01
 8.16539079E-01
 5.23038434E-01
 8.20381894E-01
 3.90947972E-01
 6.56180335E-01
 8.41824705E-01
 4.69451280E-01
 7.61782692E-01
 8.23972450E-01
 6.62102072E-01
 5.72344103E-01
 1.02937418E-01
 2.63556723E-01
 4.99725477E-01
 6.41166176E-01
 7.44310232E-01
 9.25136266E-01
 3.02462389E-01
 1.76002993E-01
 4.70370230E-01
 6.46248692E-01
 7.59152516E-01
 5.92707785E-01
 7.69155918E-03
 4.28453352E-01
 6.72040444E-01
 2.65095073E-01
 2.52893053E-01
 6.20622966E-01
 5.86135179E-02
 5.02057817E-01
 3.58263311E-01
 8.76950309E-01
 2.55005581E-01
 2.18745302E-01
 5.02593506E-01
 6.72014844E-01
 1.14538402E+00
 4.44867693E-01
 1.05602763E-01
 4.75492071E-01
 5.84663450E-01
 6.19877291E-02
 3.61527610E-01
 1.30807553E-01
 3.14926079E-01
 3.01615834E-01
 5.76889665E-01
 2.14193555E-02
 4.60449472E-01
 6.93864846E-01
 6.31101508E-01
 6.73287926E-02
 3.76311721E-01
 1.87183550E-03
 2.96818256E-01
 5.64218451E-01
 4.19444078E-01
 1.86766555E-01
 3.18315080E-01
 6.69637664E-01
 1.07927535E-01
 3.57197604E-01
 4.52765540E-01
 1.59696942E-01
 5.67636970E-01
 8.31991648E-01
 3.36594804E-01
 4.94724719E-01
 4.51985066E-01
 4.13165291E-02
 4.13755041E-01
 6.30114519E-01
 7.59193822E-01
 8.38943176E-01
 6.32840571E-01
 3.82933266E-02
 4.06748613E-01
 6.61363426E-01
 8.12180491E-01
 1.72583701E-01
 3.14597808E-01
 6.68428257E-01
 8.54355548E-01
 1.70477774E-01
 5.67851434E-01
 8.31209743E-01
 4.94704222E-01
 7.93835427E-01
 7.78088699E-01
 5.88356607E-01
 1.67046999E-02
 4.59912786E-01
 6.94098067E-01
 6.38669899E-01
 7.34900474E-02
 3.71958251E-01
 2.22766805E-03
 2.91628149E-01
 5.57403557E-01
 4.20345964E-01
 1.73178359E-01
 3.53543491E-01
 7.18679786E-01
 8.77155781E-01
 4.47595301E-02
 3.07116105E-01
 5.98889320E-01
 5.49875256E-01
 5.91286043E-01
 8.62248526E-01
 2.20884489E-01
 6.24400636E-01
 8.78058261E-01
 4.31645045E-01
 6.95990359E-01
 8.82522989E-01
 5.46492076E-01
 8.33592471E-01
 8.19889542E-01
 0.00000000E+00
 1.80078586E-01
 2.57124118E-01
 5.80908400E-01
 7.59777339E-01
 2.55023593E-01
 2.65020003E-01
 6.31645299E-01
 1.90773550E-01
 5.93222786E-01
 8.53192471E-01
 5.29233158E-01
 2.03758110E-01
 3.09935473E-01
 6.66669823E-01
 8.22844634E-01
 1.20806308E-01
 3.48486779E-01
 6.79063087E-01
 4.49213875E-01
 6.84894851E-01
 2.15364009E-01
 6.20933600E-01
 8.76148565E-01
 4.26889445E-01
 6.92428846E-01
 8.80621410E-01
 5.75867981E-01
 0.00000000E+00
 7.96159557E-02
 4.54107386E-01
 7.24439740E-01
 9.67142113E-02
 5.28358991E-01
 5.10644904E-01
 1.47156582E-01
 5.62340981E-01
 8.30801376E-01
 3.29331739E-01
 5.43768403E-01
 3.68664054E-01
 6.44823717E-01
 8.37408177E-01
 4.52917012E-01
 7.53923603E-01
 8.18479360E-01
 4.86856248E-01
 7.74149545E-01
 7.56125408E-01
 0.00000000E+00
 6.49403680E-01
 0.00000000E+00
 3.97931000E-01
 5.58353223E-01
 6.87711394E-01
 7.79067554E-01
 8.33858662E-01
 8.78230617E-01
 9.16619469E-01
 2.10777835E-01
 4.46201194E-01
 6.29126014E-01
 7.44537347E-01
 8.13720435E-01
 8.65872650E-01
 2.79255400E-01
 5.27472144E-01
 7.12484666E-01
 8.13203520E-01
 8.73494224E-01
 9.12979021E-01
 3.88663798E-01
 6.14992177E-01
 7.81697279E-01
 8.68901598E-01
 4.98216659E-01
 7.01414693E-01
 8.48778759E-01
 6.08261240E-01
 7.76549072E-01
 8.96724633E-01
 7.19629160E-01
 2.28899139E-01
 4.58393295E-01
 6.37908397E-01
 7.54111887E-01
 8.23720449E-01
 8.74392422E-01
 9.14196312E-01
 5.34619808E-02
 3.59674821E-01
 5.95054791E-01
 7.39747488E-01
 8.26234717E-01
 8.81683414E-01
 2.14105170E-01
 5.03815763E-01
 7.19560197E-01
 8.39133781E-01
 9.10211087E-01
 3.73902988E-01
 6.30776905E-01
 8.13110145E-01
 8.97533021E-01
 5.31677021E-01
 7.52313979E-01
 8.99137944E-01
 6.76945758E-01
 8.46675286E-01
 8.27988372E-01
 2.92435062E-01
 5.31155203E-01
 7.12079641E-01
 8.18326767E-01
 8.81754661E-01
 9.20895640E-01
 1.99721967E-01
 4.90928552E-01
 7.09054223E-01
 8.33672102E-01
 9.07572745E-01
 4.20278166E-01
 6.62734853E-01
 8.38283477E-01
 9.28844922E-01
 5.88007331E-01
 7.85892594E-01
 9.17024130E-01
 7.47021781E-01
 8.96438073E-01
 8.85882391E-01
 4.27983181E-01
 6.38629503E-01
 7.95260660E-01
 8.82710092E-01
 3.87776181E-01
 6.41211888E-01
 8.20143130E-01
 6.01430007E-01
 8.00483917E-01
 9.28944456E-01
 7.66651741E-01
 5.53961371E-01
 7.34332297E-01
 8.65129562E-01
 9.34082253E-01
 5.59037934E-01
 7.69197332E-01
 9.07051134E-01
 7.58347545E-01
 9.08318426E-01
 6.94270942E-01
 8.27081763E-01
 9.20206660E-01
 7.32742431E-01
 8.79162409E-01
 9.09904778E-01
 8.30623845E-01
 2.07668977E-01
 4.44076267E-01
 6.28707629E-01
 7.47706854E-01
 8.18982884E-01
 8.70973555E-01
 2.81068063E-02
 3.42192932E-01
 5.83657119E-01
 7.32263122E-01
 8.21077482E-01
 8.78111043E-01
 1.93754306E-01
 4.89533687E-01
 7.10241207E-01
 8.33583937E-01
 3.56898854E-01
 6.19705252E-01
 8.06584681E-01
 5.18042429E-01
 7.44324172E-01
 6.66807971E-01
 5.49600621E-02
 3.67875818E-01
 6.06337782E-01
 7.49253921E-01
 8.34579793E-01
 8.27403280E-02
 2.70330157E-01
 5.47993990E-01
 7.34707160E-01
 1.97383895E-01
 4.61459020E-01
 6.75754519E-01
 4.23920311E-01
 6.50055851E-01
 6.40359786E-01
 2.06514619E-01
 5.07297645E-01
 7.28164863E-01
 8.45646767E-01
 1.76873516E-01
 4.60799262E-01
 6.84507672E-01
 4.94040739E-01
 6.42711992E-01
 7.77827279E-01
 7.03423816E-01
 4.03213097E-01
 6.56870321E-01
 8.33510123E-01
 4.41005207E-01
 6.75006831E-01
 7.22415711E-01
 5.77829478E-01
 7.82366220E-01
 9.15175562E-01
 6.65507968E-01
 7.46532774E-01
 2.67511684E-01
 5.16194853E-01
 7.04031322E-01
 8.13180488E-01
 8.78316812E-01
 9.18572103E-01
 1.74270820E-01
 4.74595772E-01
 6.99580426E-01
 8.28373813E-01
 9.04719217E-01
 4.04833950E-01
 6.51682463E-01
 8.31248545E-01
 9.25741564E-01
 5.76429928E-01
 7.78731354E-01
 9.13253582E-01
 7.39095843E-01
 8.92571156E-01
 8.80989468E-01
 1.99638237E-01
 5.04240916E-01
 7.27520606E-01
 8.45553482E-01
 1.71845564E-01
 4.56891530E-01
 6.81838340E-01
 4.93420060E-01
 6.39494735E-01
 7.73983393E-01
 7.03348147E-01
 4.09393419E-01
 6.74244078E-01
 8.58070064E-01
 9.37927807E-01
 4.72252503E-01
 6.49268586E-01
 7.96321614E-01
 7.71373531E-01
 7.90841613E-01
 9.28551972E-01
 6.08205484E-01
 8.10763160E-01
 9.38377323E-01
 7.13143119E-01
 8.45486496E-01
 9.39733723E-01
 7.72317461E-01
 9.15889283E-01
 9.08362728E-01
 0.00000000E+00
 4.04341240E-01
 6.24812979E-01
 7.88203049E-01
 8.78508322E-01
 3.64599948E-01
 6.27487438E-01
 8.13059362E-01
 5.88367355E-01
 7.92583464E-01
 9.24884451E-01
 7.58562836E-01
 3.93226737E-01
 6.51828149E-01
 8.31617908E-01
 9.10372631E-01
 4.33075114E-01
 6.69761747E-01
 8.36810212E-01
 7.19830211E-01
 8.38497057E-01
 6.05022617E-01
 8.08819922E-01
 9.37348540E-01
 7.10421344E-01
 8.43499746E-01
 9.38677544E-01
 7.86879461E-01
 0.00000000E+00
 5.35368073E-01
 7.24157563E-01
 8.60593091E-01
 5.42385401E-01
 7.60557809E-01
 7.50656096E-01
 5.70191927E-01
 7.79014484E-01
 9.14311320E-01
 6.60709580E-01
 7.70531810E-01
 6.81407363E-01
 8.20426938E-01
 9.17549991E-01
 7.22847802E-01
 8.74455026E-01
 9.06470502E-01
 7.41637573E-01
 8.85517300E-01
 8.75522763E-01
 9.18215818E-01
 8.23274320E-01
 9.10047700E-01
