 9.90279008E-01
 9.82013724E-01
 9.77260299E-01
 9.83015812E-01
 9.92484354E-01
 1.00000000E+00
 1.00000000E+00
 9.81618739E-01
 9.66755737E-01
 9.58268409E-01
 9.66852379E-01
 9.83552517E-01
 1.00000000E+00
 9.76851761E-01
 9.58301102E-01
 9.46680536E-01
 9.52613114E-01
 9.68841745E-01
 0.00000000E+00
 9.84041151E-01
 9.69582035E-01
 9.56649792E-01
 9.49188394E-01
 9.93766835E-01
 9.86854019E-01
 9.75527389E-01
 1.00000000E+00
 1.00000000E+00
 0.00000000E+00
 1.00000000E+00
 9.83017543E-01
 9.69036883E-01
 9.60830077E-01
 9.68925603E-01
 9.84601300E-01
 1.00000000E+00
 0.00000000E+00
 9.68762857E-01
 9.44916412E-01
 9.31172408E-01
 9.38955219E-01
 9.59951254E-01
 0.00000000E+00
 9.61478074E-01
 9.32518516E-01
 9.12786266E-01
 8.98133850E-01
 0.00000000E+00
 9.73253199E-01
 9.48239945E-01
 9.12832707E-01
 0.00000000E+00
 9.89305176E-01
 9.73642032E-01
 0.00000000E+00
 1.00000000E+00
 0.00000000E+00
 0.00000000E+00
 9.80390895E-01
 9.64103119E-01
 9.53328162E-01
 9.58655011E-01
 9.72911822E-01
 0.00000000E+00
 9.64548740E-01
 9.37278715E-01
 9.17915871E-01
 9.04352340E-01
 0.00000000E+00
 9.56650019E-01
 9.22281819E-01
 8.82220890E-01
 0.00000000E+00
 9.69087200E-01
 9.29690308E-01
 0.00000000E+00
 9.86453690E-01
 0.00000000E+00
 0.00000000E+00
 9.87925964E-01
 9.76674704E-01
 9.66310132E-01
 9.60806143E-01
 9.77910350E-01
 9.56976441E-01
 9.27010807E-01
 9.72215939E-01
 9.37153439E-01
 0.00000000E+00
 9.78305385E-01
 9.95800752E-01
 9.91073331E-01
 9.83303964E-01
 0.00000000E+00
 9.92091550E-01
 9.80610272E-01
 0.00000000E+00
 9.89122031E-01
 0.00000000E+00
 1.00000000E+00
 1.00000000E+00
 0.00000000E+00
 1.00000000E+00
 0.00000000E+00
 0.00000000E+00
 1.00000000E+00
 9.82709766E-01
 9.68530074E-01
 9.60255507E-01
 9.68476339E-01
 9.84382010E-01
 1.00000000E+00
 9.68251793E-01
 9.44162201E-01
 9.30431616E-01
 9.38310004E-01
 9.59535479E-01
 0.00000000E+00
 9.60918182E-01
 9.31784360E-01
 9.12235194E-01
 8.97502554E-01
 9.72896149E-01
 9.47733759E-01
 9.12363403E-01
 9.89177987E-01
 9.73413841E-01
 1.00000000E+00
 9.70379124E-01
 9.47231303E-01
 9.33324931E-01
 9.40942384E-01
 9.61311684E-01
 9.47483390E-01
 9.11383066E-01
 8.90957436E-01
 8.72946838E-01
 9.36902522E-01
 8.94824979E-01
 8.58758949E-01
 9.55039482E-01
 9.04895175E-01
 9.80310389E-01
 9.66168548E-01
 9.39310905E-01
 9.19228750E-01
 9.06036837E-01
 9.41242905E-01
 9.00127678E-01
 8.61045920E-01
 9.29557313E-01
 8.72450343E-01
 0.00000000E+00
 9.45014151E-01
 9.78867227E-01
 9.58282332E-01
 9.28092650E-01
 9.62215140E-01
 9.19133932E-01
 9.50446727E-01
 9.92419910E-01
 9.81198282E-01
 0.00000000E+00
 9.85196312E-01
 1.00000000E+00
 9.79876672E-01
 9.63285152E-01
 9.52428027E-01
 9.57869577E-01
 9.72404679E-01
 0.00000000E+00
 9.63741315E-01
 9.36198564E-01
 9.17056545E-01
 9.03364306E-01
 0.00000000E+00
 9.55812377E-01
 9.21402573E-01
 8.82284197E-01
 0.00000000E+00
 9.68543851E-01
 9.28973108E-01
 0.00000000E+00
 9.86235271E-01
 0.00000000E+00
 0.00000000E+00
 9.65832065E-01
 9.38822140E-01
 9.18757763E-01
 9.05492639E-01
 9.40761657E-01
 8.99670598E-01
 8.61261986E-01
 9.29104478E-01
 8.72419570E-01
 0.00000000E+00
 9.44681894E-01
 9.60957126E-01
 9.27811056E-01
 8.85610593E-01
 0.00000000E+00
 9.33266536E-01
 8.76065213E-01
 0.00000000E+00
 9.16363818E-01
 0.00000000E+00
 0.00000000E+00
 9.74833706E-01
 9.41520338E-01
 0.00000000E+00
 9.53002897E-01
 0.00000000E+00
 0.00000000E+00
 9.90138951E-01
 0.00000000E+00
 0.00000000E+00
 0.00000000E+00
 9.87521865E-01
 9.75974303E-01
 9.65414745E-01
 9.59769460E-01
 9.77255824E-01
 9.55933457E-01
 9.25705928E-01
 9.71495367E-01
 9.35973530E-01
 0.00000000E+00
 9.77768844E-01
 9.78457280E-01
 9.57548943E-01
 9.26972265E-01
 0.00000000E+00
 9.61559892E-01
 9.17982460E-01
 0.00000000E+00
 9.49668645E-01
 0.00000000E+00
 9.74580540E-01
 9.40917141E-01
 0.00000000E+00
 9.52535214E-01
 0.00000000E+00
 0.00000000E+00
 9.82090666E-01
 0.00000000E+00
 9.95639451E-01
 9.90758814E-01
 9.82764058E-01
 9.91818653E-01
 9.80024440E-01
 9.88777689E-01
 9.92219375E-01
 9.80720743E-01
 0.00000000E+00
 9.84828368E-01
 9.89958403E-01
 1.00000000E+00
 1.00000000E+00
 0.00000000E+00
 1.00000000E+00
 0.00000000E+00
 0.00000000E+00
 1.00000000E+00
 0.00000000E+00
 0.00000000E+00
 0.00000000E+00
 1.00000000E+00
 0.00000000E+00
 9.80387752E-01
 9.63698046E-01
 9.54084612E-01
 9.65690277E-01
 9.84810151E-01
 1.00000000E+00
 1.00000000E+00
 9.62785551E-01
 9.32646498E-01
 9.15385529E-01
 9.32733102E-01
 9.66591582E-01
 1.00000000E+00
 9.52879356E-01
 9.15007982E-01
 8.91165192E-01
 9.03116476E-01
 9.36177635E-01
 0.00000000E+00
 9.67236974E-01
 9.37401140E-01
 9.10534491E-01
 8.94784307E-01
 9.87032641E-01
 9.72519203E-01
 9.48530218E-01
 1.00000000E+00
 1.00000000E+00
 0.00000000E+00
 1.00000000E+00
 9.65724796E-01
 9.37466137E-01
 9.20833177E-01
 9.37144050E-01
 9.68824050E-01
 1.00000000E+00
 0.00000000E+00
 9.36666985E-01
 8.88187167E-01
 8.60102785E-01
 8.75733793E-01
 9.18332067E-01
 0.00000000E+00
 9.21366347E-01
 8.61956975E-01
 8.21139250E-01
 7.90449321E-01
 0.00000000E+00
 9.44848964E-01
 8.92824451E-01
 8.18521603E-01
 0.00000000E+00
 9.77609456E-01
 9.44272755E-01
 0.00000000E+00
 1.00000000E+00
 0.00000000E+00
 0.00000000E+00
 9.60396778E-01
 9.27420810E-01
 9.05515382E-01
 9.16176781E-01
 9.44987281E-01
 0.00000000E+00
 9.28003769E-01
 8.72370088E-01
 8.32570818E-01
 8.04331067E-01
 0.00000000E+00
 9.11250330E-01
 8.40276386E-01
 7.56691300E-01
 0.00000000E+00
 9.35944417E-01
 8.52969649E-01
 0.00000000E+00
 9.71336736E-01
 0.00000000E+00
 0.00000000E+00
 9.75591861E-01
 9.52757094E-01
 9.31605767E-01
 9.20199112E-01
 9.55047523E-01
 9.12125531E-01
 8.50165264E-01
 9.42894267E-01
 8.69687735E-01
 0.00000000E+00
 9.54611171E-01
 9.91498820E-01
 9.81863195E-01
 9.65904937E-01
 0.00000000E+00
 9.83854252E-01
 9.60070326E-01
 0.00000000E+00
 9.77444875E-01
 0.00000000E+00
 1.00000000E+00
 1.00000000E+00
 0.00000000E+00
 1.00000000E+00
 0.00000000E+00
 0.00000000E+00
 1.00000000E+00
 9.65028445E-01
 9.36306388E-01
 9.19500843E-01
 9.36100458E-01
 9.68313748E-01
 1.00000000E+00
 9.35484837E-01
 8.86399898E-01
 8.58278454E-01
 8.74138747E-01
 9.17300327E-01
 0.00000000E+00
 9.20030988E-01
 8.60118191E-01
 8.19574598E-01
 7.88643015E-01
 9.43968457E-01
 8.91495345E-01
 8.17069620E-01
 9.77280973E-01
 9.43634169E-01
 1.00000000E+00
 9.40085334E-01
 8.93146281E-01
 8.64817020E-01
 8.80087907E-01
 9.21313452E-01
 8.93175088E-01
 8.19387020E-01
 7.77229248E-01
 7.39674950E-01
 8.70601444E-01
 7.83479863E-01
 7.07729412E-01
 9.06667170E-01
 8.00757280E-01
 9.58257997E-01
 9.31525917E-01
 8.76933891E-01
 8.35831916E-01
 8.08464309E-01
 8.80278079E-01
 7.95757516E-01
 7.14397793E-01
 8.55023692E-01
 7.35175892E-01
 0.00000000E+00
 8.84797990E-01
 9.57174787E-01
 9.15156048E-01
 8.53015786E-01
 9.22778432E-01
 8.33299093E-01
 8.97139457E-01
 9.84599436E-01
 9.61469112E-01
 0.00000000E+00
 9.69503225E-01
 1.00000000E+00
 9.59221825E-01
 9.25519815E-01
 9.03375446E-01
 9.14305793E-01
 9.43777024E-01
 0.00000000E+00
 9.26106494E-01
 8.69720589E-01
 8.30234086E-01
 8.01635094E-01
 0.00000000E+00
 9.09203814E-01
 8.37878282E-01
 7.55938273E-01
 0.00000000E+00
 9.34567862E-01
 8.50896648E-01
 0.00000000E+00
 9.70757100E-01
 0.00000000E+00
 0.00000000E+00
 9.30751766E-01
 8.75777410E-01
 8.34657420E-01
 8.07106195E-01
 8.79128923E-01
 7.94538443E-01
 7.14452712E-01
 8.53879609E-01
 7.34728781E-01
 0.00000000E+00
 8.83925055E-01
 9.20794608E-01
 8.53027778E-01
 7.65935159E-01
 0.00000000E+00
 8.63462584E-01
 7.44232398E-01
 0.00000000E+00
 8.26187110E-01
 0.00000000E+00
 0.00000000E+00
 9.48822680E-01
 8.80049040E-01
 0.00000000E+00
 9.03089917E-01
 0.00000000E+00
 0.00000000E+00
 9.79798123E-01
 0.00000000E+00
 0.00000000E+00
 0.00000000E+00
 9.74671879E-01
 9.51141719E-01
 9.29507890E-01
 9.17767567E-01
 9.53519841E-01
 9.09617741E-01
 8.46856687E-01
 9.41155907E-01
 8.66661015E-01
 0.00000000E+00
 9.53274602E-01
 9.56245285E-01
 9.13471804E-01
 8.50400098E-01
 0.00000000E+00
 9.21255798E-01
 8.30535712E-01
 0.00000000E+00
 8.95269226E-01
 0.00000000E+00
 9.48257684E-01
 8.78696616E-01
 0.00000000E+00
 9.02026631E-01
 0.00000000E+00
 0.00000000E+00
 9.63279158E-01
 0.00000000E+00
 9.91131969E-01
 9.81139604E-01
 9.64647516E-01
 9.83218513E-01
 9.58672927E-01
 9.76616598E-01
 9.84145794E-01
 9.60377378E-01
 0.00000000E+00
 9.68650154E-01
 9.79392743E-01
 1.00000000E+00
 1.00000000E+00
 0.00000000E+00
 1.00000000E+00
 0.00000000E+00
 0.00000000E+00
 1.00000000E+00
 0.00000000E+00
 0.00000000E+00
 0.00000000E+00
 1.00000000E+00
 0.00000000E+00
 9.70334577E-01
 9.45070888E-01
 9.30499057E-01
 9.48045756E-01
 9.76988686E-01
 1.00000000E+00
 1.00000000E+00
 9.43537092E-01
 8.97747239E-01
 8.71457658E-01
 8.97737520E-01
 9.49170654E-01
 1.00000000E+00
 9.28168077E-01
 8.70293769E-01
 8.33704039E-01
 8.51761962E-01
 9.02196257E-01
 0.00000000E+00
 9.49680159E-01
 9.03657154E-01
 8.61978681E-01
 8.37226198E-01
 9.79842228E-01
 9.57102825E-01
 9.19241585E-01
 1.00000000E+00
 1.00000000E+00
 0.00000000E+00
 1.00000000E+00
 9.48137982E-01
 9.05324863E-01
 8.80067046E-01
 9.04710946E-01
 9.52701383E-01
 1.00000000E+00
 0.00000000E+00
 9.03777618E-01
 8.29949748E-01
 7.86995863E-01
 8.10552178E-01
 8.75312134E-01
 0.00000000E+00
 8.79794778E-01
 7.88587127E-01
 7.25481817E-01
 6.77549669E-01
 0.00000000E+00
 9.14898051E-01
 8.34017978E-01
 7.17640130E-01
 0.00000000E+00
 9.64938672E-01
 9.11989705E-01
 0.00000000E+00
 1.00000000E+00
 0.00000000E+00
 0.00000000E+00
 9.40038371E-01
 8.90005623E-01
 8.56652683E-01
 8.72670352E-01
 9.16314925E-01
 0.00000000E+00
 8.90437755E-01
 8.05444282E-01
 7.44257743E-01
 7.00387275E-01
 0.00000000E+00
 8.63921964E-01
 7.54285702E-01
 6.24068306E-01
 0.00000000E+00
 9.00642712E-01
 7.70141788E-01
 0.00000000E+00
 9.54623476E-01
 0.00000000E+00
 0.00000000E+00
 9.63012015E-01
 9.28291265E-01
 8.95981596E-01
 8.78338211E-01
 9.31455960E-01
 8.65586565E-01
 7.69839697E-01
 9.12098947E-01
 7.97908172E-01
 0.00000000E+00
 9.28938411E-01
 9.87100232E-01
 9.72394387E-01
 9.47884641E-01
 0.00000000E+00
 9.75305702E-01
 9.38480543E-01
 0.00000000E+00
 9.64996729E-01
 0.00000000E+00
 1.00000000E+00
 1.00000000E+00
 0.00000000E+00
 1.00000000E+00
 0.00000000E+00
 0.00000000E+00
 1.00000000E+00
 9.46970525E-01
 9.03362618E-01
 8.77788997E-01
 9.02923884E-01
 9.51826168E-01
 1.00000000E+00
 9.01759331E-01
 8.26840650E-01
 7.83731248E-01
 8.07689007E-01
 8.73454355E-01
 0.00000000E+00
 8.77457373E-01
 7.85251057E-01
 7.22407442E-01
 6.73979884E-01
 9.13312758E-01
 8.31515607E-01
 7.14624278E-01
 9.64322687E-01
 9.10722499E-01
 1.00000000E+00
 9.09147405E-01
 8.37817090E-01
 7.94598986E-01
 8.17579221E-01
 8.80126229E-01
 8.37174359E-01
 7.24236195E-01
 6.59181920E-01
 6.00752676E-01
 8.01254185E-01
 6.66337073E-01
 5.47641548E-01
 8.54961506E-01
 6.87932420E-01
 9.33784832E-01
 8.96109508E-01
 8.12977931E-01
 7.50027493E-01
 7.07651524E-01
 8.17214429E-01
 6.87194096E-01
 5.60740229E-01
 7.76540319E-01
 5.88748249E-01
 0.00000000E+00
 8.19373579E-01
 9.34951276E-01
 8.70732748E-01
 7.75111800E-01
 8.81767720E-01
 7.42896473E-01
 8.40190458E-01
 9.76553347E-01
 9.40909596E-01
 0.00000000E+00
 9.52969047E-01
 1.00000000E+00
 9.38050760E-01
 8.86745978E-01
 8.52918492E-01
 8.69399648E-01
 9.14195684E-01
 0.00000000E+00
 8.87153187E-01
 8.00706858E-01
 7.39781952E-01
 6.95206689E-01
 0.00000000E+00
 8.60264336E-01
 7.49665199E-01
 6.21501886E-01
 0.00000000E+00
 8.98103587E-01
 7.65966210E-01
 0.00000000E+00
 9.53507356E-01
 0.00000000E+00
 0.00000000E+00
 8.94792101E-01
 8.10966171E-01
 7.47904077E-01
 7.05193065E-01
 8.15198161E-01
 6.84883474E-01
 5.60213298E-01
 7.74440560E-01
 5.87439883E-01
 0.00000000E+00
 8.17714463E-01
 8.79560707E-01
 7.75833239E-01
 6.41498687E-01
 0.00000000E+00
 7.90711827E-01
 6.05083292E-01
 0.00000000E+00
 7.29627558E-01
 0.00000000E+00
 0.00000000E+00
 9.22013134E-01
 8.15879102E-01
 0.00000000E+00
 8.50404021E-01
 0.00000000E+00
 0.00000000E+00
 9.69012975E-01
 0.00000000E+00
 0.00000000E+00
 0.00000000E+00
 9.61459217E-01
 9.25535733E-01
 8.92357498E-01
 8.74132479E-01
 9.28821661E-01
 8.61159903E-01
 7.63765005E-01
 9.09013978E-01
 7.92282077E-01
 0.00000000E+00
 9.26493407E-01
 9.33387117E-01
 8.67868275E-01
 7.70602361E-01
 0.00000000E+00
 8.79148958E-01
 7.38018222E-01
 0.00000000E+00
 8.36874199E-01
 0.00000000E+00
 9.21074518E-01
 8.13623409E-01
 0.00000000E+00
 8.48606393E-01
 0.00000000E+00
 0.00000000E+00
 9.43627188E-01
 0.00000000E+00
 9.86481241E-01
 9.71161733E-01
 9.45720607E-01
 9.74209920E-01
 9.36024813E-01
 9.63526980E-01
 9.75791061E-01
 9.39058524E-01
 0.00000000E+00
 9.51503023E-01
 9.68335863E-01
 1.00000000E+00
 1.00000000E+00
 0.00000000E+00
 1.00000000E+00
 0.00000000E+00
 0.00000000E+00
 1.00000000E+00
 0.00000000E+00
 0.00000000E+00
 0.00000000E+00
 1.00000000E+00
 0.00000000E+00
 9.60126046E-01
 9.26146140E-01
 9.06523614E-01
 9.30099152E-01
 9.69028403E-01
 1.00000000E+00
 1.00000000E+00
 9.23902145E-01
 8.62116297E-01
 8.26566800E-01
 8.61938589E-01
 9.31330274E-01
 1.00000000E+00
 9.02786819E-01
 8.24297568E-01
 7.74496755E-01
 7.98749406E-01
 8.67046101E-01
 0.00000000E+00
 9.31451261E-01
 8.68523624E-01
 8.11263723E-01
 7.76892184E-01
 9.72241833E-01
 9.40716626E-01
 8.87904262E-01
 1.00000000E+00
 1.00000000E+00
 0.00000000E+00
 1.00000000E+00
 9.30269899E-01
 8.72641836E-01
 8.38575807E-01
 8.71668202E-01
 9.36257973E-01
 1.00000000E+00
 0.00000000E+00
 8.70148285E-01
 7.70315295E-01
 7.12014818E-01
 7.43580299E-01
 8.31022614E-01
 0.00000000E+00
 8.36876946E-01
 7.12642599E-01
 6.26171290E-01
 5.59933630E-01
 0.00000000E+00
 8.83509647E-01
 7.72074645E-01
 6.10718406E-01
 0.00000000E+00
 9.51330029E-01
 8.76914271E-01
 0.00000000E+00
 1.00000000E+00
 0.00000000E+00
 0.00000000E+00
 9.19332298E-01
 8.51898647E-01
 8.06809793E-01
 8.28214706E-01
 8.86960185E-01
 0.00000000E+00
 8.51912496E-01
 7.36641583E-01
 6.53211598E-01
 5.92872442E-01
 0.00000000E+00
 8.14776166E-01
 6.64574032E-01
 4.84898887E-01
 0.00000000E+00
 8.63258001E-01
 6.81486709E-01
 0.00000000E+00
 9.36294802E-01
 0.00000000E+00
 0.00000000E+00
 9.50197991E-01
 9.03311549E-01
 8.59509467E-01
 8.35341302E-01
 9.07173786E-01
 8.17472830E-01
 6.86326533E-01
 8.79888061E-01
 7.22064886E-01
 0.00000000E+00
 9.01304802E-01
 9.82609814E-01
 9.62685961E-01
 9.29303847E-01
 0.00000000E+00
 9.66460576E-01
 9.15919275E-01
 0.00000000E+00
 9.51800618E-01
 0.00000000E+00
 1.00000000E+00
 1.00000000E+00
 0.00000000E+00
 1.00000000E+00
 0.00000000E+00
 0.00000000E+00
 1.00000000E+00
 9.28547301E-01
 8.69724514E-01
 8.35159912E-01
 8.68984931E-01
 9.34941999E-01
 1.00000000E+00
 8.67124614E-01
 7.65587259E-01
 7.06941364E-01
 7.39119258E-01
 8.28120419E-01
 0.00000000E+00
 8.33302085E-01
 7.07398763E-01
 6.21063602E-01
 5.53976167E-01
 8.81026274E-01
 7.68021131E-01
 6.05501967E-01
 9.50329641E-01
 8.74767989E-01
 1.00000000E+00
 8.77588241E-01
 7.81299669E-01
 7.22764100E-01
 7.53522794E-01
 8.37838733E-01
 7.79565591E-01
 6.26115131E-01
 5.37108177E-01
 4.56621250E-01
 7.29006531E-01
 5.43723173E-01
 3.79101589E-01
 8.00010222E-01
 5.66739701E-01
 9.06841680E-01
 8.59949283E-01
 7.47527290E-01
 6.61979732E-01
 6.03870235E-01
 7.52145077E-01
 5.74683797E-01
 4.00601663E-01
 6.94235020E-01
 4.33630864E-01
 0.00000000E+00
 7.48754155E-01
 9.12219398E-01
 8.25097653E-01
 6.94634104E-01
 8.39247330E-01
 6.48236747E-01
 7.79688713E-01
 9.68293206E-01
 9.19593192E-01
 0.00000000E+00
 9.35632453E-01
 1.00000000E+00
 9.16374945E-01
 8.46994684E-01
 8.01112874E-01
 8.23216910E-01
 8.83716791E-01
 0.00000000E+00
 8.46929400E-01
 7.29270833E-01
 6.45895417E-01
 5.84379653E-01
 0.00000000E+00
 8.09077137E-01
 6.56969863E-01
 4.79416464E-01
 0.00000000E+00
 8.59189786E-01
 6.74358998E-01
 0.00000000E+00
 9.34432733E-01
 0.00000000E+00
 0.00000000E+00
 8.57978798E-01
 7.44464450E-01
 6.58649816E-01
 6.00009357E-01
 7.49050662E-01
 5.70928980E-01
 3.99032398E-01
 6.90890092E-01
 4.30959557E-01
 0.00000000E+00
 7.46024879E-01
 8.37293037E-01
 6.96365564E-01
 5.12686462E-01
 0.00000000E+00
 7.15114692E-01
 4.59063226E-01
 0.00000000E+00
 6.26803411E-01
 0.00000000E+00
 0.00000000E+00
 8.94440791E-01
 7.49230718E-01
 0.00000000E+00
 7.95057845E-01
 0.00000000E+00
 0.00000000E+00
 9.57811545E-01
 0.00000000E+00
 0.00000000E+00
 0.00000000E+00
 9.47890404E-01
 8.99180324E-01
 8.54019246E-01
 8.28961752E-01
 9.03185212E-01
 8.10642467E-01
 6.76663014E-01
 8.75096944E-01
 7.13003560E-01
 0.00000000E+00
 8.97396120E-01
 9.09900072E-01
 8.20811900E-01
 6.87809721E-01
 0.00000000E+00
 8.35287380E-01
 6.40699041E-01
 0.00000000E+00
 7.74531705E-01
 0.00000000E+00
 8.93063630E-01
 7.45909583E-01
 0.00000000E+00
 7.92376103E-01
 0.00000000E+00
 0.00000000E+00
 9.23183099E-01
 0.00000000E+00
 9.81689761E-01
 9.60838870E-01
 9.26032849E-01
 9.64800358E-01
 9.12137687E-01
 9.49513371E-01
 9.67163770E-01
 9.16829147E-01
 0.00000000E+00
 9.33414813E-01
 9.56813137E-01
 1.00000000E+00
 1.00000000E+00
 0.00000000E+00
 1.00000000E+00
 0.00000000E+00
 0.00000000E+00
 1.00000000E+00
 0.00000000E+00
 0.00000000E+00
 0.00000000E+00
 1.00000000E+00
 0.00000000E+00
 9.49767407E-01
 9.06934768E-01
 8.82173870E-01
 9.11863512E-01
 9.60935752E-01
 1.00000000E+00
 1.00000000E+00
 9.03903531E-01
 8.25799546E-01
 7.80776939E-01
 8.25392755E-01
 9.13101588E-01
 1.00000000E+00
 8.76791011E-01
 7.77130600E-01
 7.13702250E-01
 7.44236971E-01
 8.30844009E-01
 0.00000000E+00
 9.12618314E-01
 8.32146899E-01
 7.58626456E-01
 7.14099827E-01
 9.64275385E-01
 9.23467702E-01
 8.54752353E-01
 1.00000000E+00
 1.00000000E+00
 0.00000000E+00
 1.00000000E+00
 9.12130740E-01
 8.39439640E-01
 7.96393672E-01
 8.38047984E-01
 9.19512545E-01
 1.00000000E+00
 0.00000000E+00
 8.35823053E-01
 7.09374190E-01
 6.35290760E-01
 6.74953171E-01
 7.85566473E-01
 0.00000000E+00
 7.92711048E-01
 6.34323383E-01
 5.23509497E-01
 4.38016648E-01
 0.00000000E+00
 8.50787820E-01
 7.07233553E-01
 4.98245505E-01
 0.00000000E+00
 9.36829760E-01
 8.39190829E-01
 0.00000000E+00
 1.00000000E+00
 0.00000000E+00
 0.00000000E+00
 8.98292026E-01
 8.13132439E-01
 7.56041024E-01
 7.82870457E-01
 8.56972538E-01
 0.00000000E+00
 8.12480690E-01
 6.66078995E-01
 5.59623788E-01
 4.82066570E-01
 0.00000000E+00
 7.63914765E-01
 5.71375555E-01
 3.39648672E-01
 0.00000000E+00
 8.23870888E-01
 5.87273365E-01
 0.00000000E+00
 9.16341756E-01
 0.00000000E+00
 0.00000000E+00
 9.37159243E-01
 8.77845190E-01
 8.22245025E-01
 7.91297776E-01
 8.82234083E-01
 7.67878277E-01
 5.99858883E-01
 8.46315397E-01
 6.42370299E-01
 0.00000000E+00
 8.71728113E-01
 9.78031496E-01
 9.52752853E-01
 9.10208872E-01
 0.00000000E+00
 9.57331370E-01
 8.92449084E-01
 0.00000000E+00
 9.37875910E-01
 0.00000000E+00
 1.00000000E+00
 1.00000000E+00
 0.00000000E+00
 1.00000000E+00
 0.00000000E+00
 0.00000000E+00
 1.00000000E+00
 9.09767672E-01
 8.35412053E-01
 7.91644134E-01
 8.34312594E-01
 9.17678278E-01
 1.00000000E+00
 8.31621150E-01
 7.02723021E-01
 6.28029854E-01
 6.68554670E-01
 7.81394356E-01
 0.00000000E+00
 7.87656213E-01
 6.26746644E-01
 5.15822866E-01
 4.29017962E-01
 8.47203713E-01
 7.01229645E-01
 4.90147549E-01
 9.35339378E-01
 8.35888079E-01
 1.00000000E+00
 8.45426205E-01
 7.23637966E-01
 6.49384370E-01
 6.87999639E-01
 7.94517504E-01
 7.20420705E-01
 5.25177352E-01
 4.11245979E-01
 3.07630499E-01
 6.53992986E-01
 4.15927788E-01
 2.02625414E-01
 7.41909895E-01
 4.37489462E-01
 8.77394116E-01
 8.23069528E-01
 6.80648223E-01
 5.71815095E-01
 4.97325138E-01
 6.85150610E-01
 4.58429958E-01
 2.34401591E-01
 6.08226477E-01
 2.70214266E-01
 0.00000000E+00
 6.72953330E-01
 8.88997471E-01
 7.78317134E-01
 6.11774759E-01
 7.95271602E-01
 5.49566213E-01
 7.15706855E-01
 9.59828223E-01
 8.97576433E-01
 0.00000000E+00
 9.17524760E-01
 1.00000000E+00
 8.94202858E-01
 8.06288823E-01
 7.47999500E-01
 7.75805545E-01
 8.52380962E-01
 0.00000000E+00
 8.05475044E-01
 6.55504548E-01
 5.48729571E-01
 4.69387198E-01
 0.00000000E+00
 7.55718695E-01
 5.59973690E-01
 3.30052609E-01
 0.00000000E+00
 8.17872466E-01
 5.76248434E-01
 0.00000000E+00
 9.13489508E-01
 0.00000000E+00
 0.00000000E+00
 8.20332041E-01
 6.76330566E-01
 5.67009430E-01
 4.91744905E-01
 6.80755788E-01
 4.52856661E-01
 2.31292623E-01
 6.03322879E-01
 2.65624172E-01
 0.00000000E+00
 6.68830640E-01
 7.94021308E-01
 6.14730793E-01
 3.79787463E-01
 0.00000000E+00
 6.36754518E-01
 3.06520499E-01
 0.00000000E+00
 5.17805297E-01
 0.00000000E+00
 0.00000000E+00
 8.66133660E-01
 6.80271991E-01
 0.00000000E+00
 7.37140880E-01
 0.00000000E+00
 0.00000000E+00
 9.46216149E-01
 0.00000000E+00
 0.00000000E+00
 0.00000000E+00
 9.33969928E-01
 8.72092526E-01
 8.14532983E-01
 7.82324915E-01
 8.76629900E-01
 7.58129905E-01
 5.85726720E-01
 8.39428942E-01
 6.28957265E-01
 0.00000000E+00
 8.65952461E-01
 8.85797125E-01
 7.72357524E-01
 6.02191689E-01
 0.00000000E+00
 7.89709353E-01
 5.38783615E-01
 0.00000000E+00
 7.08272723E-01
 0.00000000E+00
 8.64249881E-01
 6.75715004E-01
 0.00000000E+00
 7.33414004E-01
 0.00000000E+00
 0.00000000E+00
 9.01984895E-01
 0.00000000E+00
 9.76759126E-01
 9.50180585E-01
 9.05619329E-01
 9.54995194E-01
 8.87053532E-01
 9.34576145E-01
 9.58270147E-01
 8.93737243E-01
 0.00000000E+00
 9.14405811E-01
 9.44844157E-01
 1.00000000E+00
 1.00000000E+00
 0.00000000E+00
 1.00000000E+00
 0.00000000E+00
 0.00000000E+00
 1.00000000E+00
 0.00000000E+00
 0.00000000E+00
 0.00000000E+00
 1.00000000E+00
 0.00000000E+00
 9.49385770E-01
 9.06204644E-01
 8.81218500E-01
 9.11124236E-01
 9.60596461E-01
 1.00000000E+00
 1.00000000E+00
 9.02966265E-01
 8.24027859E-01
 7.78448801E-01
 8.23453539E-01
 9.12090679E-01
 1.00000000E+00
 8.75187661E-01
 7.74068262E-01
 7.09539195E-01
 7.40291592E-01
 8.28068343E-01
 0.00000000E+00
 9.11031326E-01
 8.28873292E-01
 7.53551821E-01
 7.07591898E-01
 9.63318575E-01
 9.21210491E-01
 8.49998118E-01
 1.00000000E+00
 1.00000000E+00
 0.00000000E+00
 1.00000000E+00
 9.11440571E-01
 8.38113484E-01
 7.94622902E-01
 8.36562746E-01
 9.18732936E-01
 1.00000000E+00
 0.00000000E+00
 8.34031867E-01
 7.06000176E-01
 6.30774803E-01
 6.70649169E-01
 7.82521212E-01
 0.00000000E+00
 7.89484474E-01
 6.28166283E-01
 5.14792553E-01
 4.26787992E-01
 0.00000000E+00
 8.47357695E-01
 6.99762497E-01
 4.83889227E-01
 0.00000000E+00
 9.34575026E-01
 8.32483865E-01
 0.00000000E+00
 1.00000000E+00
 0.00000000E+00
 0.00000000E+00
 8.97440430E-01
 8.11444235E-01
 7.53657723E-01
 7.80570717E-01
 8.55325067E-01
 0.00000000E+00
 8.10156199E-01
 6.61545520E-01
 5.53043448E-01
 4.73496945E-01
 0.00000000E+00
 7.59525555E-01
 5.62415142E-01
 3.23933467E-01
 0.00000000E+00
 8.18804108E-01
 5.73137257E-01
 0.00000000E+00
 9.12306517E-01
 0.00000000E+00
 0.00000000E+00
 9.36586320E-01
 8.76595070E-01
 8.20193445E-01
 7.88563996E-01
 8.80554778E-01
 7.64068532E-01
 5.92188875E-01
 8.42859625E-01
 6.32507713E-01
 0.00000000E+00
 8.66856833E-01
 9.77807099E-01
 9.52172498E-01
 9.08863056E-01
 0.00000000E+00
 9.56607427E-01
 8.90100920E-01
 0.00000000E+00
 9.36032813E-01
 0.00000000E+00
 1.00000000E+00
 1.00000000E+00
 0.00000000E+00
 1.00000000E+00
 0.00000000E+00
 0.00000000E+00
 1.00000000E+00
 9.08865604E-01
 8.33700740E-01
 7.89387755E-01
 8.32440899E-01
 9.16706549E-01
 1.00000000E+00
 8.29401832E-01
 6.98596412E-01
 6.22578424E-01
 6.63412428E-01
 7.77793072E-01
 0.00000000E+00
 7.83831775E-01
 6.19544047E-01
 5.05767843E-01
 4.16189937E-01
 8.43278690E-01
 6.92787110E-01
 4.74143324E-01
 9.32831046E-01
 8.28519139E-01
 1.00000000E+00
 8.43896790E-01
 7.20722290E-01
 6.45430072E-01
 6.84226901E-01
 7.91844399E-01
 7.16500941E-01
 5.17959362E-01
 4.01492167E-01
 2.95052004E-01
 6.46947196E-01
 4.02674866E-01
 1.82216124E-01
 7.33970506E-01
 4.17075473E-01
 8.71188896E-01
 8.21241732E-01
 6.76994664E-01
 5.66360291E-01
 4.90144537E-01
 6.80250997E-01
 4.48836216E-01
 2.18732874E-01
 5.98855167E-01
 2.49030494E-01
 0.00000000E+00
 6.59992304E-01
 8.87750389E-01
 7.75369726E-01
 6.05568230E-01
 7.91572713E-01
 5.39236642E-01
 7.06921740E-01
 9.59304861E-01
 8.95752919E-01
 0.00000000E+00
 9.15559701E-01
 1.00000000E+00
 8.92950562E-01
 8.03870968E-01
 7.44673600E-01
 7.72667169E-01
 8.50181455E-01
 0.00000000E+00
 8.02352589E-01
 6.49568997E-01
 5.40340177E-01
 4.58677083E-01
 0.00000000E+00
 7.50215448E-01
 5.49031013E-01
 3.11438981E-01
 0.00000000E+00
 8.11836767E-01
 5.59841875E-01
 0.00000000E+00
 9.08872593E-01
 0.00000000E+00
 0.00000000E+00
 8.18223068E-01
 6.72174698E-01
 5.60892019E-01
 4.83785507E-01
 6.75310905E-01
 4.42346906E-01
 2.14415722E-01
 5.93189614E-01
 2.43100266E-01
 0.00000000E+00
 6.55093306E-01
 7.91474320E-01
 6.09176112E-01
 3.69184783E-01
 0.00000000E+00
 6.29751397E-01
 2.89777034E-01
 0.00000000E+00
 5.02253891E-01
 0.00000000E+00
 0.00000000E+00
 8.64261627E-01
 6.74277522E-01
 0.00000000E+00
 7.30604064E-01
 0.00000000E+00
 0.00000000E+00
 9.45203877E-01
 0.00000000E+00
 0.00000000E+00
 0.00000000E+00
 9.33083873E-01
 8.70236764E-01
 8.11605761E-01
 7.78559614E-01
 8.74309482E-01
 7.53060631E-01
 5.75909042E-01
 8.35026426E-01
 6.16875171E-01
 0.00000000E+00
 8.60111456E-01
 8.84239945E-01
 7.68788499E-01
 5.94895431E-01
 0.00000000E+00
 7.85371490E-01
 5.27025690E-01
 0.00000000E+00
 6.98430174E-01
 0.00000000E+00
 8.62210267E-01
 6.69301192E-01
 0.00000000E+00
 7.26483667E-01
 0.00000000E+00
 0.00000000E+00
 9.00052125E-01
 0.00000000E+00
 9.76408531E-01
 9.49327839E-01
 9.03754063E-01
 9.53998468E-01
 8.84002543E-01
 9.32260684E-01
 9.57595515E-01
 8.91515326E-01
 0.00000000E+00
 9.12075390E-01
 9.43703341E-01
 1.00000000E+00
 1.00000000E+00
 0.00000000E+00
 1.00000000E+00
 0.00000000E+00
 0.00000000E+00
 1.00000000E+00
 0.00000000E+00
 0.00000000E+00
 0.00000000E+00
 1.00000000E+00
 0.00000000E+00
 9.59209203E-01
 9.24391837E-01
 9.04227750E-01
 9.28322308E-01
 9.68212783E-01
 1.00000000E+00
 1.00000000E+00
 9.21648495E-01
 8.57855551E-01
 8.20966762E-01
 8.57273176E-01
 9.28897709E-01
 1.00000000E+00
 8.98928745E-01
 8.16927380E-01
 7.64475450E-01
 7.89250067E-01
 8.60361559E-01
 0.00000000E+00
 9.27631532E-01
 8.60643119E-01
 7.99045614E-01
 7.61220067E-01
 9.69940805E-01
 9.35288268E-01
 8.76470391E-01
 1.00000000E+00
 1.00000000E+00
 0.00000000E+00
 1.00000000E+00
 9.28611621E-01
 8.69454722E-01
 8.34319136E-01
 8.68096981E-01
 9.34382939E-01
 1.00000000E+00
 0.00000000E+00
 8.65842163E-01
 7.62202181E-01
 7.01153208E-01
 7.33225805E-01
 8.23694270E-01
 0.00000000E+00
 8.29119828E-01
 6.97837201E-01
 6.05205837E-01
 5.32920041E-01
 0.00000000E+00
 8.75269338E-01
 7.54124487E-01
 5.76218807E-01
 0.00000000E+00
 9.45923227E-01
 8.60830472E-01
 0.00000000E+00
 1.00000000E+00
 0.00000000E+00
 0.00000000E+00
 9.17286155E-01
 8.47840907E-01
 8.01079275E-01
 8.22682971E-01
 8.82995747E-01
 0.00000000E+00
 8.46326439E-01
 7.25743540E-01
 6.37387332E-01
 5.72255658E-01
 0.00000000E+00
 8.04232997E-01
 6.43043854E-01
 4.47122247E-01
 0.00000000E+00
 8.51099959E-01
 6.47553250E-01
 0.00000000E+00
 9.26622766E-01
 0.00000000E+00
 0.00000000E+00
 9.48821426E-01
 9.00306302E-01
 8.54574762E-01
 8.28761561E-01
 9.03139531E-01
 8.08315535E-01
 6.67878341E-01
 8.71590903E-01
 6.98369229E-01
 0.00000000E+00
 8.89616307E-01
 9.82070624E-01
 9.61290308E-01
 9.26064363E-01
 0.00000000E+00
 9.64721533E-01
 9.10273006E-01
 0.00000000E+00
 9.47374937E-01
 0.00000000E+00
 1.00000000E+00
 1.00000000E+00
 0.00000000E+00
 1.00000000E+00
 0.00000000E+00
 0.00000000E+00
 1.00000000E+00
 9.26380658E-01
 8.65613380E-01
 8.29738237E-01
 8.64486556E-01
 9.32606068E-01
 1.00000000E+00
 8.61791553E-01
 7.55668765E-01
 6.93835903E-01
 7.26754194E-01
 8.19458481E-01
 0.00000000E+00
 8.24111285E-01
 6.90086504E-01
 5.96890273E-01
 5.23128714E-01
 8.71600118E-01
 7.47743710E-01
 5.67055933E-01
 9.44316041E-01
 8.57101005E-01
 1.00000000E+00
 8.73914318E-01
 7.74293705E-01
 7.13259203E-01
 7.44451129E-01
 8.31408695E-01
 7.70148129E-01
 6.08768366E-01
 5.13659249E-01
 4.26369579E-01
 7.12085542E-01
 5.11885521E-01
 3.30052932E-01
 7.80961358E-01
 5.17743472E-01
 8.91968558E-01
 8.55558426E-01
 7.38746208E-01
 6.48862662E-01
 5.86592950E-01
 7.40376258E-01
 5.51627980E-01
 3.62922765E-01
 6.71737380E-01
 3.82741629E-01
 0.00000000E+00
 7.17655166E-01
 9.09223260E-01
 8.18011118E-01
 6.79698061E-01
 8.30362801E-01
 6.23402703E-01
 7.58594606E-01
 9.67035491E-01
 9.15205347E-01
 0.00000000E+00
 9.30911094E-01
 1.00000000E+00
 9.13367270E-01
 8.41186111E-01
 7.93120564E-01
 8.15672857E-01
 8.78427757E-01
 0.00000000E+00
 8.39428948E-01
 7.15009209E-01
 6.25731652E-01
 5.58628677E-01
 0.00000000E+00
 7.95862489E-01
 6.30686512E-01
 4.34691991E-01
 0.00000000E+00
 8.44709319E-01
 6.34984708E-01
 0.00000000E+00
 9.23365852E-01
 0.00000000E+00
 0.00000000E+00
 8.52913202E-01
 7.34478041E-01
 6.43942847E-01
 5.80863465E-01
 7.35973531E-01
 5.45676085E-01
 3.58456027E-01
 6.66564849E-01
 3.76856582E-01
 0.00000000E+00
 7.13062828E-01
 8.31174607E-01
 6.83012618E-01
 4.87176687E-01
 0.00000000E+00
 6.98294965E-01
 4.18814189E-01
 0.00000000E+00
 5.89463623E-01
 0.00000000E+00
 0.00000000E+00
 8.89942531E-01
 7.34808874E-01
 0.00000000E+00
 7.79353082E-01
 0.00000000E+00
 0.00000000E+00
 9.55377964E-01
 0.00000000E+00
 0.00000000E+00
 0.00000000E+00
 9.45762355E-01
 8.94721601E-01
 8.46983138E-01
 8.19906572E-01
 8.97612602E-01
 7.98463308E-01
 6.53062386E-01
 8.64528771E-01
 6.83983847E-01
 0.00000000E+00
 8.83380077E-01
 9.06159739E-01
 8.12233548E-01
 6.70258501E-01
 0.00000000E+00
 8.24869537E-01
 6.12437589E-01
 0.00000000E+00
 7.50899299E-01
 0.00000000E+00
 8.88163154E-01
 7.30481203E-01
 0.00000000E+00
 7.75726703E-01
 0.00000000E+00
 0.00000000E+00
 9.18536988E-01
 0.00000000E+00
 9.80847676E-01
 9.58789442E-01
 9.21546649E-01
 9.62406663E-01
 9.04804738E-01
 9.43953609E-01
 9.65542983E-01
 9.11485047E-01
 0.00000000E+00
 9.27816357E-01
 9.54070989E-01
 1.00000000E+00
 1.00000000E+00
 0.00000000E+00
 1.00000000E+00
 0.00000000E+00
 0.00000000E+00
 1.00000000E+00
 0.00000000E+00
 0.00000000E+00
 0.00000000E+00
 1.00000000E+00
 0.00000000E+00
 9.69186199E-01
 9.42872907E-01
 9.27621653E-01
 9.45818115E-01
 9.75965792E-01
 1.00000000E+00
 1.00000000E+00
 9.40709354E-01
 8.92399201E-01
 8.64425915E-01
 8.91877054E-01
 9.46113708E-01
 1.00000000E+00
 9.23320157E-01
 8.61029158E-01
 8.21101783E-01
 8.39810971E-01
 8.93782628E-01
 0.00000000E+00
 9.44878208E-01
 8.93747263E-01
 8.46609069E-01
 8.17504164E-01
 9.76954777E-01
 9.50291044E-01
 9.04892862E-01
 1.00000000E+00
 1.00000000E+00
 0.00000000E+00
 1.00000000E+00
 9.46060392E-01
 9.01329955E-01
 8.74728873E-01
 9.00230042E-01
 9.50347460E-01
 1.00000000E+00
 0.00000000E+00
 8.98376695E-01
 8.19769265E-01
 7.73359841E-01
 7.97545924E-01
 8.66101672E-01
 0.00000000E+00
 8.70065098E-01
 7.70009394E-01
 6.99162483E-01
 6.43619373E-01
 0.00000000E+00
 9.04578236E-01
 8.11531958E-01
 6.74404839E-01
 0.00000000E+00
 9.58191678E-01
 8.91916867E-01
 0.00000000E+00
 1.00000000E+00
 0.00000000E+00
 0.00000000E+00
 9.37474810E-01
 8.84918189E-01
 8.49462592E-01
 8.65724178E-01
 9.11332538E-01
 0.00000000E+00
 8.83436927E-01
 7.91776997E-01
 7.24397697E-01
 6.74489924E-01
 0.00000000E+00
 8.50720517E-01
 7.27309475E-01
 5.76694891E-01
 0.00000000E+00
 8.85450611E-01
 7.27706455E-01
 0.00000000E+00
 9.42564119E-01
 0.00000000E+00
 0.00000000E+00
 9.61287396E-01
 9.24522103E-01
 8.89785403E-01
 8.70065827E-01
 9.26403151E-01
 8.54104790E-01
 7.46677040E-01
 9.01719196E-01
 7.68223430E-01
 0.00000000E+00
 9.14333825E-01
 9.86424621E-01
 9.70642701E-01
 9.43810947E-01
 0.00000000E+00
 9.73127926E-01
 9.31395581E-01
 0.00000000E+00
 9.59458766E-01
 0.00000000E+00
 1.00000000E+00
 1.00000000E+00
 0.00000000E+00
 1.00000000E+00
 0.00000000E+00
 0.00000000E+00
 1.00000000E+00
 9.44257967E-01
 8.98213581E-01
 8.70995739E-01
 8.97284943E-01
 9.48896566E-01
 1.00000000E+00
 8.95076028E-01
 8.14405827E-01
 7.67293707E-01
 7.92172629E-01
 8.62579067E-01
 0.00000000E+00
 8.65938570E-01
 7.63545730E-01
 6.92087152E-01
 6.35268970E-01
 9.01515390E-01
 8.06131185E-01
 6.66477535E-01
 9.56821681E-01
 8.88684234E-01
 1.00000000E+00
 9.04546642E-01
 8.29038145E-01
 7.82680784E-01
 8.06196060E-01
 8.72051421E-01
 8.25377362E-01
 7.02493133E-01
 6.29769863E-01
 5.62777096E-01
 7.80074878E-01
 6.26463305E-01
 4.86162148E-01
 8.31164720E-01
 6.26678225E-01
 9.15240904E-01
 8.90610411E-01
 8.01969771E-01
 7.33566025E-01
 6.85942866E-01
 8.02478590E-01
 6.58296314E-01
 5.13452822E-01
 7.48400984E-01
 5.25013086E-01
 0.00000000E+00
 7.80517461E-01
 9.31198168E-01
 8.61841956E-01
 7.56338558E-01
 8.70643947E-01
 7.11743461E-01
 8.13797169E-01
 9.74977018E-01
 9.35395795E-01
 0.00000000E+00
 9.47054098E-01
 1.00000000E+00
 9.34285696E-01
 8.79470760E-01
 8.42902280E-01
 8.59939132E-01
 9.07558292E-01
 0.00000000E+00
 8.77761131E-01
 7.82838693E-01
 7.14503143E-01
 6.62899158E-01
 0.00000000E+00
 8.43728725E-01
 7.16758581E-01
 5.65464655E-01
 0.00000000E+00
 8.80016041E-01
 7.16750099E-01
 0.00000000E+00
 9.39707283E-01
 0.00000000E+00
 0.00000000E+00
 8.88449825E-01
 7.98451865E-01
 7.29456150E-01
 6.81149939E-01
 7.98828153E-01
 6.53241912E-01
 5.09309524E-01
 7.44019428E-01
 5.19693962E-01
 0.00000000E+00
 7.76529686E-01
 8.71898360E-01
 7.59086541E-01
 6.09449576E-01
 0.00000000E+00
 7.69656360E-01
 5.54605971E-01
 0.00000000E+00
 6.82909959E-01
 0.00000000E+00
 0.00000000E+00
 9.16376635E-01
 7.97762575E-01
 0.00000000E+00
 8.30731420E-01
 0.00000000E+00
 0.00000000E+00
 9.65960550E-01
 0.00000000E+00
 0.00000000E+00
 0.00000000E+00
 9.58795307E-01
 9.19949892E-01
 8.83534898E-01
 8.62766346E-01
 9.21846840E-01
 8.45902955E-01
 7.34166714E-01
 8.95797980E-01
 7.55949082E-01
 0.00000000E+00
 9.08978834E-01
 9.28703830E-01
 8.57112895E-01
 7.48560852E-01
 0.00000000E+00
 8.66109112E-01
 7.02582501E-01
 0.00000000E+00
 8.07306825E-01
 0.00000000E+00
 9.14935198E-01
 7.94248438E-01
 0.00000000E+00
 8.27752507E-01
 0.00000000E+00
 0.00000000E+00
 9.37800667E-01
 0.00000000E+00
 9.85426968E-01
 9.68592750E-01
 9.40088496E-01
 9.71213903E-01
 9.26831764E-01
 9.56570555E-01
 9.73760831E-01
 9.32349208E-01
 0.00000000E+00
 9.44491252E-01
 9.64897578E-01
 1.00000000E+00
 1.00000000E+00
 0.00000000E+00
 1.00000000E+00
 0.00000000E+00
 0.00000000E+00
 1.00000000E+00
 0.00000000E+00
 0.00000000E+00
 0.00000000E+00
 1.00000000E+00
 0.00000000E+00
 9.79312589E-01
 9.61639238E-01
 9.51388092E-01
 9.63601613E-01
 9.83850563E-01
 1.00000000E+00
 1.00000000E+00
 9.60131033E-01
 9.27623274E-01
 9.08777022E-01
 9.27222004E-01
 9.63715022E-01
 1.00000000E+00
 9.48318708E-01
 9.06287316E-01
 8.79295598E-01
 8.91852921E-01
 9.28242354E-01
 0.00000000E+00
 9.62717358E-01
 9.28069828E-01
 8.96055162E-01
 8.76194221E-01
 9.84323229E-01
 9.66127643E-01
 9.35065533E-01
 1.00000000E+00
 1.00000000E+00
 0.00000000E+00
 1.00000000E+00
 9.63778925E-01
 9.33721739E-01
 9.15825884E-01
 9.32937513E-01
 9.66612387E-01
 1.00000000E+00
 0.00000000E+00
 9.31600224E-01
 8.78629738E-01
 8.47291520E-01
 8.63504131E-01
 9.09663678E-01
 0.00000000E+00
 9.12238785E-01
 8.44518146E-01
 7.96415791E-01
 7.58549162E-01
 0.00000000E+00
 9.35190946E-01
 8.71771421E-01
 7.78014414E-01
 0.00000000E+00
 9.71328561E-01
 9.25581705E-01
 0.00000000E+00
 1.00000000E+00
 0.00000000E+00
 0.00000000E+00
 9.57995730E-01
 9.22650580E-01
 8.98765777E-01
 9.09648107E-01
 9.40298076E-01
 0.00000000E+00
 9.21443837E-01
 8.59550269E-01
 8.13920495E-01
 7.79977986E-01
 0.00000000E+00
 8.98897521E-01
 8.15008606E-01
 7.12256751E-01
 0.00000000E+00
 9.21772589E-01
 8.13333710E-01
 0.00000000E+00
 9.60122798E-01
 0.00000000E+00
 0.00000000E+00
 9.73976620E-01
 9.49221073E-01
 9.25782415E-01
 9.12408892E-01
 9.50317352E-01
 9.01358683E-01
 8.28398518E-01
 9.33194457E-01
 8.41887305E-01
 0.00000000E+00
 9.40987844E-01
 9.90865917E-01
 9.80218001E-01
 9.62067503E-01
 0.00000000E+00
 9.81815948E-01
 9.53418466E-01
 0.00000000E+00
 9.72267585E-01
 0.00000000E+00
 1.00000000E+00
 1.00000000E+00
 0.00000000E+00
 1.00000000E+00
 0.00000000E+00
 0.00000000E+00
 1.00000000E+00
 9.62490624E-01
 9.31486084E-01
 9.13137099E-01
 9.30814383E-01
 9.65565433E-01
 1.00000000E+00
 9.29223017E-01
 8.74741871E-01
 8.42857172E-01
 8.59570731E-01
 9.07081217E-01
 0.00000000E+00
 9.09237876E-01
 8.39768778E-01
 7.91129752E-01
 7.52297697E-01
 9.32938111E-01
 8.67752283E-01
 7.72008591E-01
 9.70302453E-01
 9.23126922E-01
 1.00000000E+00
 9.35779305E-01
 8.84921739E-01
 8.53639878E-01
 8.69400559E-01
 9.13722844E-01
 8.82128971E-01
 7.99008620E-01
 7.49633438E-01
 7.03998781E-01
 8.50794847E-01
 7.46155248E-01
 6.50105856E-01
 8.84476239E-01
 7.43568695E-01
 9.41014442E-01
 9.26378368E-01
 8.66613789E-01
 8.20373694E-01
 7.88039999E-01
 8.66489298E-01
 7.68674063E-01
 6.69989679E-01
 8.28735020E-01
 6.75509626E-01
 0.00000000E+00
 8.48554771E-01
 9.53660489E-01
 9.06810833E-01
 8.35344321E-01
 9.12370182E-01
 8.04063129E-01
 8.72468346E-01
 9.83122183E-01
 9.56280991E-01
 0.00000000E+00
 9.63963670E-01
 1.00000000E+00
 9.55699943E-01
 9.18708773E-01
 8.93989740E-01
 9.05431908E-01
 9.37544235E-01
 0.00000000E+00
 9.17317278E-01
 8.52985064E-01
 8.06534333E-01
 7.71309959E-01
 0.00000000E+00
 8.93746402E-01
 8.07090765E-01
 7.03446922E-01
 0.00000000E+00
 9.17703838E-01
 8.04959519E-01
 0.00000000E+00
 9.57922240E-01
 0.00000000E+00
 0.00000000E+00
 9.24817603E-01
 8.64052314E-01
 8.17346476E-01
 7.84504919E-01
 8.63816637E-01
 7.64897754E-01
 6.66677100E-01
 8.25464993E-01
 6.71328048E-01
 0.00000000E+00
 8.45508595E-01
 9.13622530E-01
 8.37317297E-01
 7.35787645E-01
 0.00000000E+00
 8.43766442E-01
 6.96879914E-01
 0.00000000E+00
 7.82521544E-01
 0.00000000E+00
 0.00000000E+00
 9.43542260E-01
 8.63011319E-01
 0.00000000E+00
 8.84669307E-01
 0.00000000E+00
 0.00000000E+00
 9.76934261E-01
 0.00000000E+00
 0.00000000E+00
 0.00000000E+00
 9.72180067E-01
 9.45910375E-01
 9.21233764E-01
 9.07090661E-01
 9.46997110E-01
 8.95330452E-01
 8.19090462E-01
 9.28812394E-01
 8.32664922E-01
 0.00000000E+00
 9.36934438E-01
 9.51862928E-01
 9.03386577E-01
 8.29679153E-01
 0.00000000E+00
 9.09060002E-01
 7.97304721E-01
 0.00000000E+00
 8.67633912E-01
 0.00000000E+00
 9.42507892E-01
 8.60483958E-01
 0.00000000E+00
 8.82502817E-01
 0.00000000E+00
 0.00000000E+00
 9.57814086E-01
 0.00000000E+00
 9.90145594E-01
 9.78731496E-01
 9.59355513E-01
 9.80416622E-01
 9.50053882E-01
 9.70114190E-01
 9.82244803E-01
 9.54073169E-01
 0.00000000E+00
 9.62086226E-01
 9.76168522E-01
 1.00000000E+00
 1.00000000E+00
 0.00000000E+00
 1.00000000E+00
 0.00000000E+00
 0.00000000E+00
 1.00000000E+00
 0.00000000E+00
 0.00000000E+00
 0.00000000E+00
 1.00000000E+00
 0.00000000E+00
 9.89584852E-01
 9.80683627E-01
 9.75517010E-01
 9.81664531E-01
 9.91863072E-01
 1.00000000E+00
 1.00000000E+00
 9.79898714E-01
 9.63498368E-01
 9.53979571E-01
 9.63272695E-01
 9.81682386E-01
 1.00000000E+00
 9.73888593E-01
 9.52630620E-01
 9.38956087E-01
 9.45276514E-01
 9.63667999E-01
 0.00000000E+00
 9.81103851E-01
 9.63514212E-01
 9.47228456E-01
 9.37083207E-01
 9.92014065E-01
 9.82719510E-01
 9.66816458E-01
 1.00000000E+00
 1.00000000E+00
 0.00000000E+00
 1.00000000E+00
 9.81760621E-01
 9.66615700E-01
 9.57588782E-01
 9.66199563E-01
 9.83166320E-01
 1.00000000E+00
 0.00000000E+00
 9.65483031E-01
 9.38723494E-01
 9.22862224E-01
 9.31013060E-01
 9.54314587E-01
 0.00000000E+00
 9.55570591E-01
 9.21222082E-01
 8.96754926E-01
 8.77423676E-01
 0.00000000E+00
 9.67023246E-01
 9.34650943E-01
 8.86660348E-01
 0.00000000E+00
 9.85281581E-01
 9.61662081E-01
 0.00000000E+00
 1.00000000E+00
 0.00000000E+00
 0.00000000E+00
 9.78839956E-01
 9.61017027E-01
 9.48954393E-01
 9.54417032E-01
 9.69862121E-01
 0.00000000E+00
 9.60309173E-01
 9.28981416E-01
 9.05825030E-01
 8.88533708E-01
 0.00000000E+00
 9.48681983E-01
 9.05959485E-01
 8.53460490E-01
 0.00000000E+00
 9.59982775E-01
 9.04179860E-01
 0.00000000E+00
 9.79278504E-01
 0.00000000E+00
 0.00000000E+00
 9.86882649E-01
 9.74385362E-01
 9.62530402E-01
 9.55735432E-01
 9.74857056E-01
 9.50009948E-01
 9.12884592E-01
 9.65969517E-01
 9.19196018E-01
 0.00000000E+00
 9.69552997E-01
 9.95391814E-01
 9.90006486E-01
 9.80805141E-01
 0.00000000E+00
 9.90776131E-01
 9.76298887E-01
 0.00000000E+00
 9.85786089E-01
 0.00000000E+00
 1.00000000E+00
 1.00000000E+00
 0.00000000E+00
 1.00000000E+00
 0.00000000E+00
 0.00000000E+00
 1.00000000E+00
 9.81072905E-01
 9.65418330E-01
 9.56143622E-01
 9.65057441E-01
 9.82602605E-01
 1.00000000E+00
 9.64205335E-01
 9.36621958E-01
 9.20447748E-01
 9.28868567E-01
 9.52904699E-01
 0.00000000E+00
 9.53943797E-01
 9.18624361E-01
 8.93822816E-01
 8.73949658E-01
 9.65789774E-01
 9.32428387E-01
 8.83289364E-01
 9.84710901E-01
 9.60281083E-01
 1.00000000E+00
 9.67600391E-01
 9.41916653E-01
 9.26091782E-01
 9.34015229E-01
 9.56383092E-01
 9.40351371E-01
 8.98208040E-01
 8.73088950E-01
 8.49804220E-01
 9.24136119E-01
 8.70734871E-01
 8.21498418E-01
 9.40789775E-01
 8.68108572E-01
 9.69277479E-01
 9.62846096E-01
 9.32635648E-01
 9.09206660E-01
 8.92759580E-01
 9.32347667E-01
 8.82616973E-01
 8.32251880E-01
 9.12634435E-01
 8.33929731E-01
 0.00000000E+00
 9.21731431E-01
 9.76597905E-01
 9.52875282E-01
 9.16597115E-01
 9.55500905E-01
 9.00195913E-01
 9.34552966E-01
 9.91464889E-01
 9.77825488E-01
 0.00000000E+00
 9.81618423E-01
 1.00000000E+00
 9.77605709E-01
 9.58888101E-01
 9.46361051E-01
 9.52125320E-01
 9.68363645E-01
 0.00000000E+00
 9.58070866E-01
 9.25388523E-01
 9.01726759E-01
 8.83716077E-01
 0.00000000E+00
 9.45854772E-01
 9.01544942E-01
 8.48369694E-01
 0.00000000E+00
 9.57717169E-01
 8.99434543E-01
 0.00000000E+00
 9.78021024E-01
 0.00000000E+00
 0.00000000E+00
 9.62004245E-01
 9.31244328E-01
 9.07545801E-01
 8.90817578E-01
 9.30888509E-01
 8.80519099E-01
 8.30309949E-01
 9.10818054E-01
 8.31505782E-01
 0.00000000E+00
 9.20002169E-01
 9.56328229E-01
 9.17639510E-01
 8.66017708E-01
 0.00000000E+00
 9.20565151E-01
 8.45408481E-01
 0.00000000E+00
 8.88236635E-01
 0.00000000E+00
 0.00000000E+00
 9.71421619E-01
 9.30451884E-01
 0.00000000E+00
 9.41108437E-01
 0.00000000E+00
 0.00000000E+00
 9.88284718E-01
 0.00000000E+00
 0.00000000E+00
 0.00000000E+00
 9.85915137E-01
 9.72595339E-01
 9.60060011E-01
 9.52843802E-01
 9.73051310E-01
 9.46706471E-01
 9.07729062E-01
 9.63552306E-01
 9.14041011E-01
 0.00000000E+00
 9.67269102E-01
 9.75630017E-01
 9.51023559E-01
 9.13517175E-01
 0.00000000E+00
 9.53697188E-01
 8.96478071E-01
 0.00000000E+00
 9.31867824E-01
 0.00000000E+00
 9.70866653E-01
 9.29093030E-01
 0.00000000E+00
 9.39930976E-01
 0.00000000E+00
 0.00000000E+00
 9.78553592E-01
 0.00000000E+00
 9.95003234E-01
 9.89201441E-01
 9.79330137E-01
 9.90012441E-01
 9.74448744E-01
 9.84588827E-01
 9.90991875E-01
 9.76630234E-01
 0.00000000E+00
 9.80591376E-01
 9.87872332E-01
 1.00000000E+00
 1.00000000E+00
 0.00000000E+00
 1.00000000E+00
 0.00000000E+00
 0.00000000E+00
 1.00000000E+00
 0.00000000E+00
 0.00000000E+00
 0.00000000E+00
 1.00000000E+00
 0.00000000E+00
