 8.63209329E-01
 8.02445528E-01
 7.96429184E-01
 8.18329988E-01
 8.40139890E-01
 8.64736865E-01
 8.92091167E-01
 8.02366182E-01
 7.26847162E-01
 7.34280910E-01
 7.71943630E-01
 8.09396720E-01
 8.43948108E-01
 7.95866594E-01
 7.33369280E-01
 7.61509087E-01
 8.08464677E-01
 8.55077855E-01
 8.89565785E-01
 8.17970134E-01
 7.71196127E-01
 8.08492655E-01
 8.56772925E-01
 8.39549795E-01
 8.08041299E-01
 8.54132758E-01
 8.64764082E-01
 8.43195223E-01
 8.88741914E-01
 8.93407097E-01
 8.01842632E-01
 7.26211038E-01
 7.33693805E-01
 7.70988451E-01
 8.08105411E-01
 8.42605351E-01
 8.74497242E-01
 7.25770529E-01
 6.37319275E-01
 6.69704962E-01
 7.32296661E-01
 7.94484087E-01
 8.41620784E-01
 7.32001316E-01
 6.67781962E-01
 7.28647499E-01
 8.01084139E-01
 8.72890804E-01
 7.69582131E-01
 7.30829767E-01
 8.01624692E-01
 8.60015541E-01
 8.06271854E-01
 7.92295037E-01
 8.72593713E-01
 8.41454938E-01
 8.40336363E-01
 0.00000000E+00
 7.95695151E-01
 7.33654704E-01
 7.62326221E-01
 8.08501690E-01
 8.54412577E-01
 8.88635385E-01
 7.32944954E-01
 6.69522245E-01
 7.30858315E-01
 8.02747132E-01
 8.74061563E-01
 7.59903090E-01
 7.28450032E-01
 8.16287873E-01
 8.90469760E-01
 8.06570254E-01
 8.01343320E-01
 8.91778190E-01
 8.52184634E-01
 8.72648777E-01
 0.00000000E+00
 8.17300107E-01
 7.70553788E-01
 8.08166140E-01
 8.55783978E-01
 7.70070425E-01
 7.31436687E-01
 8.02203929E-01
 8.06339408E-01
 8.00291449E-01
 8.90103865E-01
 8.54576627E-01
 8.39037241E-01
 8.07653491E-01
 8.54189803E-01
 9.03192089E-01
 8.07443538E-01
 7.93729594E-01
 8.73875879E-01
 8.53133050E-01
 8.72822309E-01
 8.63609491E-01
 8.42238033E-01
 8.88761555E-01
 8.42105919E-01
 8.41694599E-01
 8.87586104E-01
 8.91022669E-01
 8.02814080E-01
 7.27425089E-01
 7.34742874E-01
 7.71939776E-01
 8.08962017E-01
 8.43335489E-01
 7.26898683E-01
 6.38801803E-01
 6.71068396E-01
 7.33460329E-01
 7.95458287E-01
 8.42413016E-01
 7.32894854E-01
 6.69062183E-01
 7.29946410E-01
 8.02123644E-01
 7.70266453E-01
 7.31755951E-01
 8.02505255E-01
 8.06798046E-01
 7.92964359E-01
 8.41802733E-01
 7.26317674E-01
 6.37585783E-01
 6.69387436E-01
 7.31693761E-01
 7.93647450E-01
 6.37051025E-01
 5.27706492E-01
 5.84324664E-01
 6.85518818E-01
 6.67098610E-01
 5.82041928E-01
 6.56562625E-01
 7.29740224E-01
 6.84094783E-01
 7.91028245E-01
 7.33429651E-01
 6.69254463E-01
 7.29586666E-01
 8.01612163E-01
 6.69000716E-01
 5.83872759E-01
 6.57518114E-01
 7.27832366E-01
 6.56018462E-01
 7.19980991E-01
 8.00512829E-01
 7.70188492E-01
 7.30969599E-01
 8.01116557E-01
 7.30784713E-01
 6.84290964E-01
 7.99664098E-01
 8.07220346E-01
 7.93092607E-01
 8.73003389E-01
 7.93044118E-01
 8.41748673E-01
 7.96558180E-01
 7.34393157E-01
 7.62530188E-01
 8.08663918E-01
 8.54541350E-01
 8.88731662E-01
 7.33607422E-01
 6.70167352E-01
 7.31171631E-01
 8.02898803E-01
 8.74074930E-01
 7.60047177E-01
 7.28794708E-01
 8.16788546E-01
 8.90735938E-01
 8.06575460E-01
 8.01391016E-01
 8.91907352E-01
 8.52155174E-01
 8.72565318E-01
 0.00000000E+00
 7.33317761E-01
 6.68765849E-01
 7.28720108E-01
 8.00804825E-01
 6.68521143E-01
 5.83220914E-01
 6.56889033E-01
 7.27060784E-01
 6.55473523E-01
 7.20040812E-01
 7.99793934E-01
 7.61448875E-01
 7.28791464E-01
 8.14811329E-01
 8.89522608E-01
 7.29527647E-01
 6.56581145E-01
 7.18669234E-01
 8.15335095E-01
 7.19974287E-01
 8.90508040E-01
 8.07218764E-01
 8.00436591E-01
 8.89251806E-01
 8.00947474E-01
 7.67819759E-01
 8.88905984E-01
 8.53324266E-01
 8.72758697E-01
 8.72190113E-01
 8.87306776E-01
 8.18063515E-01
 7.71210208E-01
 8.08373778E-01
 8.56008067E-01
 7.70620912E-01
 7.31986774E-01
 8.02516982E-01
 8.06448347E-01
 8.00630278E-01
 8.90656609E-01
 8.54599819E-01
 7.70208708E-01
 7.30770189E-01
 8.00680377E-01
 8.58969162E-01
 7.30537375E-01
 6.84063608E-01
 7.67974584E-01
 7.99239585E-01
 7.67193624E-01
 8.07361603E-01
 8.00770721E-01
 8.89709267E-01
 8.01228551E-01
 7.68330450E-01
 8.89310955E-01
 8.54790225E-01
 9.02012394E-01
 8.39398968E-01
 8.07799389E-01
 8.53968012E-01
 8.07485321E-01
 7.93634852E-01
 8.52833099E-01
 8.06858848E-01
 7.92453849E-01
 8.72282796E-01
 7.92350771E-01
 8.53063039E-01
 8.63784872E-01
 8.42146873E-01
 8.88327511E-01
 8.41925886E-01
 8.41249431E-01
 0.00000000E+00
 8.41287860E-01
 8.40227467E-01
 8.38971880E-01
 8.86883151E-01
 8.91279983E-01
 8.72965390E-01
 7.48098002E-01
 6.36205269E-01
 6.25130267E-01
 6.65462795E-01
 7.05626488E-01
 7.50921230E-01
 8.01292487E-01
 6.36159056E-01
 4.97142345E-01
 5.10838968E-01
 5.80181190E-01
 6.49133612E-01
 7.12741095E-01
 6.24366708E-01
 5.09389831E-01
 5.61191576E-01
 6.47605100E-01
 7.33378790E-01
 7.96836661E-01
 6.65295809E-01
 5.79336827E-01
 6.47945459E-01
 7.36727385E-01
 7.05334477E-01
 6.47537783E-01
 7.32216231E-01
 7.52085311E-01
 7.12629265E-01
 7.96139326E-01
 8.05049224E-01
 6.35044959E-01
 4.95758844E-01
 5.09545924E-01
 5.78234605E-01
 6.46593210E-01
 7.10129932E-01
 7.68862066E-01
 4.95146999E-01
 3.32334106E-01
 3.91973820E-01
 5.07210033E-01
 6.21692748E-01
 7.08463224E-01
 5.06928587E-01
 3.88823445E-01
 5.00832620E-01
 6.34105732E-01
 7.66199277E-01
 5.76474631E-01
 5.05315318E-01
 6.35468201E-01
 7.42786360E-01
 6.44401104E-01
 6.18832533E-01
 7.66217957E-01
 7.09517160E-01
 7.07510792E-01
 7.73088550E-01
 6.23713587E-01
 5.09458647E-01
 5.62271089E-01
 6.47315954E-01
 7.31869372E-01
 7.94894038E-01
 5.08396732E-01
 3.91677239E-01
 5.04601467E-01
 6.36933793E-01
 7.68195814E-01
 5.58358707E-01
 5.00553574E-01
 6.62135052E-01
 7.98567511E-01
 6.44585523E-01
 6.35044482E-01
 8.01193146E-01
 7.28802389E-01
 7.66368498E-01
 0.00000000E+00
 6.63508652E-01
 5.77424845E-01
 6.46702084E-01
 7.34398493E-01
 5.76782569E-01
 5.05704915E-01
 6.35967638E-01
 6.43851113E-01
 6.32774843E-01
 7.97920031E-01
 7.32885227E-01
 7.03551811E-01
 6.45765476E-01
 7.31471115E-01
 8.21704100E-01
 6.45614120E-01
 6.20406736E-01
 7.67882947E-01
 7.29970360E-01
 7.66162550E-01
 7.48818700E-01
 7.09474679E-01
 7.95127785E-01
 7.09452466E-01
 7.08668608E-01
 7.93693166E-01
 7.99321663E-01
 6.37145230E-01
 4.98428014E-01
 5.11902771E-01
 5.80354634E-01
 6.48481438E-01
 7.11731403E-01
 4.97658895E-01
 3.35642038E-01
 3.95013848E-01
 5.09784276E-01
 6.23819639E-01
 7.10180126E-01
 5.08995479E-01
 3.91704250E-01
 5.03652114E-01
 6.36333809E-01
 5.78085977E-01
 5.07429156E-01
 6.37388388E-01
 6.45645726E-01
 6.20355467E-01
 7.10356469E-01
 4.96219297E-01
 3.32903605E-01
 3.91453387E-01
 5.06144593E-01
 6.20179780E-01
 3.32254117E-01
 1.31132480E-01
 2.35326989E-01
 4.21500790E-01
 3.88000806E-01
 2.31714207E-01
 3.68748317E-01
 5.03691449E-01
 4.19967368E-01
 6.16798271E-01
 5.09247832E-01
 3.91122360E-01
 5.02199954E-01
 6.34791464E-01
 3.91012520E-01
 2.34444520E-01
 3.69958723E-01
 4.99688701E-01
 3.67758079E-01
 4.85318122E-01
 6.33732883E-01
 5.76897589E-01
 5.04713415E-01
 6.33858931E-01
 5.04701554E-01
 4.19214369E-01
 6.31789267E-01
 6.45073536E-01
 6.19083395E-01
 7.66175573E-01
 6.19283027E-01
 7.08658386E-01
 6.25811287E-01
 5.11485491E-01
 5.63246024E-01
 6.48100276E-01
 7.32477831E-01
 7.95357238E-01
 5.10272861E-01
 3.93680427E-01
 5.05845318E-01
 6.37703982E-01
 7.68535572E-01
 5.59198251E-01
 5.01836769E-01
 6.63494410E-01
 7.99318917E-01
 6.45034291E-01
 6.35579906E-01
 8.01672977E-01
 7.29054975E-01
 7.66475140E-01
 0.00000000E+00
 5.09309190E-01
 3.90556603E-01
 5.00879564E-01
 6.33508323E-01
 3.90455273E-01
 2.33655300E-01
 3.69140207E-01
 4.98527606E-01
 3.67080820E-01
 4.85692355E-01
 6.32589522E-01
 5.60990680E-01
 5.00913520E-01
 6.59215408E-01
 7.96688566E-01
 5.02592955E-01
 3.68499338E-01
 4.82643610E-01
 6.60726221E-01
 4.85510899E-01
 7.99483152E-01
 6.45191311E-01
 6.32729846E-01
 7.96163099E-01
 6.33944466E-01
 5.72988514E-01
 7.96247960E-01
 7.30046786E-01
 7.65785148E-01
 7.65296880E-01
 7.92836791E-01
 6.65472148E-01
 5.79337674E-01
 6.47676695E-01
 7.35258534E-01
 5.78479745E-01
 5.07518142E-01
 6.37135449E-01
 6.44603666E-01
 6.33965503E-01
 7.99248305E-01
 7.33314617E-01
 5.77324043E-01
 5.04804514E-01
 6.33397156E-01
 7.40593264E-01
 5.04688097E-01
 4.19315168E-01
 5.73520426E-01
 6.31321292E-01
 5.72459707E-01
 6.45594346E-01
 6.33490529E-01
 7.97086738E-01
 6.34600229E-01
 5.74091361E-01
 7.97066763E-01
 7.32832115E-01
 8.19922424E-01
 7.04769930E-01
 6.46697239E-01
 7.31568950E-01
 6.46328360E-01
 6.20916689E-01
 7.29879674E-01
 6.44831759E-01
 6.18365220E-01
 7.65133784E-01
 6.18444329E-01
 7.29753932E-01
 7.49645166E-01
 7.09892844E-01
 7.94747390E-01
 7.09679410E-01
 7.08415284E-01
 0.00000000E+00
 7.08217925E-01
 7.06234837E-01
 7.04617280E-01
 7.92257769E-01
 8.00217959E-01
 7.66786710E-01
 6.51281943E-01
 4.97093869E-01
 4.82341173E-01
 5.37110754E-01
 5.91649883E-01
 6.53951138E-01
 7.23934028E-01
 4.97124417E-01
 3.06541062E-01
 3.26815574E-01
 4.20632193E-01
 5.13918198E-01
 6.01029397E-01
 4.81533037E-01
 3.24994627E-01
 3.98458397E-01
 5.15362049E-01
 6.31390411E-01
 7.17972148E-01
 5.37394789E-01
 4.19983629E-01
 5.16107427E-01
 6.37485057E-01
 5.92155390E-01
 5.12715169E-01
 6.30416832E-01
 6.56927514E-01
 6.02432724E-01
 7.18017852E-01
 7.30859661E-01
 4.95430869E-01
 3.04440978E-01
 3.24866844E-01
 4.17763002E-01
 5.10210519E-01
 5.97230534E-01
 6.78836812E-01
 3.03786894E-01
 8.26820520E-02
 1.68021299E-01
 3.23055437E-01
 4.77067234E-01
 5.95098031E-01
 3.21710818E-01
 1.63979590E-01
 3.22539680E-01
 5.01349363E-01
 6.78554204E-01
 4.16220310E-01
 3.21241857E-01
 5.03578707E-01
 6.48758964E-01
 5.08606029E-01
 4.74486185E-01
 6.79221603E-01
 5.98347559E-01
 5.95644091E-01
 6.86931934E-01
 4.80318317E-01
 3.24750176E-01
 3.99719005E-01
 5.14698601E-01
 6.29009893E-01
 7.15000093E-01
 3.23526027E-01
 1.67730106E-01
 3.27679363E-01
 5.05160578E-01
 6.81192629E-01
 3.94824981E-01
 3.22377642E-01
 5.50425037E-01
 7.31976458E-01
 5.11822892E-01
 5.03217697E-01
 7.35750307E-01
 6.26049097E-01
 6.79567197E-01
 0.00000000E+00
 5.34343482E-01
 4.16651749E-01
 5.13865250E-01
 6.33800422E-01
 4.16048494E-01
 3.21147191E-01
 5.03902603E-01
 5.10488361E-01
 4.99800655E-01
 7.31160045E-01
 6.32559004E-01
 5.88717283E-01
 5.09077377E-01
 6.28480443E-01
 7.53203903E-01
 5.09169989E-01
 4.75462958E-01
 6.80822637E-01
 6.26965457E-01
 6.78695321E-01
 6.50993130E-01
 5.96347208E-01
 7.15331672E-01
 5.96615351E-01
 5.95506210E-01
 7.14358030E-01
 7.21190138E-01
 4.98751426E-01
 3.08692888E-01
 3.28659291E-01
 4.21176813E-01
 5.13251442E-01
 5.99812523E-01
 3.07828307E-01
 8.79771043E-02
 1.72851676E-01
 3.27156040E-01
 4.80461706E-01
 5.97844232E-01
 3.25112262E-01
 1.68595934E-01
 3.26909448E-01
 5.04799139E-01
 4.18923285E-01
 3.24693441E-01
 5.06592559E-01
 5.10721052E-01
 4.77001303E-01
 5.99803221E-01
 3.05430245E-01
 8.36973287E-02
 1.67524981E-01
 3.21733787E-01
 4.75054187E-01
 8.31309496E-02
 1.86015907E-01
 3.64374898E-02
 2.11964782E-01
 1.63460700E-01
 4.09616855E-02
 1.55165487E-01
 3.19580509E-01
 2.10915468E-01
 4.72162648E-01
 3.24727978E-01
 1.67013084E-01
 3.24426190E-01
 5.02220907E-01
 1.67217281E-01
 3.75757693E-02
 1.56671234E-01
 3.21591882E-01
 1.54030602E-01
 3.24469662E-01
 5.01759903E-01
 4.16118960E-01
 3.19679211E-01
 5.00931046E-01
 3.20039475E-01
 2.08915520E-01
 4.98702658E-01
 5.08264190E-01
 4.73454403E-01
 6.78350553E-01
 4.74104325E-01
 5.95330836E-01
 4.83888355E-01
 3.28388997E-01
 4.01775363E-01
 5.16386643E-01
 6.30348433E-01
 7.16044152E-01
 3.26952040E-01
 1.71456310E-01
 3.30095017E-01
 5.06773329E-01
 6.82059799E-01
 3.96686118E-01
 3.24848331E-01
 5.52652249E-01
 7.33226438E-01
 5.13009124E-01
 5.04478146E-01
 7.36616082E-01
 6.26822534E-01
 6.80055233E-01
 7.15921774E-01
 3.25143336E-01
 1.66606727E-01
 3.22868179E-01
 5.00658672E-01
 1.66819376E-01
 3.82558000E-02
 1.55813180E-01
 3.20252497E-01
 1.53368618E-01
 3.25142307E-01
 5.00377975E-01
 3.98385513E-01
 3.22870724E-01
 5.46522607E-01
 7.29447981E-01
 3.25513149E-01
 1.55016670E-01
 3.20844321E-01
 5.49022403E-01
 3.25008758E-01
 7.34364807E-01
 5.12087506E-01
 4.99526092E-01
 7.28714322E-01
 5.01516936E-01
 4.26110524E-01
 7.29665305E-01
 6.26736898E-01
 6.77887437E-01
 6.77978813E-01
 7.12686145E-01
 5.37814388E-01
 4.20218268E-01
 5.15952295E-01
 6.35565201E-01
 4.19296020E-01
 3.24648704E-01
 5.06179267E-01
 5.12231813E-01
 5.02093708E-01
 7.33246069E-01
 6.33661732E-01
 4.17213477E-01
 3.20361037E-01
 5.00659778E-01
 6.45618887E-01
 3.20561668E-01
 2.09626429E-01
 4.27025510E-01
 4.98403296E-01
 4.25862609E-01
 5.12820274E-01
 5.00739996E-01
 7.30053740E-01
 5.02578808E-01
 4.27786711E-01
 7.30856154E-01
 6.31986370E-01
 7.51275325E-01
 5.91171681E-01
 5.11275753E-01
 6.29292508E-01
 5.11035155E-01
 4.77084614E-01
 6.27463196E-01
 5.08505666E-01
 4.73063528E-01
 6.77257999E-01
 4.73522475E-01
 6.26580986E-01
 6.52850973E-01
 5.97754274E-01
 7.15393302E-01
 5.97720375E-01
 5.95954756E-01
 0.00000000E+00
 5.95293961E-01
 5.92513608E-01
 5.91234443E-01
 7.12166317E-01
 7.23031142E-01
 6.77002451E-01
 5.71454008E-01
 3.84384881E-01
 3.68223884E-01
 4.31877497E-01
 4.95263744E-01
 5.70451483E-01
 6.57324000E-01
 3.84462855E-01
 1.56480470E-01
 1.85872780E-01
 2.93750392E-01
 4.01017948E-01
 5.04895336E-01
 3.67318030E-01
 1.83626267E-01
 2.79956276E-01
 4.14459783E-01
 5.47950291E-01
 6.50167055E-01
 4.32608132E-01
 2.93250339E-01
 4.15503971E-01
 5.59799116E-01
 4.96775095E-01
 4.00459335E-01
 5.47296847E-01
 5.75607151E-01
 5.08308217E-01
 6.51315191E-01
 6.67830190E-01
 3.82297708E-01
 1.53881878E-01
 1.83549937E-01
 2.90167434E-01
 3.96271303E-01
 4.99988343E-01
 6.01298246E-01
 1.53162952E-01
 1.04092419E-01
 1.02884447E-02
 1.85502858E-01
 3.59560086E-01
 4.97547569E-01
 1.79825919E-01
 5.27359518E-03
 2.12324819E-01
 4.12949275E-01
 6.11757343E-01
 2.88929269E-01
 1.83687321E-01
 4.15769937E-01
 5.83212553E-01
 3.95748772E-01
 3.57673479E-01
 6.13081889E-01
 5.03651921E-01
 5.00404107E-01
 6.14035702E-01
 3.65724035E-01
 1.83468811E-01
 2.81925034E-01
 4.13759188E-01
 5.44826869E-01
 6.46183378E-01
 1.82084927E-01
 1.02102017E-02
 2.19257277E-01
 4.17955424E-01
 6.15023790E-01
 2.76063172E-01
 2.12601481E-01
 5.08279703E-01
 7.06863700E-01
 4.10859449E-01
 4.15755941E-01
 7.11282729E-01
 5.42498324E-01
 6.13767259E-01
 6.48890661E-01
 4.28438987E-01
 2.88865199E-01
 4.12779720E-01
 5.55120948E-01
 2.88367575E-01
 1.83504532E-01
 4.16568993E-01
 4.09041886E-01
 4.11609758E-01
 7.06030236E-01
 5.54379029E-01
 4.91585969E-01
 3.94910614E-01
 5.44215329E-01
 6.96853294E-01
 3.95359243E-01
 3.57861966E-01
 6.14681505E-01
 5.42945111E-01
 6.12264371E-01
 5.66734232E-01
 4.98923106E-01
 6.46608270E-01
 4.99617563E-01
 4.98232411E-01
 6.46674471E-01
 6.53910046E-01
 3.86844285E-01
 1.59686693E-01
 1.88717582E-01
 2.94876990E-01
 4.00527609E-01
 5.03636077E-01
 1.58728034E-01
 9.69219948E-02
 1.67024625E-02
 1.91045459E-01
 3.64255358E-01
 5.01406447E-01
 1.84552578E-01
 1.14604696E-02
 2.17931845E-01
 4.17449169E-01
 2.92783869E-01
 1.88453647E-01
 4.19744011E-01
 3.98840696E-01
 3.61257158E-01
 5.05833426E-01
 1.55493909E-01
 1.02361146E-01
 1.01950423E-02
 1.84221819E-01
 3.57245921E-01
 1.02910021E-01
 4.02649715E-01
 2.00368114E-01
 7.35105683E-02
 5.36998730E-03
 2.06092718E-01
 5.74645615E-02
 1.82407376E-01
 7.25815712E-02
 3.55508714E-01
 1.83737488E-01
 9.65038164E-03
 2.15650334E-01
 4.14563724E-01
 1.00420267E-02
 2.01334088E-01
 6.04339315E-02
 2.12150943E-01
 5.68043050E-02
 2.93214837E-01
 4.14462662E-01
 2.88439074E-01
 1.81748159E-01
 4.13045280E-01
 1.82485813E-01
 7.02231506E-02
 4.10619862E-01
 3.94084878E-01
 3.55229623E-01
 6.11569925E-01
 3.56437770E-01
 4.97807712E-01
 3.70833637E-01
 1.88733818E-01
 2.85007179E-01
 4.16395643E-01
 5.47036733E-01
 6.47980351E-01
 1.87103658E-01
 1.55008822E-02
 2.22478624E-01
 4.20259776E-01
 6.16472090E-01
 2.78949508E-01
 2.15946878E-01
 5.10749324E-01
 7.08251824E-01
 4.12884535E-01
 4.17662597E-01
 7.12231411E-01
 5.43951997E-01
 6.14719352E-01
 6.49597069E-01
 1.84553276E-01
 9.39699846E-03
 2.13784511E-01
 4.12735467E-01
 9.81135295E-03
 2.02068648E-01
 5.92100316E-02
 2.10594455E-01
 5.58663826E-02
 2.93673609E-01
 4.12880839E-01
 2.80746674E-01
 2.13945302E-01
 5.04542786E-01
 7.04398204E-01
 2.17276191E-01
 5.87746961E-02
 2.89835468E-01
 5.07250092E-01
 2.94067835E-01
 7.10790372E-01
 4.10946841E-01
 4.11475038E-01
 7.03560625E-01
 4.14133115E-01
 3.51987453E-01
 7.05206686E-01
 5.42339418E-01
 6.11076904E-01
 6.12100129E-01
 6.43991948E-01
 4.33576999E-01
 2.94229505E-01
 4.16038202E-01
 5.57877254E-01
 2.93329276E-01
 1.88713955E-01
 4.19758275E-01
 4.11872679E-01
 4.14841758E-01
 7.08410479E-01
 5.56275835E-01
 2.90314091E-01
 1.83066286E-01
 4.12895126E-01
 5.79714891E-01
 1.83605202E-01
 7.14117745E-02
 3.52938172E-01
 4.10453049E-01
 3.51346336E-01
 4.12012587E-01
 4.13058912E-01
 7.05146228E-01
 4.15529041E-01
 3.54032217E-01
 7.06623271E-01
 5.53297414E-01
 6.95137227E-01
 4.95552627E-01
 3.98700629E-01
 5.45980510E-01
 3.98705441E-01
 3.60889255E-01
 5.44273246E-01
 3.95061716E-01
 3.55411279E-01
 6.10541647E-01
 3.56361555E-01
 5.42426049E-01
 5.69933723E-01
 5.01709934E-01
 6.47427569E-01
 5.01986650E-01
 4.99799809E-01
 0.00000000E+00
 4.98485838E-01
 4.95020520E-01
 4.94642500E-01
 6.43706689E-01
 6.56945831E-01
 6.00341021E-01
 5.02069388E-01
 2.86429906E-01
 2.69053452E-01
 3.40428527E-01
 4.11502986E-01
 4.97890732E-01
 5.99443206E-01
 2.86594025E-01
 2.61401926E-02
 6.34679069E-02
 1.83556853E-01
 3.02964624E-01
 4.21404114E-01
 2.68168969E-01
 6.09280339E-02
 1.77125616E-01
 3.26901309E-01
 4.75541197E-01
 5.91325402E-01
 3.41728453E-01
 1.83358637E-01
 3.28288757E-01
 4.92456955E-01
 4.14179714E-01
 3.03274395E-01
 4.75352975E-01
 5.05382208E-01
 4.27055709E-01
 5.93748583E-01
 6.13692695E-01
 2.83943153E-01
 2.30057797E-02
 6.07219726E-02
 1.79264254E-01
 2.97234334E-01
 4.15464041E-01
 5.33903421E-01
 2.23209568E-02
 2.66304871E-01
 1.26670725E-01
 6.60623444E-02
 2.57516871E-01
 4.12831734E-01
 5.67146687E-02
 1.32386542E-01
 1.16771593E-01
 3.36305709E-01
 5.53833130E-01
 1.78655650E-01
 6.45698963E-02
 3.39771105E-01
 5.26486778E-01
 2.98233933E-01
 2.56791142E-01
 5.55989527E-01
 4.22203250E-01
 4.18528627E-01
 5.51820376E-01
 2.66096244E-01
 6.06591561E-02
 1.79550570E-01
 3.26030644E-01
 4.71655874E-01
 5.86365638E-01
 5.92555138E-02
 1.26538389E-01
 1.25176747E-01
 3.42280135E-01
 5.57590539E-01
 1.73101396E-01
 1.17495361E-01
 4.71844385E-01
 6.85158871E-01
 3.23530697E-01
 3.40169059E-01
 6.90200738E-01
 4.70498915E-01
 5.57108474E-01
 5.91697466E-01
 3.36365850E-01
 1.77785554E-01
 3.24925507E-01
 4.86741459E-01
 1.77518860E-01
 6.40466781E-02
 3.40808831E-01
 3.21158467E-01
 3.35266935E-01
 6.84336109E-01
 4.86865765E-01
 4.07144617E-01
 2.95674941E-01
 4.70980830E-01
 6.47880363E-01
 2.96585652E-01
 2.55831310E-01
 5.57313116E-01
 4.70218002E-01
 5.54791264E-01
 4.93493239E-01
 4.14253113E-01
 5.86882329E-01
 4.15476996E-01
 4.13863874E-01
 5.88462907E-01
 5.95443083E-01
 2.89787141E-01
 3.04745916E-02
 6.73854180E-02
 1.85371135E-01
 3.02788267E-01
 4.20244352E-01
 2.95319079E-02
 2.57095849E-01
 1.18525412E-01
 7.31648784E-02
 2.63600459E-01
 4.17870076E-01
 6.29059045E-02
 1.24473270E-01
 1.23718172E-01
 3.41926097E-01
 1.83791373E-01
 7.07887263E-02
 3.44785710E-01
 3.02416824E-01
 2.61554879E-01
 4.25206724E-01
 2.53514428E-02
 2.63821664E-01
 1.26301054E-01
 6.49120512E-02
 2.55018770E-01
 2.64191615E-01
 5.90376535E-01
 3.42346813E-01
 4.64206150E-02
 1.31436333E-01
 3.48880578E-01
 2.68924309E-02
 6.39752598E-02
 4.67477924E-02
 2.55158459E-01
 6.13269716E-02
 1.26931094E-01
 1.21285098E-01
 3.38510418E-01
 1.26197275E-01
 3.43182095E-01
 2.28156118E-02
 1.17535520E-01
 2.71028484E-02
 2.66450660E-01
 3.39228395E-01
 1.77562984E-01
 6.20049738E-02
 3.36780576E-01
 6.32619912E-02
 4.99102878E-02
 3.34512631E-01
 2.94924155E-01
 2.52580927E-01
 5.53598301E-01
 2.54470890E-01
 4.13120615E-01
 2.72935243E-01
 6.78304746E-02
 1.83946102E-01
 3.29849821E-01
 4.74917517E-01
 5.89055921E-01
 6.61526776E-02
 1.19318515E-01
 1.29513127E-01
 3.45512206E-01
 5.59781995E-01
 1.77301665E-01
 1.22017154E-01
 4.74723456E-01
 6.86786157E-01
 3.26633592E-01
 3.42954864E-01
 6.91336518E-01
 4.72813873E-01
 5.58679913E-01
 5.92975693E-01
 6.26901647E-02
 1.26820788E-01
 1.19320993E-01
 3.36584866E-01
 1.26052915E-01
 3.43709096E-01
 2.41870341E-02
 1.15958656E-01
 2.81104417E-02
 2.66811783E-01
 3.37601461E-01
 1.78741332E-01
 1.19559479E-01
 4.68251221E-01
 6.82745988E-01
 1.23646035E-01
 2.43364363E-02
 2.63265047E-01
 4.71327381E-01
 2.67680271E-01
 6.90862243E-01
 3.23217142E-01
 3.35145180E-01
 6.81809858E-01
 3.38536596E-01
 2.87952683E-01
 6.84375606E-01
 4.69120597E-01
 5.53129632E-01
 5.55368313E-01
 5.84607009E-01
 3.43402381E-01
 1.85263674E-01
 3.29647684E-01
 4.90705202E-01
 1.84514722E-01
 7.13425612E-02
 3.45191927E-01
 3.25366571E-01
 3.39709786E-01
 6.87115805E-01
 4.89771513E-01
 1.80421644E-01
 6.42152353E-02
 3.36962901E-01
 5.22691027E-01
 6.52334503E-02
 4.79540493E-02
 2.89051113E-01
 3.34679825E-01
 2.87271203E-01
 3.24678201E-01
 3.37147654E-01
 6.83644517E-01
 3.40316840E-01
 2.90406694E-01
 6.86023196E-01
 4.85106533E-01
 6.46658912E-01
 4.12889455E-01
 3.01399209E-01
 4.73986895E-01
 3.01756430E-01
 2.60643298E-01
 4.72656909E-01
 2.96892061E-01
 2.53630949E-01
 5.52842641E-01
 2.55194095E-01
 4.69571610E-01
 4.98292083E-01
 4.18743975E-01
 5.88720462E-01
 4.19432170E-01
 4.16897382E-01
 0.00000000E+00
 4.14771287E-01
 4.10720798E-01
 4.11706207E-01
 5.84702390E-01
 5.99882011E-01
 5.34348899E-01
 5.31338151E-01
 3.27740850E-01
 3.10872814E-01
 3.79046471E-01
 4.46929056E-01
 5.28610774E-01
 6.23956064E-01
 3.28040597E-01
 8.13145181E-02
 1.15262512E-01
 2.30273744E-01
 3.44624602E-01
 4.56928068E-01
 3.10406797E-01
 1.13178870E-01
 2.20887206E-01
 3.64249239E-01
 5.06511247E-01
 6.16541474E-01
 3.80838598E-01
 2.30688965E-01
 3.65875116E-01
 5.21530597E-01
 4.50272192E-01
 3.45833058E-01
 5.06920461E-01
 5.36817835E-01
 4.63549748E-01
 6.19662881E-01
 6.38931476E-01
 3.25313401E-01
 7.80144180E-02
 1.12309852E-01
 2.25940440E-01
 3.39015131E-01
 4.51174891E-01
 5.62383638E-01
 7.76664498E-02
 1.97762758E-01
 6.88859952E-02
 1.16608235E-01
 3.00855069E-01
 4.48895049E-01
 1.09269493E-01
 7.36717627E-02
 1.57426463E-01
 3.69035294E-01
 5.78682043E-01
 2.26486157E-01
 1.16320738E-01
 3.72824790E-01
 5.51215303E-01
 3.41509497E-01
 3.01734842E-01
 5.81510066E-01
 4.59611637E-01
 4.56265517E-01
 5.81905331E-01
 3.07957814E-01
 1.12195110E-01
 2.22431130E-01
 3.62877202E-01
 5.02493404E-01
 6.11631079E-01
 1.11260088E-01
 6.87500343E-02
 1.64763096E-01
 3.74255968E-01
 5.81994896E-01
 2.17251351E-01
 1.58206298E-01
 4.87241362E-01
 6.94353837E-01
 3.61813048E-01
 3.73421972E-01
 6.99517599E-01
 5.03035497E-01
 5.82852108E-01
 6.18613363E-01
 3.75107854E-01
 2.24501552E-01
 3.61830268E-01
 5.15513147E-01
 2.24644354E-01
 1.14809980E-01
 3.72916879E-01
 3.59137193E-01
 3.68286553E-01
 6.93631704E-01
 5.16825169E-01
 4.42748756E-01
 3.37538783E-01
 5.01871872E-01
 6.68541414E-01
 3.38778616E-01
 2.99470294E-01
 5.81818444E-01
 5.01912567E-01
 5.79865678E-01
 5.24434386E-01
 4.50068338E-01
 6.12138349E-01
 4.51594809E-01
 4.50098334E-01
 6.15047232E-01
 6.20192271E-01
 3.31395270E-01
 8.58666069E-02
 1.19399321E-01
 2.32386574E-01
 3.44820261E-01
 4.56145943E-01
 8.52882533E-02
 1.87962571E-01
 6.01615190E-02
 1.24141000E-01
 3.07217753E-01
 4.54121177E-01
 1.15929974E-01
 6.51643305E-02
 1.64855813E-01
 3.74969485E-01
 2.32024917E-01
 1.23009223E-01
 3.78171617E-01
 3.46015249E-01
 3.06826107E-01
 4.62869530E-01
 8.07138427E-02
 1.95194780E-01
 6.83569294E-02
 1.15692236E-01
 2.98660002E-01
 1.95001883E-01
 5.09901174E-01
 2.81586473E-01
 5.08292755E-03
 7.19307217E-02
 2.86709204E-01
 9.84057145E-03
 1.16627279E-01
 6.58466851E-03
 3.01090727E-01
 1.13207031E-01
 6.91640195E-02
 1.61017876E-01
 3.70655822E-01
 6.78609381E-02
 2.82569927E-01
 1.25121364E-02
 1.58796259E-01
 9.56289865E-03
 2.78115509E-01
 3.73063691E-01
 2.24570205E-01
 1.12719663E-01
 3.68965020E-01
 1.14469291E-01
 1.67169939E-03
 3.67940697E-01
 3.37038450E-01
 2.96200039E-01
 5.78173179E-01
 2.98479565E-01
 4.49166541E-01
 3.15393328E-01
 1.20280570E-01
 2.27794477E-01
 3.67449910E-01
 5.06292561E-01
 6.14714033E-01
 1.19079383E-01
 6.02614934E-02
 1.70276897E-01
 3.78334771E-01
 5.84700305E-01
 2.22403438E-01
 1.63866093E-01
 4.90958776E-01
 6.96485109E-01
 3.65658612E-01
 3.77016874E-01
 7.01148665E-01
 5.05868758E-01
 5.84896449E-01
 6.20252049E-01
 1.15033329E-01
 6.83598896E-02
 1.59770955E-01
 3.69281091E-01
 6.70363793E-02
 2.82165008E-01
 1.20012047E-02
 1.57886582E-01
 9.36646650E-03
 2.79094656E-01
 3.71932332E-01
 2.22311103E-01
 1.59735498E-01
 4.83416439E-01
 6.91797649E-01
 1.64172846E-01
 1.15813621E-02
 2.74516221E-01
 4.87403889E-01
 2.79764063E-01
 7.00858173E-01
 3.60671154E-01
 3.67656710E-01
 6.90853335E-01
 3.71345423E-01
 3.15672193E-01
 6.94648956E-01
 5.00442781E-01
 5.77865979E-01
 5.81009820E-01
 6.10741108E-01
 3.82835729E-01
 2.32954797E-01
 3.67485883E-01
 5.20149622E-01
 2.32618410E-01
 1.23337765E-01
 3.78308224E-01
 3.64253719E-01
 3.73694408E-01
 6.96968815E-01
 5.20379550E-01
 2.28047542E-01
 1.15748670E-01
 3.69869481E-01
 5.47427214E-01
 1.17249497E-01
 4.63434929E-03
 3.17245488E-01
 3.68784293E-01
 3.16380418E-01
 3.62333742E-01
 3.69850643E-01
 6.92766523E-01
 3.73318031E-01
 3.18345280E-01
 6.96374210E-01
 5.14475400E-01
 6.68140646E-01
 4.49249379E-01
 3.44250015E-01
 5.05722533E-01
 3.44933576E-01
 3.05398662E-01
 5.05164350E-01
 3.39740495E-01
 2.98119041E-01
 5.78055473E-01
 3.00061134E-01
 5.01249378E-01
 5.29947435E-01
 4.55458524E-01
 6.14702089E-01
 4.56440026E-01
 4.54092904E-01
 0.00000000E+00
 4.51532843E-01
 4.47743504E-01
 4.50023692E-01
 6.11240932E-01
 6.25207745E-01
 5.64291695E-01
 6.42201657E-01
 4.84229007E-01
 4.69287722E-01
 5.25220462E-01
 5.80908422E-01
 6.44726977E-01
 7.16591401E-01
 4.84642483E-01
 2.89818858E-01
 3.11023340E-01
 4.06658417E-01
 5.01732336E-01
 5.90789530E-01
 4.69416790E-01
 3.09904242E-01
 3.85692332E-01
 5.04722969E-01
 6.22824665E-01
 7.11143673E-01
 5.27177286E-01
 4.07688556E-01
 5.06374388E-01
 6.30097065E-01
 5.84078162E-01
 5.03407291E-01
 6.23660808E-01
 6.51667886E-01
 5.96613656E-01
 7.14023620E-01
 7.28902791E-01
 4.82281991E-01
 2.86800121E-01
 3.08177485E-01
 4.02960976E-01
 4.97269291E-01
 5.86330025E-01
 6.70157261E-01
 2.86913899E-01
 6.14996825E-02
 1.49839285E-01
 3.07620715E-01
 4.64316860E-01
 5.84746177E-01
 3.06844404E-01
 1.47129923E-01
 3.10487430E-01
 4.92010972E-01
 6.71819449E-01
 4.04583264E-01
 3.08811919E-01
 4.95677241E-01
 6.43002072E-01
 5.00422382E-01
 4.66391388E-01
 6.74825786E-01
 5.94131970E-01
 5.91676853E-01
 6.86774075E-01
 4.66884947E-01
 3.07968697E-01
 3.85473008E-01
 5.02770633E-01
 6.19360606E-01
 7.07269634E-01
 3.07744211E-01
 1.49775512E-01
 3.14776830E-01
 4.95155654E-01
 6.73993909E-01
 3.82755309E-01
 3.10923572E-01
 5.45372665E-01
 7.29020283E-01
 5.03430182E-01
 4.96170345E-01
 7.33821010E-01
 6.21196218E-01
 6.76054284E-01
 7.13968723E-01
 5.22078778E-01
 4.01753966E-01
 5.01932037E-01
 6.24639818E-01
 4.02266548E-01
 3.06156953E-01
 4.94096463E-01
 5.00846421E-01
 4.91403758E-01
 7.28451967E-01
 6.26831823E-01
 5.77660238E-01
 4.96109618E-01
 6.18878943E-01
 7.46791787E-01
 4.97363437E-01
 4.63350265E-01
 6.73899183E-01
 6.19575625E-01
 6.72881998E-01
 6.41544385E-01
 5.85517661E-01
 7.07670696E-01
 5.86945794E-01
 5.85839225E-01
 7.10945926E-01
 7.13749105E-01
 4.87422545E-01
 2.93569382E-01
 3.14422140E-01
 4.08519253E-01
 5.02142706E-01
 5.90439173E-01
 2.93509556E-01
 7.01738088E-02
 1.57747054E-01
 3.14259746E-01
 4.69705591E-01
 5.89058832E-01
 3.12751170E-01
 1.54845104E-01
 3.17377006E-01
 4.97338604E-01
 4.09438037E-01
 3.14766198E-01
 5.00520775E-01
 5.04301138E-01
 4.70781281E-01
 5.96925379E-01
 2.89290391E-01
 6.34485175E-02
 1.50148860E-01
 3.06914071E-01
 4.62734172E-01
 6.43007132E-02
 2.08227091E-01
 5.36446695E-02
 1.97933830E-01
 1.49214934E-01
 5.58267516E-02
 1.46221724E-01
 3.09759201E-01
 2.01624436E-01
 4.66619950E-01
 3.09092051E-01
 1.49160225E-01
 3.11520912E-01
 4.92169818E-01
 1.50985233E-01
 5.49818373E-02
 1.45615924E-01
 3.11881935E-01
 1.45418730E-01
 3.21384732E-01
 4.96341557E-01
 4.02043188E-01
 3.04268503E-01
 4.90740849E-01
 3.06237954E-01
 1.94832087E-01
 4.91443204E-01
 4.95892594E-01
 4.60659874E-01
 6.70944907E-01
 4.62827233E-01
 5.84960174E-01
 4.73474021E-01
 3.15518936E-01
 3.90989380E-01
 5.07285521E-01
 6.22888722E-01
 7.10015646E-01
 3.15065489E-01
 1.58280754E-01
 3.21029911E-01
 4.99618019E-01
 6.76721377E-01
 3.88031511E-01
 3.17198708E-01
 5.50092907E-01
 7.31760681E-01
 5.07300054E-01
 5.00133192E-01
 7.36092924E-01
 6.23915977E-01
 6.78178286E-01
 7.15544091E-01
 3.11057728E-01
 1.50645174E-01
 3.11465487E-01
 4.91719224E-01
 1.52457992E-01
 5.33445539E-02
 1.46621060E-01
 3.12009506E-01
 1.46583852E-01
 3.23514764E-01
 4.95997364E-01
 3.86013232E-01
 3.10936612E-01
 5.41032879E-01
 7.26178506E-01
 3.15194173E-01
 1.45503793E-01
 3.16904804E-01
 5.46182963E-01
 3.23430847E-01
 7.35512839E-01
 5.01454171E-01
 4.89988581E-01
 7.25309482E-01
 4.93422155E-01
 4.18937107E-01
 7.30145575E-01
 6.18054148E-01
 6.70849588E-01
 6.74125991E-01
 7.07178156E-01
 5.28915455E-01
 4.09531022E-01
 5.07516930E-01
 6.29064242E-01
 4.09645954E-01
 3.14451991E-01
 4.99858392E-01
 5.05936731E-01
 4.97096718E-01
 7.32340656E-01
 6.30331053E-01
 4.05444569E-01
 3.07627898E-01
 4.92414388E-01
 6.39496162E-01
 3.09371790E-01
 1.98572948E-01
 4.21123295E-01
 4.92981994E-01
 4.21872869E-01
 5.03023721E-01
 4.92068778E-01
 7.27127089E-01
 4.95314995E-01
 4.21575461E-01
 7.31708490E-01
 6.24284381E-01
 7.47077832E-01
 5.83463476E-01
 5.02305506E-01
 6.22711484E-01
 5.03107324E-01
 4.69114934E-01
 6.22890915E-01
 4.98656980E-01
 4.62968576E-01
 6.71492438E-01
 4.64850763E-01
 6.19009934E-01
 6.46469301E-01
 5.90477227E-01
 7.10243274E-01
 5.91464726E-01
 5.89728257E-01
 7.12918844E-01
 5.87367457E-01
 5.84530062E-01
 5.87282931E-01
 7.07869998E-01
 7.18177648E-01
 6.72734538E-01
 7.41008165E-01
 6.23696309E-01
 6.10469985E-01
 6.55485995E-01
 7.00299219E-01
 7.48194931E-01
 7.99134173E-01
 6.24170154E-01
 4.75588378E-01
 4.85437667E-01
 5.63796480E-01
 6.41683904E-01
 7.10025069E-01
 6.11028996E-01
 4.85103311E-01
 5.32464823E-01
 6.29811926E-01
 7.26385045E-01
 7.95364292E-01
 6.57412786E-01
 5.65200878E-01
 6.31399290E-01
 7.26694818E-01
 7.03025893E-01
 6.43463152E-01
 7.27409411E-01
 7.53573868E-01
 7.14650816E-01
 7.97714111E-01
 8.08472440E-01
 6.22204281E-01
 4.72911798E-01
 4.82774050E-01
 5.60745912E-01
 6.38315810E-01
 7.06782573E-01
 7.66205270E-01
 4.73355431E-01
 2.92506194E-01
 3.44731560E-01
 4.77798995E-01
 6.09928292E-01
 7.05749478E-01
 4.82770153E-01
 3.43739562E-01
 4.46792599E-01
 6.01503472E-01
 7.54724174E-01
 5.62990326E-01
 4.80006789E-01
 6.04939134E-01
 7.24620102E-01
 6.41519235E-01
 6.12552863E-01
 7.57650857E-01
 7.13235443E-01
 7.11533491E-01
 7.79223157E-01
 6.08559875E-01
 4.82491186E-01
 5.30820573E-01
 6.27470822E-01
 7.23524227E-01
 7.92506158E-01
 4.82795648E-01
 3.44469903E-01
 4.48448689E-01
 6.02866670E-01
 7.55937927E-01
 5.30077186E-01
 4.46878943E-01
 5.97173828E-01
 7.59910354E-01
 6.29300293E-01
 6.05267642E-01
 7.64347183E-01
 7.25969611E-01
 7.58685367E-01
 7.98228636E-01
 6.53088880E-01
 5.59753402E-01
 6.26816565E-01
 7.21907561E-01
 5.60475612E-01
 4.76586221E-01
 6.02038655E-01
 6.26923172E-01
 6.00942921E-01
 7.59472869E-01
 7.24520407E-01
 6.97909669E-01
 6.37438410E-01
 7.23160605E-01
 8.16531606E-01
 6.38573649E-01
 6.09259550E-01
 7.55887568E-01
 7.24193052E-01
 7.55586034E-01
 7.45915401E-01
 7.06221346E-01
 7.92804844E-01
 7.07425743E-01
 7.06661185E-01
 7.95476515E-01
 7.97116359E-01
 6.26317251E-01
 4.78464487E-01
 4.88029400E-01
 5.65295062E-01
 6.42159776E-01
 7.09950611E-01
 4.78780386E-01
 2.99861415E-01
 3.51648328E-01
 4.83405656E-01
 6.14240647E-01
 7.09070793E-01
 4.87761666E-01
 3.50482233E-01
 4.53024957E-01
 6.06144203E-01
 5.67013996E-01
 4.85071704E-01
 6.09190675E-01
 6.44644003E-01
 6.16118686E-01
 7.15459410E-01
 4.75062570E-01
 2.93818048E-01
 3.44777441E-01
 4.77218003E-01
 6.08837366E-01
 2.95116626E-01
 6.03213654E-02
 1.49298920E-01
 3.69594678E-01
 3.45897127E-01
 1.49545219E-01
 2.67602909E-01
 4.81263136E-01
 3.74821370E-01
 6.13261477E-01
 4.83599774E-01
 3.43669600E-01
 4.45630357E-01
 6.00430171E-01
 3.45812556E-01
 1.47661675E-01
 2.64200655E-01
 4.48039977E-01
 2.66322743E-01
 3.60050501E-01
 6.05778086E-01
 5.60151237E-01
 4.74917362E-01
 5.99243716E-01
 4.76926349E-01
 3.66770460E-01
 6.01234275E-01
 6.37403910E-01
 6.07154924E-01
 7.53591624E-01
 6.09058592E-01
 7.05913239E-01
 6.14083157E-01
 4.89182813E-01
 5.36158264E-01
 6.31657855E-01
 7.26573368E-01
 7.94753466E-01
 4.89291997E-01
 3.52575457E-01
 4.55089141E-01
 6.07443875E-01
 7.58502547E-01
 5.35150700E-01
 4.53430907E-01
 6.02713935E-01
 7.63149521E-01
 6.32926592E-01
 6.09340271E-01
 7.67148707E-01
 7.28374529E-01
 7.60717542E-01
 7.99592632E-01
 4.85535840E-01
 3.45593245E-01
 4.46525775E-01
 6.00709838E-01
 3.47696401E-01
 1.50233374E-01
 2.66474809E-01
 4.48982210E-01
 2.68619100E-01
 3.63205894E-01
 6.06046776E-01
 5.31774433E-01
 4.45597167E-01
 5.92412162E-01
 7.56838815E-01
 4.49578285E-01
 2.64754206E-01
 3.54819490E-01
 5.98503622E-01
 3.62467971E-01
 7.66324130E-01
 6.26813308E-01
 5.98932412E-01
 7.56041146E-01
 6.02024322E-01
 5.10865195E-01
 7.61319983E-01
 7.22768750E-01
 7.53647714E-01
 7.56731090E-01
 7.92856016E-01
 6.58770159E-01
 5.66493573E-01
 6.31997367E-01
 7.25873682E-01
 5.66897729E-01
 4.84220903E-01
 6.07855115E-01
 6.31661558E-01
 6.06619057E-01
 7.63801627E-01
 7.27725087E-01
 5.63244564E-01
 4.78315251E-01
 6.01445452E-01
 7.21402577E-01
 4.80124890E-01
 3.70962737E-01
 5.13527874E-01
 6.03242289E-01
 5.15600813E-01
 6.28219095E-01
 6.00844420E-01
 7.57761274E-01
 6.03781721E-01
 5.13425388E-01
 7.62800977E-01
 7.22006035E-01
 8.17180091E-01
 7.02712669E-01
 6.42728771E-01
 7.26647087E-01
 6.43517088E-01
 6.14431521E-01
 7.27255745E-01
 6.39938704E-01
 6.09515695E-01
 7.54566589E-01
 6.11190266E-01
 7.23734742E-01
 7.49958994E-01
 7.10381066E-01
 7.95088285E-01
 7.11253196E-01
 7.10050302E-01
 7.97299922E-01
 7.08067579E-01
 7.06074863E-01
 7.08744662E-01
 7.93574020E-01
 8.00721449E-01
 7.68851296E-01
 8.35123050E-01
 7.59778211E-01
 7.50819941E-01
 7.80499198E-01
 8.10042569E-01
 8.40916616E-01
 8.73101564E-01
 7.60141565E-01
 6.63869539E-01
 6.68908489E-01
 7.20844642E-01
 7.72463931E-01
 8.16837823E-01
 7.51332883E-01
 6.68842259E-01
 6.97306921E-01
 7.61781582E-01
 8.25737558E-01
 8.70773543E-01
 7.81920327E-01
 7.21964564E-01
 7.62919165E-01
 8.24850637E-01
 8.11986261E-01
 7.73838597E-01
 8.26552142E-01
 8.44566161E-01
 8.20027256E-01
 8.72419900E-01
 8.79326627E-01
 7.58795775E-01
 6.62002786E-01
 6.67024258E-01
 7.18773766E-01
 7.70252405E-01
 8.14740821E-01
 8.52288094E-01
 6.62412419E-01
 5.43328017E-01
 5.73945323E-01
 6.62892944E-01
 7.51204590E-01
 8.14141696E-01
 6.67346644E-01
 5.73616107E-01
 6.35796215E-01
 7.39497667E-01
 8.42187564E-01
 7.20610748E-01
 6.64763577E-01
 7.41938093E-01
 8.21009615E-01
 7.72730044E-01
 7.53353888E-01
 8.44333984E-01
 8.19341826E-01
 8.18284917E-01
 8.61220354E-01
 7.49544284E-01
 6.66806581E-01
 6.95831837E-01
 7.60008396E-01
 8.23783138E-01
 8.68902216E-01
 6.67169360E-01
 5.73744603E-01
 6.36462262E-01
 7.40115600E-01
 8.42852719E-01
 6.95780094E-01
 6.35848167E-01
 7.27133612E-01
 8.37377829E-01
 7.61694806E-01
 7.42217912E-01
 8.40498236E-01
 8.25871638E-01
 8.45113682E-01
 8.73101826E-01
 7.78925583E-01
 7.18108251E-01
 7.59581511E-01
 8.21531394E-01
 7.18717912E-01
 6.62120954E-01
 7.39594103E-01
 7.60005886E-01
 7.39198818E-01
 8.37127117E-01
 8.23652501E-01
 8.08497447E-01
 7.69683695E-01
 8.23552081E-01
 8.83168320E-01
 7.70530683E-01
 7.50835680E-01
 8.42851359E-01
 8.24476748E-01
 8.42843163E-01
 8.39462119E-01
 8.14395009E-01
 8.69100603E-01
 8.15274545E-01
 8.14806493E-01
 8.71008499E-01
 8.71825222E-01
 7.61629447E-01
 6.65866552E-01
 6.70718294E-01
 7.21942803E-01
 7.72896527E-01
 8.16902758E-01
 6.66199771E-01
 5.48512613E-01
 5.78865845E-01
 6.66838756E-01
 7.54185473E-01
 8.16406789E-01
 6.70877888E-01
 5.78423207E-01
 6.40268448E-01
 7.42788324E-01
 7.23450409E-01
 6.68358514E-01
 7.44971631E-01
 7.74922070E-01
 7.55855050E-01
 8.20903419E-01
 6.63563513E-01
 5.44233998E-01
 5.74023255E-01
 6.62577247E-01
 7.50573047E-01
 5.45306440E-01
 3.87506137E-01
 4.38992162E-01
 5.87742015E-01
 5.75353618E-01
 4.39735035E-01
 5.08526678E-01
 6.65913156E-01
 5.91962555E-01
 7.54153585E-01
 6.67669667E-01
 5.73189716E-01
 6.34593558E-01
 7.38522502E-01
 5.74852618E-01
 4.37781263E-01
 5.05515191E-01
 6.36862861E-01
 5.07596960E-01
 5.59687603E-01
 7.42799264E-01
 7.18468957E-01
 6.60981211E-01
 7.37723061E-01
 6.62504533E-01
 5.85817940E-01
 7.39559357E-01
 7.69735834E-01
 7.49428341E-01
 8.41331371E-01
 7.50819127E-01
 8.14255628E-01
 7.53458212E-01
 6.71652670E-01
 6.99822237E-01
 7.63108479E-01
 8.26000897E-01
 8.70513083E-01
 6.71886418E-01
 5.79754242E-01
 6.41527683E-01
 7.43590311E-01
 8.44770656E-01
 6.99583627E-01
 6.40832928E-01
 7.31423873E-01
 8.39893606E-01
 7.64413434E-01
 7.45331724E-01
 8.42706608E-01
 8.27657019E-01
 8.46659190E-01
 8.74123305E-01
 6.69144083E-01
 5.74772551E-01
 6.35522482E-01
 7.38942715E-01
 5.76402608E-01
 4.39958647E-01
 5.07519937E-01
 6.37800150E-01
 5.09591236E-01
 5.62250877E-01
 7.43187911E-01
 6.96726633E-01
 6.34756700E-01
 7.23746910E-01
 8.35197339E-01
 6.37619523E-01
 5.06186679E-01
 5.55864408E-01
 7.28417266E-01
 5.61659346E-01
 8.42154442E-01
 7.59766685E-01
 7.37639998E-01
 8.34639564E-01
 7.39858403E-01
 6.73546034E-01
 8.38600244E-01
 8.23422661E-01
 8.41429016E-01
 8.43659356E-01
 8.69387884E-01
 7.82961734E-01
 7.22979201E-01
 7.63423076E-01
 8.24441159E-01
 7.23376860E-01
 6.67750401E-01
 7.43987169E-01
 7.63539969E-01
 7.43476566E-01
 8.40432072E-01
 8.26043381E-01
 7.20763404E-01
 6.63587967E-01
 7.39528806E-01
 8.18855278E-01
 6.64972973E-01
 5.89103168E-01
 6.75608987E-01
 7.41213015E-01
 6.77456945E-01
 7.60791017E-01
 7.39026477E-01
 8.35878200E-01
 7.41140003E-01
 6.75421578E-01
 8.39669919E-01
 8.21794944E-01
 8.83856308E-01
 8.11940650E-01
 7.73537065E-01
 8.26168575E-01
 7.74153073E-01
 7.54681991E-01
 8.26801529E-01
 7.71663988E-01
 7.51301848E-01
 8.42223052E-01
 7.52536665E-01
 8.24187623E-01
 8.42370733E-01
 8.17435718E-01
 8.70837843E-01
 8.18093474E-01
 8.17353760E-01
 8.72434090E-01
 8.15903587E-01
 8.14659101E-01
 8.16484831E-01
 8.69988093E-01
 8.74401636E-01
 8.54485090E-01
 9.21669670E-01
 8.85877499E-01
 8.81624708E-01
 8.95726772E-01
 9.09763561E-01
 9.24431732E-01
 9.39721847E-01
 8.86066240E-01
 8.40341447E-01
 8.42739639E-01
 8.67412026E-01
 8.91932421E-01
 9.13010254E-01
 8.81905687E-01
 8.42735891E-01
 8.56258747E-01
 8.86880172E-01
 9.17253044E-01
 9.38640046E-01
 8.96458908E-01
 8.67998742E-01
 8.87447408E-01
 9.16852363E-01
 9.10766448E-01
 8.92666915E-01
 9.17687871E-01
 9.26269885E-01
 9.14634240E-01
 9.39486593E-01
 9.42809492E-01
 8.85400929E-01
 8.39417699E-01
 8.41807566E-01
 8.66396534E-01
 8.90855486E-01
 9.11992427E-01
 9.29830952E-01
 8.39644834E-01
 7.83087235E-01
 7.97637282E-01
 8.39890272E-01
 8.81838122E-01
 9.11732104E-01
 8.42036638E-01
 7.97538178E-01
 8.27072044E-01
 8.76316510E-01
 9.25075770E-01
 8.67387076E-01
 8.40890528E-01
 8.77527132E-01
 9.15058201E-01
 8.92197203E-01
 8.83017705E-01
 9.26173578E-01
 9.14401545E-01
 9.13905748E-01
 9.34372878E-01
 8.81003667E-01
 8.41698461E-01
 8.55492965E-01
 8.85985950E-01
 9.16286084E-01
 9.37722028E-01
 8.41915622E-01
 7.97551609E-01
 8.27347323E-01
 8.76580295E-01
 9.25373429E-01
 8.55569103E-01
 8.27129094E-01
 8.70473545E-01
 9.22809869E-01
 8.86938682E-01
 8.77712492E-01
 9.24341650E-01
 9.17477894E-01
 9.26606501E-01
 9.39978294E-01
 8.94964901E-01
 8.66075275E-01
 8.85783267E-01
 9.15216996E-01
 8.66415363E-01
 8.39547582E-01
 8.76345838E-01
 8.86094167E-01
 8.76232820E-01
 9.22712686E-01
 9.16385290E-01
 9.09018400E-01
 8.90584031E-01
 9.16179031E-01
 9.44501262E-01
 8.91039550E-01
 8.81698900E-01
 9.25391875E-01
 9.16725710E-01
 9.25448901E-01
 9.23734354E-01
 9.11832134E-01
 9.37821081E-01
 9.12305015E-01
 9.12090819E-01
 9.38831186E-01
 9.39115110E-01
 8.86839501E-01
 8.41384345E-01
 8.43693291E-01
 8.68013899E-01
 8.92204150E-01
 9.13095053E-01
 8.41579258E-01
 7.85735256E-01
 8.00149446E-01
 8.41904542E-01
 8.83358561E-01
 9.12887006E-01
 8.43852332E-01
 8.00000563E-01
 8.29350591E-01
 8.77990934E-01
 8.68854956E-01
 8.42741883E-01
 8.79079282E-01
 8.93335815E-01
 8.84311500E-01
 9.15218642E-01
 8.40240949E-01
 7.83584950E-01
 7.97737722E-01
 8.39790856E-01
 8.81575678E-01
 7.84159018E-01
 7.09268217E-01
 7.33721629E-01
 8.04334982E-01
 7.98516307E-01
 7.34190905E-01
 7.66846310E-01
 8.41593720E-01
 8.06554067E-01
 8.83562184E-01
 8.42173660E-01
 7.97313671E-01
 8.26481105E-01
 8.75838377E-01
 7.98182049E-01
 7.33133805E-01
 7.65300918E-01
 8.27728024E-01
 7.66432364E-01
 7.91160050E-01
 8.78107114E-01
 8.66293864E-01
 8.39000815E-01
 8.75451703E-01
 8.39803960E-01
 8.03423658E-01
 8.76485402E-01
 8.90643191E-01
 8.81007824E-01
 9.24654081E-01
 8.81743571E-01
 9.11792323E-01
 8.83029149E-01
 8.44223718E-01
 8.57594294E-01
 8.87622374E-01
 9.17460956E-01
 9.38578376E-01
 8.44381320E-01
 8.00696684E-01
 8.30003097E-01
 8.78410790E-01
 9.26394311E-01
 8.57583626E-01
 8.29746695E-01
 8.72699131E-01
 9.24117413E-01
 8.88392335E-01
 8.79367186E-01
 9.25499074E-01
 9.18441458E-01
 9.27442493E-01
 9.40540787E-01
 8.42965140E-01
 7.98183643E-01
 8.27024516E-01
 8.76111853E-01
 7.99036247E-01
 7.34325151E-01
 7.66392355E-01
 8.28274424E-01
 7.67516927E-01
 7.92500306E-01
 8.78362785E-01
 8.56032163E-01
 8.26625076E-01
 8.68874618E-01
 9.21778664E-01
 8.28070116E-01
 7.65737173E-01
 7.89319923E-01
 8.71260337E-01
 7.92240200E-01
 9.25280664E-01
 8.85950397E-01
 8.75455944E-01
 9.21505962E-01
 8.76587972E-01
 8.45145400E-01
 9.23517597E-01
 9.16171832E-01
 9.24724947E-01
 9.25844258E-01
 9.38079702E-01
 8.97069755E-01
 8.68630066E-01
 8.87815284E-01
 9.16754056E-01
 8.68867751E-01
 8.42510753E-01
 8.78656702E-01
 8.87975843E-01
 8.78485524E-01
 9.24420104E-01
 9.17666727E-01
 8.67517494E-01
 8.40401428E-01
 8.76436236E-01
 9.14071615E-01
 8.41136757E-01
 8.05182001E-01
 8.46209021E-01
 8.77393290E-01
 8.47208793E-01
 8.86486585E-01
 8.76169065E-01
 9.22128877E-01
 8.77249838E-01
 8.46103408E-01
 9.24057515E-01
 9.15429796E-01
 9.44957855E-01
 9.10840482E-01
 8.92640402E-01
 9.17596513E-01
 8.92982192E-01
 8.83768375E-01
 9.17997061E-01
 8.91703432E-01
 8.82056331E-01
 9.25179346E-01
 8.82714494E-01
 9.16600370E-01
 9.25286361E-01
 9.13475207E-01
 9.38788153E-01
 9.13837449E-01
 9.13496783E-01
 9.39640757E-01
 9.12713233E-01
 9.12130154E-01
 9.13063750E-01
 9.38419659E-01
 9.40482937E-01
 9.31089843E-01
