 8.95746556E-01
 8.49709387E-01
 8.45502428E-01
 8.63573741E-01
 8.81346803E-01
 9.00546514E-01
 9.21129950E-01
 8.50506868E-01
 7.93096091E-01
 7.98457004E-01
 8.29064547E-01
 8.59164424E-01
 8.85966966E-01
 8.46632575E-01
 7.98699610E-01
 8.18740009E-01
 8.56172472E-01
 8.92988638E-01
 9.19578841E-01
 8.64956749E-01
 8.29674218E-01
 8.56545812E-01
 8.93450651E-01
 8.82404412E-01
 8.59267508E-01
 8.92781030E-01
 9.01484631E-01
 8.85955232E-01
 9.19166800E-01
 9.22227875E-01
 8.48104957E-01
 7.90214058E-01
 7.96071977E-01
 8.27094416E-01
 8.57529635E-01
 8.84711494E-01
 9.08722191E-01
 7.90878445E-01
 7.22127250E-01
 7.45399683E-01
 7.97021695E-01
 8.47637803E-01
 8.84760848E-01
 7.96522882E-01
 7.44968742E-01
 7.88008415E-01
 8.47136749E-01
 9.05068933E-01
 8.27706414E-01
 7.96993756E-01
 8.47708345E-01
 8.93788709E-01
 8.57549364E-01
 8.46940390E-01
 9.05125764E-01
 8.84600043E-01
 8.84225662E-01
 9.66366677E-01
 8.42787255E-01
 7.94811277E-01
 8.16412156E-01
 8.54612238E-01
 8.91960155E-01
 9.18977286E-01
 7.94969174E-01
 7.43951135E-01
 7.88183701E-01
 8.47736672E-01
 9.05863964E-01
 8.15697781E-01
 7.87024262E-01
 8.49050633E-01
 9.10725415E-01
 8.54015620E-01
 8.47135834E-01
 9.11587115E-01
 8.90881681E-01
 9.05238104E-01
 7.87107048E-01
 8.60102637E-01
 8.24852276E-01
 8.53704600E-01
 8.91742720E-01
 8.24715649E-01
 7.94543983E-01
 8.46857914E-01
 8.52614651E-01
 8.45651476E-01
 9.10434608E-01
 8.90891358E-01
 8.77618938E-01
 8.55181535E-01
 8.91173201E-01
 9.28870192E-01
 8.54809874E-01
 8.45618220E-01
 9.05759744E-01
 8.89986179E-01
 9.05134706E-01
 8.96939789E-01
 8.82852404E-01
 9.19107454E-01
 8.82187416E-01
 8.84905590E-01
 0.00000000E+00
 9.18110760E-01
 8.49431877E-01
 7.91837971E-01
 7.97437990E-01
 8.28220080E-01
 8.58444134E-01
 8.85424687E-01
 7.92369866E-01
 7.23974292E-01
 7.46980189E-01
 7.98241255E-01
 8.48550906E-01
 8.85434410E-01
 7.97666759E-01
 7.46439199E-01
 7.89345420E-01
 8.48110600E-01
 8.28502476E-01
 7.97942524E-01
 8.48502681E-01
 8.58104690E-01
 8.47545561E-01
 8.84940307E-01
 7.89405029E-01
 7.20348406E-01
 7.43891302E-01
 7.95938540E-01
 8.46862462E-01
 7.20782853E-01
 6.33046267E-01
 6.72738816E-01
 7.57540190E-01
 7.43523587E-01
 6.71820945E-01
 7.22616507E-01
 7.95530012E-01
 7.57083530E-01
 8.45670538E-01
 7.93571781E-01
 7.42238602E-01
 7.86681852E-01
 8.46824707E-01
 7.42302018E-01
 6.70774946E-01
 7.22244164E-01
 7.85670389E-01
 7.21307630E-01
 7.63490626E-01
 8.45967009E-01
 8.23419126E-01
 7.93163918E-01
 8.45850308E-01
 7.92748374E-01
 7.54736133E-01
 8.44334554E-01
 8.53645314E-01
 8.44606424E-01
 9.05256253E-01
 8.43843532E-01
 8.81263016E-01
 8.44248438E-01
 7.96219595E-01
 8.17122474E-01
 8.55050176E-01
 8.92187056E-01
 9.19070618E-01
 7.96283967E-01
 7.45251217E-01
 7.88905611E-01
 8.48048795E-01
 9.05877593E-01
 8.16354613E-01
 7.87802354E-01
 8.49729289E-01
 9.11021997E-01
 8.54322660E-01
 8.47371000E-01
 9.11725220E-01
 8.91020050E-01
 9.05196857E-01
 7.84729439E-01
 7.93838342E-01
 7.42178755E-01
 7.86151055E-01
 8.46217948E-01
 7.42268340E-01
 6.70592275E-01
 7.21920618E-01
 7.85287298E-01
 7.21107746E-01
 7.63659752E-01
 8.45511322E-01
 8.13704062E-01
 7.84975992E-01
 8.47592023E-01
 9.10324456E-01
 7.85102694E-01
 7.20544541E-01
 7.62868217E-01
 8.47303082E-01
 7.63926126E-01
 0.00000000E+00
 8.51023323E-01
 8.44510602E-01
 9.10062046E-01
 8.44131459E-01
 8.15922316E-01
 0.00000000E+00
 8.88796132E-01
 9.05044795E-01
 0.00000000E+00
 0.00000000E+00
 8.61470734E-01
 8.26119886E-01
 8.54303387E-01
 8.92123318E-01
 8.25888578E-01
 7.95625121E-01
 8.47408166E-01
 8.53169425E-01
 8.46274509E-01
 9.11009877E-01
 8.91134015E-01
 8.23909052E-01
 7.93416200E-01
 8.45687810E-01
 8.93072764E-01
 7.92983833E-01
 7.54911504E-01
 8.15997330E-01
 8.44254684E-01
 8.15748040E-01
 8.51307805E-01
 8.44933457E-01
 9.10519046E-01
 8.44510372E-01
 8.16435015E-01
 0.00000000E+00
 8.89027517E-01
 0.00000000E+00
 8.78553631E-01
 8.55833372E-01
 8.91199750E-01
 8.55404102E-01
 8.45882982E-01
 8.90036165E-01
 8.53760238E-01
 8.44336115E-01
 9.04673683E-01
 8.43577817E-01
 8.88721911E-01
 8.97599937E-01
 8.83108679E-01
 9.18747022E-01
 8.82434352E-01
 8.84538585E-01
 8.08535009E-01
 8.81199679E-01
 8.83805157E-01
 0.00000000E+00
 0.00000000E+00
 9.18709695E-01
 0.00000000E+00
 7.92159831E-01
 7.00369933E-01
 6.91969844E-01
 7.27985758E-01
 7.63408132E-01
 8.01677364E-01
 8.42709597E-01
 7.02139940E-01
 5.87730626E-01
 5.98386909E-01
 6.59350642E-01
 7.19306839E-01
 7.72697381E-01
 6.94647568E-01
 5.99181694E-01
 6.39046038E-01
 7.13546836E-01
 7.86832392E-01
 8.39762834E-01
 7.31386798E-01
 6.61158051E-01
 7.14558219E-01
 7.87932190E-01
 7.66365582E-01
 7.20318509E-01
 7.86831503E-01
 8.04528885E-01
 7.73573720E-01
 8.39345314E-01
 8.45862674E-01
 6.97123244E-01
 5.81673349E-01
 5.93332548E-01
 6.55171938E-01
 7.15843027E-01
 7.70030208E-01
 8.17898375E-01
 5.83332532E-01
 4.46309572E-01
 4.92632305E-01
 5.95450435E-01
 6.96277683E-01
 7.70226075E-01
 5.94961723E-01
 4.92272268E-01
 5.77877043E-01
 6.95532882E-01
 8.10849086E-01
 6.57421734E-01
 5.96248983E-01
 6.96991318E-01
 7.88545170E-01
 7.17114693E-01
 6.95872268E-01
 8.11288079E-01
 7.71103390E-01
 7.69936424E-01
 8.20651292E-01
 6.86508547E-01
 5.90823399E-01
 6.33872129E-01
 7.10022921E-01
 7.84480637E-01
 8.38340653E-01
 5.91533918E-01
 4.89843856E-01
 5.77906526E-01
 6.96507116E-01
 8.12300882E-01
 6.33228733E-01
 5.76075478E-01
 6.99430154E-01
 8.22131364E-01
 7.09835438E-01
 6.96010465E-01
 8.24000831E-01
 7.83372280E-01
 8.11537766E-01
 2.26368629E+00
 7.21042555E-01
 6.50734281E-01
 7.08237290E-01
 7.84057047E-01
 6.50847736E-01
 5.90686500E-01
 6.94818077E-01
 7.06766730E-01
 6.92792550E-01
 8.21563361E-01
 7.83185524E-01
 7.55984091E-01
 7.11226138E-01
 7.82949895E-01
 8.58067442E-01
 7.10839511E-01
 6.92451087E-01
 8.12098726E-01
 7.81168370E-01
 8.11013776E-01
 7.94528384E-01
 7.66413523E-01
 8.38583414E-01
 7.65413985E-01
 7.70521501E-01
 0.00000000E+00
 8.36772235E-01
 7.00158469E-01
 5.85441114E-01
 5.96563178E-01
 6.57838817E-01
 7.18008277E-01
 7.71723776E-01
 5.86815065E-01
 4.50655061E-01
 4.96378182E-01
 5.98345592E-01
 6.98438200E-01
 7.71820188E-01
 5.97701577E-01
 4.95763533E-01
 5.80993858E-01
 6.97790154E-01
 6.59357069E-01
 5.98534864E-01
 6.98858479E-01
 7.18466414E-01
 6.97326497E-01
 7.71937263E-01
 5.80446659E-01
 4.42835208E-01
 4.89694417E-01
 5.93348700E-01
 6.94776717E-01
 4.44221142E-01
 2.69492976E-01
 3.48391759E-01
 5.17112626E-01
 4.90006227E-01
 3.47268842E-01
 4.48084848E-01
 5.93875365E-01
 5.17254918E-01
 6.93798387E-01
 5.88676461E-01
 4.86354792E-01
 5.74863040E-01
 6.94662138E-01
 4.87033130E-01
 3.44539375E-01
 4.46835839E-01
 5.73838011E-01
 4.45628221E-01
 5.29076913E-01
 6.94077080E-01
 6.48125439E-01
 5.87798918E-01
 6.92726972E-01
 5.87465452E-01
 5.11658354E-01
 6.90512946E-01
 7.08360193E-01
 6.90302789E-01
 8.11031723E-01
 6.89207016E-01
 7.63427519E-01
 6.90041325E-01
 5.94424416E-01
 6.35984052E-01
 7.11434634E-01
 7.85323958E-01
 8.38812987E-01
 5.94908820E-01
 4.93352746E-01
 5.80084041E-01
 6.97645063E-01
 8.12637931E-01
 6.35155259E-01
 5.78312966E-01
 7.01249974E-01
 8.22989112E-01
 7.10876044E-01
 6.96904399E-01
 8.24510113E-01
 7.83912708E-01
 8.11670574E-01
 2.25530978E+00
 5.89533592E-01
 4.86632256E-01
 5.74124943E-01
 6.93675885E-01
 4.87341767E-01
 3.44638532E-01
 4.46567451E-01
 5.73356386E-01
 4.45575576E-01
 5.29692484E-01
 6.93344147E-01
 6.29002195E-01
 5.71744412E-01
 6.96378570E-01
 8.21260102E-01
 5.72495451E-01
 4.43887357E-01
 5.27681135E-01
 6.96570168E-01
 5.30144918E-01
 0.00000000E+00
 7.03292864E-01
 6.90268198E-01
 8.20703584E-01
 6.89927784E-01
 6.33301524E-01
 0.00000000E+00
 7.78536106E-01
 8.10675465E-01
 0.00000000E+00
 0.00000000E+00
 7.24433431E-01
 6.54071395E-01
 7.10090211E-01
 7.85289571E-01
 6.53950348E-01
 5.93707011E-01
 6.96537000E-01
 7.08447651E-01
 6.94605336E-01
 8.23025531E-01
 7.84032565E-01
 6.49563902E-01
 5.88824817E-01
 6.92779358E-01
 7.87004130E-01
 5.88427797E-01
 5.12562425E-01
 6.33707945E-01
 6.90678810E-01
 6.33468809E-01
 7.04024288E-01
 6.91273858E-01
 8.21704738E-01
 6.90835013E-01
 6.34491986E-01
 0.00000000E+00
 7.79099758E-01
 0.00000000E+00
 7.58489507E-01
 7.13260653E-01
 7.83536621E-01
 7.12715917E-01
 6.93679507E-01
 7.81727750E-01
 7.09076773E-01
 6.90257134E-01
 8.10158352E-01
 6.89142115E-01
 7.78598516E-01
 7.96416387E-01
 7.67544524E-01
 8.38275934E-01
 7.66488936E-01
 7.70324204E-01
 2.31235762E+00
 7.63751224E-01
 7.68640206E-01
 0.00000000E+00
 0.00000000E+00
 8.38429633E-01
 0.00000000E+00
 6.90895487E-01
 5.55287710E-01
 5.43512816E-01
 5.95663642E-01
 6.46957388E-01
 7.03354275E-01
 7.64709992E-01
 5.58114141E-01
 3.90341877E-01
 4.07809368E-01
 4.95596744E-01
 5.81939423E-01
 6.60120078E-01
 5.47933609E-01
 4.09273801E-01
 4.70700429E-01
 5.77911470E-01
 6.83389567E-01
 7.60479611E-01
 6.01453457E-01
 4.98906795E-01
 5.79678880E-01
 6.86780974E-01
 6.52397935E-01
 5.84393548E-01
 6.83853023E-01
 7.08853658E-01
 6.62557063E-01
 7.60363714E-01
 7.70657200E-01
 5.50415614E-01
 3.81066643E-01
 4.00081527E-01
 4.89144827E-01
 5.76531809E-01
 6.55918105E-01
 7.27501917E-01
 3.83895483E-01
 1.85579948E-01
 2.57893000E-01
 4.04876918E-01
 5.49035831E-01
 6.56334055E-01
 4.03257132E-01
 2.57800851E-01
 3.89391590E-01
 5.56925235E-01
 7.21183604E-01
 4.93674624E-01
 4.06956418E-01
 5.59386545E-01
 6.91125467E-01
 5.79981985E-01
 5.49616739E-01
 7.22187915E-01
 6.59247422E-01
 6.56949352E-01
 7.32817294E-01
 5.35388716E-01
 3.96426894E-01
 4.62773592E-01
 5.72383854E-01
 6.79569809E-01
 7.58068838E-01
 3.97923137E-01
 2.54045669E-01
 3.89459671E-01
 5.58328721E-01
 7.23250967E-01
 4.62631320E-01
 3.87146360E-01
 5.75938099E-01
 7.48919818E-01
 5.73264530E-01
 5.58277732E-01
 7.51758196E-01
 6.79250434E-01
 7.22650067E-01
 3.49563772E+00
 5.85340573E-01
 4.82652750E-01
 5.69795916E-01
 6.80604126E-01
 4.83305600E-01
 3.98194383E-01
 5.55975760E-01
 5.68454075E-01
 5.53354953E-01
 7.48144375E-01
 6.80346910E-01
 6.35908208E-01
 5.69761445E-01
 6.77357047E-01
 7.88793105E-01
 5.69669968E-01
 5.43677741E-01
 7.22988150E-01
 6.75485209E-01
 7.21551709E-01
 6.92727516E-01
 6.50632834E-01
 7.58413561E-01
 6.49601847E-01
 6.56814236E-01
 0.00000000E+00
 7.55946479E-01
 5.55474652E-01
 3.87376736E-01
 4.05532811E-01
 4.93684461E-01
 5.80253954E-01
 6.58855017E-01
 3.89759940E-01
 1.92873377E-01
 2.64152519E-01
 4.09768381E-01
 5.52734259E-01
 6.59094406E-01
 4.07932594E-01
 2.63654851E-01
 3.94488273E-01
 5.60640152E-01
 4.97038092E-01
 4.10867916E-01
 5.62490084E-01
 5.82359413E-01
 5.52141992E-01
 6.60731252E-01
 3.79806856E-01
 1.80732146E-01
 2.53852843E-01
 4.01967675E-01
 5.46923340E-01
 1.83357591E-01
 6.47330200E-02
 5.90945304E-02
 2.97755207E-01
 2.55383712E-01
 5.80407703E-02
 2.15702279E-01
 4.04280587E-01
 2.99013342E-01
 5.47239773E-01
 3.93719881E-01
 2.48994474E-01
 3.85113158E-01
 5.55676999E-01
 2.50617806E-01
 5.38018974E-02
 2.13911348E-01
 3.84596436E-01
 2.12658284E-01
 3.45666239E-01
 5.56054157E-01
 4.79147464E-01
 3.93844662E-01
 5.52881932E-01
 3.93976167E-01
 2.90142954E-01
 5.50545341E-01
 5.65783032E-01
 5.40335221E-01
 7.21343643E-01
 5.39289918E-01
 6.46436742E-01
 5.41487190E-01
 4.02788119E-01
 4.66723399E-01
 5.75158843E-01
 6.81371213E-01
 7.59203758E-01
 4.03906797E-01
 2.60305413E-01
 3.93397880E-01
 5.60565543E-01
 7.24146605E-01
 4.66233110E-01
 3.91141372E-01
 5.78919880E-01
 7.50361394E-01
 5.75361834E-01
 5.60067583E-01
 7.52663699E-01
 6.80428731E-01
 7.23126142E-01
 7.59357056E-01
 3.95401373E-01
 2.49838150E-01
 3.84294581E-01
 5.54427639E-01
 2.51489955E-01
 5.43609074E-02
 2.13746918E-01
 3.84136020E-01
 2.12802054E-01
 3.46675761E-01
 5.55139231E-01
 4.56347493E-01
 3.80932276E-01
 5.71756113E-01
 7.47779212E-01
 3.82629398E-01
 2.10263525E-01
 3.43792847E-01
 5.72815008E-01
 3.47486176E-01
 0.00000000E+00
 5.63061555E-01
 5.49553345E-01
 7.46949117E-01
 5.49598662E-01
 4.75895226E-01
 0.00000000E+00
 6.71258776E-01
 7.20897530E-01
 0.00000000E+00
 0.00000000E+00
 5.91324948E-01
 4.88706779E-01
 5.73379108E-01
 6.83058970E-01
 4.88953266E-01
 4.03753332E-01
 5.59184562E-01
 5.71683448E-01
 5.56656537E-01
 7.50508530E-01
 6.82084966E-01
 4.81902795E-01
 3.96000351E-01
 5.53337691E-01
 6.88913873E-01
 3.96002954E-01
 2.92052608E-01
 4.76642062E-01
 5.51120514E-01
 4.76430331E-01
 5.64355500E-01
 5.51217866E-01
 7.48489601E-01
 5.51104174E-01
 4.77796726E-01
 0.00000000E+00
 6.73906263E-01
 0.00000000E+00
 6.40586803E-01
 5.73851035E-01
 6.78972663E-01
 5.73461900E-01
 5.46474750E-01
 6.76956898E-01
 5.67547394E-01
 5.40939466E-01
 7.20396353E-01
 5.39825446E-01
 6.71640931E-01
 6.96406967E-01
 6.53253780E-01
 7.58570686E-01
 6.52081418E-01
 6.57321377E-01
 3.57647886E+00
 6.47593979E-01
 6.54484439E-01
 0.00000000E+00
 0.00000000E+00
 7.59118523E-01
 0.00000000E+00
 5.95288267E-01
 4.21095979E-01
 4.08364510E-01
 4.71490480E-01
 5.33583716E-01
 6.05544221E-01
 6.87106002E-01
 4.24926275E-01
 2.13867406E-01
 2.42795395E-01
 3.47339368E-01
 4.50170750E-01
 5.48176330E-01
 4.14391079E-01
 2.44741527E-01
 3.33316338E-01
 4.60915476E-01
 5.86468387E-01
 6.81669954E-01
 4.79692636E-01
 3.52053503E-01
 4.63332242E-01
 5.96783719E-01
 5.41819828E-01
 4.54290793E-01
 5.87453689E-01
 6.14212118E-01
 5.52637469E-01
 6.82060065E-01
 6.96371391E-01
 4.14720781E-01
 2.01769614E-01
 2.32894477E-01
 3.38846300E-01
 4.42816836E-01
 5.42342816E-01
 6.37509705E-01
 2.05690731E-01
 3.39883473E-02
 7.35128925E-02
 2.44487951E-01
 4.12205363E-01
 5.43032277E-01
 2.37382763E-01
 7.33355101E-02
 2.62000609E-01
 4.54745648E-01
 6.43783869E-01
 3.45707282E-01
 2.47618819E-01
 4.57949960E-01
 6.15239306E-01
 4.48984972E-01
 4.14037483E-01
 6.45278282E-01
 5.48780964E-01
 5.45075156E-01
 6.45998439E-01
 3.97883490E-01
 2.28375868E-01
 3.23844737E-01
 4.53980039E-01
 5.81260030E-01
 6.78143100E-01
 2.30608147E-01
 6.92110951E-02
 2.63254159E-01
 4.57156845E-01
 6.46590664E-01
 3.23973892E-01
 2.60044859E-01
 5.27850909E-01
 7.20315221E-01
 4.55972658E-01
 4.57171742E-01
 7.23679268E-01
 5.82203936E-01
 6.46081694E-01
 6.80655049E-01
 4.58059008E-01
 3.30627131E-01
 4.50757055E-01
 5.88702607E-01
 3.31944299E-01
 2.36580803E-01
 4.54429532E-01
 4.49683758E-01
 4.51102234E-01
 7.19489885E-01
 5.89347288E-01
 5.19053546E-01
 4.34084028E-01
 5.78468591E-01
 7.23452449E-01
 4.34532489E-01
 4.05711660E-01
 6.46348726E-01
 5.76874699E-01
 6.44551340E-01
 5.91504166E-01
 5.35469077E-01
 6.78584369E-01
 5.34683604E-01
 5.43751287E-01
 0.00000000E+00
 6.75601933E-01
 4.21974428E-01
 2.10747265E-01
 2.40597029E-01
 3.45400118E-01
 4.48337302E-01
 5.46781013E-01
 2.14078055E-01
 2.37692547E-02
 8.20749681E-02
 2.51375218E-01
 4.17628327E-01
 5.47202025E-01
 2.44066077E-01
 8.13917816E-02
 2.68686503E-01
 4.59758815E-01
 3.50652597E-01
 2.53194137E-01
 4.62163339E-01
 4.52582270E-01
 4.17791828E-01
 5.51073229E-01
 2.00821639E-01
 3.95274195E-02
 6.90827119E-02
 2.41194524E-01
 4.09672496E-01
 3.57843412E-02
 3.18035356E-01
 1.31283913E-01
 1.37346266E-01
 7.14127981E-02
 1.32880921E-01
 1.03445087E-01
 2.45255568E-01
 1.39176060E-01
 4.11871804E-01
 2.25455016E-01
 6.32810377E-02
 2.58328434E-01
 4.54071357E-01
 6.57406020E-02
 1.36847981E-01
 1.03159921E-01
 2.57826112E-01
 1.01108059E-01
 3.10224327E-01
 4.55181835E-01
 3.26529485E-01
 2.31110215E-01
 4.50696197E-01
 2.31860535E-01
 1.28727876E-01
 4.48283296E-01
 4.29225965E-01
 4.01223667E-01
 6.44192372E-01
 4.00536561E-01
 5.30243182E-01
 4.06776062E-01
 2.37561689E-01
 3.29471323E-01
 4.58164832E-01
 5.84250416E-01
 6.80221544E-01
 2.39287815E-01
 7.78936874E-02
 2.68233032E-01
 4.60186034E-01
 6.48098611E-01
 3.29161352E-01
 2.65171563E-01
 5.30942257E-01
 7.21769350E-01
 4.59199361E-01
 4.59638262E-01
 7.24492039E-01
 5.84187657E-01
 6.46954186E-01
 6.81318507E-01
 2.27985855E-01
 6.45259341E-02
 2.57092078E-01
 4.52412726E-01
 6.70335677E-02
 1.36330835E-01
 1.02359013E-01
 2.57116331E-01
 1.00783933E-01
 3.10774574E-01
 4.53984042E-01
 3.16514129E-01
 2.53489181E-01
 5.24116276E-01
 7.19602808E-01
 2.56052515E-01
 9.94188196E-02
 3.09043947E-01
 5.25479746E-01
 3.12606765E-01
 0.00000000E+00
 4.42778053E-01
 4.46778767E-01
 7.18632596E-01
 4.47379429E-01
 3.90826625E-01
 0.00000000E+00
 5.71063564E-01
 6.43678335E-01
 0.00000000E+00
 0.00000000E+00
 4.67016040E-01
 3.39686455E-01
 4.56125178E-01
 5.92511724E-01
 3.40421463E-01
 2.44662054E-01
 4.58736841E-01
 4.54530656E-01
 4.55548387E-01
 7.22049571E-01
 5.92085581E-01
 3.30761817E-01
 2.34365163E-01
 4.51296596E-01
 6.12929023E-01
 2.34929247E-01
 1.31264194E-01
 3.91367039E-01
 4.49050594E-01
 3.90665816E-01
 4.44641094E-01
 4.48980220E-01
 7.20487529E-01
 4.49366820E-01
 3.93156699E-01
 0.00000000E+00
 5.80807345E-01
 0.00000000E+00
 5.26434477E-01
 4.40768154E-01
 5.81430114E-01
 4.40749292E-01
 4.10460785E-01
 5.79531694E-01
 4.32393743E-01
 4.02741775E-01
 6.43210419E-01
 4.01919482E-01
 5.71885724E-01
 5.97534360E-01
 5.40191599E-01
 6.79615781E-01
 5.39139684E-01
 5.45495152E-01
 4.64856132E+00
 5.32676554E-01
 5.41317544E-01
 0.00000000E+00
 0.00000000E+00
 6.80741441E-01
 0.00000000E+00
 5.00196971E-01
 2.87618034E-01
 2.73923427E-01
 3.47957126E-01
 4.20783786E-01
 5.08218121E-01
 6.09875379E-01
 2.92519554E-01
 3.84069903E-02
 7.87072447E-02
 1.99898138E-01
 3.19111286E-01
 4.36816764E-01
 2.81703722E-01
 8.12306696E-02
 1.96752356E-01
 3.44600054E-01
 4.90094132E-01
 6.03285165E-01
 3.58793215E-01
 2.06196958E-01
 3.47733101E-01
 5.07336653E-01
 4.32111941E-01
 3.25153926E-01
 4.91714692E-01
 5.20396527E-01
 4.43587233E-01
 6.04292230E-01
 6.22784569E-01
 2.79720425E-01
 2.33721227E-02
 6.65262384E-02
 1.89266903E-01
 3.09723719E-01
 4.29276331E-01
 5.47901431E-01
 2.85270858E-02
 2.52312949E-01
 1.09863397E-01
 8.49464523E-02
 2.76071252E-01
 4.30275794E-01
 7.26182729E-02
 1.09957326E-01
 1.35358924E-01
 3.53141773E-01
 5.66797575E-01
 1.98893077E-01
 8.94402376E-02
 3.57174859E-01
 5.39802225E-01
 3.19183373E-01
 2.79574287E-01
 5.68900627E-01
 4.39468585E-01
 4.34125726E-01
 5.60017858E-01
 2.61073945E-01
 6.11534749E-02
 1.85577616E-01
 3.36120960E-01
 4.83382477E-01
 5.98546803E-01
 6.43084303E-02
 1.14551332E-01
 1.37732011E-01
 3.56505934E-01
 5.70299045E-01
 1.86319084E-01
 1.33785897E-01
 4.80014830E-01
 6.91845407E-01
 3.39704617E-01
 3.56844706E-01
 6.95751567E-01
 4.86165008E-01
 5.70127392E-01
 6.02996234E-01
 3.31429300E-01
 1.79356402E-01
 3.32282083E-01
 4.97210358E-01
 1.81558869E-01
 7.59519659E-02
 3.53445775E-01
 3.31859672E-01
 3.49576195E-01
 6.90985997E-01
 4.99228055E-01
 4.02812142E-01
 2.99090252E-01
 4.80041660E-01
 6.58377615E-01
 3.00323368E-01
 2.68614104E-01
 5.70105377E-01
 4.79115375E-01
 5.68052917E-01
 4.90829380E-01
 4.20887542E-01
 5.99083077E-01
 4.20599865E-01
 4.31301217E-01
 0.00000000E+00
 5.95711770E-01
 2.89489696E-01
 3.54375409E-02
 7.68681416E-02
 1.98178894E-01
 3.17343898E-01
 4.35468016E-01
 3.98473311E-02
 2.38669554E-01
 9.85856991E-02
 9.41823444E-02
 2.83513763E-01
 4.36094523E-01
 8.16742914E-02
 9.93003260E-02
 1.43903768E-01
 3.59664103E-01
 2.05721605E-01
 9.69959865E-02
 3.62694660E-01
 3.24235549E-01
 2.84791869E-01
 4.42729014E-01
 2.30561200E-02
 2.58322084E-01
 1.14496216E-01
 8.14276019E-02
 2.73249001E-01
 2.53229273E-01
 5.69454689E-01
 3.20325674E-01
 2.19829883E-02
 1.10941166E-01
 3.22244286E-01
 8.00827354E-03
 8.78446288E-02
 1.92065332E-02
 2.78074401E-01
 5.82821526E-02
 1.21266989E-01
 1.32299691E-01
 3.53042999E-01
 1.17717229E-01
 3.26126680E-01
 6.88271832E-03
 1.32186484E-01
 9.58325551E-03
 2.74955322E-01
 3.55367857E-01
 1.74886390E-01
 6.93713971E-02
 3.49089419E-01
 7.10221593E-02
 3.15286561E-02
 3.46980533E-01
 2.93543128E-01
 2.62944083E-01
 5.67425988E-01
 2.62911516E-01
 4.14806197E-01
 2.73282214E-01
 7.37946738E-02
 1.93398042E-01
 3.42146771E-01
 4.87911488E-01
 6.01846565E-01
 7.62897046E-02
 1.02785891E-01
 1.44198571E-01
 3.60675931E-01
 5.72674979E-01
 1.93562676E-01
 1.40468884E-01
 4.83379473E-01
 6.93406565E-01
 3.44416221E-01
 3.60286573E-01
 6.96557633E-01
 4.89197869E-01
 5.71580633E-01
 6.04193335E-01
 6.19241154E-02
 1.19334369E-01
 1.30841934E-01
 3.51128340E-01
 1.15729900E-01
 3.25372584E-01
 8.15645071E-03
 1.31404584E-01
 1.02211888E-02
 2.75099435E-01
 3.54010311E-01
 1.77746377E-01
 1.26970387E-01
 4.76785443E-01
 6.91594868E-01
 1.30601916E-01
 1.05479305E-02
 2.74499615E-01
 4.78593707E-01
 2.77957085E-01
 0.00000000E+00
 3.23387363E-01
 3.44712466E-01
 6.90477990E-01
 3.46073694E-01
 3.06348623E-01
 0.00000000E+00
 4.71608186E-01
 5.66903956E-01
 0.00000000E+00
 0.00000000E+00
 3.43948654E-01
 1.92113299E-01
 3.39968705E-01
 5.02774209E-01
 1.93522348E-01
 8.72407947E-02
 3.59274325E-01
 3.38794886E-01
 3.55559600E-01
 6.93851644E-01
 5.03276398E-01
 1.80990707E-01
 7.41377539E-02
 3.50089626E-01
 5.37513347E-01
 7.55223686E-02
 2.79896059E-02
 3.06792129E-01
 3.48162257E-01
 3.05690064E-01
 3.25951203E-01
 3.47558253E-01
 6.92675067E-01
 3.48643226E-01
 3.09186081E-01
 0.00000000E+00
 4.88481708E-01
 0.00000000E+00
 4.13499090E-01
 3.09052224E-01
 4.84835263E-01
 3.09607825E-01
 2.75948000E-01
 4.83374179E-01
 2.98566836E-01
 2.65820719E-01
 5.66649321E-01
 2.65558656E-01
 4.73060555E-01
 4.99765141E-01
 4.28319369E-01
 6.01396287E-01
 4.27599356E-01
 4.34811010E-01
 5.56433979E+00
 4.18954381E-01
 4.29119590E-01
 0.00000000E+00
 0.00000000E+00
 6.03268146E-01
 0.00000000E+00
 5.01498712E-01
 2.89406540E-01
 2.75684009E-01
 3.49564799E-01
 4.22243144E-01
 5.09458283E-01
 6.10831778E-01
 2.94523760E-01
 4.09916874E-02
 8.10470954E-02
 2.01975210E-01
 3.20936902E-01
 4.38332598E-01
 2.83955818E-01
 8.39156934E-02
 1.98895170E-01
 3.46374787E-01
 4.91525886E-01
 6.04403977E-01
 3.61123441E-01
 2.08906179E-01
 3.49770691E-01
 5.08822977E-01
 4.34507995E-01
 3.27827357E-01
 4.93550141E-01
 5.22699681E-01
 4.46018568E-01
 6.05786015E-01
 6.24756251E-01
 2.81450707E-01
 2.55800082E-02
 6.85008891E-02
 1.91032386E-01
 3.11289370E-01
 4.30578372E-01
 5.48882533E-01
 3.11844253E-02
 2.49180480E-01
 1.07392546E-01
 8.70531197E-02
 2.77841607E-01
 4.31688235E-01
 7.55557218E-02
 1.06856740E-01
 1.37310383E-01
 3.54612322E-01
 5.67854066E-01
 2.02025281E-01
 9.26268312E-02
 3.59011121E-01
 5.40997511E-01
 3.22434078E-01
 2.82636410E-01
 5.70360282E-01
 4.42579726E-01
 4.36601895E-01
 5.62242773E-01
 2.62793737E-01
 6.31526140E-02
 1.87113218E-01
 3.37414643E-01
 4.84451838E-01
 5.99387564E-01
 6.68957118E-02
 1.11873811E-01
 1.39343875E-01
 3.57731547E-01
 5.71196529E-01
 1.88997385E-01
 1.36055886E-01
 4.80660128E-01
 6.92105345E-01
 3.42504119E-01
 3.59042688E-01
 6.96183981E-01
 4.88880900E-01
 5.71781225E-01
 6.04996283E-01
 3.33060635E-01
 1.81216572E-01
 3.33629791E-01
 4.98193303E-01
 1.84062849E-01
 7.84496234E-02
 3.54802584E-01
 3.34370760E-01
 3.51519349E-01
 6.91301895E-01
 5.01597868E-01
 4.04367857E-01
 3.00817742E-01
 4.81190678E-01
 6.59028249E-01
 3.02711668E-01
 2.70841968E-01
 5.71067444E-01
 4.81340265E-01
 5.69323760E-01
 4.92231198E-01
 4.22381973E-01
 5.99914670E-01
 4.22747970E-01
 4.32861326E-01
 0.00000000E+00
 5.96877296E-01
 2.92077779E-01
 3.87991233E-02
 7.99359304E-02
 2.00877931E-01
 3.19689881E-01
 4.37404211E-01
 4.36265946E-02
 2.34107666E-01
 9.48634469E-02
 9.72990573E-02
 2.86064160E-01
 4.38107248E-01
 8.56302951E-02
 9.50018143E-02
 1.46771163E-01
 3.61801207E-01
 2.09662009E-01
 1.01077672E-01
 3.65145920E-01
 3.28086929E-01
 2.88464404E-01
 4.46237098E-01
 2.61384766E-02
 2.54647450E-01
 1.11549692E-01
 8.39259719E-02
 2.75328835E-01
 2.48800227E-01
 5.64521048E-01
 3.16842098E-01
 1.92317910E-02
 1.06508200E-01
 3.17818652E-01
 5.61303056E-03
 9.23069527E-02
 1.50286008E-02
 2.82309051E-01
 6.10170844E-02
 1.18403148E-01
 1.34065134E-01
 3.54391560E-01
 1.13997486E-01
 3.22523721E-01
 5.10114769E-03
 1.35423670E-01
 6.92824340E-03
 2.75462523E-01
 3.58435966E-01
 1.77338040E-01
 7.18379322E-02
 3.50444842E-01
 7.43481963E-02
 2.85213842E-02
 3.49657420E-01
 2.95761141E-01
 2.65045316E-01
 5.68337382E-01
 2.65828199E-01
 4.16741958E-01
 2.76405830E-01
 7.75596462E-02
 1.96452060E-01
 3.44650386E-01
 4.89898913E-01
 6.03383620E-01
 8.05672910E-02
 9.81235856E-02
 1.47328176E-01
 3.63003525E-01
 5.74285744E-01
 1.97609862E-01
 1.44165116E-01
 4.84868694E-01
 6.94151875E-01
 3.48202411E-01
 3.63414764E-01
 6.97423244E-01
 4.92549211E-01
 5.73743117E-01
 6.06555963E-01
 6.53908581E-02
 1.15607626E-01
 1.33273011E-01
 3.52960861E-01
 1.11189703E-01
 3.20813995E-01
 5.65928095E-03
 1.35232812E-01
 6.90462069E-03
 2.76065556E-01
 3.57460315E-01
 1.80462585E-01
 1.29309326E-01
 4.77485958E-01
 6.91896156E-01
 1.33716175E-01
 7.99164961E-03
 2.74956400E-01
 4.80311649E-01
 2.78867295E-01
 6.99049497E-01
 3.25656024E-01
 3.46487002E-01
 6.90732724E-01
 3.48552119E-01
 3.07785558E-01
 0.00000000E+00
 4.73496680E-01
 5.67980140E-01
 0.00000000E+00
 0.00000000E+00
 3.47126750E-01
 1.95839707E-01
 3.42810558E-01
 5.04850700E-01
 1.97793872E-01
 9.16869101E-02
 3.61965648E-01
 3.42617555E-01
 3.58733881E-01
 6.94737944E-01
 5.06487855E-01
 1.84507288E-01
 7.77790066E-02
 3.52252425E-01
 5.38940597E-01
 7.99563548E-02
 2.37942701E-02
 3.08686797E-01
 3.51535721E-01
 3.07983640E-01
 3.28589150E-01
 3.49674748E-01
 6.93084559E-01
 3.51440233E-01
 3.10943516E-01
 0.00000000E+00
 4.90470997E-01
 0.00000000E+00
 4.16592902E-01
 3.12539269E-01
 4.87258122E-01
 3.13650769E-01
 2.79841984E-01
 4.86689283E-01
 3.01950799E-01
 2.69094654E-01
 5.68230192E-01
 2.69574584E-01
 4.75448015E-01
 5.02557469E-01
 4.31335899E-01
 6.03248047E-01
 4.31168470E-01
 4.37695914E-01
 5.12594046E+00
 4.21990026E-01
 4.31559226E-01
 0.00000000E+00
 0.00000000E+00
 6.05559934E-01
 0.00000000E+00
 5.98401238E-01
 4.25363654E-01
 4.12557103E-01
 4.75329954E-01
 5.37081807E-01
 6.08523485E-01
 6.89403465E-01
 4.29724145E-01
 2.20038402E-01
 2.48364164E-01
 3.52297291E-01
 4.54547463E-01
 5.51820917E-01
 4.19796132E-01
 2.51169601E-01
 3.38424942E-01
 4.65153685E-01
 5.89901729E-01
 6.84362661E-01
 4.85306536E-01
 3.58575414E-01
 4.68227504E-01
 6.00352132E-01
 5.47604842E-01
 4.60745811E-01
 5.91882779E-01
 6.19777834E-01
 5.58514107E-01
 6.85669427E-01
 7.01136996E-01
 4.18845895E-01
 2.07009221E-01
 2.37555406E-01
 3.43036418E-01
 4.46560516E-01
 5.45470900E-01
 6.39866454E-01
 2.12038366E-01
 2.65453340E-02
 7.93341821E-02
 2.49475146E-01
 4.16433321E-01
 5.46427953E-01
 2.44429718E-01
 8.07410863E-02
 2.66606656E-01
 4.58214910E-01
 6.46295960E-01
 3.53257336E-01
 2.55293697E-01
 4.62349608E-01
 6.18084425E-01
 4.56824722E-01
 4.21423449E-01
 6.48787466E-01
 5.56270161E-01
 5.51030054E-01
 6.51334953E-01
 4.01974524E-01
 2.33095660E-01
 3.27426257E-01
 4.57020319E-01
 5.83805060E-01
 6.80162586E-01
 2.36782119E-01
 7.55464617E-02
 2.66984798E-01
 4.60002450E-01
 6.48707732E-01
 3.30407052E-01
 2.65462210E-01
 5.29303946E-01
 7.20841289E-01
 4.62733120E-01
 4.62479328E-01
 7.24677174E-01
 5.88752692E-01
 6.50060066E-01
 6.85451270E-01
 4.61954004E-01
 3.35046691E-01
 4.53929578E-01
 5.91021472E-01
 3.37940084E-01
 2.42530546E-01
 4.57604856E-01
 4.55726915E-01
 4.55759415E-01
 7.20165959E-01
 5.95067855E-01
 5.22782933E-01
 4.38218350E-01
 5.81206885E-01
 7.24998842E-01
 4.40265701E-01
 4.11049348E-01
 6.48622658E-01
 5.82226843E-01
 6.47584830E-01
 5.94871577E-01
 5.39060183E-01
 6.80580886E-01
 5.39845011E-01
 5.47496657E-01
 6.83977706E-01
 6.78402538E-01
 4.28186124E-01
 2.18810599E-01
 2.47948710E-01
 3.51869906E-01
 4.53966019E-01
 5.51430457E-01
 2.23170633E-01
 1.27926150E-02
 9.10253437E-02
 2.58859536E-01
 4.23751413E-01
 5.52037520E-01
 2.53617900E-01
 9.17903806E-02
 2.75634465E-01
 4.64911025E-01
 3.60174099E-01
 2.63079420E-01
 4.68114616E-01
 4.61871859E-01
 4.26659355E-01
 5.59514472E-01
 2.08200292E-01
 3.07561292E-02
 7.60828706E-02
 2.47142244E-01
 4.14647140E-01
 2.51394900E-02
 3.06196786E-01
 1.22968235E-01
 1.43897785E-01
 8.21413425E-02
 1.22145719E-01
 1.09240821E-01
 2.56072552E-01
 1.49339324E-01
 4.22093363E-01
 2.31984076E-01
 7.00722659E-02
 2.62444127E-01
 4.57222367E-01
 7.46776738E-02
 1.28228602E-01
 1.07323024E-01
 2.65711167E-01
 1.07596590E-01
 3.11350586E-01
 4.62679942E-01
 3.32391870E-01
 2.36976521E-01
 4.53863413E-01
 2.39854870E-01
 1.35922699E-01
 4.54790046E-01
 4.34544643E-01
 4.06250853E-01
 6.46339920E-01
 4.07547240E-01
 5.34893853E-01
 4.14291791E-01
 2.46627654E-01
 3.36828526E-01
 4.64185204E-01
 5.89023086E-01
 6.83911693E-01
 2.49620411E-01
 8.91902719E-02
 2.75845443E-01
 4.65814610E-01
 6.51971638E-01
 3.38993925E-01
 2.74231955E-01
 5.34685243E-01
 7.23612668E-01
 4.68386608E-01
 4.67290537E-01
 7.26664242E-01
 5.92276826E-01
 6.52182925E-01
 6.86984528E-01
 2.36315875E-01
 7.34742699E-02
 2.62909110E-01
 4.56785104E-01
 7.80204172E-02
 1.25263607E-01
 1.08424353E-01
 2.66508187E-01
 1.09027410E-01
 3.13200970E-01
 4.62442622E-01
 3.23027692E-01
 2.59069932E-01
 5.25715464E-01
 7.20239857E-01
 2.63620819E-01
 1.05645306E-01
 3.10030612E-01
 5.29848789E-01
 3.14881243E-01
 7.27622115E-01
 4.48216390E-01
 4.51004162E-01
 7.19141848E-01
 4.53384900E-01
 3.94210855E-01
 7.23263718E-01
 5.75596592E-01
 6.46231359E-01
 0.00000000E+00
 0.00000000E+00
 4.74663679E-01
 3.48663189E-01
 4.62977942E-01
 5.97509362E-01
 3.50732281E-01
 2.55427877E-01
 4.65282484E-01
 4.63801091E-01
 4.63311342E-01
 7.24274509E-01
 5.99865399E-01
 3.39224524E-01
 2.43135852E-01
 4.56502895E-01
 6.16343799E-01
 2.45661577E-01
 1.41459082E-01
 3.95953439E-01
 4.57312855E-01
 3.96294207E-01
 4.50989194E-01
 4.54070334E-01
 7.21419905E-01
 4.56177415E-01
 3.97384747E-01
 7.25096169E-01
 5.85590863E-01
 0.00000000E+00
 5.33870098E-01
 4.49153759E-01
 5.87259476E-01
 4.50479821E-01
 4.19846612E-01
 5.87528143E-01
 4.40529439E-01
 4.10618633E-01
 6.47006087E-01
 4.11600767E-01
 5.77629502E-01
 6.04238836E-01
 5.47435413E-01
 6.84060500E-01
 5.47711137E-01
 5.52419517E-01
 6.86282173E-01
 5.39966871E-01
 5.47172970E-01
 0.00000000E+00
 0.00000000E+00
 6.86245054E-01
 0.00000000E+00
 6.94764946E-01
 5.60573150E-01
 5.48687727E-01
 6.00425625E-01
 6.51322579E-01
 7.07085628E-01
 7.67587170E-01
 5.64091029E-01
 3.97995713E-01
 4.14679964E-01
 5.01743546E-01
 5.87404578E-01
 6.64692526E-01
 5.54699326E-01
 4.17288581E-01
 4.77027346E-01
 5.83174015E-01
 6.87680773E-01
 7.63864613E-01
 6.08527831E-01
 5.07116712E-01
 5.85822648E-01
 6.91253470E-01
 6.59715532E-01
 5.92560346E-01
 6.89452021E-01
 7.15904537E-01
 6.70004227E-01
 7.64934148E-01
 7.76694997E-01
 5.55517004E-01
 3.87496171E-01
 4.05748353E-01
 4.94287317E-01
 5.81184560E-01
 6.59836268E-01
 7.30453173E-01
 3.91775015E-01
 1.94738435E-01
 2.64953490E-01
 4.10974979E-01
 5.54281689E-01
 6.60593302E-01
 4.12072286E-01
 2.67000436E-01
 3.95003358E-01
 5.61146249E-01
 7.24278926E-01
 5.03194410E-01
 4.16623876E-01
 5.64884300E-01
 6.94639739E-01
 5.89873425E-01
 5.58938816E-01
 7.26592853E-01
 6.68664323E-01
 6.64422297E-01
 7.39480704E-01
 5.40429101E-01
 4.02167416E-01
 4.67037528E-01
 5.76052237E-01
 6.82707906E-01
 7.60597374E-01
 4.05573641E-01
 2.61785822E-01
 3.93844714E-01
 5.61691327E-01
 7.25822490E-01
 4.70693677E-01
 3.93867640E-01
 5.77565741E-01
 7.49377941E-01
 5.81810879E-01
 5.64989905E-01
 7.52926811E-01
 6.87505693E-01
 7.27643648E-01
 7.65068619E-01
 5.90169222E-01
 4.88086690E-01
 5.73635074E-01
 6.83420576E-01
 4.90776623E-01
 4.05544975E-01
 5.59781126E-01
 5.76048164E-01
 5.59170084E-01
 7.48820715E-01
 6.87570747E-01
 6.40562545E-01
 5.74907324E-01
 6.80741326E-01
 7.90694984E-01
 5.76842296E-01
 5.50334681E-01
 7.25758462E-01
 6.82204664E-01
 7.25309681E-01
 6.96944497E-01
 6.55133161E-01
 7.60910922E-01
 6.56068711E-01
 6.61498651E-01
 7.63766512E-01
 7.59455722E-01
 5.63241956E-01
 3.97449656E-01
 4.14702505E-01
 5.01757548E-01
 5.87288241E-01
 6.64673350E-01
 4.01179209E-01
 2.06662263E-01
 2.75385179E-01
 4.19139119E-01
 5.60396463E-01
 6.65151250E-01
 4.20003745E-01
 2.76840229E-01
 4.03325402E-01
 5.67137253E-01
 5.09087618E-01
 4.23426834E-01
 5.70083864E-01
 5.94079707E-01
 5.63349794E-01
 6.71336673E-01
 3.88993768E-01
 1.91601861E-01
 2.62458909E-01
 4.09304975E-01
 5.53108279E-01
 1.96704709E-01
 4.99253928E-02
 6.94087712E-02
 3.05845560E-01
 2.68994895E-01
 7.17163392E-02
 2.23062462E-01
 4.18037827E-01
 3.12016572E-01
 5.60146016E-01
 4.01812023E-01
 2.57317548E-01
 3.90009496E-01
 5.59440213E-01
 2.61817638E-01
 6.45305648E-02
 2.18891368E-01
 3.94704261E-01
 2.21026708E-01
 3.46890327E-01
 5.65714323E-01
 4.86432970E-01
 4.01070215E-01
 5.56665272E-01
 4.03998962E-01
 2.99097472E-01
 5.58856030E-01
 5.72423944E-01
 5.46589333E-01
 7.23945509E-01
 5.48079363E-01
 6.52262379E-01
 5.50923642E-01
 4.14186201E-01
 4.75980284E-01
 5.82710760E-01
 6.87344173E-01
 7.63819506E-01
 4.16967225E-01
 2.74657951E-01
 4.03132352E-01
 5.67694034E-01
 7.29004506E-01
 4.78781783E-01
 4.02873470E-01
 5.83959737E-01
 7.52782662E-01
 5.87063221E-01
 5.69943391E-01
 7.55579708E-01
 6.90641105E-01
 7.29743979E-01
 7.66429225E-01
 4.05837442E-01
 2.61036830E-01
 3.91533609E-01
 5.59842100E-01
 2.65419579E-01
 6.84707024E-02
 2.21489136E-01
 3.96310980E-01
 2.23711852E-01
 3.49938282E-01
 5.66091264E-01
 4.64481195E-01
 3.87844750E-01
 5.73587999E-01
 7.48396951E-01
 3.92292088E-01
 2.18248141E-01
 3.44800597E-01
 5.78796126E-01
 3.50517449E-01
 7.55880588E-01
 5.69848382E-01
 5.54769070E-01
 7.47373353E-01
 5.57229657E-01
 4.79991854E-01
 7.51839092E-01
 6.76928662E-01
 7.24026882E-01
 0.00000000E+00
 0.00000000E+00
 6.00928417E-01
 4.99999776E-01
 5.82014657E-01
 6.89336672E-01
 5.01969437E-01
 4.17414781E-01
 5.67551096E-01
 5.83477017E-01
 5.66667848E-01
 7.53495080E-01
 6.91964387E-01
 4.92531289E-01
 4.07033366E-01
 5.59880817E-01
 6.93160761E-01
 4.09612351E-01
 3.05066619E-01
 4.82458301E-01
 5.61799782E-01
 4.83724166E-01
 5.72328401E-01
 5.57606099E-01
 7.49550388E-01
 5.59825934E-01
 4.83103402E-01
 7.53585939E-01
 6.79907289E-01
 0.00000000E+00
 6.49904599E-01
 5.84369860E-01
 6.86291064E-01
 5.85685093E-01
 5.58294476E-01
 6.87039172E-01
 5.77748515E-01
 5.50828779E-01
 7.25144437E-01
 5.52020360E-01
 6.78851799E-01
 7.04794919E-01
 6.62319274E-01
 7.64127746E-01
 6.62810072E-01
 6.65978342E-01
 7.65985312E-01
 6.56719039E-01
 6.61804608E-01
 6.64479918E-01
 0.00000000E+00
 7.66006347E-01
 0.00000000E+00
 7.95856335E-01
 7.05464770E-01
 6.96995787E-01
 7.32551257E-01
 7.67530045E-01
 8.05170391E-01
 8.45402630E-01
 7.07901602E-01
 5.95214763E-01
 6.05205789E-01
 6.65339156E-01
 7.24508576E-01
 7.76988991E-01
 7.01213958E-01
 6.07114798E-01
 6.45477984E-01
 7.18781843E-01
 7.90964387E-01
 8.42949410E-01
 7.38195443E-01
 6.69158773E-01
 7.20659005E-01
 7.92330913E-01
 7.73351348E-01
 7.28152471E-01
 7.92245137E-01
 8.11237161E-01
 7.80661312E-01
 8.43688888E-01
 8.51604573E-01
 7.02046951E-01
 5.87984659E-01
 5.98997292E-01
 6.60199049E-01
 7.20269171E-01
 7.73698679E-01
 8.20660453E-01
 5.91035038E-01
 4.55509496E-01
 4.99999210E-01
 6.01609054E-01
 7.01342757E-01
 7.74222110E-01
 6.03654953E-01
 5.01709934E-01
 5.84108641E-01
 7.00057238E-01
 8.13936364E-01
 6.66645801E-01
 6.05848383E-01
 7.02756241E-01
 7.92184886E-01
 7.26530513E-01
 7.04829293E-01
 8.15625162E-01
 7.79968490E-01
 7.76950253E-01
 8.26862313E-01
 6.91411735E-01
 5.96561432E-01
 6.38310002E-01
 7.13719342E-01
 7.87503510E-01
 8.40706532E-01
 5.99097667E-01
 4.97863358E-01
 5.82942885E-01
 7.00196752E-01
 8.14881752E-01
 6.41309501E-01
 5.83375431E-01
 7.02141773E-01
 8.23229280E-01
 7.18184156E-01
 7.02925621E-01
 8.25793948E-01
 7.91228452E-01
 8.16402501E-01
 8.43959394E-01
 7.25673313E-01
 6.56039855E-01
 7.12097727E-01
 7.86847970E-01
 6.58085170E-01
 5.98034930E-01
 6.98933599E-01
 7.14197834E-01
 6.98839152E-01
 8.22871030E-01
 7.90151330E-01
 7.60377170E-01
 7.16117380E-01
 7.86206504E-01
 8.59894113E-01
 7.17636423E-01
 6.98842014E-01
 8.14861083E-01
 7.87568115E-01
 8.14706922E-01
 7.98475237E-01
 7.70630381E-01
 8.40916692E-01
 7.71471293E-01
 7.74897408E-01
 8.43013688E-01
 8.40059724E-01
 7.07584711E-01
 5.95182339E-01
 6.05534117E-01
 6.65621806E-01
 7.24662333E-01
 7.77163584E-01
 5.97848945E-01
 4.64233055E-01
 5.07709468E-01
 6.07598460E-01
 7.05769185E-01
 7.77490908E-01
 6.09465658E-01
 5.08986460E-01
 5.90317276E-01
 7.04485238E-01
 6.70957092E-01
 6.10865015E-01
 7.06621124E-01
 7.29590369E-01
 7.08049207E-01
 7.81909499E-01
 5.89357756E-01
 4.53628302E-01
 4.98510959E-01
 6.00661818E-01
 7.00707536E-01
 4.57387354E-01
 2.84660179E-01
 3.59628153E-01
 5.25604281E-01
 5.03634616E-01
 3.61765907E-01
 4.56988339E-01
 6.07322839E-01
 5.30478968E-01
 7.06083609E-01
 5.96638032E-01
 4.94910050E-01
 5.80379893E-01
 6.98725760E-01
 4.98345884E-01
 3.56188950E-01
 4.53419591E-01
 5.84390205E-01
 4.55531669E-01
 5.32576035E-01
 7.03802808E-01
 6.55174122E-01
 5.95016400E-01
 6.96815527E-01
 5.97343734E-01
 5.20993516E-01
 6.98948635E-01
 7.14650785E-01
 6.96309060E-01
 8.13632198E-01
 6.97602556E-01
 7.68882453E-01
 6.99078310E-01
 6.05504287E-01
 6.45157720E-01
 7.18799073E-01
 7.91005569E-01
 8.43125360E-01
 6.07579219E-01
 5.07657528E-01
 5.90252724E-01
 7.04929656E-01
 8.17377350E-01
 6.47488056E-01
 5.90417322E-01
 7.07302467E-01
 8.26009555E-01
 7.22201533E-01
 7.06836165E-01
 8.28013717E-01
 7.93602605E-01
 8.18067265E-01
 8.45004739E-01
 5.99708479E-01
 4.97921607E-01
 5.81889346E-01
 6.99315827E-01
 5.01249100E-01
 3.59534394E-01
 4.55838509E-01
 5.85889489E-01
 4.57949385E-01
 5.35212616E-01
 7.04300914E-01
 6.37119887E-01
 5.79207486E-01
 6.99290975E-01
 8.22513369E-01
 5.82615036E-01
 4.53421967E-01
 5.30974445E-01
 7.03579375E-01
 5.35434068E-01
 8.28132527E-01
 7.09944375E-01
 6.95735142E-01
 8.21766659E-01
 6.97714943E-01
 6.38248729E-01
 8.25205027E-01
 7.83944298E-01
 8.13773451E-01
 8.16174021E-01
 0.00000000E+00
 7.33543315E-01
 6.64890136E-01
 7.18481922E-01
 7.91342164E-01
 6.66404381E-01
 6.07026167E-01
 7.05007609E-01
 7.19843483E-01
 7.04655983E-01
 8.26596427E-01
 7.93498363E-01
 6.59758363E-01
 5.99645573E-01
 6.99503466E-01
 7.91312921E-01
 6.01699351E-01
 5.25773545E-01
 6.40323843E-01
 7.01373899E-01
 6.41507025E-01
 7.11796536E-01
 6.97861052E-01
 8.23392844E-01
 6.99663960E-01
 6.40612966E-01
 8.26508179E-01
 7.84903681E-01
 0.00000000E+00
 7.67243089E-01
 7.23182364E-01
 7.90484281E-01
 7.24241107E-01
 7.04916550E-01
 7.91281186E-01
 7.18700894E-01
 6.99676476E-01
 8.14786338E-01
 7.00734597E-01
 7.85452722E-01
 8.04255594E-01
 7.76021206E-01
 8.43464167E-01
 7.76522914E-01
 7.78406097E-01
 8.44816648E-01
 7.72285381E-01
 7.75473618E-01
 7.77355443E-01
 0.00000000E+00
 8.44870232E-01
 0.00000000E+00
 8.98176996E-01
 8.53086429E-01
 8.48856319E-01
 8.66586199E-01
 8.84029282E-01
 9.02801290E-01
 9.22867982E-01
 8.54327772E-01
 7.98120387E-01
 8.03092630E-01
 8.33074346E-01
 8.62577670E-01
 8.88747151E-01
 8.51015257E-01
 8.04080816E-01
 8.23196987E-01
 8.59740879E-01
 8.95730717E-01
 9.21651244E-01
 8.69474767E-01
 8.35037985E-01
 8.60698573E-01
 8.96423709E-01
 8.87014946E-01
 8.64458294E-01
 8.96391296E-01
 9.05901951E-01
 8.90623237E-01
 9.22020911E-01
 9.26003923E-01
 8.51373410E-01
 7.94467101E-01
 7.99950278E-01
 8.30471870E-01
 8.60431180E-01
 8.87079967E-01
 9.10504456E-01
 7.96046732E-01
 7.28441291E-01
 7.50610085E-01
 8.01271894E-01
 8.51004723E-01
 8.87347780E-01
 8.02393001E-01
 7.51539501E-01
 7.92598308E-01
 8.50396665E-01
 9.07178048E-01
 8.33844896E-01
 8.03505071E-01
 8.51781010E-01
 8.96342790E-01
 8.63727071E-01
 8.52860391E-01
 9.08046591E-01
 8.90362541E-01
 8.88765914E-01
 9.13651344E-01
 8.46064940E-01
 7.98738974E-01
 8.19553296E-01
 8.57162662E-01
 8.93965513E-01
 9.20503352E-01
 8.00087041E-01
 7.49582287E-01
 7.91986679E-01
 8.50445740E-01
 9.07637390E-01
 8.21208856E-01
 7.92296052E-01
 8.51471834E-01
 9.11825610E-01
 8.59588061E-01
 8.51934644E-01
 9.13129689E-01
 8.96018553E-01
 9.08473762E-01
 9.22234254E-01
 8.63158749E-01
 8.28411345E-01
 8.56362202E-01
 8.93641788E-01
 8.29527168E-01
 7.99558478E-01
 8.49841262E-01
 8.57582350E-01
 8.49882542E-01
 9.11664002E-01
 8.95487805E-01
 8.80476012E-01
 8.58384531E-01
 8.93331006E-01
 9.30078473E-01
 8.59243820E-01
 8.49836584E-01
 9.07643721E-01
 8.94173997E-01
 9.07614131E-01
 8.99486757E-01
 8.85578111E-01
 9.20609483E-01
 8.86100473E-01
 8.87721907E-01
 9.21748484E-01
 9.20235000E-01
 8.54305215E-01
 7.98289569E-01
 8.03434613E-01
 8.33364177E-01
 8.62774914E-01
 8.88930012E-01
 7.99672915E-01
 7.33091611E-01
 7.54726920E-01
 8.04472259E-01
 8.53369811E-01
 8.89095258E-01
 8.05503083E-01
 7.55430724E-01
 7.95909685E-01
 8.52757313E-01
 8.36162043E-01
 8.06200113E-01
 8.53850868E-01
 8.65376080E-01
 8.54595122E-01
 8.91412695E-01
 7.95327262E-01
 7.27658088E-01
 7.50009258E-01
 8.00911203E-01
 8.50770797E-01
 7.29639625E-01
 6.43538019E-01
 6.80851582E-01
 7.63530318E-01
 7.52772117E-01
 6.82050391E-01
 7.29420075E-01
 8.04488197E-01
 7.66141539E-01
 8.53697325E-01
 7.98926644E-01
 7.48194028E-01
 7.90779968E-01
 8.49764160E-01
 7.50042594E-01
 6.79159022E-01
 7.27552848E-01
 7.93019776E-01
 7.28756120E-01
 7.67017630E-01
 8.52559114E-01
 8.28096776E-01
 7.98082580E-01
 8.48810180E-01
 7.99383935E-01
 7.61277787E-01
 8.50097566E-01
 8.57746470E-01
 8.48572231E-01
 9.07034001E-01
 8.49350276E-01
 8.84785492E-01
 8.50178011E-01
 8.03571949E-01
 8.23297652E-01
 8.59951952E-01
 8.95898447E-01
 9.21846637E-01
 8.04675167E-01
 7.54906827E-01
 7.95990328E-01
 8.53058026E-01
 9.09034105E-01
 8.24588851E-01
 7.96145585E-01
 8.54280114E-01
 9.13347760E-01
 8.61802107E-01
 8.54098959E-01
 9.14358041E-01
 8.97332702E-01
 9.09413720E-01
 9.22825146E-01
 8.00612551E-01
 7.49885660E-01
 7.91687095E-01
 8.50166637E-01
 7.51670873E-01
 6.81052567E-01
 7.28944795E-01
 7.93903858E-01
 7.30132995E-01
 7.68473527E-01
 8.52891355E-01
 8.19208300E-01
 7.90326403E-01
 8.50131631E-01
 9.11517793E-01
 7.92165099E-01
 7.27752077E-01
 7.66263233E-01
 8.52478662E-01
 7.68584420E-01
 9.14430179E-01
 8.55474815E-01
 8.48360920E-01
 9.11133618E-01
 8.49476866E-01
 8.19717062E-01
 9.12938430E-01
 8.92341141E-01
 9.07140861E-01
 9.08390488E-01
 0.00000000E+00
 8.67402402E-01
 8.33216580E-01
 8.59866754E-01
 8.96114666E-01
 8.34046928E-01
 8.04466678E-01
 8.53179125E-01
 8.60678818E-01
 8.53067927E-01
 9.13682656E-01
 8.97333257E-01
 8.30605533E-01
 8.00645218E-01
 8.50335274E-01
 8.96028911E-01
 8.01794928E-01
 7.63934444E-01
 8.20861561E-01
 8.51464143E-01
 8.21516253E-01
 8.56478159E-01
 8.49501037E-01
 9.11989379E-01
 8.50522768E-01
 8.20979698E-01
 9.13623583E-01
 8.92869027E-01
 0.00000000E+00
 8.84212115E-01
 8.62267350E-01
 8.95727335E-01
 8.62874619E-01
 8.53211722E-01
 8.96248264E-01
 8.60002750E-01
 8.50493216E-01
 9.07752008E-01
 8.51137097E-01
 8.93195596E-01
 9.02648657E-01
 8.88571982E-01
 9.22083725E-01
 8.88902998E-01
 8.89735861E-01
 9.22810112E-01
 8.86701457E-01
 8.88199139E-01
 8.89185469E-01
 9.21597543E-01
 9.22860741E-01
 9.12353061E-01
