 9.14397110E-01
 8.71805377E-01
 8.62778642E-01
 8.75629676E-01
 8.88770426E-01
 9.04313471E-01
 9.22372334E-01
 8.68240616E-01
 8.09978278E-01
 8.06106702E-01
 8.29195174E-01
 8.53082088E-01
 8.76339881E-01
 8.56364277E-01
 8.04112640E-01
 8.15683550E-01
 8.46571658E-01
 8.79038605E-01
 9.03992433E-01
 8.61285318E-01
 8.16177285E-01
 8.35538956E-01
 8.68617211E-01
 8.69600138E-01
 8.35713199E-01
 8.67058689E-01
 8.74200513E-01
 8.46675168E-01
 8.85995210E-01
 8.72534837E-01
 8.38273002E-01
 7.69540077E-01
 7.68078423E-01
 7.96876447E-01
 8.26479445E-01
 8.54800843E-01
 8.81813390E-01
 7.63401815E-01
 6.68710906E-01
 6.77123750E-01
 7.30406667E-01
 7.85875387E-01
 8.29305435E-01
 7.60911097E-01
 6.76762821E-01
 7.04299536E-01
 7.74061989E-01
 8.47969743E-01
 7.79035164E-01
 7.13820222E-01
 7.55223359E-01
 8.15418133E-01
 8.06523522E-01
 7.69161535E-01
 8.31049277E-01
 8.25047044E-01
 8.01626667E-01
 0.00000000E+00
 8.11992266E-01
 7.52268818E-01
 7.77508263E-01
 8.18933695E-01
 8.61805115E-01
 8.93274711E-01
 7.45363492E-01
 6.62927437E-01
 7.00982637E-01
 7.76942305E-01
 8.56785512E-01
 7.73938485E-01
 7.03086199E-01
 7.47436570E-01
 8.42467680E-01
 8.05730128E-01
 7.61781929E-01
 8.18638800E-01
 8.50664041E-01
 8.43671682E-01
 0.00000000E+00
 8.14871777E-01
 7.64647052E-01
 8.01064820E-01
 8.44343835E-01
 7.57777156E-01
 6.94646834E-01
 7.48992268E-01
 7.98585059E-01
 7.52908811E-01
 8.11068974E-01
 8.33329557E-01
 8.34017646E-01
 8.01778879E-01
 8.51821454E-01
 8.94624294E-01
 7.94721280E-01
 7.64578835E-01
 8.38754984E-01
 8.48696230E-01
 8.41404258E-01
 8.53314879E-01
 8.32847386E-01
 8.88484195E-01
 8.26223581E-01
 8.13566321E-01
 8.86971795E-01
 8.66052086E-01
 9.00177713E-01
 8.54400250E-01
 8.49982230E-01
 8.69910752E-01
 8.90460633E-01
 9.09171728E-01
 8.50253544E-01
 7.90979712E-01
 7.97703735E-01
 8.33355487E-01
 8.70596548E-01
 8.98582975E-01
 8.44283780E-01
 7.97801389E-01
 8.26188231E-01
 8.71279530E-01
 8.56535071E-01
 8.21929377E-01
 8.58360810E-01
 8.75885913E-01
 8.59158344E-01
 8.88918074E-01
 8.31023695E-01
 7.66346394E-01
 7.76289744E-01
 8.16367964E-01
 8.57907263E-01
 7.58792841E-01
 6.67472576E-01
 6.86925032E-01
 7.57598509E-01
 7.68037968E-01
 6.84992852E-01
 7.14932121E-01
 7.98938937E-01
 7.38839580E-01
 8.43421976E-01
 8.19965397E-01
 7.72576199E-01
 8.12185104E-01
 8.63850115E-01
 7.62099852E-01
 6.81426097E-01
 7.17317798E-01
 8.01129218E-01
 7.09010609E-01
 7.14576706E-01
 8.44980161E-01
 8.34398823E-01
 8.00966623E-01
 8.49238124E-01
 7.92289388E-01
 7.34967305E-01
 8.42501943E-01
 8.63828716E-01
 8.51704564E-01
 9.09600352E-01
 8.44868108E-01
 8.87416288E-01
 8.95637566E-01
 8.52678650E-01
 8.55518237E-01
 8.81721548E-01
 9.08934692E-01
 9.29156279E-01
 8.49012728E-01
 7.98252849E-01
 8.18314540E-01
 8.61921933E-01
 9.07913709E-01
 8.52454658E-01
 8.21356969E-01
 8.66686422E-01
 9.16714272E-01
 8.72046736E-01
 8.53876760E-01
 9.03503409E-01
 9.00775559E-01
 9.00545503E-01
 0.00000000E+00
 8.37800164E-01
 7.84581190E-01
 8.07204721E-01
 8.53258777E-01
 7.76946819E-01
 7.01218529E-01
 7.33146520E-01
 7.99916116E-01
 7.30804725E-01
 7.62509960E-01
 8.38094203E-01
 8.40910830E-01
 8.10995004E-01
 8.62933550E-01
 9.14928483E-01
 7.99077320E-01
 7.31684504E-01
 7.65307334E-01
 8.48148262E-01
 7.47559715E-01
 8.94729553E-01
 8.63571245E-01
 8.47166669E-01
 9.01878987E-01
 8.38135654E-01
 7.89018812E-01
 8.94729553E-01
 8.99216004E-01
 9.00552212E-01
 8.97975272E-01
 9.25777269E-01
 9.07011325E-01
 8.74467043E-01
 8.85205223E-01
 9.12624363E-01
 8.70832182E-01
 8.38316668E-01
 8.68842627E-01
 8.82497287E-01
 8.72334928E-01
 9.24677221E-01
 9.04453523E-01
 8.65436641E-01
 8.32426144E-01
 8.64851921E-01
 9.00691204E-01
 8.26269255E-01
 7.83542897E-01
 8.26811099E-01
 8.60845664E-01
 8.25434886E-01
 8.78816141E-01
 8.70785772E-01
 9.26588086E-01
 8.62546020E-01
 8.28882196E-01
 9.21047165E-01
 9.03445161E-01
 9.39489322E-01
 9.14620008E-01
 8.90300310E-01
 9.08268961E-01
 8.86576510E-01
 8.68876380E-01
 9.05248955E-01
 8.83939798E-01
 8.66232576E-01
 9.07670211E-01
 8.60950992E-01
 9.04533890E-01
 9.26082030E-01
 9.06966959E-01
 9.25477232E-01
 9.03916073E-01
 8.91245849E-01
 0.00000000E+00
 9.02990523E-01
 8.90274981E-01
 8.89930009E-01
 9.25584199E-01
 9.41707699E-01
 9.25352681E-01
 8.28451932E-01
 7.43442711E-01
 7.25760114E-01
 7.51803590E-01
 7.78363056E-01
 8.09634955E-01
 8.45817208E-01
 7.38582111E-01
 6.23642032E-01
 6.16672020E-01
 6.62960946E-01
 7.10675458E-01
 7.56989963E-01
 7.18130303E-01
 6.16431893E-01
 6.39919711E-01
 7.00992781E-01
 7.64876808E-01
 8.13900085E-01
 7.30806207E-01
 6.44200277E-01
 6.82565623E-01
 7.47179014E-01
 7.49330551E-01
 6.85102739E-01
 7.46011818E-01
 7.59277406E-01
 7.07477879E-01
 7.83423129E-01
 7.55061572E-01
 6.76896251E-01
 5.40188321E-01
 5.37915907E-01
 5.95887572E-01
 6.55318997E-01
 7.12053501E-01
 7.66036985E-01
 5.30825524E-01
 3.44127294E-01
 3.61894631E-01
 4.68191236E-01
 5.78460325E-01
 6.64696855E-01
 5.29339417E-01
 3.64934072E-01
 4.20275136E-01
 5.58092901E-01
 7.03444507E-01
 5.67702810E-01
 4.41387020E-01
 5.23468584E-01
 6.41829305E-01
 6.22819597E-01
 5.51186797E-01
 6.72853152E-01
 6.58589967E-01
 6.14959554E-01
 6.46798512E-01
 6.25049055E-01
 5.06627975E-01
 5.57556708E-01
 6.40518195E-01
 7.26119899E-01
 7.88903392E-01
 4.94991792E-01
 3.32623241E-01
 4.09070325E-01
 5.60110349E-01
 7.18256587E-01
 5.53810392E-01
 4.15144663E-01
 5.03700329E-01
 6.91390529E-01
 6.17762622E-01
 5.32483008E-01
 6.45498713E-01
 7.06288218E-01
 6.94241232E-01
 0.00000000E+00
 6.31183839E-01
 5.31848875E-01
 6.04973468E-01
 6.91525188E-01
 5.19407814E-01
 3.95297332E-01
 5.04060925E-01
 6.01563079E-01
 5.12421079E-01
 6.28690064E-01
 6.70682975E-01
 6.69562851E-01
 6.06104403E-01
 7.06208675E-01
 7.91698698E-01
 5.92518290E-01
 5.33835767E-01
 6.82014558E-01
 7.00164080E-01
 6.87537879E-01
 7.08146701E-01
 6.68240038E-01
 7.79579519E-01
 6.54943183E-01
 6.31995757E-01
 7.73943590E-01
 7.33653324E-01
 8.01318974E-01
 7.10581409E-01
 7.02205086E-01
 7.42134559E-01
 7.83197914E-01
 8.20520497E-01
 7.04152231E-01
 5.87704266E-01
 6.01642110E-01
 6.72440431E-01
 7.46138640E-01
 8.01465339E-01
 6.94532313E-01
 6.04097021E-01
 6.60378789E-01
 7.49059563E-01
 7.20179208E-01
 6.53435810E-01
 7.25038785E-01
 7.58610866E-01
 7.26772904E-01
 7.83548668E-01
 6.63594334E-01
 5.35469663E-01
 5.55893239E-01
 6.36037472E-01
 7.18860572E-01
 5.22417312E-01
 3.42691158E-01
 3.82272305E-01
 5.22703944E-01
 5.42834040E-01
 3.80384045E-01
 4.40593653E-01
 6.04860088E-01
 4.88020900E-01
 6.92278815E-01
 6.41669189E-01
 5.48039105E-01
 6.27392418E-01
 7.30420273E-01
 5.28378310E-01
 3.69626208E-01
 4.41915125E-01
 6.06859436E-01
 4.26162777E-01
 4.39385624E-01
 6.93840451E-01
 6.70495524E-01
 6.04692825E-01
 7.01234707E-01
 5.87866372E-01
 4.75413447E-01
 6.87979123E-01
 7.29143944E-01
 7.05748411E-01
 8.21363407E-01
 6.92025305E-01
 7.76166381E-01
 7.92692994E-01
 7.07748631E-01
 7.13791940E-01
 7.66062112E-01
 8.20191523E-01
 8.60382298E-01
 7.01656688E-01
 6.01994670E-01
 6.42207253E-01
 7.28628278E-01
 8.19440430E-01
 7.09712803E-01
 6.49198382E-01
 7.38810233E-01
 8.37304896E-01
 7.48873205E-01
 7.13900464E-01
 8.11796425E-01
 8.05161389E-01
 8.05758521E-01
 0.00000000E+00
 6.77517600E-01
 5.72352004E-01
 6.17908676E-01
 7.09742446E-01
 5.58229645E-01
 4.09330478E-01
 4.73628357E-01
 6.04756396E-01
 4.69515748E-01
 5.33840894E-01
 6.80398287E-01
 6.83636632E-01
 6.24821801E-01
 7.28522449E-01
 8.32001864E-01
 6.01519639E-01
 4.69149385E-01
 5.37536004E-01
 6.99258879E-01
 5.02913261E-01
 7.89459106E-01
 7.28715897E-01
 6.96833749E-01
 8.06158784E-01
 6.78727434E-01
 5.83692332E-01
 7.89459106E-01
 7.99655991E-01
 8.03489402E-01
 7.95950544E-01
 8.51554538E-01
 8.15358476E-01
 7.51103447E-01
 7.72769506E-01
 8.27371732E-01
 7.44453288E-01
 6.80697871E-01
 7.41549847E-01
 7.68081061E-01
 7.48618113E-01
 8.52260700E-01
 8.11493820E-01
 7.32581289E-01
 6.67570609E-01
 7.32482805E-01
 8.03998557E-01
 6.55623392E-01
 5.71955212E-01
 6.58882672E-01
 7.24499128E-01
 6.56362424E-01
 7.59110376E-01
 7.43767013E-01
 8.55015313E-01
 7.27239281E-01
 6.62418272E-01
 8.42094329E-01
 8.08093343E-01
 8.78978645E-01
 8.30446925E-01
 7.82532322E-01
 8.18545956E-01
 7.75293507E-01
 7.40840160E-01
 8.12478852E-01
 7.69378793E-01
 7.34829264E-01
 8.17711805E-01
 7.24141012E-01
 8.10289174E-01
 8.53176994E-01
 8.15647247E-01
 8.52919632E-01
 8.09429210E-01
 7.85545193E-01
 0.00000000E+00
 8.07256808E-01
 7.83278792E-01
 7.79860018E-01
 8.51168399E-01
 8.84204280E-01
 8.50705363E-01
 7.43034458E-01
 6.16839013E-01
 5.91445445E-01
 6.29712819E-01
 6.68644762E-01
 7.15200984E-01
 7.69662320E-01
 6.12837106E-01
 4.45188031E-01
 4.37304160E-01
 5.04059799E-01
 5.72643671E-01
 6.40416688E-01
 5.87736165E-01
 4.42905376E-01
 4.80952491E-01
 5.67607982E-01
 6.57852542E-01
 7.28085088E-01
 6.09446730E-01
 4.87162009E-01
 5.45982167E-01
 6.38076074E-01
 6.38510965E-01
 5.48128073E-01
 6.37864487E-01
 6.54182082E-01
 5.81115633E-01
 6.91183532E-01
 6.47799886E-01
 5.18985059E-01
 3.18518085E-01
 3.17968091E-01
 4.01733367E-01
 4.87398517E-01
 5.70736331E-01
 6.51742934E-01
 3.09247374E-01
 4.11070309E-02
 7.36219749E-02
 2.24412247E-01
 3.80336059E-01
 5.04474903E-01
 3.15385680E-01
 8.61513815E-02
 1.76325461E-01
 3.68954876E-01
 5.71273639E-01
 3.72572205E-01
 1.97290480E-01
 3.24363481E-01
 4.90883310E-01
 4.51082058E-01
 3.51410480E-01
 5.32919874E-01
 5.00383601E-01
 4.39193732E-01
 4.81754412E-01
 4.44588656E-01
 2.74379416E-01
 3.54701449E-01
 4.73287745E-01
 5.95320396E-01
 6.86137382E-01
 2.61240106E-01
 3.48702095E-02
 1.57600890E-01
 3.69509055E-01
 5.90609241E-01
 3.57587452E-01
 1.73688544E-01
 3.17557926E-01
 5.76757017E-01
 4.48450427E-01
 3.38259106E-01
 5.15107118E-01
 5.71665232E-01
 5.61912561E-01
 0.00000000E+00
 4.52814304E-01
 3.09765962E-01
 4.22325968E-01
 5.47737421E-01
 2.93913669E-01
 1.20869865E-01
 2.89831753E-01
 4.22194782E-01
 3.06351050E-01
 4.89335487E-01
 5.21248478E-01
 5.07925785E-01
 4.15844349E-01
 5.67046483E-01
 6.93385096E-01
 3.96670369E-01
 3.14855886E-01
 5.39213469E-01
 5.59496674E-01
 5.49179702E-01
 5.64116660E-01
 5.05570170E-01
 6.72624537E-01
 4.85694487E-01
 4.54183441E-01
 6.60915385E-01
 6.02463109E-01
 7.04776374E-01
 5.71457687E-01
 5.60445132E-01
 6.18678364E-01
 6.78421066E-01
 7.33369803E-01
 5.64777706E-01
 3.96915812E-01
 4.20699155E-01
 5.22233562E-01
 6.27595481E-01
 7.07602233E-01
 5.55310133E-01
 4.28971824E-01
 5.16060434E-01
 6.41332346E-01
 5.93884132E-01
 5.01357493E-01
 6.09461985E-01
 6.49147208E-01
 6.05366538E-01
 6.83801403E-01
 5.01847333E-01
 3.16019258E-01
 3.49947904E-01
 4.65447679E-01
 5.84495401E-01
 3.00369500E-01
 4.55453897E-02
 1.11782558E-01
 3.10589334E-01
 3.38309724E-01
 1.15352090E-01
 2.14970940E-01
 4.27383477E-01
 2.67960180E-01
 5.50325497E-01
 4.71855713E-01
 3.40394553E-01
 4.63691583E-01
 6.10552410E-01
 3.14298597E-01
 9.66524827E-02
 2.15210003E-01
 4.39623490E-01
 1.98093833E-01
 2.35107065E-01
 5.62185375E-01
 5.13024068E-01
 4.21087463E-01
 5.68890968E-01
 3.97722822E-01
 2.44265774E-01
 5.52491051E-01
 5.97594848E-01
 5.65718294E-01
 7.40113054E-01
 5.45553532E-01
 6.65963541E-01
 6.92709893E-01
 5.68496892E-01
 5.79084710E-01
 6.55395568E-01
 7.34220882E-01
 7.93161000E-01
 5.61564012E-01
 4.19001575E-01
 4.81877193E-01
 6.06096519E-01
 7.36198846E-01
 5.77244493E-01
 4.95247230E-01
 6.31892905E-01
 7.71281267E-01
 6.34290645E-01
 5.88338093E-01
 7.35971296E-01
 7.14663098E-01
 7.18794715E-01
 7.57738141E-01
 5.23449764E-01
 3.72282320E-01
 4.43700584E-01
 5.76284818E-01
 3.53822816E-01
 1.45127548E-01
 2.48392832E-01
 4.29154998E-01
 2.46714578E-01
 3.53919268E-01
 5.37136035E-01
 5.34893957E-01
 4.55450130E-01
 6.14897549E-01
 7.62272006E-01
 4.22777966E-01
 2.44498800E-01
 3.58426757E-01
 5.75764244E-01
 3.13227435E-01
 7.00323880E-01
 6.00067311E-01
 5.58729065E-01
 7.25620216E-01
 5.32562085E-01
 4.06598218E-01
 7.00323880E-01
 7.02966201E-01
 7.12265922E-01
 6.98228542E-01
 7.77331808E-01
 7.25818750E-01
 6.31610454E-01
 6.64943374E-01
 7.45463255E-01
 6.22807327E-01
 5.31371071E-01
 6.23748456E-01
 6.59787073E-01
 6.35401338E-01
 7.91540627E-01
 7.23272402E-01
 6.03618291E-01
 5.10072809E-01
 6.08981241E-01
 7.13447646E-01
 4.93300731E-01
 3.76264516E-01
 5.10623108E-01
 5.98791405E-01
 5.09231817E-01
 6.44294279E-01
 6.26159492E-01
 7.94837487E-01
 6.02111446E-01
 5.17436205E-01
 7.75242910E-01
 7.16263505E-01
 8.19436080E-01
 7.47583674E-01
 6.77001139E-01
 7.31298351E-01
 6.66585794E-01
 6.16951123E-01
 7.22534006E-01
 6.56807042E-01
 6.06934316E-01
 7.31698882E-01
 5.90991849E-01
 7.18160728E-01
 7.81093595E-01
 7.25700737E-01
 7.81882877E-01
 7.16289471E-01
 6.82259507E-01
 0.00000000E+00
 7.12552100E-01
 6.78373626E-01
 6.69790027E-01
 7.76752598E-01
 8.27341977E-01
 7.76058044E-01
 6.60464804E-01
 4.96800670E-01
 4.65940048E-01
 5.12802100E-01
 5.60371039E-01
 6.20441251E-01
 6.93409304E-01
 4.95951357E-01
 2.85015553E-01
 2.81365040E-01
 3.60104010E-01
 4.40746967E-01
 5.25471832E-01
 4.71865504E-01
 2.97865290E-01
 3.57491700E-01
 4.57276624E-01
 5.60765566E-01
 6.45291333E-01
 5.00979555E-01
 3.53809997E-01
 4.37719375E-01
 5.48102771E-01
 5.37533753E-01
 4.26837699E-01
 5.46229033E-01
 5.57638339E-01
 4.65997333E-01
 6.08000238E-01
 5.50665421E-01
 3.71592254E-01
 1.18972346E-01
 1.26567093E-01
 2.25193138E-01
 3.25821488E-01
 4.30095159E-01
 5.38253052E-01
 1.14106470E-01
 2.08527301E-01
 1.47037989E-01
 2.32518683E-02
 1.98792631E-01
 3.47360564E-01
 1.40615102E-01
 1.14841249E-01
 3.00587929E-02
 2.41451426E-01
 4.62595243E-01
 2.07855097E-01
 1.16297031E-02
 1.97291083E-01
 3.86491475E-01
 2.96364106E-01
 1.81106407E-01
 4.26516003E-01
 3.50152138E-01
 2.73730222E-01
 3.24366713E-01
 2.82204420E-01
 7.92152980E-02
 1.99078389E-01
 3.35300144E-01
 4.75125540E-01
 5.84431986E-01
 6.97909071E-02
 1.77653582E-01
 1.39087075E-02
 2.45946995E-01
 4.87244322E-01
 2.21489009E-01
 5.33453140E-02
 2.85047985E-01
 5.57609818E-01
 3.22474314E-01
 2.30613039E-01
 4.94698232E-01
 4.56396383E-01
 4.67098935E-01
 5.24544085E-01
 2.88151312E-01
 1.15623153E-01
 2.75141414E-01
 4.26192578E-01
 1.00073666E-01
 8.99475222E-02
 1.56033176E-01
 2.87196829E-01
 1.90086447E-01
 4.64950286E-01
 4.03436887E-01
 3.52220347E-01
 2.37518515E-01
 4.42813217E-01
 6.04724280E-01
 2.14366355E-01
 1.22671057E-01
 4.29969201E-01
 4.37181204E-01
 4.48425268E-01
 4.20940119E-01
 3.44385419E-01
 5.67149309E-01
 3.18123368E-01
 2.79344675E-01
 5.47887180E-01
 4.72225416E-01
 6.13767215E-01
 4.43670606E-01
 4.33163389E-01
 5.04456235E-01
 5.77434061E-01
 6.47214405E-01
 4.39246599E-01
 2.33437125E-01
 2.73929635E-01
 3.93999109E-01
 5.18229965E-01
 6.16200699E-01
 4.36675779E-01
 2.93568510E-01
 4.20694481E-01
 5.64692378E-01
 4.84282615E-01
 3.80004985E-01
 5.30580306E-01
 5.49839425E-01
 5.00336427E-01
 5.89564953E-01
 3.54724719E-01
 1.26299750E-01
 1.81749722E-01
 3.18499811E-01
 4.59105334E-01
 1.12562972E-01
 1.83033116E-01
 7.21695498E-02
 1.52886417E-01
 1.82709468E-01
 5.17651149E-02
 1.13241406E-01
 2.85851316E-01
 1.19099145E-01
 4.25138082E-01
 3.24576438E-01
 1.78377548E-01
 3.57742659E-01
 5.26449341E-01
 1.51252184E-01
 7.30839534E-02
 1.19793269E-01
 3.43971845E-01
 1.16865401E-01
 2.20997719E-01
 4.80827384E-01
 3.71924996E-01
 2.70581970E-01
 4.78432928E-01
 2.44233306E-01
 8.77282111E-02
 4.68030670E-01
 4.72881205E-01
 4.39347974E-01
 6.75959084E-01
 4.13997377E-01
 5.56592124E-01
 5.99189539E-01
 4.42140027E-01
 4.60612180E-01
 5.55160723E-01
 6.52600225E-01
 7.27113601E-01
 4.36618468E-01
 2.65624856E-01
 3.58371751E-01
 5.06995315E-01
 6.62187372E-01
 4.66376021E-01
 3.83133330E-01
 5.76623085E-01
 7.37515175E-01
 5.36105392E-01
 4.93684787E-01
 6.97756333E-01
 6.32373366E-01
 6.46223380E-01
 6.82520060E-01
 3.84706815E-01
 2.03045871E-01
 3.08428845E-01
 4.67250721E-01
 1.84209852E-01
 4.92451445E-02
 1.11573924E-01
 3.02373259E-01
 1.23031880E-01
 3.01444781E-01
 4.28634076E-01
 4.08514723E-01
 3.31254816E-01
 5.58450314E-01
 7.27992342E-01
 2.93942383E-01
 1.21858639E-01
 3.10904764E-01
 5.22088020E-01
 2.71783853E-01
 6.59594317E-01
 4.87229287E-01
 4.52698244E-01
 6.85984317E-01
 4.21405938E-01
 3.03295048E-01
 6.59594317E-01
 6.12716107E-01
 6.34362052E-01
 6.13414717E-01
 7.03109077E-01
 6.40269728E-01
 5.19897615E-01
 5.66762861E-01
 6.69860815E-01
 5.10220083E-01
 3.99381449E-01
 5.27182065E-01
 5.63947332E-01
 5.45984301E-01
 7.59980128E-01
 6.44230083E-01
 4.83317319E-01
 3.69793093E-01
 5.07049869E-01
 6.36681756E-01
 3.50192366E-01
 2.19058229E-01
 4.11325733E-01
 4.99484626E-01
 4.17169329E-01
 5.41499441E-01
 5.32743605E-01
 7.65271495E-01
 5.03411994E-01
 4.27973722E-01
 7.44695738E-01
 6.32839958E-01
 7.62797856E-01
 6.66518364E-01
 5.74777053E-01
 6.47954786E-01
 5.61694479E-01
 4.99895956E-01
 6.37357698E-01
 5.47561684E-01
 4.85396581E-01
 6.53389004E-01
 4.64741675E-01
 6.30213949E-01
 7.09688147E-01
 6.36874523E-01
 7.12051648E-01
 6.24307755E-01
 5.80937827E-01
 0.00000000E+00
 6.18690991E-01
 5.75109445E-01
 5.59720036E-01
 7.02336797E-01
 7.71009931E-01
 7.01410725E-01
 5.76550609E-01
 3.74973983E-01
 3.38746138E-01
 3.94519372E-01
 4.51025359E-01
 5.24917502E-01
 6.16677928E-01
 3.78501993E-01
 1.24336201E-01
 1.25200609E-01
 2.16302088E-01
 3.09356378E-01
 4.11277388E-01
 3.57017175E-01
 1.54377610E-01
 2.35563702E-01
 3.48731409E-01
 4.65675901E-01
 5.64546494E-01
 3.95359498E-01
 2.24356666E-01
 3.32933766E-01
 4.61453040E-01
 4.41413655E-01
 3.11992004E-01
 4.59957616E-01
 4.68237804E-01
 3.60324289E-01
 5.32434745E-01
 4.63125833E-01
 2.23082225E-01
 8.18266293E-02
 6.57808913E-02
 4.80932795E-02
 1.64048623E-01
 2.89558132E-01
 4.25057317E-01
 8.06319651E-02
 4.57288451E-01
 3.66622908E-01
 1.76398209E-01
 1.91653904E-02
 1.92367732E-01
 3.18980270E-02
 3.12961358E-01
 1.14035529E-01
 1.16357395E-01
 3.56530083E-01
 4.74400748E-02
 1.68699745E-01
 7.41332839E-02
 2.85826440E-01
 1.47848923E-01
 1.84174607E-02
 3.25443882E-01
 2.07524255E-01
 1.17989708E-01
 1.74970185E-01
 1.19383572E-01
 1.16229415E-01
 4.34078678E-02
 1.97545260E-01
 3.55415945E-01
 4.83378921E-01
 1.20647300E-01
 3.88816135E-01
 1.28823907E-01
 1.23585456E-01
 3.85305892E-01
 8.72008354E-02
 6.54105284E-02
 2.52436795E-01
 5.38368508E-01
 1.99346570E-01
 1.25600427E-01
 4.74464307E-01
 3.44531236E-01
 3.75626152E-01
 4.15091679E-01
 1.23581616E-01
 7.81188854E-02
 1.28474276E-01
 3.05335539E-01
 9.23723769E-02
 2.98901899E-01
 2.35617585E-02
 1.53980983E-01
 7.55112442E-02
 4.40559226E-01
 2.87771106E-01
 1.96952263E-01
 6.00348953E-02
 3.19427062E-01
 5.16909681E-01
 3.35300739E-02
 6.74842438E-02
 3.22189330E-01
 3.16334895E-01
 3.49311353E-01
 2.78397582E-01
 1.84340831E-01
 4.62809479E-01
 1.51952564E-01
 1.06903779E-01
 4.34858975E-01
 3.42743307E-01
 5.22647022E-01
 3.15899645E-01
 3.06075316E-01
 3.90605709E-01
 4.76966067E-01
 5.61665462E-01
 3.14839629E-01
 7.16786828E-02
 1.28933528E-01
 2.67629353E-01
 4.10763118E-01
 5.26642963E-01
 3.20457446E-01
 1.61156367E-01
 3.27542154E-01
 4.90100191E-01
 3.78365083E-01
 2.63077767E-01
 4.54777198E-01
 4.55213269E-01
 4.00749366E-01
 5.00658772E-01
 2.07661945E-01
 6.30945420E-02
 1.40585771E-02
 1.72274718E-01
 3.34607983E-01
 7.36304537E-02
 4.09328912E-01
 2.54068428E-01
 2.62476772E-03
 2.97559556E-02
 2.15823420E-01
 1.33298048E-02
 1.47988225E-01
 2.54950991E-02
 3.03964509E-01
 1.77606560E-01
 1.69019883E-02
 2.52228471E-01
 4.42876030E-01
 1.04205518E-02
 2.41218886E-01
 2.51771849E-02
 2.49626957E-01
 3.66765320E-02
 2.06373785E-01
 4.01009784E-01
 2.31337670E-01
 1.20868982E-01
 3.88568471E-01
 9.20567427E-02
 6.71825944E-02
 3.84567875E-01
 3.48777134E-01
 3.13904453E-01
 6.12459531E-01
 2.83569170E-01
 4.47886137E-01
 5.06123380E-01
 3.16568634E-01
 3.43042596E-01
 4.55866049E-01
 5.71906706E-01
 6.61953427E-01
 3.13313784E-01
 1.14505295E-01
 2.36869925E-01
 4.09741403E-01
 5.89775261E-01
 3.57905297E-01
 2.73639901E-01
 5.22655818E-01
 7.04629663E-01
 4.40857461E-01
 4.02144761E-01
 6.60875861E-01
 5.52968133E-01
 5.76629541E-01
 6.09889536E-01
 2.46563008E-01
 3.47778462E-02
 1.74113159E-01
 3.59214602E-01
 1.64225687E-02
 2.41228833E-01
 2.34156524E-02
 1.77679633E-01
 1.56405661E-03
 2.49709398E-01
 3.22398771E-01
 2.82720441E-01
 2.07801805E-01
 5.02326165E-01
 6.93964765E-01
 1.66295359E-01
 4.83964589E-04
 2.63596758E-01
 4.69018212E-01
 2.30570523E-01
 6.18864755E-01
 3.74992591E-01
 3.47449927E-01
 6.46646141E-01
 3.11209689E-01
 2.01201936E-01
 6.18864755E-01
 5.23031041E-01
 5.57322636E-01
 5.28600892E-01
 6.28886346E-01
 5.55333917E-01
 4.09156450E-01
 4.69595817E-01
 5.95185146E-01
 3.99164246E-01
 2.69435727E-01
 4.32301075E-01
 4.69954255E-01
 4.58504110E-01
 7.29133360E-01
 5.66993132E-01
 3.63761727E-01
 2.30628897E-01
 4.06117832E-01
 5.60870068E-01
 2.08654637E-01
 6.39295416E-02
 3.13567072E-01
 4.01587315E-01
 3.26741886E-01
 4.39328249E-01
 4.40090786E-01
 7.35946515E-01
 4.05626523E-01
 3.39638373E-01
 7.14148566E-01
 5.49961334E-01
 7.06159631E-01
 5.86092281E-01
 4.73548162E-01
 5.65599646E-01
 4.58117939E-01
 3.84602457E-01
 5.53508299E-01
 4.39083170E-01
 3.65012419E-01
 5.76083258E-01
 3.39787690E-01
 5.42882617E-01
 6.38849753E-01
 5.48975794E-01
 6.43195043E-01
 5.33337183E-01
 4.81251215E-01
 0.00000000E+00
 5.25530853E-01
 4.73158845E-01
 4.49650045E-01
 6.27920997E-01
 7.15123023E-01
 6.26763406E-01
 5.73267303E-01
 3.70558528E-01
 3.34578369E-01
 3.91385741E-01
 4.48848579E-01
 5.23570489E-01
 6.15975678E-01
 3.77611158E-01
 1.23805332E-01
 1.25461356E-01
 2.17744968E-01
 3.11801729E-01
 4.14291146E-01
 3.60826914E-01
 1.60214176E-01
 2.41589038E-01
 3.55211912E-01
 4.72271399E-01
 5.70909501E-01
 4.04343026E-01
 2.37050410E-01
 3.44863090E-01
 4.72396133E-01
 4.55370853E-01
 3.30757818E-01
 4.75994626E-01
 4.87135145E-01
 3.85206486E-01
 5.52495045E-01
 4.86816368E-01
 2.20205270E-01
 8.52544720E-02
 6.85219346E-02
 4.68578772E-02
 1.64159065E-01
 2.90567920E-01
 4.26469126E-01
 7.92488183E-02
 4.54634150E-01
 3.63353187E-01
 1.71516575E-01
 2.52808783E-02
 1.98934493E-01
 2.50110045E-02
 3.03603195E-01
 1.05814552E-01
 1.24938437E-01
 3.64779832E-01
 6.00160408E-02
 1.52121453E-01
 8.79895901E-02
 2.98467378E-01
 1.64603724E-01
 3.95809980E-02
 3.41413721E-01
 2.26667476E-01
 1.42750826E-01
 1.95018140E-01
 1.18002642E-01
 1.17618767E-01
 4.24346454E-02
 1.97972555E-01
 3.56997218E-01
 4.85553722E-01
 1.18223579E-01
 3.85698808E-01
 1.26599751E-01
 1.27164924E-01
 3.89669386E-01
 9.21984744E-02
 6.02617960E-02
 2.54324842E-01
 5.40370211E-01
 2.07398477E-01
 1.34352390E-01
 4.78590418E-01
 3.53525188E-01
 3.85508450E-01
 4.24277681E-01
 1.23734633E-01
 7.73737362E-02
 1.29435797E-01
 3.07170018E-01
 8.89192795E-02
 2.94336313E-01
 2.69646314E-02
 1.58494530E-01
 8.01866681E-02
 4.42081920E-01
 2.93344518E-01
 1.98206139E-01
 6.23453081E-02
 3.21724983E-01
 5.19360036E-01
 3.73860289E-02
 6.21046528E-02
 3.26370645E-01
 3.20055301E-01
 3.54019370E-01
 2.80263289E-01
 1.87639827E-01
 4.66121180E-01
 1.55799870E-01
 1.13688153E-01
 4.34858975E-01
 3.44885168E-01
 5.22499821E-01
 3.16107756E-01
 3.06755347E-01
 3.91900491E-01
 4.78745538E-01
 5.63679714E-01
 3.18198724E-01
 7.68381752E-02
 1.34370693E-01
 2.73340180E-01
 4.16442709E-01
 5.32031219E-01
 3.27584054E-01
 1.70465525E-01
 3.35242981E-01
 4.96974897E-01
 3.88824271E-01
 2.76272881E-01
 4.64993639E-01
 4.67672720E-01
 4.15591461E-01
 5.14004992E-01
 2.07750880E-01
 6.24952986E-02
 1.50752888E-02
 1.74279953E-01
 3.37341676E-01
 6.93237222E-02
 4.03166628E-01
 2.48212489E-01
 3.96480488E-03
 3.72077337E-02
 2.06380348E-01
 2.06450244E-02
 1.58185725E-01
 1.25442464E-02
 3.14466739E-01
 1.78055149E-01
 1.75639132E-02
 2.52514241E-01
 4.44043005E-01
 7.31382052E-03
 2.37654004E-01
 2.71819912E-02
 2.52819399E-01
 3.99889403E-02
 2.07952759E-01
 4.05045716E-01
 2.32463723E-01
 1.22516961E-01
 3.89701170E-01
 9.50532834E-02
 6.33971966E-02
 3.86650489E-01
 3.50383427E-01
 3.16331212E-01
 6.14261274E-01
 2.86391790E-01
 4.49762640E-01
 5.07383950E-01
 3.18711276E-01
 3.45514840E-01
 4.58551465E-01
 5.74611380E-01
 6.64547858E-01
 3.17816777E-01
 1.20803312E-01
 2.42675187E-01
 4.15170977E-01
 5.94404228E-01
 3.64563026E-01
 2.81391840E-01
 5.27449385E-01
 7.08103741E-01
 4.48820648E-01
 4.11143653E-01
 6.65939911E-01
 5.60424643E-01
 5.84794569E-01
 6.16558303E-01
 2.48010767E-01
 3.70469643E-02
 1.76353292E-01
 3.61921411E-01
 2.10669543E-02
 2.35022707E-01
 1.82281488E-02
 1.83160813E-01
 8.09673673E-03
 2.54025509E-01
 3.28361813E-01
 2.83878646E-01
 2.09070441E-01
 5.02528089E-01
 6.94563234E-01
 1.68766166E-01
 3.13558395E-03
 2.64725726E-01
 4.69914976E-01
 2.32247694E-01
 6.19402641E-01
 3.76329368E-01
 3.49131354E-01
 6.47304644E-01
 3.13195336E-01
 2.04559426E-01
 6.16755897E-01
 5.24478050E-01
 5.59737903E-01
 5.28038530E-01
 6.28886346E-01
 5.57003313E-01
 4.11798705E-01
 4.72373879E-01
 5.97790108E-01
 4.03252205E-01
 2.74964041E-01
 4.37010740E-01
 4.74843006E-01
 4.63853680E-01
 7.31659551E-01
 5.71692227E-01
 3.65696253E-01
 2.33508238E-01
 4.08736141E-01
 5.63580262E-01
 2.12659054E-01
 6.93640654E-02
 3.18111625E-01
 4.05089343E-01
 3.31642794E-01
 4.40814569E-01
 4.41861969E-01
 7.36519425E-01
 4.07655303E-01
 3.42802756E-01
 7.12566923E-01
 5.51300398E-01
 7.06033100E-01
 5.87841120E-01
 4.76282389E-01
 5.68341711E-01
 4.61614989E-01
 3.89348063E-01
 5.56973531E-01
 4.41162126E-01
 3.68161237E-01
 5.78922717E-01
 3.43193100E-01
 5.44512633E-01
 6.40408949E-01
 5.51545211E-01
 6.45949200E-01
 5.36050763E-01
 4.85794145E-01
 0.00000000E+00
 5.27466374E-01
 4.76897775E-01
 4.49650045E-01
 6.27920997E-01
 7.16345445E-01
 6.26763406E-01
 6.52457803E-01
 4.85946037E-01
 4.55627104E-01
 5.05143037E-01
 5.55164633E-01
 6.17294347E-01
 6.91799994E-01
 4.93687768E-01
 2.83475538E-01
 2.81683288E-01
 3.63493351E-01
 4.46728578E-01
 5.32883263E-01
 4.81070225E-01
 3.11968956E-01
 3.72108465E-01
 4.73079713E-01
 5.76841281E-01
 6.60758446E-01
 5.22849269E-01
 3.84833710E-01
 4.67056847E-01
 5.74945197E-01
 5.71337164E-01
 4.72392697E-01
 5.85322675E-01
 6.03021281E-01
 5.25725923E-01
 6.56146973E-01
 6.07126706E-01
 3.64378494E-01
 1.10136138E-01
 1.19261947E-01
 2.21874520E-01
 3.26061739E-01
 4.32636767E-01
 5.41749097E-01
 1.17053351E-01
 2.02863206E-01
 1.39967559E-01
 3.46838995E-02
 2.13546134E-01
 3.63315833E-01
 1.57068633E-01
 9.24181461E-02
 4.99681104E-02
 2.62421429E-01
 4.82698901E-01
 2.38352006E-01
 5.21637656E-02
 2.31715246E-01
 4.17805549E-01
 3.36800421E-01
 2.32447706E-01
 4.65729791E-01
 3.95974303E-01
 3.33059441E-01
 3.72538090E-01
 2.78453603E-01
 7.50367491E-02
 1.95748195E-01
 3.35823065E-01
 4.78833310E-01
 5.89738544E-01
 7.50190086E-02
 1.71226682E-01
 1.81384560E-02
 2.54095968E-01
 4.97707708E-01
 2.33175927E-01
 6.53829133E-02
 2.89652520E-01
 5.62864259E-01
 3.41934678E-01
 2.52210643E-01
 5.05935818E-01
 4.78108139E-01
 4.91384708E-01
 5.46670755E-01
 2.88256826E-01
 1.16910120E-01
 2.76870950E-01
 4.30331544E-01
 1.07973876E-01
 7.96566220E-02
 1.63556619E-01
 2.97728015E-01
 2.00974806E-01
 4.68718951E-01
 4.16739897E-01
 3.55165517E-01
 2.42936002E-01
 4.48182981E-01
 6.10574168E-01
 2.23502617E-01
 1.35393443E-01
 4.39891617E-01
 4.45971329E-01
 4.59690017E-01
 4.25460579E-01
 3.52372959E-01
 5.75175580E-01
 3.27407607E-01
 2.95756544E-01
 5.47899541E-01
 4.77404903E-01
 6.13319389E-01
 4.43983230E-01
 4.34578837E-01
 5.07481417E-01
 5.81734801E-01
 6.52123691E-01
 4.47249134E-01
 2.45710871E-01
 2.86887408E-01
 4.07749573E-01
 5.31974458E-01
 6.29249125E-01
 4.53907095E-01
 3.16202197E-01
 4.39634555E-01
 5.81601400E-01
 5.09644625E-01
 4.12238993E-01
 5.55913724E-01
 5.79875286E-01
 5.36281545E-01
 6.21502029E-01
 3.54658625E-01
 1.27202237E-01
 1.83570974E-01
 3.23024614E-01
 4.65648836E-01
 1.22572091E-01
 1.68801849E-01
 5.86434938E-02
 1.68580614E-01
 2.00529106E-01
 2.89974735E-02
 1.31307162E-01
 3.10537940E-01
 1.50868715E-01
 4.50469894E-01
 3.25225905E-01
 1.79165733E-01
 3.57518790E-01
 5.28809065E-01
 1.58104341E-01
 6.55260465E-02
 1.23698822E-01
 3.51209535E-01
 1.24446804E-01
 2.25248840E-01
 4.90429704E-01
 3.74355675E-01
 2.74038430E-01
 4.80611480E-01
 2.50982846E-01
 9.61279935E-02
 4.72571011E-01
 4.76659252E-01
 4.45035596E-01
 6.80165718E-01
 4.20614859E-01
 5.61128502E-01
 6.02144362E-01
 4.47147090E-01
 4.66395564E-01
 5.61559255E-01
 6.59122603E-01
 7.33398746E-01
 4.47378631E-01
 2.80672792E-01
 3.72278935E-01
 5.20099527E-01
 6.73390156E-01
 4.82430298E-01
 4.01968033E-01
 5.88551148E-01
 7.46246501E-01
 5.55360757E-01
 5.15673718E-01
 7.10593686E-01
 6.50332448E-01
 6.66075999E-01
 6.98585037E-01
 3.87950476E-01
 2.08062852E-01
 3.13329140E-01
 4.73544226E-01
 1.95054209E-01
 3.48247261E-02
 1.23653009E-01
 3.15356561E-01
 1.38677082E-01
 3.12365735E-01
 4.42948752E-01
 4.10927222E-01
 3.33634857E-01
 5.58223117E-01
 7.29128496E-01
 2.99289738E-01
 1.27341377E-01
 3.13092022E-01
 5.23647403E-01
 2.75611119E-01
 6.58732000E-01
 4.90197358E-01
 4.56323528E-01
 6.87208326E-01
 4.25732830E-01
 3.10958681E-01
 6.53894459E-01
 6.16116615E-01
 6.40097204E-01
 6.11727631E-01
 7.03109077E-01
 6.44253629E-01
 5.26194964E-01
 5.73384697E-01
 6.76115692E-01
 5.20011008E-01
 4.12624459E-01
 5.38491932E-01
 5.75685629E-01
 5.58890013E-01
 7.66242201E-01
 6.55531856E-01
 4.87864069E-01
 3.76528578E-01
 5.13153252E-01
 6.43145581E-01
 3.59646958E-01
 2.31880788E-01
 4.22162714E-01
 5.07722910E-01
 4.28963109E-01
 5.44901639E-01
 5.36711732E-01
 7.66401357E-01
 5.07972253E-01
 4.35310480E-01
 7.40688598E-01
 6.35947750E-01
 7.62418261E-01
 6.70724907E-01
 5.81354182E-01
 6.54554969E-01
 5.70096788E-01
 5.11306551E-01
 6.45675789E-01
 5.52544364E-01
 4.92942408E-01
 6.60210496E-01
 4.72883981E-01
 6.34095668E-01
 7.13451597E-01
 6.43080091E-01
 7.18714021E-01
 6.30847901E-01
 5.91916137E-01
 6.98387911E-01
 6.23364405E-01
 5.84158768E-01
 5.59720036E-01
 7.02336797E-01
 7.73960690E-01
 7.01410725E-01
 7.32784670E-01
 6.02774395E-01
 5.77956160E-01
 6.19897603E-01
 6.62218165E-01
 7.11486890E-01
 7.67845580E-01
 6.09809223E-01
 4.42812660E-01
 4.37179580E-01
 5.08252062E-01
 5.80451061E-01
 6.50136262E-01
 5.99470622E-01
 4.60891925E-01
 4.99719045E-01
 5.88027717E-01
 6.78573057E-01
 7.47916697E-01
 6.37537666E-01
 5.27268516E-01
 5.84294533E-01
 6.72973309E-01
 6.81479649E-01
 6.06252532E-01
 6.88083234E-01
 7.10967542E-01
 6.55786221E-01
 7.51362730E-01
 7.17434547E-01
 5.09360777E-01
 3.06265558E-01
 3.07396445E-01
 3.96917680E-01
 4.87709505E-01
 5.74215347E-01
 6.56389024E-01
 3.12235516E-01
 4.68515865E-02
 8.09987882E-02
 2.38249502E-01
 3.99047538E-01
 5.24916721E-01
 3.35894171E-01
 1.14267491E-01
 2.01770301E-01
 3.96100884E-01
 5.97138796E-01
 4.11418181E-01
 2.49622235E-01
 3.69949013E-01
 5.32166794E-01
 5.02107373E-01
 4.16748668E-01
 5.83814974E-01
 5.57371105E-01
 5.13140271E-01
 5.42104562E-01
 4.39028096E-01
 2.67459742E-01
 3.48537610E-01
 4.72957912E-01
 5.99824048E-01
 6.92993582E-01
 2.66614632E-01
 4.08210448E-02
 1.60713467E-01
 3.78887642E-01
 6.03745246E-01
 3.71615273E-01
 1.88180084E-01
 3.23605345E-01
 5.84379743E-01
 4.73085956E-01
 3.66545260E-01
 5.32029114E-01
 5.99069661E-01
 5.93493157E-01
 6.65399412E-01
 4.52432150E-01
 3.10382448E-01
 4.23342115E-01
 5.52415953E-01
 3.03029787E-01
 1.32426712E-01
 2.97995091E-01
 4.34766756E-01
 3.19341762E-01
 4.94404906E-01
 5.37745051E-01
 5.11498518E-01
 4.22390166E-01
 5.73498101E-01
 7.00674208E-01
 4.07876428E-01
 3.30421119E-01
 5.51454235E-01
 5.70217854E-01
 5.63259218E-01
 5.69876510E-01
 5.15733711E-01
 6.82857900E-01
 4.97429275E-01
 4.75030496E-01
 6.63116773E-01
 6.09037058E-01
 7.04041913E-01
 5.71497508E-01
 5.61809165E-01
 6.22332105E-01
 6.83899203E-01
 7.39698458E-01
 5.74707086E-01
 4.12112117E-01
 4.36798909E-01
 5.39596606E-01
 6.45078481E-01
 7.24210327E-01
 5.77174284E-01
 4.57964581E-01
 5.40789850E-01
 6.63402785E-01
 6.26167690E-01
 5.42887869E-01
 6.42884643E-01
 6.86971114E-01
 6.50976657E-01
 7.23498345E-01
 5.01215536E-01
 3.16088555E-01
 3.51002739E-01
 4.70566187E-01
 5.92690026E-01
 3.12259437E-01
 6.22771416E-02
 1.27717147E-01
 3.30066916E-01
 3.60506006E-01
 1.44129869E-01
 2.38745200E-01
 4.58707870E-01
 3.09154396E-01
 5.82253688E-01
 4.71810484E-01
 3.39767567E-01
 4.61580514E-01
 6.12638178E-01
 3.21655772E-01
 1.04116239E-01
 2.18331903E-01
 4.47825969E-01
 2.06897741E-01
 2.41570351E-01
 5.74033316E-01
 5.15522603E-01
 4.24415350E-01
 5.70542295E-01
 4.05274853E-01
 2.53414058E-01
 5.57241363E-01
 6.02176825E-01
 5.72576154E-01
 7.45165612E-01
 5.53522603E-01
 6.71717659E-01
 6.96276023E-01
 5.74507853E-01
 5.86041941E-01
 6.63334600E-01
 7.42470990E-01
 8.01167401E-01
 5.74950967E-01
 4.37729432E-01
 4.99275206E-01
 6.22688094E-01
 7.50440202E-01
 5.97501890E-01
 5.19320532E-01
 6.47741786E-01
 7.83063391E-01
 6.58671618E-01
 6.16664125E-01
 7.53479262E-01
 7.37243374E-01
 7.44165857E-01
 7.77971337E-01
 5.27051419E-01
 3.77708683E-01
 4.48892524E-01
 5.83781880E-01
 3.66791273E-01
 1.62246179E-01
 2.62823819E-01
 4.45060998E-01
 2.66277831E-01
 3.68880916E-01
 5.55054838E-01
 5.37171346E-01
 4.57088004E-01
 6.13186016E-01
 7.63115457E-01
 4.28285950E-01
 2.49600695E-01
 3.60222256E-01
 5.76509452E-01
 3.17756222E-01
 6.97231874E-01
 6.03298740E-01
 5.62445630E-01
 7.26462397E-01
 5.37085551E-01
 4.15464914E-01
 6.92417086E-01
 7.07081114E-01
 7.19346688E-01
 6.95416732E-01
 7.77331808E-01
 7.30766225E-01
 6.39415766E-01
 6.73155720E-01
 7.53315761E-01
 6.35025791E-01
 5.47910438E-01
 6.37942121E-01
 6.74488125E-01
 6.51702179E-01
 7.99821531E-01
 7.37459168E-01
 6.09122075E-01
 5.18163439E-01
 6.16275288E-01
 7.21484280E-01
 5.04821402E-01
 3.91888340E-01
 5.24107813E-01
 6.08764109E-01
 5.24124014E-01
 6.48222183E-01
 6.30563081E-01
 7.95780062E-01
 6.07192061E-01
 5.26155959E-01
 7.69583049E-01
 7.19942248E-01
 8.18803423E-01
 7.52873554E-01
 6.85274547E-01
 7.39612342E-01
 6.77124339E-01
 6.31286084E-01
 7.32947247E-01
 6.63037528E-01
 6.16370803E-01
 7.40274599E-01
 6.01125605E-01
 7.22963425E-01
 7.85852560E-01
 7.33557453E-01
 7.90345297E-01
 7.24535107E-01
 6.96175911E-01
 7.75413288E-01
 7.18465768E-01
 6.89880449E-01
 6.69878697E-01
 7.76752598E-01
 8.31073661E-01
 7.76058044E-01
 8.19129260E-01
 7.30754927E-01
 7.13714770E-01
 7.43116777E-01
 7.72750037E-01
 8.06487842E-01
 8.44405520E-01
 7.36454620E-01
 6.22663393E-01
 6.18053346E-01
 6.68091587E-01
 7.18842906E-01
 7.66721347E-01
 7.30278897E-01
 6.35311426E-01
 6.59905450E-01
 7.21920938E-01
 7.85367257E-01
 8.33124451E-01
 7.58295564E-01
 6.83767631E-01
 7.20753169E-01
 7.81569608E-01
 7.90330122E-01
 7.40720108E-01
 7.94302310E-01
 8.12323624E-01
 7.77150011E-01
 8.39571657E-01
 8.18838229E-01
 6.68449855E-01
 5.29761088E-01
 5.29310000E-01
 5.92370675E-01
 6.56251127E-01
 7.15740142E-01
 7.70775873E-01
 5.34991426E-01
 3.52107303E-01
 3.72058731E-01
 4.83491085E-01
 5.97256281E-01
 6.84496949E-01
 5.50611861E-01
 3.95318377E-01
 4.49267446E-01
 5.87039836E-01
 7.29248840E-01
 6.05717081E-01
 4.93658819E-01
 5.70393965E-01
 6.83428897E-01
 6.71122321E-01
 6.13589383E-01
 7.22351681E-01
 7.11402909E-01
 6.83740782E-01
 7.03311299E-01
 6.20624682E-01
 5.01648050E-01
 5.53658043E-01
 6.41527690E-01
 7.31008107E-01
 7.95628051E-01
 5.01845758E-01
 3.41847181E-01
 4.16687552E-01
 5.72069326E-01
 7.31926576E-01
 5.69638044E-01
 4.34352187E-01
 5.16870668E-01
 7.03540058E-01
 6.42817537E-01
 5.63319167E-01
 6.67473944E-01
 7.32673556E-01
 7.25818591E-01
 7.80512478E-01
 6.31453817E-01
 5.33633283E-01
 6.07433164E-01
 6.96982606E-01
 5.29292365E-01
 4.08865871E-01
 5.15299929E-01
 6.15217835E-01
 5.28655602E-01
 6.39144121E-01
 6.87476257E-01
 6.73249556E-01
 6.12862058E-01
 7.13004037E-01
 7.99107088E-01
 6.03630171E-01
 5.49665374E-01
 6.95174632E-01
 7.10970159E-01
 7.02620777E-01
 7.13681168E-01
 6.77986252E-01
 7.89424629E-01
 6.66083381E-01
 6.51940414E-01
 7.76743978E-01
 7.39933405E-01
 8.00954582E-01
 7.11223785E-01
 7.04236505E-01
 7.46137191E-01
 7.88708071E-01
 8.26706909E-01
 7.14229597E-01
 6.03406163E-01
 6.18547639E-01
 6.90016970E-01
 7.63231710E-01
 8.17397377E-01
 7.16160468E-01
 6.33471152E-01
 6.86323255E-01
 7.71615446E-01
 7.51282644E-01
 6.94054448E-01
 7.58561054E-01
 7.94235457E-01
 7.70045024E-01
 8.20307874E-01
 6.63669572E-01
 5.36828083E-01
 5.58514568E-01
 6.41995864E-01
 7.27154361E-01
 5.35101288E-01
 3.61476397E-01
 4.01223472E-01
 5.43706794E-01
 5.65885451E-01
 4.12076624E-01
 4.69181797E-01
 6.35818602E-01
 5.30187408E-01
 7.22727594E-01
 6.42536968E-01
 5.49265678E-01
 6.27730350E-01
 7.33937876E-01
 5.37361338E-01
 3.80998747E-01
 4.50680177E-01
 6.17613735E-01
 4.41146179E-01
 4.55017308E-01
 7.07157511E-01
 6.73520520E-01
 6.09182152E-01
 7.04548323E-01
 5.96425045E-01
 4.87178040E-01
 6.94527604E-01
 7.33768557E-01
 7.12822032E-01
 8.26943701E-01
 7.00120697E-01
 7.81658174E-01
 7.96359216E-01
 7.14008206E-01
 7.21102026E-01
 7.74079910E-01
 8.28252191E-01
 8.68074011E-01
 7.14924536E-01
 6.20976542E-01
 6.60337541E-01
 7.45436284E-01
 8.33375272E-01
 7.29703456E-01
 6.73840480E-01
 7.56396713E-01
 8.50176029E-01
 7.72396029E-01
 7.41969716E-01
 8.30379630E-01
 8.26504490E-01
 8.30223791E-01
 8.54694325E-01
 6.81553782E-01
 5.78754186E-01
 6.24460632E-01
 7.17939972E-01
 5.71860542E-01
 4.28455054E-01
 4.91250913E-01
 6.21781598E-01
 4.92487731E-01
 5.54436771E-01
 6.98695120E-01
 6.86658949E-01
 6.28171160E-01
 7.29279952E-01
 8.34390806E-01
 6.08684825E-01
 4.78284386E-01
 5.45388510E-01
 7.02854737E-01
 5.14300518E-01
 7.87987330E-01
 7.32386942E-01
 7.01656043E-01
 8.08781581E-01
 6.84359045E-01
 5.95474262E-01
 7.84229132E-01
 8.03802260E-01
 8.10832143E-01
 7.94304721E-01
 8.51554538E-01
 8.20200796E-01
 7.58814230E-01
 7.80962068E-01
 8.35102133E-01
 7.56309744E-01
 6.97013963E-01
 7.55905113E-01
 7.82378137E-01
 7.65016474E-01
 8.61567260E-01
 8.25136854E-01
 7.38132480E-01
 6.75934018E-01
 7.40319540E-01
 8.12270703E-01
 6.67227432E-01
 5.88324069E-01
 6.73956125E-01
 7.34947181E-01
 6.73077087E-01
 7.63292248E-01
 7.48923552E-01
 8.57282666E-01
 7.33063056E-01
 6.73234826E-01
 8.38385476E-01
 8.11898420E-01
 8.78472519E-01
 8.35515063E-01
 7.90491836E-01
 8.26588855E-01
 7.85343418E-01
 7.54622844E-01
 8.22426718E-01
 7.75401891E-01
 7.44027317E-01
 8.26216905E-01
 7.33948630E-01
 8.14994046E-01
 8.57698093E-01
 8.23125200E-01
 8.61015071E-01
 8.17227423E-01
 7.98817798E-01
 8.51276821E-01
 8.12880494E-01
 7.94304754E-01
 7.81120684E-01
 8.51168399E-01
 8.87749897E-01
 8.50705363E-01
 9.08661587E-01
 8.64111664E-01
 8.55597686E-01
 8.70508051E-01
 8.85519074E-01
 9.02579642E-01
 9.21722491E-01
 8.67497683E-01
 8.10429026E-01
 8.08262212E-01
 8.33516294E-01
 8.59091775E-01
 8.83189917E-01
 8.65100000E-01
 8.17780647E-01
 8.30243025E-01
 8.61346644E-01
 8.93102223E-01
 9.16986249E-01
 8.79867476E-01
 8.43029663E-01
 8.61579000E-01
 8.91883405E-01
 8.96582004E-01
 8.72341761E-01
 8.98919747E-01
 9.08310894E-01
 8.91419686E-01
 9.22072563E-01
 9.12601608E-01
 8.33362206E-01
 7.63790786E-01
 7.63703396E-01
 7.95486670E-01
 8.27646652E-01
 8.57569266E-01
 8.85225740E-01
 7.67195506E-01
 6.75872595E-01
 6.86094755E-01
 7.42007420E-01
 7.99003258E-01
 8.42683873E-01
 7.76022887E-01
 6.98912614E-01
 7.26054695E-01
 7.94809138E-01
 8.65627331E-01
 8.04501667E-01
 7.49265412E-01
 7.87566055E-01
 8.43706975E-01
 8.37900562E-01
 8.09905382E-01
 8.63718016E-01
 8.58711929E-01
 8.45718038E-01
 8.55925548E-01
 8.09831250E-01
 7.50340275E-01
 7.76535295E-01
 8.20646131E-01
 8.65509616E-01
 8.97894127E-01
 7.51146876E-01
 6.71470196E-01
 7.09065491E-01
 7.86751328E-01
 8.66539466E-01
 7.85821726E-01
 7.18777159E-01
 7.60070268E-01
 8.52958318E-01
 8.22955694E-01
 7.83858904E-01
 8.35698949E-01
 8.68018871E-01
 8.64989597E-01
 8.92035066E-01
 8.15575971E-01
 7.66777333E-01
 8.03820885E-01
 8.48686923E-01
 7.65143199E-01
 7.05305424E-01
 7.58593334E-01
 8.08585721E-01
 7.65797382E-01
 8.20961939E-01
 8.44947934E-01
 8.36684122E-01
 8.06647420E-01
 8.56785329E-01
 8.99852473E-01
 8.02360660E-01
 7.75685309E-01
 8.48370257E-01
 8.56185943E-01
 8.52321949E-01
 8.57016026E-01
 8.39347995E-01
 8.95082402E-01
 8.33554408E-01
 8.26834744E-01
 8.88983745E-01
 8.70219427E-01
 9.00223913E-01
 8.55327877E-01
 8.51915931E-01
 8.72973680E-01
 8.94343034E-01
 9.13402401E-01
 8.57341354E-01
 8.02164015E-01
 8.09864221E-01
 8.45613305E-01
 8.82178040E-01
 9.09213652E-01
 8.58967997E-01
 8.18057563E-01
 8.44452180E-01
 8.86870787E-01
 8.77077018E-01
 8.48990386E-01
 8.80999514E-01
 8.98920709E-01
 8.87253580E-01
 9.12325280E-01
 8.31633250E-01
 7.68273269E-01
 7.79259837E-01
 8.21116680E-01
 8.63761620E-01
 7.68084801E-01
 6.81712987E-01
 7.01766989E-01
 7.72930989E-01
 7.84265886E-01
 7.08122158E-01
 7.36763524E-01
 8.19748307E-01
 7.67795764E-01
 8.63299318E-01
 8.21259631E-01
 7.74766484E-01
 8.14104105E-01
 8.67239318E-01
 7.69347415E-01
 6.91648278E-01
 7.26614726E-01
 8.09920122E-01
 7.22520308E-01
 7.29803373E-01
 8.54811205E-01
 8.36894058E-01
 8.04896921E-01
 8.52630328E-01
 7.98854254E-01
 7.44666443E-01
 8.48060590E-01
 8.67082442E-01
 8.56763891E-01
 9.13796883E-01
 8.50553172E-01
 8.91056049E-01
 8.98265029E-01
 8.57205620E-01
 8.60830794E-01
 8.87337439E-01
 9.14409051E-01
 9.34300593E-01
 8.58079982E-01
 8.11448215E-01
 8.31161422E-01
 8.73568573E-01
 9.17319748E-01
 8.65945640E-01
 8.38397911E-01
 8.79432262E-01
 9.25937262E-01
 8.87564968E-01
 8.72712398E-01
 9.16468992E-01
 9.14615261E-01
 9.16664492E-01
 9.28714052E-01
 8.40925566E-01
 7.89706188E-01
 8.12650501E-01
 8.59388770E-01
 7.86752986E-01
 7.15558227E-01
 7.47041555E-01
 8.12163533E-01
 7.48237754E-01
 7.79287868E-01
 8.50736518E-01
 8.43542026E-01
 8.14474180E-01
 8.65035575E-01
 9.17518009E-01
 8.05061633E-01
 7.40363703E-01
 7.74058268E-01
 8.52264823E-01
 7.58984653E-01
 8.94801056E-01
 8.66432222E-01
 8.51237040E-01
 9.04775803E-01
 8.42736222E-01
 7.98827903E-01
 8.92734660E-01
 9.02119582E-01
 9.05803935E-01
 8.97637294E-01
 9.25777269E-01
 9.10303406E-01
 8.79752170E-01
 8.90865372E-01
 9.17898333E-01
 8.78775351E-01
 8.49397395E-01
 8.78777395E-01
 8.92045410E-01
 8.83561889E-01
 9.31501283E-01
 9.13459748E-01
 8.69328635E-01
 8.38407935E-01
 8.70618841E-01
 9.06556704E-01
 8.34322815E-01
 7.95242527E-01
 8.38045100E-01
 8.68285147E-01
 8.37848974E-01
 8.81897144E-01
 8.74846573E-01
 9.28950610E-01
 8.67038484E-01
 8.37539678E-01
 9.19669866E-01
 9.06173963E-01
 9.39236259E-01
 9.17988483E-01
 8.95612753E-01
 9.13666504E-01
 8.93205153E-01
 8.78039167E-01
 9.11808044E-01
 8.87982834E-01
 8.72453689E-01
 9.13515795E-01
 8.67520629E-01
 9.07734811E-01
 9.29060253E-01
 9.11905373E-01
 9.30862109E-01
 9.09021552E-01
 9.00038729E-01
 9.26105449E-01
 9.06699756E-01
 8.97625463E-01
 8.91107928E-01
 9.25639489E-01
 9.44043568E-01
 9.25469866E-01
