 9.30788317E-01
 8.94329766E-01
 8.84364418E-01
 8.93163589E-01
 9.02315547E-01
 9.14566543E-01
 9.30127483E-01
 8.88364149E-01
 8.35446773E-01
 8.27676146E-01
 8.45060420E-01
 8.63375873E-01
 8.82796644E-01
 8.72729128E-01
 8.22007513E-01
 8.26969775E-01
 8.52585326E-01
 8.80017535E-01
 9.02246146E-01
 8.72607227E-01
 8.26978207E-01
 8.39950788E-01
 8.69266816E-01
 8.76647938E-01
 8.41039676E-01
 8.67058662E-01
 8.77732087E-01
 8.47921888E-01
 8.83374355E-01
 8.72593595E-01
 9.06779785E-01
 8.62179753E-01
 8.55667482E-01
 8.73162708E-01
 8.91355973E-01
 9.08747542E-01
 9.25300156E-01
 8.57411241E-01
 7.97963547E-01
 8.00672545E-01
 8.33438598E-01
 8.67972057E-01
 8.94748375E-01
 8.49018703E-01
 8.00530707E-01
 8.24142043E-01
 8.67467483E-01
 9.13973734E-01
 8.59000564E-01
 8.21871100E-01
 8.54239321E-01
 8.90879875E-01
 8.76806562E-01
 8.57754546E-01
 9.03351836E-01
 8.88652909E-01
 8.79182013E-01
 0.00000000E+00
 8.98318293E-01
 8.55052336E-01
 8.56094646E-01
 8.81145575E-01
 9.07306294E-01
 9.27101748E-01
 8.51583399E-01
 7.99645740E-01
 8.17080655E-01
 8.59928610E-01
 9.05400406E-01
 8.53848646E-01
 8.21130791E-01
 8.64254877E-01
 9.14873188E-01
 8.72375095E-01
 8.52614734E-01
 9.00635831E-01
 9.00596907E-01
 8.99221796E-01
 0.00000000E+00
 9.07989157E-01
 8.74797741E-01
 8.84242342E-01
 9.11104871E-01
 8.71489137E-01
 8.37689497E-01
 8.66482184E-01
 8.82497579E-01
 8.70961698E-01
 9.22062639E-01
 9.03918128E-01
 9.15202585E-01
 8.90469286E-01
 9.07686533E-01
 9.36745143E-01
 8.86952010E-01
 8.68464546E-01
 9.07880754E-01
 9.05237548E-01
 9.10864331E-01
 9.26399051E-01
 9.07024058E-01
 9.25105579E-01
 9.04100207E-01
 8.90816500E-01
 9.24394825E-01
 9.41697801E-01
 8.61442044E-01
 7.98452972E-01
 7.92096877E-01
 8.14484714E-01
 8.37865909E-01
 8.61932613E-01
 7.88796978E-01
 6.97959298E-01
 6.97883611E-01
 7.42877693E-01
 7.90500322E-01
 8.29444570E-01
 7.78170106E-01
 6.93464601E-01
 7.11496018E-01
 7.75063824E-01
 7.88796110E-01
 7.20375773E-01
 7.53337780E-01
 8.10827251E-01
 7.69517846E-01
 8.25470521E-01
 8.41165970E-01
 7.77016614E-01
 7.82342629E-01
 8.18855439E-01
 8.57066412E-01
 7.68225610E-01
 6.75801981E-01
 6.89005244E-01
 7.55719141E-01
 7.72437284E-01
 6.86702848E-01
 7.11291865E-01
 7.99700419E-01
 7.35901116E-01
 8.42322967E-01
 8.42153861E-01
 7.88058375E-01
 8.07549079E-01
 8.52348980E-01
 7.80054644E-01
 7.02525047E-01
 7.30961093E-01
 8.00233649E-01
 7.29139878E-01
 7.58676942E-01
 8.36794399E-01
 8.66964515E-01
 8.32752215E-01
 8.63142065E-01
 8.26589850E-01
 7.81888132E-01
 8.59691160E-01
 8.84708611E-01
 8.66221837E-01
 9.06529332E-01
 8.60916770E-01
 9.03292342E-01
 8.29729035E-01
 7.70592024E-01
 7.87654878E-01
 8.23908485E-01
 8.61953885E-01
 8.90944444E-01
 7.61597635E-01
 6.78037080E-01
 7.06714657E-01
 7.77575356E-01
 8.53155082E-01
 7.81749143E-01
 7.08642906E-01
 7.47072752E-01
 8.41072686E-01
 8.08067326E-01
 7.60567656E-01
 8.13091823E-01
 8.50182614E-01
 8.40437733E-01
 0.00000000E+00
 8.27317253E-01
 7.78124695E-01
 8.12098171E-01
 8.61729370E-01
 7.66867797E-01
 6.83701021E-01
 7.14458437E-01
 8.00926190E-01
 7.06735625E-01
 7.10154870E-01
 8.42437008E-01
 8.43739068E-01
 8.12105700E-01
 8.61119299E-01
 9.13422579E-01
 7.99492127E-01
 7.30083696E-01
 7.61493266E-01
 8.45699984E-01
 7.43054525E-01
 8.91787090E-01
 8.79415631E-01
 8.69904953E-01
 9.24146551E-01
 8.61381169E-01
 8.25572611E-01
 9.18840317E-01
 9.04672138E-01
 9.11442604E-01
 9.08573247E-01
 9.25641978E-01
 8.26062866E-01
 7.74298511E-01
 8.03439539E-01
 8.43354783E-01
 7.66070325E-01
 6.99348672E-01
 7.45777315E-01
 8.00419989E-01
 7.50938513E-01
 8.04723508E-01
 8.31586800E-01
 8.38447856E-01
 8.02562241E-01
 8.46280147E-01
 8.87575102E-01
 7.93297071E-01
 7.32528944E-01
 7.73745281E-01
 8.39949146E-01
 7.67445780E-01
 8.64644896E-01
 8.46473684E-01
 8.99135443E-01
 8.36825586E-01
 7.85037071E-01
 8.91787090E-01
 9.03143543E-01
 9.31578135E-01
 8.40539472E-01
 8.06343220E-01
 8.51242560E-01
 7.98327999E-01
 7.64763386E-01
 8.48231119E-01
 8.65677602E-01
 8.51533193E-01
 9.06683458E-01
 8.44222383E-01
 8.99286831E-01
 8.56632086E-01
 8.34524917E-01
 8.87259477E-01
 8.27115590E-01
 8.11987262E-01
 0.00000000E+00
 8.87863582E-01
 8.85071816E-01
 8.83348139E-01
 9.25426225E-01
 8.66356111E-01
 8.98404109E-01
 8.64747031E-01
 7.93711763E-01
 7.74498042E-01
 7.91888399E-01
 8.09935997E-01
 8.33973512E-01
 8.64385614E-01
 7.83704193E-01
 6.81610831E-01
 6.67051785E-01
 7.01088904E-01
 7.36839797E-01
 7.74624645E-01
 7.55626145E-01
 6.58826020E-01
 6.68944604E-01
 7.18503815E-01
 7.71365747E-01
 8.14144561E-01
 7.57470894E-01
 6.71278727E-01
 6.96599656E-01
 7.52776813E-01
 7.66588649E-01
 6.99872339E-01
 7.49638059E-01
 7.68734246E-01
 7.12967536E-01
 7.80647803E-01
 7.56868336E-01
 8.16323942E-01
 7.28746473E-01
 7.16260382E-01
 7.50961543E-01
 7.86963020E-01
 8.21316758E-01
 8.53949629E-01
 7.20806917E-01
 6.04949756E-01
 6.10819511E-01
 6.75309621E-01
 7.43072271E-01
 7.95568572E-01
 7.06083580E-01
 6.12328201E-01
 6.58835016E-01
 7.43409169E-01
 8.33838745E-01
 7.26693651E-01
 6.55373605E-01
 7.18632405E-01
 7.89968614E-01
 7.61507841E-01
 7.25231992E-01
 8.13990542E-01
 7.83658046E-01
 7.66395766E-01
 7.70753994E-01
 7.98984055E-01
 7.13798280E-01
 7.16228753E-01
 7.65962708E-01
 8.17764111E-01
 8.56935332E-01
 7.07912627E-01
 6.06274615E-01
 6.41125301E-01
 7.25705173E-01
 8.15160356E-01
 7.13376519E-01
 6.49825045E-01
 7.34817785E-01
 8.34170243E-01
 7.50109602E-01
 7.12058593E-01
 8.06600786E-01
 8.05096814E-01
 8.03429723E-01
 0.00000000E+00
 8.17752714E-01
 7.52353117E-01
 7.71393050E-01
 8.24762333E-01
 7.46247021E-01
 6.80050907E-01
 7.37360792E-01
 7.68407902E-01
 7.46241629E-01
 8.47320487E-01
 8.10597982E-01
 8.31826380E-01
 7.83139369E-01
 8.17611965E-01
 8.75382196E-01
 7.76246877E-01
 7.40247377E-01
 8.18799771E-01
 8.12557351E-01
 8.24678982E-01
 8.53905909E-01
 8.15873227E-01
 8.52277352E-01
 8.09865343E-01
 7.84777588E-01
 8.48789650E-01
 8.84216768E-01
 7.28696618E-01
 6.05749433E-01
 5.93739574E-01
 6.37888184E-01
 6.83899854E-01
 7.31161445E-01
 5.88804573E-01
 4.12677609E-01
 4.13310504E-01
 5.01404117E-01
 5.94390485E-01
 6.70365841E-01
 5.70300569E-01
 4.07099263E-01
 4.42893003E-01
 5.66453139E-01
 5.92268038E-01
 4.61098015E-01
 5.25605875E-01
 6.34857085E-01
 5.56009821E-01
 6.61489815E-01
 6.86809782E-01
 5.60828254E-01
 5.71855200E-01
 6.44166306E-01
 7.19651999E-01
 5.44909245E-01
 3.64323377E-01
 3.91168188E-01
 5.22635259E-01
 5.54573523E-01
 3.87781301E-01
 4.36990382E-01
 6.08380523E-01
 4.84738791E-01
 6.91117236E-01
 6.87755220E-01
 5.81311203E-01
 6.20396589E-01
 7.09280899E-01
 5.66176743E-01
 4.14226000E-01
 4.71310663E-01
 6.06598567E-01
 4.67761869E-01
 5.27590951E-01
 6.78452647E-01
 7.36340051E-01
 6.69083994E-01
 7.29774811E-01
 6.56956186E-01
 5.69494187E-01
 7.22561564E-01
 7.71235447E-01
 7.35160275E-01
 8.15695620E-01
 7.24313749E-01
 8.07979614E-01
 6.65368287E-01
 5.49628206E-01
 5.83610065E-01
 6.55140768E-01
 7.30032744E-01
 7.87068872E-01
 5.33220868E-01
 3.70431737E-01
 4.27349712E-01
 5.66445535E-01
 7.14347830E-01
 5.73777792E-01
 4.31895665E-01
 5.07787195E-01
 6.91524655E-01
 6.25367718E-01
 5.33590924E-01
 6.37185624E-01
 7.06812735E-01
 6.89294206E-01
 0.00000000E+00
 6.58918621E-01
 5.62324902E-01
 6.29890989E-01
 7.28119926E-01
 5.40737506E-01
 3.77898370E-01
 4.39516576E-01
 6.08328988E-01
 4.24241342E-01
 4.33062900E-01
 6.89752933E-01
 6.90545981E-01
 6.28504784E-01
 7.25972648E-01
 8.29650361E-01
 6.03581974E-01
 4.67534606E-01
 5.31306819E-01
 6.95010727E-01
 4.94932952E-01
 7.83574179E-01
 7.60826422E-01
 7.42546466E-01
 8.50483847E-01
 7.25304197E-01
 6.56316728E-01
 8.37680634E-01
 8.10753611E-01
 8.25221927E-01
 8.17146494E-01
 8.51283955E-01
 6.57051575E-01
 5.55541039E-01
 6.13475705E-01
 6.92478770E-01
 5.39827011E-01
 4.09481936E-01
 5.01638540E-01
 6.07747445E-01
 5.11503952E-01
 6.18383951E-01
 6.68604889E-01
 6.80340023E-01
 6.09954392E-01
 6.96929242E-01
 7.78955558E-01
 5.91596344E-01
 4.72675337E-01
 5.55629376E-01
 6.83772751E-01
 5.43040475E-01
 7.31643007E-01
 6.96297722E-01
 8.01256891E-01
 6.76731730E-01
 5.76548339E-01
 7.83574179E-01
 8.07756090E-01
 8.63156270E-01
 6.84782475E-01
 6.17775395E-01
 7.06969135E-01
 6.01820550E-01
 5.36534501E-01
 7.00269991E-01
 7.33813366E-01
 7.06433457E-01
 8.16202647E-01
 6.91476718E-01
 8.00142296E-01
 7.16031703E-01
 6.72957593E-01
 7.78041407E-01
 6.57705517E-01
 6.29834560E-01
 0.00000000E+00
 7.77522784E-01
 7.73298179E-01
 7.66696278E-01
 8.50852449E-01
 7.34915128E-01
 7.96808217E-01
 8.02403593E-01
 6.99390847E-01
 6.72050211E-01
 6.96836001E-01
 7.22508453E-01
 7.57390116E-01
 8.02041597E-01
 6.87165509E-01
 5.41362522E-01
 5.22078762E-01
 5.69804918E-01
 6.19798577E-01
 6.73782438E-01
 6.50330574E-01
 5.14819372E-01
 5.32193488E-01
 6.00847919E-01
 6.73814766E-01
 7.33824400E-01
 6.55027150E-01
 5.35097309E-01
 5.73718318E-01
 6.52183401E-01
 6.69043476E-01
 5.76226617E-01
 6.48420941E-01
 6.72080336E-01
 5.93995888E-01
 6.90812652E-01
 6.53286845E-01
 7.29814096E-01
 6.02262802E-01
 5.85109895E-01
 6.35129880E-01
 6.86917859E-01
 7.36993894E-01
 7.85298896E-01
 5.92939819E-01
 4.27034477E-01
 4.38489656E-01
 5.30075546E-01
 6.26048771E-01
 7.01331773E-01
 5.75384368E-01
 4.44729571E-01
 5.16644878E-01
 6.35255147E-01
 7.61630525E-01
 6.05845984E-01
 5.06975643E-01
 6.02152480E-01
 7.02565521E-01
 6.55046570E-01
 6.04884038E-01
 7.35488457E-01
 6.84959024E-01
 6.61253697E-01
 6.64275389E-01
 7.03460291E-01
 5.79359401E-01
 5.84457649E-01
 6.56696459E-01
 7.31766133E-01
 7.88956629E-01
 5.72472842E-01
 4.27372227E-01
 4.81980287E-01
 6.03096754E-01
 7.30809400E-01
 5.83902157E-01
 4.97525163E-01
 6.26896505E-01
 7.67236850E-01
 6.36952496E-01
 5.86500477E-01
 7.28902377E-01
 7.15001020E-01
 7.15782019E-01
 0.00000000E+00
 7.30049416E-01
 6.34328302E-01
 6.63652524E-01
 7.42158558E-01
 6.26185728E-01
 5.31252877E-01
 6.18196616E-01
 6.60742292E-01
 6.32363159E-01
 7.84555726E-01
 7.22190572E-01
 7.49972904E-01
 6.78311433E-01
 7.30237063E-01
 8.16062882E-01
 6.68316212E-01
 6.16405425E-01
 7.34243342E-01
 7.22805425E-01
 7.43263330E-01
 7.82329177E-01
 7.26206694E-01
 7.81064855E-01
 7.17044052E-01
 6.81235783E-01
 7.73184476E-01
 8.27409091E-01
 6.04104475E-01
 4.26933691E-01
 4.11494246E-01
 4.73762978E-01
 5.38541291E-01
 6.06566577E-01
 4.05583039E-01
 1.56223407E-01
 1.62156320E-01
 2.84572180E-01
 4.13472384E-01
 5.20897888E-01
 3.84947982E-01
 1.59508541E-01
 2.18882834E-01
 3.88844687E-01
 4.16300499E-01
 2.35370042E-01
 3.34716993E-01
 4.74300151E-01
 3.64706021E-01
 5.08100873E-01
 5.40614200E-01
 3.59188296E-01
 3.78571725E-01
 4.81710561E-01
 5.89140600E-01
 3.38761981E-01
 8.39184624E-02
 1.30366965E-01
 3.14928439E-01
 3.59545911E-01
 1.30914723E-01
 2.13320376E-01
 4.35375170E-01
 2.66395216E-01
 5.50163124E-01
 5.40882089E-01
 3.88299653E-01
 4.49614078E-01
 5.77328518E-01
 3.67997210E-01
 1.55250613E-01
 2.47259274E-01
 4.33452975E-01
 2.45993512E-01
 3.46254169E-01
 5.35166069E-01
 6.10261708E-01
 5.13540299E-01
 6.05876704E-01
 4.96280781E-01
 3.73758354E-01
 5.96442317E-01
 6.60068868E-01
 6.07955910E-01
 7.29065092E-01
 5.91620146E-01
 7.13816989E-01
 5.11460936E-01
 3.46679190E-01
 4.00290646E-01
 5.00964449E-01
 6.06155018E-01
 6.87548265E-01
 3.25711359E-01
 9.99979075E-02
 1.91631884E-01
 3.84518508E-01
 5.89058145E-01
 3.92536295E-01
 2.04337211E-01
 3.27427499E-01
 5.79409634E-01
 4.63689629E-01
 3.44127512E-01
 5.05538271E-01
 5.74714693E-01
 5.56748101E-01
 6.32472967E-01
 5.01015840E-01
 3.65566943E-01
 4.70190645E-01
 6.09281963E-01
 3.36228044E-01
 1.13042190E-01
 2.14723625E-01
 4.43918905E-01
 1.97897572E-01
 2.28115300E-01
 5.57396271E-01
 5.46888599E-01
 4.62700045E-01
 6.12155991E-01
 7.59449298E-01
 4.27399293E-01
 2.43923123E-01
 3.50680453E-01
 5.70235309E-01
 3.02818332E-01
 6.91643781E-01
 6.47598159E-01
 6.25065622E-01
 7.88501423E-01
 5.99789464E-01
 5.09113085E-01
 7.68732836E-01
 7.19142956E-01
 7.43248983E-01
 7.28324943E-01
 7.76925933E-01
 4.96421320E-01
 3.51041442E-01
 4.39662918E-01
 5.52944951E-01
 3.29627302E-01
 1.48007734E-01
 2.90628004E-01
 4.34676758E-01
 3.08446307E-01
 4.76257951E-01
 5.20144521E-01
 5.30160759E-01
 4.31601296E-01
 5.64272612E-01
 6.81522407E-01
 4.05559319E-01
 2.42773931E-01
 3.74870018E-01
 5.47364475E-01
 3.60401292E-01
 6.05529183E-01
 5.59029434E-01
 7.18974054E-01
 5.30446503E-01
 3.97104563E-01
 6.91643781E-01
 7.16152672E-01
 7.95515966E-01
 5.33932522E-01
 4.36971749E-01
 5.70812534E-01
 4.13653915E-01
 3.22166860E-01
 5.61167829E-01
 6.06010424E-01
 5.68193552E-01
 7.33265871E-01
 5.45817905E-01
 7.04206057E-01
 5.77841576E-01
 5.14705645E-01
 6.71674913E-01
 4.91343335E-01
 4.52450764E-01
 0.00000000E+00
 6.68698990E-01
 6.64011110E-01
 6.50044417E-01
 7.76278674E-01
 6.05348226E-01
 6.95212326E-01
 7.45271036E-01
 6.14577057E-01
 5.81151869E-01
 6.10265642E-01
 6.40366276E-01
 6.84197641E-01
 7.42554028E-01
 6.02131914E-01
 4.22016638E-01
 4.02307869E-01
 4.56524360E-01
 5.13175302E-01
 5.78997667E-01
 5.61656589E-01
 4.00637441E-01
 4.30886649E-01
 5.07737334E-01
 5.89146676E-01
 6.59848808E-01
 5.67985597E-01
 4.25089234E-01
 4.80658117E-01
 5.72705938E-01
 5.84089737E-01
 4.71516296E-01
 5.66223355E-01
 5.86565207E-01
 4.89496914E-01
 6.12629720E-01
 5.61980922E-01
 6.50033555E-01
 4.88504199E-01
 4.69605352E-01
 5.29948060E-01
 5.92306154E-01
 6.55253216E-01
 7.18874348E-01
 4.80108116E-01
 2.77420671E-01
 3.00746614E-01
 4.07824020E-01
 5.19749508E-01
 6.11189479E-01
 4.66048097E-01
 3.17053950E-01
 4.22817091E-01
 5.58305790E-01
 7.02192824E-01
 5.02615256E-01
 3.90064496E-01
 5.22645913E-01
 6.39543788E-01
 5.59658844E-01
 5.01894123E-01
 6.75038871E-01
 5.92475825E-01
 5.63496448E-01
 5.63330914E-01
 6.15039261E-01
 4.58538694E-01
 4.69491622E-01
 5.58490653E-01
 6.50786308E-01
 7.22770581E-01
 4.52775051E-01
 2.78568906E-01
 3.59831754E-01
 5.04282041E-01
 6.56179610E-01
 4.76366317E-01
 3.87146329E-01
 5.70372893E-01
 7.32522886E-01
 5.40546757E-01
 4.92165557E-01
 6.89020774E-01
 6.33381047E-01
 6.42841890E-01
 6.80081083E-01
 6.46706887E-01
 5.24535229E-01
 5.65939699E-01
 6.66187254E-01
 5.15550596E-01
 4.00195449E-01
 5.20576158E-01
 5.65769928E-01
 5.42541790E-01
 7.51190377E-01
 6.43131914E-01
 6.70125818E-01
 5.77046916E-01
 6.46980156E-01
 7.59570566E-01
 5.64395505E-01
 4.99621238E-01
 6.57794505E-01
 6.37929482E-01
 6.70781338E-01
 7.11525441E-01
 6.37771310E-01
 7.11148641E-01
 6.25445904E-01
 5.79733150E-01
 6.97579301E-01
 7.71163908E-01
 4.92872864E-01
 2.72820291E-01
 2.59232983E-01
 3.30238764E-01
 4.03980475E-01
 4.87321717E-01
 2.51129399E-01
 4.63281641E-02
 2.31830607E-02
 1.11683449E-01
 2.53367920E-01
 3.79635497E-01
 2.39774560E-01
 1.21758693E-02
 8.78206242E-02
 2.71636171E-01
 2.73122388E-01
 6.94297472E-02
 2.15391219E-01
 3.33831643E-01
 2.06064910E-01
 3.65311706E-01
 4.10407133E-01
 1.88219457E-01
 2.23126843E-01
 3.43829862E-01
 4.69298127E-01
 1.67715724E-01
 1.28322513E-01
 4.56529439E-02
 1.61558399E-01
 2.13518394E-01
 2.95134814E-02
 1.10813240E-01
 2.99121938E-01
 1.19657683E-01
 4.26934359E-01
 4.10086501E-01
 2.26621912E-01
 3.17765686E-01
 4.70125148E-01
 2.05090325E-01
 3.39542396E-02
 1.10993463E-01
 3.09255114E-01
 1.23093728E-01
 2.92008609E-01
 4.27061783E-01
 4.93364376E-01
 3.75731371E-01
 5.03868092E-01
 3.55279949E-01
 2.16988001E-01
 4.97036629E-01
 5.52535013E-01
 4.87440554E-01
 6.50381285E-01
 4.66077977E-01
 6.20620953E-01
 3.77453209E-01
 1.81227678E-01
 2.62688333E-01
 3.76420998E-01
 4.95032719E-01
 5.91787400E-01
 1.60919619E-01
 8.80405357E-02
 5.78750065E-02
 2.67385835E-01
 4.88989590E-01
 2.70183964E-01
 9.28149507E-02
 2.92795078E-01
 5.58573779E-01
 3.45909142E-01
 2.40296558E-01
 4.81518268E-01
 4.63251392E-01
 4.62755328E-01
 5.19155441E-01
 3.66329135E-01
 2.14011082E-01
 3.66562824E-01
 5.25640659E-01
 1.82527935E-01
 5.06223376E-02
 1.17803133E-01
 3.50211706E-01
 1.16143063E-01
 2.10690596E-01
 4.75552248E-01
 4.25953089E-01
 3.41859869E-01
 5.54676042E-01
 7.24327780E-01
 3.01128694E-01
 1.21823116E-01
 3.00986564E-01
 5.15285169E-01
 2.59572698E-01
 6.48560919E-01
 5.46727808E-01
 5.32020607E-01
 7.57212157E-01
 5.00999265E-01
 4.18012093E-01
 7.36420689E-01
 6.31904576E-01
 6.69894748E-01
 6.47318998E-01
 7.02567911E-01
 3.51480027E-01
 1.75912352E-01
 3.01457788E-01
 4.36480549E-01
 1.52456431E-01
 4.98348604E-02
 1.58378304E-01
 3.06250073E-01
 1.94067226E-01
 4.46835615E-01
 4.04102703E-01
 3.97201253E-01
 2.86700674E-01
 4.73090421E-01
 6.10397901E-01
 2.56626111E-01
 8.73599518E-02
 2.89451176E-01
 4.62118612E-01
 2.85959667E-01
 4.95632060E-01
 4.54038274E-01
 6.77525538E-01
 4.19498111E-01
 2.92064622E-01
 6.48560919E-01
 6.33189837E-01
 7.30220343E-01
 3.90844791E-01
 2.69937040E-01
 4.50624906E-01
 2.40648984E-01
 1.35986567E-01
 4.41172801E-01
 4.85828773E-01
 4.44288975E-01
 6.67697062E-01
 4.15660720E-01
 6.15013278E-01
 4.41799169E-01
 3.59335189E-01
 5.67688842E-01
 3.27713479E-01
 2.79073961E-01
 0.00000000E+00
 5.61185074E-01
 5.56741757E-01
 5.33392556E-01
 7.01704898E-01
 4.77412081E-01
 5.93616434E-01
 6.90079735E-01
 5.32729013E-01
 4.93525840E-01
 5.26919167E-01
 5.61390874E-01
 6.13921734E-01
 6.85510992E-01
 5.20922905E-01
 3.08195350E-01
 2.88245952E-01
 3.48859413E-01
 4.12057949E-01
 4.89298600E-01
 4.78116892E-01
 2.93265864E-01
 3.35797916E-01
 4.20611896E-01
 5.10196540E-01
 5.91104337E-01
 4.87369259E-01
 3.23518267E-01
 3.95015895E-01
 4.99877042E-01
 5.07030301E-01
 3.77029704E-01
 4.92488316E-01
 5.10804212E-01
 3.97684700E-01
 5.44637603E-01
 4.82578654E-01
 5.71870151E-01
 3.77170025E-01
 3.56687921E-01
 4.27264435E-01
 5.00081572E-01
 5.75696906E-01
 6.54320644E-01
 3.70549157E-01
 1.32340175E-01
 1.67358139E-01
 2.89680391E-01
 4.17264109E-01
 5.24488177E-01
 3.60946357E-01
 1.94523516E-01
 3.32889282E-01
 4.84777166E-01
 6.45613064E-01
 4.04513271E-01
 2.79268326E-01
 4.47509305E-01
 5.80234147E-01
 4.70009068E-01
 4.05533636E-01
 6.18805390E-01
 5.06057735E-01
 4.72870525E-01
 4.68265845E-01
 5.27965491E-01
 3.39698244E-01
 3.56547840E-01
 4.62160498E-01
 5.71491778E-01
 6.58081654E-01
 3.35736787E-01
 1.33276687E-01
 2.40729340E-01
 4.08140567E-01
 5.83764401E-01
 3.71974009E-01
 2.80168396E-01
 5.15615861E-01
 6.98972658E-01
 4.47581987E-01
 4.01453264E-01
 6.50759212E-01
 5.54917320E-01
 5.73128887E-01
 6.07110755E-01
 5.64407670E-01
 4.16267188E-01
 4.69728101E-01
 5.91517805E-01
 4.06894785E-01
 2.71706216E-01
 4.25045682E-01
 4.72923131E-01
 4.54926563E-01
 7.18679363E-01
 5.66020628E-01
 5.91132863E-01
 4.77039955E-01
 5.64923825E-01
 7.04033641E-01
 4.61981863E-01
 3.84805496E-01
 5.82880441E-01
 5.54466183E-01
 5.99847871E-01
 6.41384407E-01
 5.50374443E-01
 6.42295126E-01
 5.34922850E-01
 4.79935390E-01
 6.21974126E-01
 7.15396139E-01
 3.85454115E-01
 1.24118866E-01
 1.12449947E-01
 1.92040605E-01
 2.74580383E-01
 3.72799550E-01
 1.03231290E-01
 2.40062785E-01
 2.00253157E-01
 5.31873819E-02
 1.01011042E-01
 2.45493088E-01
 1.02073166E-01
 1.74777066E-01
 3.61464387E-02
 1.61083929E-01
 1.38749385E-01
 8.58774776E-02
 1.04051281E-01
 2.03260751E-01
 5.92562049E-02
 2.33009068E-01
 2.82897071E-01
 2.09624795E-02
 7.12129835E-02
 2.09283994E-01
 3.52559396E-01
 1.34261968E-03
 3.34520066E-01
 2.16477515E-01
 1.30450228E-02
 7.24342711E-02
 1.84299390E-01
 1.19555676E-02
 1.68303689E-01
 2.08440933E-02
 3.08878247E-01
 2.81269457E-01
 6.75787859E-02
 1.88215616E-01
 3.64980827E-01
 4.54593445E-02
 2.19105592E-01
 2.22168902E-02
 1.88048926E-01
 3.32258122E-03
 2.39002184E-01
 3.21780506E-01
 3.77877348E-01
 2.39798584E-01
 4.03418254E-01
 2.16471284E-01
 6.29692929E-02
 3.99344040E-01
 4.46087136E-01
 3.68417118E-01
 5.72922523E-01
 3.42070374E-01
 5.28250765E-01
 2.47288872E-01
 2.06570620E-02
 1.29251168E-01
 2.55805742E-01
 3.87584549E-01
 4.99343993E-01
 1.82318105E-03
 2.69405103E-01
 7.10598087E-02
 1.54704516E-01
 3.92987749E-01
 1.52758611E-01
 1.41150465E-02
 2.59439967E-01
 5.38498239E-01
 2.33472955E-01
 1.41448399E-01
 4.58665199E-01
 3.56916615E-01
 3.73601769E-01
 4.10284148E-01
 2.34130068E-01
 6.53995741E-02
 2.65014468E-01
 4.43821487E-01
 3.23578591E-02
 2.10381175E-01
 2.31563023E-02
 2.58962070E-01
 3.65379713E-02
 1.93275042E-01
 3.95995636E-01
 3.06658154E-01
 2.22794742E-01
 4.98032357E-01
 6.89766699E-01
 1.76942209E-01
 1.85743206E-03
 2.51935018E-01
 4.61261647E-01
 2.16858314E-01
 6.05478057E-01
 4.46947262E-01
 4.40154793E-01
 7.26324734E-01
 4.03440635E-01
 3.28333563E-01
 7.04108542E-01
 5.45468062E-01
 5.97564369E-01
 5.66313053E-01
 6.28209888E-01
 2.09872009E-01
 4.99175382E-03
 1.66716509E-01
 3.23111143E-01
 1.99187982E-02
 2.42074279E-01
 3.00101306E-02
 1.81673340E-01
 8.32851585E-02
 4.18183117E-01
 2.91582099E-01
 2.66327976E-01
 1.44261765E-01
 3.83557326E-01
 5.40718970E-01
 1.10438961E-01
 6.49484735E-02
 2.05770036E-01
 3.78498930E-01
 2.13016283E-01
 3.87025140E-01
 3.50464716E-01
 6.36647718E-01
 3.10002194E-01
 1.88698914E-01
 6.05478057E-01
 5.51017957E-01
 6.64924721E-01
 2.50363626E-01
 1.06181020E-01
 3.32990095E-01
 7.12107287E-02
 4.59930393E-02
 3.23695219E-01
 3.67209113E-01
 3.22247260E-01
 6.03281398E-01
 2.87353264E-01
 5.26718892E-01
 3.07707290E-01
 2.06521692E-01
 4.65742887E-01
 1.66577466E-01
 1.09156621E-01
 0.00000000E+00
 4.54823780E-01
 4.51151357E-01
 4.16740695E-01
 6.27131123E-01
 3.50923074E-01
 4.92020543E-01
 6.95319519E-01
 5.40813503E-01
 5.02527222E-01
 5.35748313E-01
 5.69999529E-01
 6.21824340E-01
 6.92159217E-01
 5.31615933E-01
 3.23965227E-01
 3.04870481E-01
 3.64911002E-01
 4.27401947E-01
 5.03274152E-01
 4.92968235E-01
 3.13766471E-01
 3.55441327E-01
 4.38791526E-01
 5.26612132E-01
 6.05600826E-01
 5.05757053E-01
 3.48484210E-01
 4.17974681E-01
 5.19899251E-01
 5.28715113E-01
 4.05540206E-01
 5.16675502E-01
 5.36139020E-01
 4.30558860E-01
 5.71061003E-01
 5.11804055E-01
 5.76173034E-01
 3.83665823E-01
 3.63689162E-01
 4.34081260E-01
 5.06613320E-01
 5.81680669E-01
 6.59470611E-01
 3.79520056E-01
 1.45020815E-01
 1.79861512E-01
 3.01377373E-01
 4.27892563E-01
 5.33928881E-01
 3.72879552E-01
 2.09742822E-01
 3.45457762E-01
 4.95485272E-01
 6.53953605E-01
 4.18701167E-01
 2.96928259E-01
 4.61259615E-01
 5.91676376E-01
 4.85120497E-01
 4.23377667E-01
 6.30860663E-01
 5.21215089E-01
 4.90877018E-01
 4.82934444E-01
 5.31486846E-01
 3.44887232E-01
 3.61893858E-01
 4.67231969E-01
 5.76117684E-01
 6.62219309E-01
 3.42814958E-01
 1.42765736E-01
 2.49203331E-01
 4.15672137E-01
 5.89957827E-01
 3.80482694E-01
 2.89831533E-01
 5.21496262E-01
 7.03099554E-01
 4.56758458E-01
 4.11614903E-01
 6.56383972E-01
 5.63018596E-01
 5.81844230E-01
 6.14041187E-01
 5.67139237E-01
 4.20268838E-01
 4.73696372E-01
 5.95046606E-01
 4.12062917E-01
 2.78461685E-01
 4.30658980E-01
 4.78433095E-01
 4.60783165E-01
 7.21337731E-01
 5.71007987E-01
 5.93409996E-01
 4.80412872E-01
 5.68176912E-01
 7.06681468E-01
 4.65939169E-01
 3.90024538E-01
 5.87073763E-01
 5.58111492E-01
 6.04034769E-01
 6.43182757E-01
 5.53222017E-01
 6.45273794E-01
 5.37797565E-01
 4.84659406E-01
 6.21974126E-01
 7.16699301E-01
 3.95595255E-01
 1.38725040E-01
 1.27470158E-01
 2.06548056E-01
 2.88467961E-01
 3.85426328E-01
 1.21327814E-01
 2.14912248E-01
 1.75730390E-01
 3.00643556E-02
 1.22432925E-01
 2.64679025E-01
 1.23565714E-01
 1.46775262E-01
 1.17498986E-02
 1.82599468E-01
 1.63393137E-01
 5.43842047E-02
 1.30187575E-01
 2.29333534E-01
 9.12530059E-02
 2.59088793E-01
 2.89921034E-01
 3.07068822E-02
 8.06255843E-02
 2.18319462E-01
 3.61008970E-01
 1.38929993E-02
 3.17789969E-01
 2.01343697E-01
 2.71365218E-02
 8.62140743E-02
 1.67263411E-01
 2.52087328E-02
 1.83105813E-01
 2.59974258E-03
 3.22222592E-01
 2.86260932E-01
 7.41967024E-02
 1.94027837E-01
 3.70463813E-01
 5.38214688E-02
 2.08584648E-01
 1.38134218E-02
 1.95738646E-01
 1.19737138E-02
 2.44288765E-01
 3.28950320E-01
 3.81452562E-01
 2.44533841E-01
 4.07374275E-01
 2.21934277E-01
 6.98812543E-02
 4.03395384E-01
 4.48943074E-01
 3.72370822E-01
 5.76267392E-01
 3.46014651E-01
 5.30496909E-01
 2.57375149E-01
 3.36939524E-02
 1.40689456E-01
 2.66590180E-01
 3.97534872E-01
 5.08234427E-01
 1.73626672E-02
 2.50229508E-01
 5.57659321E-02
 1.68415884E-01
 4.04633918E-01
 1.67079914E-01
 1.55642578E-03
 2.68447424E-01
 5.44756424E-01
 2.48418688E-01
 1.57398900E-01
 4.66916296E-01
 3.70233663E-01
 3.87358652E-01
 4.21656925E-01
 2.40393300E-01
 7.27892844E-02
 2.70283471E-01
 4.48725992E-01
 4.14160324E-02
 1.99990311E-01
 3.00896309E-02
 2.65433238E-01
 4.33068089E-02
 1.96865940E-01
 4.01847764E-01
 3.10523433E-01
 2.26760068E-01
 4.99628733E-01
 6.91182193E-01
 1.81608498E-01
 6.51954611E-03
 2.53845349E-01
 4.62593960E-01
 2.18411779E-01
 6.05704099E-01
 4.49544009E-01
 4.42845351E-01
 7.27137174E-01
 4.06057885E-01
 3.31791854E-01
 7.02006169E-01
 5.47528866E-01
 6.00333499E-01
 5.65864546E-01
 6.28209888E-01
 2.18471378E-01
 1.59510674E-02
 1.75905759E-01
 3.31474478E-01
 7.39675337E-03
 2.27032105E-01
 4.11749459E-02
 1.91847824E-01
 9.36796428E-02
 4.22769561E-01
 3.00649089E-01
 2.71523566E-01
 1.50340004E-01
 3.87631377E-01
 5.44642659E-01
 1.17131183E-01
 5.72837482E-02
 2.10790327E-01
 3.82030799E-01
 2.17281488E-01
 3.90056747E-01
 3.53661959E-01
 6.37877681E-01
 3.13013655E-01
 1.92751102E-01
 6.02674892E-01
 5.52907224E-01
 6.64790169E-01
 2.57097081E-01
 1.14712958E-01
 3.39724711E-01
 8.03675158E-02
 3.50531778E-02
 3.30011306E-01
 3.71196934E-01
 3.27018686E-01
 6.06337778E-01
 2.91913879E-01
 5.28957625E-01
 3.12845951E-01
 2.13348520E-01
 4.71320748E-01
 1.73126524E-01
 1.18579969E-01
 0.00000000E+00
 4.57911289E-01
 4.55824294E-01
 4.16740695E-01
 6.27131123E-01
 3.54783643E-01
 4.92020543E-01
 7.57914155E-01
 6.34108196E-01
 6.02922732E-01
 6.31602957E-01
 6.61143790E-01
 7.03257280E-01
 7.58592644E-01
 6.28054192E-01
 4.60360652E-01
 4.42844072E-01
 4.95541946E-01
 5.50313638E-01
 6.12736989E-01
 5.97836061E-01
 4.50877389E-01
 4.79357047E-01
 5.52323845E-01
 6.29042218E-01
 6.94864108E-01
 6.12707107E-01
 4.86128804E-01
 5.37169661E-01
 6.21766605E-01
 6.36525014E-01
 5.40636580E-01
 6.25107158E-01
 6.47368186E-01
 5.68363255E-01
 6.76010770E-01
 6.31655187E-01
 6.60364441E-01
 5.04099579E-01
 4.86426801E-01
 5.46366677E-01
 6.08063077E-01
 6.69696887E-01
 7.31309815E-01
 5.01757825E-01
 3.08092236E-01
 3.31085979E-01
 4.36192340E-01
 5.45461190E-01
 6.33976789E-01
 4.95011953E-01
 3.54251891E-01
 4.53898957E-01
 5.84685488E-01
 7.22530310E-01
 5.37026291E-01
 4.33204705E-01
 5.56688732E-01
 6.67766888E-01
 5.96085485E-01
 5.45090726E-01
 7.04539497E-01
 6.28760582E-01
 6.06636752E-01
 5.98584122E-01
 6.23449313E-01
 4.70911863E-01
 4.82236017E-01
 5.70653038E-01
 6.61934332E-01
 7.32764307E-01
 4.69753882E-01
 3.01341941E-01
 3.80216130E-01
 5.22470145E-01
 6.71151949E-01
 4.96880060E-01
 4.10585425E-01
 5.84912926E-01
 7.42814564E-01
 5.62701596E-01
 5.16906000E-01
 7.03140880E-01
 6.52872990E-01
 6.63979261E-01
 6.96772959E-01
 6.53236814E-01
 5.34086607E-01
 5.75405323E-01
 6.74651586E-01
 5.27916165E-01
 4.16343444E-01
 5.33998040E-01
 5.78959781E-01
 5.56575017E-01
 7.57648380E-01
 6.55087299E-01
 6.75596214E-01
 5.85148111E-01
 6.54795115E-01
 7.65951656E-01
 5.73890929E-01
 5.12142654E-01
 6.67872260E-01
 6.46658716E-01
 6.80840097E-01
 7.15863153E-01
 6.44644808E-01
 7.18350826E-01
 6.32373052E-01
 5.91147172E-01
 6.97588458E-01
 7.74308493E-01
 5.17340415E-01
 3.08132229E-01
 2.95624804E-01
 3.65338359E-01
 4.37499900E-01
 5.17753679E-01
 2.95042957E-01
 1.50190727E-02
 3.69826050E-02
 1.68133472E-01
 3.05273690E-01
 4.25893926E-01
 2.92316655E-01
 5.70426825E-02
 1.49085198E-01
 3.25150572E-01
 3.33163739E-01
 1.46924751E-01
 2.80739617E-01
 3.96777770E-01
 2.83725906E-01
 4.27731671E-01
 4.27219169E-01
 2.11526460E-01
 2.45654203E-01
 3.65553648E-01
 4.89670439E-01
 1.97929031E-01
 8.79149396E-02
 8.87597530E-03
 1.95829798E-01
 2.46972141E-01
 1.23348636E-02
 1.44155572E-01
 3.35059767E-01
 1.64507628E-01
 4.59115888E-01
 4.21912630E-01
 2.42220448E-01
 3.31405991E-01
 4.83174701E-01
 2.24955526E-01
 9.00673076E-03
 1.30971063E-01
 3.27569330E-01
 1.43838755E-01
 3.05227198E-01
 4.44209078E-01
 5.01843975E-01
 3.86905734E-01
 5.13156263E-01
 3.68193589E-01
 2.33257700E-01
 5.06486217E-01
 5.59372655E-01
 4.96896671E-01
 6.58387809E-01
 4.75483323E-01
 6.26039881E-01
 4.01732932E-01
 2.12672577E-01
 2.90372049E-01
 4.02523258E-01
 5.19067352E-01
 6.13221496E-01
 1.98581424E-01
 4.11998345E-02
 9.57621682E-02
 3.01192676E-01
 5.17372239E-01
 3.05340146E-01
 1.32242731E-01
 3.17086376E-01
 5.75558310E-01
 3.82471690E-01
 2.80257812E-01
 5.03981459E-01
 4.95464140E-01
 4.96590598E-01
 5.46552810E-01
 3.81192913E-01
 2.31444473E-01
 3.78895879E-01
 5.37313807E-01
 2.04087860E-01
 2.58826372E-02
 1.34475133E-01
 3.65687608E-01
 1.32679230E-01
 2.20499583E-01
 4.89585380E-01
 4.34927670E-01
 3.50823212E-01
 5.57910218E-01
 7.27479339E-01
 3.11772740E-01
 1.32134478E-01
 3.04992891E-01
 5.17740851E-01
 2.62714673E-01
 6.46451875E-01
 5.52770841E-01
 5.38136614E-01
 7.58832259E-01
 5.06865647E-01
 4.25814322E-01
 7.30654688E-01
 6.36801600E-01
 6.76488975E-01
 6.45973479E-01
 7.02567911E-01
 3.72103528E-01
 2.02193389E-01
 3.23515597E-01
 4.56628095E-01
 1.82549521E-01
 1.35780244E-02
 1.85516622E-01
 3.30788060E-01
 2.19473031E-01
 4.58882808E-01
 4.25935555E-01
 4.09504490E-01
 3.00985750E-01
 4.82553061E-01
 6.19725052E-01
 2.72370947E-01
 1.05279645E-01
 3.01272700E-01
 4.70139027E-01
 2.95929351E-01
 5.02666196E-01
 4.61282595E-01
 6.80078498E-01
 4.26193978E-01
 3.01165717E-01
 6.41284916E-01
 6.37584076E-01
 7.29816688E-01
 4.06996839E-01
 2.90392778E-01
 4.66769167E-01
 2.62584550E-01
 1.62195018E-01
 4.56230449E-01
 4.95334556E-01
 4.55621387E-01
 6.74928985E-01
 4.26432208E-01
 6.20294481E-01
 4.54174701E-01
 3.75790622E-01
 5.81157053E-01
 3.43481643E-01
 3.01822528E-01
 5.45996309E-01
 5.68627957E-01
 5.68037338E-01
 5.33392556E-01
 7.01704898E-01
 4.86716905E-01
 5.93616434E-01
 8.18371912E-01
 7.24112617E-01
 6.99662223E-01
 7.23863510E-01
 7.48770786E-01
 7.81453186E-01
 8.22302327E-01
 7.20171474E-01
 5.90431949E-01
 5.74198412E-01
 6.19720190E-01
 6.66976691E-01
 7.16461925E-01
 6.96773309E-01
 5.79941965E-01
 5.95719681E-01
 6.58724413E-01
 7.24845246E-01
 7.78161842E-01
 7.12268640E-01
 6.13895537E-01
 6.47465567E-01
 7.15750389E-01
 7.35475094E-01
 6.64171632E-01
 7.23850374E-01
 7.48065851E-01
 6.92481333E-01
 7.69942635E-01
 7.39269488E-01
 7.42759109E-01
 6.21808388E-01
 6.06223522E-01
 6.55820760E-01
 7.06825041E-01
 7.55259811E-01
 8.01036904E-01
 6.20301441E-01
 4.65953851E-01
 4.77200649E-01
 5.66238579E-01
 6.58683550E-01
 7.30146758E-01
 6.12324971E-01
 4.92721370E-01
 5.57510875E-01
 6.69730951E-01
 7.87776494E-01
 6.49649979E-01
 5.62536721E-01
 6.46938288E-01
 7.39488291E-01
 7.00913499E-01
 6.59656320E-01
 7.73558973E-01
 7.30092535E-01
 7.15009817E-01
 7.08457808E-01
 7.13907497E-01
 5.94693223E-01
 6.00251006E-01
 6.71920037E-01
 7.45831020E-01
 8.01611148E-01
 5.93713919E-01
 4.55897539E-01
 5.07627299E-01
 6.26126999E-01
 7.49796306E-01
 6.09770054E-01
 5.27392479E-01
 6.46018789E-01
 7.80957088E-01
 6.64933815E-01
 6.18186087E-01
 7.47884668E-01
 7.39467950E-01
 7.42685574E-01
 7.76757683E-01
 7.38173235E-01
 6.46184409E-01
 6.75394102E-01
 7.52757878E-01
 6.41586933E-01
 5.51340180E-01
 6.34913457E-01
 6.77176180E-01
 6.49888106E-01
 7.92829649E-01
 7.37115187E-01
 7.56834533E-01
 6.88472038E-01
 7.40045928E-01
 8.24117496E-01
 6.80197568E-01
 6.32076427E-01
 7.46904680E-01
 7.33689157E-01
 7.55891120E-01
 7.87806718E-01
 7.34899301E-01
 7.90204484E-01
 7.25774089E-01
 6.95699465E-01
 7.74825262E-01
 8.31383205E-01
 6.34992354E-01
 4.71669693E-01
 4.57771930E-01
 5.18294541E-01
 5.80901456E-01
 6.44933260E-01
 4.61556932E-01
 2.35090346E-01
 2.40247805E-01
 3.57262803E-01
 4.79498235E-01
 5.79262430E-01
 4.52714938E-01
 2.50375457E-01
 3.01285463E-01
 4.59791775E-01
 4.93273496E-01
 3.36305707E-01
 4.21957653E-01
 5.53748848E-01
 4.63582633E-01
 5.85715276E-01
 5.61567155E-01
 3.88214522E-01
 4.06668337E-01
 5.09009849E-01
 6.14855149E-01
 3.76779062E-01
 1.35062737E-01
 1.77412976E-01
 3.58821044E-01
 4.02211152E-01
 1.85321875E-01
 2.58317680E-01
 4.81175050E-01
 3.24714677E-01
 5.90710692E-01
 5.55373514E-01
 4.07254126E-01
 4.66079622E-01
 5.93466058E-01
 3.92446797E-01
 1.85882962E-01
 2.71937655E-01
 4.56084786E-01
 2.71961005E-01
 3.64019146E-01
 5.56492658E-01
 6.20671509E-01
 5.27148080E-01
 6.17099062E-01
 5.12038703E-01
 3.93485595E-01
 6.07706034E-01
 6.68597806E-01
 6.19735709E-01
 7.39064465E-01
 6.03269850E-01
 7.20662589E-01
 5.41997980E-01
 3.86372144E-01
 4.35449198E-01
 5.34115127E-01
 6.36573452E-01
 7.14589667E-01
 3.73614283E-01
 1.60361726E-01
 2.41580219E-01
 4.28761098E-01
 6.25513824E-01
 4.38166599E-01
 2.57495514E-01
 3.63478907E-01
 6.04837245E-01
 5.10849919E-01
 3.97613313E-01
 5.39233414E-01
 6.15501176E-01
 6.00782865E-01
 6.66979019E-01
 5.19277707E-01
 3.86784442E-01
 4.85019807E-01
 6.23725932E-01
 3.62850002E-01
 1.43645273E-01
 2.35752767E-01
 4.63183971E-01
 2.19260023E-01
 2.43035739E-01
 5.74931281E-01
 5.57503887E-01
 4.72798402E-01
 6.15009661E-01
 7.62925701E-01
 4.39584260E-01
 2.55065650E-01
 3.54630143E-01
 5.71789607E-01
 3.05679798E-01
 6.86287366E-01
 6.54776664E-01
 6.32031781E-01
 7.89880658E-01
 6.06281221E-01
 5.17914801E-01
 7.60515518E-01
 7.25176031E-01
 7.51417822E-01
 7.26082412E-01
 7.76925933E-01
 5.22200281E-01
 3.83900376E-01
 4.67302651E-01
 5.78343582E-01
 3.67370759E-01
 1.93732312E-01
 3.25362228E-01
 4.65629311E-01
 3.41226306E-01
 4.93598458E-01
 5.47604491E-01
 5.45220053E-01
 4.48873213E-01
 5.75497769E-01
 6.93047796E-01
 4.24615859E-01
 2.64257041E-01
 3.89299038E-01
 5.56468294E-01
 3.72436511E-01
 6.13839843E-01
 5.67230126E-01
 7.21388949E-01
 5.37737090E-01
 4.07289242E-01
 6.81108838E-01
 7.21368502E-01
 7.94843207E-01
 5.54129930E-01
 4.62537705E-01
 5.90996704E-01
 4.41018949E-01
 3.54883736E-01
 5.79801734E-01
 6.17777124E-01
 5.82144301E-01
 7.42130747E-01
 5.58943388E-01
 7.10631283E-01
 5.93420295E-01
 5.35456941E-01
 6.88718829E-01
 5.11182545E-01
 4.81227126E-01
 6.62247301E-01
 6.78086510E-01
 6.78337727E-01
 6.50149451E-01
 7.76278674E-01
 6.17079842E-01
 6.95212326E-01
 8.80017441E-01
 8.17474661E-01
 8.01132218E-01
 8.17789678E-01
 8.34918521E-01
 8.56779627E-01
 8.83605368E-01
 8.15473252E-01
 7.29186968E-01
 7.17883937E-01
 7.49338083E-01
 7.81951117E-01
 8.15191294E-01
 8.00527205E-01
 7.22431550E-01
 7.31647015E-01
 7.75001611E-01
 8.20419581E-01
 8.56342080E-01
 8.12398536E-01
 7.47442400E-01
 7.68494849E-01
 8.14345341E-01
 8.29541424E-01
 7.83463534E-01
 8.21668698E-01
 8.39595400E-01
 8.04717594E-01
 8.54357339E-01
 8.35685411E-01
 8.28840581E-01
 7.47821466E-01
 7.37012076E-01
 7.71049373E-01
 8.06020725E-01
 8.38672638E-01
 8.68920966E-01
 7.47390335E-01
 6.43268193E-01
 6.49431725E-01
 7.10816236E-01
 7.74468349E-01
 8.22941956E-01
 7.42095125E-01
 6.60065890E-01
 7.00644394E-01
 7.78051389E-01
 8.59324039E-01
 7.68755939E-01
 7.09506899E-01
 7.63299205E-01
 8.26399401E-01
 8.04718579E-01
 7.77214092E-01
 8.50743355E-01
 8.25493256E-01
 8.16374266E-01
 8.12145342E-01
 8.09163806E-01
 7.28941694E-01
 7.32016592E-01
 7.80926043E-01
 8.31313261E-01
 8.68983309E-01
 7.28702071E-01
 6.34784561E-01
 6.67441260E-01
 7.48828567E-01
 8.33643347E-01
 7.38859527E-01
 6.80390021E-01
 7.56115119E-01
 8.49260579E-01
 7.77166452E-01
 7.43612551E-01
 8.27013643E-01
 8.28268958E-01
 8.29467246E-01
 8.53979175E-01
 8.25603081E-01
 7.63931604E-01
 7.82990360E-01
 8.35128457E-01
 7.61166283E-01
 6.99863262E-01
 7.54307304E-01
 7.84445799E-01
 7.64031771E-01
 8.56946662E-01
 8.25011015E-01
 8.38375079E-01
 7.92887001E-01
 8.27084427E-01
 8.83161958E-01
 7.87578580E-01
 7.55333144E-01
 8.31208744E-01
 8.22980156E-01
 8.37087474E-01
 8.59098715E-01
 8.24132722E-01
 8.61008411E-01
 8.18116499E-01
 7.98564871E-01
 8.50889646E-01
 8.87988855E-01
 7.58362838E-01
 6.49127360E-01
 6.38977084E-01
 6.80913132E-01
 7.24263236E-01
 7.67446383E-01
 6.43068517E-01
 4.90224697E-01
 4.91157222E-01
 5.72673252E-01
 6.57736701E-01
 7.25624269E-01
 6.36535429E-01
 4.97815724E-01
 5.27312477E-01
 6.37676949E-01
 6.66368373E-01
 5.59820693E-01
 6.12856425E-01
 7.09758595E-01
 6.49977052E-01
 7.33395076E-01
 7.07304239E-01
 5.89767452E-01
 6.00418473E-01
 6.71262601E-01
 7.44464344E-01
 5.82554312E-01
 4.16400065E-01
 4.40651371E-01
 5.67350557E-01
 5.97493572E-01
 4.44965428E-01
 4.87407243E-01
 6.53331497E-01
 5.43906067E-01
 7.29776650E-01
 7.02173760E-01
 6.00782458E-01
 6.38033134E-01
 7.25891557E-01
 5.90985066E-01
 4.46905181E-01
 4.99703737E-01
 6.30518465E-01
 4.97984888E-01
 5.52471790E-01
 7.00330747E-01
 7.46569884E-01
 6.82799857E-01
 7.41539131E-01
 6.72726185E-01
 5.90128087E-01
 7.34497181E-01
 7.79431854E-01
 7.46603165E-01
 8.25608264E-01
 7.35595212E-01
 8.14473171E-01
 6.95060614E-01
 5.89018818E-01
 6.19376159E-01
 6.88073060E-01
 7.59357919E-01
 8.12670985E-01
 5.80662849E-01
 4.32268808E-01
 4.81006337E-01
 6.12366772E-01
 7.50286130E-01
 6.20284472E-01
 4.89629807E-01
 5.52090794E-01
 7.22212788E-01
 6.72173509E-01
 5.89499391E-01
 6.76879036E-01
 7.45926816E-01
 7.33065509E-01
 7.82804000E-01
 6.77256417E-01
 5.84717954E-01
 6.47027277E-01
 7.43778936E-01
 5.68507858E-01
 4.12515032E-01
 4.67100319E-01
 6.30480992E-01
 4.53155904E-01
 4.59463233E-01
 7.09062942E-01
 7.01655763E-01
 6.40372082E-01
 7.31783623E-01
 8.34986004E-01
 6.17624101E-01
 4.83633306E-01
 5.42897151E-01
 7.00218624E-01
 5.06595385E-01
 7.80508998E-01
 7.68179550E-01
 7.50377448E-01
 8.53529801E-01
 7.32735822E-01
 6.67837945E-01
 8.32078537E-01
 8.16644320E-01
 8.33446274E-01
 8.15958311E-01
 8.51283955E-01
 6.82006205E-01
 5.87965166E-01
 6.41481148E-01
 7.17709058E-01
 5.76983373E-01
 4.56080128E-01
 5.39141450E-01
 6.39284418E-01
 5.47721362E-01
 6.42266522E-01
 6.96089127E-01
 6.95332953E-01
 6.27958034E-01
 7.09818424E-01
 7.91380971E-01
 6.11403293E-01
 4.97005835E-01
 5.75007812E-01
 6.95056672E-01
 5.60935213E-01
 7.40250683E-01
 7.05708222E-01
 8.05873627E-01
 6.85356754E-01
 5.90441991E-01
 7.76442047E-01
 8.13083931E-01
 8.62618063E-01
 7.04075294E-01
 6.42472438E-01
 7.26825326E-01
 6.28195694E-01
 5.68756815E-01
 7.18702603E-01
 7.45227776E-01
 7.20302147E-01
 8.25573249E-01
 7.04558831E-01
 8.06512772E-01
 7.30730532E-01
 6.92590003E-01
 7.94255027E-01
 6.76409362E-01
 6.57192237E-01
 7.76553681E-01
 7.86406122E-01
 7.86973494E-01
 7.68199415E-01
 8.50852449E-01
 7.46010500E-01
 7.96808217E-01
 9.40855290E-01
 9.10059738E-01
 9.02045430E-01
 9.10286377E-01
 9.18753523E-01
 9.29542528E-01
 9.42764400E-01
 9.09412548E-01
 8.67124351E-01
 8.61655195E-01
 8.77150317E-01
 8.93197627E-01
 9.09534983E-01
 9.02539476E-01
 8.64483559E-01
 8.69084787E-01
 8.90324840E-01
 9.12538983E-01
 9.30097776E-01
 9.08847670E-01
 8.77414826E-01
 8.87758107E-01
 9.10095038E-01
 9.17724332E-01
 8.95643072E-01
 9.14198868E-01
 9.23205451E-01
 9.06733806E-01
 9.30636961E-01
 9.22160991E-01
 9.15133018E-01
 8.75011665E-01
 8.69709143E-01
 8.86621809E-01
 9.03983767E-01
 9.20183940E-01
 9.35181539E-01
 8.75173878E-01
 8.23820195E-01
 8.26965166E-01
 8.57351282E-01
 8.88821935E-01
 9.12777748E-01
 8.73047488E-01
 8.32796680E-01
 8.52876357E-01
 8.91015489E-01
 9.30989310E-01
 8.86664642E-01
 8.57780178E-01
 8.84255190E-01
 9.15225917E-01
 9.04752835E-01
 8.91518723E-01
 9.27469722E-01
 9.15324098E-01
 9.11195187E-01
 9.09354933E-01
 9.05172944E-01
 8.65371196E-01
 8.66961846E-01
 8.91297403E-01
 9.16344027E-01
 9.35062861E-01
 8.65577293E-01
 8.19151993E-01
 8.35429757E-01
 8.75792665E-01
 9.17798222E-01
 8.71004698E-01
 8.42252326E-01
 8.79738769E-01
 9.25748637E-01
 8.90266924E-01
 8.73896103E-01
 9.15047733E-01
 9.15657089E-01
 9.16445231E-01
 9.28402979E-01
 9.13240855E-01
 8.82621345E-01
 8.92158525E-01
 9.18118799E-01
 8.81459649E-01
 8.51135458E-01
 8.78234626E-01
 8.93247936E-01
 8.83252153E-01
 9.29314370E-01
 9.13478196E-01
 9.19532509E-01
 8.96950216E-01
 9.14027665E-01
 9.41959483E-01
 8.94425676E-01
 8.78506361E-01
 9.16284387E-01
 9.12129402E-01
 9.19275218E-01
 9.29809983E-01
 9.12466071E-01
 9.30902277E-01
 9.09497565E-01
 8.99943728E-01
 9.25912852E-01
 9.44179436E-01
 8.81024601E-01
 8.27294302E-01
 8.22355842E-01
 8.43043725E-01
 8.64414886E-01
 8.85690771E-01
 8.24811932E-01
 7.49907594E-01
 7.50484891E-01
 7.90563245E-01
 8.32344004E-01
 8.65675698E-01
 8.22235665E-01
 7.54552211E-01
 7.69133278E-01
 8.23173270E-01
 8.37471195E-01
 7.85776556E-01
 8.11794631E-01
 8.59226036E-01
 8.30497787E-01
 8.71282012E-01
 8.54959639E-01
 7.96799612E-01
 8.02160958E-01
 8.37311559E-01
 8.73599985E-01
 7.93709695E-01
 7.11761359E-01
 7.23905109E-01
 7.86583676E-01
 8.01667843E-01
 7.26722424E-01
 7.47840158E-01
 8.29673506E-01
 7.76170534E-01
 8.67547561E-01
 8.52040980E-01
 8.01767465E-01
 8.20360292E-01
 8.64043138E-01
 7.97253107E-01
 7.26013230E-01
 7.52354248E-01
 8.17225943E-01
 7.51898760E-01
 7.79104958E-01
 8.51972761E-01
 8.73919478E-01
 8.42289709E-01
 8.71584832E-01
 8.37449172E-01
 7.96597865E-01
 8.68275739E-01
 8.90167710E-01
 8.73925441E-01
 9.13334714E-01
 8.68476443E-01
 9.07560841E-01
 8.49532581E-01
 7.97272395E-01
 8.12310434E-01
 8.46241171E-01
 8.81425870E-01
 9.07734231E-01
 7.93579534E-01
 7.20661312E-01
 7.44770511E-01
 8.09476857E-01
 8.77340999E-01
 8.13551728E-01
 7.49568184E-01
 7.80388846E-01
 8.63925519E-01
 8.39423829E-01
 7.99144396E-01
 8.42121050E-01
 8.75780929E-01
 8.69790158E-01
 8.93862414E-01
 8.39947138E-01
 7.94148447E-01
 8.25120291E-01
 8.73124371E-01
 7.86455823E-01
 7.09433060E-01
 7.36616318E-01
 8.17464767E-01
 7.30111483E-01
 7.33546858E-01
 8.56450698E-01
 8.51705887E-01
 8.21347738E-01
 8.66847918E-01
 9.18147788E-01
 8.10225338E-01
 7.43935697E-01
 7.73582580E-01
 8.51357824E-01
 7.55768444E-01
 8.91232235E-01
 8.84616830E-01
 8.75856782E-01
 9.27240103E-01
 8.67099715E-01
 8.35107467E-01
 9.16594824E-01
 9.08662028E-01
 9.17175743E-01
 9.08470783E-01
 9.25641978E-01
 8.42683781E-01
 7.96237439E-01
 8.22776665E-01
 8.60522927E-01
 7.91093050E-01
 7.31529966E-01
 7.72671526E-01
 8.22131403E-01
 7.77165732E-01
 8.23947951E-01
 8.50259379E-01
 8.48725830E-01
 8.15372619E-01
 8.56087577E-01
 8.96617498E-01
 8.07312680E-01
 7.50783035E-01
 7.89661227E-01
 8.48903699E-01
 7.82807602E-01
 8.70783126E-01
 8.53714025E-01
 9.03611495E-01
 8.43600809E-01
 7.96758745E-01
 8.88983030E-01
 9.06910401E-01
 9.31309031E-01
 8.53264515E-01
 8.22805260E-01
 8.64690247E-01
 8.15842910E-01
 7.86557799E-01
 8.60735240E-01
 8.73335949E-01
 8.61048261E-01
 9.13439619E-01
 8.53211096E-01
 9.03663233E-01
 8.66224798E-01
 8.47384927E-01
 8.97962803E-01
 8.39308470E-01
 8.30032644E-01
 8.89092463E-01
 8.93683976E-01
 8.94141513E-01
 8.84761955E-01
 9.25488836E-01
 8.73620327E-01
 8.98584566E-01
