 7.97123136E-01
 7.25509362E-01
 7.40147862E-01
 7.83185455E-01
 8.25151442E-01
 8.60729192E-01
 8.90139983E-01
 8.21898203E-01
 7.64724238E-01
 7.85805376E-01
 8.28934672E-01
 8.71109107E-01
 9.02240864E-01
 8.48726280E-01
 8.05534294E-01
 8.31120361E-01
 8.72235867E-01
 9.12622830E-01
 9.38937283E-01
 8.82636536E-01
 8.54438590E-01
 8.81605981E-01
 9.16619032E-01
 9.02047482E-01
 8.82722687E-01
 9.11367868E-01
 9.22208951E-01
 9.08105905E-01
 9.32926994E-01
 9.43665052E-01
 7.14408271E-01
 6.32764000E-01
 6.76487160E-01
 7.37959732E-01
 7.98078449E-01
 8.44210774E-01
 8.76809171E-01
 7.54378085E-01
 6.91960596E-01
 7.41440578E-01
 8.03500856E-01
 8.64441926E-01
 9.04501717E-01
 7.96262883E-01
 7.53031741E-01
 8.05864362E-01
 8.62343565E-01
 9.18156355E-01
 8.46887056E-01
 8.25123315E-01
 8.77186583E-01
 9.16059990E-01
 8.76297729E-01
 8.67650315E-01
 9.20326823E-01
 9.03077239E-01
 8.98769179E-01
 0.00000000E+00
 7.21581747E-01
 6.67672170E-01
 7.41507867E-01
 8.03277108E-01
 8.63906907E-01
 9.03879645E-01
 7.69336050E-01
 7.33956571E-01
 8.08966541E-01
 8.69437617E-01
 9.29160849E-01
 8.17212429E-01
 8.00011146E-01
 8.73608948E-01
 9.24177735E-01
 8.71060612E-01
 8.73391331E-01
 9.40363041E-01
 9.03004142E-01
 9.17509497E-01
 0.00000000E+00
 7.59165728E-01
 7.20984495E-01
 7.95809959E-01
 8.51226503E-01
 8.08501722E-01
 7.89586923E-01
 8.63330763E-01
 8.55843011E-01
 8.51688009E-01
 9.19592148E-01
 9.04878677E-01
 8.00185662E-01
 7.79133230E-01
 8.55038817E-01
 9.03639555E-01
 8.51471198E-01
 8.50580640E-01
 9.23032033E-01
 8.98390024E-01
 9.08220787E-01
 8.35278319E-01
 8.23660559E-01
 8.94067443E-01
 8.83403945E-01
 8.90183068E-01
 9.26721476E-01
 8.63339081E-01
 7.16407795E-01
 6.35289134E-01
 6.78651130E-01
 7.39692422E-01
 7.99390462E-01
 8.45205842E-01
 7.55850309E-01
 6.93759192E-01
 7.42897982E-01
 8.04589805E-01
 8.65179130E-01
 9.05009996E-01
 7.97258939E-01
 7.54194942E-01
 8.06739341E-01
 8.62951938E-01
 8.47455107E-01
 8.25736549E-01
 8.77590917E-01
 8.76608059E-01
 8.67956616E-01
 9.03206041E-01
 6.21221531E-01
 5.22467098E-01
 5.95152461E-01
 6.88389856E-01
 7.79914787E-01
 6.80843190E-01
 5.98852759E-01
 6.66172056E-01
 7.60975733E-01
 7.43091439E-01
 6.83043738E-01
 7.46825418E-01
 8.17595240E-01
 7.91535285E-01
 8.61731065E-01
 6.57444908E-01
 5.84758690E-01
 6.74151334E-01
 7.72000924E-01
 7.24226068E-01
 6.56131491E-01
 7.22133734E-01
 7.91694117E-01
 7.38272636E-01
 7.88356454E-01
 8.67921864E-01
 7.12811929E-01
 6.68837261E-01
 7.62568202E-01
 7.82500775E-01
 7.43606948E-01
 8.46122750E-01
 7.72904476E-01
 7.60015593E-01
 8.58580339E-01
 8.45911824E-01
 8.19033821E-01
 7.23825856E-01
 6.70212386E-01
 7.43301672E-01
 8.04576132E-01
 8.64729617E-01
 9.04408922E-01
 7.70837914E-01
 7.35575069E-01
 8.09996336E-01
 8.70094403E-01
 9.29470670E-01
 8.18104802E-01
 8.00902587E-01
 8.74090601E-01
 9.24448900E-01
 8.71475513E-01
 8.73740915E-01
 9.40481714E-01
 9.03160764E-01
 9.17615764E-01
 0.00000000E+00
 6.58200535E-01
 5.85568477E-01
 6.74646381E-01
 7.72271807E-01
 7.24664571E-01
 6.56609340E-01
 7.22440324E-01
 7.91893863E-01
 7.38484035E-01
 7.88495654E-01
 8.67961779E-01
 7.28070745E-01
 6.66857850E-01
 7.40713271E-01
 8.44513824E-01
 7.96507211E-01
 7.13082725E-01
 7.30233387E-01
 8.63690584E-01
 7.78391466E-01
 9.35750136E-01
 7.85974568E-01
 7.57924888E-01
 8.36316485E-01
 8.55375688E-01
 8.04282453E-01
 9.14333515E-01
 8.48370764E-01
 8.55496055E-01
 9.19617857E-01
 8.90321258E-01
 7.60963949E-01
 7.22933434E-01
 7.97071137E-01
 8.52092111E-01
 8.09575922E-01
 7.90662656E-01
 8.63917612E-01
 8.56379255E-01
 8.52169064E-01
 9.19799011E-01
 9.05052174E-01
 7.13613639E-01
 6.69652634E-01
 7.63021268E-01
 8.36669972E-01
 7.82886763E-01
 7.43989518E-01
 8.11195629E-01
 8.46239701E-01
 8.15469481E-01
 7.86170323E-01
 7.58138844E-01
 8.36464490E-01
 8.55449345E-01
 8.04375984E-01
 9.14333515E-01
 8.38817363E-01
 8.95998655E-01
 8.01364890E-01
 7.80312800E-01
 8.55674277E-01
 8.52047571E-01
 8.51075086E-01
 8.98579786E-01
 7.73399449E-01
 7.60430184E-01
 8.58712984E-01
 8.46047347E-01
 8.48469585E-01
 8.35920657E-01
 8.24230847E-01
 8.94299656E-01
 8.83610178E-01
 8.90320081E-01
 0.00000000E+00
 8.19201461E-01
 8.20160502E-01
 8.88331826E-01
 8.90266921E-01
 8.63568878E-01
 8.49791883E-01
 5.71958260E-01
 4.21302935E-01
 4.52605536E-01
 5.43656921E-01
 6.32319163E-01
 7.07416822E-01
 7.69441317E-01
 6.25808254E-01
 5.06190713E-01
 5.50926540E-01
 6.41767391E-01
 7.30422118E-01
 7.95808025E-01
 6.83879581E-01
 5.94183593E-01
 6.48102615E-01
 7.34203784E-01
 8.18539962E-01
 8.73428796E-01
 7.56416507E-01
 6.98466778E-01
 7.55252994E-01
 8.28025520E-01
 7.98432580E-01
 7.59302963E-01
 8.18634675E-01
 8.41539846E-01
 8.13524734E-01
 8.64544586E-01
 8.86527784E-01
 4.03371991E-01
 2.33651944E-01
 3.25682904E-01
 4.54495985E-01
 5.80210569E-01
 6.76583213E-01
 7.44652463E-01
 4.89503204E-01
 3.60691935E-01
 4.64209022E-01
 5.93487725E-01
 7.20066517E-01
 8.03179946E-01
 5.79180540E-01
 4.90847081E-01
 6.00591451E-01
 7.17433282E-01
 8.32426687E-01
 6.86076549E-01
 6.42360812E-01
 7.49555453E-01
 8.29402142E-01
 7.48538733E-01
 7.31925203E-01
 8.39369562E-01
 8.04857189E-01
 7.97577880E-01
 8.57442800E-01
 4.23507382E-01
 3.12877564E-01
 4.66372924E-01
 5.94572378E-01
 7.20038855E-01
 8.02665145E-01
 5.25125048E-01
 4.53309342E-01
 6.08249312E-01
 7.32863605E-01
 8.55429851E-01
 6.26193087E-01
 5.92021345E-01
 7.42886149E-01
 8.46271011E-01
 7.38313924E-01
 7.43932416E-01
 8.79934482E-01
 8.04825011E-01
 8.35127353E-01
 0.00000000E+00
 5.05407103E-01
 4.28051237E-01
 5.82282794E-01
 6.96336764E-01
 6.09139571E-01
 5.71566189E-01
 7.22490223E-01
 7.07805958E-01
 7.00394585E-01
 8.38303642E-01
 8.08705701E-01
 5.92797077E-01
 5.50955256E-01
 7.06083015E-01
 8.05270469E-01
 6.99262840E-01
 6.98452197E-01
 8.45367756E-01
 7.95760661E-01
 8.16728846E-01
 6.66770906E-01
 6.44412686E-01
 7.87343811E-01
 7.65742701E-01
 7.80792801E-01
 8.53442953E-01
 7.25536320E-01
 4.07193126E-01
 2.38477965E-01
 3.29815705E-01
 4.57807147E-01
 5.82717675E-01
 6.78484509E-01
 4.92324800E-01
 3.64139644E-01
 4.67000932E-01
 5.95575447E-01
 7.21480238E-01
 8.04154261E-01
 5.81103157E-01
 4.93093538E-01
 6.02281163E-01
 7.18609620E-01
 6.87187823E-01
 6.43562151E-01
 7.50348103E-01
 7.49159557E-01
 7.32540375E-01
 8.05124834E-01
 2.15477697E-01
 1.23838918E-02
 1.64025285E-01
 3.57645096E-01
 5.47152451E-01
 3.42809095E-01
 1.75531436E-01
 3.15303897E-01
 5.10868133E-01
 4.74550669E-01
 3.53340018E-01
 4.84927473E-01
 6.29788054E-01
 5.78364921E-01
 7.21778124E-01
 2.96409514E-01
 1.48697630E-01
 3.33326618E-01
 5.34580732E-01
 4.37079904E-01
 2.99779443E-01
 4.35751886E-01
 5.77766199E-01
 4.71270799E-01
 5.74387002E-01
 7.34383815E-01
 4.14701602E-01
 3.26677991E-01
 5.18573652E-01
 5.59601147E-01
 4.82556181E-01
 6.90701642E-01
 5.40580366E-01
 5.16067651E-01
 7.16102825E-01
 6.90416046E-01
 6.36556238E-01
 4.27785704E-01
 3.17713351E-01
 4.69769697E-01
 5.97029430E-01
 7.21587202E-01
 8.03655274E-01
 5.28001276E-01
 4.56405418E-01
 6.10209013E-01
 7.34111618E-01
 8.56013774E-01
 6.27917260E-01
 5.93743538E-01
 7.43812902E-01
 8.46792441E-01
 7.39128306E-01
 7.44620445E-01
 8.80166734E-01
 8.05142838E-01
 8.35345188E-01
 0.00000000E+00
 2.97839846E-01
 1.50222823E-01
 3.34242858E-01
 5.35072046E-01
 4.37913713E-01
 3.00686139E-01
 4.36328128E-01
 5.78149547E-01
 4.71678096E-01
 5.74654348E-01
 7.34462695E-01
 4.45755145E-01
 3.22607272E-01
 4.74229524E-01
 6.85759825E-01
 5.87945453E-01
 4.20937002E-01
 4.58007904E-01
 7.26011882E-01
 5.57479687E-01
 8.71500272E-01
 5.67008433E-01
 5.11842083E-01
 6.71403960E-01
 7.09428857E-01
 6.09328310E-01
 8.28667029E-01
 6.95474327E-01
 7.11650326E-01
 8.39235715E-01
 7.80642517E-01
 5.08841777E-01
 4.31772602E-01
 5.84680157E-01
 6.97982337E-01
 6.11203717E-01
 5.73634109E-01
 7.23613117E-01
 7.08847928E-01
 7.01332594E-01
 8.38705235E-01
 8.09051565E-01
 4.16229942E-01
 3.28231552E-01
 5.19428834E-01
 6.69885552E-01
 5.60342208E-01
 4.83293614E-01
 6.20658468E-01
 6.90931031E-01
 6.31517860E-01
 5.67386926E-01
 5.12259485E-01
 6.71693791E-01
 7.09573946E-01
 6.09514037E-01
 8.28667029E-01
 6.76285345E-01
 7.91997310E-01
 5.95051994E-01
 5.53213123E-01
 7.07293259E-01
 7.00374064E-01
 6.99409289E-01
 7.96134471E-01
 5.41525600E-01
 5.16861648E-01
 7.16350100E-01
 6.90678987E-01
 6.95666947E-01
 6.68001759E-01
 6.45510582E-01
 7.87785992E-01
 7.66145076E-01
 7.81063463E-01
 0.00000000E+00
 6.36878802E-01
 6.41135285E-01
 7.76663653E-01
 7.80533843E-01
 7.25981552E-01
 6.99583767E-01
 3.28611892E-01
 9.53833189E-02
 1.47164666E-01
 2.87133475E-01
 4.23284375E-01
 5.39917132E-01
 6.37750795E-01
 4.15585810E-01
 2.32062649E-01
 3.04847309E-01
 4.43954911E-01
 5.79504334E-01
 6.80377829E-01
 5.08395761E-01
 3.71970727E-01
 4.58546032E-01
 5.90206309E-01
 7.18879054E-01
 8.03073553E-01
 6.22234559E-01
 5.34223360E-01
 6.23874379E-01
 7.35779950E-01
 6.88766222E-01
 6.29473109E-01
 7.21882170E-01
 7.57197069E-01
 7.15177842E-01
 7.93910147E-01
 8.28024032E-01
 7.51277435E-02
 1.81147358E-01
 3.24878369E-02
 1.61242486E-01
 3.49994388E-01
 4.96789100E-01
 6.03205726E-01
 2.13307501E-01
 2.20338692E-02
 1.88000048E-01
 3.81410495E-01
 5.70329022E-01
 6.95593919E-01
 3.55078639E-01
 2.26348904E-01
 4.00460821E-01
 5.74715587E-01
 7.45636093E-01
 5.19975974E-01
 4.57008015E-01
 6.24120642E-01
 7.44007063E-01
 6.16777760E-01
 5.93518950E-01
 7.58501857E-01
 7.04669045E-01
 6.95418655E-01
 7.87282036E-01
 1.16191624E-01
 4.37869335E-02
 2.00076640E-01
 3.88820416E-01
 5.73086516E-01
 6.96036467E-01
 2.77591592E-01
 1.78539362E-01
 4.23424474E-01
 6.05312485E-01
 7.83588099E-01
 4.35341382E-01
 3.93103555E-01
 6.29409147E-01
 7.79037638E-01
 6.05303442E-01
 6.19137565E-01
 8.28539969E-01
 7.06095837E-01
 7.54462033E-01
 0.00000000E+00
 2.44958513E-01
 1.33610209E-01
 3.74870338E-01
 5.44335406E-01
 4.08049534E-01
 3.58344286E-01
 5.93114906E-01
 5.60975190E-01
 5.56551875E-01
 7.69456839E-01
 7.13663600E-01
 3.79752684E-01
 3.19375256E-01
 5.58126710E-01
 7.07711493E-01
 5.45253532E-01
 5.47557982E-01
 7.72160579E-01
 6.93693823E-01
 7.28803086E-01
 4.94177080E-01
 4.61755648E-01
 6.79323785E-01
 6.46708149E-01
 6.71221207E-01
 7.80164429E-01
 5.86286883E-01
 8.04138805E-02
 1.74509984E-01
 2.68521925E-02
 1.65785734E-01
 3.53464295E-01
 4.99437223E-01
 2.17197395E-01
 2.67504683E-02
 1.91775930E-01
 3.84251419E-01
 5.72274145E-01
 6.96946813E-01
 3.57731447E-01
 2.29421490E-01
 4.02739952E-01
 5.76311196E-01
 5.21525768E-01
 4.58672658E-01
 6.25205016E-01
 6.17660690E-01
 5.94392440E-01
 7.05061955E-01
 2.00686148E-01
 4.97489869E-01
 2.52863398E-01
 3.14918307E-02
 3.09123606E-01
 2.22042996E-03
 2.37343247E-01
 1.19922668E-02
 2.73471285E-01
 2.07838217E-01
 3.80694321E-02
 2.48417794E-01
 4.42306912E-01
 3.72411439E-01
 5.81218756E-01
 6.19341739E-02
 2.66167251E-01
 2.96328273E-02
 3.18432888E-01
 1.59752245E-01
 2.67665838E-02
 1.93534553E-01
 3.76020511E-01
 2.34711337E-01
 4.02775495E-01
 6.07378901E-01
 1.18459014E-01
 9.65261136E-04
 2.99836248E-01
 3.44187104E-01
 2.42691530E-01
 5.44670294E-01
 3.07106430E-01
 2.76433205E-01
 5.83080452E-01
 5.37692575E-01
 4.52157706E-01
 1.22053768E-01
 3.72498375E-02
 2.04541036E-01
 3.92066041E-01
 5.75148189E-01
 6.97364554E-01
 2.81516716E-01
 1.82689669E-01
 4.25945527E-01
 6.06918754E-01
 7.84340396E-01
 4.37695265E-01
 3.95404167E-01
 6.30574879E-01
 7.79690035E-01
 6.06429601E-01
 6.20069396E-01
 8.28822445E-01
 7.06547225E-01
 7.54768236E-01
 7.78872539E-01
 6.00259910E-02
 2.64200871E-01
 3.07098742E-02
 3.18978401E-01
 1.60849105E-01
 2.56193554E-02
 1.94199266E-01
 3.76515668E-01
 2.35213825E-01
 4.03074144E-01
 6.07475153E-01
 1.80133604E-01
 2.10787816E-02
 2.67451232E-01
 5.63404311E-01
 4.01742152E-01
 1.78202475E-01
 2.51313046E-01
 6.10318955E-01
 3.83817551E-01
 8.18349340E-01
 3.59569170E-01
 2.94652169E-01
 5.46410895E-01
 5.78981965E-01
 4.48704711E-01
 7.57799120E-01
 5.46722437E-01
 5.79312893E-01
 7.64773002E-01
 6.70963775E-01
 2.49686005E-01
 1.38679814E-01
 3.78052625E-01
 5.46527399E-01
 4.10883062E-01
 3.61140672E-01
 5.94566328E-01
 5.62406767E-01
 5.57816188E-01
 7.69956830E-01
 7.14145089E-01
 1.20530236E-01
 1.09279703E-03
 3.00891816E-01
 5.18233168E-01
 3.45179245E-01
 2.43649861E-01
 4.60638336E-01
 5.44970591E-01
 4.69976212E-01
 3.60086621E-01
 2.95216357E-01
 5.46790687E-01
 5.79179624E-01
 4.48955120E-01
 7.57799120E-01
 5.22391111E-01
 6.91547623E-01
 3.82870872E-01
 3.22480082E-01
 5.59751972E-01
 5.46788491E-01
 5.48868302E-01
 6.94211650E-01
 3.08395618E-01
 2.77497020E-01
 5.83367503E-01
 5.38043219E-01
 5.46986860E-01
 4.95882613E-01
 4.63275720E-01
 6.79917864E-01
 6.47265831E-01
 6.71595392E-01
 0.00000000E+00
 4.52593928E-01
 4.61970817E-01
 6.64995479E-01
 6.70800764E-01
 5.86900696E-01
 5.49375650E-01
 7.63252996E-02
 2.34182931E-01
 1.54035809E-01
 2.66629233E-02
 2.02303067E-01
 3.58190127E-01
 4.95009870E-01
 2.00227347E-01
 3.99458487E-02
 6.93678588E-02
 2.48285008E-01
 4.22418771E-01
 5.55760541E-01
 3.29528120E-01
 1.53323341E-01
 2.80321673E-01
 4.50678196E-01
 6.16876011E-01
 7.27605450E-01
 4.83024961E-01
 3.67750910E-01
 4.95123771E-01
 6.44283318E-01
 5.73326976E-01
 4.94166166E-01
 6.22580616E-01
 6.68479175E-01
 6.12111482E-01
 7.20203161E-01
 7.67571547E-01
 2.51957952E-01
 5.75578784E-01
 3.53730408E-01
 1.15732061E-01
 1.15858906E-01
 3.04648946E-01
 4.52281410E-01
 5.61955463E-02
 2.88430713E-01
 4.32880384E-02
 1.93067790E-01
 4.23489942E-01
 5.81450106E-01
 1.38655414E-01
 1.11950690E-02
 2.41790692E-01
 4.55525818E-01
 6.64589319E-01
 3.54802788E-01
 2.81754705E-01
 5.16904667E-01
 6.69226379E-01
 4.82143173E-01
 4.55167507E-01
 6.81557695E-01
 6.01875707E-01
 5.91399995E-01
 7.17141221E-01
 1.77447629E-01
 3.57203326E-01
 1.82974685E-03
 2.18737443E-01
 4.33643164E-01
 5.83790348E-01
 4.93571248E-02
 4.55750811E-02
 3.09853472E-01
 5.19428587E-01
 7.24237450E-01
 2.63295231E-01
 2.40389056E-01
 5.79332852E-01
 7.49764199E-01
 4.80163981E-01
 5.15493457E-01
 8.06969772E-01
 6.08687963E-01
 6.79567426E-01
 7.06035033E-01
 8.48275605E-03
 1.35314082E-01
 2.06924466E-01
 4.14830198E-01
 2.18752326E-01
 1.76786443E-01
 5.08544506E-01
 4.26522060E-01
 4.42512468E-01
 7.40972430E-01
 6.24658448E-01
 1.65497305E-01
 9.32187120E-02
 4.22150917E-01
 6.17360544E-01
 3.93808820E-01
 4.06684473E-01
 7.14466454E-01
 5.95810401E-01
 6.51746869E-01
 3.17289457E-01
 2.75335174E-01
 5.69657666E-01
 5.26066193E-01
 5.61032912E-01
 7.06885906E-01
 4.45369498E-01
 2.45765387E-01
 5.67936905E-01
 3.47394703E-01
 1.10533831E-01
 1.19932469E-01
 3.07816466E-01
 5.16962554E-02
 2.83098792E-01
 3.91611336E-02
 1.96230674E-01
 4.25727778E-01
 5.83049642E-01
 1.41699840E-01
 7.76038459E-03
 2.44231605E-01
 4.57263693E-01
 3.56597055E-01
 2.83641755E-01
 5.18087685E-01
 4.83181186E-01
 4.56183539E-01
 6.02346970E-01
 5.90789316E-01
 9.35272903E-01
 5.66990196E-01
 2.37953878E-01
 8.26677767E-02
 3.04831321E-01
 5.68358478E-01
 2.27498447E-01
 1.00748251E-01
 2.72556356E-02
 2.03538729E-01
 1.10747851E-01
 2.68196978E-01
 1.99942090E-01
 4.43095819E-01
 3.71805186E-01
 5.69502204E-01
 1.25530186E-01
 1.89272865E-01
 6.22139466E-02
 2.33371983E-01
 1.06913320E-01
 2.24335624E-01
 1.03789003E-01
 3.66741299E-01
 5.03854962E-01
 1.48465426E-01
 2.59813560E-01
 1.73454205E-01
 1.63631829E-01
 7.83228222E-02
 4.30894940E-01
 8.14753993E-02
 5.90020422E-02
 4.81795538E-01
 3.96753914E-01
 2.65539402E-01
 1.70734470E-01
 3.49997711E-01
 2.71032651E-03
 2.22107994E-01
 4.35869436E-01
 5.85279763E-01
 5.37710678E-02
 4.11483218E-02
 3.12209729E-01
 5.20941866E-01
 7.24965879E-01
 2.65907458E-01
 2.42774464E-01
 5.80305742E-01
 7.50298423E-01
 4.81427145E-01
 5.16469178E-01
 8.07161338E-01
 6.09203645E-01
 6.79900518E-01
 7.06114392E-01
 3.69761386E-01
 5.67608591E-01
 1.24814162E-01
 1.89546270E-01
 6.10994968E-02
 2.32358576E-01
 1.07285189E-01
 2.24799004E-01
 1.04171672E-01
 3.66855918E-01
 5.03920073E-01
 1.13718659E-02
 1.24273974E-01
 2.60484654E-01
 5.60315360E-01
 2.95329956E-01
 9.85645656E-02
 2.50770140E-01
 5.64697572E-01
 3.52763880E-01
 7.98495203E-01
 1.98179015E-01
 1.74735392E-01
 5.46057137E-01
 4.98698630E-01
 3.91198015E-01
 7.31326938E-01
 4.13538493E-01
 4.81203859E-01
 7.08068581E-01
 5.61285033E-01
 3.01382320E-03
 1.29620837E-01
 2.10246906E-01
 4.17147853E-01
 2.21975240E-01
 1.79823899E-01
 5.09908854E-01
 4.28124008E-01
 4.43836968E-01
 7.41360106E-01
 6.25194423E-01
 1.46167229E-01
 2.57688459E-01
 1.74299359E-01
 4.21143629E-01
 1.64679435E-01
 7.92271368E-02
 3.98319676E-01
 4.31176568E-01
 3.76215238E-01
 1.98751653E-01
 1.75325248E-01
 5.46406919E-01
 4.98907389E-01
 3.91447891E-01
 7.31326938E-01
 3.97871271E-01
 6.01752911E-01
 1.69149347E-01
 9.67930200E-02
 4.23912847E-01
 3.95578576E-01
 4.08147427E-01
 5.96391690E-01
 8.29329700E-02
 6.01368957E-02
 4.81972691E-01
 3.97115117E-01
 4.13832365E-01
 3.19295081E-01
 2.77108614E-01
 5.70309188E-01
 5.26705698E-01
 5.61451778E-01
 0.00000000E+00
 2.66019048E-01
 2.81992289E-01
 5.53327306E-01
 5.61067686E-01
 4.46071966E-01
 3.99167533E-01
 1.96273980E-01
 5.89979818E-01
 4.78926413E-01
 2.54257344E-01
 3.60135330E-02
 1.62268830E-01
 3.41224480E-01
 3.18591284E-02
 3.32789026E-01
 1.83879336E-01
 3.79075210E-02
 2.53556710E-01
 4.21859771E-01
 1.37366644E-01
 8.13190092E-02
 8.92840055E-02
 3.01201685E-01
 5.07655226E-01
 6.46855134E-01
 3.34038672E-01
 1.89787807E-01
 3.57648057E-01
 5.46687066E-01
 4.50444189E-01
 3.50339449E-01
 5.17182044E-01
 5.74804029E-01
 5.03529005E-01
 6.42741343E-01
 7.04595701E-01
 6.01626862E-01
 9.96695370E-01
 6.96214814E-01
 4.10915898E-01
 1.33589062E-01
 1.00085043E-01
 2.91784572E-01
 3.43198187E-01
 6.18561374E-01
 2.88810353E-01
 6.74072133E-03
 2.67810560E-01
 4.60558445E-01
 9.07539422E-02
 2.62587655E-01
 7.41599326E-02
 3.29747854E-01
 5.79178887E-01
 1.80761292E-01
 9.74269711E-02
 4.04331363E-01
 5.90864380E-01
 3.41493540E-01
 3.11026709E-01
 6.01618414E-01
 4.95875190E-01
 4.84712628E-01
 6.46505913E-01
 4.88129105E-01
 6.88227617E-01
 2.14610672E-01
 3.96055428E-02
 2.86884513E-01
 4.65802506E-01
 1.90897068E-01
 2.81025850E-01
 1.90830492E-01
 4.29509473E-01
 6.62182659E-01
 8.33141053E-02
 8.09548731E-02
 5.27097670E-01
 7.19245511E-01
 3.50337883E-01
 4.08243097E-01
 7.84580255E-01
 5.08854843E-01
 6.03217860E-01
 6.33037886E-01
 2.73946705E-01
 4.16459274E-01
 3.17137230E-02
 2.79953187E-01
 2.17586669E-02
 1.17244875E-02
 4.20917977E-01
 2.87743050E-01
 3.25131771E-01
 7.11609467E-01
 5.33816812E-01
 5.65783303E-02
 1.40630222E-01
 2.81915519E-01
 5.24448627E-01
 2.38101743E-01
 2.62321451E-01
 6.55536068E-01
 4.96230014E-01
 5.73794942E-01
 1.35966295E-01
 8.48992272E-02
 4.58098537E-01
 4.03635875E-01
 4.49906672E-01
 6.33607382E-01
 3.02621876E-01
 5.95026021E-01
 9.88656656E-01
 6.89683996E-01
 4.05493235E-01
 1.29269849E-01
 1.03479412E-01
 3.38497695E-01
 6.13093328E-01
 2.84701605E-01
 3.55317714E-03
 2.70113831E-01
 4.62229734E-01
 8.76366075E-02
 2.59151649E-01
 7.65095204E-02
 3.31439332E-01
 1.82574153E-01
 9.92904124E-02
 4.05454309E-01
 3.42527821E-01
 3.12019228E-01
 4.96335007E-01
 1.00385476E+00
 1.39799802E+00
 8.98328046E-01
 5.21994009E-01
 1.55884868E-01
 6.28301629E-01
 9.16400952E-01
 4.53619066E-01
 8.02825913E-02
 2.73381981E-01
 4.55990058E-01
 3.29014880E-02
 8.74379545E-02
 2.13509707E-02
 3.01461514E-01
 6.96394745E-01
 8.86531535E-01
 2.87236669E-01
 5.47642550E-02
 2.93262640E-01
 4.47968731E-01
 1.70185485E-02
 6.76607031E-02
 3.12135604E-02
 3.29189774E-01
 3.98107432E-01
 4.25176758E-01
 5.27513679E-01
 4.30318726E-02
 2.20765026E-02
 9.02832033E-02
 3.15056224E-01
 1.49860722E-01
 1.63189414E-01
 3.78640019E-01
 2.53681509E-01
 7.64806917E-02
 4.81169010E-01
 6.81013046E-01
 2.10446773E-01
 4.27309562E-02
 2.88983130E-01
 4.67223961E-01
 1.86442768E-01
 2.76782173E-01
 1.92758251E-01
 4.30736436E-01
 6.62761854E-01
 8.58736820E-02
 8.31301975E-02
 5.27749180E-01
 7.19585073E-01
 3.51547563E-01
 4.09096576E-01
 7.84629280E-01
 5.09329193E-01
 6.03494721E-01
 6.33094259E-01
 6.94435187E-01
 8.84938740E-01
 2.87022111E-01
 5.46558012E-02
 2.92276179E-01
 4.47237098E-01
 1.70119056E-02
 6.80062346E-02
 3.10358355E-02
 3.29075950E-01
 3.98100457E-01
 2.09899148E-01
 2.74593166E-01
 2.53181056E-01
 5.56902778E-01
 1.85801220E-01
 1.65937227E-02
 2.49429091E-01
 5.18090079E-01
 3.20633678E-01
 7.78641066E-01
 3.26589562E-02
 5.20420059E-02
 5.45295967E-01
 4.17101594E-01
 3.32734379E-01
 7.04854755E-01
 2.78572301E-01
 3.82284686E-01
 6.51364159E-01
 4.51606292E-01
 2.68254046E-01
 4.10695510E-01
 3.48172861E-02
 2.82127306E-01
 2.50222619E-02
 8.78707850E-03
 4.22017767E-01
 2.89307191E-01
 3.26332398E-01
 7.11819746E-01
 5.34309748E-01
 4.22892804E-01
 5.25560324E-01
 4.35337154E-02
 3.21091091E-01
 2.11108609E-02
 8.95643122E-02
 3.34283436E-01
 3.15256454E-01
 2.81016962E-01
 3.32411873E-02
 5.26209285E-02
 5.45606215E-01
 4.17304138E-01
 3.32968030E-01
 7.04854755E-01
 2.71645489E-01
 5.11958198E-01
 5.27700587E-02
 1.36975905E-01
 2.83579057E-01
 2.39887774E-01
 2.63738388E-01
 4.96776195E-01
 1.48417282E-01
 1.62152477E-01
 3.78625544E-01
 2.53975147E-01
 2.78859011E-01
 1.38036159E-01
 8.66933110E-02
 4.58676129E-01
 4.04249331E-01
 4.50280929E-01
 0.00000000E+00
 7.69041994E-02
 1.00707862E-01
 4.41659132E-01
 4.51334607E-01
 3.03299493E-01
 2.48959416E-01
 2.48871217E-01
 6.59002250E-01
 5.42278047E-01
 3.07745986E-01
 8.00632262E-02
 1.26865635E-01
 3.13704239E-01
 7.51820446E-02
 3.87807028E-01
 2.31851827E-01
 8.10795115E-04
 2.23646012E-01
 3.98871166E-01
 1.03220656E-01
 1.23193285E-01
 5.48913617E-02
 2.75129934E-01
 4.89441074E-01
 6.33935914E-01
 3.09592865E-01
 1.60820631E-01
 3.35374584E-01
 5.31334005E-01
 4.32372382E-01
 3.29719447E-01
 5.02472442E-01
 5.63100810E-01
 4.90674918E-01
 6.34161803E-01
 6.98808662E-01
 6.60909454E-01
 1.06877274E+00
 7.55711867E-01
 4.60005264E-01
 1.72854612E-01
 6.92433318E-02
 2.68070722E-01
 3.89190770E-01
 6.72092976E-01
 3.29647047E-01
 3.82111725E-02
 2.45062329E-01
 4.44003025E-01
 1.24495742E-01
 2.99830984E-01
 4.85355026E-02
 3.11694468E-01
 5.68023069E-01
 1.58585581E-01
 7.44371614E-02
 3.90372618E-01
 5.81832869E-01
 3.27022665E-01
 2.97239161E-01
 5.94624333E-01
 4.88426345E-01
 4.78853717E-01
 6.45705994E-01
 5.33380392E-01
 7.37230001E-01
 2.47661195E-01
 1.38216137E-02
 2.67781834E-01
 4.51669954E-01
 2.22893266E-01
 3.13094257E-01
 1.72822960E-01
 4.17197876E-01
 6.54914113E-01
 6.25246604E-02
 6.22882266E-02
 5.19547674E-01
 7.15239839E-01
 3.38712773E-01
 3.99262290E-01
 7.82545791E-01
 5.03185647E-01
 6.00185192E-01
 6.32873189E-01
 3.05014015E-01
 4.48866310E-01
 1.14428791E-02
 2.65556140E-01
 1.98193611E-03
 3.00951908E-02
 4.12209759E-01
 2.76916882E-01
 3.16810607E-01
 7.09662057E-01
 5.29541661E-01
 7.61640586E-02
 1.59916118E-01
 2.71209351E-01
 5.18201047E-01
 2.27604349E-01
 2.53876642E-01
 6.52793709E-01
 4.92273384E-01
 5.72222212E-01
 1.25094567E-01
 7.52241622E-02
 4.53725208E-01
 3.99396365E-01
 4.47999908E-01
 6.33607382E-01
 2.98270436E-01
 6.55504518E-01
 1.06222736E+00
 7.50458279E-01
 4.55640102E-01
 1.69382530E-01
 7.19654471E-02
 3.85469201E-01
 6.67807013E-01
 3.26488599E-01
 3.57648852E-02
 2.46826640E-01
 4.45275601E-01
 1.22134083E-01
 2.97274370E-01
 5.02334831E-02
 3.12913167E-01
 1.59879201E-01
 7.57251937E-02
 3.91111277E-01
 3.27699884E-01
 2.97856662E-01
 4.88682852E-01
 1.06549977E+00
 1.46838429E+00
 9.50807756E-01
 5.63561772E-01
 1.87405812E-01
 6.72524756E-01
 9.65001693E-01
 4.87153749E-01
 1.04546760E-01
 3.02567886E-01
 4.86103435E-01
 5.11334559E-02
 7.08957485E-02
 6.14150312E-03
 2.93258491E-01
 7.36901678E-01
 9.27552303E-01
 3.11239404E-01
 3.75775335E-02
 3.18369977E-01
 4.72069467E-01
 4.70193164E-03
 5.44449194E-02
 4.21109359E-02
 3.25923754E-01
 3.93025191E-01
 4.50783363E-01
 5.51504474E-01
 3.11907767E-02
 3.52398232E-02
 1.00875491E-01
 3.10493968E-01
 1.63980893E-01
 1.74687002E-01
 3.74687667E-01
 2.48786852E-01
 7.06814200E-02
 5.27887833E-01
 7.31683499E-01
 2.44718709E-01
 1.59903508E-02
 2.69174004E-01
 4.52563956E-01
 2.19532468E-01
 3.10029634E-01
 1.73989666E-01
 4.17891037E-01
 6.55176803E-01
 6.43314488E-02
 6.37080267E-02
 5.19800518E-01
 7.15342706E-01
 3.39478322E-01
 3.99712704E-01
 7.82443370E-01
 5.03418532E-01
 6.00268987E-01
 6.32847187E-01
 7.35497885E-01
 9.26579263E-01
 3.11461595E-01
 3.71510625E-02
 3.17756413E-01
 4.71754174E-01
 4.40796026E-03
 5.45701726E-02
 4.21722438E-02
 3.25653431E-01
 3.92919078E-01
 2.30207657E-01
 2.91511924E-01
 2.48109023E-01
 5.54712341E-01
 1.76933394E-01
 1.00662865E-02
 2.48973775E-01
 5.16395690E-01
 3.22106834E-01
 7.79910466E-01
 2.19940032E-02
 4.52105807E-02
 5.45711672E-01
 4.14587863E-01
 3.33736126E-01
 7.06291168E-01
 2.74576688E-01
 3.81746674E-01
 6.51938725E-01
 4.51606292E-01
 3.00557403E-01
 4.44458049E-01
 1.36189690E-02
 2.67053649E-01
 4.41289107E-03
 2.80064611E-02
 4.12821662E-01
 2.77985529E-01
 3.17552730E-01
 7.09674271E-01
 5.29808103E-01
 4.49091002E-01
 5.50168505E-01
 3.13065949E-02
 3.13295208E-01
 3.46150642E-02
 1.00505184E-01
 3.30946784E-01
 3.10539089E-01
 2.79774997E-01
 2.24583595E-02
 4.56821428E-02
 5.45972089E-01
 4.14743521E-01
 3.33921128E-01
 7.06291168E-01
 2.68019871E-01
 5.12302938E-01
 7.32349218E-02
 1.57177897E-01
 2.72308113E-01
 2.28883174E-01
 2.54825705E-01
 4.92592479E-01
 1.62965893E-01
 1.74053939E-01
 3.74464849E-01
 2.48897664E-01
 2.74776564E-01
 1.26625139E-01
 7.64888901E-02
 4.54004379E-01
 3.99765933E-01
 4.48173225E-01
 0.00000000E+00
 7.08799177E-02
 9.81250726E-02
 4.41659132E-01
 4.51334607E-01
 2.98691469E-01
 2.48959416E-01
 5.08432540E-02
 4.01676814E-01
 3.08328260E-01
 1.02999071E-01
 9.62009871E-02
 2.73269516E-01
 4.29003443E-01
 9.53985177E-02
 1.73679576E-01
 4.78388514E-02
 1.54186227E-01
 3.50298618E-01
 5.00648871E-01
 2.46960130E-01
 5.15812118E-02
 1.96244781E-01
 3.87251866E-01
 5.72935621E-01
 6.96663641E-01
 4.24177418E-01
 2.97827562E-01
 4.41141698E-01
 6.07164801E-01
 5.30019870E-01
 4.44729560E-01
 5.87281313E-01
 6.40518450E-01
 5.81432895E-01
 6.99760415E-01
 7.53747321E-01
 3.95763333E-01
 7.51539643E-01
 5.00122735E-01
 2.35590701E-01
 2.10166666E-02
 2.30695003E-01
 3.95428088E-01
 1.67923268E-01
 4.19529613E-01
 1.44460695E-01
 1.15768108E-01
 3.68385451E-01
 5.41786029E-01
 5.67462597E-02
 1.02398871E-01
 1.78105002E-01
 4.11006496E-01
 6.37490943E-01
 3.01313552E-01
 2.26022007E-01
 4.82719540E-01
 6.47217551E-01
 4.47445317E-01
 4.22084490E-01
 6.64745717E-01
 5.84051338E-01
 5.77423009E-01
 7.15207497E-01
 2.87533279E-01
 4.77657450E-01
 8.45393608E-02
 1.54972413E-01
 3.87247803E-01
 5.49923138E-01
 2.86607211E-02
 1.24870734E-01
 2.63905122E-01
 4.88407649E-01
 7.06377168E-01
 2.12636956E-01
 1.94175088E-01
 5.59625255E-01
 7.39365197E-01
 4.52086024E-01
 4.93634355E-01
 8.01807823E-01
 5.95104098E-01
 6.72363403E-01
 7.05663714E-01
 8.36542434E-02
 2.14234811E-01
 1.56957677E-01
 3.79599385E-01
 1.70856803E-01
 1.31920734E-01
 4.86812399E-01
 4.00356591E-01
 4.22282797E-01
 7.36152678E-01
 6.14426099E-01
 1.18406840E-01
 4.67777708E-02
 3.96294052E-01
 6.02327540E-01
 3.68593795E-01
 3.86402893E-01
 7.07923766E-01
 5.86361872E-01
 6.48146880E-01
 2.91241362E-01
 2.52182946E-01
 5.59226534E-01
 5.15928000E-01
 5.56529020E-01
 7.06886655E-01
 4.34965573E-01
 3.92477439E-01
 7.47557896E-01
 4.96948712E-01
 2.32985785E-01
 2.30418809E-02
 2.32252313E-01
 1.65807640E-01
 4.17111509E-01
 1.42710372E-01
 1.17096093E-01
 3.69312942E-01
 5.42430596E-01
 5.79483488E-02
 1.01135179E-01
 1.78904993E-01
 4.11564095E-01
 3.01850119E-01
 2.26503176E-01
 4.82947966E-01
 4.47622007E-01
 4.22192469E-01
 5.84028261E-01
 7.41169914E-01
 1.10885610E+00
 6.98475324E-01
 3.40794987E-01
 6.12092353E-03
 4.12990183E-01
 6.88825777E-01
 3.12441374E-01
 4.01132418E-02
 9.85725687E-02
 2.78141065E-01
 6.44045910E-02
 2.28184152E-01
 1.62928106E-01
 4.23431034E-01
 4.71199990E-01
 6.71988257E-01
 1.87740720E-01
 1.45594714E-01
 1.24068513E-01
 2.94015270E-01
 7.44072574E-02
 1.91875798E-01
 7.66053573E-02
 3.58318868E-01
 4.91674091E-01
 2.10676592E-01
 3.18672456E-01
 1.43758129E-01
 1.31684108E-01
 5.25147590E-02
 4.20067205E-01
 4.75499452E-02
 3.14202628E-02
 4.72473080E-01
 3.85116358E-01
 2.51673599E-01
 2.84408684E-01
 4.74585814E-01
 8.30932090E-02
 1.55952161E-01
 3.87748715E-01
 5.50147970E-01
 2.69335143E-02
 1.23398408E-01
 2.64280856E-01
 4.88549103E-01
 7.06316337E-01
 2.13395055E-01
 1.94651865E-01
 5.59524080E-01
 7.39261354E-01
 4.52262189E-01
 4.93603876E-01
 8.01589692E-01
 5.95030491E-01
 6.72220117E-01
 7.05536548E-01
 4.70534670E-01
 6.71668810E-01
 1.88178482E-01
 1.45043544E-01
 1.23890210E-01
 2.94077508E-01
 7.39952719E-02
 1.91781985E-01
 7.63600244E-02
 3.57991735E-01
 4.91490754E-01
 6.18027015E-02
 1.67731553E-01
 2.45470969E-01
 5.53874778E-01
 2.73197822E-01
 8.19316918E-02
 2.49587264E-01
 5.60805985E-01
 3.57797210E-01
 8.01955369E-01
 1.72261441E-01
 1.58112706E-01
 5.47417113E-01
 4.92933147E-01
 3.94958604E-01
 7.35680935E-01
 4.04100392E-01
 4.80478685E-01
 7.09792277E-01
 5.61285033E-01
 8.11915636E-02
 2.11873644E-01
 1.57957995E-01
 3.80237347E-01
 1.72043665E-01
 1.32850872E-01
 4.86919487E-01
 4.00742283E-01
 4.22455864E-01
 7.36004361E-01
 6.14406319E-01
 2.09832941E-01
 3.18096471E-01
 1.43596111E-01
 4.01892624E-01
 1.31884119E-01
 5.25273371E-02
 3.90272297E-01
 4.19958417E-01
 3.73987924E-01
 1.72537687E-01
 1.58420084E-01
 5.47618064E-01
 4.93020166E-01
 3.95075195E-01
 7.35706109E-01
 3.89406093E-01
 6.02787128E-01
 1.19936981E-01
 4.81307108E-02
 3.96673205E-01
 3.69135215E-01
 3.86723112E-01
 5.86389769E-01
 4.79683971E-02
 3.15657992E-02
 4.72126604E-01
 3.85030462E-01
 4.04181283E-01
 2.91952461E-01
 2.52685595E-01
 5.59161445E-01
 5.15980745E-01
 5.56463963E-01
 7.06748832E-01
 2.51612964E-01
 2.75908015E-01
 5.53327306E-01
 5.61067686E-01
 4.35051782E-01
 3.99167533E-01
 1.67723089E-01
 1.17785615E-01
 5.03502195E-02
 1.22401634E-01
 2.89886384E-01
 4.33888344E-01
 5.55349694E-01
 2.82805307E-01
 6.14249630E-02
 1.54079870E-01
 3.23932285E-01
 4.88694116E-01
 6.11643955E-01
 4.03946719E-01
 2.42275682E-01
 3.50329401E-01
 5.09205506E-01
 6.63524377E-01
 7.64559679E-01
 5.48358740E-01
 4.46059862E-01
 5.55376586E-01
 6.88875407E-01
 6.34825660E-01
 5.67861774E-01
 6.77834197E-01
 7.22557372E-01
 6.77248550E-01
 7.68719609E-01
 8.10899371E-01
 1.07778134E-01
 4.07244949E-01
 2.22919245E-01
 7.21229248E-03
 2.30220804E-01
 4.04516079E-01
 5.32291773E-01
 7.08977391E-02
 1.47224037E-01
 5.50271166E-02
 2.81166250E-01
 5.00436119E-01
 6.46189360E-01
 2.50822221E-01
 1.08652539E-01
 3.16400437E-01
 5.16664026E-01
 7.11133847E-01
 4.52616290E-01
 3.86265302E-01
 5.80043690E-01
 7.15863923E-01
 5.73517818E-01
 5.52239866E-01
 7.37483425E-01
 6.82520714E-01
 6.78161886E-01
 7.84840084E-01
 2.44699370E-02
 2.00228545E-01
 8.96925371E-02
 3.05241359E-01
 5.13984078E-01
 6.53832751E-01
 1.77563967E-01
 7.46417137E-02
 3.60385258E-01
 5.63531783E-01
 7.60431375E-01
 3.70482640E-01
 3.32475549E-01
 6.01557160E-01
 7.64469581E-01
 5.69874126E-01
 5.91234574E-01
 8.21561978E-01
 6.89182002E-01
 7.45646633E-01
 7.78405878E-01
 1.49755579E-01
 3.26260007E-02
 3.09720960E-01
 4.98929281E-01
 3.47317446E-01
 3.00704605E-01
 5.64276877E-01
 5.27921984E-01
 5.30780564E-01
 7.63191542E-01
 7.00951003E-01
 3.20737600E-01
 2.61040601E-01
 5.25505023E-01
 6.88872612E-01
 5.13715304E-01
 5.22214019E-01
 7.64100239E-01
 6.81999766E-01
 7.24705754E-01
 4.61729153E-01
 4.32988279E-01
 6.66451420E-01
 6.34128565E-01
 6.65777009E-01
 7.80224575E-01
 5.73382762E-01
 1.06197693E-01
 4.05336033E-01
 2.21431097E-01
 8.40240893E-03
 2.31099079E-01
 4.05159329E-01
 7.17361736E-02
 1.46302452E-01
 5.56375896E-02
 2.81600452E-01
 5.00709597E-01
 6.46353470E-01
 2.51114436E-01
 1.08889784E-01
 3.16471286E-01
 5.16691415E-01
 4.52570579E-01
 3.86121651E-01
 5.79868580E-01
 5.73314100E-01
 5.51960599E-01
 6.82280138E-01
 3.93674926E-01
 7.24085789E-01
 4.28646129E-01
 1.03388178E-01
 2.11630858E-01
 1.37118361E-01
 3.95771427E-01
 1.27316849E-01
 1.92789341E-01
 1.16123224E-01
 5.98986876E-02
 1.85262313E-01
 3.91698063E-01
 3.25170864E-01
 5.56711666E-01
 1.90662524E-01
 4.02585494E-01
 5.76061408E-02
 2.58865885E-01
 7.91736125E-02
 1.08279191E-01
 1.46926180E-01
 3.33962692E-01
 1.98714912E-01
 3.91222960E-01
 5.92220739E-01
 3.91667978E-02
 7.71301787E-02
 2.60148485E-01
 3.03558598E-01
 2.09717094E-01
 5.31426555E-01
 2.64654555E-01
 2.42036930E-01
 5.71831775E-01
 5.23401192E-01
 4.34959167E-01
 2.32270463E-02
 1.99129358E-01
 8.99552848E-02
 3.05304419E-01
 5.13828095E-01
 6.53583358E-01
 1.78003004E-01
 7.48436032E-02
 3.60113387E-01
 5.63236467E-01
 7.60136082E-01
 3.70419122E-01
 3.32193958E-01
 6.01137608E-01
 7.64179350E-01
 5.69596991E-01
 5.90826470E-01
 8.21235656E-01
 6.88873913E-01
 7.45327633E-01
 7.78193256E-01
 1.90568723E-01
 4.02765522E-01
 5.81888979E-02
 2.58254302E-01
 7.90175797E-02
 1.08636951E-01
 1.46416073E-01
 3.33701792E-01
 1.98318909E-01
 3.90831183E-01
 5.91983615E-01
 1.13628447E-01
 3.90773820E-02
 2.42914043E-01
 5.53008805E-01
 3.72368443E-01
 1.55537460E-01
 2.49888058E-01
 6.05868677E-01
 3.93414125E-01
 8.23819729E-01
 3.26543440E-01
 2.73486871E-01
 5.48998722E-01
 5.72371823E-01
 4.56370954E-01
 7.65065645E-01
 5.35266230E-01
 5.79654948E-01
 7.67645829E-01
 6.70963775E-01
 1.50643708E-01
 3.33691663E-02
 3.09802326E-01
 4.98906643E-01
 3.47529613E-01
 3.00719114E-01
 5.63977731E-01
 5.27774976E-01
 5.30498242E-01
 7.62894415E-01
 7.00710565E-01
 3.93471178E-02
 7.71473646E-02
 2.59778854E-01
 4.93126106E-01
 3.03429735E-01
 2.09445981E-01
 4.50631588E-01
 5.31200142E-01
 4.68874425E-01
 3.26662495E-01
 2.73646628E-01
 5.49131910E-01
 5.72398022E-01
 4.56420128E-01
 7.65076087E-01
 5.12333810E-01
 6.93271319E-01
 3.21179371E-01
 2.61322129E-01
 5.25345714E-01
 5.13691237E-01
 5.22054042E-01
 6.81807587E-01
 2.64622542E-01
 2.41822668E-01
 5.71415376E-01
 5.23175530E-01
 5.35254912E-01
 4.61815963E-01
 4.32919017E-01
 6.66148787E-01
 6.33949125E-01
 6.65542032E-01
 7.80064532E-01
 4.34719335E-01
 4.54659099E-01
 6.65001040E-01
 6.70800764E-01
 5.73225237E-01
 5.49375650E-01
 4.20773445E-01
 2.20279572E-01
 2.65696841E-01
 3.88488413E-01
 5.07480360E-01
 6.08634001E-01
 6.92689260E-01
 5.00996042E-01
 3.45081303E-01
 4.07880017E-01
 5.28491064E-01
 6.45422241E-01
 7.31882440E-01
 5.85837677E-01
 4.71869813E-01
 5.45436116E-01
 6.57752299E-01
 7.66773625E-01
 8.37718586E-01
 6.87487171E-01
 6.15994990E-01
 6.90926508E-01
 7.84123583E-01
 7.48456058E-01
 7.02236943E-01
 7.77834399E-01
 8.09631171E-01
 7.78690803E-01
 8.41525934E-01
 8.70750771E-01
 2.30796891E-01
 1.88934051E-02
 1.43336699E-01
 3.08165029E-01
 4.67767750E-01
 5.90707984E-01
 6.78688452E-01
 3.54953494E-01
 1.99365670E-01
 3.35910504E-01
 4.97624381E-01
 6.54278240E-01
 7.57323513E-01
 4.80765436E-01
 3.78613115E-01
 5.19078196E-01
 6.61610412E-01
 7.99856219E-01
 6.22997762E-01
 5.75674482E-01
 7.07422734E-01
 8.02676916E-01
 7.08380523E-01
 6.93580295E-01
 8.19781562E-01
 7.84370732E-01
 7.81780668E-01
 8.55151794E-01
 2.90154418E-01
 1.62736417E-01
 3.58264979E-01
 5.13725020E-01
 6.64104248E-01
 7.63464834E-01
 4.29943217E-01
 3.52651447E-01
 5.44841936E-01
 6.91330167E-01
 8.33106851E-01
 5.64379233E-01
 5.32798580E-01
 7.13591786E-01
 8.30872945E-01
 7.04872115E-01
 7.17028511E-01
 8.72284745E-01
 7.89049623E-01
 8.26892938E-01
 8.51471454E-01
 4.15564650E-01
 3.31802764E-01
 5.19001556E-01
 6.52636774E-01
 5.51618477E-01
 5.16051346E-01
 6.93436281E-01
 6.76391960E-01
 6.75190828E-01
 8.31059897E-01
 7.96689393E-01
 5.37563315E-01
 4.96137721E-01
 6.75118728E-01
 7.87482584E-01
 6.69710437E-01
 6.74502622E-01
 8.37435247E-01
 7.84777865E-01
 8.12815184E-01
 6.36648797E-01
 6.17813817E-01
 7.75573212E-01
 7.54136323E-01
 7.75983112E-01
 8.53426056E-01
 7.13638339E-01
 2.31157015E-01
 1.92857337E-02
 1.43562684E-01
 3.08330604E-01
 4.67859066E-01
 5.90749091E-01
 3.54921339E-01
 1.99245848E-01
 3.35707112E-01
 4.97444221E-01
 6.54129590E-01
 7.57194943E-01
 4.80478910E-01
 3.78190076E-01
 5.18670243E-01
 6.61302006E-01
 6.22617405E-01
 5.75177338E-01
 7.07022313E-01
 7.07979849E-01
 6.93108096E-01
 7.84026261E-01
 3.19764625E-02
 2.05798557E-01
 8.22840931E-03
 2.27183815E-01
 4.54924429E-01
 2.09761833E-01
 2.16911748E-02
 2.00355842E-01
 4.31540944E-01
 3.86825136E-01
 2.57643948E-01
 4.20786956E-01
 5.81896277E-01
 5.32889559E-01
 6.98883490E-01
 1.72549742E-01
 1.41182612E-02
 2.43129105E-01
 4.74107400E-01
 3.58607245E-01
 2.17384705E-01
 3.84732878E-01
 5.36216152E-01
 4.33365885E-01
 5.58759491E-01
 7.19474849E-01
 3.38919743E-01
 2.52133165E-01
 4.77392281E-01
 5.20177151E-01
 4.48959044E-01
 6.77358117E-01
 5.00625375E-01
 4.83284839E-01
 7.04794929E-01
 6.76807939E-01
 6.20697780E-01
 2.90095788E-01
 1.62435157E-01
 3.57656203E-01
 5.13164490E-01
 6.63571016E-01
 7.62987075E-01
 4.29536235E-01
 3.51996082E-01
 5.44107706E-01
 6.90751886E-01
 8.32696630E-01
 5.63818028E-01
 5.32051588E-01
 7.12965384E-01
 8.30469783E-01
 7.04355405E-01
 7.16431883E-01
 8.71914144E-01
 7.88635087E-01
 8.26501914E-01
 8.51221837E-01
 1.72264338E-01
 1.35935007E-02
 2.42437509E-01
 4.73485016E-01
 3.58248182E-01
 2.16840283E-01
 3.84155570E-01
 5.35873228E-01
 4.32896386E-01
 5.58336630E-01
 7.19230502E-01
 3.79657181E-01
 2.58783101E-01
 4.42279364E-01
 6.71141128E-01
 5.57083533E-01
 3.93472997E-01
 4.49766139E-01
 7.19572069E-01
 5.62925678E-01
 8.75677485E-01
 5.34295928E-01
 4.88589543E-01
 6.69926710E-01
 7.01744781E-01
 6.14205988E-01
 8.34390494E-01
 6.84405723E-01
 7.11438157E-01
 8.41540254E-01
 7.80642517E-01
 4.15398390E-01
 3.31445997E-01
 5.18452349E-01
 6.52185101E-01
 5.51213370E-01
 5.15478418E-01
 6.92871659E-01
 6.75936081E-01
 6.74644674E-01
 8.30673880E-01
 7.96341464E-01
 3.38664421E-01
 2.51712036E-01
 4.76871027E-01
 6.44274270E-01
 5.19851681E-01
 4.48512257E-01
 6.08124594E-01
 6.77079018E-01
 6.28984467E-01
 5.34294627E-01
 4.88614823E-01
 6.69968922E-01
 7.01723295E-01
 6.14192285E-01
 8.34387109E-01
 6.66099691E-01
 7.93376267E-01
 5.37314831E-01
 4.95748238E-01
 6.74647721E-01
 6.69355712E-01
 6.74070574E-01
 7.84476015E-01
 5.00330897E-01
 4.82874015E-01
 7.04371333E-01
 6.76524884E-01
 6.84337962E-01
 6.36368017E-01
 6.17427165E-01
 7.75177133E-01
 7.53845468E-01
 7.75679352E-01
 8.53270917E-01
 6.20388462E-01
 6.34741183E-01
 7.76679126E-01
 7.80533843E-01
 7.13362226E-01
 6.99583767E-01
 6.99813773E-01
 5.95984924E-01
 6.19594516E-01
 6.83273100E-01
 7.44959797E-01
 7.97386296E-01
 8.40940487E-01
 7.41628721E-01
 6.60978496E-01
 6.93560291E-01
 7.56041239E-01
 8.16589287E-01
 8.61349773E-01
 7.85794906E-01
 7.26925933E-01
 7.65031215E-01
 8.23141063E-01
 8.79515612E-01
 9.16192300E-01
 8.38584238E-01
 8.01722917E-01
 8.40467086E-01
 8.88611057E-01
 8.70289361E-01
 8.46516543E-01
 8.85530030E-01
 9.02042212E-01
 8.86177347E-01
 9.18536216E-01
 9.33688229E-01
 6.03162680E-01
 4.94006736E-01
 5.58339496E-01
 6.43447873E-01
 7.25807517E-01
 7.89228161E-01
 8.34605505E-01
 6.67681007E-01
 5.87687881E-01
 6.58148588E-01
 7.41507050E-01
 8.22194137E-01
 8.75251500E-01
 7.32950509E-01
 6.80566297E-01
 7.52900174E-01
 8.26227019E-01
 8.97278440E-01
 8.06510427E-01
 7.82353368E-01
 8.50025854E-01
 8.98921447E-01
 8.50741261E-01
 8.43291434E-01
 9.07913328E-01
 8.90067195E-01
 8.88890854E-01
 9.26695393E-01
 6.35430126E-01
 5.70198869E-01
 6.70741505E-01
 7.50640810E-01
 8.27854699E-01
 8.78851792E-01
 7.07787862E-01
 6.68367106E-01
 7.66974327E-01
 8.42079410E-01
 9.14677294E-01
 7.77232343E-01
 7.61264922E-01
 8.53768972E-01
 9.13726355E-01
 8.49543254E-01
 8.55891183E-01
 9.35034830E-01
 8.92926305E-01
 9.12290352E-01
 9.25220422E-01
 7.01219560E-01
 6.58631174E-01
 7.54447290E-01
 8.22808743E-01
 7.71355330E-01
 7.53434428E-01
 8.43959061E-01
 8.35515828E-01
 8.35104873E-01
 9.14353804E-01
 8.97122808E-01
 7.64717795E-01
 7.43883088E-01
 8.35032007E-01
 8.92212811E-01
 8.32501719E-01
 8.35147500E-01
 9.17792468E-01
 8.91335023E-01
 9.05704045E-01
 8.16060382E-01
 8.06787234E-01
 8.86723124E-01
 8.76063222E-01
 8.87339124E-01
 9.26642218E-01
 8.55821489E-01
 6.02959709E-01
 4.93711252E-01
 5.58019495E-01
 6.43178884E-01
 7.25580264E-01
 7.89036789E-01
 6.67337254E-01
 5.87217504E-01
 6.57702270E-01
 7.41153505E-01
 8.21936163E-01
 8.75056281E-01
 7.32539598E-01
 6.80030049E-01
 7.52440638E-01
 8.25890064E-01
 8.06124357E-01
 7.81879922E-01
 8.49666890E-01
 8.50389790E-01
 8.42892040E-01
 8.89785693E-01
 5.02543758E-01
 3.80655962E-01
 4.82402528E-01
 6.03473555E-01
 7.20487721E-01
 5.94690655E-01
 4.98530204E-01
 5.90372223E-01
 7.08997316E-01
 6.86258987E-01
 6.20448855E-01
 7.04101950E-01
 7.86734497E-01
 7.61983108E-01
 8.47082825E-01
 5.76825945E-01
 4.96146584E-01
 6.13470880E-01
 7.31642046E-01
 6.72816288E-01
 6.01126260E-01
 6.86717668E-01
 7.64188808E-01
 7.12242080E-01
 7.76231694E-01
 8.58010082E-01
 6.63569940E-01
 6.19764559E-01
 7.34569215E-01
 7.56617163E-01
 7.20858662E-01
 8.37070029E-01
 7.47164269E-01
 7.38740054E-01
 8.50978296E-01
 8.37064350E-01
 8.09013021E-01
 6.34904538E-01
 5.69461107E-01
 6.69982528E-01
 7.50014804E-01
 8.27346989E-01
 8.78441245E-01
 7.07190767E-01
 6.67589466E-01
 7.66286366E-01
 8.41570490E-01
 9.14351188E-01
 7.76658041E-01
 7.60572740E-01
 8.53256486E-01
 9.13404975E-01
 8.49094633E-01
 8.55406595E-01
 9.34762476E-01
 8.92594704E-01
 9.11988450E-01
 9.25024711E-01
 5.76485484E-01
 4.95648624E-01
 6.12942445E-01
 7.31203199E-01
 6.72490782E-01
 6.00675855E-01
 6.86287782E-01
 7.63919908E-01
 7.11887830E-01
 7.75925812E-01
 8.57837133E-01
 6.84211744E-01
 6.23040246E-01
 7.16657476E-01
 8.33121504E-01
 7.75280230E-01
 6.92674093E-01
 7.21623172E-01
 8.58357978E-01
 7.79734952E-01
 9.37694078E-01
 7.64171693E-01
 7.41379903E-01
 8.33350054E-01
 8.49616219E-01
 8.05933482E-01
 9.17104513E-01
 8.41077490E-01
 8.55033291E-01
 9.20745224E-01
 8.90321258E-01
 7.00711744E-01
 6.57969950E-01
 7.53824632E-01
 8.22332434E-01
 7.70843658E-01
 7.52814900E-01
 8.43464262E-01
 8.35082623E-01
 8.34624972E-01
 9.14051319E-01
 8.96838089E-01
 6.63229238E-01
 6.19316678E-01
 7.34143738E-01
 8.19429162E-01
 7.56316655E-01
 7.20479544E-01
 8.01682232E-01
 8.36855220E-01
 8.12980218E-01
 7.64124165E-01
 7.41343307E-01
 8.33340464E-01
 8.49582326E-01
 8.05898123E-01
 9.17096186E-01
 8.31842258E-01
 8.96688133E-01
 7.64289919E-01
 7.43363320E-01
 8.34588808E-01
 8.32131929E-01
 8.34744961E-01
 8.91082591E-01
 7.46862959E-01
 7.38381243E-01
 8.50680741E-01
 8.36846076E-01
 8.41008950E-01
 8.15730228E-01
 8.06402188E-01
 8.86415327E-01
 8.75819320E-01
 8.87101854E-01
 9.26534653E-01
 8.08773714E-01
 8.16443691E-01
 8.88286871E-01
 8.90265800E-01
 8.55586362E-01
 8.49788437E-01
