 5.10113402E-01
 6.41576796E-01
 7.48018042E-01
 8.24920842E-01
 8.70965483E-01
 9.06699416E-01
 9.36451467E-01
 3.73337296E-01
 5.59421894E-01
 7.05579119E-01
 8.02410953E-01
 8.60311223E-01
 9.01476919E-01
 4.41029601E-01
 6.29953697E-01
 7.73066888E-01
 8.57650457E-01
 9.08059153E-01
 9.38919092E-01
 5.54236112E-01
 7.18491339E-01
 8.40109417E-01
 9.07190634E-01
 6.61845639E-01
 8.00656200E-01
 9.00195509E-01
 7.65114672E-01
 8.70185598E-01
 9.42661358E-01
 8.61045955E-01
 3.66642179E-01
 5.55509894E-01
 7.04053814E-01
 8.03598283E-01
 8.63017560E-01
 9.04307837E-01
 9.35163794E-01
 2.40394537E-01
 4.83370099E-01
 6.72560543E-01
 7.96395272E-01
 8.69985956E-01
 9.14445293E-01
 3.81478853E-01
 6.03207781E-01
 7.71364600E-01
 8.73984404E-01
 9.34296514E-01
 5.42222223E-01
 7.28864785E-01
 8.61574860E-01
 9.27588931E-01
 6.88617302E-01
 8.38816983E-01
 9.36276901E-01
 8.12851999E-01
 9.20787629E-01
 0.00000000E+00
 4.16927308E-01
 6.13614787E-01
 7.63206053E-01
 8.54671095E-01
 9.08879825E-01
 9.40889949E-01
 3.55080636E-01
 5.86096137E-01
 7.61129305E-01
 8.68695875E-01
 9.31672172E-01
 5.38170320E-01
 7.24155075E-01
 8.61173474E-01
 9.40421966E-01
 6.97392616E-01
 8.41856259E-01
 9.37020495E-01
 8.32815346E-01
 9.37531628E-01
 0.00000000E+00
 5.31629021E-01
 7.06035800E-01
 8.34764541E-01
 9.07675715E-01
 5.14325504E-01
 7.15673605E-01
 8.57282449E-01
 6.90430026E-01
 8.42923596E-01
 9.41140767E-01
 8.31439121E-01
 6.36821691E-01
 7.87619738E-01
 8.94731376E-01
 9.50194038E-01
 6.55233338E-01
 8.24097206E-01
 9.32241176E-01
 8.16919065E-01
 9.35953070E-01
 7.49158967E-01
 8.63249862E-01
 9.40915111E-01
 7.89132637E-01
 9.15211229E-01
 9.12237602E-01
 8.57088630E-01
 3.64837828E-01
 5.54230242E-01
 7.03173744E-01
 8.02889778E-01
 8.62420925E-01
 9.03834739E-01
 2.38390613E-01
 4.81506839E-01
 6.70992678E-01
 7.95296190E-01
 8.69183243E-01
 9.13858640E-01
 3.80169442E-01
 6.01483218E-01
 7.69677114E-01
 8.72933238E-01
 5.41239227E-01
 7.27690654E-01
 8.60501259E-01
 6.88020833E-01
 8.38145791E-01
 8.12645763E-01
 2.27955818E-01
 4.80331288E-01
 6.74930250E-01
 7.99293848E-01
 8.73038863E-01
 1.31036354E-01
 4.07027220E-01
 6.28931364E-01
 7.91041724E-01
 3.60754306E-01
 5.63837771E-01
 7.33439955E-01
 5.78812445E-01
 7.44606468E-01
 7.65188433E-01
 3.44133826E-01
 5.87497835E-01
 7.68416369E-01
 8.73481477E-01
 3.27025253E-01
 5.50589526E-01
 7.31950222E-01
 5.79652916E-01
 7.00358432E-01
 8.15691068E-01
 7.74432140E-01
 5.09140751E-01
 7.17374792E-01
 8.61852265E-01
 5.49008997E-01
 7.36968687E-01
 7.72586150E-01
 6.54280395E-01
 8.26053337E-01
 9.34931732E-01
 7.33643393E-01
 7.89094465E-01
 4.17062436E-01
 6.13898933E-01
 7.63540339E-01
 8.54774179E-01
 9.08866441E-01
 9.40830171E-01
 3.56205779E-01
 5.86136766E-01
 7.60671515E-01
 8.68414788E-01
 9.31532387E-01
 5.40218328E-01
 7.24037097E-01
 8.60093371E-01
 9.39886911E-01
 6.98941998E-01
 8.41954851E-01
 9.36488783E-01
 8.33885485E-01
 9.37602060E-01
 0.00000000E+00
 3.46100994E-01
 5.88949357E-01
 7.69452827E-01
 8.74134272E-01
 3.29836887E-01
 5.51779175E-01
 7.32207014E-01
 5.82377753E-01
 7.00852564E-01
 8.15051879E-01
 7.76244947E-01
 5.06607564E-01
 7.18850250E-01
 8.68655603E-01
 9.44238353E-01
 5.54833209E-01
 6.96688605E-01
 8.22381248E-01
 7.88640792E-01
 8.27460042E-01
 9.26521170E-01
 6.72823613E-01
 8.39786553E-01
 9.44492747E-01
 7.58521153E-01
 8.76338723E-01
 9.26521170E-01
 8.09762032E-01
 9.35833957E-01
 8.98829315E-01
 9.04237845E-01
 5.32342796E-01
 7.06519331E-01
 8.35066116E-01
 9.07677697E-01
 5.15879074E-01
 7.16001542E-01
 8.57012561E-01
 6.92343042E-01
 8.42991181E-01
 9.40436411E-01
 8.32606339E-01
 5.11108110E-01
 7.18484023E-01
 8.62406873E-01
 9.29939146E-01
 5.51370457E-01
 7.37683499E-01
 8.70869554E-01
 7.74363552E-01
 8.77641821E-01
 6.73157859E-01
 8.39680786E-01
 9.44236338E-01
 7.58566008E-01
 8.76008005E-01
 9.26521170E-01
 8.19987100E-01
 9.20561524E-01
 6.38470725E-01
 7.88579754E-01
 8.95220023E-01
 6.57560482E-01
 8.24919508E-01
 8.18910406E-01
 6.56839505E-01
 8.27307239E-01
 9.35377780E-01
 7.36200192E-01
 8.10813762E-01
 7.50837779E-01
 8.64092030E-01
 9.41184202E-01
 7.91214182E-01
 9.15489649E-01
 0.00000000E+00
 7.91210724E-01
 9.17520648E-01
 8.71243472E-01
 9.05691986E-01
 8.58201002E-01
 8.96763041E-01
 4.77526199E-02
 2.33287819E-01
 4.60878134E-01
 6.25335542E-01
 7.23805018E-01
 8.00240692E-01
 8.63901026E-01
 3.41606691E-01
 5.64316869E-02
 3.69189719E-01
 5.76458411E-01
 7.00410352E-01
 7.88569555E-01
 1.98943070E-01
 2.05686505E-01
 5.12460126E-01
 6.93870635E-01
 8.02044333E-01
 8.68306297E-01
 4.06592895E-02
 3.93244934E-01
 6.54758020E-01
 7.99167703E-01
 2.68206342E-01
 5.67294870E-01
 7.82519732E-01
 4.87530151E-01
 7.14900626E-01
 8.72745462E-01
 6.93815787E-01
 3.53283907E-01
 4.99373884E-02
 3.67188712E-01
 5.79853282E-01
 7.06814935E-01
 7.95068759E-01
 8.61054511E-01
 6.24951957E-01
 1.05925734E-01
 2.98513163E-01
 5.63405695E-01
 7.20902789E-01
 8.16101663E-01
 3.25843538E-01
 1.48339752E-01
 5.08488603E-01
 7.28565962E-01
 8.58125485E-01
 1.55787060E-02
 4.15447688E-01
 7.00547696E-01
 8.42605578E-01
 3.27417950E-01
 6.49894938E-01
 8.60230521E-01
 5.93766161E-01
 8.24230491E-01
 8.51366421E-01
 2.44307471E-01
 1.74927960E-01
 4.93994532E-01
 6.89179727E-01
 8.04917207E-01
 8.73289393E-01
 3.77841338E-01
 1.14692008E-01
 4.88343236E-01
 7.18238424E-01
 8.53029356E-01
 1.16081491E-02
 4.08321317E-01
 7.01300935E-01
 8.71225759E-01
 3.50917867E-01
 6.59113842E-01
 8.62970080E-01
 6.40709106E-01
 8.62913803E-01
 0.00000000E+00
 2.14488883E-03
 3.73060947E-01
 6.47136217E-01
 8.02501251E-01
 3.54743847E-02
 3.92585832E-01
 6.94233103E-01
 3.39467464E-01
 6.63357414E-01
 8.72700088E-01
 6.40378725E-01
 2.28094743E-01
 5.47772477E-01
 7.75240589E-01
 8.93190525E-01
 2.67407746E-01
 6.24709479E-01
 8.54132033E-01
 6.11572238E-01
 8.61426974E-01
 4.68771930E-01
 7.09304709E-01
 8.73274761E-01
 5.54590246E-01
 8.17427637E-01
 8.24475203E-01
 6.99209332E-01
 3.58307633E-01
 4.63729049E-02
 3.64749052E-01
 5.77962185E-01
 7.05272068E-01
 7.93867443E-01
 6.30853615E-01
 1.11034123E-01
 2.94430038E-01
 5.60590036E-01
 7.18880312E-01
 8.14639472E-01
 3.30179435E-01
 1.43628289E-01
 5.04261169E-01
 7.25962398E-01
 1.21491646E-02
 4.12105847E-01
 6.97794790E-01
 3.25111090E-01
 6.47879262E-01
 5.92653444E-01
 6.48534046E-01
 1.10330677E-01
 3.04944645E-01
 5.70483285E-01
 7.28017024E-01
 8.57751895E-01
 2.69197455E-01
 2.04615733E-01
 5.51279061E-01
 3.69164733E-01
 6.36844058E-02
 4.25986555E-01
 9.57535298E-02
 4.48962199E-01
 4.94865973E-01
 3.97924729E-01
 1.19859045E-01
 5.05221377E-01
 7.29227332E-01
 4.35541887E-01
 3.94006936E-02
 4.25397151E-01
 1.02568369E-01
 3.57408628E-01
 6.01120617E-01
 5.18429813E-01
 4.36512530E-02
 3.97976325E-01
 7.04928245E-01
 4.12959327E-02
 4.38571439E-01
 5.17284242E-01
 2.67621749E-01
 6.30116563E-01
 8.60396948E-01
 4.37186197E-01
 5.55985449E-01
 2.45720886E-01
 1.74393013E-01
 4.94000240E-01
 6.88959477E-01
 8.04607784E-01
 8.72976722E-01
 3.77566753E-01
 1.13379218E-01
 4.86534772E-01
 7.17170555E-01
 8.52482547E-01
 1.42647460E-02
 4.06995101E-01
 6.98414206E-01
 8.69821686E-01
 3.52971226E-01
 6.58620028E-01
 8.61518600E-01
 6.42240043E-01
 8.62751801E-01
 0.00000000E+00
 3.94496620E-01
 1.22466103E-01
 5.07155604E-01
 7.30468777E-01
 4.30425678E-01
 4.13337548E-02
 4.25571362E-01
 1.07771795E-01
 3.58000648E-01
 5.99438770E-01
 5.21936638E-01
 4.94799657E-02
 4.00858321E-01
 7.19333837E-01
 8.80318941E-01
 5.32262526E-02
 3.52267296E-01
 6.17261887E-01
 5.51122332E-01
 6.26281307E-01
 8.53042339E-01
 3.06666898E-01
 6.59194542E-01
 8.80866222E-01
 4.89554369E-01
 7.33513670E-01
 8.53042339E-01
 5.99380403E-01
 8.62282546E-01
 7.97658630E-01
 8.08475690E-01
 1.99554269E-03
 3.73024769E-01
 6.47169179E-01
 8.02157931E-01
 3.40956429E-02
 3.92114008E-01
 6.93045665E-01
 3.42181292E-01
 6.62760494E-01
 8.70886302E-01
 6.42049366E-01
 4.04264591E-02
 3.99769634E-01
 7.05826124E-01
 8.49548945E-01
 4.53397533E-02
 4.39488948E-01
 7.21582340E-01
 5.20514118E-01
 7.34803756E-01
 3.07103688E-01
 6.58827298E-01
 8.80265694E-01
 4.89427081E-01
 7.32676134E-01
 8.53042339E-01
 6.20790201E-01
 8.41123048E-01
 2.30163128E-01
 5.48950222E-01
 7.75841852E-01
 2.70848646E-01
 6.25645000E-01
 6.14920434E-01
 2.72183416E-01
 6.32321012E-01
 8.61178596E-01
 4.41858227E-01
 6.01321522E-01
 4.71276387E-01
 7.10483366E-01
 8.73583444E-01
 5.58016831E-01
 8.17597514E-01
 0.00000000E+00
 5.59833895E-01
 8.22771088E-01
 7.42486945E-01
 8.11383972E-01
 7.00927656E-01
 7.93526082E-01
 6.56680675E-01
 2.08726942E-01
 1.51722357E-01
 4.07483474E-01
 5.60648400E-01
 6.81164183E-01
 7.82722253E-01
 1.11475996E+00
 4.80039768E-01
 1.44312842E-02
 3.33091959E-01
 5.23724717E-01
 6.61878970E-01
 8.86064632E-01
 2.40155245E-01
 2.44775589E-01
 5.20800149E-01
 6.85514888E-01
 7.88563347E-01
 5.21635935E-01
 4.23865228E-02
 4.58537192E-01
 6.82566693E-01
 1.74825788E-01
 3.05443771E-01
 6.51286197E-01
 1.66579345E-01
 5.33596055E-01
 7.89959730E-01
 4.95584028E-01
 1.13132942E+00
 4.89451336E-01
 1.15731731E-02
 3.39014046E-01
 5.34578163E-01
 6.72827808E-01
 7.78051910E-01
 1.54617435E+00
 7.19684902E-01
 8.28858866E-02
 3.18820803E-01
 5.57867443E-01
 7.05463957E-01
 1.06741235E+00
 3.11758411E-01
 2.54305906E-01
 5.82872452E-01
 7.76671248E-01
 5.51426599E-01
 8.70574637E-02
 5.38848324E-01
 7.54673060E-01
 7.63919796E-02
 4.40125873E-01
 7.77387039E-01
 3.40819220E-01
 7.09303822E-01
 7.50112649E-01
 9.53513372E-01
 2.87183377E-01
 2.15710226E-01
 5.14101714E-01
 6.91181648E-01
 7.97534270E-01
 1.14715664E+00
 3.64479399E-01
 2.21853553E-01
 5.66479697E-01
 7.68907526E-01
 5.25354391E-01
 1.04740165E-01
 5.62259953E-01
 8.10565483E-01
 1.31224592E-02
 4.76544659E-01
 7.97094429E-01
 4.29272976E-01
 7.81294332E-01
 0.00000000E+00
 5.72368098E-01
 1.60804096E-02
 4.49005275E-01
 6.89809458E-01
 6.23610121E-01
 5.50144010E-02
 5.30040071E-01
 2.77650768E-02
 4.84661307E-01
 8.12570194E-01
 4.37331708E-01
 2.20851138E-01
 2.85036033E-01
 6.44938875E-01
 8.30509788E-01
 1.56293988E-01
 4.08135104E-01
 7.70374268E-01
 3.89650920E-01
 7.81216021E-01
 1.59712492E-01
 5.38644046E-01
 7.97381399E-01
 2.96625935E-01
 7.06956881E-01
 7.36712805E-01
 5.26657906E-01
 1.14086515E+00
 4.96134273E-01
 7.05548303E-03
 3.35525387E-01
 5.31735094E-01
 6.70619056E-01
 1.55757294E+00
 7.29044153E-01
 9.00781849E-02
 3.13812371E-01
 5.54221799E-01
 7.02808644E-01
 1.07613789E+00
 3.20266090E-01
 2.47115216E-01
 5.78398505E-01
 5.58722835E-01
 8.07069649E-02
 5.33992428E-01
 8.17344497E-02
 4.36006535E-01
 3.37820750E-01
 1.58178296E+00
 7.26045862E-01
 7.26646488E-02
 3.30411603E-01
 5.69754390E-01
 1.88411690E+00
 9.48945979E-01
 2.08231937E-01
 3.09452664E-01
 1.10269002E+00
 4.16361444E-01
 1.45272798E-01
 4.07002032E-01
 1.52903819E-01
 1.98061164E-01
 1.17660006E+00
 3.55369564E-01
 2.48696301E-01
 5.84177920E-01
 1.20493856E+00
 4.54135756E-01
 1.43823838E-01
 3.48299081E-01
 4.90392526E-02
 4.16256021E-01
 2.67852063E-01
 6.33402877E-01
 6.51399545E-02
 5.47550671E-01
 4.84484791E-01
 1.40553207E-01
 2.68427832E-01
 1.52832545E-01
 4.18344133E-01
 7.80917214E-01
 1.19663857E-01
 3.01093689E-01
 9.57976025E-01
 2.89362961E-01
 2.14997875E-01
 5.13236606E-01
 6.90296488E-01
 7.96745523E-01
 1.14925767E+00
 3.67946165E-01
 2.18369284E-01
 5.64361584E-01
 7.67729180E-01
 5.22984342E-01
 1.01810975E-01
 5.57504422E-01
 8.08264734E-01
 1.14975522E-02
 4.75025768E-01
 7.94634369E-01
 4.30504876E-01
 7.80580299E-01
 7.99324683E-01
 1.17205070E+00
 3.51685471E-01
 2.51596559E-01
 5.86033225E-01
 1.19767651E+00
 4.51493377E-01
 1.43955327E-01
 3.40476297E-01
 4.97642677E-02
 4.13522649E-01
 2.73060885E-01
 6.18225928E-01
 9.35666874E-02
 5.89706350E-01
 8.24406198E-01
 4.25308188E-01
 4.09021906E-02
 4.41241183E-01
 3.59336640E-01
 4.55925318E-01
 8.01837812E-01
 7.49228494E-02
 4.79693361E-01
 8.25203721E-01
 2.26253094E-01
 5.98592745E-01
 8.01837812E-01
 3.74484575E-01
 7.83849975E-01
 7.02427759E-01
 7.12713535E-01
 5.74964969E-01
 1.46175870E-02
 4.48330195E-01
 6.88820782E-01
 6.24030919E-01
 5.28710950E-02
 5.27579389E-01
 2.51956939E-02
 4.82983218E-01
 8.09592990E-01
 4.38817443E-01
 6.29558197E-01
 6.73359561E-02
 5.48737142E-01
 7.66840917E-01
 4.79246375E-01
 1.41434761E-01
 5.79611712E-01
 2.72998529E-01
 6.00213265E-01
 7.45662376E-02
 4.78982992E-01
 8.24249342E-01
 2.25826430E-01
 5.97191099E-01
 8.01837812E-01
 4.12244210E-01
 7.63466517E-01
 2.19761145E-01
 2.85620016E-01
 6.45267634E-01
 1.53122040E-01
 4.08442260E-01
 3.93631753E-01
 1.46898736E-01
 4.21193112E-01
 7.81957241E-01
 1.25973575E-01
 3.77143516E-01
 1.62008653E-01
 5.39548016E-01
 7.97446350E-01
 3.00472080E-01
 7.06527979E-01
 0.00000000E+00
 3.06191000E-01
 7.16098784E-01
 6.13730417E-01
 7.17075958E-01
 5.28374691E-01
 6.90289123E-01
 1.28142452E+00
 6.50080910E-01
 1.51174523E-01
 1.84376240E-01
 3.85416636E-01
 5.50004448E-01
 6.93285100E-01
 1.88161277E+00
 9.86794305E-01
 3.06682005E-01
 9.59902329E-02
 3.37058151E-01
 5.22006207E-01
 1.54633331E+00
 6.35004513E-01
 2.96871814E-02
 3.65397886E-01
 5.65972242E-01
 7.00105043E-01
 1.09117776E+00
 2.93788941E-01
 2.84365378E-01
 5.72243073E-01
 6.53906749E-01
 2.76451244E-02
 5.16501246E-01
 1.97465441E-01
 3.26356542E-01
 6.94341631E-01
 2.64266971E-01
 1.90677145E+00
 1.00333809E+00
 3.14119278E-01
 1.03160463E-01
 3.52621144E-01
 5.38127133E-01
 6.86532556E-01
 2.41388549E+00
 1.25069951E+00
 3.83640490E-01
 1.02170973E-01
 3.91749618E-01
 5.83037604E-01
 1.72103932E+00
 6.57391575E-01
 1.06808755E-01
 4.80530340E-01
 7.01585753E-01
 1.09403339E+00
 1.93430684E-01
 4.27474068E-01
 6.86273297E-01
 5.04900009E-01
 2.26608827E-01
 7.01367886E-01
 5.24814385E-02
 5.75147038E-01
 6.27634368E-01
 1.64553609E+00
 7.09261093E-01
 1.98224485E-02
 3.52670333E-01
 5.74074726E-01
 7.13959580E-01
 1.83837457E+00
 7.39744517E-01
 5.26835449E-02
 4.53765915E-01
 6.90039513E-01
 9.49582795E-01
 6.70641973E-02
 5.40653883E-01
 8.00578899E-01
 3.33808176E-01
 3.52147654E-01
 7.85020533E-01
 2.12955100E-01
 7.05709664E-01
 7.06307092E-01
 1.15805583E+00
 3.32449349E-01
 2.66529232E-01
 5.81221788E-01
 1.19344698E+00
 2.42747885E-01
 4.08162673E-01
 3.54324566E-01
 3.60520766E-01
 8.02472857E-01
 2.47087569E-01
 6.99814082E-01
 8.70905298E-03
 5.11030152E-01
 7.65308027E-01
 6.00674358E-01
 1.88240967E-01
 6.91522907E-01
 1.64236624E-01
 7.06448718E-01
 1.77093877E-01
 3.51791701E-01
 7.13538401E-01
 1.56151338E-02
 5.84121472E-01
 6.48950406E-01
 3.39795527E-01
 1.92149906E+00
 1.01331575E+00
 3.20660382E-01
 9.79080935E-02
 3.48173498E-01
 5.34612363E-01
 2.43113038E+00
 1.26398523E+00
 3.93384843E-01
 9.50090981E-02
 3.86196898E-01
 5.78848156E-01
 1.73401598E+00
 6.68894726E-01
 9.76308281E-02
 4.74502691E-01
 1.10590960E+00
 2.02818580E-01
 4.20830520E-01
 5.14609597E-01
 2.19741364E-01
 4.63127028E-02
 2.46761248E+00
 1.26500266E+00
 3.74574241E-01
 1.16389092E-01
 4.08462260E-01
 2.76417463E+00
 1.45232845E+00
 4.62698409E-01
 1.30717181E-01
 1.64149126E+00
 6.83295072E-01
 4.75930850E-02
 8.31299706E-01
 4.98998795E-02
 1.01911952E-01
 1.88270900E+00
 7.32074967E-01
 8.50121452E-02
 4.76395098E-01
 1.79505306E+00
 7.49893887E-01
 3.22324568E-02
 5.83425796E-01
 4.50502019E-02
 4.01268990E-01
 1.06226288E-01
 1.20593534E+00
 2.29462726E-01
 4.30863456E-01
 9.41888781E-01
 7.60233051E-02
 1.04324454E-01
 5.92373079E-01
 2.04014011E-01
 7.06485143E-01
 1.98794453E-01
 2.49379024E-02
 1.65356254E+00
 7.12838049E-01
 2.06982013E-02
 3.51255024E-01
 5.72423763E-01
 7.12445099E-01
 1.84242410E+00
 7.44059050E-01
 4.90359953E-02
 4.51164003E-01
 6.88210245E-01
 9.46142963E-01
 6.95658622E-02
 5.36097211E-01
 7.98336632E-01
 3.32547452E-01
 3.50327898E-01
 7.82533880E-01
 2.13181188E-01
 7.04330885E-01
 7.05111706E-01
 1.87668563E+00
 7.26646341E-01
 8.95990643E-02
 4.79183285E-01
 1.78451264E+00
 7.45207837E-01
 3.35531353E-02
 5.71458328E-01
 4.27042346E-02
 3.98753328E-01
 1.13718590E-01
 1.08841453E+00
 9.60938801E-02
 5.65308655E-01
 8.13396786E-01
 7.01199536E-01
 6.82531383E-02
 4.25078652E-01
 3.77233386E-01
 4.56099588E-01
 8.17456192E-01
 4.20088371E-01
 3.49451978E-01
 8.14232081E-01
 4.31470449E-02
 5.34031121E-01
 8.17456192E-01
 1.47288853E-01
 7.10527746E-01
 6.25016330E-01
 6.16951380E-01
 1.16419660E+00
 3.35655565E-01
 2.65246386E-01
 5.79526032E-01
 1.19631442E+00
 2.46300396E-01
 4.05105080E-01
 3.51766938E-01
 3.58588177E-01
 7.99429409E-01
 2.48073471E-01
 1.20160935E+00
 2.26573637E-01
 4.32803072E-01
 6.99869688E-01
 9.35047467E-01
 7.44244202E-02
 5.08369186E-01
 1.10985093E-01
 5.41495568E-01
 4.19777845E-01
 3.48561476E-01
 8.13140448E-01
 4.26275479E-02
 5.32390963E-01
 8.17456192E-01
 2.16014770E-01
 6.91155818E-01
 7.01109331E-01
 7.97186223E-03
 5.10819409E-01
 5.99076423E-01
 1.87391713E-01
 1.68249578E-01
 5.85629339E-01
 2.07339354E-01
 7.07860522E-01
 1.91163964E-01
 1.50549615E-01
 1.76209207E-01
 3.51710520E-01
 7.13025942E-01
 1.87684409E-02
 5.82501485E-01
 0.00000000E+00
 3.07060826E-02
 5.97855251E-01
 4.84973889E-01
 6.22767944E-01
 3.40807029E-01
 5.87052164E-01
 1.95979662E+00
 1.12905917E+00
 4.79772767E-01
 5.79366230E-02
 1.94875509E-01
 4.07288932E-01
 5.95954239E-01
 2.71428363E+00
 1.53648702E+00
 6.54687122E-01
 1.61519214E-01
 1.33869508E-01
 3.69547782E-01
 2.26379026E+00
 1.06328396E+00
 2.03018818E-01
 1.96613486E-01
 4.35575885E-01
 6.03349008E-01
 1.71274541E+00
 6.60462601E-01
 9.46441025E-02
 4.51690064E-01
 1.18083883E+00
 2.78413258E-01
 3.67774156E-01
 6.03505581E-01
 9.38421787E-02
 5.86244655E-01
 1.24027902E-03
 2.74770733E+00
 1.56016642E+00
 6.66769324E-01
 1.52704105E-01
 1.54815835E-01
 3.91503095E-01
 5.86868474E-01
 3.35482631E+00
 1.82551521E+00
 7.08479239E-01
 1.32748200E-01
 2.10839322E-01
 4.49332305E-01
 2.43028668E+00
 1.03093080E+00
 5.11133677E-02
 3.69993452E-01
 6.19623176E-01
 1.68677750E+00
 4.99427232E-01
 3.06687178E-01
 6.11555392E-01
 9.78383564E-01
 1.02639629E-02
 6.16783718E-01
 2.72279478E-01
 4.21155683E-01
 4.81145830E-01
 2.39506701E+00
 1.16591260E+00
 2.74272975E-01
 1.77785994E-01
 4.46783296E-01
 6.22897940E-01
 2.58685122E+00
 1.14491097E+00
 1.28826319E-01
 3.32041116E-01
 6.04142735E-01
 1.40876399E+00
 2.51061513E-01
 5.20332688E-01
 7.91189634E-01
 6.83962678E-01
 2.16916144E-01
 7.73492093E-01
 2.66755216E-02
 6.20898920E-01
 5.98090772E-01
 1.79232557E+00
 7.09869257E-01
 6.89943440E-02
 4.63401426E-01
 1.81110174E+00
 5.65344818E-01
 2.76511657E-01
 7.08849990E-01
 2.26209039E-01
 7.92907286E-01
 3.89795310E-02
 1.21808885E+00
 2.90732823E-01
 3.65663464E-01
 6.94289526E-01
 1.08224794E+00
 5.08479325E-02
 6.05410957E-01
 8.06626914E-02
 6.24171266E-01
 5.40688462E-01
 1.49299539E-01
 6.22048596E-01
 2.87975041E-01
 4.49257533E-01
 5.61188008E-01
 1.39028157E-01
 2.76910353E+00
 1.57439588E+00
 6.75930052E-01
 1.60193567E-01
 1.48365472E-01
 3.86369039E-01
 3.37974760E+00
 1.84385371E+00
 7.21424734E-01
 1.42589949E-01
 2.02926767E-01
 4.43249921E-01
 2.44905010E+00
 1.04627406E+00
 6.26582898E-02
 3.62099428E-01
 1.70490590E+00
 5.12774784E-01
 2.97852276E-01
 9.94223277E-01
 2.08565798E-02
 2.83211135E-01
 3.42723003E+00
 1.84794996E+00
 7.00473157E-01
 1.15459479E-01
 2.33032870E-01
 3.71689241E+00
 1.99539251E+00
 7.35649759E-01
 6.24592018E-02
 2.22403752E+00
 9.69246890E-01
 5.41655899E-02
 1.29473591E+00
 2.70733776E-01
 4.34797401E-01
 2.64589292E+00
 1.13815794E+00
 9.03674822E-02
 3.60214790E-01
 2.43145750E+00
 1.06670973E+00
 8.49778663E-02
 8.34615905E-01
 1.42507246E-01
 3.90049793E-01
 6.91097730E-02
 1.82464663E+00
 5.47688396E-01
 3.05182482E-01
 1.43601779E+00
 3.09691884E-01
 7.24368873E-02
 1.06676201E+00
 2.80243595E-02
 6.25548245E-01
 5.42609200E-01
 2.71895536E-01
 2.40850787E+00
 1.17192543E+00
 2.75821606E-01
 1.75412966E-01
 4.44020556E-01
 6.20385544E-01
 2.59475353E+00
 1.15104235E+00
 1.32999389E-01
 3.28646352E-01
 6.01386336E-01
 1.40535443E+00
 2.53492160E-01
 5.16075739E-01
 7.89050893E-01
 6.84295725E-01
 2.14338039E-01
 7.71010847E-01
 2.86544119E-02
 6.18380362E-01
 5.95091042E-01
 2.63889509E+00
 1.13114786E+00
 8.40633671E-02
 3.63932076E-01
 2.41792451E+00
 1.06004202E+00
 8.24089567E-02
 8.18347017E-01
 1.38416586E-01
 3.87844711E-01
 5.93422688E-02
 1.59501720E+00
 2.98970339E-01
 5.41374562E-01
 8.02612861E-01
 9.96035829E-01
 1.82320310E-01
 4.11977716E-01
 4.00781597E-01
 4.61572284E-01
 8.33074572E-01
 7.91811927E-01
 2.09474522E-01
 8.03476567E-01
 1.53251505E-01
 4.65251668E-01
 8.33074572E-01
 9.67911857E-02
 6.30734968E-01
 5.47604901E-01
 5.21189225E-01
 1.80400665E+00
 7.15974785E-01
 6.65345918E-02
 4.60618186E-01
 1.81852421E+00
 5.71405801E-01
 2.72431124E-01
 7.07573103E-01
 2.23548358E-01
 7.89828148E-01
 3.84704981E-02
 1.82070812E+00
 5.44505064E-01
 3.07773855E-01
 6.27268516E-01
 1.42826787E+00
 3.07686319E-01
 4.32297380E-01
 6.38373467E-02
 4.78916474E-01
 7.91785676E-01
 2.08306030E-01
 8.02240588E-01
 1.54011400E-01
 4.63315275E-01
 8.33074572E-01
 5.31986455E-03
 6.18845119E-01
 1.22358274E+00
 2.93846830E-01
 3.64403364E-01
 1.08410916E+00
 5.38505275E-02
 7.76849767E-02
 1.06008709E+00
 2.46545841E-02
 6.27131235E-01
 5.34363690E-01
 9.31713728E-02
 5.42575319E-01
 1.47430390E-01
 6.20578578E-01
 2.86809691E-01
 4.45755227E-01
 0.00000000E+00
 2.66123824E-01
 4.68395664E-01
 3.56217362E-01
 5.28459930E-01
 1.38539821E-01
 4.83815205E-01
 2.09727700E+00
 1.22594988E+00
 5.46188105E-01
 1.07224904E-01
 1.55864681E-01
 3.77948155E-01
 5.75905866E-01
 2.88411448E+00
 1.64833473E+00
 7.25394003E-01
 2.14457809E-01
 9.16030769E-02
 3.37576632E-01
 2.41260492E+00
 1.15197751E+00
 2.51097446E-01
 1.61052739E-01
 4.07561297E-01
 5.82257508E-01
 1.84708648E+00
 7.40424633E-01
 5.28411580E-02
 4.24585697E-01
 1.30259125E+00
 3.50807706E-01
 3.31592867E-01
 7.08186417E-01
 3.09584778E-02
 5.55222778E-01
 8.40687294E-02
 2.91612862E+00
 1.67143875E+00
 7.37155075E-01
 2.04398582E-01
 1.14344828E-01
 3.61237997E-01
 5.66188112E-01
 3.54510720E+00
 1.94140160E+00
 7.73760374E-01
 1.81066190E-01
 1.72760919E-01
 4.20714537E-01
 2.57718139E+00
 1.10814162E+00
 8.34097669E-02
 3.46365529E-01
 6.01366646E-01
 1.81714838E+00
 5.68165082E-01
 2.78782056E-01
 5.93476514E-01
 1.09213070E+00
 7.02128199E-02
 5.93667718E-01
 3.61600971E-01
 3.72546635E-01
 4.23140694E-01
 2.54312217E+00
 1.25591723E+00
 3.24291353E-01
 1.42696980E-01
 4.20673874E-01
 6.03898726E-01
 2.73629517E+00
 1.22547554E+00
 1.64477904E-01
 3.07048588E-01
 5.85694536E-01
 1.50275077E+00
 2.88389544E-01
 5.17279553E-01
 7.89370223E-01
 7.61335257E-01
 1.85453031E-01
 7.70147958E-01
 8.54159760E-02
 5.96251442E-01
 5.61453655E-01
 1.91638199E+00
 7.84133992E-01
 2.98571824E-02
 4.39507994E-01
 1.93381493E+00
 6.30272795E-01
 2.49644960E-01
 7.81365093E-01
 1.97741621E-01
 7.90802790E-01
 6.58577236E-03
 1.31780803E+00
 3.49480824E-01
 3.36397406E-01
 6.79395504E-01
 1.17635884E+00
 9.97185254E-02
 5.86398739E-01
 1.29684104E-01
 6.04389988E-01
 6.08410041E-01
 1.09779607E-01
 6.02679951E-01
 3.44672474E-01
 4.18929449E-01
 5.61188008E-01
 1.03993858E-01
 2.94132646E+00
 1.68820835E+00
 7.47944632E-01
 2.13121388E-01
 1.06899094E-01
 3.55340440E-01
 3.57491858E+00
 1.96293387E+00
 7.88677554E-01
 1.92367391E-01
 1.63698033E-01
 4.13758950E-01
 2.60025067E+00
 1.12613861E+00
 9.64138782E-02
 3.37465550E-01
 1.83965776E+00
 5.84118594E-01
 2.68634399E-01
 1.11226048E+00
 8.32461499E-02
 3.76243212E-01
 3.61803096E+00
 1.96342536E+00
 7.64753626E-01
 1.62288446E-01
 1.96730313E-01
 3.90842158E+00
 2.10409928E+00
 7.89928547E-01
 1.02685067E-01
 2.34429014E+00
 1.02838120E+00
 7.51092590E-02
 1.39874973E+00
 3.23179211E-01
 5.17948679E-01
 2.79388381E+00
 1.21629983E+00
 1.23428898E-01
 3.37221411E-01
 2.55505215E+00
 1.12761043E+00
 1.06775140E-01
 8.82890180E-01
 1.61219368E-01
 3.87603497E-01
 1.07184526E-01
 1.94277433E+00
 6.09015486E-01
 2.80805349E-01
 1.53075179E+00
 3.55943270E-01
 1.06009070E-01
 1.15499550E+00
 7.30790233E-02
 6.08555359E-01
 6.06380949E-01
 3.23977582E-01
 2.56137604E+00
 1.26479431E+00
 3.27367177E-01
 1.39206542E-01
 4.17041578E-01
 6.00731067E-01
 2.74950243E+00
 1.23467932E+00
 1.70168382E-01
 3.02617047E-01
 5.82195895E-01
 1.50289035E+00
 2.92634738E-01
 5.12421094E-01
 7.86952286E-01
 7.65102898E-01
 1.81227104E-01
 7.67248302E-01
 9.03573055E-02
 5.92457328E-01
 5.56533629E-01
 2.78830468E+00
 1.20990860E+00
 1.17242536E-01
 3.40846295E-01
 2.54264432E+00
 1.12157614E+00
 1.04478639E-01
 8.66782331E-01
 1.57419048E-01
 3.85105819E-01
 9.77065643E-02
 1.68996898E+00
 3.35838226E-01
 5.39007225E-01
 8.01154150E-01
 1.04868246E+00
 2.01743376E-01
 4.10589880E-01
 4.10465258E-01
 4.62346689E-01
 8.35714013E-01
 8.59600172E-01
 1.83596711E-01
 8.01998930E-01
 1.87205561E-01
 4.50237103E-01
 8.43501398E-01
 1.39220368E-01
 6.13825531E-01
 5.50385388E-01
 5.21189225E-01
 1.93308248E+00
 7.93232369E-01
 2.58419841E-02
 4.35724736E-01
 1.94670747E+00
 6.39420790E-01
 2.44157339E-01
 7.83612160E-01
 1.93414701E-01
 7.87327004E-01
 9.70555964E-03
 1.94109980E+00
 6.06978401E-01
 2.82994023E-01
 6.12005485E-01
 1.52500637E+00
 3.55053396E-01
 4.15579776E-01
 9.81416759E-02
 4.63032474E-01
 8.60225066E-01
 1.82107602E-01
 8.00672669E-01
 1.88455898E-01
 4.48020277E-01
 8.43501398E-01
 3.09658505E-02
 6.19679265E-01
 1.32770338E+00
 3.55190401E-01
 3.33865358E-01
 1.18282636E+00
 1.05223578E-01
 1.29355395E-01
 1.15046730E+00
 7.07979556E-02
 6.09784901E-01
 5.99905671E-01
 1.36207019E-01
 6.13545188E-01
 1.05992627E-01
 6.00304286E-01
 3.46584696E-01
 4.13785387E-01
 0.00000000E+00
 3.19790499E-01
 4.40064970E-01
 3.56217362E-01
 5.28459930E-01
 1.01604192E-01
 4.83815205E-01
 1.61081810E+00
 8.82057414E-01
 3.10107787E-01
 6.62838322E-02
 2.91835448E-01
 4.79576867E-01
 6.45163302E-01
 2.28820715E+00
 1.25424671E+00
 4.75590558E-01
 3.07249714E-02
 2.35697735E-01
 4.45267042E-01
 1.90248879E+00
 8.46939310E-01
 8.49903876E-02
 2.80337668E-01
 4.98800597E-01
 6.49481920E-01
 1.41320242E+00
 4.85396498E-01
 1.84211618E-01
 5.07235188E-01
 9.45942381E-01
 1.46035331E-01
 4.29641940E-01
 4.48180246E-01
 1.75799049E-01
 6.20089849E-01
 6.65650395E-02
 2.30990319E+00
 1.26933304E+00
 4.82188433E-01
 2.05424613E-02
 2.55577434E-01
 4.65483151E-01
 6.36894508E-01
 2.86873668E+00
 1.52710534E+00
 5.38982058E-01
 1.32435780E-02
 3.00490854E-01
 5.14353598E-01
 2.07191189E+00
 8.41281093E-01
 3.02421524E-02
 4.24137649E-01
 6.57823566E-01
 1.40632577E+00
 3.58115541E-01
 3.60457711E-01
 6.42740217E-01
 7.77607070E-01
 8.27186046E-02
 6.45613496E-01
 1.61313623E-01
 4.58824639E-01
 4.88459439E-01
 1.99958107E+00
 9.24049128E-01
 1.38904776E-01
 2.68856511E-01
 5.11506558E-01
 6.68357694E-01
 2.19495563E+00
 9.31240013E-01
 3.15447823E-02
 3.94278859E-01
 6.45863862E-01
 1.17337474E+00
 1.55366188E-01
 5.33916123E-01
 7.96220373E-01
 5.18963271E-01
 2.76613705E-01
 7.76354192E-01
 7.20804786E-02
 6.46140536E-01
 6.18373642E-01
 1.45506886E+00
 5.10017057E-01
 1.73098426E-01
 5.24070202E-01
 1.48677834E+00
 3.97618658E-01
 3.44265260E-01
 5.27364648E-01
 2.92718616E-01
 7.97291294E-01
 1.38061204E-01
 9.38903080E-01
 1.32084443E-01
 4.40925802E-01
 7.29601121E-01
 8.26136504E-01
 7.12270686E-02
 6.45962243E-01
 4.69448734E-02
 6.58925355E-01
 3.39607988E-01
 2.56960735E-01
 6.67052429E-01
 1.20392981E-01
 5.11346536E-01
 6.48874318E-01
 2.55741131E-01
 2.33382239E+00
 1.28548274E+00
 4.92705212E-01
 2.87817214E-02
 2.48738153E-01
 4.60140374E-01
 2.89787609E+00
 1.54824539E+00
 5.53620543E-01
 2.39787226E-02
 2.92162888E-01
 5.08073534E-01
 2.09547457E+00
 8.59426253E-01
 1.73240813E-02
 4.15588110E-01
 1.42887059E+00
 3.73934025E-01
 3.50503399E-01
 7.97639391E-01
 6.99452383E-02
 1.76353163E-01
 2.92356452E+00
 1.54026936E+00
 5.27389486E-01
 4.60444634E-03
 3.21480568E-01
 3.22073370E+00
 1.71048210E+00
 5.91028115E-01
 3.48788203E-02
 1.92758573E+00
 8.23492644E-01
 1.99726021E-03
 1.08031497E+00
 1.76018194E-01
 3.01422819E-01
 2.23552667E+00
 9.17469307E-01
 7.25706323E-03
 4.21823962E-01
 2.08806102E+00
 8.93131284E-01
 1.83365249E-02
 6.96447716E-01
 8.85958301E-02
 3.94732029E-01
 1.55321990E-02
 1.48810700E+00
 3.75495736E-01
 3.73117461E-01
 1.16720026E+00
 1.85640873E-01
 2.53949261E-02
 8.03698863E-01
 9.62070410E-02
 6.65822206E-01
 3.51169915E-01
 1.00016206E-01
 2.01930211E+00
 9.34648219E-01
 1.43575704E-01
 2.64702525E-01
 5.07756760E-01
 6.65274361E-01
 2.21206353E+00
 9.43275861E-01
 3.91330086E-02
 3.89054376E-01
 6.42219761E-01
 1.17890534E+00
 1.62707448E-01
 5.27495224E-01
 7.93114506E-01
 5.26230145E-01
 2.70530650E-01
 7.72590214E-01
 6.51016857E-02
 6.41595558E-01
 6.12525735E-01
 2.23301376E+00
 9.13635765E-01
 1.14669079E-02
 4.24348248E-01
 2.08046357E+00
 8.90200262E-01
 1.78758228E-02
 6.85173893E-01
 8.72649304E-02
 3.91242036E-01
 2.21505431E-02
 1.31361570E+00
 1.82285285E-01
 5.61124838E-01
 8.10331954E-01
 8.23560720E-01
 1.12235725E-01
 4.22209286E-01
 4.03552239E-01
 4.56694524E-01
 8.30781475E-01
 5.81259534E-01
 2.88471452E-01
 8.11109015E-01
 3.61093379E-02
 4.98153373E-01
 8.46592595E-01
 4.59410257E-02
 6.70054784E-01
 6.33357791E-01
 6.16951380E-01
 1.47333788E+00
 5.20499967E-01
 1.68000478E-01
 5.19938716E-01
 1.50297852E+00
 4.08787256E-01
 3.37645378E-01
 5.33530405E-01
 2.86501048E-01
 7.93047399E-01
 1.32620637E-01
 1.48929521E+00
 3.75448992E-01
 3.74010952E-01
 6.63428760E-01
 1.16535205E+00
 1.86912120E-01
 4.68387994E-01
 3.00761817E-02
 5.02661188E-01
 5.82548804E-01
 2.86772191E-01
 8.09767365E-01
 3.78769529E-02
 4.95767891E-01
 8.45388696E-01
 1.29750469E-01
 6.93658256E-01
 9.50778335E-01
 1.39072900E-01
 4.37640025E-01
 8.35640030E-01
 6.43147341E-02
 4.45273658E-02
 8.02128801E-01
 9.68924170E-02
 6.66324523E-01
 3.47841873E-01
 4.77326498E-02
 3.46505977E-01
 2.52283846E-01
 6.64370455E-01
 1.24618736E-01
 5.05790167E-01
 6.45218519E-01
 9.80450417E-02
 5.29865248E-01
 4.84973889E-01
 6.22767944E-01
 2.52195282E-01
 5.87052164E-01
 1.06732708E+00
 4.97594172E-01
 4.60320691E-02
 2.60257133E-01
 4.43755972E-01
 5.93108267E-01
 7.22554609E-01
 1.62103531E+00
 8.12429105E-01
 1.95149656E-01
 1.75357225E-01
 3.97174292E-01
 5.65934344E-01
 1.32930216E+00
 5.03256995E-01
 1.02805459E-01
 4.15021825E-01
 6.01669102E-01
 7.25275192E-01
 9.23378428E-01
 1.96536193E-01
 3.33660119E-01
 6.01377604E-01
 5.39426118E-01
 8.85323028E-02
 5.42686823E-01
 1.45508365E-01
 3.46310406E-01
 6.97646140E-01
 2.51062397E-01
 1.63310400E+00
 8.19843089E-01
 1.96811613E-01
 1.85106696E-01
 4.13441499E-01
 5.82004259E-01
 7.15990339E-01
 2.11109130E+00
 1.06176873E+00
 2.74423186E-01
 1.75632318E-01
 4.44048623E-01
 6.19605411E-01
 1.50263556E+00
 5.38808901E-01
 1.60440349E-01
 5.12981289E-01
 7.22067253E-01
 9.40507620E-01
 1.18198839E-01
 4.54972116E-01
 6.99953171E-01
 4.16508861E-01
 2.60348576E-01
 7.07172792E-01
 7.49891537E-02
 5.64727661E-01
 5.76283968E-01
 1.39350079E+00
 5.53213656E-01
 6.87793172E-02
 4.10128873E-01
 6.13156877E-01
 7.40522591E-01
 1.58866677E+00
 6.00115051E-01
 1.19231258E-01
 4.93098591E-01
 7.13882313E-01
 8.01459652E-01
 3.04536326E-03
 5.54984333E-01
 8.05092901E-01
 2.43368713E-01
 3.82129263E-01
 7.84939075E-01
 2.53512605E-01
 7.06034200E-01
 6.89611895E-01
 9.42170407E-01
 2.04534422E-01
 3.33217633E-01
 6.18753952E-01
 9.87861921E-01
 1.36620807E-01
 4.51340039E-01
 2.41971897E-01
 4.00992201E-01
 8.05797918E-01
 3.01807008E-01
 5.19232708E-01
 1.09460448E-01
 5.57580355E-01
 7.85951857E-01
 4.37257970E-01
 2.62451420E-01
 7.13558511E-01
 2.43822367E-01
 7.21716232E-01
 4.33858394E-02
 4.20145294E-01
 7.39272233E-01
 1.26781726E-01
 6.16020114E-01
 7.22541345E-01
 4.21661328E-01
 1.65425563E+00
 8.34387507E-01
 2.06429455E-01
 1.77832723E-01
 4.07603459E-01
 5.77521335E-01
 2.13768776E+00
 1.08131322E+00
 2.88055665E-01
 1.66018639E-01
 4.36907266E-01
 6.14349744E-01
 1.52508989E+00
 5.56157240E-01
 1.48096716E-01
 5.05140354E-01
 9.61433969E-01
 1.32932366E-01
 4.45660962E-01
 4.34787644E-01
 2.48762862E-01
 6.09853328E-02
 2.14776661E+00
 1.06638820E+00
 2.60769914E-01
 1.91883816E-01
 4.61312327E-01
 2.44852393E+00
 1.26613187E+00
 3.64781804E-01
 1.91042379E-01
 1.45518473E+00
 5.88120953E-01
 8.45870291E-02
 7.16857526E-01
 5.16275580E-03
 5.10364975E-02
 1.61286424E+00
 5.82779310E-01
 1.54698283E-01
 5.17185736E-01
 1.56383034E+00
 6.27250873E-01
 8.41002677E-02
 4.83701224E-01
 2.57602375E-03
 4.06635405E-01
 1.56046129E-01
 9.83386558E-01
 1.15065648E-01
 4.76897750E-01
 7.61879813E-01
 6.37712395E-03
 1.73239151E-01
 4.16087270E-01
 2.84260406E-01
 7.30325201E-01
 6.93664564E-02
 1.45010434E-01
 1.41285181E+00
 5.64471984E-01
 6.30625348E-02
 4.05729251E-01
 6.09626189E-01
 7.37782228E-01
 1.60773610E+00
 6.13921984E-01
 1.10219762E-01
 4.87433459E-01
 7.10369916E-01
 8.11215373E-01
 1.29923525E-02
 5.47052248E-01
 8.01323602E-01
 2.52961993E-01
 3.74667747E-01
 7.80337084E-01
 2.45551823E-01
 7.01154601E-01
 6.83483849E-01
 1.61291045E+00
 5.81309646E-01
 1.56937005E-01
 5.18626572E-01
 1.56071180E+00
 6.27286532E-01
 8.27411544E-02
 4.77362077E-01
 3.75993857E-03
 4.02136932E-01
 1.59802287E-01
 8.94253844E-01
 9.52628633E-03
 5.87489528E-01
 8.21429056E-01
 5.70042000E-01
 8.68915496E-03
 4.38489259E-01
 3.98708377E-01
 4.54025896E-01
 8.26455828E-01
 2.73258566E-01
 4.05775229E-01
 8.22129880E-01
 1.31841831E-01
 5.54023588E-01
 8.43798871E-01
 2.48814960E-01
 7.33473530E-01
 7.16330193E-01
 7.12713535E-01
 9.60082810E-01
 2.15271501E-01
 3.27610738E-01
 6.14650666E-01
 1.00533125E+00
 1.48704950E-01
 4.44054773E-01
 2.50839388E-01
 3.93385034E-01
 8.00820353E-01
 2.94937513E-01
 9.86602818E-01
 1.16603466E-01
 4.76618671E-01
 7.21661705E-01
 7.63247527E-01
 3.28499076E-03
 5.29878116E-01
 1.74887904E-01
 5.50195055E-01
 2.74975377E-01
 4.03974686E-01
 8.20795455E-01
 1.29711899E-01
 5.51544338E-01
 8.42474184E-01
 3.06129297E-01
 7.67637247E-01
 5.31386790E-01
 1.02192826E-01
 5.54024702E-01
 4.48049636E-01
 2.55067964E-01
 2.39620581E-01
 4.16657512E-01
 2.83756441E-01
 7.30224513E-01
 6.85398550E-02
 2.49611046E-01
 5.07845726E-02
 4.15323440E-01
 7.36634995E-01
 1.21421554E-01
 6.10679420E-01
 7.18758491E-01
 1.45376261E-01
 6.31119180E-01
 6.12861200E-01
 7.17075958E-01
 4.17696645E-01
 6.90289123E-01
 4.39114749E-01
 4.43426267E-02
 2.69664915E-01
 4.84929979E-01
 6.13885225E-01
 7.18025771E-01
 8.07723288E-01
 8.29213234E-01
 2.68793184E-01
 1.61144746E-01
 4.23647034E-01
 5.80788415E-01
 6.98993528E-01
 6.30149221E-01
 5.73371466E-02
 3.65446942E-01
 5.88628808E-01
 7.22048135E-01
 8.09226599E-01
 3.43849329E-01
 1.60653268E-01
 5.30187180E-01
 7.19800076E-01
 7.43502142E-02
 3.62351814E-01
 6.78952139E-01
 1.98087148E-01
 5.41377308E-01
 7.87282762E-01
 4.69012213E-01
 8.35717739E-01
 2.72404553E-01
 1.61140977E-01
 4.31025767E-01
 5.92360381E-01
 7.10274487E-01
 8.03110912E-01
 1.17802440E+00
 4.50845240E-01
 9.85178262E-02
 4.20276320E-01
 6.12159013E-01
 7.35964310E-01
 7.61243600E-01
 9.26499010E-02
 3.96771118E-01
 6.52577922E-01
 8.04333703E-01
 3.62684302E-01
 2.08633741E-01
 6.09525104E-01
 7.85879211E-01
 6.79417369E-03
 4.78454838E-01
 7.91355186E-01
 3.47577120E-01
 6.90403538E-01
 6.89416573E-01
 6.70116469E-01
 8.83493289E-02
 3.44506821E-01
 5.86629616E-01
 7.30630483E-01
 8.20065711E-01
 8.16963162E-01
 1.32018704E-01
 3.70472198E-01
 6.39932929E-01
 7.99092810E-01
 2.75623481E-01
 2.78470212E-01
 6.70402962E-01
 8.55425323E-01
 1.21531094E-01
 5.56562081E-01
 8.39669753E-01
 4.73547883E-01
 7.89279940E-01
 7.76295388E-01
 3.50639716E-01
 1.59644124E-01
 5.32906097E-01
 7.33451357E-01
 3.88469941E-01
 2.00890193E-01
 6.10256958E-01
 1.26186247E-01
 5.72180616E-01
 8.55701870E-01
 5.08116808E-01
 5.24249300E-02
 3.81922329E-01
 6.92088624E-01
 8.50884043E-01
 2.03904300E-03
 4.85651581E-01
 7.98547485E-01
 4.72657386E-01
 8.03112004E-01
 2.79280846E-01
 5.98764540E-01
 8.19036922E-01
 3.96307704E-01
 7.32597692E-01
 8.05685243E-01
 6.01316423E-01
 8.51742540E-01
 2.83495690E-01
 1.53769813E-01
 4.25533584E-01
 5.88017004E-01
 7.06965809E-01
 1.19848828E+00
 4.65885032E-01
 8.80475594E-02
 4.13000480E-01
 6.06845366E-01
 7.32092931E-01
 7.78890213E-01
 1.06166762E-01
 3.87241963E-01
 6.46612808E-01
 3.79060162E-01
 1.97182822E-01
 6.02342700E-01
 7.54779834E-03
 4.69445391E-01
 3.36302066E-01
 1.20123371E+00
 4.52187584E-01
 1.09404014E-01
 4.32285900E-01
 6.24447397E-01
 1.42832711E+00
 6.08634089E-01
 2.26984860E-02
 4.24851232E-01
 7.46125404E-01
 1.44085777E-01
 3.30261282E-01
 2.17102208E-01
 2.78000948E-01
 2.57148830E-01
 8.30706972E-01
 1.17622927E-01
 3.96769503E-01
 6.57518584E-01
 8.14771587E-01
 1.65665907E-01
 3.34084200E-01
 6.96450535E-02
 2.64734542E-01
 5.56095371E-01
 3.93663814E-01
 3.82688957E-01
 2.17682307E-01
 6.29135746E-01
 2.37702617E-01
 2.93937686E-01
 4.09922993E-01
 1.88551589E-02
 5.02026651E-01
 8.10778675E-01
 2.56443904E-01
 4.10466640E-01
 6.85741261E-01
 9.77115983E-02
 3.39525672E-01
 5.82974409E-01
 7.27826943E-01
 8.17944528E-01
 8.33207835E-01
 1.43726054E-01
 3.62850740E-01
 6.35261756E-01
 7.96298057E-01
 2.85140520E-01
 2.69671624E-01
 6.63740529E-01
 8.52277352E-01
 1.12677510E-01
 5.50029422E-01
 8.35772281E-01
 4.66378802E-01
 7.85088586E-01
 7.70832833E-01
 8.31806899E-01
 1.17342123E-01
 3.97858790E-01
 6.58271224E-01
 8.14003142E-01
 1.66738533E-01
 3.32428415E-01
 6.63887393E-02
 2.62961623E-01
 5.52261052E-01
 3.95530766E-01
 3.33175217E-01
 2.79154263E-01
 6.96527913E-01
 8.68439102E-01
 1.24469930E-01
 2.64934965E-01
 5.81726883E-01
 5.48441221E-01
 5.88109521E-01
 8.67501600E-01
 1.09705303E-01
 5.78853030E-01
 8.68930403E-01
 3.84257680E-01
 6.76171836E-01
 8.81602877E-01
 4.79535144E-01
 8.12854431E-01
 8.03808638E-01
 8.08475690E-01
 3.65248741E-01
 1.50749196E-01
 5.28148875E-01
 7.30119708E-01
 4.03376666E-01
 1.90714624E-01
 6.04183133E-01
 1.17758532E-01
 5.65537155E-01
 8.51563017E-01
 5.01739512E-01
 3.86234212E-01
 2.15786132E-01
 6.28481492E-01
 8.02970133E-01
 2.40182849E-01
 2.90760789E-01
 6.59189000E-01
 4.10037775E-01
 6.70486757E-01
 1.08126782E-01
 5.77379706E-01
 8.67895462E-01
 3.82404091E-01
 6.74180290E-01
 8.80521702E-01
 5.17000840E-01
 8.44459633E-01
 6.27223621E-02
 3.75737017E-01
 6.89020124E-01
 7.62171417E-03
 4.79306160E-01
 4.68247287E-01
 1.73098612E-02
 5.01045831E-01
 8.10438801E-01
 2.55901751E-01
 4.79711108E-01
 2.72782725E-01
 5.94625411E-01
 8.16837193E-01
 3.91165028E-01
 7.28195698E-01
 8.02388918E-01
 4.09920186E-01
 7.43467723E-01
 7.29598062E-01
 8.11383972E-01
 5.97753185E-01
 7.93526082E-01
 2.54016654E-01
 4.58645050E-01
 6.21411239E-01
 7.32994989E-01
 7.99839517E-01
 8.53822166E-01
 9.00319439E-01
 5.15514912E-02
 3.42091738E-01
 5.64999409E-01
 7.01101847E-01
 7.82577844E-01
 8.43869935E-01
 1.54283541E-01
 4.51375089E-01
 6.70691729E-01
 7.86474266E-01
 8.55696238E-01
 9.00933021E-01
 3.02022292E-01
 5.63908589E-01
 7.55811298E-01
 8.54301374E-01
 4.40744582E-01
 6.67824931E-01
 8.32610303E-01
 5.80621558E-01
 7.59722099E-01
 8.88307732E-01
 7.19218670E-01
 4.86481798E-02
 3.40529905E-01
 5.65192037E-01
 7.05052922E-01
 7.88662874E-01
 8.49775891E-01
 8.97897965E-01
 1.29355190E-01
 2.47565216E-01
 5.32377763E-01
 6.99211601E-01
 7.98715922E-01
 8.62927605E-01
 8.57997267E-02
 4.32619520E-01
 6.86618671E-01
 8.19416803E-01
 8.98233945E-01
 2.91252660E-01
 5.88048135E-01
 7.96526399E-01
 8.88283815E-01
 4.81337982E-01
 7.27078182E-01
 8.90517439E-01
 6.56166425E-01
 8.35657211E-01
 8.30156137E-01
 1.34738310E-01
 4.36037653E-01
 6.60263795E-01
 7.85702308E-01
 8.60316207E-01
 9.06664101E-01
 5.79075458E-02
 4.12819202E-01
 6.73312347E-01
 8.13045251E-01
 8.95617205E-01
 3.37576818E-01
 6.24997254E-01
 8.28518745E-01
 9.24682098E-01
 5.42451019E-01
 7.68564516E-01
 9.16080516E-01
 7.24026093E-01
 8.88718343E-01
 8.79464862E-01
 3.00561967E-01
 5.64655684E-01
 7.57917579E-01
 8.61782663E-01
 2.80238173E-01
 5.85428129E-01
 7.97602895E-01
 5.46132133E-01
 7.77366063E-01
 9.24694856E-01
 7.43463427E-01
 4.55353391E-01
 6.79905181E-01
 8.40387156E-01
 9.22604202E-01
 4.82955614E-01
 7.33056217E-01
 8.95158651E-01
 7.26152616E-01
 8.97060432E-01
 6.27405292E-01
 7.92242547E-01
 9.06045713E-01
 6.87591181E-01
 8.60715571E-01
 8.98208709E-01
 7.94251301E-01
 3.97537573E-02
 3.34368119E-01
 5.61095808E-01
 7.02016594E-01
 7.86273563E-01
 8.47961080E-01
 1.40799468E-01
 2.39201215E-01
 5.26589982E-01
 6.95203129E-01
 7.95799083E-01
 8.60807335E-01
 7.58236012E-02
 4.25082218E-01
 6.81374901E-01
 8.16143487E-01
 2.81947104E-01
 5.81615697E-01
 7.92544089E-01
 4.73096370E-01
 7.21953138E-01
 6.49513861E-01
 1.40913620E-01
 2.47178019E-01
 5.38210249E-01
 7.05557761E-01
 8.05166633E-01
 2.59740583E-01
 1.65153919E-01
 4.92562691E-01
 7.01204723E-01
 9.26538692E-02
 4.04979422E-01
 6.51309080E-01
 3.65528227E-01
 6.22840357E-01
 6.10106928E-01
 5.16323796E-02
 4.20818071E-01
 6.87251925E-01
 8.22344876E-01
 5.88471870E-02
 3.94995478E-01
 6.54027348E-01
 4.44104401E-01
 6.17148560E-01
 7.68197384E-01
 6.83523202E-01
 2.84230369E-01
 5.94727980E-01
 8.07696264E-01
 3.58505587E-01
 6.33414249E-01
 6.93417341E-01
 4.92643457E-01
 7.42084447E-01
 9.01731824E-01
 6.15080618E-01
 6.95689896E-01
 1.25673529E-01
 4.30548918E-01
 6.57294681E-01
 7.83560004E-01
 8.58698944E-01
 9.05452919E-01
 4.82388584E-02
 4.05955882E-01
 6.68908766E-01
 8.10358405E-01
 8.94016449E-01
 3.31572093E-01
 6.19803918E-01
 8.24759021E-01
 9.22910101E-01
 5.36905526E-01
 7.64660342E-01
 9.13853652E-01
 7.19487095E-01
 8.86169116E-01
 8.75936939E-01
 5.06223167E-02
 4.20691476E-01
 6.87667951E-01
 8.22649637E-01
 5.87199462E-02
 3.94091747E-01
 6.52963362E-01
 4.45408666E-01
 6.15944518E-01
 7.66018112E-01
 6.84200470E-01
 3.09611630E-01
 6.26434657E-01
 8.42581565E-01
 9.31668729E-01
 4.16929134E-01
 6.18175225E-01
 7.82124966E-01
 7.65245169E-01
 7.84391452E-01
 9.30008525E-01
 5.39483277E-01
 7.81806471E-01
 9.31909866E-01
 6.81120021E-01
 8.31191590E-01
 9.37909355E-01
 7.31270908E-01
 9.02755176E-01
 8.97643736E-01
 9.04237845E-01
 2.91966285E-01
 5.59398952E-01
 7.55087009E-01
 8.59843424E-01
 2.71247478E-01
 5.79402511E-01
 7.94074468E-01
 5.40767148E-01
 7.73400186E-01
 9.22354777E-01
 7.39390080E-01
 2.81804773E-01
 5.93404847E-01
 8.07192231E-01
 8.97615304E-01
 3.56572146E-01
 6.31377713E-01
 8.22368939E-01
 6.93074934E-01
 8.27381633E-01
 5.38499115E-01
 7.80960571E-01
 9.31345815E-01
 6.80012699E-01
 8.30070003E-01
 9.37300843E-01
 7.50538687E-01
 9.22229816E-01
 4.49087304E-01
 6.76140750E-01
 8.38511553E-01
 4.76870399E-01
 7.29180661E-01
 7.23124923E-01
 4.91283239E-01
 7.41280426E-01
 9.01440304E-01
 6.14262494E-01
 7.31183641E-01
 6.23335956E-01
 7.89688542E-01
 9.04713906E-01
 6.84183636E-01
 8.58065529E-01
 8.96132332E-01
 6.94999114E-01
 8.66549264E-01
 8.58721026E-01
 9.05029865E-01
 7.91986585E-01
 8.95239617E-01
