 9.91688078E-01
 9.84710309E-01
 9.80780415E-01
 9.85708268E-01
 9.93704548E-01
 1.00000000E+00
 1.00000000E+00
 9.84647818E-01
 9.72329433E-01
 9.65384917E-01
 9.72587287E-01
 9.86439972E-01
 1.00000000E+00
 9.81109613E-01
 9.65988019E-01
 9.56526849E-01
 9.61409867E-01
 9.74657054E-01
 0.00000000E+00
 9.87301337E-01
 9.75756586E-01
 9.65385601E-01
 9.59381409E-01
 9.95152670E-01
 9.89730707E-01
 9.80787844E-01
 1.00000000E+00
 1.00000000E+00
 0.00000000E+00
 1.00000000E+00
 9.85423382E-01
 9.73628966E-01
 9.66899897E-01
 9.73881275E-01
 9.87129626E-01
 1.00000000E+00
 0.00000000E+00
 9.73778767E-01
 9.54004183E-01
 9.42846845E-01
 9.49506709E-01
 9.67011369E-01
 0.00000000E+00
 9.68352098E-01
 9.44660206E-01
 9.28611791E-01
 9.16783715E-01
 0.00000000E+00
 9.78538174E-01
 9.58439395E-01
 9.29957140E-01
 0.00000000E+00
 9.91594500E-01
 9.79191697E-01
 0.00000000E+00
 1.00000000E+00
 0.00000000E+00
 0.00000000E+00
 9.83145801E-01
 9.69447112E-01
 9.60680173E-01
 9.65397388E-01
 9.77490552E-01
 0.00000000E+00
 9.70167419E-01
 9.47607421E-01
 9.32007118E-01
 9.21187345E-01
 0.00000000E+00
 9.64241922E-01
 9.36121005E-01
 9.03627352E-01
 0.00000000E+00
 9.75053424E-01
 9.43295151E-01
 0.00000000E+00
 9.89265201E-01
 0.00000000E+00
 0.00000000E+00
 9.89601867E-01
 9.80133007E-01
 9.71641146E-01
 9.67291441E-01
 9.81356992E-01
 9.64003011E-01
 9.39553824E-01
 9.76987085E-01
 9.48198724E-01
 0.00000000E+00
 9.82389804E-01
 9.96380595E-01
 9.92405285E-01
 9.86000214E-01
 0.00000000E+00
 9.93314732E-01
 9.83791054E-01
 0.00000000E+00
 9.90967142E-01
 0.00000000E+00
 1.00000000E+00
 1.00000000E+00
 0.00000000E+00
 1.00000000E+00
 0.00000000E+00
 0.00000000E+00
 1.00000000E+00
 9.85334744E-01
 9.73478682E-01
 9.66722430E-01
 9.73730145E-01
 9.87049368E-01
 1.00000000E+00
 9.73606698E-01
 9.53737517E-01
 9.42565157E-01
 9.49232376E-01
 9.66813968E-01
 0.00000000E+00
 9.68134138E-01
 9.44343832E-01
 9.28315407E-01
 9.16384689E-01
 9.78380777E-01
 9.58177659E-01
 9.29609558E-01
 9.91531791E-01
 9.79049455E-01
 1.00000000E+00
 9.74783241E-01
 9.55489218E-01
 9.44309369E-01
 9.50969436E-01
 9.68089699E-01
 9.56137340E-01
 9.26436416E-01
 9.10133219E-01
 8.95771700E-01
 9.48231932E-01
 9.13793856E-01
 8.84296607E-01
 9.63867829E-01
 9.23410165E-01
 9.84443005E-01
 9.71158821E-01
 9.48898720E-01
 9.32941825E-01
 9.22615150E-01
 9.50815713E-01
 9.17211011E-01
 8.86406884E-01
 9.41993494E-01
 8.95388622E-01
 0.00000000E+00
 9.55579968E-01
 9.81943881E-01
 9.64861545E-01
 9.40442257E-01
 9.68279426E-01
 9.32932813E-01
 9.59042634E-01
 9.93519478E-01
 9.84210890E-01
 0.00000000E+00
 9.87563385E-01
 1.00000000E+00
 9.82999035E-01
 9.69206125E-01
 9.60401719E-01
 9.65122597E-01
 9.77290207E-01
 0.00000000E+00
 9.69900466E-01
 9.47227659E-01
 9.31664606E-01
 9.20698155E-01
 0.00000000E+00
 9.63919447E-01
 9.35713970E-01
 9.03428073E-01
 0.00000000E+00
 9.74810799E-01
 9.42846481E-01
 0.00000000E+00
 9.89150120E-01
 0.00000000E+00
 0.00000000E+00
 9.71064230E-01
 9.48757172E-01
 9.32798826E-01
 9.22408461E-01
 9.50659659E-01
 9.17050687E-01
 8.86459983E-01
 9.41817150E-01
 8.95300432E-01
 0.00000000E+00
 9.55416764E-01
 9.66917996E-01
 9.39783331E-01
 9.06469697E-01
 0.00000000E+00
 9.44352897E-01
 8.98052264E-01
 0.00000000E+00
 9.31184696E-01
 0.00000000E+00
 0.00000000E+00
 9.78640613E-01
 9.51309767E-01
 0.00000000E+00
 9.60743534E-01
 0.00000000E+00
 0.00000000E+00
 9.91639744E-01
 0.00000000E+00
 0.00000000E+00
 0.00000000E+00
 9.89481781E-01
 9.79910863E-01
 9.71330594E-01
 9.66880058E-01
 9.81134327E-01
 9.63607558E-01
 9.38956616E-01
 9.76703414E-01
 9.47610970E-01
 0.00000000E+00
 9.82139255E-01
 9.81817752E-01
 9.64612589E-01
 9.40006271E-01
 0.00000000E+00
 9.68047857E-01
 9.32442720E-01
 0.00000000E+00
 9.58711359E-01
 0.00000000E+00
 9.78555143E-01
 9.51073790E-01
 0.00000000E+00
 9.60559622E-01
 0.00000000E+00
 0.00000000E+00
 9.84894669E-01
 0.00000000E+00
 9.96330972E-01
 9.92297595E-01
 9.85786616E-01
 9.93218010E-01
 9.83540166E-01
 9.90820152E-01
 9.93453978E-01
 9.84025358E-01
 0.00000000E+00
 9.87419558E-01
 9.91573177E-01
 1.00000000E+00
 1.00000000E+00
 0.00000000E+00
 1.00000000E+00
 0.00000000E+00
 0.00000000E+00
 1.00000000E+00
 0.00000000E+00
 0.00000000E+00
 0.00000000E+00
 1.00000000E+00
 0.00000000E+00
 9.82247311E-01
 9.67336670E-01
 9.58930851E-01
 9.69452280E-01
 9.86539597E-01
 1.00000000E+00
 1.00000000E+00
 9.67147191E-01
 9.40756639E-01
 9.25846164E-01
 9.41237839E-01
 9.70911421E-01
 1.00000000E+00
 9.59436391E-01
 9.26889250E-01
 9.06439716E-01
 9.16833416E-01
 9.45294402E-01
 0.00000000E+00
 9.72568964E-01
 9.47519023E-01
 9.24878872E-01
 9.11579580E-01
 9.89423290E-01
 9.77493012E-01
 9.57653723E-01
 1.00000000E+00
 1.00000000E+00
 0.00000000E+00
 1.00000000E+00
 9.68846796E-01
 9.43612140E-01
 9.29184397E-01
 9.44085556E-01
 9.72427725E-01
 1.00000000E+00
 0.00000000E+00
 9.43804712E-01
 9.01328972E-01
 8.77255263E-01
 8.91414764E-01
 9.28947686E-01
 0.00000000E+00
 9.31864525E-01
 8.80627390E-01
 8.45649800E-01
 8.19557663E-01
 0.00000000E+00
 9.53451568E-01
 9.09499618E-01
 8.46671675E-01
 0.00000000E+00
 9.81549166E-01
 9.53881587E-01
 0.00000000E+00
 1.00000000E+00
 0.00000000E+00
 0.00000000E+00
 9.63952651E-01
 9.34594405E-01
 9.15736630E-01
 9.25751765E-01
 9.51627427E-01
 0.00000000E+00
 9.35966807E-01
 8.87342378E-01
 8.53475711E-01
 8.29687296E-01
 0.00000000E+00
 9.22808988E-01
 8.61594815E-01
 7.90135796E-01
 0.00000000E+00
 9.45643135E-01
 8.75315079E-01
 0.00000000E+00
 9.76187574E-01
 0.00000000E+00
 0.00000000E+00
 9.77740201E-01
 9.57398112E-01
 9.39060240E-01
 9.29521939E-01
 9.59908867E-01
 9.22319713E-01
 8.68917215E-01
 9.50138008E-01
 8.86778116E-01
 0.00000000E+00
 9.61263666E-01
 9.92241124E-01
 9.83664891E-01
 9.69742508E-01
 0.00000000E+00
 9.85579530E-01
 9.64738671E-01
 0.00000000E+00
 9.80259374E-01
 0.00000000E+00
 1.00000000E+00
 1.00000000E+00
 0.00000000E+00
 1.00000000E+00
 0.00000000E+00
 0.00000000E+00
 1.00000000E+00
 9.68640540E-01
 9.43259411E-01
 9.28764219E-01
 9.43728930E-01
 9.72238877E-01
 1.00000000E+00
 9.43395176E-01
 9.00682718E-01
 8.76554642E-01
 8.90737272E-01
 9.28463070E-01
 0.00000000E+00
 9.31329851E-01
 8.79825547E-01
 8.44848519E-01
 8.18498205E-01
 9.53052381E-01
 9.08812084E-01
 8.45703920E-01
 9.81382988E-01
 9.53491465E-01
 1.00000000E+00
 9.46048006E-01
 9.04679420E-01
 8.80608293E-01
 8.94751782E-01
 9.31397118E-01
 9.05805998E-01
 8.41737721E-01
 8.06233535E-01
 7.74639728E-01
 8.88174068E-01
 8.13088674E-01
 7.47857471E-01
 9.21202850E-01
 8.31437996E-01
 9.65453409E-01
 9.38241634E-01
 8.90389783E-01
 8.55857662E-01
 8.33206480E-01
 8.94190257E-01
 8.21271557E-01
 7.53559535E-01
 8.74252029E-01
 7.71224392E-01
 0.00000000E+00
 9.02223838E-01
 9.61284716E-01
 9.24404540E-01
 8.71247529E-01
 9.31554990E-01
 8.54050018E-01
 9.10450118E-01
 9.86068941E-01
 9.65774670E-01
 0.00000000E+00
 9.72952367E-01
 1.00000000E+00
 9.63606161E-01
 9.34017553E-01
 9.15058939E-01
 9.25088728E-01
 9.51147508E-01
 0.00000000E+00
 9.35317726E-01
 8.86386864E-01
 8.52550638E-01
 8.28406230E-01
 0.00000000E+00
 9.21994906E-01
 8.60492073E-01
 7.89356309E-01
 0.00000000E+00
 9.45010424E-01
 8.74077464E-01
 0.00000000E+00
 9.75876305E-01
 0.00000000E+00
 0.00000000E+00
 9.38016159E-01
 8.90043936E-01
 8.55492866E-01
 8.32692845E-01
 8.93802995E-01
 8.20834298E-01
 7.53545264E-01
 8.73791477E-01
 7.70881336E-01
 0.00000000E+00
 9.01787386E-01
 9.29046487E-01
 8.70413299E-01
 7.97742775E-01
 0.00000000E+00
 8.79881120E-01
 7.78052616E-01
 0.00000000E+00
 8.49463028E-01
 0.00000000E+00
 0.00000000E+00
 9.54073117E-01
 8.94429369E-01
 0.00000000E+00
 9.14594025E-01
 0.00000000E+00
 0.00000000E+00
 9.81891407E-01
 0.00000000E+00
 0.00000000E+00
 0.00000000E+00
 9.77457501E-01
 9.56870904E-01
 9.38317752E-01
 9.28546523E-01
 9.59369976E-01
 9.21344609E-01
 8.67410386E-01
 9.49428453E-01
 8.85265985E-01
 0.00000000E+00
 9.60619216E-01
 9.60989094E-01
 9.23817380E-01
 8.70214850E-01
 0.00000000E+00
 9.30996953E-01
 8.52851669E-01
 0.00000000E+00
 9.09625715E-01
 0.00000000E+00
 9.53875988E-01
 8.93885120E-01
 0.00000000E+00
 9.14159949E-01
 0.00000000E+00
 0.00000000E+00
 9.67272715E-01
 0.00000000E+00
 9.92124390E-01
 9.83410414E-01
 9.69237401E-01
 9.85345823E-01
 9.64127934E-01
 9.79893307E-01
 9.85915826E-01
 9.65340352E-01
 0.00000000E+00
 9.72606929E-01
 9.81736840E-01
 1.00000000E+00
 1.00000000E+00
 0.00000000E+00
 1.00000000E+00
 0.00000000E+00
 0.00000000E+00
 1.00000000E+00
 0.00000000E+00
 0.00000000E+00
 0.00000000E+00
 1.00000000E+00
 0.00000000E+00
 9.71738069E-01
 9.47991533E-01
 9.34594621E-01
 9.51340225E-01
 9.78553646E-01
 1.00000000E+00
 1.00000000E+00
 9.47615397E-01
 9.05497510E-01
 8.81660187E-01
 9.06175928E-01
 9.53528738E-01
 1.00000000E+00
 9.35134008E-01
 8.82989334E-01
 8.50117740E-01
 8.66621516E-01
 9.12154338E-01
 0.00000000E+00
 9.55910478E-01
 9.15501871E-01
 8.78802329E-01
 8.56998637E-01
 9.82847429E-01
 9.63364551E-01
 9.30751253E-01
 1.00000000E+00
 1.00000000E+00
 0.00000000E+00
 1.00000000E+00
 9.50374863E-01
 9.10141705E-01
 8.87099768E-01
 9.10811663E-01
 9.55994764E-01
 1.00000000E+00
 0.00000000E+00
 9.10269614E-01
 8.42319387E-01
 8.03666630E-01
 8.26129086E-01
 8.86085497E-01
 0.00000000E+00
 8.90764570E-01
 8.08312574E-01
 7.51667694E-01
 7.09008334E-01
 0.00000000E+00
 9.24869143E-01
 8.53437104E-01
 7.50604811E-01
 0.00000000E+00
 9.69878470E-01
 9.24092655E-01
 0.00000000E+00
 1.00000000E+00
 0.00000000E+00
 0.00000000E+00
 9.42539643E-01
 8.95662699E-01
 8.65461808E-01
 8.81330309E-01
 9.22592346E-01
 0.00000000E+00
 8.97603559E-01
 8.19577589E-01
 7.64911310E-01
 7.26125522E-01
 0.00000000E+00
 8.75916530E-01
 7.76821286E-01
 6.60178292E-01
 0.00000000E+00
 9.11851872E-01
 7.96243734E-01
 0.00000000E+00
 9.60717679E-01
 0.00000000E+00
 0.00000000E+00
 9.64487185E-01
 9.31938080E-01
 9.02470959E-01
 8.86956048E-01
 9.35774730E-01
 8.75191764E-01
 7.88535560E-01
 9.19561153E-01
 8.15999324E-01
 0.00000000E+00
 9.36617880E-01
 9.87606239E-01
 9.73833591E-01
 9.51338822E-01
 0.00000000E+00
 9.76833283E-01
 9.42947360E-01
 0.00000000E+00
 9.67901540E-01
 0.00000000E+00
 1.00000000E+00
 1.00000000E+00
 0.00000000E+00
 1.00000000E+00
 0.00000000E+00
 0.00000000E+00
 1.00000000E+00
 9.50021361E-01
 9.09533106E-01
 8.86369408E-01
 9.10193546E-01
 9.55668217E-01
 1.00000000E+00
 9.09554505E-01
 8.41175181E-01
 8.02402482E-01
 8.24911674E-01
 8.85218595E-01
 0.00000000E+00
 8.89807401E-01
 8.06842108E-01
 7.50132572E-01
 7.06998839E-01
 9.24133661E-01
 8.52137539E-01
 7.48700349E-01
 9.69559802E-01
 9.23324644E-01
 1.00000000E+00
 9.13970948E-01
 8.47889671E-01
 8.09307054E-01
 8.31721710E-01
 8.90177211E-01
 8.49302577E-01
 7.46417305E-01
 6.88956286E-01
 6.37412503E-01
 8.20125673E-01
 6.98400587E-01
 5.91430367E-01
 8.72108056E-01
 7.24289453E-01
 9.42945496E-01
 9.01447078E-01
 8.24837337E-01
 7.69248717E-01
 7.32392851E-01
 8.30432001E-01
 7.12726236E-01
 6.02277799E-01
 7.97034956E-01
 6.28004685E-01
 0.00000000E+00
 8.39901223E-01
 9.38144538E-01
 8.78880280E-01
 7.92887697E-01
 8.90007374E-01
 7.63774159E-01
 8.54324635E-01
 9.77691229E-01
 9.44808912E-01
 0.00000000E+00
 9.56224928E-01
 1.00000000E+00
 9.41937903E-01
 8.94650131E-01
 8.64256782E-01
 8.80158303E-01
 9.21748962E-01
 0.00000000E+00
 8.96448324E-01
 8.17832762E-01
 7.63138015E-01
 7.23716000E-01
 0.00000000E+00
 8.74421466E-01
 7.74692646E-01
 6.58364105E-01
 0.00000000E+00
 9.10654850E-01
 7.93804718E-01
 0.00000000E+00
 9.60106767E-01
 0.00000000E+00
 0.00000000E+00
 9.01052197E-01
 8.24219935E-01
 7.68576479E-01
 7.31463528E-01
 8.29730692E-01
 7.11880247E-01
 6.02049941E-01
 7.96165083E-01
 6.27202082E-01
 0.00000000E+00
 8.39056076E-01
 8.86606368E-01
 7.92315041E-01
 6.74550305E-01
 0.00000000E+00
 8.06892869E-01
 6.40624062E-01
 0.00000000E+00
 7.54985665E-01
 0.00000000E+00
 0.00000000E+00
 9.26437118E-01
 8.29716932E-01
 0.00000000E+00
 8.61728117E-01
 0.00000000E+00
 0.00000000E+00
 9.70805879E-01
 0.00000000E+00
 0.00000000E+00
 0.00000000E+00
 9.63996780E-01
 9.31017518E-01
 9.01166869E-01
 8.85253025E-01
 9.34817097E-01
 8.73433231E-01
 7.85769111E-01
 9.18262649E-01
 8.13170251E-01
 0.00000000E+00
 9.35405348E-01
 9.37633274E-01
 8.77859555E-01
 7.91085658E-01
 0.00000000E+00
 8.89017754E-01
 7.61623415E-01
 0.00000000E+00
 8.52818424E-01
 0.00000000E+00
 9.26100569E-01
 8.28787973E-01
 0.00000000E+00
 8.60970722E-01
 0.00000000E+00
 0.00000000E+00
 9.47224593E-01
 0.00000000E+00
 9.87403695E-01
 9.73390396E-01
 9.50458369E-01
 9.76417847E-01
 9.41854894E-01
 9.67232223E-01
 9.77426827E-01
 9.44058085E-01
 0.00000000E+00
 9.55613300E-01
 9.70540422E-01
 1.00000000E+00
 1.00000000E+00
 0.00000000E+00
 1.00000000E+00
 0.00000000E+00
 0.00000000E+00
 1.00000000E+00
 0.00000000E+00
 0.00000000E+00
 0.00000000E+00
 1.00000000E+00
 0.00000000E+00
 9.60219217E-01
 9.26784487E-01
 9.07911280E-01
 9.31477354E-01
 9.69793763E-01
 1.00000000E+00
 1.00000000E+00
 9.26167429E-01
 8.66763437E-01
 8.33097277E-01
 8.67621547E-01
 9.34403411E-01
 1.00000000E+00
 9.08355901E-01
 8.34574152E-01
 7.87938731E-01
 8.11124241E-01
 8.75477562E-01
 0.00000000E+00
 9.37439158E-01
 8.79932608E-01
 8.27500581E-01
 7.96071172E-01
 9.75470090E-01
 9.47447349E-01
 9.00288464E-01
 1.00000000E+00
 1.00000000E+00
 0.00000000E+00
 1.00000000E+00
 9.30109897E-01
 8.73406192E-01
 8.40886784E-01
 8.74253290E-01
 9.37928598E-01
 1.00000000E+00
 0.00000000E+00
 8.73364151E-01
 7.77318784E-01
 7.22521589E-01
 7.54052132E-01
 8.38698707E-01
 0.00000000E+00
 8.45288838E-01
 7.28144767E-01
 6.47246802E-01
 5.85853444E-01
 0.00000000E+00
 8.92942331E-01
 7.90559848E-01
 6.42314868E-01
 0.00000000E+00
 9.56617408E-01
 8.89909870E-01
 0.00000000E+00
 1.00000000E+00
 0.00000000E+00
 0.00000000E+00
 9.19023742E-01
 8.52869519E-01
 8.10143542E-01
 8.32394440E-01
 8.90562406E-01
 0.00000000E+00
 8.55285688E-01
 7.44690502E-01
 6.66827222E-01
 6.11131993E-01
 0.00000000E+00
 8.23798121E-01
 6.82237149E-01
 5.14469247E-01
 0.00000000E+00
 8.73793073E-01
 7.06350140E-01
 0.00000000E+00
 9.42827738E-01
 0.00000000E+00
 0.00000000E+00
 9.49914156E-01
 9.03893814E-01
 8.62084347E-01
 8.39852367E-01
 9.09077010E-01
 8.22868292E-01
 6.98865529E-01
 8.85379412E-01
 7.36162943E-01
 0.00000000E+00
 9.08471551E-01
 9.82500437E-01
 9.62965847E-01
 9.30899343E-01
 0.00000000E+00
 9.67116663E-01
 9.18527167E-01
 0.00000000E+00
 9.53926261E-01
 0.00000000E+00
 1.00000000E+00
 1.00000000E+00
 0.00000000E+00
 1.00000000E+00
 0.00000000E+00
 0.00000000E+00
 1.00000000E+00
 9.29579537E-01
 8.72488078E-01
 8.39778674E-01
 8.73317408E-01
 9.37434935E-01
 1.00000000E+00
 8.72274411E-01
 7.75555655E-01
 7.20544358E-01
 7.52154876E-01
 8.37351808E-01
 0.00000000E+00
 8.43799326E-01
 7.25814689E-01
 6.44734158E-01
 5.82588360E-01
 8.91769004E-01
 7.88445318E-01
 6.39125346E-01
 9.56090180E-01
 8.88613218E-01
 1.00000000E+00
 8.78726309E-01
 7.85434541E-01
 7.30811037E-01
 7.62247437E-01
 8.44679296E-01
 7.86929347E-01
 6.40998600E-01
 5.58968886E-01
 4.84912147E-01
 7.44415413E-01
 5.70301908E-01
 4.15844662E-01
 8.16733419E-01
 6.02290471E-01
 9.16864627E-01
 8.60972090E-01
 7.52602410E-01
 6.73609814E-01
 6.20783014E-01
 7.59859558E-01
 5.92139490E-01
 4.33403826E-01
 7.10640127E-01
 4.66310405E-01
 0.00000000E+00
 7.68639541E-01
 9.12644917E-01
 8.28539270E-01
 7.05828457E-01
 8.43826395E-01
 6.62552217E-01
 7.90804150E-01
 9.68429416E-01
 9.21432316E-01
 0.00000000E+00
 9.37446014E-01
 1.00000000E+00
 9.18109804E-01
 8.51317801E-01
 8.08278344E-01
 8.30588804E-01
 8.89268621E-01
 0.00000000E+00
 8.53494092E-01
 7.41930794E-01
 6.63919541E-01
 6.07233951E-01
 0.00000000E+00
 8.21416786E-01
 6.78719901E-01
 5.11105318E-01
 0.00000000E+00
 8.71834025E-01
 7.02232368E-01
 0.00000000E+00
 9.41790704E-01
 0.00000000E+00
 0.00000000E+00
 8.60367789E-01
 7.51643072E-01
 6.72539648E-01
 6.19322982E-01
 7.58755296E-01
 5.90740694E-01
 4.32794810E-01
 7.09220531E-01
 4.64809210E-01
 0.00000000E+00
 7.67224783E-01
 8.39818337E-01
 7.05913600E-01
 5.37615871E-01
 0.00000000E+00
 7.25713577E-01
 4.86429158E-01
 0.00000000E+00
 6.47964076E-01
 0.00000000E+00
 0.00000000E+00
 8.95873331E-01
 7.57534880E-01
 0.00000000E+00
 8.02344958E-01
 0.00000000E+00
 0.00000000E+00
 9.58436772E-01
 0.00000000E+00
 0.00000000E+00
 0.00000000E+00
 9.49169178E-01
 9.02487999E-01
 8.60082376E-01
 8.37250844E-01
 9.07590966E-01
 8.20106691E-01
 6.94457194E-01
 8.83310326E-01
 7.31573938E-01
 0.00000000E+00
 9.06485792E-01
 9.11869811E-01
 8.26985037E-01
 7.03075861E-01
 0.00000000E+00
 8.42291301E-01
 6.59182270E-01
 0.00000000E+00
 7.88401507E-01
 0.00000000E+00
 8.95368384E-01
 7.56141538E-01
 0.00000000E+00
 8.01184799E-01
 0.00000000E+00
 0.00000000E+00
 9.24845879E-01
 0.00000000E+00
 9.82192463E-01
 9.62289816E-01
 9.29555226E-01
 9.66470863E-01
 9.16819714E-01
 9.52857772E-01
 9.68028820E-01
 9.20293654E-01
 0.00000000E+00
 9.36497365E-01
 9.58036329E-01
 1.00000000E+00
 1.00000000E+00
 0.00000000E+00
 1.00000000E+00
 0.00000000E+00
 0.00000000E+00
 1.00000000E+00
 0.00000000E+00
 0.00000000E+00
 0.00000000E+00
 1.00000000E+00
 0.00000000E+00
 9.47748054E-01
 9.03822162E-01
 8.79016546E-01
 9.09965950E-01
 9.60305662E-01
 1.00000000E+00
 1.00000000E+00
 9.02915545E-01
 8.24760650E-01
 7.80420870E-01
 8.25787649E-01
 9.13643734E-01
 1.00000000E+00
 8.79253164E-01
 7.81923556E-01
 7.20274589E-01
 7.50684526E-01
 8.35499627E-01
 0.00000000E+00
 9.17269965E-01
 8.41042103E-01
 7.71324032E-01
 7.29238062E-01
 9.67341693E-01
 9.29857686E-01
 8.66506250E-01
 1.00000000E+00
 1.00000000E+00
 0.00000000E+00
 1.00000000E+00
 9.08151789E-01
 8.33589155E-01
 7.90780099E-01
 8.34599655E-01
 9.18324388E-01
 1.00000000E+00
 0.00000000E+00
 8.33277739E-01
 7.06667697E-01
 6.34254832E-01
 6.75581225E-01
 7.87057152E-01
 0.00000000E+00
 7.95677936E-01
 6.40563753E-01
 5.32980973E-01
 4.50827074E-01
 0.00000000E+00
 8.57838225E-01
 7.21212389E-01
 5.22432452E-01
 0.00000000E+00
 9.41819203E-01
 8.51475094E-01
 0.00000000E+00
 1.00000000E+00
 0.00000000E+00
 0.00000000E+00
 8.93519963E-01
 8.06427719E-01
 7.50063158E-01
 7.79199755E-01
 8.55710174E-01
 0.00000000E+00
 8.09221332E-01
 6.63061373E-01
 5.59737720E-01
 4.85337011E-01
 0.00000000E+00
 7.66700177E-01
 5.78308737E-01
 3.53767596E-01
 0.00000000E+00
 8.31608011E-01
 6.05980104E-01
 0.00000000E+00
 9.22513443E-01
 0.00000000E+00
 0.00000000E+00
 9.34091237E-01
 8.73404508E-01
 8.18107507E-01
 7.88463889E-01
 8.79940237E-01
 7.65602700E-01
 6.00370027E-01
 8.47727749E-01
 6.47604508E-01
 0.00000000E+00
 8.76865992E-01
 9.76947960E-01
 9.51115475E-01
 9.08532873E-01
 0.00000000E+00
 9.56471694E-01
 8.91592023E-01
 0.00000000E+00
 9.38372893E-01
 0.00000000E+00
 1.00000000E+00
 1.00000000E+00
 0.00000000E+00
 1.00000000E+00
 0.00000000E+00
 0.00000000E+00
 1.00000000E+00
 9.07415563E-01
 8.32308890E-01
 7.89227658E-01
 8.33290524E-01
 9.17634918E-01
 1.00000000E+00
 8.31744509E-01
 7.04165216E-01
 6.31415558E-01
 6.72863642E-01
 7.85132205E-01
 0.00000000E+00
 7.93545020E-01
 6.37178020E-01
 5.29242447E-01
 4.45992577E-01
 8.56121602E-01
 7.18071355E-01
 5.17590230E-01
 9.41022371E-01
 8.49483626E-01
 1.00000000E+00
 8.40485873E-01
 7.17624542E-01
 6.45518163E-01
 6.86690431E-01
 7.95147380E-01
 7.18990591E-01
 5.26011758E-01
 4.16947673E-01
 3.17964670E-01
 6.61394387E-01
 4.29406838E-01
 2.21991768E-01
 7.55270982E-01
 4.65877554E-01
 8.87190715E-01
 8.17011169E-01
 6.74040848E-01
 5.69430613E-01
 4.98973151E-01
 6.82798525E-01
 4.60088416E-01
 2.47799827E-01
 6.15398675E-01
 2.86797347E-01
 0.00000000E+00
 6.88523219E-01
 8.84906451E-01
 7.73630115E-01
 6.10530649E-01
 7.93208974E-01
 5.50849743E-01
 7.20057946E-01
 9.58326552E-01
 8.95763687E-01
 0.00000000E+00
 9.16685961E-01
 1.00000000E+00
 8.92236366E-01
 8.04232714E-01
 7.47402991E-01
 7.76633815E-01
 8.53877700E-01
 0.00000000E+00
 8.06659695E-01
 6.59051971E-01
 5.55398093E-01
 4.79574153E-01
 0.00000000E+00
 7.63216403E-01
 5.73013806E-01
 3.48292988E-01
 0.00000000E+00
 8.28669089E-01
 5.99651650E-01
 0.00000000E+00
 9.20901372E-01
 0.00000000E+00
 0.00000000E+00
 8.16156658E-01
 6.72667488E-01
 5.67868850E-01
 4.96863544E-01
 6.81197996E-01
 4.57984621E-01
 2.46624896E-01
 6.13276020E-01
 2.84328564E-01
 0.00000000E+00
 6.86353253E-01
 7.88901942E-01
 6.11632000E-01
 3.87657350E-01
 0.00000000E+00
 6.36682442E-01
 3.16161359E-01
 0.00000000E+00
 5.28663509E-01
 0.00000000E+00
 0.00000000E+00
 8.62522709E-01
 6.78246807E-01
 0.00000000E+00
 7.36661343E-01
 0.00000000E+00
 0.00000000E+00
 9.44839414E-01
 0.00000000E+00
 0.00000000E+00
 0.00000000E+00
 9.33043831E-01
 8.71418777E-01
 8.15268018E-01
 7.84788063E-01
 8.77810797E-01
 7.61606946E-01
 5.93914350E-01
 8.44690870E-01
 6.40768797E-01
 0.00000000E+00
 8.73871759E-01
 8.83817981E-01
 7.71439367E-01
 6.06638242E-01
 0.00000000E+00
 7.91007302E-01
 5.45974806E-01
 0.00000000E+00
 7.16519777E-01
 0.00000000E+00
 8.61819527E-01
 6.76307098E-01
 0.00000000E+00
 7.35013374E-01
 0.00000000E+00
 0.00000000E+00
 9.00235464E-01
 0.00000000E+00
 9.76514297E-01
 9.50161046E-01
 9.06633016E-01
 9.55543636E-01
 8.89126727E-01
 9.36798120E-01
 9.57763943E-01
 8.94163151E-01
 0.00000000E+00
 9.15323847E-01
 9.44278943E-01
 1.00000000E+00
 1.00000000E+00
 0.00000000E+00
 1.00000000E+00
 0.00000000E+00
 0.00000000E+00
 1.00000000E+00
 0.00000000E+00
 0.00000000E+00
 0.00000000E+00
 1.00000000E+00
 0.00000000E+00
 9.45316903E-01
 8.99340153E-01
 8.73368545E-01
 9.05754431E-01
 9.58444746E-01
 1.00000000E+00
 1.00000000E+00
 8.98307515E-01
 8.16408120E-01
 7.69906272E-01
 8.17401325E-01
 9.09462235E-01
 1.00000000E+00
 8.73310681E-01
 7.71092827E-01
 7.06239206E-01
 7.38030179E-01
 8.27041149E-01
 0.00000000E+00
 9.12930596E-01
 8.32549864E-01
 7.58849492E-01
 7.14112509E-01
 9.65429333E-01
 9.25598401E-01
 8.58049754E-01
 1.00000000E+00
 1.00000000E+00
 0.00000000E+00
 1.00000000E+00
 9.03831552E-01
 8.25724575E-01
 7.80840181E-01
 8.26695674E-01
 9.14395602E-01
 1.00000000E+00
 0.00000000E+00
 8.25163461E-01
 6.92250020E-01
 6.16077807E-01
 6.59255013E-01
 7.76187713E-01
 0.00000000E+00
 7.85145374E-01
 6.21675298E-01
 5.07889816E-01
 4.20556028E-01
 0.00000000E+00
 8.49779335E-01
 7.04802993E-01
 4.93030036E-01
 0.00000000E+00
 9.37960139E-01
 8.40815030E-01
 0.00000000E+00
 1.00000000E+00
 0.00000000E+00
 0.00000000E+00
 8.88450272E-01
 7.97121229E-01
 7.37913049E-01
 7.68329721E-01
 8.48503071E-01
 0.00000000E+00
 7.99682255E-01
 6.45889886E-01
 5.36795969E-01
 4.57805876E-01
 0.00000000E+00
 7.54066258E-01
 5.54600501E-01
 3.15721027E-01
 0.00000000E+00
 8.21217473E-01
 5.79621532E-01
 0.00000000E+00
 9.16495890E-01
 0.00000000E+00
 0.00000000E+00
 9.30906313E-01
 8.67172043E-01
 8.08953013E-01
 7.77531574E-01
 8.73741361E-01
 7.53043642E-01
 5.77929850E-01
 8.38959912E-01
 6.25572576E-01
 0.00000000E+00
 8.68219643E-01
 9.75810555E-01
 9.48613172E-01
 9.03621664E-01
 0.00000000E+00
 9.54117816E-01
 8.85216072E-01
 0.00000000E+00
 9.34405507E-01
 0.00000000E+00
 1.00000000E+00
 1.00000000E+00
 0.00000000E+00
 1.00000000E+00
 0.00000000E+00
 0.00000000E+00
 1.00000000E+00
 9.03023260E-01
 8.24313694E-01
 7.79122712E-01
 8.25249036E-01
 9.13634500E-01
 1.00000000E+00
 8.23459965E-01
 6.89450754E-01
 6.12871664E-01
 6.56191939E-01
 7.74021610E-01
 0.00000000E+00
 7.82739955E-01
 6.17813009E-01
 5.03545679E-01
 4.14958113E-01
 8.47807133E-01
 7.01150940E-01
 4.87305044E-01
 9.37018045E-01
 8.38430300E-01
 1.00000000E+00
 8.32848444E-01
 7.03969244E-01
 6.28182384E-01
 6.71170659E-01
 7.84850007E-01
 7.04826675E-01
 5.01655303E-01
 3.86306562E-01
 2.81163489E-01
 6.42857238E-01
 3.96970712E-01
 1.75675735E-01
 7.39959086E-01
 4.29654113E-01
 8.78283928E-01
 8.08129421E-01
 6.57920669E-01
 5.47659368E-01
 4.72956688E-01
 6.66314869E-01
 4.30967916E-01
 2.05280377E-01
 5.93057417E-01
 2.41818419E-01
 0.00000000E+00
 6.66409706E-01
 8.79206968E-01
 7.61998323E-01
 5.89539104E-01
 7.81964493E-01
 5.24287500E-01
 7.01902271E-01
 9.56187882E-01
 8.89934388E-01
 0.00000000E+00
 9.11682788E-01
 1.00000000E+00
 8.87025277E-01
 7.94669633E-01
 7.34921765E-01
 7.65452621E-01
 8.46453709E-01
 0.00000000E+00
 7.96793314E-01
 6.41310036E-01
 5.31732854E-01
 4.51129246E-01
 0.00000000E+00
 7.50057272E-01
 5.48370671E-01
 3.08906344E-01
 0.00000000E+00
 8.17758265E-01
 5.72027240E-01
 0.00000000E+00
 9.14532114E-01
 0.00000000E+00
 0.00000000E+00
 8.07174798E-01
 6.56370592E-01
 5.45869159E-01
 4.70556929E-01
 6.64488178E-01
 4.28492433E-01
 2.03665373E-01
 5.90566375E-01
 2.38710188E-01
 0.00000000E+00
 6.63798286E-01
 7.78395687E-01
 5.91573913E-01
 3.54485009E-01
 0.00000000E+00
 6.16791204E-01
 2.75447041E-01
 0.00000000E+00
 4.97830803E-01
 0.00000000E+00
 0.00000000E+00
 8.55438153E-01
 6.60179502E-01
 0.00000000E+00
 7.20756787E-01
 0.00000000E+00
 0.00000000E+00
 9.41725129E-01
 0.00000000E+00
 0.00000000E+00
 0.00000000E+00
 9.29741285E-01
 8.64954810E-01
 8.05771038E-01
 7.73424915E-01
 8.71332245E-01
 7.48484795E-01
 5.70491705E-01
 8.35447206E-01
 6.17568529E-01
 0.00000000E+00
 8.64664603E-01
 8.77996996E-01
 7.59555216E-01
 5.85186277E-01
 0.00000000E+00
 7.79468735E-01
 5.18720360E-01
 0.00000000E+00
 6.97789636E-01
 0.00000000E+00
 8.54661692E-01
 6.58038297E-01
 0.00000000E+00
 7.18902082E-01
 0.00000000E+00
 0.00000000E+00
 8.94578587E-01
 0.00000000E+00
 9.75327291E-01
 9.47546971E-01
 9.01497192E-01
 9.53063828E-01
 8.82404542E-01
 9.32573578E-01
 9.55562025E-01
 8.88152498E-01
 0.00000000E+00
 9.10135350E-01
 9.41103270E-01
 1.00000000E+00
 1.00000000E+00
 0.00000000E+00
 1.00000000E+00
 0.00000000E+00
 0.00000000E+00
 1.00000000E+00
 0.00000000E+00
 0.00000000E+00
 0.00000000E+00
 1.00000000E+00
 0.00000000E+00
 9.54382856E-01
 9.16024658E-01
 8.94352199E-01
 9.21366738E-01
 9.65326211E-01
 1.00000000E+00
 1.00000000E+00
 9.15105138E-01
 8.46711971E-01
 8.07854087E-01
 8.47488091E-01
 9.24364491E-01
 1.00000000E+00
 8.94090434E-01
 8.08573320E-01
 7.54243938E-01
 7.80744042E-01
 8.55169959E-01
 0.00000000E+00
 9.27023182E-01
 8.59547951E-01
 7.97556972E-01
 7.59762434E-01
 9.70882017E-01
 9.37229428E-01
 8.80002697E-01
 1.00000000E+00
 1.00000000E+00
 0.00000000E+00
 1.00000000E+00
 9.19738737E-01
 8.54526390E-01
 8.17024733E-01
 8.55278164E-01
 9.28496805E-01
 1.00000000E+00
 0.00000000E+00
 8.53885979E-01
 7.42710062E-01
 6.78888812E-01
 7.14861769E-01
 8.12606106E-01
 0.00000000E+00
 8.20010556E-01
 6.82812797E-01
 5.87029100E-01
 5.13203810E-01
 0.00000000E+00
 8.73609444E-01
 7.51197582E-01
 5.71789110E-01
 0.00000000E+00
 9.47369136E-01
 8.64368564E-01
 0.00000000E+00
 1.00000000E+00
 0.00000000E+00
 0.00000000E+00
 9.06854026E-01
 8.30528790E-01
 7.80976576E-01
 8.06300100E-01
 8.73260809E-01
 0.00000000E+00
 8.32390214E-01
 7.03476625E-01
 6.11763801E-01
 5.45052225E-01
 0.00000000E+00
 7.93484193E-01
 6.25354132E-01
 4.23185568E-01
 0.00000000E+00
 8.48877314E-01
 6.43151071E-01
 0.00000000E+00
 9.28410018E-01
 0.00000000E+00
 0.00000000E+00
 9.42268933E-01
 8.88933271E-01
 8.40109423E-01
 8.13609019E-01
 8.94200849E-01
 7.92728190E-01
 6.45011686E-01
 8.64345893E-01
 6.83312632E-01
 0.00000000E+00
 8.87741064E-01
 9.79770370E-01
 9.56959486E-01
 9.19110482E-01
 0.00000000E+00
 9.61468140E-01
 9.03227412E-01
 0.00000000E+00
 9.44410302E-01
 0.00000000E+00
 1.00000000E+00
 1.00000000E+00
 0.00000000E+00
 1.00000000E+00
 0.00000000E+00
 0.00000000E+00
 1.00000000E+00
 9.19035945E-01
 8.53295780E-01
 8.15521832E-01
 8.54013371E-01
 9.27831865E-01
 1.00000000E+00
 8.52389572E-01
 7.40236228E-01
 6.76033836E-01
 7.12138080E-01
 8.10682509E-01
 0.00000000E+00
 8.17869357E-01
 6.79342921E-01
 5.83068996E-01
 5.08114230E-01
 8.71825450E-01
 7.47862433E-01
 5.66492096E-01
 9.46495302E-01
 8.62134129E-01
 1.00000000E+00
 8.60393099E-01
 7.52656639E-01
 6.89197147E-01
 7.24992458E-01
 8.19960082E-01
 7.52935045E-01
 5.82542596E-01
 4.85429568E-01
 3.96587212E-01
 6.99941607E-01
 4.92482249E-01
 3.04727914E-01
 7.80019037E-01
 5.15445413E-01
 8.95525447E-01
 8.39653304E-01
 7.13907783E-01
 6.21350442E-01
 5.58331562E-01
 7.20303037E-01
 5.22256673E-01
 3.31365895E-01
 6.57048312E-01
 3.58419231E-01
 0.00000000E+00
 7.15621538E-01
 8.98964460E-01
 8.00620730E-01
 6.55441513E-01
 8.16844100E-01
 5.98816880E-01
 7.47257729E-01
 9.63296331E-01
 9.07441072E-01
 0.00000000E+00
 9.25442341E-01
 1.00000000E+00
 9.05601528E-01
 8.28363390E-01
 7.78319333E-01
 8.03749813E-01
 8.71448022E-01
 0.00000000E+00
 8.29815488E-01
 6.99351851E-01
 6.07125908E-01
 5.38968883E-01
 0.00000000E+00
 7.89847716E-01
 6.19601106E-01
 4.16619743E-01
 0.00000000E+00
 8.45674215E-01
 6.36008043E-01
 0.00000000E+00
 9.26531341E-01
 0.00000000E+00
 0.00000000E+00
 8.38809344E-01
 7.12525628E-01
 6.19733763E-01
 5.56177339E-01
 7.18655991E-01
 5.19971384E-01
 3.29705198E-01
 6.54747174E-01
 3.55388824E-01
 0.00000000E+00
 7.13149363E-01
 8.14600849E-01
 6.57771436E-01
 4.57992938E-01
 0.00000000E+00
 6.77983855E-01
 3.88738885E-01
 0.00000000E+00
 5.74013029E-01
 0.00000000E+00
 0.00000000E+00
 8.78869802E-01
 7.14171368E-01
 0.00000000E+00
 7.64187187E-01
 0.00000000E+00
 0.00000000E+00
 9.50963353E-01
 0.00000000E+00
 0.00000000E+00
 0.00000000E+00
 9.41242397E-01
 8.86973157E-01
 8.37287671E-01
 8.09976201E-01
 8.92044757E-01
 7.88620069E-01
 6.38252530E-01
 8.61138441E-01
 6.75927784E-01
 0.00000000E+00
 8.84411762E-01
 8.97898661E-01
 7.98462196E-01
 6.51586135E-01
 0.00000000E+00
 8.14604916E-01
 5.93789500E-01
 0.00000000E+00
 7.43478585E-01
 0.00000000E+00
 8.78189341E-01
 7.12295395E-01
 0.00000000E+00
 7.62531661E-01
 0.00000000E+00
 0.00000000E+00
 9.11271152E-01
 0.00000000E+00
 9.79343572E-01
 9.56015790E-01
 9.17228444E-01
 9.60520811E-01
 9.00690922E-01
 9.42725460E-01
 9.62744263E-01
 9.05868091E-01
 0.00000000E+00
 9.24049584E-01
 9.50415833E-01
 1.00000000E+00
 1.00000000E+00
 0.00000000E+00
 1.00000000E+00
 0.00000000E+00
 0.00000000E+00
 1.00000000E+00
 0.00000000E+00
 0.00000000E+00
 0.00000000E+00
 1.00000000E+00
 0.00000000E+00
 9.64438627E-01
 9.34534239E-01
 9.17636085E-01
 9.38694531E-01
 9.72965866E-01
 1.00000000E+00
 1.00000000E+00
 9.33780033E-01
 8.80418949E-01
 8.50087443E-01
 8.80993639E-01
 9.40971819E-01
 1.00000000E+00
 9.17293113E-01
 8.50471149E-01
 8.07974915E-01
 8.28622567E-01
 8.86752326E-01
 0.00000000E+00
 9.42887213E-01
 8.90014458E-01
 8.41362014E-01
 8.11597475E-01
 9.77116958E-01
 9.50604120E-01
 9.05421176E-01
 1.00000000E+00
 1.00000000E+00
 0.00000000E+00
 1.00000000E+00
 9.37404458E-01
 8.86529963E-01
 8.57256887E-01
 8.87079696E-01
 9.44198346E-01
 1.00000000E+00
 0.00000000E+00
 8.85913065E-01
 7.99042863E-01
 7.49105601E-01
 7.77121976E-01
 8.53455759E-01
 0.00000000E+00
 8.59167456E-01
 7.51649593E-01
 6.76398914E-01
 6.18199859E-01
 0.00000000E+00
 9.00725368E-01
 8.04286079E-01
 6.62549653E-01
 0.00000000E+00
 9.58351775E-01
 8.92272680E-01
 0.00000000E+00
 1.00000000E+00
 0.00000000E+00
 0.00000000E+00
 9.27320950E-01
 8.67724950E-01
 8.28986723E-01
 8.48696626E-01
 9.00953970E-01
 0.00000000E+00
 8.68980928E-01
 7.68054456E-01
 6.96074352E-01
 6.43513530E-01
 0.00000000E+00
 8.38044102E-01
 7.05759616E-01
 5.46144665E-01
 0.00000000E+00
 8.80760869E-01
 7.17398340E-01
 0.00000000E+00
 9.42755993E-01
 0.00000000E+00
 0.00000000E+00
 9.54927402E-01
 9.13230765E-01
 8.74991996E-01
 8.54137376E-01
 9.17181542E-01
 8.37521927E-01
 7.21224885E-01
 8.93292960E-01
 7.50002159E-01
 0.00000000E+00
 9.10756477E-01
 9.84192792E-01
 9.66323762E-01
 9.36597765E-01
 0.00000000E+00
 9.69774829E-01
 9.23829421E-01
 0.00000000E+00
 9.56020818E-01
 0.00000000E+00
 1.00000000E+00
 1.00000000E+00
 0.00000000E+00
 1.00000000E+00
 0.00000000E+00
 0.00000000E+00
 1.00000000E+00
 9.36836732E-01
 8.85533203E-01
 8.56036198E-01
 8.86053085E-01
 9.43658906E-01
 1.00000000E+00
 8.84692892E-01
 7.97015807E-01
 7.46751591E-01
 7.74878658E-01
 8.51872942E-01
 0.00000000E+00
 8.57401327E-01
 7.48765837E-01
 6.73069296E-01
 6.13929002E-01
 8.99233166E-01
 8.01474987E-01
 6.58038528E-01
 9.57604770E-01
 8.90347206E-01
 1.00000000E+00
 8.91046277E-01
 8.06902170E-01
 7.57270105E-01
 7.85134052E-01
 8.59264390E-01
 8.06808630E-01
 6.73346060E-01
 5.97030422E-01
 5.27001511E-01
 7.64569356E-01
 6.01197054E-01
 4.52639551E-01
 8.26301154E-01
 6.15960397E-01
 9.16363409E-01
 8.74790881E-01
 7.76455061E-01
 7.03903217E-01
 6.54298652E-01
 7.80995044E-01
 6.25391137E-01
 4.74751862E-01
 7.30110918E-01
 4.93286100E-01
 0.00000000E+00
 7.73764320E-01
 9.21040338E-01
 8.43974860E-01
 7.29885615E-01
 8.56291700E-01
 6.84137214E-01
 7.99958800E-01
 9.71274145E-01
 9.27318209E-01
 0.00000000E+00
 9.41230212E-01
 1.00000000E+00
 9.26298394E-01
 8.65949373E-01
 8.26797688E-01
 8.46599555E-01
 8.99465569E-01
 0.00000000E+00
 8.66852706E-01
 7.64614835E-01
 6.92153305E-01
 6.38391743E-01
 0.00000000E+00
 8.34990814E-01
 7.00858191E-01
 5.40363588E-01
 0.00000000E+00
 8.78020811E-01
 7.11209163E-01
 0.00000000E+00
 9.41099041E-01
 0.00000000E+00
 0.00000000E+00
 8.74098088E-01
 7.75312242E-01
 7.02552274E-01
 6.52507023E-01
 7.79619275E-01
 6.23444386E-01
 4.73220666E-01
 7.28145769E-01
 4.90585563E-01
 0.00000000E+00
 7.71602547E-01
 8.55079358E-01
 7.32127873E-01
 5.74997904E-01
 0.00000000E+00
 7.47255532E-01
 5.18567377E-01
 0.00000000E+00
 6.62664199E-01
 0.00000000E+00
 0.00000000E+00
 9.05181277E-01
 7.75509530E-01
 0.00000000E+00
 8.14063883E-01
 0.00000000E+00
 0.00000000E+00
 9.61466341E-01
 0.00000000E+00
 0.00000000E+00
 0.00000000E+00
 9.54086822E-01
 9.11621135E-01
 8.72668501E-01
 8.51151983E-01
 9.15390840E-01
 8.34089696E-01
 7.15537294E-01
 8.90579287E-01
 7.43698571E-01
 0.00000000E+00
 9.07870461E-01
 9.20167230E-01
 8.42202427E-01
 7.26712683E-01
 0.00000000E+00
 8.54426109E-01
 6.79924666E-01
 0.00000000E+00
 7.96737582E-01
 0.00000000E+00
 9.04626227E-01
 7.73979581E-01
 0.00000000E+00
 8.12689286E-01
 0.00000000E+00
 0.00000000E+00
 9.30260766E-01
 0.00000000E+00
 9.83842364E-01
 9.65547543E-01
 9.35048253E-01
 9.68984183E-01
 9.21705365E-01
 9.54583410E-01
 9.70821261E-01
 9.26026708E-01
 0.00000000E+00
 9.40065388E-01
 9.61017680E-01
 1.00000000E+00
 1.00000000E+00
 0.00000000E+00
 1.00000000E+00
 0.00000000E+00
 0.00000000E+00
 1.00000000E+00
 0.00000000E+00
 0.00000000E+00
 0.00000000E+00
 1.00000000E+00
 0.00000000E+00
 9.75428926E-01
 9.54766045E-01
 9.43089352E-01
 9.57639255E-01
 9.81319590E-01
 1.00000000E+00
 1.00000000E+00
 9.54223874E-01
 9.17330362E-01
 8.96352420E-01
 9.17712479E-01
 9.59180129E-01
 1.00000000E+00
 9.42772707E-01
 8.96515333E-01
 8.67073930E-01
 8.81335650E-01
 9.21562197E-01
 0.00000000E+00
 9.60410349E-01
 9.23723650E-01
 8.89923037E-01
 8.69188870E-01
 9.84082257E-01
 9.65602638E-01
 9.34055779E-01
 1.00000000E+00
 1.00000000E+00
 0.00000000E+00
 1.00000000E+00
 9.56732095E-01
 9.21557826E-01
 9.01309244E-01
 9.21917808E-01
 9.61408386E-01
 1.00000000E+00
 0.00000000E+00
 9.21060403E-01
 8.60916748E-01
 8.26304038E-01
 8.45648547E-01
 8.98473987E-01
 0.00000000E+00
 9.02375643E-01
 8.27747173E-01
 7.75406764E-01
 7.34810501E-01
 0.00000000E+00
 9.30949503E-01
 8.63700186E-01
 7.64633996E-01
 0.00000000E+00
 9.70837837E-01
 9.24331114E-01
 0.00000000E+00
 1.00000000E+00
 0.00000000E+00
 0.00000000E+00
 9.49739634E-01
 9.08502243E-01
 8.81670253E-01
 8.95271887E-01
 9.31415551E-01
 0.00000000E+00
 9.09248014E-01
 8.39247117E-01
 7.89217763E-01
 7.52566329E-01
 0.00000000E+00
 8.87489822E-01
 7.95331544E-01
 6.83805129E-01
 0.00000000E+00
 9.16700112E-01
 8.01940110E-01
 0.00000000E+00
 9.59506729E-01
 0.00000000E+00
 0.00000000E+00
 9.68813174E-01
 9.39928948E-01
 9.13398774E-01
 8.98870858E-01
 9.42558125E-01
 8.87168724E-01
 8.06103414E-01
 9.25654241E-01
 8.25273562E-01
 0.00000000E+00
 9.37198535E-01
 9.89054033E-01
 9.76653085E-01
 9.55977395E-01
 0.00000000E+00
 9.78994749E-01
 9.46904821E-01
 0.00000000E+00
 9.69190701E-01
 0.00000000E+00
 1.00000000E+00
 1.00000000E+00
 0.00000000E+00
 1.00000000E+00
 0.00000000E+00
 0.00000000E+00
 1.00000000E+00
 9.56327740E-01
 9.20846277E-01
 9.00435818E-01
 9.21183568E-01
 9.61022704E-01
 1.00000000E+00
 9.20183902E-01
 8.59454661E-01
 8.24597310E-01
 8.44023412E-01
 8.97328163E-01
 0.00000000E+00
 9.01093945E-01
 8.25641340E-01
 7.72952248E-01
 7.31667374E-01
 9.29853329E-01
 8.61622198E-01
 7.61271659E-01
 9.70278621E-01
 9.22880578E-01
 1.00000000E+00
 9.24640289E-01
 8.66403857E-01
 8.32013047E-01
 8.51243823E-01
 9.02525673E-01
 8.66143893E-01
 7.73537611E-01
 7.20435857E-01
 6.71583273E-01
 8.36372470E-01
 7.22465795E-01
 6.18467942E-01
 8.78569634E-01
 7.30647349E-01
 9.40770119E-01
 9.13351708E-01
 8.45213308E-01
 7.94839720E-01
 7.60276323E-01
 8.48061492E-01
 7.39784884E-01
 6.34567367E-01
 8.11881603E-01
 6.45691838E-01
 0.00000000E+00
 8.40685233E-01
 9.45315732E-01
 8.91816001E-01
 8.12420518E-01
 9.00104235E-01
 7.79767735E-01
 8.59803084E-01
 9.80078764E-01
 9.49447821E-01
 0.00000000E+00
 9.58971488E-01
 1.00000000E+00
 9.49003634E-01
 9.07219710E-01
 8.80082673E-01
 8.93753148E-01
 9.30339088E-01
 0.00000000E+00
 9.07699046E-01
 8.36725362E-01
 7.86309823E-01
 7.48780580E-01
 0.00000000E+00
 8.85236330E-01
 7.91670192E-01
 6.79372419E-01
 0.00000000E+00
 9.14643409E-01
 7.97245245E-01
 0.00000000E+00
 9.58227361E-01
 0.00000000E+00
 0.00000000E+00
 9.12850519E-01
 8.44381449E-01
 7.93847580E-01
 7.58965499E-01
 8.47050361E-01
 7.38330539E-01
 6.33352185E-01
 8.10408013E-01
 6.43596053E-01
 0.00000000E+00
 8.39027027E-01
 8.99614103E-01
 8.14225369E-01
 7.04794956E-01
 0.00000000E+00
 8.24254566E-01
 6.64212248E-01
 0.00000000E+00
 7.63461134E-01
 0.00000000E+00
 0.00000000E+00
 9.34232335E-01
 8.43831934E-01
 0.00000000E+00
 8.70154694E-01
 0.00000000E+00
 0.00000000E+00
 9.73177817E-01
 0.00000000E+00
 0.00000000E+00
 0.00000000E+00
 9.68206130E-01
 9.38763633E-01
 9.11712639E-01
 8.96707896E-01
 9.41247989E-01
 8.84644730E-01
 8.01895131E-01
 9.23634657E-01
 8.20546468E-01
 0.00000000E+00
 9.35000366E-01
 9.44684839E-01
 8.90532397E-01
 8.10117909E-01
 0.00000000E+00
 8.98734402E-01
 7.76658955E-01
 0.00000000E+00
 8.57385825E-01
 0.00000000E+00
 9.33832522E-01
 8.42729983E-01
 0.00000000E+00
 8.69147346E-01
 0.00000000E+00
 0.00000000E+00
 9.51446554E-01
 0.00000000E+00
 9.88800238E-01
 9.76089973E-01
 9.54852251E-01
 9.78413216E-01
 9.45337830E-01
 9.68111018E-01
 9.79750817E-01
 9.48511992E-01
 0.00000000E+00
 9.58112304E-01
 9.72853128E-01
 1.00000000E+00
 1.00000000E+00
 0.00000000E+00
 1.00000000E+00
 0.00000000E+00
 0.00000000E+00
 1.00000000E+00
 0.00000000E+00
 0.00000000E+00
 0.00000000E+00
 1.00000000E+00
 0.00000000E+00
 9.87300075E-01
 9.76620241E-01
 9.70585030E-01
 9.78105303E-01
 9.90344754E-01
 1.00000000E+00
 1.00000000E+00
 9.76331188E-01
 9.57253105E-01
 9.46402784E-01
 9.57445511E-01
 9.78888671E-01
 1.00000000E+00
 9.70387454E-01
 9.46443069E-01
 9.31194070E-01
 9.38564137E-01
 9.59381458E-01
 0.00000000E+00
 9.79483244E-01
 9.60456177E-01
 9.42908832E-01
 9.32122450E-01
 9.91726601E-01
 9.82106334E-01
 9.65661390E-01
 1.00000000E+00
 1.00000000E+00
 0.00000000E+00
 1.00000000E+00
 9.77627697E-01
 9.59437016E-01
 9.48961633E-01
 9.59615253E-01
 9.80037768E-01
 1.00000000E+00
 0.00000000E+00
 9.59147899E-01
 9.28007713E-01
 9.10069980E-01
 9.20063783E-01
 9.47404993E-01
 0.00000000E+00
 9.49397597E-01
 9.10672443E-01
 8.83465716E-01
 8.62314061E-01
 0.00000000E+00
 9.64101457E-01
 9.29063753E-01
 8.77349065E-01
 0.00000000E+00
 9.84748625E-01
 9.60320360E-01
 0.00000000E+00
 1.00000000E+00
 0.00000000E+00
 0.00000000E+00
 9.74001228E-01
 9.52659330E-01
 9.38761016E-01
 9.45784542E-01
 9.64483504E-01
 0.00000000E+00
 9.52987739E-01
 9.16683914E-01
 8.90691066E-01
 8.71596237E-01
 0.00000000E+00
 9.41561897E-01
 8.93576893E-01
 8.35360624E-01
 0.00000000E+00
 9.56511514E-01
 8.96308071E-01
 0.00000000E+00
 9.78611834E-01
 0.00000000E+00
 0.00000000E+00
 9.83859199E-01
 9.68895196E-01
 9.55132337E-01
 9.47569646E-01
 9.70205626E-01
 9.41412799E-01
 8.99182345E-01
 9.61276129E-01
 9.08740008E-01
 0.00000000E+00
 9.66980913E-01
 9.94330733E-01
 9.87895480E-01
 9.77145389E-01
 0.00000000E+00
 9.89084384E-01
 9.72334862E-01
 0.00000000E+00
 9.83868847E-01
 0.00000000E+00
 1.00000000E+00
 1.00000000E+00
 0.00000000E+00
 1.00000000E+00
 0.00000000E+00
 0.00000000E+00
 1.00000000E+00
 9.77413326E-01
 9.59059005E-01
 9.48496700E-01
 9.59224513E-01
 9.79832555E-01
 1.00000000E+00
 9.58679463E-01
 9.27223628E-01
 9.09150742E-01
 9.19189023E-01
 9.46788554E-01
 0.00000000E+00
 9.48706295E-01
 9.09530762E-01
 8.82124666E-01
 8.60598982E-01
 9.63503828E-01
 9.27925172E-01
 8.75494610E-01
 9.84438734E-01
 9.59512680E-01
 1.00000000E+00
 9.61011509E-01
 9.30866046E-01
 9.13046512E-01
 9.22977682E-01
 9.49512811E-01
 9.30639939E-01
 8.82594449E-01
 8.54978369E-01
 8.29517413E-01
 9.14975634E-01
 8.55624153E-01
 8.01247404E-01
 9.36562995E-01
 8.58885381E-01
 9.68681494E-01
 9.55149002E-01
 9.19840049E-01
 8.93691461E-01
 8.75695488E-01
 9.21172627E-01
 8.64849962E-01
 8.09939975E-01
 9.01977321E-01
 8.14865148E-01
 0.00000000E+00
 9.16180651E-01
 9.71673852E-01
 9.43903262E-01
 9.02603400E-01
 9.48076102E-01
 8.85219848E-01
 9.26565326E-01
 9.89667930E-01
 9.73713403E-01
 0.00000000E+00
 9.78588151E-01
 1.00000000E+00
 9.73606925E-01
 9.51970090E-01
 9.37904889E-01
 9.44966447E-01
 9.63904225E-01
 0.00000000E+00
 9.52149343E-01
 9.15310478E-01
 8.89092200E-01
 8.69520179E-01
 0.00000000E+00
 9.40326698E-01
 8.91549861E-01
 8.32854275E-01
 0.00000000E+00
 9.55366924E-01
 8.93672427E-01
 0.00000000E+00
 9.77881198E-01
 0.00000000E+00
 0.00000000E+00
 9.54879172E-01
 9.19389816E-01
 8.93150411E-01
 8.74982806E-01
 9.20620307E-01
 8.64044556E-01
 8.09234270E-01
 9.01157507E-01
 8.13665900E-01
 0.00000000E+00
 9.15238008E-01
 9.47991188E-01
 9.03651487E-01
 8.46689866E-01
 0.00000000E+00
 9.08623372E-01
 8.24938347E-01
 0.00000000E+00
 8.76039924E-01
 0.00000000E+00
 0.00000000E+00
 9.65884405E-01
 9.18780216E-01
 0.00000000E+00
 9.32216888E-01
 0.00000000E+00
 0.00000000E+00
 9.86041202E-01
 0.00000000E+00
 0.00000000E+00
 0.00000000E+00
 9.83532744E-01
 9.68267132E-01
 9.54221680E-01
 9.46402997E-01
 9.69492516E-01
 9.40032894E-01
 8.96869383E-01
 9.60159397E-01
 9.06108972E-01
 0.00000000E+00
 9.65738453E-01
 9.71334288E-01
 9.43210996E-01
 9.01359212E-01
 0.00000000E+00
 9.47327574E-01
 8.83513440E-01
 0.00000000E+00
 9.25216702E-01
 0.00000000E+00
 9.65669700E-01
 9.18188471E-01
 0.00000000E+00
 9.31666818E-01
 0.00000000E+00
 0.00000000E+00
 9.74726870E-01
 0.00000000E+00
 9.94193826E-01
 9.87591253E-01
 9.76536974E-01
 9.88766075E-01
 9.71474811E-01
 9.83265877E-01
 9.89491000E-01
 9.73208134E-01
 0.00000000E+00
 9.78116248E-01
 9.85866061E-01
 1.00000000E+00
 1.00000000E+00
 0.00000000E+00
 1.00000000E+00
 0.00000000E+00
 0.00000000E+00
 1.00000000E+00
 0.00000000E+00
 0.00000000E+00
 0.00000000E+00
 1.00000000E+00
 0.00000000E+00
