 1.53399190E-03
 1.51900285E-03
 1.64579503E-03
 1.64606112E-03
 1.79756864E-03
 1.82454450E-03
 1.96526188E-03
 1.10717605E-03
 1.08390181E-03
 1.19099508E-03
 1.18990623E-03
 1.30944565E-03
 1.34260531E-03
 8.82247234E-04
 8.83477647E-04
 9.23978088E-04
 9.18896399E-04
 9.90828459E-04
 8.16792087E-02
 5.59120289E-04
 6.32161815E-04
 6.89454764E-04
 6.34486224E-04
 1.66632709E-04
 2.09711293E-04
 2.16976641E-04
 1.49854282E-04
 2.90416050E-04
 5.96367245E-02
 4.79272231E-04
 5.62229963E-05
 4.90256582E-05
 3.45774480E-05
 1.11977936E-04
 7.87467056E-05
 1.46260637E-04
 3.50855884E-03
 8.97346492E-05
 1.04186402E-04
 6.81622038E-05
 1.08686269E-04
 1.60213052E-04
 8.25102912E-02
 9.93980322E-05
 1.17835872E-04
 1.29275367E-04
 2.18673876E-04
 3.90301398E-03
 1.49707750E-04
 2.66658907E-04
 3.27995623E-04
 1.51452366E-02
 3.36928260E-04
 5.16657010E-04
 4.18481356E-03
 7.79768579E-04
 5.04659042E-02
 2.03379288E-03
 7.32504514E-05
 1.53908925E-05
 6.07418325E-05
 1.05824811E-04
 1.49765543E-04
 8.21714900E-02
 4.95324833E-05
 1.50582764E-04
 1.73318761E-04
 2.35134168E-04
 4.08256301E-03
 1.81164168E-04
 2.12654177E-04
 3.78273182E-04
 1.04993672E-03
 3.28491509E-04
 5.75237794E-04
 1.24502175E-03
 9.30491943E-04
 3.81264202E-03
 3.07936012E-02
 8.27946774E-05
 9.62069364E-05
 1.57001236E-04
 2.04737083E-04
 1.11136687E-04
 2.44385423E-04
 3.44319006E-04
 3.04503048E-04
 5.73158892E-04
 1.28338126E-03
 1.01372053E-03
 1.12659261E-04
 2.08495653E-04
 3.45713736E-04
 1.62618518E-02
 1.87315668E-04
 5.52225341E-04
 4.20224040E-03
 8.96543674E-04
 3.67518429E-03
 1.68211017E-04
 4.86684948E-04
 7.37615614E-02
 7.82536751E-04
 6.68064774E-02
 5.08139804E-02
 6.34586856E-04
 2.88655072E-05
 4.10591293E-06
 3.77253304E-05
 7.66730562E-05
 8.35183232E-05
 1.66446569E-04
 5.05224209E-05
 9.37903128E-05
 8.82040549E-05
 1.50018416E-04
 1.26091266E-04
 8.29267871E-02
 5.09359307E-05
 3.68602636E-05
 1.21871879E-04
 1.74289715E-04
 1.55538812E-04
 2.51634977E-04
 3.03684178E-04
 3.63317085E-04
 4.80382295E-04
 7.56193317E-04
 1.01482539E-05
 4.92649714E-05
 6.58504650E-05
 7.45800381E-05
 1.24100831E-04
 7.98982889E-05
 1.83608183E-04
 1.72707996E-04
 2.37774025E-04
 1.51668190E-04
 2.47274944E-04
 3.71491382E-04
 3.42615192E-04
 5.75411271E-04
 9.50898241E-04
 9.94450881E-07
 7.84865245E-05
 1.44518090E-04
 2.14673307E-04
 1.00562173E-04
 2.23120717E-04
 3.28825158E-04
 3.69685888E-04
 5.75697940E-04
 1.59758671E-02
 1.01775202E-03
 1.46563362E-04
 2.12210079E-04
 3.37957382E-04
 2.46134514E-04
 5.82474425E-04
 9.42137570E-04
 2.67268582E-04
 5.39411254E-04
 4.28241527E-03
 8.30922727E-04
 7.18742722E-04
 1.81785591E-05
 5.72885096E-05
 3.01832505E-05
 8.71063298E-05
 1.12746267E-04
 8.30774929E-02
 5.72111680E-05
 8.42167880E-05
 1.16823564E-04
 1.90765168E-04
 4.20866443E-03
 1.16872657E-04
 2.05908059E-04
 3.34007567E-04
 1.04069967E-03
 3.03705695E-04
 5.18729552E-04
 1.23340017E-03
 8.91258843E-04
 3.92642763E-03
 3.33331927E-02
 6.92754830E-05
 1.22589804E-04
 1.13423179E-04
 2.05715718E-04
 1.70212055E-04
 2.07567174E-04
 3.21515878E-04
 3.71073133E-04
 5.45512435E-04
 1.67038317E-02
 9.77958199E-04
 1.41436827E-04
 2.00321148E-04
 3.38071662E-04
 1.12473327E-03
 2.92574849E-04
 5.67903829E-04
 1.75301323E-02
 9.10595221E-04
 1.11993001E-02
 3.14326805E-03
 2.58960219E-04
 5.17738408E-04
 1.39736339E-03
 8.61021734E-04
 2.45585339E-03
 3.67443933E-03
 7.68807591E-04
 4.10879474E-03
 5.24534897E-03
 1.00000000E+00
 1.19514307E-05
 6.04575332E-05
 7.98548903E-05
 1.44697552E-04
 8.32471108E-05
 2.08573327E-04
 3.02044411E-04
 2.77299999E-04
 5.24988973E-04
 1.24483370E-03
 9.12853231E-04
 1.15813007E-04
 1.89876734E-04
 3.07842080E-04
 1.60040202E-02
 2.61469380E-04
 5.40382241E-04
 3.75644207E-03
 8.99248863E-04
 2.25795367E-03
 2.43900863E-04
 5.02408944E-04
 1.34611268E-03
 8.44659869E-04
 2.40983224E-03
 3.52751061E-03
 7.74947141E-04
 1.86548137E-01
 1.05702204E-04
 1.48069355E-04
 2.63039367E-04
 2.43981246E-04
 4.73058821E-04
 8.20344937E-04
 2.14758850E-04
 4.82048505E-04
 4.22966117E-03
 7.82499518E-04
 7.28772617E-04
 1.00000000E+00
 1.00000000E+00
 1.00000000E+00
 1.00000000E+00
 1.00000000E+00
 1.00000000E+00
 1.00000000E+00
 1.00000000E+00
 1.00000000E+00
 1.00000000E+00
 1.00000000E+00
 1.00000000E+00
 1.98288443E-03
 2.01457830E-03
 2.09217305E-03
 1.96013472E-03
 1.73532216E-03
 1.37064186E-03
 1.14324800E-03
 1.51129557E-03
 1.59359734E-03
 1.75203966E-03
 1.79527206E-03
 1.87608912E-03
 1.85051810E-03
 1.14809172E-03
 1.18673416E-03
 1.25111069E-03
 1.30976988E-03
 1.45731413E-03
 8.11807507E-02
 8.51584672E-04
 9.05584732E-04
 9.36490355E-04
 9.38571634E-04
 4.81545526E-04
 5.56548117E-04
 5.52645242E-04
 8.64547422E-05
 1.07874190E-04
 5.90663898E-02
 3.75303029E-04
 3.01642135E-05
 3.78042043E-05
 4.66289875E-05
 1.04394606E-04
 7.72847259E-05
 1.53489091E-04
 3.50215422E-03
 7.10913543E-05
 1.15432923E-04
 9.44442467E-05
 1.19192714E-04
 1.62460033E-04
 8.24526998E-02
 1.13120300E-04
 1.20938343E-04
 1.46503524E-04
 2.24230895E-04
 3.89152470E-03
 2.03524505E-04
 2.50466734E-04
 3.24232396E-04
 1.51147179E-02
 4.03808952E-04
 5.15890858E-04
 4.17672208E-03
 8.28362035E-04
 5.01218314E-02
 2.05277763E-03
 6.69265207E-05
 1.92849140E-05
 5.03716257E-05
 1.13827567E-04
 1.48757906E-04
 8.21731205E-02
 6.47439009E-05
 1.53118468E-04
 1.74861495E-04
 2.35328608E-04
 4.07587507E-03
 2.31750372E-04
 2.45419965E-04
 3.84731724E-04
 1.04601603E-03
 3.91324540E-04
 5.69836371E-04
 1.24250152E-03
 1.00817657E-03
 3.78580408E-03
 3.03248719E-02
 7.21337680E-05
 9.42432629E-05
 1.33292086E-04
 2.54068721E-04
 1.32348976E-04
 2.54625033E-04
 3.53458497E-04
 3.36730796E-04
 5.79378781E-04
 1.29074510E-03
 1.01560514E-03
 8.57503871E-05
 2.43186896E-04
 3.03720642E-04
 1.62540011E-02
 2.22668456E-04
 5.54865131E-04
 4.19861191E-03
 9.14526562E-04
 3.65534741E-03
 1.60778916E-04
 4.92573056E-04
 7.36939779E-02
 7.72486055E-04
 6.65332524E-02
 5.01586639E-02
 6.39909011E-04
 5.94729023E-05
 2.50324177E-05
 2.99727801E-05
 5.10326688E-05
 6.57457450E-05
 1.32174636E-04
 7.43840807E-05
 8.45025339E-05
 9.56361701E-05
 1.38887447E-04
 1.30204305E-04
 8.29119477E-02
 6.32088929E-05
 6.39624333E-05
 1.54508667E-04
 2.35704301E-04
 1.58509266E-04
 2.32703060E-04
 2.92655155E-04
 3.46594202E-04
 4.84532608E-04
 7.58975417E-04
 1.52983412E-05
 3.34354921E-05
 7.45133030E-05
 8.35154180E-05
 1.37890954E-04
 8.19837727E-05
 1.73055402E-04
 2.02297824E-04
 2.43157296E-04
 1.51967288E-04
 2.42045225E-04
 4.02353697E-04
 3.10537041E-04
 5.80481850E-04
 9.52200806E-04
 2.21513835E-05
 1.01649661E-04
 1.68575156E-04
 2.19647731E-04
 9.15640986E-05
 2.14952635E-04
 3.77445049E-04
 3.77380126E-04
 5.50131541E-04
 1.59357806E-02
 1.03153635E-03
 1.18450825E-04
 2.03683749E-04
 3.41895357E-04
 2.67708256E-04
 5.86636044E-04
 9.64129064E-04
 2.74154727E-04
 5.39220322E-04
 4.29971637E-03
 8.40803909E-04
 7.27065510E-04
 1.78430663E-05
 6.33899704E-05
 5.14123095E-05
 1.33939849E-04
 1.17089730E-04
 8.31072546E-02
 6.30346379E-05
 8.27308802E-05
 1.34157366E-04
 2.01445501E-04
 4.21296488E-03
 1.10314610E-04
 2.14070640E-04
 3.44144078E-04
 1.04234379E-03
 3.27184161E-04
 5.25890905E-04
 1.23186337E-03
 8.93504937E-04
 3.91597373E-03
 3.31012416E-02
 9.29788601E-05
 1.01641608E-04
 1.51033376E-04
 2.07778694E-04
 1.69092785E-04
 2.13053416E-04
 3.64004960E-04
 3.82633755E-04
 5.24451885E-04
 1.66939040E-02
 9.97081417E-04
 1.40352494E-04
 1.77694031E-04
 3.43057763E-04
 1.11840594E-03
 2.67335770E-04
 5.50348413E-04
 1.74994776E-02
 9.20877701E-04
 1.10519750E-02
 3.11353790E-03
 2.48566358E-04
 5.23200066E-04
 1.39304505E-03
 8.67372183E-04
 2.46053064E-03
 3.65722986E-03
 7.77575149E-04
 4.11098145E-03
 5.23317080E-03
 1.00000000E+00
 4.21933355E-05
 3.58600347E-05
 1.12802824E-04
 1.58541062E-04
 1.13238821E-04
 1.69083030E-04
 3.07831664E-04
 2.96957001E-04
 5.25063871E-04
 1.23592953E-03
 9.13321235E-04
 1.41182467E-04
 1.83926050E-04
 3.01969034E-04
 1.60057615E-02
 2.96406348E-04
 5.44269338E-04
 3.77022116E-03
 9.17331374E-04
 2.23817843E-03
 2.51408876E-04
 5.16058530E-04
 1.34497299E-03
 8.56361602E-04
 2.41355612E-03
 3.50446255E-03
 7.81246981E-04
 1.86528584E-01
 1.30315356E-04
 1.57099310E-04
 2.86869079E-04
 2.68295618E-04
 4.84554827E-04
 8.32608589E-04
 2.28176184E-04
 4.85525284E-04
 4.23023817E-03
 7.92663808E-04
 7.35945016E-04
 1.00000000E+00
 1.00000000E+00
 1.00000000E+00
 1.00000000E+00
 1.00000000E+00
 1.00000000E+00
 1.00000000E+00
 1.00000000E+00
 1.00000000E+00
 1.00000000E+00
 1.00000000E+00
 1.00000000E+00
 6.46148070E-04
 4.20652752E-04
 2.34575742E-04
 7.45163404E-05
 4.48555639E-06
 1.82652759E-04
 1.93113004E-04
 1.95209800E-03
 2.04319600E-03
 2.16099501E-03
 2.24117365E-03
 2.06663115E-03
 1.61472871E-03
 1.58648038E-03
 1.64586252E-03
 1.68667562E-03
 1.92572671E-03
 1.97781153E-03
 8.06845261E-02
 1.13172124E-03
 1.21033795E-03
 1.34539757E-03
 1.37801607E-03
 8.57150168E-04
 8.61874178E-04
 9.29328154E-04
 4.92073955E-04
 4.76254014E-04
 5.84829585E-02
 1.46528127E-04
 2.23357365E-06
 9.46447269E-05
 7.29558228E-05
 9.36290921E-05
 8.87977437E-05
 1.61232876E-04
 3.50019040E-03
 5.92275984E-05
 1.36610605E-04
 1.22722737E-04
 1.27327495E-04
 1.66232290E-04
 8.23902181E-02
 9.43290962E-05
 1.31332938E-04
 1.45720694E-04
 2.30237495E-04
 3.87894845E-03
 2.11874986E-04
 2.49703487E-04
 3.13836040E-04
 1.50766178E-02
 3.87853322E-04
 5.20255354E-04
 4.17195931E-03
 7.88135195E-04
 4.97892454E-02
 1.99277806E-03
 4.70809177E-06
 3.75527587E-05
 2.64972155E-05
 1.05722590E-04
 1.46937526E-04
 8.21570020E-02
 2.82291298E-05
 1.53944428E-04
 1.87298097E-04
 2.35103549E-04
 4.07646125E-03
 1.91717408E-04
 2.56421961E-04
 3.86796325E-04
 1.04433660E-03
 3.70898873E-04
 5.75280768E-04
 1.24890640E-03
 9.70098745E-04
 3.77109847E-03
 2.97742530E-02
 6.86775855E-05
 1.39009850E-04
 1.04857738E-04
 2.82297074E-04
 1.30680961E-04
 2.61241644E-04
 3.50232921E-04
 3.30576882E-04
 5.84889800E-04
 1.28630866E-03
 9.63527886E-04
 9.72156293E-05
 2.67426112E-04
 2.91532830E-04
 1.62350548E-02
 2.41891017E-04
 5.59594093E-04
 4.18428401E-03
 9.34503673E-04
 3.64097020E-03
 1.78793312E-04
 4.85658581E-04
 7.35939684E-02
 7.76538249E-04
 6.62570083E-02
 4.94909373E-02
 6.46049494E-04
 7.61974248E-05
 4.36816545E-05
 4.98715277E-05
 1.59256552E-05
 6.88966188E-06
 3.54080277E-05
 7.38079234E-05
 6.60004682E-05
 4.59189987E-05
 1.01206734E-04
 1.19682184E-04
 8.28516877E-02
 7.54246953E-05
 1.03593546E-04
 1.01047630E-04
 2.16833717E-04
 1.42113029E-04
 2.88217182E-04
 3.15488533E-04
 3.16751254E-04
 5.42156199E-04
 7.48421950E-04
 4.43731548E-06
 5.33382044E-05
 6.38574052E-05
 8.20547363E-05
 1.49783235E-04
 8.01131737E-05
 1.97844306E-04
 2.12704683E-04
 2.44204783E-04
 1.33189872E-04
 2.52658672E-04
 4.12434502E-04
 2.91568872E-04
 5.84552116E-04
 9.80318820E-04
 7.56122280E-06
 1.26459469E-04
 1.73331164E-04
 2.16239023E-04
 1.15075622E-04
 2.27764682E-04
 4.16455757E-04
 4.17003123E-04
 5.60873927E-04
 1.58396328E-02
 1.05874724E-03
 8.56640616E-05
 2.29279181E-04
 3.41116409E-04
 2.66584657E-04
 5.92508512E-04
 9.85913738E-04
 2.96959941E-04
 5.42339711E-04
 4.29478698E-03
 8.54949648E-04
 7.34265070E-04
 2.72032682E-05
 5.73833319E-05
 6.94327264E-05
 1.34042291E-04
 1.20605042E-04
 8.30675012E-02
 5.53567818E-05
 7.61907153E-05
 1.31540749E-04
 1.95879785E-04
 4.20816866E-03
 1.43551929E-04
 1.98338590E-04
 3.46153412E-04
 1.04432981E-03
 3.41334623E-04
 5.34671042E-04
 1.22815823E-03
 9.14849772E-04
 3.89747169E-03
 3.28979092E-02
 7.32383681E-05
 5.58700674E-05
 1.31427681E-04
 2.04991295E-04
 1.64550971E-04
 2.20604807E-04
 4.00690787E-04
 3.90638334E-04
 5.41298591E-04
 1.66299168E-02
 1.01576052E-03
 1.35602169E-04
 1.63062697E-04
 3.42656419E-04
 1.12084035E-03
 3.14948765E-04
 5.37836303E-04
 1.75042149E-02
 9.59599764E-04
 1.09086579E-02
 3.11583686E-03
 2.54105765E-04
 5.26949756E-04
 1.39035246E-03
 8.80999983E-04
 2.44778685E-03
 3.63140206E-03
 7.78372392E-04
 4.11127680E-03
 5.22201215E-03
 1.00000000E+00
 4.28687523E-05
 7.24038884E-05
 1.45627122E-04
 1.68319047E-04
 1.06483316E-04
 1.89996889E-04
 3.16510448E-04
 2.97045948E-04
 5.25123005E-04
 1.23529759E-03
 9.50323621E-04
 1.48639670E-04
 2.09532220E-04
 3.07429951E-04
 1.60014042E-02
 3.57092813E-04
 5.50880031E-04
 3.76439181E-03
 9.49163525E-04
 2.21511478E-03
 2.55082944E-04
 5.19318291E-04
 1.33779309E-03
 8.67307122E-04
 2.39986817E-03
 3.50494326E-03
 7.80948790E-04
 1.46850920E-02
 1.19583482E-04
 1.53430425E-04
 2.79293263E-04
 2.83009537E-04
 4.93337202E-04
 8.40353400E-04
 2.46646481E-04
 4.85803022E-04
 4.23369123E-03
 8.02170510E-04
 7.37211062E-04
 1.00000000E+00
 1.00000000E+00
 1.00000000E+00
 1.00000000E+00
 1.00000000E+00
 1.00000000E+00
 1.00000000E+00
 1.00000000E+00
 1.00000000E+00
 1.00000000E+00
 1.00000000E+00
 1.00000000E+00
 4.22814808E-05
 9.26277041E-05
 7.43177464E-05
 9.79038143E-05
 8.52606480E-05
 6.26534194E-05
 3.13710264E-05
 1.11812039E-03
 8.28169253E-04
 5.58019772E-04
 2.17417631E-04
 2.99729750E-05
 1.88209111E-04
 2.08663552E-03
 2.15437934E-03
 2.26318084E-03
 2.48279477E-03
 2.25963334E-03
 8.12262637E-02
 1.58730688E-03
 1.71433420E-03
 1.93764294E-03
 2.03356033E-03
 1.18432167E-03
 1.23165204E-03
 1.33338404E-03
 8.63986879E-04
 9.30964117E-04
 5.78703005E-02
 2.97922166E-04
 1.23398318E-05
 6.58507071E-05
 5.78833042E-05
 9.16940018E-05
 8.52752052E-05
 1.75839725E-04
 3.51093974E-03
 8.27829389E-05
 1.06247903E-04
 1.14649428E-04
 1.22995979E-04
 1.58812332E-04
 8.23227892E-02
 1.37107727E-04
 1.54990718E-04
 1.54976776E-04
 2.34257485E-04
 3.87907653E-03
 2.11833526E-04
 2.58809978E-04
 3.30971469E-04
 1.50483988E-02
 3.90006922E-04
 5.11169934E-04
 4.16010448E-03
 8.14968321E-04
 4.94431927E-02
 1.99137827E-03
 6.63655850E-06
 3.27791868E-05
 2.95408985E-05
 8.36062264E-05
 1.60956231E-04
 8.21230842E-02
 7.05893032E-05
 1.56328367E-04
 1.84237470E-04
 2.29099375E-04
 4.07580105E-03
 1.97843766E-04
 2.58031743E-04
 3.82648816E-04
 1.03286323E-03
 3.97194280E-04
 5.64031724E-04
 1.23314459E-03
 1.00288048E-03
 3.72088396E-03
 2.93133051E-02
 9.01023197E-05
 1.32336852E-04
 1.08769899E-04
 2.69458718E-04
 1.43317939E-04
 2.51284275E-04
 3.53913142E-04
 3.31510857E-04
 5.73767353E-04
 1.27013102E-03
 1.00090278E-03
 1.12197194E-04
 2.40618335E-04
 3.05669624E-04
 1.62269245E-02
 2.56266524E-04
 5.55265032E-04
 4.18081316E-03
 9.33213257E-04
 3.60535310E-03
 1.85718979E-04
 4.86986861E-04
 7.34378135E-02
 7.73511491E-04
 6.59653357E-02
 4.87785958E-02
 6.49725560E-04
 7.54016052E-05
 7.00293222E-05
 1.01068530E-04
 7.16554803E-05
 4.78507577E-05
 6.39679922E-05
 5.97284102E-05
 9.30404808E-05
 5.42941790E-05
 6.80472879E-05
 1.08943434E-04
 8.28318910E-02
 1.32160200E-04
 1.38301137E-04
 9.81739607E-05
 2.18617702E-04
 1.69395489E-04
 2.10084221E-04
 2.49621386E-04
 3.46913900E-04
 5.26342773E-04
 7.46358033E-04
 4.79922115E-06
 3.99580973E-05
 7.09073758E-05
 9.65839060E-05
 1.61356570E-04
 8.62451702E-05
 1.69489235E-04
 2.13794351E-04
 2.41826592E-04
 1.52770200E-04
 2.48262271E-04
 4.01662743E-04
 2.91288311E-04
 5.85439808E-04
 1.02486750E-03
 1.68557403E-05
 1.31018188E-04
 1.73297976E-04
 2.06950214E-04
 1.06161744E-04
 2.24781868E-04
 3.98524061E-04
 3.95611540E-04
 5.69756885E-04
 1.57361999E-02
 1.04447812E-03
 1.14795381E-04
 2.44750452E-04
 3.57856308E-04
 2.66351478E-04
 5.93247872E-04
 9.80813698E-04
 2.81114942E-04
 5.45931444E-04
 4.28815735E-03
 8.56691150E-04
 7.38530507E-04
 3.98824504E-05
 5.75930218E-05
 5.68003236E-05
 8.23875629E-05
 1.12134807E-04
 8.30079727E-02
 6.61115796E-05
 9.91485086E-05
 1.21544571E-04
 1.61273687E-04
 4.20676090E-03
 1.45849067E-04
 2.07697501E-04
 3.29993416E-04
 1.04029868E-03
 3.40373767E-04
 5.35662781E-04
 1.19054051E-03
 9.61659636E-04
 3.88766446E-03
 3.26816130E-02
 7.94133924E-05
 7.00505438E-05
 1.54962955E-04
 2.00417930E-04
 1.56976451E-04
 2.26986495E-04
 3.92411439E-04
 3.89523534E-04
 5.58686580E-04
 1.65648264E-02
 1.01161154E-03
 1.34320245E-04
 1.72163566E-04
 3.60903345E-04
 1.10173096E-03
 3.23158053E-04
 5.58828006E-04
 1.74548198E-02
 9.62417907E-04
 1.07490199E-02
 3.04162693E-03
 2.61142233E-04
 5.36107763E-04
 1.40102612E-03
 8.89065409E-04
 2.43639461E-03
 3.61450551E-03
 7.84740755E-04
 4.11756625E-03
 5.21186811E-03
 1.00000000E+00
 3.71258058E-06
 5.98346715E-05
 1.14179298E-04
 1.44538399E-04
 1.30170003E-04
 2.19371682E-04
 3.35012410E-04
 3.16018128E-04
 5.19395274E-04
 1.22673055E-03
 9.12525969E-04
 1.51088593E-04
 2.10536904E-04
 3.13606049E-04
 1.59849088E-02
 3.24272256E-04
 5.60567432E-04
 3.76791299E-03
 9.50857178E-04
 2.19137715E-03
 2.75525989E-04
 5.27784503E-04
 1.35591220E-03
 8.76005403E-04
 2.39080859E-03
 3.47887140E-03
 7.89463020E-04
 1.46729396E-02
 8.03377245E-05
 1.70829782E-04
 2.88792439E-04
 2.97963574E-04
 5.00824885E-04
 8.46517475E-04
 2.48897280E-04
 4.99517439E-04
 4.24434369E-03
 8.16609892E-04
 7.64314291E-04
 1.00000000E+00
 1.00000000E+00
 1.00000000E+00
 1.00000000E+00
 1.00000000E+00
 1.00000000E+00
 1.00000000E+00
 1.00000000E+00
 1.00000000E+00
 1.00000000E+00
 1.00000000E+00
 1.00000000E+00
 2.33510034E-05
 2.18175572E-05
 3.27833464E-05
 4.63657917E-05
 8.02045501E-05
 1.17112775E-04
 6.74699422E-05
 1.23139858E-04
 1.45069355E-04
 1.34429116E-04
 1.35648034E-04
 1.30610177E-04
 2.29381202E-04
 1.61186122E-03
 1.22855739E-03
 7.39998562E-04
 2.70712117E-04
 4.57347915E-05
 8.31544820E-02
 2.16483575E-03
 2.33825741E-03
 2.56037453E-03
 2.68963506E-03
 1.71508167E-03
 1.89899442E-03
 2.07606179E-03
 1.17611303E-03
 1.29614893E-03
 5.69791508E-02
 7.88547792E-04
 4.58902865E-05
 2.71166029E-05
 3.22961190E-05
 9.29224898E-05
 6.94978752E-05
 1.77210529E-04
 3.50708651E-03
 7.58909990E-05
 7.75540167E-05
 1.12983342E-04
 1.38780450E-04
 1.62625051E-04
 8.22658031E-02
 1.35938086E-04
 1.78932640E-04
 1.63379245E-04
 2.35811368E-04
 3.87443885E-03
 1.59833993E-04
 2.77486650E-04
 3.55762884E-04
 1.50241146E-02
 3.34429020E-04
 5.24988563E-04
 4.16503733E-03
 8.01661185E-04
 4.91259067E-02
 1.95732441E-03
 3.98812380E-05
 2.34188258E-05
 2.75253441E-05
 7.38258560E-05
 1.68125240E-04
 8.20812578E-02
 7.95334449E-05
 1.61431699E-04
 1.83177440E-04
 2.38141146E-04
 4.07392804E-03
 1.69407538E-04
 2.73925171E-04
 3.91598332E-04
 1.03169399E-03
 3.82220640E-04
 5.86291238E-04
 1.24656843E-03
 9.78751655E-04
 3.73165452E-03
 2.88407186E-02
 1.00773955E-04
 1.25335948E-04
 1.11836988E-04
 2.65727732E-04
 1.44452934E-04
 2.51739526E-04
 3.66778008E-04
 3.30676703E-04
 5.91303643E-04
 1.27874304E-03
 1.05635507E-03
 1.27131680E-04
 2.17041379E-04
 3.22104088E-04
 1.62219072E-02
 2.81063831E-04
 5.68337276E-04
 4.18997009E-03
 9.64881707E-04
 3.60779289E-03
 1.97844880E-04
 4.94541087E-04
 7.32821927E-02
 7.94879284E-04
 6.56866948E-02
 4.81011110E-02
 6.58620553E-04
 1.20305342E-04
 6.21840275E-05
 1.11774286E-04
 9.13326734E-05
 4.28592246E-05
 6.99852900E-05
 1.52170250E-05
 5.73948177E-05
 1.90731484E-05
 4.23204338E-05
 6.80064373E-05
 8.27869811E-02
 1.26541254E-04
 1.49151894E-04
 1.18697665E-04
 1.90871423E-04
 2.00300509E-04
 2.50635241E-04
 3.16152058E-04
 3.48181489E-04
 5.15417854E-04
 6.76123105E-04
 2.23409307E-05
 8.51341804E-06
 5.88830766E-05
 1.19248392E-04
 1.58971112E-04
 8.49655031E-05
 1.36057063E-04
 2.12066466E-04
 2.53395743E-04
 1.72310699E-04
 2.42552987E-04
 3.87051084E-04
 3.09218684E-04
 6.02117789E-04
 1.00845947E-03
 1.71771345E-05
 1.25979050E-04
 1.62601024E-04
 2.21802908E-04
 9.85385342E-05
 2.22327583E-04
 3.79054576E-04
 3.93451201E-04
 5.96714560E-04
 1.56448139E-02
 1.08470541E-03
 1.40847813E-04
 2.56541026E-04
 3.69466572E-04
 2.77199567E-04
 6.03876136E-04
 1.01367273E-03
 2.66634595E-04
 5.49933559E-04
 4.27663037E-03
 8.77367966E-04
 7.48144495E-04
 7.83162836E-06
 5.15262080E-05
 2.97873912E-05
 7.45533354E-05
 1.13378944E-04
 8.30001573E-02
 7.29671035E-05
 1.42328114E-04
 1.43227495E-04
 1.89507110E-04
 4.21442166E-03
 1.43335058E-04
 2.23967711E-04
 3.39738010E-04
 1.03856658E-03
 3.54649212E-04
 5.44101183E-04
 1.21899386E-03
 9.38425323E-04
 3.89267940E-03
 3.25207401E-02
 6.65313671E-05
 6.41426428E-05
 1.56891431E-04
 2.07792992E-04
 1.40445214E-04
 2.22929098E-04
 3.71164764E-04
 3.97314332E-04
 5.82735216E-04
 1.64996122E-02
 1.05192152E-03
 1.22865785E-04
 1.70279469E-04
 3.65945257E-04
 1.11142982E-03
 3.35416984E-04
 5.82099595E-04
 1.74011017E-02
 9.96277821E-04
 1.06103803E-02
 3.05808613E-03
 2.64273206E-04
 5.39826999E-04
 1.40040072E-03
 9.10607530E-04
 2.42836013E-03
 3.63077853E-03
 7.91951180E-04
 4.11558491E-03
 5.20290401E-03
 1.00000000E+00
 7.66819514E-06
 4.40854853E-05
 1.08101170E-04
 1.52406175E-04
 1.35504874E-04
 2.28415567E-04
 3.34116660E-04
 3.44566659E-04
 5.29996864E-04
 1.24173037E-03
 9.20946684E-04
 1.44783570E-04
 2.09958970E-04
 3.20288007E-04
 1.59780971E-02
 2.88599699E-04
 5.64866467E-04
 3.75895865E-03
 9.77064422E-04
 2.18211399E-03
 2.86899502E-04
 5.25093110E-04
 1.35629128E-03
 8.92979870E-04
 2.37878295E-03
 3.48108952E-03
 7.94439221E-04
 1.46473902E-02
 6.04878724E-05
 1.38796076E-04
 2.46916407E-04
 3.05748642E-04
 4.97778633E-04
 8.78632870E-04
 2.66513926E-04
 4.97081352E-04
 4.23175608E-03
 8.34487482E-04
 7.83864195E-04
 1.00000000E+00
 1.00000000E+00
 1.00000000E+00
 1.00000000E+00
 1.00000000E+00
 1.00000000E+00
 1.00000000E+00
 1.00000000E+00
 1.00000000E+00
 1.00000000E+00
 1.00000000E+00
 1.00000000E+00
 6.20691321E-05
 7.07093518E-05
 4.80108888E-05
 6.93713555E-05
 9.62673906E-05
 9.71997103E-05
 1.20158696E-04
 1.45140884E-04
 1.62424518E-04
 1.85233736E-04
 1.56314380E-04
 1.62536796E-04
 2.91081031E-04
 1.11743324E-04
 1.57667152E-04
 2.15144477E-04
 1.60047592E-04
 2.16722255E-04
 8.32600653E-02
 2.13404161E-03
 1.47970594E-03
 7.40838388E-04
 4.26569658E-05
 2.38533457E-03
 2.55097867E-03
 2.76410522E-03
 1.82951716E-03
 2.06246842E-03
 5.60302362E-02
 1.14924984E-03
 4.35740714E-05
 2.92122689E-06
 9.33497834E-06
 5.71679683E-05
 4.63881013E-05
 1.46382430E-04
 3.42510213E-03
 7.53847563E-05
 1.01413105E-04
 1.26621548E-04
 1.69756792E-04
 1.96954927E-04
 8.22433191E-02
 1.57433120E-04
 1.80851949E-04
 1.68257164E-04
 2.39385223E-04
 3.86902043E-03
 1.70011879E-04
 2.84676855E-04
 3.66403087E-04
 1.49953552E-02
 3.53642673E-04
 5.34274998E-04
 4.16587113E-03
 8.34418218E-04
 4.88013024E-02
 1.96704867E-03
 4.08355408E-05
 2.45733961E-05
 3.25119354E-05
 7.96116135E-05
 1.70904139E-04
 8.20394343E-02
 9.98401836E-05
 1.57177293E-04
 1.84939570E-04
 2.41324377E-04
 4.06966639E-03
 1.79960645E-04
 2.76423952E-04
 3.96370421E-04
 1.03093187E-03
 4.04663452E-04
 5.97010643E-04
 1.24916881E-03
 1.03071497E-03
 3.73090678E-03
 2.84288838E-02
 9.74406572E-05
 1.35963216E-04
 1.20775012E-04
 2.65249612E-04
 1.55468600E-04
 2.51161031E-04
 3.73066115E-04
 3.43020525E-04
 6.02665399E-04
 1.27935218E-03
 1.10200283E-03
 1.27733248E-04
 2.20104350E-04
 3.24986256E-04
 1.62121894E-02
 3.06910778E-04
 5.76371216E-04
 4.19308936E-03
 9.90491118E-04
 3.59872157E-03
 2.04963834E-04
 4.99625834E-04
 7.31499033E-02
 8.10745853E-04
 6.53981219E-02
 4.73943469E-02
 6.64488395E-04
 2.47486814E-04
 1.95496435E-04
 2.19785965E-04
 2.40417286E-04
 2.20748688E-04
 2.07054651E-04
 9.32364303E-05
 2.34850444E-05
 5.17005572E-05
 2.44458206E-05
 4.89334656E-07
 8.27451721E-02
 9.67999172E-05
 7.14259027E-05
 7.43399466E-05
 1.36321625E-04
 2.26190848E-04
 2.43494769E-04
 2.83901126E-04
 3.58889495E-04
 4.99006777E-04
 8.06978586E-04
 1.93298162E-05
 3.85973608E-06
 5.86465493E-05
 1.25638640E-04
 1.61867890E-04
 8.45769350E-05
 1.37139239E-04
 2.19714298E-04
 2.58245857E-04
 1.86290357E-04
 2.48805949E-04
 3.93165238E-04
 3.36487731E-04
 6.15105095E-04
 1.01527215E-03
 2.31633874E-05
 1.26668635E-04
 1.63125056E-04
 2.24460741E-04
 1.02402061E-04
 2.27936265E-04
 3.83884595E-04
 3.98263487E-04
 6.08740467E-04
 1.55735728E-02
 1.10831041E-03
 1.55715074E-04
 2.60715683E-04
 3.72680453E-04
 2.88296105E-04
 6.12278012E-04
 1.03777552E-03
 2.61229744E-04
 5.54374948E-04
 4.27447728E-03
 8.92503988E-04
 7.56905172E-04
 4.31887478E-05
 3.47405750E-05
 3.11584177E-05
 7.31857161E-05
 1.08464690E-04
 8.29866145E-02
 8.40355630E-05
 1.59352713E-04
 1.54747643E-04
 2.13829262E-04
 4.21956048E-03
 1.53400360E-04
 2.19103935E-04
 3.42014823E-04
 1.04182646E-03
 3.70536110E-04
 5.50282348E-04
 1.22589724E-03
 9.26422782E-04
 3.90340126E-03
 3.23485679E-02
 4.38133260E-05
 6.37806417E-05
 1.57890497E-04
 2.10295581E-04
 1.40750385E-04
 2.23007955E-04
 3.70546429E-04
 4.09205653E-04
 5.98795629E-04
 1.64584225E-02
 1.07884227E-03
 1.26367748E-04
 1.79717795E-04
 3.69727635E-04
 1.11271912E-03
 3.39432067E-04
 5.92576986E-04
 1.73720388E-02
 1.02023657E-03
 1.04668858E-02
 3.05116328E-03
 2.67023558E-04
 5.43994378E-04
 1.40094048E-03
 9.27261785E-04
 2.42142588E-03
 3.63254428E-03
 8.02748321E-04
 4.11633585E-03
 5.19524183E-03
 1.00000000E+00
 1.81038471E-05
 3.16998752E-05
 1.15294259E-04
 1.63818017E-04
 1.38563550E-04
 2.16658439E-04
 2.94662123E-04
 3.68225542E-04
 5.39434093E-04
 1.24739633E-03
 9.50708515E-04
 1.16407776E-04
 1.89665824E-04
 3.22539817E-04
 1.59652126E-02
 2.73070742E-04
 5.73912264E-04
 3.72878026E-03
 1.00141051E-03
 2.17288504E-03
 2.79702847E-04
 5.28464211E-04
 1.35903920E-03
 9.07932932E-04
 2.37079791E-03
 3.48119272E-03
 8.02151202E-04
 1.46254542E-02
 5.66345503E-05
 1.48969430E-04
 2.72656759E-04
 3.03169163E-04
 5.02861166E-04
 8.98420926E-04
 2.65107474E-04
 4.94408654E-04
 4.23093320E-03
 8.53023564E-04
 7.89500708E-04
 1.00000000E+00
 1.00000000E+00
 1.00000000E+00
 1.00000000E+00
 1.00000000E+00
 1.00000000E+00
 1.00000000E+00
 1.00000000E+00
 1.00000000E+00
 1.00000000E+00
 1.00000000E+00
 1.00000000E+00
 5.22951890E-05
 8.08276844E-05
 8.69580460E-05
 5.84076531E-05
 5.72325192E-05
 1.29517584E-04
 1.30716849E-04
 3.96925245E-05
 7.73762838E-05
 1.32891532E-04
 1.83911454E-04
 1.24006405E-04
 2.44402082E-04
 1.42098832E-04
 1.34220747E-04
 2.09736382E-04
 2.00697743E-04
 2.19376752E-04
 8.32718075E-02
 3.23926020E-05
 1.74650572E-04
 1.99190736E-04
 2.27858494E-04
 2.42716568E-03
 1.30981963E-03
 1.44855894E-04
 2.57256795E-03
 2.85028273E-03
 5.62102543E-02
 2.06627287E-03
 3.80482383E-06
 6.83581235E-06
 1.58043469E-06
 1.74111314E-05
 3.99408017E-05
 1.25239426E-04
 3.49579635E-03
 7.68457848E-05
 1.48944519E-04
 1.52726609E-04
 2.04705479E-04
 2.47089807E-04
 8.22458451E-02
 1.96104954E-04
 1.59527904E-04
 1.68493147E-04
 2.43762544E-04
 3.86172199E-03
 2.34215270E-04
 2.78104331E-04
 3.60525955E-04
 1.49598918E-02
 4.35033013E-04
 5.34914532E-04
 4.15858323E-03
 8.97436994E-04
 4.84626907E-02
 2.00234463E-03
 1.12172494E-05
 3.60821688E-05
 4.43016250E-05
 1.00831017E-04
 1.69017563E-04
 8.19974155E-02
 1.27006182E-04
 1.42659452E-04
 1.88676946E-04
 2.37859555E-04
 4.06189609E-03
 2.44269070E-04
 2.64489247E-04
 3.96175889E-04
 1.02949876E-03
 4.64623817E-04
 5.92826321E-04
 1.23771737E-03
 1.13603737E-03
 3.71144418E-03
 2.80512045E-02
 7.85243943E-05
 1.63922198E-04
 1.35190622E-04
 2.67632233E-04
 1.73025353E-04
 2.48553947E-04
 3.71528211E-04
 3.74676523E-04
 6.05260833E-04
 1.26944683E-03
 1.13389112E-03
 1.13030649E-04
 2.49448058E-04
 3.13897886E-04
 1.61972784E-02
 3.31610117E-04
 5.77940435E-04
 4.18893993E-03
 1.00598106E-03
 3.57552850E-03
 2.07193161E-04
 5.01585343E-04
 7.30407558E-02
 8.19459648E-04
 6.50986484E-02
 4.66567418E-02
 6.68766688E-04
 4.62605490E-04
 4.00930989E-04
 4.20559253E-04
 4.55859858E-04
 4.58572138E-04
 4.39542457E-04
 1.92071794E-04
 1.12559667E-04
 1.40743171E-04
 1.55220407E-04
 1.45295986E-04
 8.25768077E-02
 2.17208141E-05
 2.48263572E-05
 1.89193910E-05
 5.40338376E-05
 1.48402947E-04
 1.97834583E-04
 1.86741339E-04
 3.28095253E-04
 5.16878880E-04
 7.94141805E-04
 4.19083182E-06
 2.78864047E-05
 7.00497077E-05
 1.15454721E-04
 1.69785464E-04
 8.37887427E-05
 1.72587076E-04
 2.34367999E-04
 2.54228641E-04
 1.92873111E-04
 2.65166405E-04
 4.18021254E-04
 3.69265493E-04
 6.20208245E-04
 1.04428560E-03
 3.44611437E-05
 1.32688314E-04
 1.74475042E-04
 2.14412516E-04
 1.16631483E-04
 2.40085673E-04
 4.11875548E-04
 4.07486524E-04
 6.02913774E-04
 1.55199754E-02
 1.10923124E-03
 1.58801685E-04
 2.56637401E-04
 3.66981017E-04
 2.98214468E-04
 6.16792594E-04
 1.05002312E-03
 2.64335758E-04
 5.58573535E-04
 4.28116324E-03
 9.00340618E-04
 7.63966219E-04
 3.38785366E-05
 4.31850313E-05
 6.07769927E-05
 7.48225703E-05
 9.82197674E-05
 8.29665115E-02
 8.75712898E-05
 1.39511281E-04
 1.67018406E-04
 2.21700847E-04
 4.21873306E-03
 1.73214288E-04
 2.36222765E-04
 3.34396645E-04
 1.04760797E-03
 3.80406695E-04
 5.70880015E-04
 1.20586582E-03
 9.30187887E-04
 3.90946665E-03
 3.21465577E-02
 1.24672194E-05
 6.97231723E-05
 1.57344489E-04
 2.07251268E-04
 1.56154480E-04
 2.25561202E-04
 4.05912203E-04
 4.22038902E-04
 6.03379365E-04
 1.64382207E-02
 1.08593564E-03
 1.44359487E-04
 1.99890584E-04
 3.71455044E-04
 1.10486495E-03
 3.33466477E-04
 5.88371290E-04
 1.73661490E-02
 1.03074139E-03
 1.03148696E-02
 3.01333009E-03
 2.68651620E-04
 5.47795053E-04
 1.40221970E-03
 9.37719683E-04
 2.41426438E-03
 3.61786633E-03
 8.16351983E-04
 4.11916162E-03
 5.18843004E-03
 1.00000000E+00
 4.68085710E-05
 1.12652802E-05
 1.32497663E-04
 1.75873666E-04
 1.36773280E-04
 1.86542933E-04
 3.28678564E-04
 3.82634855E-04
 5.42888258E-04
 1.23911417E-03
 9.91971567E-04
 7.41885464E-05
 1.55660028E-04
 3.19252055E-04
 1.59449521E-02
 2.75585385E-04
 5.85505366E-04
 3.76190640E-03
 1.01963702E-03
 2.15937394E-03
 2.52952992E-04
 5.36843751E-04
 1.36311252E-03
 9.18841246E-04
 2.36511316E-03
 3.47703384E-03
 8.11645755E-04
 1.46067143E-02
 3.06203134E-05
 1.26367298E-04
 2.65603621E-04
 2.87907901E-04
 5.14645866E-04
 9.00723791E-04
 2.42683754E-04
 4.92856186E-04
 4.24041758E-03
 8.69643874E-04
 7.80131824E-04
 1.00000000E+00
 1.00000000E+00
 1.00000000E+00
 1.00000000E+00
 1.00000000E+00
 1.00000000E+00
 1.00000000E+00
 1.00000000E+00
 1.00000000E+00
 1.00000000E+00
 1.00000000E+00
 1.00000000E+00
 6.04763196E-08
 6.15064788E-05
 1.10670897E-04
 7.20518445E-06
 7.79611538E-05
 1.63344872E-04
 1.30566014E-04
 8.48359612E-05
 1.29388841E-04
 1.11939033E-04
 7.90909307E-05
 6.97728630E-05
 1.79482876E-04
 1.17183650E-04
 1.34119624E-04
 2.13430093E-04
 1.84935115E-04
 2.26248788E-04
 8.32829731E-02
 2.04344556E-04
 2.20295420E-04
 2.33786386E-04
 2.82683490E-04
 1.28780329E-04
 3.30646251E-04
 4.14255455E-04
 2.29135855E-03
 4.12383040E-04
 5.78666067E-02
 2.88906110E-03
 2.98469943E-05
 3.86401594E-05
 4.10439564E-05
 9.26477758E-06
 4.48916558E-05
 1.64201436E-04
 3.54302746E-03
 9.92612492E-06
 5.87995788E-05
 1.20462791E-04
 6.98290956E-05
 1.47759850E-04
 8.21309566E-02
 1.54723590E-04
 1.35083205E-04
 1.64524071E-04
 2.42299643E-04
 3.84626293E-03
 1.94580396E-04
 2.74522790E-04
 3.55478882E-04
 1.49217409E-02
 3.80341081E-04
 5.46462325E-04
 4.15626016E-03
 8.33499107E-04
 4.81337095E-02
 1.91463134E-03
 1.71128597E-05
 4.23553507E-05
 5.02952324E-05
 1.33998697E-04
 1.59418288E-04
 8.19467892E-02
 9.14243407E-05
 1.28272199E-04
 1.91841742E-04
 2.46902003E-04
 4.05033322E-03
 2.07813233E-04
 2.67980411E-04
 4.11623742E-04
 1.03847699E-03
 4.03954467E-04
 6.14788643E-04
 1.24894643E-03
 1.04523056E-03
 3.73138141E-03
 2.75286378E-02
 3.96825121E-05
 1.90454196E-04
 1.47492900E-04
 2.78040774E-04
 1.59487191E-04
 2.52773477E-04
 3.75768816E-04
 3.68032660E-04
 6.29286021E-04
 1.27714364E-03
 1.12983075E-03
 9.40189220E-05
 2.80654008E-04
 3.03158193E-04
 1.61842219E-02
 3.57545861E-04
 5.92837545E-04
 4.19401252E-03
 1.03795139E-03
 3.58323579E-03
 2.14084680E-04
 5.07905305E-04
 7.29311195E-02
 8.49045087E-04
 6.48097096E-02
 4.59523307E-02
 6.79779029E-04
 6.13571201E-04
 6.13636651E-04
 6.39118661E-04
 6.07586414E-04
 6.62058794E-04
 6.48087851E-04
 3.00724895E-04
 3.05641630E-04
 3.23052514E-04
 3.82889841E-04
 4.10892045E-04
 8.22854211E-02
 6.51775564E-06
 4.85324844E-05
 7.73444866E-07
 3.75366910E-05
 8.51962040E-05
 9.12811906E-05
 1.84839271E-04
 2.57110282E-04
 4.18884327E-04
 8.10535703E-04
 1.00824735E-05
 4.68881648E-05
 6.16538717E-05
 1.12803841E-04
 1.62563863E-04
 6.96875889E-05
 2.04201489E-04
 2.32943501E-04
 2.52356715E-04
 1.93441310E-04
 2.73981147E-04
 4.32721508E-04
 4.08796412E-04
 6.28708904E-04
 1.03468455E-03
 3.55859429E-05
 1.27761561E-04
 1.73753058E-04
 2.27437813E-04
 1.28814678E-04
 2.48979178E-04
 4.34714026E-04
 4.28376576E-04
 6.06834623E-04
 1.54707394E-02
 1.14914517E-03
 1.57092749E-04
 2.47188093E-04
 3.54064419E-04
 3.15048280E-04
 6.26772318E-04
 1.09171193E-03
 2.67018957E-04
 5.61123367E-04
 4.28163205E-03
 9.23137835E-04
 7.74109299E-04
 1.87483892E-05
 5.25854697E-05
 7.07064269E-05
 9.62896112E-05
 1.07786967E-04
 8.29980805E-02
 6.26724422E-05
 8.68999513E-05
 1.33288434E-04
 2.12034229E-04
 4.21125653E-03
 1.81668846E-04
 2.40361695E-04
 3.49839636E-04
 1.05257589E-03
 3.73602492E-04
 5.61290317E-04
 1.23990624E-03
 9.34750517E-04
 3.89914357E-03
 3.19438791E-02
 2.68895086E-05
 6.33784002E-05
 1.32657974E-04
 2.13905757E-04
 1.57944456E-04
 2.12650425E-04
 4.17391424E-04
 4.34304825E-04
 6.04277929E-04
 1.64076413E-02
 1.11783837E-03
 1.50032952E-04
 2.06643650E-04
 3.57473918E-04
 1.12408466E-03
 3.26447850E-04
 5.80780823E-04
 1.73510186E-02
 1.06221508E-03
 1.01743390E-02
 3.04604678E-03
 2.64098752E-04
 5.43641482E-04
 1.39014963E-03
 9.56768908E-04
 2.40649437E-03
 3.63249443E-03
 8.28414438E-04
 4.11228190E-03
 5.18143547E-03
 1.00000000E+00
 1.13445781E-05
 3.02756370E-05
 1.55603519E-04
 2.05016704E-04
 1.25909904E-04
 1.72169948E-04
 3.29875280E-04
 3.94559046E-04
 5.50807031E-04
 1.24328027E-03
 1.04396847E-03
 8.55251671E-05
 1.67263018E-04
 3.13794271E-04
 1.59315237E-02
 2.68727086E-04
 5.84375895E-04
 3.74651392E-03
 1.04988019E-03
 2.14738619E-03
 2.14053169E-04
 5.30750740E-04
 1.34656116E-03
 9.31915550E-04
 2.35092686E-03
 3.49513887E-03
 8.14671491E-04
 1.45729450E-02
 4.22230786E-05
 1.53699730E-04
 3.02386497E-04
 2.67040059E-04
 5.19662290E-04
 9.12914108E-04
 2.28565998E-04
 4.90621002E-04
 4.22207233E-03
 8.81978571E-04
 7.59338404E-04
 1.00000000E+00
 1.00000000E+00
 1.00000000E+00
 1.00000000E+00
 1.00000000E+00
 1.00000000E+00
 1.00000000E+00
 1.00000000E+00
 1.00000000E+00
 1.00000000E+00
 1.00000000E+00
 1.00000000E+00
 1.28073567E-05
 4.05371620E-05
 8.20960131E-06
 8.00584906E-05
 1.78201942E-04
 1.87682265E-04
 1.20222075E-04
 9.75099426E-05
 5.57086771E-05
 1.25188815E-04
 1.61702855E-04
 1.99102917E-04
 2.54644185E-04
 9.44826749E-05
 1.81890038E-04
 2.08032526E-04
 1.82304771E-04
 1.63395141E-04
 8.32683831E-02
 2.28971436E-04
 1.97228720E-04
 1.88644828E-04
 3.58263182E-04
 2.77962393E-04
 2.98950721E-04
 3.71740935E-04
 4.49866289E-04
 5.80607553E-04
 5.80365568E-02
 1.10702935E-03
 4.09936029E-05
 4.80021174E-05
 5.44628471E-05
 4.20455872E-05
 8.52483160E-05
 1.07501953E-04
 3.46308802E-03
 5.59321656E-05
 1.83056594E-05
 8.95603086E-05
 1.32372380E-04
 1.91905170E-04
 8.20763412E-02
 1.15327920E-04
 1.52453280E-04
 1.96088387E-04
 2.54976142E-04
 3.83079849E-03
 2.31857909E-04
 3.01793146E-04
 3.68689059E-04
 1.48499621E-02
 3.72850334E-04
 5.58850932E-04
 4.15970480E-03
 8.40676344E-04
 4.77939664E-02
 1.87908941E-03
 4.46478739E-06
 5.81733715E-05
 6.62922389E-05
 1.34612758E-04
 1.60857825E-04
 8.18784489E-02
 4.67271990E-05
 1.25510730E-04
 1.81866603E-04
 2.53584179E-04
 4.04367984E-03
 1.83795180E-04
 3.03478346E-04
 4.19170590E-04
 1.04292001E-03
 3.91545075E-04
 6.25023834E-04
 1.25255682E-03
 1.02860500E-03
 3.71067255E-03
 2.70576099E-02
 8.66887643E-06
 1.53063523E-04
 1.33608669E-04
 2.81538816E-04
 1.34137110E-04
 2.45777604E-04
 3.77381816E-04
 3.64438424E-04
 6.45363750E-04
 1.28779502E-03
 1.08449418E-03
 8.15442282E-05
 2.56852317E-04
 3.04646099E-04
 1.61862496E-02
 3.38344266E-04
 6.00783952E-04
 4.19851577E-03
 1.05805556E-03
 3.57483723E-03
 2.11001424E-04
 5.08523514E-04
 7.27881444E-02
 8.61965575E-04
 6.45095642E-02
 4.52157352E-02
 6.87260760E-04
 7.93317765E-04
 7.86757298E-04
 8.34476213E-04
 8.53614499E-04
 8.89738725E-04
 8.14914009E-04
 5.31679791E-04
 5.25363699E-04
 5.75044409E-04
 6.74135463E-04
 6.42530915E-04
 8.20212333E-02
 2.33453126E-04
 2.50990467E-04
 2.75265540E-04
 3.41909413E-04
 3.12664127E-05
 9.10940170E-05
 1.32984718E-04
 2.11644309E-04
 3.70741136E-04
 7.32857343E-04
 1.13047049E-05
 4.98070323E-05
 7.56168566E-05
 1.02839613E-04
 1.58308982E-04
 4.16129792E-05
 2.02319772E-04
 2.23170484E-04
 2.63067322E-04
 1.53254123E-04
 2.74018105E-04
 4.42878757E-04
 4.02620949E-04
 6.33727525E-04
 1.03901596E-03
 2.60986052E-05
 1.13158757E-04
 1.76015930E-04
 2.32421456E-04
 1.39917610E-04
 2.54882768E-04
 4.05184521E-04
 3.99580828E-04
 6.28300534E-04
 1.54199082E-02
 1.17117441E-03
 1.46268982E-04
 2.23856102E-04
 3.59758267E-04
 3.09620478E-04
 6.34616069E-04
 1.11259526E-03
 2.75448737E-04
 5.64890912E-04
 4.28622088E-03
 9.39029866E-04
 7.77901044E-04
 2.28616909E-05
 2.50865264E-05
 3.39744366E-05
 8.12013801E-05
 1.19974594E-04
 8.29633149E-02
 4.94187117E-05
 9.82913626E-05
 1.39646001E-04
 2.16172039E-04
 4.21727120E-03
 2.20917874E-04
 2.49997651E-04
 3.63125128E-04
 1.05551595E-03
 3.75417744E-04
 5.67089092E-04
 1.24766379E-03
 9.40462773E-04
 3.89300192E-03
 3.17241409E-02
 2.70208239E-05
 8.08936928E-05
 1.38130940E-04
 2.13516030E-04
 1.52551927E-04
 2.28361497E-04
 3.90126293E-04
 4.13266777E-04
 5.91462491E-04
 1.63824196E-02
 1.13443785E-03
 1.07278247E-04
 2.04216555E-04
 3.62557299E-04
 1.12091806E-03
 3.47005656E-04
 6.04325828E-04
 1.72883688E-02
 1.08750188E-03
 1.00303778E-02
 3.04513266E-03
 2.71227206E-04
 5.56278455E-04
 1.39593626E-03
 9.78475036E-04
 2.38336202E-03
 3.64434746E-03
 8.43303602E-04
 4.11065618E-03
 5.17597422E-03
 1.00000000E+00
 3.21133333E-05
 4.59107083E-05
 1.58625235E-04
 1.96783789E-04
 1.17987753E-04
 2.06808109E-04
 3.40173863E-04
 3.80317956E-04
 5.69790867E-04
 1.24876126E-03
 1.01580155E-03
 9.78520745E-05
 2.12254200E-04
 3.21241518E-04
 1.59473002E-02
 2.99133092E-04
 5.90836211E-04
 3.74560281E-03
 1.07133316E-03
 2.13533419E-03
 2.33886489E-04
 5.36942756E-04
 1.34990408E-03
 9.53224365E-04
 2.32693087E-03
 3.49390954E-03
 8.26189978E-04
 1.45602617E-02
 6.93112698E-05
 1.35925413E-04
 2.89494373E-04
 2.83762369E-04
 5.22718400E-04
 9.21952878E-04
 2.27692689E-04
 4.95753600E-04
 4.21423500E-03
 8.90790468E-04
 7.78114347E-04
 1.00000000E+00
 1.00000000E+00
 1.00000000E+00
 1.00000000E+00
 1.00000000E+00
 1.00000000E+00
 1.00000000E+00
 1.00000000E+00
 1.00000000E+00
 1.00000000E+00
 1.00000000E+00
 1.00000000E+00
 3.28929234E-05
 4.37046830E-05
 8.08779285E-05
 1.01626072E-04
 1.24716391E-04
 2.19776346E-04
 1.74631478E-04
 1.11964629E-04
 1.56895849E-04
 1.53025325E-04
 1.61697549E-04
 1.98574776E-04
 2.55662753E-04
 1.20558111E-04
 1.69372995E-04
 2.11541969E-04
 2.24466599E-04
 2.16867973E-04
 8.32794658E-02
 2.16005972E-04
 2.81205129E-04
 2.33447368E-04
 3.23139330E-04
 2.78008559E-04
 3.59016773E-04
 3.47602014E-04
 4.41623160E-04
 5.52044920E-04
 5.82058179E-02
 7.88305437E-04
 4.51394670E-06
 7.50468387E-06
 4.19886386E-05
 2.50091100E-05
 5.03038205E-05
 1.58779263E-04
 3.57090015E-03
 6.55147262E-05
 9.27605021E-05
 1.10770450E-04
 1.53668086E-04
 1.70215287E-04
 8.20193969E-02
 1.33144932E-04
 1.09028192E-04
 2.09488671E-04
 2.76004387E-04
 3.83332057E-03
 1.74468932E-04
 2.40384486E-04
 3.32094481E-04
 1.47391699E-02
 4.51967211E-04
 5.93748794E-04
 4.14505116E-03
 8.44795165E-04
 4.74469909E-02
 1.85477410E-03
 1.58591111E-05
 4.98049638E-05
 6.82872976E-05
 9.98554330E-05
 1.58836881E-04
 8.17919327E-02
 4.49015280E-05
 1.17351089E-04
 1.86974217E-04
 2.58345652E-04
 4.03515195E-03
 1.82195940E-04
 2.83822933E-04
 4.16859579E-04
 1.04612802E-03
 4.05095190E-04
 6.32692709E-04
 1.25292945E-03
 1.04129713E-03
 3.69031217E-03
 2.66111399E-02
 2.37354745E-05
 1.24254437E-04
 1.29263562E-04
 2.80577611E-04
 1.56325681E-04
 2.67808199E-04
 3.73677781E-04
 3.75027774E-04
 6.53375749E-04
 1.29984141E-03
 1.12264234E-03
 8.45989356E-05
 2.57272425E-04
 3.32260729E-04
 1.61755600E-02
 2.94186760E-04
 6.09341985E-04
 4.18648107E-03
 1.07729944E-03
 3.56803121E-03
 2.18105740E-04
 5.10781851E-04
 7.26312730E-02
 8.76941085E-04
 6.42067288E-02
 4.44736713E-02
 6.95398787E-04
 9.81513188E-04
 9.61274777E-04
 9.98713803E-04
 1.03924352E-03
 1.12294528E-03
 1.13664005E-03
 8.27990141E-04
 7.45931918E-04
 7.79493852E-04
 8.23967419E-04
 8.65039726E-04
 8.17414149E-02
 4.91262273E-04
 5.09260714E-04
 5.37652631E-04
 5.66023465E-04
 7.51543819E-05
 1.47874622E-04
 1.81618806E-04
 1.85313059E-04
 3.54577058E-04
 6.53330764E-04
 3.34655714E-05
 6.55569518E-05
 6.70398335E-05
 9.65925361E-05
 1.35010812E-04
 5.63738515E-05
 1.59829302E-04
 2.01293660E-04
 2.60360787E-04
 1.52076457E-04
 2.89706367E-04
 4.26081016E-04
 4.23919445E-04
 6.40814814E-04
 1.05134839E-03
 5.42614614E-06
 1.00481665E-04
 1.63737502E-04
 2.32101689E-04
 1.39860421E-04
 2.63453290E-04
 3.62850194E-04
 3.79658223E-04
 6.30368008E-04
 1.53100647E-02
 1.19367267E-03
 1.13767333E-04
 2.30526717E-04
 3.60287466E-04
 3.22943681E-04
 6.41956854E-04
 1.13123840E-03
 2.67097798E-04
 5.68086495E-04
 4.26926900E-03
 9.57543528E-04
 7.87100595E-04
 2.36223294E-05
 4.35887774E-06
 6.68504529E-06
 9.77268171E-05
 1.11665619E-04
 8.29399136E-02
 1.51485511E-05
 8.69581160E-05
 1.38839619E-04
 2.03571672E-04
 4.20858945E-03
 2.09152831E-04
 2.23015384E-04
 3.53358592E-04
 1.05179367E-03
 3.82855884E-04
 5.66522505E-04
 1.24400116E-03
 9.42004849E-04
 3.88124529E-03
 3.14807390E-02
 1.74416271E-05
 1.01842623E-04
 1.35654197E-04
 2.11274145E-04
 1.32529788E-04
 2.54391075E-04
 3.57760626E-04
 3.90698906E-04
 6.18753302E-04
 1.62989815E-02
 1.15965718E-03
 1.25569908E-04
 2.10822908E-04
 3.65470837E-04
 1.12580637E-03
 3.54569322E-04
 5.93240522E-04
 1.72569941E-02
 1.09959975E-03
 9.88028046E-03
 3.04748855E-03
 2.65568061E-04
 5.59390610E-04
 1.39289120E-03
 9.99098964E-04
 2.36989644E-03
 3.65337294E-03
 8.35766334E-04
 4.10757123E-03
 5.17090113E-03
 1.00000000E+00
 6.57015731E-05
 7.38028940E-05
 1.13791079E-04
 1.69069694E-04
 1.10061353E-04
 2.10864009E-04
 3.34643697E-04
 3.57650162E-04
 5.68971426E-04
 1.25262336E-03
 1.05243880E-03
 1.13174305E-04
 2.49119926E-04
 3.19037988E-04
 1.59304530E-02
 2.98145246E-04
 5.94939741E-04
 3.73601025E-03
 1.09089308E-03
 2.11340455E-03
 2.57689704E-04
 5.42921099E-04
 1.34451287E-03
 9.72632351E-04
 2.31104322E-03
 3.48998065E-03
 8.49157582E-04
 1.45357654E-02
 1.10596952E-04
 1.30296596E-04
 2.52110333E-04
 3.19781603E-04
 5.19136194E-04
 9.49414922E-04
 2.45924903E-04
 4.96900213E-04
 4.20751462E-03
 8.97785127E-04
 7.93197005E-04
 1.00000000E+00
 1.00000000E+00
 1.00000000E+00
 1.00000000E+00
 1.00000000E+00
 1.00000000E+00
 1.00000000E+00
 1.00000000E+00
 1.00000000E+00
 1.00000000E+00
 1.00000000E+00
 1.00000000E+00
