 4.46950068E-01
 4.67223891E-01
 4.93912749E-01
 5.27433349E-01
 5.74952082E-01
 5.62319708E-01
 6.45737485E-01
 3.30935620E-01
 3.57330402E-01
 3.47179980E-01
 3.43558319E-01
 3.34815015E-01
 3.26677481E-01
 2.62411047E-01
 2.50351822E-01
 2.49680529E-01
 2.43395650E-01
 1.50340293E-02
 1.14168669E-01
 8.12752313E-01
 1.44477167E+00
 1.24928443E+00
 1.08299583E+00
 1.09109405E+00
 9.36551588E-01
 8.29509803E-01
 1.12267541E-01
 3.85019675E-01
 7.88254133E-01
 4.11986254E-02
 7.98269395E-03
 8.85220932E-03
 9.85765754E-03
 1.09627064E-02
 1.21776225E-02
 2.98715822E-01
 4.20961917E-01
 2.08506628E-01
 2.04817527E-01
 3.33065744E-02
 5.25797438E-03
 5.75273962E-03
 1.22494228E-01
 1.20333695E-01
 1.35892317E-01
 1.41076772E-01
 1.50325382E-01
 4.64988128E-01
 8.13689144E-03
 1.20203124E-02
 2.50893375E-01
 2.03791920E-01
 6.17743554E-02
 8.41738708E-03
 1.23819639E-02
 1.99079716E-03
 3.96221028E-02
 2.88870183E+00
 7.28349697E-03
 8.25126371E-03
 3.70819037E-01
 8.42990749E-02
 2.30870458E-02
 1.20162998E-01
 4.49795496E-03
 3.14359965E-03
 4.16695408E-03
 5.91111958E-03
 1.05775842E-02
 6.20400705E-03
 7.51993216E-03
 1.55742487E-01
 2.20359988E-01
 1.45842519E-01
 6.98764576E-03
 5.19982618E-03
 1.47858159E-01
 1.65117822E-01
 2.20255743E-01
 1.13613982E-01
 1.84347076E-02
 6.51708865E-03
 4.56385098E-03
 1.27196477E-04
 4.81341894E-03
 7.69640216E-03
 1.81185871E-01
 9.99792376E-02
 2.22622078E-02
 9.33024902E-03
 3.44894405E-03
 9.16015914E-02
 1.61942599E-01
 9.19891463E-02
 4.05336305E-02
 1.90660198E-02
 1.97137467E-01
 7.39215152E-02
 2.69298929E-03
 1.59674646E-02
 7.76113749E-04
 1.94351795E-01
 2.92037693E-03
 2.18488869E-01
 2.94277366E-01
 1.82684335E-01
 2.74683156E-02
 2.88939811E-02
 3.04090349E-02
 3.19570895E-02
 3.38435438E-02
 4.99065626E-01
 1.95730665E-02
 3.37092487E-01
 3.06112376E-01
 1.16060767E-01
 1.10754458E-01
 6.49609149E-02
 7.48449041E-01
 5.15945589E-01
 2.67708339E-01
 2.60868909E-01
 3.52306929E-02
 3.75214794E-02
 4.12586948E-02
 3.62768417E-02
 4.62266593E-01
 3.92756179E-01
 1.34506746E-02
 5.36489248E-01
 8.86568570E-02
 3.21829322E-02
 1.41141372E-02
 8.70259851E-03
 5.55456530E-03
 7.35710732E-03
 9.83991434E-03
 7.86658797E-03
 1.17448225E-02
 1.60550987E-01
 1.69340898E-01
 5.51680468E-02
 1.74867574E-01
 3.06564551E-02
 6.50825559E-03
 6.57369039E-03
 8.52385489E-03
 3.83368063E-02
 6.59914689E-03
 1.04605558E-02
 1.05390943E-01
 2.53383351E-02
 9.66157335E-02
 3.33716461E-02
 4.61374084E-03
 7.07782819E-03
 1.76185633E-01
 6.51319580E-02
 5.78219309E-02
 1.07037904E-01
 1.75375625E-02
 1.64299596E-03
 1.32993623E-02
 3.17312938E-03
 3.35949716E-02
 1.20427916E-01
 6.34121505E-02
 2.45106505E-02
 2.15074961E-02
 2.37435195E-02
 1.52332252E-01
 1.12392504E-02
 1.35205087E-02
 1.60415307E-02
 1.92001050E-02
 3.75580155E-01
 2.11409668E-02
 3.91906095E-02
 7.14143091E-01
 2.98504596E-01
 4.25483087E-01
 1.71176899E-01
 2.32422046E-02
 2.59605240E-02
 1.59055891E-01
 1.26676739E+00
 9.69127665E-03
 1.08546446E-02
 1.26593570E-02
 1.54931064E-02
 6.99086941E-03
 9.85312269E-03
 2.58830542E-01
 1.81225995E-01
 2.08231679E-02
 8.48084519E-02
 4.66694551E-02
 7.53387049E-03
 1.02703336E-02
 1.65326502E-01
 8.14785630E-02
 1.98035130E-01
 1.33828589E-01
 5.18388139E-01
 1.75875905E-01
 7.36451015E-03
 5.07235865E-03
 1.53365478E-02
 5.18919148E-03
 6.70537804E-03
 4.05550597E-03
 1.46852052E-01
 1.52451818E-02
 2.84941101E-02
 7.43411701E-03
 9.12833849E-03
 1.00000000E+00
 1.73070606E-02
 4.28113250E-01
 5.37624635E-01
 3.87293171E-02
 3.65813222E-01
 2.07482089E-02
 1.15372005E-02
 1.00318884E-02
 1.70567913E-02
 7.94716075E-02
 3.12758483E-01
 1.78786943E-01
 2.99282103E-01
 2.67372641E-02
 7.13953192E-02
 1.41626134E-01
 8.62666538E-02
 1.74357978E-02
 4.82062067E-02
 1.15471575E-01
 6.05869583E-02
 1.88499338E-02
 1.21629831E-02
 9.07536798E-03
 1.21726389E-01
 1.55256423E-03
 3.05228160E-03
 1.67797174E-02
 9.13140147E-03
 1.24304080E-02
 1.53214591E-02
 6.68143881E-03
 2.59216828E-01
 6.82902581E-03
 2.74716781E-02
 8.37126009E-02
 3.78313029E-01
 1.35540482E-01
 4.92165469E-03
 1.00000000E+00
 1.00000000E+00
 1.00000000E+00
 1.00000000E+00
 1.00000000E+00
 1.00000000E+00
 1.00000000E+00
 1.00000000E+00
 1.00000000E+00
 1.00000000E+00
 1.00000000E+00
 1.00000000E+00
 2.88969761E-01
 6.58116038E-02
 5.48548460E-01
 1.15544870E-01
 1.06485347E-01
 1.08553931E-01
 5.88520912E-02
 9.71470793E-02
 1.24399533E-01
 2.28705004E-01
 2.23544381E-01
 2.08194796E-01
 1.74876688E-01
 3.67648241E-01
 3.71264635E-01
 4.69075229E-01
 4.76495388E-01
 4.80932944E-01
 2.74971686E-01
 4.98769373E+00
 9.67137060E-01
 8.41243177E-01
 7.69106087E-01
 7.78029028E-01
 7.06220169E-01
 6.50297766E-01
 6.06652895E-01
 4.62578656E-01
 6.66330409E-01
 4.32716601E-02
 8.98805318E-03
 8.77313665E-03
 1.22525484E-02
 1.19535975E-02
 2.11653367E-01
 3.41123833E-01
 3.33459121E-01
 2.73631693E-01
 6.77625326E-02
 3.19256296E-02
 5.97809972E-03
 6.01513608E-03
 1.22615688E-01
 4.12817386E-02
 1.49868618E-01
 1.56547693E-01
 1.57781361E-01
 4.98113264E-01
 1.00743220E-02
 1.65989923E-01
 7.52560660E-02
 8.11812743E-02
 4.85355601E-02
 3.48930511E-03
 2.65751951E-03
 5.20598584E-03
 7.37670716E-02
 4.41490815E+00
 7.96333360E-03
 3.11747956E-01
 1.58201306E-01
 4.56639575E-02
 7.78370090E-03
 1.22851794E-01
 2.92280436E-03
 3.86444951E-03
 4.83303635E-03
 6.38615100E-03
 1.13084079E-02
 5.91334926E-03
 8.71269209E-03
 1.46886131E-01
 1.20791721E-01
 4.24549675E-02
 7.20790406E-03
 3.72524359E-03
 1.93405141E-01
 7.30940965E-01
 1.15667050E+00
 4.79926985E-02
 6.26507293E-03
 4.33819059E-03
 5.69401672E-03
 3.58561525E-02
 5.63306318E-03
 8.88943516E-03
 1.19629493E-01
 6.73824476E-02
 4.23697054E-02
 2.88744638E-02
 4.05362042E-03
 8.96315317E-02
 1.78388248E-01
 5.85827844E-02
 5.93592767E-02
 4.25607730E-02
 3.75124853E-03
 1.99738407E-01
 2.09978514E-02
 1.02454269E-03
 8.11556750E-04
 1.93431080E-01
 2.28720807E-03
 3.63200828E-01
 3.00681634E-01
 3.31315021E-02
 4.58395295E-02
 3.36057097E-02
 3.43563358E-02
 3.52435641E-02
 3.62797714E-02
 5.17917797E-01
 2.71869452E-02
 4.32487567E-01
 2.57983965E-01
 1.20166489E-01
 1.12267995E-01
 6.19491283E-02
 9.02133753E-01
 6.68283261E-01
 3.55839267E-01
 2.83011641E-01
 5.13311499E-02
 5.50338686E-02
 5.33527707E-02
 4.14992926E-01
 7.69695492E-01
 1.08558181E-01
 3.86845889E-01
 2.68737757E-01
 7.49590102E-02
 1.41518676E-02
 1.34573308E-02
 5.37231851E-03
 6.39829735E-03
 8.65506142E-03
 1.12907348E-02
 9.27811692E-03
 1.30762893E-02
 2.53768747E-01
 1.45218339E-01
 1.67717358E-02
 7.57351145E-03
 1.06097358E-02
 6.04288473E-03
 7.62390703E-03
 9.83937835E-03
 4.47717758E-02
 7.68772979E-03
 9.93690618E-02
 1.49068765E-01
 6.89950648E-02
 3.92022047E-01
 4.90969482E-02
 5.45104417E-03
 8.33933513E-03
 2.02570533E-01
 2.19205779E-01
 1.19278167E-01
 8.22026094E-02
 4.38969002E-03
 2.10964225E-03
 1.06050089E-03
 3.12229712E-03
 2.19360122E-02
 6.35388956E-02
 3.80966135E-02
 2.66894988E-02
 2.34639285E-02
 2.58763358E-02
 1.53985690E-01
 1.32834562E-02
 1.55298001E-02
 1.81508358E-02
 1.76911688E-01
 4.10835165E-01
 2.39201254E-02
 2.93935321E-01
 5.51821459E-01
 1.14199041E-01
 4.89149489E-01
 8.02065805E-02
 4.70356989E-02
 3.00134375E-02
 3.98742730E-02
 8.96447810E-01
 1.03629418E-02
 1.21492346E-02
 1.42764098E-02
 1.71876395E-02
 8.10559204E-03
 1.41994815E-01
 1.97724177E-01
 1.01808571E-01
 1.95785687E-02
 8.21045389E-02
 1.82881227E-01
 8.48054234E-03
 1.18652748E-02
 2.12740266E-01
 2.74561548E-01
 5.51731476E-02
 1.22441056E-01
 1.35936988E-01
 9.21994732E-02
 3.32822823E-02
 3.25649164E-02
 4.38409293E-02
 1.17327169E-02
 1.14686694E-02
 4.41851969E-03
 7.23220814E-02
 5.06990307E-02
 1.61956518E-03
 7.49140410E-03
 3.78425488E-02
 1.00000000E+00
 3.94054057E-01
 5.60236402E-01
 8.43697001E-02
 1.80634730E-02
 8.85059819E-02
 9.50196283E-03
 1.31812966E-02
 9.93137814E-03
 1.70344621E-02
 4.20704779E-01
 3.16910711E-01
 3.28539617E-01
 7.10037352E-02
 1.11543614E-02
 2.39663770E-02
 6.94265709E-02
 2.42351689E-02
 1.65672293E-02
 1.29360017E-02
 4.99559549E-02
 3.65326458E-02
 3.29928664E-02
 2.51474032E-02
 8.73421927E-02
 5.87362201E-02
 5.64231726E-02
 3.09813833E-03
 1.81263320E-02
 1.21902585E-02
 1.43704619E-02
 1.97270222E-01
 8.03113132E-03
 1.21624984E-01
 1.60404453E-01
 4.23000836E-02
 1.31260358E-01
 1.16544685E-01
 4.57911313E-02
 6.64622292E-03
 1.00000000E+00
 1.00000000E+00
 1.00000000E+00
 1.00000000E+00
 1.00000000E+00
 1.00000000E+00
 1.00000000E+00
 1.00000000E+00
 1.00000000E+00
 1.00000000E+00
 1.00000000E+00
 1.00000000E+00
 1.25153144E-01
 4.89139984E-02
 2.73731837E-01
 9.72122104E-02
 3.20799298E-02
 6.21815048E-02
 4.83637728E-05
 9.15593142E-01
 8.08389380E-01
 9.47940678E-01
 4.83054372E-02
 4.83334710E-01
 4.08011346E-01
 6.55763999E-01
 6.53135350E-01
 6.48574143E-01
 6.56797310E-01
 6.77713935E-01
 5.37182188E-01
 1.38609264E+00
 1.17779572E+00
 1.14841217E+00
 1.06100667E+00
 6.43385625E-01
 5.82639825E-01
 5.34336370E-01
 5.17259923E-01
 3.88928438E-01
 6.03685587E-01
 3.21178667E-01
 9.56740432E-03
 1.06174056E-02
 1.17231821E-02
 1.29279020E-02
 4.13745362E-01
 3.27598598E-01
 3.23923450E-03
 2.71559724E-01
 3.84682325E-02
 1.29143699E-02
 6.98522216E-03
 6.75539736E-03
 1.24818619E-01
 4.69948519E-02
 1.71174897E-01
 1.73561408E-01
 1.74575677E-01
 1.78457990E+00
 8.47882469E-03
 3.13483328E-01
 5.20611007E-02
 3.46215646E-02
 1.06010716E-02
 1.10766790E-02
 1.92778826E-03
 2.00012559E-03
 1.07563524E-01
 1.07137534E+00
 8.69851974E-03
 4.45551414E-01
 7.23161053E-02
 1.38823835E-02
 7.79999964E-03
 1.26212355E-01
 3.09272945E-03
 4.21813452E-03
 6.21087731E-03
 7.74035390E-03
 9.95216684E-03
 6.98414867E-03
 1.39547769E-01
 6.98431857E-02
 2.06140446E-01
 1.16094638E-02
 7.92470122E-03
 7.51124223E-02
 2.29545116E-01
 2.43612346E+00
 1.06999619E+01
 7.42385208E-03
 4.47600346E-03
 5.07157893E-03
 6.65627506E-03
 3.86300568E-02
 9.00998095E-04
 1.07363810E-01
 7.13850724E-02
 9.97363348E-02
 2.00281510E-01
 4.90711667E-02
 4.74622290E-03
 8.38554730E-03
 1.96226370E-01
 3.91645143E-01
 1.96667771E-01
 9.21858124E-02
 2.83808416E-02
 6.31269590E-02
 2.07884655E-03
 3.08860400E-03
 1.17210901E-03
 1.88578102E-01
 2.28118988E-03
 3.12167188E-01
 2.79927977E-01
 2.48386540E-03
 5.36640418E-02
 4.78475185E-02
 4.51302230E-02
 3.83269291E-02
 3.97759372E-02
 5.33207672E-01
 2.67565214E-02
 4.57561987E-01
 2.60180628E-01
 1.21841185E-01
 1.15260782E-01
 6.36337863E-02
 1.11330720E+00
 8.95342712E-01
 7.70771846E-01
 3.65187424E-01
 8.91376815E-02
 7.35167105E-02
 5.04515474E-01
 7.25067567E-01
 3.11119385E-01
 7.23361608E-02
 3.86222986E-01
 9.89339942E-02
 2.99879847E-02
 1.56639301E-02
 1.30818139E-02
 5.84484516E-03
 7.55158751E-03
 9.35820742E-03
 1.27786828E-02
 1.10053740E-02
 1.43952457E-01
 1.75077451E-01
 1.00660215E-01
 1.28830062E-02
 9.03797470E-03
 5.83446609E-03
 8.04303825E-03
 8.80796355E-03
 1.13104331E-02
 4.88734144E-02
 3.21479453E-02
 1.91901519E-01
 8.00635923E-02
 1.51844562E-02
 7.52984346E-02
 1.21814118E-01
 6.39475528E-03
 9.73007790E-03
 1.68372800E-01
 6.49854606E-02
 1.32700429E-01
 4.14489561E-02
 9.27204764E-03
 3.49918058E-03
 4.12481148E-03
 3.26035990E-03
 3.82005393E-04
 6.45962060E-02
 3.36855919E-02
 2.86663559E-02
 2.55565018E-02
 2.79477155E-02
 1.55284286E-01
 1.56259627E-02
 1.75685410E-02
 2.01406494E-02
 3.69931184E-01
 4.38518254E-01
 2.66544293E-02
 4.78815378E-01
 3.48093812E-01
 6.18789545E-02
 2.45265002E-01
 6.91104877E-02
 4.92230665E-02
 1.57409267E-02
 2.01699362E-02
 1.48531039E+00
 1.16860183E-02
 1.36302562E-02
 1.59968428E-02
 1.94329779E-01
 3.10614939E-02
 2.69420574E-01
 8.32710355E-02
 6.73923608E-02
 1.52152429E-02
 9.03648515E-02
 2.50771016E-01
 9.86179342E-03
 1.18720976E-01
 2.21780763E-01
 8.89904531E-02
 4.44983178E-02
 4.33783746E-01
 1.30642521E-01
 3.26744727E-02
 8.51599736E-02
 3.12434051E-01
 6.87075231E-02
 1.73661602E-02
 5.20159228E-02
 5.03318461E-03
 2.66311001E-02
 3.77991584E-02
 1.56407626E-03
 7.85865006E-03
 1.09210606E-02
 1.00000000E+00
 5.87930518E-01
 2.99956047E-01
 2.36694090E-02
 2.03144908E-02
 9.21894916E-03
 1.17014450E-02
 1.54935364E-02
 1.24207104E-02
 1.81056169E-02
 2.62454877E-01
 4.01895989E-01
 1.87312153E-01
 2.38736989E-02
 1.29214385E-02
 2.27107424E-02
 3.02094444E-02
 1.79627292E-01
 1.78755601E-01
 1.89407487E-02
 3.51205180E-03
 2.76537268E-02
 5.47088674E-02
 5.48704038E-02
 1.92747101E-01
 2.74398113E-02
 8.16134292E-02
 4.04949215E-03
 3.84585748E-02
 1.40900014E-02
 2.90084336E-03
 4.96814182E-01
 1.90047785E-01
 1.46503794E-01
 1.44352928E-01
 5.99562059E-02
 1.94521089E-01
 2.79344605E-01
 4.16411111E-02
 9.19588397E-03
 1.00000000E+00
 1.00000000E+00
 1.00000000E+00
 1.00000000E+00
 1.00000000E+00
 1.00000000E+00
 1.00000000E+00
 1.00000000E+00
 1.00000000E+00
 1.00000000E+00
 1.00000000E+00
 1.00000000E+00
 5.98924291E-05
 1.35012044E-05
 3.02819362E-04
 4.74093613E-05
 6.16772336E-05
 1.10485057E-04
 4.33907413E-04
 4.65365334E-01
 4.34513813E-01
 4.24730850E-01
 3.66904897E-01
 1.48730131E-01
 5.57329615E-02
 6.26928227E-02
 1.36162658E-01
 2.87521201E-01
 6.26392352E-01
 5.99967505E-01
 6.11645937E-01
 1.82986098E+00
 1.31567407E+00
 1.14818372E+00
 9.95232559E-01
 5.43324997E-01
 6.10297520E-01
 7.38773771E-01
 4.57382926E-01
 3.56446655E-01
 6.61450460E-01
 3.00393033E-01
 1.04401181E-02
 1.14158046E-02
 1.26108364E-02
 1.66208481E-01
 3.92965789E-01
 1.61117130E-01
 6.72396026E-03
 1.91932082E-01
 4.37579028E-02
 6.37657533E-03
 7.83829235E-03
 7.72273762E-03
 1.22237026E-01
 5.32097071E-02
 9.06146460E-02
 1.90531980E-01
 7.29514324E-03
 2.20287682E+00
 1.30657493E-01
 1.39732674E-01
 5.93753820E-02
 5.30920512E-02
 1.12001803E-02
 1.19868114E-02
 3.81379752E-05
 1.22949431E-02
 1.43916457E-01
 1.63651219E+01
 3.37206255E-01
 1.20819394E-01
 3.75016910E-02
 8.61762239E-03
 6.34213188E-03
 1.31534218E-01
 3.37161563E-03
 4.57332586E-03
 6.51968753E-03
 8.67852844E-03
 9.47113283E-03
 8.02517378E-03
 2.29481284E-01
 3.08769376E-02
 2.00293595E-01
 5.84294484E-03
 9.31974693E-03
 4.50217229E-02
 6.73162392E-03
 1.28565352E-01
 8.45149903E-01
 7.01429874E-03
 4.49667817E-03
 5.78283039E-03
 7.68414240E-03
 4.21545272E-02
 2.48057741E-02
 2.06158064E-01
 4.63740374E-02
 1.08424372E-01
 3.10687301E-01
 7.33734113E-02
 5.45498654E-03
 9.34023910E-03
 2.24424855E-01
 7.62204151E-02
 2.19223699E-01
 8.95540916E-03
 4.16589276E-02
 3.20148014E-03
 9.97641157E-04
 4.05571333E-03
 1.18435879E-03
 1.83942065E-01
 2.58282159E-03
 2.84239990E-01
 2.80783889E-01
 1.75374133E-04
 1.17382766E-01
 1.18205238E-01
 8.91778205E-02
 8.98756545E-02
 2.73690050E-01
 5.41602987E-01
 4.14034630E-01
 5.96912801E-01
 2.82890593E-01
 1.32042957E-01
 1.16298941E-01
 6.78384003E-02
 1.71037051E+00
 1.38675517E+00
 1.05032678E+00
 7.89918450E-01
 1.27810978E-01
 1.14911810E-01
 8.71109778E-01
 3.04427773E-01
 1.38244914E-01
 1.13894472E-02
 1.82853198E-01
 7.91017711E-02
 1.55332756E-02
 1.42536717E-02
 1.44769317E-02
 6.79581803E-03
 8.71080611E-03
 1.11591589E-02
 1.43369620E-02
 1.27467112E-02
 2.60342980E-01
 1.02000140E-01
 2.25588848E-02
 1.68901607E-02
 1.10679581E-02
 6.51765646E-03
 8.00369773E-03
 1.00098907E-02
 1.27289050E-02
 3.87800068E-02
 4.39390695E-02
 1.46486724E-01
 6.77051060E-02
 1.25587851E-02
 8.02849615E-02
 2.55238003E-01
 7.39364111E-03
 1.11998453E-02
 1.73364380E-01
 4.59956800E-02
 2.96356823E-02
 9.05989790E-04
 3.88704606E-02
 8.44527241E-03
 5.78706377E-02
 3.35360844E-03
 1.58095827E-03
 6.54166144E-02
 3.51783030E-02
 3.04184911E-02
 2.76390092E-02
 2.99673686E-02
 1.56125904E-01
 1.73917027E-02
 1.95443746E-02
 2.23421943E-02
 4.30418981E-01
 1.24435222E-01
 3.76196523E-01
 8.00340920E-01
 2.62326182E-01
 1.76237413E-01
 1.73430206E-01
 5.58800254E-02
 1.46820541E-01
 2.03857866E-02
 1.60503509E-02
 1.33712121E+00
 1.29515720E-02
 1.50878364E-02
 1.75770011E-02
 3.59529738E-01
 1.89045475E-01
 2.19658994E-01
 4.96305463E-02
 2.21170919E-02
 1.60889409E-02
 9.81840354E-02
 2.99801833E-01
 1.10924186E-02
 2.26524535E-01
 9.90422223E-02
 2.28811779E-01
 9.01447343E-02
 1.72017162E-01
 9.05591897E-02
 2.60120419E-02
 4.82877002E-01
 3.82136557E-02
 8.98557751E-02
 2.95002849E-02
 6.13172625E-02
 7.13443054E-02
 2.38354088E-02
 3.75955790E-03
 3.01886175E-03
 8.58580679E-03
 1.49519784E-02
 1.00000000E+00
 6.56905273E-01
 5.73008740E-02
 1.96627235E-02
 2.27250577E-02
 1.05117452E-02
 1.36865974E-02
 1.78028818E-02
 1.47610487E-02
 2.59934250E-01
 4.05623426E-01
 7.43143795E-02
 6.04920180E-02
 1.07288861E-02
 1.49085171E-02
 2.20666218E-02
 3.15990869E-02
 2.19265902E-01
 3.23093258E-01
 1.36368584E-01
 1.40276909E-01
 3.60231137E-02
 8.00754724E-02
 1.04816962E+00
 7.80071876E-02
 1.20953528E-01
 2.19559965E-02
 5.31157585E-03
 3.26116923E-02
 1.52569624E-02
 2.76937922E-01
 1.85526481E-01
 3.21881876E-01
 1.44733279E-02
 8.54772681E-01
 2.39954700E-01
 7.77936926E-01
 4.08696628E-01
 1.43186750E-02
 1.35034400E-02
 1.00000000E+00
 1.00000000E+00
 1.00000000E+00
 1.00000000E+00
 1.00000000E+00
 1.00000000E+00
 1.00000000E+00
 1.00000000E+00
 1.00000000E+00
 1.00000000E+00
 1.00000000E+00
 1.00000000E+00
 1.40014913E-05
 2.99207119E-05
 2.58213266E-04
 2.75443782E-04
 4.19519215E-04
 9.82178870E-04
 3.68347301E-04
 4.56726649E-05
 7.04067526E-05
 2.20237210E-03
 1.78359673E-04
 6.66983562E-05
 2.99867872E-04
 5.74905524E-01
 5.90581436E-01
 5.19861861E-01
 4.82865263E-01
 1.98762839E-01
 2.62098654E-01
 1.29252749E+00
 1.19380603E+00
 1.09752427E+00
 9.86321831E-01
 8.34423572E-01
 7.71155151E-01
 7.25141162E-01
 4.96149081E-01
 5.96863962E-01
 7.35794040E-01
 2.91299089E-01
 1.11700255E-02
 1.22721967E-02
 1.34557583E-02
 4.39802429E-01
 4.14074358E-01
 5.02218187E-02
 1.86337343E-02
 5.87413080E-02
 3.93876397E-02
 7.20850406E-03
 7.36635308E-03
 8.77602675E-03
 1.24867055E-01
 6.09309755E-02
 6.17392543E-02
 1.82267725E-01
 1.40788355E-01
 2.18875951E+00
 2.70886134E-01
 8.94524868E-02
 2.58791775E-02
 9.26132271E-02
 1.65503551E-02
 7.72675855E-03
 2.89320192E-03
 1.35427006E-02
 1.80645299E-01
 9.72806781E-01
 3.85176303E-01
 7.70390226E-02
 9.67524890E-03
 7.76770483E-03
 8.39958433E-03
 1.33214388E-01
 3.92038215E-03
 5.29686652E-03
 7.18988522E-03
 9.69570031E-03
 1.72169051E-01
 8.69749573E-02
 1.21198039E-01
 1.40668352E-02
 5.15195382E-03
 8.32845547E-03
 1.09192067E-02
 3.12169753E-02
 8.32138380E-03
 5.98231021E-02
 1.89291320E+00
 4.01285214E-03
 5.15476877E-03
 6.56472739E-03
 8.88939851E-03
 7.21350383E-02
 1.12669664E-01
 8.96018475E-02
 1.22955453E-02
 1.06556416E-02
 2.05059985E-01
 2.00087190E-01
 5.98642963E-03
 1.06978475E-02
 1.74097946E-01
 9.53370051E-02
 8.61501827E-02
 2.91554829E-02
 2.24992408E-02
 3.52590520E-03
 3.29301177E-04
 6.84067129E-03
 2.04023384E-03
 1.59001415E-01
 1.89538860E-03
 2.70043304E-01
 2.85161412E-01
 1.10958398E-03
 7.82730978E-02
 7.75928793E-02
 7.64997636E-02
 7.50274129E-02
 2.62367591E-01
 5.30783500E-01
 4.24699491E-01
 3.35668286E-01
 2.84202543E-01
 1.24757228E-01
 1.17232450E-01
 7.95191613E-02
 2.20688125E+00
 2.45588884E+00
 1.60233441E+00
 1.15324960E+00
 2.12052425E-01
 1.61463836E-01
 1.09454154E+00
 1.50690689E-01
 8.79703503E-02
 1.37868804E-02
 1.12659748E-01
 2.46824467E-02
 1.72498533E-02
 1.40259599E-02
 1.60967313E-02
 7.79129128E-03
 9.78018400E-03
 1.26159734E-02
 8.89023286E-02
 1.47047343E-02
 3.03312354E-01
 6.18170014E-02
 2.16599149E-02
 1.81486930E-02
 1.38188477E-02
 7.37964335E-03
 9.07843641E-03
 1.12269184E-02
 1.42746959E-02
 4.08477535E-02
 2.43481622E-01
 1.42475661E-02
 1.70250714E-02
 1.35301975E-02
 8.61349048E-02
 3.65090960E-01
 8.42357135E-03
 1.27243990E-02
 3.38258103E-01
 7.56689774E-02
 1.14212631E-01
 7.57358880E-03
 6.18067789E-02
 1.22305609E-02
 4.09718094E-03
 3.60537394E-03
 2.65891513E-03
 6.48544921E-02
 3.64309997E-02
 3.20074781E-02
 2.96699158E-02
 3.19390706E-02
 1.56634216E-01
 1.92802095E-02
 2.16450663E-02
 3.50304986E-01
 4.85851494E-01
 1.57419375E-01
 4.43398482E-01
 8.92321533E-01
 2.17253548E-01
 1.26005183E-01
 1.01536039E-01
 6.07098646E-02
 1.28582803E-01
 2.66160538E-02
 1.89583953E-02
 1.48833714E+00
 1.44257550E-02
 1.65517702E-02
 2.38110724E-01
 3.63162602E-01
 3.33402368E-01
 1.15475655E-02
 1.89502068E-02
 1.26908705E-02
 1.90032943E-02
 1.03098333E-01
 3.67939557E-01
 1.24650686E-02
 2.49197986E-01
 6.71295560E-02
 9.50203859E-02
 2.83541063E-02
 1.45531633E-01
 7.11063920E-01
 5.35425739E-02
 7.12112414E-01
 4.32974617E-02
 4.34252543E-02
 4.72767958E-02
 1.45018820E-01
 1.99266480E-01
 8.80570817E-03
 4.17130319E-02
 3.50104004E-03
 7.15843020E-03
 1.90741489E-02
 1.00000000E+00
 1.49401681E-01
 2.11648589E-02
 2.19816987E-02
 2.52713943E-02
 1.28588791E-02
 1.57865692E-02
 2.01056244E-02
 1.71847863E-02
 4.14124524E-01
 2.87615587E-01
 2.26070702E-01
 1.62906809E-02
 1.24303642E-02
 1.71280963E-02
 6.74014078E-02
 3.35110188E-02
 1.96951393E-01
 1.38301501E-01
 1.93609724E-01
 1.27636890E-02
 1.95826466E-03
 1.10407530E-01
 1.14150600E-01
 5.93338319E-02
 7.54962385E-02
 2.34390201E-02
 6.87640922E-03
 3.42424639E-02
 1.70791712E-02
 5.51018804E-01
 5.27038399E-02
 3.63923546E-02
 1.23855697E-02
 2.69444023E+00
 2.52378816E-01
 8.35290558E-01
 3.12598745E-01
 2.20057717E-02
 2.95759413E-01
 1.00000000E+00
 1.00000000E+00
 1.00000000E+00
 1.00000000E+00
 1.00000000E+00
 1.00000000E+00
 1.00000000E+00
 1.00000000E+00
 1.00000000E+00
 1.00000000E+00
 1.00000000E+00
 1.00000000E+00
 3.70258781E-05
 1.43298294E-03
 8.41519891E-04
 2.05237801E-06
 4.22977037E-05
 1.33587821E-04
 4.53680404E-04
 4.49870555E-05
 3.43050266E-04
 3.97977237E-03
 3.89453517E-04
 1.61587076E-03
 1.63400551E-04
 2.62928345E-01
 2.09952862E-03
 1.04998069E-03
 1.03569466E-04
 3.43046816E-04
 9.43428187E-02
 9.79993018E-01
 1.01033554E+00
 8.82917162E-01
 4.50425980E-01
 7.64247099E-01
 7.30625787E-01
 5.97169103E-01
 6.62525392E-01
 6.16373816E-01
 6.91384736E-01
 3.41489650E-01
 1.19190576E-02
 1.30623982E-02
 1.43102239E-02
 4.43121368E-01
 3.42041943E-01
 5.48659800E-02
 1.35156957E-01
 5.44226605E-02
 3.10989392E-02
 9.41313315E-03
 8.40407642E-03
 9.63683522E-03
 1.29272806E-01
 6.69790223E-02
 6.89150334E-02
 6.92900310E-02
 9.52174484E-01
 2.76631865E+00
 3.80370939E-01
 8.44395071E-02
 2.48792874E-02
 1.58540799E-01
 2.51427186E-02
 3.18765833E-02
 3.98935773E-02
 4.76338327E-01
 2.66281601E+00
 4.54239967E-01
 8.78918358E-02
 4.35248637E-02
 9.60160656E-03
 7.87443096E-03
 8.64220626E-03
 1.37606867E-01
 4.55621404E-03
 4.78639221E-03
 8.09811799E-03
 1.72006686E-01
 4.02672964E-01
 1.96402872E-01
 5.33156587E-02
 8.78130425E-03
 2.37446472E-02
 9.14410014E-03
 1.30763077E-02
 1.94392861E-02
 1.02706347E-02
 1.57118553E-02
 1.12988114E+01
 4.64023923E-03
 5.85205883E-03
 7.63840307E-03
 9.95450594E-03
 3.55881109E-02
 2.19328752E-01
 3.47376205E-02
 7.14629533E-03
 1.23822237E-02
 2.76336650E-01
 4.46572923E-01
 7.37482257E-03
 1.20796281E-02
 1.91145272E-01
 1.94527606E-01
 1.02549975E-01
 8.46347106E-02
 2.40680896E-02
 3.84630162E-03
 8.65124490E-03
 3.08349245E-02
 5.62500303E-03
 7.18253713E-02
 3.86277785E-02
 2.42491516E-01
 2.91803854E-01
 9.19619213E-04
 9.69283436E-02
 9.31435989E-02
 9.03233138E-02
 8.86646216E-02
 2.58591257E-01
 5.45043901E-01
 4.73950837E-01
 3.99360266E-01
 3.35116389E-01
 1.67037067E-01
 1.57859693E-01
 4.70911367E-02
 1.87628071E+01
 5.96735758E+00
 2.65168006E+00
 1.72583706E+00
 9.40372800E-01
 1.47805142E+00
 4.34222573E-01
 1.26369315E-01
 8.33821811E-02
 1.78036863E-02
 8.79644352E-02
 1.70129372E-02
 1.48223038E-02
 1.53287187E-02
 1.76446727E-02
 8.89366001E-03
 1.08482321E-02
 1.39920144E-02
 2.96014217E-01
 2.79362941E-01
 1.62552695E-01
 2.40620841E-02
 1.68382314E-02
 2.15034505E-02
 1.72685396E-02
 8.32761758E-03
 1.02222177E-02
 1.25705633E-02
 1.57006100E-02
 4.24614319E-02
 4.04651296E-01
 5.73245417E-02
 1.34572201E-02
 1.58854012E-02
 8.99883262E-02
 3.23613253E-01
 9.58788127E-03
 1.64320809E-01
 1.30765209E-01
 1.39634775E-01
 1.39304187E-01
 2.61013639E-02
 8.03568598E-02
 2.09453503E-02
 1.08211729E-01
 1.66995135E-01
 2.43905524E-03
 6.31256043E-02
 6.50009311E-02
 3.31428388E-02
 3.14406997E-02
 9.57127297E-02
 4.28038364E-01
 2.12441188E-02
 2.37541897E-02
 4.19000777E-01
 4.57538136E-01
 1.28097417E-01
 1.44022995E+00
 4.79367179E-01
 1.25653655E-01
 7.84327505E-03
 1.24909516E-01
 7.12369483E-02
 1.43112537E-02
 3.32433973E-02
 1.54285971E-02
 3.04288245E+00
 1.57956162E-02
 1.79000752E-02
 3.74061479E-01
 2.88279690E-01
 4.47672264E-01
 3.74542493E-02
 9.64952928E-03
 1.39449396E-02
 2.18900091E-02
 1.09033181E-01
 4.19552518E-01
 2.29838658E-01
 1.26648713E-01
 2.22186278E-02
 1.07944676E-02
 1.57996578E-02
 1.89969472E-01
 1.17689889E+00
 1.03278450E-01
 9.60703924E-01
 9.52194056E-02
 5.31540956E-02
 6.59981432E-02
 7.00741570E-02
 8.00477732E-02
 5.14955608E-02
 2.86634350E-02
 4.11522530E-03
 1.47122766E-01
 1.03084972E-02
 1.00000000E+00
 7.27772759E-02
 2.15652067E-02
 2.40392203E-02
 2.72929468E-02
 1.47425221E-02
 1.79964835E-02
 2.81458201E-01
 2.87985322E-01
 5.96688796E-01
 8.14249964E-02
 1.69175031E-01
 1.12344491E-02
 1.43810465E-02
 1.94962940E-02
 4.63642369E-01
 3.60346711E-02
 2.42886739E-01
 2.94421180E-01
 3.16480984E-01
 4.48772636E-02
 2.02773736E-01
 1.60844033E-01
 1.99147698E-01
 2.34626856E-02
 1.87120267E-02
 1.08764438E-02
 9.58172497E-03
 3.64538598E-02
 3.39896921E-01
 1.29098115E-01
 1.86169477E-02
 7.08236087E-02
 9.81503134E-03
 3.66253736E-01
 2.53491601E-01
 8.55635802E-02
 1.21266061E-01
 9.68035481E-03
 9.48403434E-02
 1.00000000E+00
 1.00000000E+00
 1.00000000E+00
 1.00000000E+00
 1.00000000E+00
 1.00000000E+00
 1.00000000E+00
 1.00000000E+00
 1.00000000E+00
 1.00000000E+00
 1.00000000E+00
 1.00000000E+00
 1.41791182E-05
 2.25113872E-04
 3.36187190E-04
 2.46099233E-04
 5.91943294E-05
 1.31440271E-03
 9.86330132E-06
 6.71038412E-04
 2.36816660E-04
 2.94762558E-03
 1.30076772E-03
 9.19629077E-04
 1.09365260E-03
 4.87166834E-05
 9.44147503E-04
 1.78962795E-04
 1.37002330E-04
 3.30327761E-05
 9.43159873E-02
 4.10650422E-01
 8.93348541E-05
 4.50919868E-05
 6.04947517E-04
 1.05590479E+00
 1.09113332E+00
 7.78559273E-01
 6.13708670E-01
 5.49271583E-01
 1.15676025E+00
 4.49292048E-01
 1.26451732E-02
 1.38194231E-02
 3.37907210E-01
 4.86371590E-01
 2.47471292E-01
 5.84564000E-02
 3.88058606E-02
 5.44314439E-02
 2.00409193E-02
 1.07825425E-02
 9.79302032E-03
 1.10550235E-02
 1.31167258E-01
 7.00820006E-02
 7.40731070E-02
 2.52153612E-01
 7.75249469E-01
 2.29281852E+00
 2.21339602E-01
 8.67769428E-02
 4.37258844E-02
 1.35528859E-01
 3.61860132E-02
 4.17964169E-02
 3.33761350E-02
 9.72899379E-01
 1.00874699E+00
 2.48961353E-02
 8.89162682E-02
 9.31200094E-03
 7.94670855E-03
 9.38613800E-03
 9.10016590E-03
 1.41852413E-01
 5.12626587E-03
 6.75574047E-03
 9.07605892E-03
 2.45097162E-01
 6.54962567E-02
 1.94447783E-01
 1.96472995E-02
 1.07759440E-02
 1.11054661E-03
 1.22105412E-02
 1.49644369E-02
 2.72642692E-03
 3.75465137E-01
 6.51435958E-01
 4.82944184E+00
 4.91499232E-03
 6.41295483E-03
 8.53670677E-03
 1.11249438E-02
 3.44480909E-02
 4.40806188E-02
 4.40621451E-02
 8.06373062E-03
 1.44038896E-02
 1.03339982E-02
 1.07573843E+00
 8.22967083E-03
 1.42407490E-01
 1.47269259E-01
 1.82031685E-01
 6.30328032E-02
 1.58314458E-01
 1.96324386E-02
 4.62986290E-03
 1.34946012E-01
 2.00034152E-02
 7.19339726E-03
 2.65130984E-01
 5.13255360E-02
 2.37061555E-01
 3.70284907E-01
 1.97387777E-03
 1.21329106E-01
 1.18127537E-01
 1.16072091E-01
 1.15351530E-01
 2.43131244E-01
 5.39312460E-01
 4.70028156E-01
 5.09828038E-01
 4.19557466E-01
 3.33309080E-01
 2.19489038E-01
 2.15663955E-02
 1.67165004E+00
 5.20913451E+00
 7.29243426E+00
 2.63612391E+00
 1.84803708E+01
 3.15012007E+00
 2.46841538E-01
 1.16763183E-01
 1.12140585E-01
 1.59992987E-02
 4.68774707E-02
 1.85856067E-02
 1.46461935E-02
 1.66925360E-02
 1.91580488E-02
 9.95782784E-03
 1.24154333E-02
 1.54350388E-02
 4.03341670E-01
 6.84985811E-01
 1.36949289E-01
 2.99541448E-02
 2.06320516E-02
 2.92083794E-02
 2.02518975E-02
 9.24346730E-03
 1.12758204E-02
 1.39427335E-02
 1.89800419E-01
 1.90743084E-01
 1.73858314E-01
 8.88485324E-02
 1.08469299E-02
 1.85248511E-02
 9.90249301E-02
 3.38372898E-01
 1.07381645E-02
 2.22553162E-01
 8.65400791E-02
 1.85844431E-02
 1.57822511E-01
 3.87161335E-02
 3.78696495E-02
 4.30595810E-02
 6.20643278E-02
 5.03061558E-02
 2.76683695E-03
 6.11915131E-02
 6.28584362E-02
 3.49019185E-02
 3.55111821E-02
 3.36423554E-01
 4.51842261E-01
 2.32552860E-02
 3.49651149E-01
 6.25307354E-01
 4.94515380E-01
 1.31409318E-01
 1.67404064E+00
 4.06580609E-01
 1.22894030E-01
 8.13310828E-02
 9.62105162E-02
 6.22426557E-02
 4.68629724E-02
 4.02074209E-02
 5.69430178E-02
 1.75223928E+00
 1.69765831E-02
 2.83852401E-01
 3.88957901E-01
 1.07683485E-01
 2.21569273E-01
 1.37636248E-01
 9.47696511E-02
 1.63962073E-02
 2.52024188E-02
 9.73711141E-01
 3.55083487E-01
 2.73652056E-01
 8.05544281E-02
 1.62119421E-02
 4.92045895E-02
 1.42637667E-02
 1.87431684E-01
 1.51477819E+00
 1.71441675E-01
 9.52371548E-01
 1.40725318E-01
 5.83495521E-02
 9.41144974E-02
 1.34865557E-01
 3.01023562E-02
 2.87564256E-02
 3.15152974E-02
 5.23701929E-03
 5.07755788E-02
 1.69092487E-02
 1.00000000E+00
 2.70851770E-02
 2.40404723E-02
 2.65429220E-02
 2.94659668E-02
 1.66566815E-02
 2.00704292E-02
 4.12404324E-01
 4.09133655E-01
 3.29922515E-01
 3.59539623E-02
 3.90822693E-02
 1.27352241E-02
 1.62528867E-02
 2.17213863E-02
 2.00149898E-01
 4.48654479E-02
 3.55715599E-01
 2.67045456E-01
 1.01006665E+00
 2.92009040E-01
 2.21300439E-01
 6.37738711E-01
 2.84469989E-01
 3.82215530E-04
 2.86382614E-01
 7.37206069E-02
 1.29717931E-02
 1.33021534E-03
 6.22079387E-01
 2.94972190E-02
 2.13872948E-02
 1.01502805E-01
 4.01056856E-02
 3.38736921E-01
 1.56974651E-01
 2.31818439E-01
 2.22386596E-01
 1.85149576E-01
 9.49652903E-02
 1.00000000E+00
 1.00000000E+00
 1.00000000E+00
 1.00000000E+00
 1.00000000E+00
 1.00000000E+00
 1.00000000E+00
 1.00000000E+00
 1.00000000E+00
 1.00000000E+00
 1.00000000E+00
 1.00000000E+00
 3.60901243E-05
 4.05647901E-05
 6.21270081E-04
 1.52803282E-04
 7.29119808E-05
 1.64030688E-03
 1.50090552E-04
 4.42986789E-05
 4.67292996E-04
 1.82949408E-05
 6.45533928E-05
 9.74579066E-04
 2.12813837E-04
 3.04788500E-04
 3.87133007E-04
 6.63183336E-04
 1.73854343E-03
 4.62311257E-05
 9.42913795E-02
 4.90775393E-04
 3.29442225E-04
 7.32012957E-04
 2.30986391E-04
 4.31942528E-01
 3.92353257E-04
 1.14827339E-04
 1.19063879E+00
 1.06001388E+00
 9.52139308E-02
 4.96535508E-01
 1.37047604E-02
 1.45757720E-02
 4.81349004E-01
 5.28093552E-01
 1.45229068E-01
 6.19908206E-02
 4.98673369E-02
 4.59708280E-02
 1.80846685E-02
 1.06340297E-02
 1.07331928E-02
 1.23307184E-02
 1.31654265E-01
 3.31117569E-02
 8.15321889E-02
 3.61534003E-01
 4.86291356E-01
 3.17370964E+00
 1.69928023E-01
 6.25383891E-02
 5.47507549E-02
 5.99422009E-01
 5.34140083E-02
 6.64216063E-02
 1.58783966E-02
 1.39164028E-01
 6.31254303E-01
 3.40457565E-02
 2.50273317E-02
 9.99330239E-03
 7.77734476E-03
 9.35802514E-03
 1.07813267E-02
 1.44335841E-01
 5.64732262E-03
 7.36493541E-03
 1.65583000E-01
 1.81644352E-01
 6.78613404E-02
 8.37353772E-02
 1.20650364E-02
 1.29271538E-02
 1.31551974E-03
 1.28760211E-02
 1.69440320E-02
 1.64756719E-02
 1.15326739E-01
 3.11959816E-02
 2.46788892E+00
 6.12411309E-03
 7.40358177E-03
 9.55126336E-03
 1.22492123E-02
 1.54696847E-01
 1.31811427E-01
 7.40035120E-02
 9.51988979E-03
 1.67442154E-02
 1.47759451E-01
 3.00226603E-02
 9.13362887E-03
 1.94137546E-01
 7.05678490E-02
 1.50260188E-02
 7.36912045E-02
 2.01940316E-01
 5.21445032E-02
 2.14570445E-02
 1.12613217E-01
 2.56526447E-02
 1.72568138E-02
 1.72488239E-01
 4.75023430E-02
 2.38049279E-01
 4.00211304E-01
 2.46019254E-03
 1.86583238E-01
 1.59730291E-01
 1.53716156E-01
 1.52314742E-01
 1.55748384E-01
 5.26987940E-01
 4.49185949E-01
 5.53383066E-01
 4.50527277E-01
 4.28916870E-01
 3.45914768E-01
 8.58142959E-02
 1.36613595E+00
 2.21713534E+00
 8.10445896E+00
 1.15450049E+01
 1.42331306E+00
 1.27986889E+01
 2.34892202E-01
 1.56283264E-01
 1.24049554E-01
 2.92255084E-02
 2.11372388E-02
 1.87012371E-02
 1.61198819E-02
 1.81677637E-02
 2.06258835E-02
 1.11058226E-02
 1.37753056E-02
 2.53812437E-01
 2.07880004E-01
 2.08449792E-01
 5.16541012E-02
 2.79810063E-02
 2.44859060E-02
 3.12271904E-02
 3.59227271E-01
 1.03002725E-02
 1.23604681E-02
 1.50341746E-02
 3.19412382E-01
 4.58997542E-01
 1.57197205E-01
 1.00340598E-01
 1.37451098E-02
 2.13796551E-02
 1.07825693E-01
 7.05837106E-02
 4.50993633E-02
 2.16484895E-01
 4.45176236E-02
 1.49639309E-02
 1.94201822E-01
 1.10568076E-01
 4.56815143E-02
 5.91973856E-02
 5.13262189E-02
 4.63104382E-02
 3.13452743E-03
 5.85790931E-02
 6.01111655E-02
 6.25847062E-02
 3.83782979E-02
 4.88058206E-01
 4.18223594E-01
 2.52959202E-02
 4.44651013E-01
 5.82011216E-01
 3.03350157E-01
 1.42828812E-01
 1.57414181E+00
 2.09214693E-01
 1.29577401E-01
 1.25082457E-01
 1.09761083E-01
 6.99787384E-02
 5.78967275E-02
 1.47256919E-01
 1.06859953E+00
 1.68620242E+00
 1.82132591E-02
 3.83320527E-01
 3.50710438E-01
 1.01573014E-01
 2.17387821E-01
 1.03722623E-01
 1.03754647E-01
 1.89679261E-02
 2.19516931E-01
 5.29451708E-01
 2.09990420E-01
 1.31629368E-01
 2.20630210E-02
 1.64012308E-02
 7.71320802E-03
 1.57151113E-02
 1.38334081E-01
 2.91165933E-01
 2.72860831E-01
 1.08329096E+00
 1.26270929E-01
 2.02860048E-02
 1.30914673E-01
 1.47303143E-01
 3.55749298E-03
 4.28850117E-02
 5.55124230E-02
 6.42221818E-03
 4.82898053E-02
 7.15942684E-03
 1.00000000E+00
 2.45008158E-02
 2.60133562E-02
 2.84759951E-02
 2.34103781E-01
 1.86883940E-02
 2.92337932E-01
 4.87727913E-01
 8.35716861E-01
 2.39466549E-01
 3.85514426E-02
 3.01135457E-02
 1.43173711E-02
 1.80816361E-02
 2.12749297E-01
 1.15423619E-01
 2.15368883E-01
 1.87220414E-01
 9.36289451E-02
 1.48602635E+00
 6.06535937E-01
 2.31210947E-01
 5.17641563E-01
 6.44249688E-02
 2.79774045E-02
 1.25610736E-01
 7.24267522E-02
 2.46935733E-01
 4.30562298E-02
 1.28938517E-01
 1.96213288E-02
 2.39664749E-02
 6.48051723E-02
 2.90555918E-01
 4.71609072E-02
 5.45861776E-02
 3.02530985E-01
 3.12107493E-01
 5.95925831E-01
 2.06331110E-02
 1.00000000E+00
 1.00000000E+00
 1.00000000E+00
 1.00000000E+00
 1.00000000E+00
 1.00000000E+00
 1.00000000E+00
 1.00000000E+00
 1.00000000E+00
 1.00000000E+00
 1.00000000E+00
 1.00000000E+00
 3.16706885E-04
 7.00587337E-05
 5.15510490E-03
 6.65350078E-05
 9.46941426E-04
 5.77849438E-03
 4.57245169E-05
 1.35396903E-03
 4.22587151E-04
 5.47103793E-05
 6.61509645E-05
 1.00562622E-04
 3.57205043E-04
 6.54620557E-05
 3.75889519E-04
 2.59151517E-04
 2.49824984E-04
 4.99542036E-05
 9.42661804E-02
 6.46220419E-04
 7.38636902E-04
 5.16082521E-04
 7.30904322E-05
 9.69767139E-04
 6.40080738E-04
 2.50215985E-04
 4.11478130E-02
 3.32566816E-04
 9.45614522E-02
 1.30827565E+00
 1.40121308E-02
 6.14249876E-02
 5.27360240E-01
 3.52310345E-01
 1.54699735E-01
 5.83608333E-02
 4.23160863E-02
 4.91972237E-02
 1.77659500E-02
 1.12767072E-02
 1.19373323E-02
 1.38396371E-02
 1.32707348E-01
 2.43568619E-02
 1.72133240E-02
 1.23587975E+00
 4.71774098E-01
 3.76397455E+00
 1.68920694E-01
 6.39294783E-02
 7.20800180E-02
 6.29424669E-01
 8.45780645E-02
 8.46589639E-01
 1.96757980E+00
 7.70467920E-02
 4.96789292E-01
 3.70178086E-02
 9.68163792E-03
 7.92096186E-03
 8.11389038E-03
 1.00915547E-02
 1.19783599E-02
 1.47434488E-01
 6.35496921E-03
 8.30356082E-03
 2.48572861E-01
 7.96012581E-02
 2.73800589E-02
 7.48537681E-02
 1.06712021E-02
 1.56400104E-02
 1.52030997E-03
 1.54445065E-02
 1.82001251E-01
 1.53710202E-01
 2.59654203E-02
 1.86625129E-02
 4.34700894E+00
 6.34437001E-03
 7.91155287E-03
 1.04999834E-02
 1.74629287E-01
 3.50554690E-01
 1.16705363E-01
 8.07478615E-02
 1.09472820E-02
 1.92260225E-02
 2.77215892E-01
 6.72715052E-02
 1.01948202E-02
 3.38808892E-01
 7.02956637E-02
 6.86734252E-02
 7.23121090E-02
 2.04781129E-01
 1.51219205E-01
 3.43272280E-02
 7.14396330E-02
 3.08344462E-02
 5.39851265E-02
 1.52601690E-01
 2.28964389E-02
 2.39115421E-01
 4.18326551E-01
 1.89747716E-03
 4.49410202E-01
 2.53344752E-01
 2.50368944E-01
 2.49104511E-01
 2.49843715E-01
 2.78306188E-02
 4.41959199E-01
 4.60000282E-01
 4.82500137E-01
 4.55544885E-01
 4.31317431E-01
 2.00773343E-01
 1.50364285E+00
 1.76021697E+00
 2.63575174E+00
 8.64853647E+00
 9.06914836E-01
 4.48570361E+00
 3.54855458E-01
 1.37349359E-01
 1.01813112E-01
 9.65999031E-02
 1.95103537E-02
 1.53161814E-02
 1.72927337E-02
 1.94924350E-02
 2.20367600E-02
 1.22706811E-02
 1.50212504E-02
 3.37923077E-01
 8.40568917E-02
 1.89290155E-01
 3.34470310E-02
 3.16354652E-02
 3.01533977E-02
 3.63297173E-02
 8.65779645E-01
 1.11887483E-02
 1.34346945E-02
 2.27763808E-01
 3.66220025E-01
 1.93262726E-01
 8.79619817E-02
 8.34917952E-02
 1.49268097E-02
 1.09744115E-02
 7.42145623E-01
 3.77444755E-02
 2.29573574E-01
 1.05796942E-01
 2.00255944E-02
 1.59166437E-02
 2.29245640E-01
 1.89105463E-01
 1.30324389E-01
 2.69900314E-01
 9.19222360E-03
 1.32442312E-03
 3.54743942E-03
 5.50663207E-02
 5.68557279E-02
 5.83037194E-02
 4.90219256E-02
 4.99047028E-01
 2.94453460E-01
 2.77397728E-02
 4.60381694E-01
 6.14264508E-01
 2.92666236E-01
 1.71079080E-01
 9.27488590E-01
 1.54002411E-01
 1.29849342E-01
 5.52351820E-01
 1.18381575E-01
 7.70683117E-02
 5.57614632E-01
 8.09987723E-01
 9.02606119E-01
 7.46806510E-01
 3.30821249E-01
 4.31080143E-01
 1.17609051E-01
 2.70218489E-02
 1.07017655E-01
 9.73112412E-02
 1.17743024E-01
 2.21962974E-02
 2.96929393E-01
 5.23905547E-01
 1.76679039E-01
 9.91334096E-02
 1.38979181E-02
 1.78191479E-02
 9.60882486E-03
 1.78909159E-02
 1.99362786E-01
 5.12849197E-03
 9.80516619E-01
 5.33598973E-02
 1.18440383E-02
 2.16227981E-01
 7.06330421E-01
 1.05199077E-01
 1.16992099E-02
 7.18313717E-02
 7.61590784E-03
 8.42258133E-03
 7.20474018E-02
 2.48693118E-02
 1.00000000E+00
 2.59653070E-02
 2.78526893E-02
 3.02314680E-02
 4.18277719E-01
 3.42992887E-04
 3.96788462E-01
 4.87760708E-01
 8.98219217E-01
 9.05095430E-02
 2.82109252E-02
 3.35421463E-02
 1.58829386E-02
 1.98817343E-02
 3.43090972E-01
 2.48100824E-02
 3.71600019E-01
 1.08879844E-01
 4.21653556E-02
 2.55190247E-01
 9.11490771E-01
 2.10068137E-01
 9.92733453E-02
 4.17415856E-02
 4.14937707E-02
 1.69117134E-02
 7.91651168E-02
 1.59259304E-01
 4.98179184E-02
 2.45525458E-02
 2.21782565E-02
 2.61895335E-02
 6.52865035E-02
 2.70061016E-01
 2.33049282E-01
 1.83074965E-02
 2.98180036E-01
 5.69870575E-01
 1.75135839E+00
 1.86714934E-02
 1.00000000E+00
 1.00000000E+00
 1.00000000E+00
 1.00000000E+00
 1.00000000E+00
 1.00000000E+00
 1.00000000E+00
 1.00000000E+00
 1.00000000E+00
 1.00000000E+00
 1.00000000E+00
 1.00000000E+00
 2.08698910E-04
 4.27462229E-03
 1.76426192E-03
 6.02951545E-04
 5.67924706E-05
 6.85101085E-05
 5.78362551E-05
 2.48326805E-04
 9.52420843E-04
 6.26247629E-04
 5.46063859E-04
 6.73319550E-05
 1.90428065E-04
 5.61750794E-05
 5.09203597E-05
 5.95444959E-05
 5.73184356E-05
 2.36189713E-04
 9.42411502E-02
 4.60079202E-03
 4.34118884E-05
 4.24782298E-05
 2.89367494E-05
 7.20896638E-05
 8.09818517E-04
 7.12221329E-06
 1.70288172E-04
 1.65102079E-03
 9.47881384E-02
 1.88025071E-05
 1.46489649E-02
 4.18583898E-01
 5.63081727E-01
 3.01401329E-01
 1.57761861E-01
 5.90610382E-02
 3.38051556E-02
 6.14913395E-02
 1.89230235E-02
 1.22204719E-02
 1.46012747E-02
 1.51960309E-02
 1.33441521E-01
 2.68592127E-02
 3.80166897E-01
 1.04866193E+00
 6.96069947E-01
 4.84853112E+00
 2.83710824E-01
 9.32324759E-02
 1.13031161E-01
 2.18733897E+00
 1.49128930E-01
 1.50540367E+00
 1.01273106E+00
 2.47679962E-02
 3.89598042E-01
 4.80242235E-02
 1.10524457E-02
 7.89952448E-03
 9.04857829E-03
 1.11240328E-02
 1.29970146E-02
 1.51209409E-01
 7.24773866E-03
 9.12645931E-03
 2.81085967E-01
 5.19987092E-02
 1.38350076E-01
 1.35241810E-02
 1.13224024E-02
 1.94434894E-02
 1.18735272E-03
 1.74259610E-02
 4.15746224E-01
 1.50071036E-01
 1.25931496E-02
 1.99176967E-02
 8.19576401E-01
 7.08672834E-03
 8.77642984E-03
 1.15270708E-02
 2.93614339E-01
 2.18320896E-01
 6.99928818E-02
 9.85197218E-02
 1.18168481E-02
 1.37701485E-01
 5.67588708E-02
 1.66868965E-01
 1.79765827E-01
 7.83759256E-02
 2.36435721E-02
 2.08288974E-02
 2.24955714E-02
 2.17778799E-01
 3.49251519E-03
 3.72136349E-02
 3.98901303E-03
 4.10610173E-02
 3.51042496E-02
 1.36408528E-01
 2.53050845E-03
 2.38413985E-01
 3.52233707E-01
 2.24941234E-03
 4.29758697E-01
 4.06140899E-01
 3.71959654E-01
 3.58011566E-01
 4.15642051E-01
 4.41792938E-01
 3.68387512E-01
 4.41943577E-01
 5.18586863E-01
 4.85150743E-01
 4.58932259E-01
 2.33190246E-01
 1.05898715E+00
 1.36748341E+00
 1.71672961E+00
 2.16807947E+00
 9.76937087E-02
 3.97876724E-01
 4.51045850E-01
 1.31571292E-01
 1.29882538E-01
 9.08412719E-02
 2.09479038E-02
 1.64780857E-02
 1.85020800E-02
 2.07864322E-02
 2.33953805E-02
 1.34437143E-02
 2.73720480E-01
 4.95809599E-01
 9.45115310E-02
 1.49670759E-01
 3.99485850E-02
 3.49444100E-02
 3.51824608E-02
 3.41917241E-01
 8.24794592E-01
 1.21099454E-02
 1.45247356E-02
 3.31968048E-01
 1.48041612E-01
 1.83626280E-01
 7.88974423E-02
 8.54594349E-02
 1.72061039E-02
 1.90423284E-01
 3.19478195E-02
 4.04288504E-02
 2.43116193E-01
 7.64790966E-02
 1.99199987E-02
 1.66656674E-02
 2.30450781E-01
 2.11266221E-01
 1.32109695E-01
 5.66991978E-03
 7.71443465E-03
 1.28811114E-03
 4.43801904E-03
 5.14251233E-02
 5.31449012E-02
 5.46307947E-02
 3.00061129E-01
 5.32902378E-01
 3.28302377E-01
 4.23635714E-01
 5.63756014E-01
 6.37174005E-01
 1.95015958E-01
 1.99878607E-01
 9.65372177E-01
 1.64136341E-01
 1.33290383E-01
 5.25966224E-01
 1.26678072E-01
 8.07607060E-02
 8.44259195E-01
 5.98581732E-01
 9.01007096E-01
 4.97691285E-01
 3.87122805E-01
 4.29800476E-01
 1.20898920E-01
 2.96952868E-02
 1.04117121E-01
 9.54818214E-02
 9.46584239E-02
 2.47150474E-02
 6.21670732E-01
 2.58930277E-02
 6.30736645E-02
 2.14510366E-02
 1.39396095E-02
 2.03956640E-02
 8.07370039E-02
 1.87522571E-02
 3.06926131E-01
 7.92723064E-02
 1.93241535E+00
 1.33017243E+00
 4.40593884E-02
 2.35405064E-01
 1.13036392E-01
 2.67106331E-01
 1.96527705E-02
 2.26124631E-01
 2.82423931E-02
 2.55387642E-02
 3.63602023E-02
 8.35339301E-02
 1.00000000E+00
 2.75906719E-02
 2.95501497E-02
 2.26071573E-03
 6.34853865E-01
 4.01105532E-01
 5.30445855E-01
 2.62441233E-01
 4.00918042E-01
 6.52201203E-02
 6.32803231E-03
 5.50906047E-03
 1.74339295E-02
 2.26703245E-01
 4.27056894E-01
 3.80956881E-02
 1.59059894E-01
 5.61001417E-02
 1.10893517E-01
 3.14564313E-01
 4.99658104E+00
 2.25620707E-01
 1.12539991E-01
 8.77861185E-02
 9.46766447E-02
 1.99746914E-03
 1.22571222E-01
 1.06088141E-01
 4.44247377E-02
 2.12478742E-02
 2.40401081E-02
 2.35327856E-01
 1.82537326E-04
 7.72708866E-01
 5.35980870E-02
 1.66832317E-02
 2.47838218E-01
 7.78416437E-02
 4.17108901E-02
 1.15557319E-02
 1.00000000E+00
 1.00000000E+00
 1.00000000E+00
 1.00000000E+00
 1.00000000E+00
 1.00000000E+00
 1.00000000E+00
 1.00000000E+00
 1.00000000E+00
 1.00000000E+00
 1.00000000E+00
 1.00000000E+00
