 2.50512683E-02
 2.55397717E-02
 2.60166198E-02
 2.65474347E-02
 2.71442183E-02
 2.78375657E-02
 2.84790991E-02
 1.78709560E-02
 1.83175717E-02
 1.89634891E-02
 1.95994765E-02
 2.03519769E-02
 2.11496878E-02
 1.38495031E-02
 1.40919592E-02
 1.42923540E-02
 1.45841256E-02
 1.48546847E-02
 1.08459332E-01
 9.68776063E-03
 9.97750220E-03
 1.03338684E-02
 1.08000773E-02
 5.04880197E-03
 5.55663415E-03
 6.19901983E-03
 1.37133876E-03
 1.50679476E-03
 7.51197972E-02
 8.56393100E-04
 9.26989668E-05
 8.70045901E-05
 1.32470017E-04
 1.30068483E-04
 1.25317644E-04
 1.93339487E-04
 3.77881034E-03
 9.94606794E-05
 8.22602064E-05
 1.40794850E-04
 1.73581836E-04
 2.10180386E-04
 9.56523371E-02
 1.27915999E-04
 1.77191090E-04
 1.86628013E-04
 2.52613708E-04
 4.07199879E-03
 1.92062381E-04
 2.19381735E-04
 3.02846187E-04
 1.85684001E-02
 1.57347940E-04
 3.42060375E-04
 4.52518703E-03
 2.66497643E-04
 7.39330239E-02
 2.99128606E-03
 1.12493243E-04
 1.10961644E-04
 1.29540426E-04
 1.87505011E-04
 2.20813036E-04
 9.61343304E-02
 1.21711041E-04
 1.50859189E-04
 1.95551410E-04
 2.57111264E-04
 4.85421769E-03
 1.44004721E-04
 2.00162460E-04
 3.32961425E-04
 1.05478182E-03
 1.87779270E-04
 3.91549635E-04
 1.01998887E-03
 3.61556226E-04
 4.95522877E-03
 7.20445220E-02
 1.08335288E-04
 1.31932956E-04
 1.81574654E-04
 2.56436905E-04
 9.92641921E-05
 2.17554621E-04
 3.31424335E-04
 1.71260919E-04
 4.29264787E-04
 8.04845536E-04
 4.95006282E-04
 9.29385317E-05
 2.00491241E-04
 3.12295766E-04
 1.77388644E-02
 1.93859637E-04
 4.45681945E-04
 4.33915174E-03
 5.38326912E-04
 3.99915894E-03
 1.66547051E-04
 4.25981665E-04
 1.08196565E-01
 5.37982775E-04
 1.11121889E-01
 1.17425960E-01
 4.91665128E-04
 7.13291341E-05
 1.23891879E-04
 1.10670345E-04
 1.22184844E-04
 7.32058792E-05
 5.31510941E-05
 4.28158385E-05
 4.56996381E-05
 5.87548802E-05
 2.88447276E-05
 8.42315246E-06
 9.40345111E-02
 8.37251158E-05
 1.30281107E-04
 7.35902461E-05
 2.27412461E-05
 7.86463474E-05
 1.21172409E-05
 2.36985901E-05
 1.38735953E-05
 8.62807352E-05
 9.04476661E-05
 1.44692414E-04
 1.25049006E-04
 1.63366069E-04
 1.37611022E-04
 2.07102563E-04
 6.83666864E-05
 1.51140675E-04
 2.53638098E-04
 2.60565715E-04
 1.25929800E-04
 2.49620339E-04
 2.40428953E-04
 1.69973755E-04
 3.86689482E-04
 3.41517124E-04
 1.34126272E-04
 2.10748184E-04
 2.31388445E-04
 2.69503747E-04
 1.54817767E-04
 2.65036487E-04
 3.60031553E-04
 1.87954690E-04
 4.38010920E-04
 2.82610962E-02
 4.96793098E-04
 1.78206207E-04
 2.63290915E-04
 3.60909066E-04
 2.33515397E-04
 5.08431221E-04
 5.98035310E-04
 2.36155547E-04
 5.00381225E-04
 4.18808539E-03
 6.30414055E-04
 6.00549886E-04
 3.01586139E-04
 2.71404125E-04
 3.34978876E-04
 3.04089905E-04
 2.56391889E-04
 9.41901904E-02
 3.68429942E-04
 3.90950553E-04
 3.39068015E-04
 2.14119065E-04
 2.18440214E-03
 2.82847434E-04
 2.77894722E-04
 1.29758228E-04
 6.47806714E-04
 3.72377835E-04
 1.08624622E-04
 7.18068212E-04
 1.90444737E-04
 2.16282732E-03
 5.79321525E-02
 3.59799816E-05
 6.12530431E-05
 5.93640586E-05
 1.40958914E-04
 5.32144010E-05
 5.39087005E-05
 2.61526919E-04
 1.09475718E-04
 2.79252573E-04
 1.60044375E-02
 3.41246537E-04
 1.39075252E-04
 1.94951316E-04
 3.06817646E-04
 1.05494549E-03
 1.73411827E-04
 4.27627129E-04
 2.56297436E-02
 5.10968945E-04
 2.55108519E-02
 1.42119291E-04
 2.28327238E-04
 4.80429178E-04
 6.27854313E-04
 6.46573742E-04
 5.17781840E-03
 1.51343645E-03
 6.40544984E-04
 3.40663394E-03
 2.24015404E-03
 1.00000000E+00
 3.95100924E-04
 3.83907570E-04
 5.58977847E-04
 5.07363332E-04
 5.48130473E-04
 3.67392264E-04
 3.38301541E-04
 4.76414390E-04
 2.41178009E-04
 1.17447080E-03
 4.26093203E-04
 2.95158707E-05
 5.60294706E-05
 9.47138088E-05
 1.82491668E-02
 1.35695352E-05
 2.42604665E-04
 4.85275153E-03
 2.93797746E-04
 4.99194471E-03
 1.45290297E-04
 3.78774970E-04
 1.21284030E-03
 5.22629001E-04
 7.11061280E-03
 5.95852379E-04
 6.04388060E-04
 1.88210125E-01
 6.84777994E-04
 5.60890473E-04
 5.01998306E-04
 6.06924936E-04
 3.46129151E-04
 2.92185217E-04
 1.01219954E-04
 1.25687128E-04
 5.65889866E-03
 2.32383485E-04
 4.26091689E-04
 1.00000000E+00
 1.00000000E+00
 1.00000000E+00
 1.00000000E+00
 1.00000000E+00
 1.00000000E+00
 1.00000000E+00
 1.00000000E+00
 1.00000000E+00
 1.00000000E+00
 1.00000000E+00
 1.00000000E+00
 3.05737673E-02
 3.09841087E-02
 3.15148338E-02
 2.95228467E-02
 2.57204250E-02
 2.15638523E-02
 1.69945422E-02
 2.37601301E-02
 2.42979762E-02
 2.49585191E-02
 2.56379861E-02
 2.64743730E-02
 2.72496710E-02
 1.71027429E-02
 1.73608547E-02
 1.80562162E-02
 1.89620407E-02
 2.00211280E-02
 1.13657649E-01
 1.30949544E-02
 1.33675432E-02
 1.38167806E-02
 1.41986403E-02
 8.82981895E-03
 9.33516667E-03
 1.00312663E-02
 4.34362376E-03
 5.18558146E-03
 8.07371959E-02
 1.27755113E-03
 4.15419052E-05
 5.35015480E-05
 1.02351634E-04
 1.17423282E-04
 1.51166426E-04
 1.59243184E-04
 3.77516922E-03
 4.56985189E-05
 9.83064288E-05
 1.31930990E-04
 1.71705340E-04
 2.00431825E-04
 9.57718693E-02
 1.13579965E-04
 2.04242204E-04
 1.80397696E-04
 2.47293355E-04
 4.10610672E-03
 8.70879391E-05
 2.27468709E-04
 3.06814027E-04
 1.86498457E-02
 1.44816414E-04
 3.59672271E-04
 4.52531295E-03
 3.34112743E-04
 7.60483039E-02
 3.02827119E-03
 1.00380441E-04
 1.10805024E-04
 1.43471905E-04
 1.55545998E-04
 2.29395072E-04
 9.62449572E-02
 1.17987757E-04
 1.38252572E-04
 1.76286879E-04
 2.64923193E-04
 4.83979688E-03
 1.67932038E-04
 2.23256362E-04
 3.53736508E-04
 1.03596959E-03
 1.41217168E-04
 4.31813787E-04
 9.85555032E-04
 3.82294399E-04
 4.90998258E-03
 7.48004581E-02
 8.13900073E-05
 1.17335427E-04
 2.02965033E-04
 2.58686272E-04
 1.25204699E-04
 2.17138703E-04
 3.33712193E-04
 1.84799220E-04
 4.55595949E-04
 7.89249928E-04
 4.84884618E-04
 9.46775136E-05
 2.11086299E-04
 2.99616058E-04
 1.77711226E-02
 1.94847941E-04
 4.62202798E-04
 4.34374721E-03
 5.69113824E-04
 4.00676854E-03
 1.78777413E-04
 4.17724852E-04
 1.08269770E-01
 5.61148439E-04
 1.11253281E-01
 1.17662062E-01
 4.99280124E-04
 1.82149215E-04
 2.31727434E-04
 1.48320593E-04
 2.80845482E-04
 2.04447461E-04
 2.51594261E-04
 6.70215464E-05
 7.56453225E-05
 6.89610031E-06
 5.13920964E-05
 7.53002251E-05
 9.41662102E-02
 9.71227897E-05
 1.44919777E-04
 3.44246834E-05
 2.88969883E-05
 9.82975016E-05
 8.51719020E-05
 1.59500132E-05
 6.03437005E-05
 4.12103392E-05
 3.32251188E-05
 2.93927943E-05
 4.46963988E-05
 1.37485528E-04
 1.90048878E-04
 2.03925331E-04
 1.83916306E-05
 1.63642351E-04
 2.50638178E-04
 2.61328722E-04
 8.08407193E-05
 2.88196359E-04
 2.88092471E-04
 1.21138356E-04
 4.30909290E-04
 3.48420023E-04
 1.42663224E-04
 1.86202916E-04
 1.88543837E-04
 2.57388570E-04
 1.62932034E-04
 3.07201177E-04
 3.56641775E-04
 2.46827425E-04
 4.86736592E-04
 2.83310659E-02
 5.16620244E-04
 1.91191116E-04
 2.59399043E-04
 3.75691059E-04
 2.37511114E-04
 5.38661551E-04
 6.32811314E-04
 2.40072879E-04
 5.00905186E-04
 4.19372436E-03
 6.57190739E-04
 6.14213781E-04
 3.47385897E-04
 4.42552004E-04
 3.11082277E-04
 3.88877575E-04
 3.57894693E-04
 9.43350845E-02
 3.02816738E-04
 4.72529940E-04
 3.10404780E-04
 2.18724847E-04
 2.17837789E-03
 3.31815108E-04
 3.86730805E-04
 1.62718917E-04
 7.02792052E-04
 3.44413759E-04
 1.03576377E-04
 6.84274562E-04
 2.23915333E-04
 2.11862426E-03
 6.06003017E-02
 1.63998864E-05
 1.28625893E-05
 1.00629153E-04
 1.87717905E-04
 2.61758377E-06
 1.20620367E-04
 2.67530771E-04
 1.28658223E-04
 3.01864805E-04
 1.62250812E-02
 4.11305375E-04
 1.50744258E-04
 2.11977012E-04
 3.05938179E-04
 1.03453310E-03
 2.17623670E-04
 4.53789393E-04
 2.56757793E-02
 5.97792935E-04
 2.56069895E-02
 2.34375153E-04
 2.28722251E-04
 4.92106448E-04
 6.34784892E-04
 6.89318446E-04
 5.16381236E-03
 1.57302289E-03
 6.52233085E-04
 3.41200166E-03
 2.20972841E-03
 1.00000000E+00
 4.26927146E-04
 5.10214319E-04
 4.98748387E-04
 4.09947514E-04
 4.12990789E-04
 5.75008723E-04
 4.58784971E-04
 4.57221979E-04
 3.59747775E-04
 1.25350172E-03
 3.28974107E-04
 2.62123694E-05
 2.67281351E-06
 1.41973551E-04
 1.81711485E-02
 5.36141998E-05
 2.67670061E-04
 4.90590762E-03
 3.57236266E-04
 5.00144434E-03
 1.48078862E-04
 4.10576048E-04
 1.21208702E-03
 5.87904712E-04
 7.07634270E-03
 6.71849753E-04
 6.21924592E-04
 1.88228445E-01
 5.89240813E-04
 5.50903556E-04
 4.06727002E-04
 4.39557599E-04
 2.91571363E-04
 2.16400075E-04
 7.88767347E-05
 1.46454340E-04
 5.62472375E-03
 3.12176911E-04
 4.48761185E-04
 1.00000000E+00
 1.00000000E+00
 1.00000000E+00
 1.00000000E+00
 1.00000000E+00
 1.00000000E+00
 1.00000000E+00
 1.00000000E+00
 1.00000000E+00
 1.00000000E+00
 1.00000000E+00
 1.00000000E+00
 1.05264919E-02
 7.53268315E-03
 4.32766581E-03
 2.08588819E-03
 1.10554300E-03
 9.25516690E-05
 1.61680361E-06
 2.93551206E-02
 2.99368591E-02
 3.05975125E-02
 3.13278136E-02
 2.88898577E-02
 2.32637165E-02
 2.25844660E-02
 2.33523707E-02
 2.41972740E-02
 2.51741500E-02
 2.62874602E-02
 1.19489946E-01
 1.62509425E-02
 1.67787310E-02
 1.77202074E-02
 1.89689582E-02
 1.23664202E-02
 1.29245894E-02
 1.35628064E-02
 8.26392738E-03
 9.14945984E-03
 8.60352403E-02
 3.88685667E-03
 9.02308293E-05
 1.00991137E-04
 7.82467941E-05
 9.49649183E-05
 1.22925415E-04
 1.48254272E-04
 3.77302833E-03
 7.68429799E-05
 1.26354079E-04
 1.41996441E-04
 1.75146836E-04
 2.07028605E-04
 9.59159523E-02
 1.45304244E-04
 1.55899993E-04
 2.02836559E-04
 2.54168040E-04
 4.11532295E-03
 1.55539334E-04
 2.35356294E-04
 3.12616618E-04
 1.87628538E-02
 1.83071537E-04
 3.51903872E-04
 4.52379939E-03
 3.25564743E-04
 7.80438113E-02
 3.16454642E-03
 1.37044504E-04
 1.61082727E-04
 1.31817560E-04
 1.70779956E-04
 2.23434343E-04
 9.63346619E-02
 1.24066844E-04
 1.47540433E-04
 1.66207833E-04
 2.56373082E-04
 4.84440623E-03
 1.35712367E-04
 1.94217699E-04
 3.32582940E-04
 1.04376538E-03
 1.77100962E-04
 4.31830226E-04
 1.01228217E-03
 3.70035015E-04
 4.97337068E-03
 7.75077269E-02
 9.24447430E-05
 1.24991795E-04
 1.88974206E-04
 2.69965566E-04
 1.24914926E-04
 2.09205994E-04
 3.26427770E-04
 2.04962938E-04
 4.52944023E-04
 8.09356265E-04
 5.27566310E-04
 1.07008635E-04
 2.27401804E-04
 2.99998328E-04
 1.78024199E-02
 1.84365744E-04
 4.71634939E-04
 4.36039659E-03
 5.68190752E-04
 4.04748851E-03
 1.79599104E-04
 4.24522221E-04
 1.08333827E-01
 5.69855779E-04
 1.11402203E-01
 1.17963350E-01
 5.03230373E-04
 8.69223311E-04
 8.29673740E-04
 8.79814692E-04
 9.38921982E-04
 9.28167629E-04
 8.52847299E-04
 1.06143002E-04
 6.48436486E-05
 5.63087400E-05
 6.85568245E-05
 6.82244983E-05
 9.43620516E-02
 7.69194854E-05
 1.10126580E-04
 2.00933199E-05
 1.35734372E-05
 3.38603484E-05
 5.50843104E-06
 7.31268172E-05
 1.23603454E-05
 5.82161224E-05
 6.67845993E-05
 5.49093317E-05
 1.02290019E-04
 1.35644032E-04
 1.36816933E-04
 1.97458124E-04
 7.13155439E-05
 1.60752858E-04
 2.24221788E-04
 2.74964784E-04
 1.44113551E-04
 2.11482832E-04
 3.61472483E-04
 2.00035956E-04
 4.17416648E-04
 3.93164965E-04
 1.77335902E-04
 2.16627299E-04
 2.16472750E-04
 2.91428702E-04
 1.83562808E-04
 2.79404683E-04
 3.67620986E-04
 2.59803269E-04
 4.90688309E-04
 2.84940382E-02
 5.30993663E-04
 1.84536085E-04
 2.60000727E-04
 3.72166836E-04
 2.26022217E-04
 5.36390245E-04
 6.23593349E-04
 2.60856459E-04
 5.08702549E-04
 4.19241605E-03
 6.54520339E-04
 6.28567537E-04
 4.36560899E-04
 3.60564747E-04
 3.05323730E-04
 3.21808742E-04
 2.94177877E-04
 9.43479761E-02
 3.64769232E-04
 3.46708185E-04
 2.40561516E-04
 1.92985078E-04
 2.17486808E-03
 2.94765419E-04
 2.81599315E-04
 1.16606104E-04
 7.35141117E-04
 2.47974964E-04
 7.31708128E-05
 6.25938175E-04
 9.84013849E-05
 2.07111921E-03
 6.32709006E-02
 3.21170859E-05
 1.02964575E-04
 1.02065569E-04
 1.50511906E-04
 1.16391901E-06
 1.57948522E-04
 2.60437090E-04
 1.39609336E-04
 3.24515279E-04
 1.62859403E-02
 3.99339301E-04
 1.33647071E-04
 2.09987770E-04
 3.43936817E-04
 1.02151155E-03
 1.96869088E-04
 4.58016368E-04
 2.56843452E-02
 5.40310109E-04
 2.58017555E-02
 1.27321357E-04
 2.32819801E-04
 5.05269629E-04
 6.29849503E-04
 6.63108400E-04
 5.19007160E-03
 1.52175221E-03
 6.74862673E-04
 3.40764372E-03
 2.22535143E-03
 1.00000000E+00
 5.43624681E-04
 5.09897488E-04
 5.47023303E-04
 4.04609986E-04
 4.11518594E-04
 4.80049944E-04
 3.10350359E-04
 4.11103271E-04
 2.70707394E-04
 1.19836775E-03
 2.23773653E-04
 1.33193321E-05
 4.02929544E-05
 1.14641724E-04
 1.82340903E-02
 5.20874252E-06
 2.86064279E-04
 4.88359396E-03
 3.87499517E-04
 5.02542189E-03
 1.36205548E-04
 4.13316299E-04
 1.20753132E-03
 5.63212726E-04
 7.09884184E-03
 5.96724316E-04
 6.42644795E-04
 1.70887589E-02
 6.58021181E-04
 5.71500435E-04
 4.51669805E-04
 5.54304355E-04
 3.27007884E-04
 2.69306569E-04
 1.00621968E-04
 1.79677474E-04
 5.63982849E-03
 2.60696833E-04
 4.56184373E-04
 1.00000000E+00
 1.00000000E+00
 1.00000000E+00
 1.00000000E+00
 1.00000000E+00
 1.00000000E+00
 1.00000000E+00
 1.00000000E+00
 1.00000000E+00
 1.00000000E+00
 1.00000000E+00
 1.00000000E+00
 3.83727448E-06
 7.25007829E-07
 5.26369341E-05
 5.44574924E-06
 3.48642916E-05
 1.09621082E-05
 3.17163489E-05
 1.69287804E-02
 1.30060672E-02
 9.14551706E-03
 4.73766533E-03
 2.07564964E-03
 3.37973580E-04
 2.83373212E-02
 2.91645207E-02
 3.00286663E-02
 3.09975091E-02
 2.82488946E-02
 1.13039831E-01
 2.16741690E-02
 2.27300723E-02
 2.40071058E-02
 2.54182190E-02
 1.56477330E-02
 1.64897640E-02
 1.79894123E-02
 1.19733503E-02
 1.28147326E-02
 9.10573930E-02
 8.05945385E-03
 7.57905270E-05
 6.76442920E-05
 1.30939136E-04
 1.19362398E-04
 1.60035950E-04
 1.54809683E-04
 3.74882016E-03
 5.35907523E-05
 1.10271420E-04
 1.31321247E-04
 1.54183568E-04
 1.97276341E-04
 9.60498673E-02
 1.06985834E-04
 1.52357875E-04
 1.81486589E-04
 2.46149762E-04
 4.12226865E-03
 1.40477920E-04
 2.44194310E-04
 2.80976142E-04
 1.88534604E-02
 1.66700219E-04
 3.72940889E-04
 4.53099030E-03
 3.02555842E-04
 7.99435247E-02
 3.29636815E-03
 1.57942851E-04
 1.11213022E-04
 1.52948678E-04
 1.73730697E-04
 2.11692831E-04
 9.64223636E-02
 1.22750746E-04
 1.24337385E-04
 1.76314087E-04
 2.73229936E-04
 4.82160786E-03
 1.08196911E-04
 1.85225841E-04
 3.51933194E-04
 1.03395753E-03
 1.77998510E-04
 4.61159047E-04
 9.87583187E-04
 4.00410162E-04
 4.95433176E-03
 8.00227018E-02
 1.07951861E-04
 1.09007018E-04
 2.13076443E-04
 2.61267382E-04
 1.20794558E-04
 2.00840301E-04
 3.50835402E-04
 1.96880939E-04
 4.78520860E-04
 7.73026471E-04
 5.20554387E-04
 8.73765944E-05
 1.99597208E-04
 3.32477419E-04
 1.78329968E-02
 2.14709704E-04
 5.05659383E-04
 4.34244663E-03
 5.52884602E-04
 4.05020236E-03
 1.67675034E-04
 4.09657298E-04
 1.08394497E-01
 5.82063094E-04
 1.11547965E-01
 1.18260519E-01
 4.97736218E-04
 1.40576864E-03
 1.48484900E-03
 1.49263000E-03
 1.53250104E-03
 1.54479030E-03
 1.54154910E-03
 6.14793476E-04
 5.99097413E-04
 5.92102700E-04
 5.87817707E-04
 6.85158244E-04
 9.50953024E-02
 1.03755251E-04
 6.07567764E-05
 2.51543450E-05
 2.93798199E-05
 9.56081533E-05
 1.70587709E-05
 5.39556425E-05
 6.35589118E-05
 1.12372216E-04
 7.19713999E-05
 9.04803850E-05
 5.54242734E-05
 1.17603246E-04
 1.48888545E-04
 1.91808262E-04
 8.17324510E-05
 1.35613388E-04
 2.45155910E-04
 2.60774569E-04
 1.32382547E-04
 1.79201920E-04
 3.66424423E-04
 2.29939779E-04
 3.45685441E-04
 4.04234265E-04
 2.00268747E-04
 1.80149994E-04
 2.13874878E-04
 3.01078048E-04
 1.87355597E-04
 2.77890811E-04
 3.63496392E-04
 2.34703063E-04
 5.07585036E-04
 2.85973476E-02
 5.65585703E-04
 1.67916909E-04
 2.35500624E-04
 3.80142350E-04
 2.15837256E-04
 5.46977716E-04
 6.31862755E-04
 2.67587471E-04
 5.05820481E-04
 4.19234099E-03
 6.57654922E-04
 6.71596501E-04
 3.38852351E-04
 3.68164000E-04
 2.83175062E-04
 3.45249828E-04
 3.00525759E-04
 9.44220066E-02
 3.16821243E-04
 3.28314262E-04
 2.15588552E-04
 2.00943553E-04
 2.12106273E-03
 2.71908929E-04
 2.24888031E-04
 1.31889441E-04
 6.78397409E-04
 2.97747211E-04
 6.06366772E-05
 7.05790975E-04
 8.14684796E-05
 2.05077366E-03
 6.57224907E-02
 6.80650517E-05
 7.30567279E-05
 9.49151383E-05
 1.68173563E-04
 6.00446605E-05
 1.52306205E-04
 2.74520187E-04
 1.30035277E-04
 3.31186949E-04
 1.64293525E-02
 3.74192369E-04
 1.36001565E-04
 1.88506883E-04
 3.60784510E-04
 1.01022083E-03
 2.26810216E-04
 5.11586866E-04
 2.56694919E-02
 5.83878807E-04
 2.59270428E-02
 1.54505853E-04
 2.22414384E-04
 5.02176647E-04
 6.05340937E-04
 6.61063715E-04
 5.19995530E-03
 1.53396867E-03
 6.75345178E-04
 3.39739984E-03
 2.19407086E-03
 1.00000000E+00
 5.54877621E-04
 5.00091403E-04
 4.54113348E-04
 4.38137637E-04
 4.24896702E-04
 4.03617401E-04
 3.20846488E-04
 4.30748192E-04
 2.05216519E-04
 1.17636675E-03
 1.54743866E-04
 2.82979881E-05
 5.93481379E-05
 1.54102452E-04
 1.82027794E-02
 4.08050859E-05
 2.88838919E-04
 4.87990300E-03
 3.78357932E-04
 5.05014238E-03
 1.54663229E-04
 3.98394762E-04
 1.16007897E-03
 5.88589926E-04
 7.08621023E-03
 6.20815684E-04
 6.51933129E-04
 1.71082565E-02
 6.23301548E-04
 7.02444901E-04
 4.75208915E-04
 4.48660544E-04
 3.57078807E-04
 1.82350636E-04
 1.10993150E-04
 2.26757922E-04
 5.60879329E-03
 3.28586592E-04
 5.35461463E-04
 1.00000000E+00
 1.00000000E+00
 1.00000000E+00
 1.00000000E+00
 1.00000000E+00
 1.00000000E+00
 1.00000000E+00
 1.00000000E+00
 1.00000000E+00
 1.00000000E+00
 1.00000000E+00
 1.00000000E+00
 1.79192729E-05
 3.76924334E-06
 2.44281854E-06
 2.96792821E-05
 9.84143491E-06
 6.87908684E-05
 3.44617845E-05
 3.38331318E-05
 3.08769425E-06
 1.15558501E-05
 3.03750932E-06
 9.59856113E-06
 2.94300617E-05
 2.25318371E-02
 1.71642713E-02
 1.14045298E-02
 5.52512864E-03
 1.71163523E-03
 9.11910368E-02
 2.75948797E-02
 2.87669731E-02
 2.99683253E-02
 3.13917193E-02
 2.11020859E-02
 2.27419176E-02
 2.45941351E-02
 1.53826978E-02
 1.69179276E-02
 9.86474308E-02
 1.18626934E-02
 6.97385259E-05
 7.93644257E-05
 1.32454599E-04
 9.40144246E-05
 1.62531243E-04
 1.86954385E-04
 3.76313273E-03
 5.64070385E-05
 7.34985349E-05
 1.66062112E-04
 1.71202469E-04
 2.04225117E-04
 9.61593390E-02
 9.07209048E-05
 1.66970546E-04
 1.90996408E-04
 2.64092967E-04
 4.15856781E-03
 1.31131327E-04
 2.45368776E-04
 3.24077650E-04
 1.89427934E-02
 1.86631221E-04
 3.88787106E-04
 4.50472173E-03
 3.41081373E-04
 8.16627772E-02
 3.34282758E-03
 1.48540560E-04
 1.13417103E-04
 1.39987038E-04
 1.73612789E-04
 2.24557423E-04
 9.65318294E-02
 1.33173878E-04
 1.43815954E-04
 1.88497514E-04
 2.75854070E-04
 4.83089031E-03
 1.23526088E-04
 2.11904998E-04
 3.61947340E-04
 1.05042001E-03
 2.04879916E-04
 4.72494444E-04
 9.79565655E-04
 4.35901710E-04
 4.98199749E-03
 8.23526252E-02
 1.04070209E-04
 1.17976149E-04
 1.87747822E-04
 2.57329571E-04
 1.17459050E-04
 2.21186987E-04
 3.62112137E-04
 2.05575193E-04
 4.97601611E-04
 7.92338393E-04
 5.60010127E-04
 9.83002026E-05
 1.87447752E-04
 3.31452572E-04
 1.78578047E-02
 2.04733480E-04
 4.95570738E-04
 4.36567999E-03
 5.95867697E-04
 4.09513910E-03
 1.69247455E-04
 4.24629387E-04
 1.08447871E-01
 5.97817299E-04
 1.11695470E-01
 1.18575604E-01
 5.16334808E-04
 2.04337973E-03
 2.07983718E-03
 2.08173787E-03
 2.12503169E-03
 2.17706451E-03
 2.16297655E-03
 1.26360798E-03
 1.18810877E-03
 1.23245207E-03
 1.27726850E-03
 1.30891143E-03
 9.58141398E-02
 3.22866073E-04
 2.92189208E-04
 3.76054491E-04
 3.90525503E-04
 2.93345327E-05
 9.55997677E-05
 5.73104422E-05
 7.12668997E-06
 1.53516453E-04
 1.27415253E-04
 1.14713686E-04
 5.93341408E-05
 1.32859457E-04
 1.68311196E-04
 2.12202019E-04
 1.04041415E-04
 1.43016733E-04
 2.89357381E-04
 2.78719246E-04
 1.67083337E-04
 2.48885014E-04
 3.96562900E-04
 1.95514661E-04
 4.20973124E-04
 4.30020664E-04
 1.61884066E-04
 1.65101037E-04
 2.14302893E-04
 3.00343831E-04
 1.51706294E-04
 2.57305349E-04
 3.38853582E-04
 2.54821024E-04
 4.94373879E-04
 2.87440129E-02
 5.97233888E-04
 1.93673691E-04
 2.40870909E-04
 3.93644328E-04
 2.37015151E-04
 5.60471501E-04
 6.74594261E-04
 2.55058415E-04
 5.19076094E-04
 4.20842631E-03
 6.88085823E-04
 6.56356141E-04
 3.39210891E-04
 3.46539046E-04
 2.84176369E-04
 2.26927026E-04
 2.59245677E-04
 9.44260115E-02
 3.51542059E-04
 3.74364488E-04
 1.70925686E-04
 1.14824887E-04
 2.19738928E-03
 2.49512173E-04
 2.14901582E-04
 1.39341411E-04
 5.75358503E-04
 2.28777148E-04
 2.19504154E-05
 6.32225692E-04
 9.25273944E-05
 2.11088271E-03
 6.79721194E-02
 5.09422874E-05
 3.96170765E-05
 1.20354239E-04
 2.05916787E-04
 7.79237287E-05
 9.09128714E-05
 3.20903785E-04
 1.98516647E-04
 3.78985043E-04
 1.65790077E-02
 4.39233101E-04
 1.29687233E-04
 2.20962634E-04
 3.73628503E-04
 1.01221400E-03
 2.53862120E-04
 5.40041619E-04
 2.56853078E-02
 6.48334914E-04
 2.60790227E-02
 1.65851580E-04
 2.48081573E-04
 5.43058787E-04
 5.99855544E-04
 7.14950834E-04
 5.21931040E-03
 1.56185732E-03
 6.87598642E-04
 3.41021105E-03
 2.20354557E-03
 1.00000000E+00
 4.98086565E-04
 4.86644097E-04
 4.37020571E-04
 3.61684585E-04
 4.81820489E-04
 3.93176757E-04
 3.42956454E-04
 3.81472212E-04
 1.85778891E-04
 1.17695670E-03
 1.09308364E-04
 2.80001501E-05
 2.98914607E-05
 1.96669217E-04
 1.82088241E-02
 9.08563907E-05
 2.73750776E-04
 4.89428770E-03
 4.44999971E-04
 5.07720969E-03
 1.81254290E-04
 4.40759199E-04
 1.14261715E-03
 6.29503995E-04
 7.11670232E-03
 6.55659031E-04
 6.66297373E-04
 1.71559239E-02
 5.40899519E-04
 6.09389997E-04
 4.41542916E-04
 4.49646834E-04
 3.05074153E-04
 1.58902916E-04
 9.82063868E-05
 1.89512219E-04
 5.58131179E-03
 3.96667904E-04
 5.42718938E-04
 1.00000000E+00
 1.00000000E+00
 1.00000000E+00
 1.00000000E+00
 1.00000000E+00
 1.00000000E+00
 1.00000000E+00
 1.00000000E+00
 1.00000000E+00
 1.00000000E+00
 1.00000000E+00
 1.00000000E+00
 1.57623372E-05
 1.41225521E-05
 3.42750117E-05
 1.00056406E-05
 2.33706397E-06
 4.00343196E-06
 1.01879871E-07
 5.53129450E-05
 1.85939829E-06
 1.60389499E-05
 9.27383042E-06
 2.67533657E-05
 5.85800669E-06
 2.34703045E-04
 1.52902106E-05
 1.34978728E-05
 3.74154934E-06
 3.79393886E-05
 9.09090909E-02
 2.64104758E-02
 1.88392883E-02
 1.05194375E-02
 3.04885576E-03
 2.72927543E-02
 2.88977055E-02
 3.07490015E-02
 2.12029375E-02
 2.36307293E-02
 1.06068217E-01
 1.56212299E-02
 8.40697973E-05
 7.79573493E-05
 9.41450272E-05
 8.59832273E-05
 1.32669739E-04
 1.49809853E-04
 3.80026407E-03
 6.83546045E-05
 9.29513031E-05
 1.66643017E-04
 1.77428595E-04
 1.95962886E-04
 9.62798327E-02
 1.02141746E-04
 1.83542149E-04
 2.16915479E-04
 2.83579412E-04
 4.18199480E-03
 1.38668005E-04
 2.52982033E-04
 3.45442786E-04
 1.90023309E-02
 1.96168901E-04
 4.15533939E-04
 4.51587464E-03
 3.67188068E-04
 8.33164653E-02
 3.41113086E-03
 1.42227297E-04
 1.02659652E-04
 1.33086544E-04
 1.78448713E-04
 2.22510870E-04
 9.66319272E-02
 1.35618767E-04
 1.55638093E-04
 1.86054370E-04
 2.77750183E-04
 4.83612086E-03
 1.40543920E-04
 2.30009973E-04
 3.60968077E-04
 1.05306283E-03
 2.24223251E-04
 4.62674842E-04
 9.85123960E-04
 4.60741393E-04
 4.94036298E-03
 8.45933787E-02
 1.10376998E-04
 1.20492528E-04
 1.81374042E-04
 2.53481063E-04
 1.07676652E-04
 2.26203507E-04
 3.64131229E-04
 2.14901525E-04
 5.03210014E-04
 8.02054736E-04
 6.01048546E-04
 9.21879219E-05
 1.83004784E-04
 3.37083118E-04
 1.78851536E-02
 1.96854332E-04
 4.85379696E-04
 4.38039541E-03
 6.23492578E-04
 4.13207903E-03
 1.74185606E-04
 4.28642978E-04
 1.08503388E-01
 6.07396277E-04
 1.11851843E-01
 1.18901893E-01
 5.24743818E-04
 4.03350309E-03
 4.13115592E-03
 4.24498266E-03
 4.36755273E-03
 4.51777338E-03
 4.68083545E-03
 1.81191367E-03
 1.89146711E-03
 1.86102880E-03
 1.88984739E-03
 1.93496821E-03
 9.64521895E-02
 9.56878133E-04
 1.00555808E-03
 1.04073071E-03
 1.06107621E-03
 2.02353851E-04
 1.84052017E-04
 2.35645536E-04
 3.31070244E-05
 1.48322637E-04
 1.44317070E-04
 1.14652544E-04
 9.51901049E-05
 1.34025053E-04
 1.89928002E-04
 2.08049196E-04
 1.20405809E-04
 1.64428675E-04
 2.65214108E-04
 2.61030556E-04
 1.88399102E-04
 2.58242026E-04
 4.09421651E-04
 1.95446684E-04
 4.37976291E-04
 4.53829782E-04
 1.34562583E-04
 1.43646545E-04
 1.88261964E-04
 2.79850906E-04
 1.53454974E-04
 2.63122411E-04
 3.44565597E-04
 2.75277265E-04
 5.18803389E-04
 2.88657743E-02
 5.84776835E-04
 1.98367438E-04
 2.29638695E-04
 3.84551002E-04
 2.49037345E-04
 5.66250818E-04
 6.99104311E-04
 2.57038119E-04
 5.23915017E-04
 4.21634088E-03
 7.02167502E-04
 6.67323855E-04
 3.02889841E-04
 2.94370631E-04
 2.66003635E-04
 1.94254497E-04
 2.47900959E-04
 9.44926921E-02
 2.56396438E-04
 2.77734562E-04
 1.78019376E-04
 1.08184444E-04
 2.23511916E-03
 2.14681586E-04
 2.22100747E-04
 3.66304863E-05
 5.71928712E-04
 2.25988334E-04
 5.13404244E-06
 6.17106216E-04
 2.55105287E-05
 2.13034881E-03
 7.01218975E-02
 5.39270089E-05
 6.59826861E-05
 1.21799030E-04
 2.13317249E-04
 6.84911773E-05
 1.78619717E-04
 3.05923515E-04
 1.96733862E-04
 3.99941609E-04
 1.66593429E-02
 4.60204948E-04
 1.42671737E-04
 2.23369793E-04
 3.75974822E-04
 1.00060452E-03
 2.68515661E-04
 5.55352419E-04
 2.57070961E-02
 6.67154564E-04
 2.62481051E-02
 1.58196649E-04
 2.57633969E-04
 5.48753683E-04
 5.97376728E-04
 7.28637719E-04
 5.24200742E-03
 1.55725488E-03
 6.96957520E-04
 3.41684467E-03
 2.20880616E-03
 1.00000000E+00
 4.51162011E-04
 4.48630604E-04
 5.07577084E-04
 4.35549575E-04
 4.33363610E-04
 3.22459461E-04
 2.98740588E-04
 3.44927064E-04
 1.68668790E-04
 1.14065911E-03
 1.32047179E-04
 1.30722152E-05
 2.38985588E-05
 1.64019098E-04
 1.82370839E-02
 9.35801962E-05
 3.51594412E-04
 4.90681459E-03
 4.57912482E-04
 5.13362977E-03
 2.06718221E-04
 4.65214503E-04
 1.11778044E-03
 6.45105538E-04
 7.13505368E-03
 6.46277362E-04
 6.85686682E-04
 1.71954705E-02
 5.70575300E-04
 5.47020109E-04
 4.47060362E-04
 4.03356933E-04
 2.58125813E-04
 1.42838762E-04
 6.99210223E-05
 2.20641511E-04
 5.57768749E-03
 3.65663747E-04
 5.61813936E-04
 1.00000000E+00
 1.00000000E+00
 1.00000000E+00
 1.00000000E+00
 1.00000000E+00
 1.00000000E+00
 1.00000000E+00
 1.00000000E+00
 1.00000000E+00
 1.00000000E+00
 1.00000000E+00
 1.00000000E+00
 3.96485819E-05
 1.79013016E-05
 3.02512098E-05
 1.55678745E-05
 6.39895880E-06
 1.37390099E-15
 1.40297363E-06
 1.31100214E-05
 4.84281557E-07
 4.43697303E-06
 1.13305588E-05
 2.51407232E-06
 9.51760963E-07
 4.64195350E-05
 8.13889684E-06
 5.73597401E-07
 9.70217336E-06
 8.14427834E-07
 9.09090909E-02
 1.52927605E-03
 3.68587026E-06
 1.09854902E-05
 1.47664076E-05
 2.75663170E-02
 1.64817435E-02
 5.02894931E-03
 2.75917793E-02
 2.99754432E-02
 1.03643073E-01
 2.22353441E-02
 1.12541884E-04
 1.35314422E-04
 1.07836710E-04
 1.15984890E-04
 1.37112738E-04
 1.63071240E-04
 3.75935585E-03
 9.37152911E-05
 1.03577880E-04
 1.42547384E-04
 1.86793601E-04
 2.04850504E-04
 9.64110328E-02
 1.03312894E-04
 1.57233592E-04
 1.76889364E-04
 2.66740280E-04
 4.20193105E-03
 1.53013914E-04
 2.26427617E-04
 3.30515492E-04
 1.90881239E-02
 2.10175508E-04
 3.82724682E-04
 4.51912409E-03
 3.85180077E-04
 8.49075906E-02
 3.47492097E-03
 1.25358124E-04
 8.81143018E-05
 1.47506822E-04
 1.89451487E-04
 2.08906582E-04
 9.67216314E-02
 1.41002339E-04
 1.50509442E-04
 1.74419688E-04
 2.83386077E-04
 4.83562719E-03
 1.39563405E-04
 2.32273790E-04
 3.61589880E-04
 1.04215951E-03
 2.34929804E-04
 4.61897483E-04
 9.92799009E-04
 5.03327843E-04
 4.95004542E-03
 8.67102000E-02
 1.13318002E-04
 1.22679927E-04
 1.99631537E-04
 2.51269076E-04
 1.17392641E-04
 2.15585080E-04
 3.62700407E-04
 2.10970704E-04
 4.99295102E-04
 7.93649688E-04
 6.08180924E-04
 1.03103216E-04
 1.88907132E-04
 3.28195338E-04
 1.79138437E-02
 1.98064929E-04
 4.83836643E-04
 4.38343598E-03
 6.20244192E-04
 4.15483796E-03
 1.85134161E-04
 4.23407556E-04
 1.08559873E-01
 6.11883902E-04
 1.12013992E-01
 1.19268240E-01
 5.22586655E-04
 7.07189820E-03
 7.12828264E-03
 7.26113735E-03
 7.35047791E-03
 7.51809864E-03
 7.65748397E-03
 2.89239580E-03
 3.03878409E-03
 3.23676399E-03
 3.49384459E-03
 3.81402081E-03
 9.84203783E-02
 1.65492978E-03
 1.63758220E-03
 1.67035328E-03
 1.72831984E-03
 8.06201599E-04
 7.86234818E-04
 8.66320024E-04
 3.25962059E-06
 5.40890735E-05
 1.31187943E-04
 6.76154459E-05
 8.42252595E-05
 1.11556967E-04
 1.73210804E-04
 2.14176325E-04
 1.10560268E-04
 1.35661780E-04
 2.43441661E-04
 3.02079350E-04
 1.68119512E-04
 2.09038075E-04
 3.80328835E-04
 2.56712963E-04
 3.82611814E-04
 4.98239591E-04
 1.42510232E-04
 1.71030559E-04
 2.13419302E-04
 3.03288860E-04
 1.67589569E-04
 2.85503145E-04
 3.99087346E-04
 2.69415907E-04
 5.63660077E-04
 2.89442433E-02
 5.91456434E-04
 1.85769500E-04
 2.28303688E-04
 3.84034204E-04
 2.40981552E-04
 5.58491251E-04
 6.87591584E-04
 2.68728207E-04
 5.22045406E-04
 4.21871250E-03
 6.98603852E-04
 7.00754313E-04
 2.94745556E-04
 2.49591365E-04
 2.23303045E-04
 1.99274188E-04
 2.73238112E-04
 9.46022444E-02
 2.82479350E-04
 2.24189012E-04
 2.17566766E-04
 1.31319656E-04
 2.14636492E-03
 2.19242209E-04
 2.33126202E-04
 1.03635094E-04
 6.20518472E-04
 2.26009973E-04
 1.21555903E-05
 6.53222452E-04
 6.62075556E-06
 2.10665354E-03
 7.21934874E-02
 5.28157069E-05
 6.19305136E-05
 9.15866175E-05
 2.04193404E-04
 6.42317771E-05
 1.58526662E-04
 2.84194832E-04
 1.47933350E-04
 4.01002358E-04
 1.68352752E-02
 4.50393997E-04
 1.72045742E-04
 1.97309066E-04
 3.65636774E-04
 9.82370150E-04
 2.71330649E-04
 5.58110997E-04
 2.57352899E-02
 6.57971239E-04
 2.64258295E-02
 1.39736463E-04
 2.53477505E-04
 5.22102340E-04
 5.97127346E-04
 7.13286257E-04
 5.26740977E-03
 1.52920332E-03
 7.04771450E-04
 3.41903909E-03
 2.20802516E-03
 1.00000000E+00
 4.53099991E-04
 4.12423962E-04
 4.10450218E-04
 4.15556173E-04
 4.41772542E-04
 3.24244719E-04
 2.47415993E-04
 3.62291126E-04
 1.62852318E-04
 1.14280973E-03
 1.91800032E-04
 4.01084898E-05
 1.77729557E-05
 1.40668707E-04
 1.82417867E-02
 6.35771474E-05
 3.32905750E-04
 4.93570754E-03
 4.26430116E-04
 5.20311907E-03
 2.19600892E-04
 4.67707137E-04
 1.09855744E-03
 6.31241706E-04
 7.14234408E-03
 5.97976167E-04
 7.05254503E-04
 1.72290737E-02
 7.16648095E-04
 5.88142396E-04
 4.37910650E-04
 5.34247065E-04
 3.49822923E-04
 1.67824430E-04
 1.31868245E-04
 2.06712573E-04
 5.58801656E-03
 3.48132957E-04
 5.95049955E-04
 1.00000000E+00
 1.00000000E+00
 1.00000000E+00
 1.00000000E+00
 1.00000000E+00
 1.00000000E+00
 1.00000000E+00
 1.00000000E+00
 1.00000000E+00
 1.00000000E+00
 1.00000000E+00
 1.00000000E+00
 8.61180566E-06
 1.11180136E-05
 2.52032862E-06
 1.04730443E-06
 1.15859412E-05
 3.40341871E-05
 3.63531594E-05
 4.97370359E-07
 6.09681501E-06
 2.53788338E-07
 1.58275575E-06
 2.53335904E-07
 3.97839962E-06
 5.91568161E-07
 6.27053494E-07
 3.14208390E-06
 2.09984985E-05
 1.71534584E-08
 9.09090909E-02
 4.28218130E-07
 2.90039123E-06
 5.95015179E-06
 5.56918392E-06
 1.50644448E-03
 1.67438599E-05
 1.13509669E-05
 2.45662203E-02
 8.33026910E-03
 9.09429845E-02
 2.88380847E-02
 9.25927660E-05
 1.39865048E-04
 1.11916261E-04
 1.26753129E-04
 1.29195991E-04
 1.83059039E-04
 3.54835013E-03
 1.11553566E-04
 1.17824184E-04
 1.24095867E-04
 1.72195931E-04
 2.14651737E-04
 9.65176052E-02
 1.20570971E-04
 1.68589556E-04
 1.79794789E-04
 2.75720057E-04
 4.23775335E-03
 1.55825568E-04
 2.60345982E-04
 3.44209028E-04
 1.91716121E-02
 2.25347400E-04
 4.21259667E-04
 4.56642447E-03
 4.13240628E-04
 8.63923487E-02
 3.52184141E-03
 1.19967430E-04
 9.94912719E-05
 1.61873473E-04
 2.00330646E-04
 2.24690911E-04
 9.68259698E-02
 1.42919417E-04
 1.48086794E-04
 1.73788219E-04
 2.73587733E-04
 4.85305904E-03
 1.77381023E-04
 2.47652052E-04
 3.65090863E-04
 1.06856505E-03
 2.41258509E-04
 4.81758617E-04
 1.00462367E-03
 5.26215815E-04
 4.98919464E-03
 8.87229300E-02
 1.18762489E-04
 1.49009753E-04
 1.94920286E-04
 2.58097047E-04
 1.16258669E-04
 2.22885740E-04
 3.59703276E-04
 2.24926381E-04
 5.05768775E-04
 8.21523675E-04
 6.44163469E-04
 1.37357315E-04
 2.29007208E-04
 3.28706105E-04
 1.79332501E-02
 2.02195170E-04
 4.98495184E-04
 4.41392522E-03
 6.60623277E-04
 4.21169042E-03
 2.12239916E-04
 4.46500722E-04
 1.08607753E-01
 6.24696670E-04
 1.12172205E-01
 1.19623839E-01
 5.43824168E-04
 9.87243769E-03
 9.92888669E-03
 1.00957196E-02
 1.02013229E-02
 1.03977248E-02
 1.04938542E-02
 5.95131249E-03
 6.10249137E-03
 6.34744166E-03
 6.60475912E-03
 6.92527314E-03
 1.01340500E-01
 2.32750059E-03
 2.47232837E-03
 2.66880977E-03
 2.98620643E-03
 1.41516320E-03
 1.46462874E-03
 1.51328886E-03
 5.79358710E-04
 6.04705155E-04
 1.20778242E-04
 1.22813502E-04
 9.08757197E-05
 1.30659511E-04
 1.62885310E-04
 1.88539758E-04
 1.32267793E-04
 1.61111280E-04
 2.32212201E-04
 3.01905401E-04
 1.94352857E-04
 2.77781434E-04
 3.98521385E-04
 2.24844160E-04
 4.69212461E-04
 5.16098674E-04
 1.66978653E-04
 1.88930586E-04
 2.08734831E-04
 2.92146806E-04
 1.67444755E-04
 2.67928887E-04
 3.98576525E-04
 2.74479815E-04
 5.62703699E-04
 2.90931504E-02
 6.48371799E-04
 1.85506038E-04
 2.53014490E-04
 3.89126428E-04
 2.40358110E-04
 5.56736763E-04
 7.16000524E-04
 2.41303845E-04
 5.36290839E-04
 4.23245568E-03
 7.22407669E-04
 6.71735513E-04
 2.28258945E-04
 2.12199522E-04
 2.30646446E-04
 1.88710576E-04
 1.97868097E-04
 9.46487203E-02
 2.64984727E-04
 2.46543353E-04
 1.83956025E-04
 1.34103245E-04
 2.21534595E-03
 1.82793467E-04
 2.21077671E-04
 6.68194106E-05
 6.11346223E-04
 1.91290536E-04
 5.53285614E-06
 5.82708455E-04
 2.15056127E-05
 2.21486341E-03
 7.42005146E-02
 3.50206077E-05
 9.58418860E-05
 1.06970490E-04
 1.99699493E-04
 8.34050234E-05
 1.75182815E-04
 3.04561453E-04
 2.28277525E-04
 4.38673275E-04
 1.69578096E-02
 5.18307442E-04
 1.61160126E-04
 2.13540334E-04
 3.43819856E-04
 1.01706480E-03
 2.78475587E-04
 5.41815238E-04
 2.57914652E-02
 6.85351216E-04
 2.66205144E-02
 1.20185156E-04
 2.66922682E-04
 5.37796071E-04
 6.17495789E-04
 7.23793261E-04
 5.30174224E-03
 1.52429516E-03
 7.19094597E-04
 3.44003976E-03
 2.24243074E-03
 1.00000000E+00
 4.21501933E-04
 4.01126767E-04
 4.24126593E-04
 4.02869405E-04
 4.24911253E-04
 3.43133904E-04
 2.78110932E-04
 3.06653960E-04
 1.58698538E-04
 1.11428769E-03
 2.08746691E-04
 2.05517442E-05
 9.15057981E-05
 1.67871246E-04
 1.82761727E-02
 7.39322881E-05
 3.49984780E-04
 4.93959634E-03
 4.83479386E-04
 5.24154904E-03
 2.03442500E-04
 4.70463498E-04
 1.16473459E-03
 6.45755005E-04
 7.19180874E-03
 5.85422630E-04
 7.21125983E-04
 1.72946464E-02
 6.74384130E-04
 6.41816107E-04
 4.78941630E-04
 4.47517600E-04
 3.08387628E-04
 1.84799227E-04
 8.08511957E-05
 1.82525924E-04
 5.62508689E-03
 3.72035285E-04
 5.51391447E-04
 1.00000000E+00
 1.00000000E+00
 1.00000000E+00
 1.00000000E+00
 1.00000000E+00
 1.00000000E+00
 1.00000000E+00
 1.00000000E+00
 1.00000000E+00
 1.00000000E+00
 1.00000000E+00
 1.00000000E+00
 2.20641212E-05
 8.73679056E-06
 3.02857077E-06
 4.14822761E-06
 2.25635370E-05
 4.88684026E-05
 4.64938812E-09
 1.16698977E-05
 1.70180190E-06
 1.07918345E-06
 1.43549399E-05
 5.93202360E-07
 1.21759587E-05
 1.38881887E-05
 7.72840432E-06
 1.47011924E-06
 8.87088943E-06
 1.55262412E-06
 9.09090909E-02
 6.54373001E-06
 3.37089813E-06
 2.72358528E-05
 1.08013096E-07
 2.56946531E-06
 4.58188816E-05
 1.41513863E-06
 1.27554033E-04
 7.76431993E-06
 9.09478265E-02
 1.47575251E-02
 1.25396493E-04
 1.10380505E-04
 1.09469572E-04
 1.18585842E-04
 1.17448148E-04
 1.76687816E-04
 3.44779689E-03
 1.18196286E-04
 1.36616979E-04
 1.53079473E-04
 1.69891680E-04
 2.12057661E-04
 9.66228911E-02
 1.09339255E-04
 1.56504796E-04
 1.98582403E-04
 2.64348141E-04
 4.54579777E-03
 1.26123034E-04
 2.59405827E-04
 3.56744144E-04
 1.92818313E-02
 2.07438641E-04
 4.36541070E-04
 4.55237996E-03
 4.32429224E-04
 8.77971841E-02
 3.58187760E-03
 1.27496271E-04
 9.51444615E-05
 1.49269834E-04
 1.94728338E-04
 2.29537255E-04
 9.69321032E-02
 1.27963334E-04
 1.43233916E-04
 1.77054858E-04
 2.73825297E-04
 4.85791257E-03
 1.78826136E-04
 2.49007899E-04
 3.76482736E-04
 1.08031591E-03
 2.41579145E-04
 4.97826649E-04
 9.99154648E-04
 5.73640554E-04
 4.99669395E-03
 9.06007101E-02
 9.18074407E-05
 1.32144246E-04
 1.84778737E-04
 2.58436273E-04
 1.23196190E-04
 2.23881611E-04
 3.70101352E-04
 2.36100296E-04
 5.16358308E-04
 8.27799174E-04
 6.42500271E-04
 1.52442934E-04
 2.16952747E-04
 3.38311567E-04
 1.79589303E-02
 1.90088773E-04
 5.07553998E-04
 4.41919939E-03
 6.83324539E-04
 4.24071656E-03
 1.96337060E-04
 4.52820462E-04
 1.08669403E-01
 6.41219761E-04
 1.12331708E-01
 1.19991227E-01
 5.53329244E-04
 1.25691976E-02
 1.26400742E-02
 1.27345796E-02
 1.28811559E-02
 1.30485856E-02
 1.32370745E-02
 8.87868648E-03
 9.06536016E-03
 9.28963602E-03
 9.52659160E-03
 9.86251865E-03
 1.04078423E-01
 4.97160626E-03
 5.31156657E-03
 5.70201046E-03
 6.18661256E-03
 2.05601052E-03
 2.13691212E-03
 2.43306317E-03
 1.26356062E-03
 1.27885221E-03
 4.20196011E-04
 1.37901832E-04
 9.36733095E-05
 1.23893415E-04
 1.96265444E-04
 2.07813077E-04
 1.44282802E-04
 1.92309927E-04
 2.62949107E-04
 2.87724077E-04
 1.63625374E-04
 2.90252330E-04
 3.83392050E-04
 2.47011660E-04
 5.23352004E-04
 5.70946017E-04
 1.64834543E-04
 1.74183491E-04
 2.10257518E-04
 2.93361799E-04
 1.74080228E-04
 2.91468080E-04
 4.14800255E-04
 2.68195611E-04
 5.52188758E-04
 2.91985794E-02
 6.77791114E-04
 1.90594903E-04
 2.47621075E-04
 4.08027723E-04
 2.65002632E-04
 5.70106572E-04
 7.39616789E-04
 2.62006521E-04
 5.41118278E-04
 4.24260590E-03
 7.43734678E-04
 6.73383253E-04
 2.50382592E-04
 2.55434485E-04
 2.82188854E-04
 1.95975648E-04
 2.23787054E-04
 9.46984435E-02
 2.51645585E-04
 2.78051731E-04
 1.95082920E-04
 1.22900462E-04
 2.22372450E-03
 1.57459503E-04
 2.21532191E-04
 7.28010173E-05
 5.80587440E-04
 1.95410175E-04
 2.59339557E-06
 5.95351249E-04
 3.47068314E-05
 2.18465847E-03
 7.60591021E-02
 2.79014189E-05
 7.27223842E-05
 1.12188049E-04
 2.02562379E-04
 9.86416322E-05
 1.99573942E-04
 3.14531182E-04
 2.24226333E-04
 4.57186299E-04
 1.71116622E-02
 5.50004432E-04
 1.56188743E-04
 1.94257972E-04
 3.54810863E-04
 1.02645477E-03
 2.45315772E-04
 5.57437638E-04
 2.57619956E-02
 7.22757601E-04
 2.67745757E-02
 1.70995411E-04
 2.69990892E-04
 5.40347658E-04
 6.11586139E-04
 7.77607342E-04
 5.31163984E-03
 1.53016763E-03
 7.27736062E-04
 3.45369754E-03
 2.24137624E-03
 1.00000000E+00
 5.00815703E-04
 4.57062402E-04
 4.53174222E-04
 3.71596760E-04
 4.00134573E-04
 3.62962112E-04
 2.95902131E-04
 2.54151335E-04
 1.58298426E-04
 1.13097447E-03
 1.68250043E-04
 4.04057121E-05
 3.73878273E-05
 2.11028240E-04
 1.82667712E-02
 1.22452527E-04
 3.80703619E-04
 4.94363821E-03
 4.99264046E-04
 5.29043790E-03
 2.34768942E-04
 4.50620426E-04
 1.15185125E-03
 6.92976747E-04
 7.19288421E-03
 6.10299133E-04
 7.22186580E-04
 1.73218376E-02
 6.54789130E-04
 5.91030391E-04
 4.99395379E-04
 4.72496251E-04
 2.68949335E-04
 1.65867960E-04
 3.28599469E-05
 2.13190216E-04
 5.63005674E-03
 4.22237590E-04
 5.70287398E-04
 1.00000000E+00
 1.00000000E+00
 1.00000000E+00
 1.00000000E+00
 1.00000000E+00
 1.00000000E+00
 1.00000000E+00
 1.00000000E+00
 1.00000000E+00
 1.00000000E+00
 1.00000000E+00
 1.00000000E+00
 3.27375048E-05
 4.41944412E-05
 5.95650916E-06
 1.51280879E-05
 1.26808992E-05
 3.17774000E-06
 2.32469391E-09
 3.08162879E-06
 4.79088632E-06
 2.78564538E-06
 1.20400083E-05
 2.70289675E-05
 8.93741148E-06
 1.89869255E-06
 8.46456253E-07
 9.57023208E-06
 1.77076019E-05
 6.50728444E-06
 9.09090909E-02
 2.45343638E-05
 5.37986769E-07
 2.89568647E-05
 6.49031340E-07
 6.91946211E-07
 6.97099984E-06
 6.16364690E-06
 2.22702921E-05
 4.95962137E-06
 9.09284587E-02
 5.76807518E-07
 1.19467085E-04
 1.06132174E-04
 1.02586869E-04
 1.31908701E-04
 1.42466769E-04
 1.71679266E-04
 3.33597824E-03
 1.16374497E-04
 1.15392316E-04
 1.62209499E-04
 1.77169471E-04
 2.16653691E-04
 9.67248017E-02
 1.21718345E-04
 1.76637620E-04
 2.07421875E-04
 2.70295154E-04
 4.28232021E-03
 1.51988630E-04
 2.42381119E-04
 3.37956754E-04
 1.99822846E-02
 2.36300248E-04
 4.26917587E-04
 4.59365794E-03
 4.61000793E-04
 8.91578295E-02
 3.64638789E-03
 1.06795757E-04
 1.10038336E-04
 1.59035425E-04
 2.03661239E-04
 2.19473505E-04
 9.70257872E-02
 1.12808883E-04
 1.37426636E-04
 1.98153027E-04
 2.70979913E-04
 4.86291405E-03
 1.62161354E-04
 2.35496020E-04
 3.66699255E-04
 1.10204801E-03
 2.46411244E-04
 4.88673042E-04
 1.01774899E-03
 5.75713694E-04
 5.03147329E-03
 9.24318260E-02
 7.87202373E-05
 1.33280229E-04
 1.70384416E-04
 2.52314113E-04
 1.43418783E-04
 2.21770395E-04
 3.71530713E-04
 2.32959841E-04
 5.18809329E-04
 8.42527676E-04
 6.80027717E-04
 1.32584896E-04
 2.14872169E-04
 3.42301760E-04
 1.79862334E-02
 2.06999511E-04
 5.11231491E-04
 4.43363516E-03
 6.89507327E-04
 4.28325908E-03
 2.03216636E-04
 4.60082317E-04
 1.08722558E-01
 6.48603719E-04
 1.12500423E-01
 1.20390980E-01
 5.64061458E-04
 1.50696662E-02
 1.51777429E-02
 1.53287685E-02
 1.56175154E-02
 1.60031532E-02
 1.72122674E-02
 1.15974400E-02
 1.17653495E-02
 1.20542134E-02
 1.23036684E-02
 1.26290840E-02
 1.06755805E-01
 7.98137285E-03
 8.30503200E-03
 8.69382979E-03
 9.18333226E-03
 4.19551728E-03
 4.74826693E-03
 5.43821189E-03
 1.89258684E-03
 1.96354155E-03
 1.01640538E-03
 1.22246590E-04
 1.26813392E-04
 1.34411045E-04
 1.77444175E-04
 2.17666779E-04
 1.47391523E-04
 1.96980023E-04
 2.58436258E-04
 2.98088021E-04
 1.74831407E-04
 2.74604726E-04
 4.03244791E-04
 2.42639626E-04
 5.01490628E-04
 5.61355768E-04
 1.57686752E-04
 1.98379520E-04
 2.32901128E-04
 2.96803731E-04
 1.55929805E-04
 2.82470334E-04
 4.29925504E-04
 2.77350300E-04
 5.40615349E-04
 2.93300943E-02
 6.96286409E-04
 1.89093218E-04
 2.61641556E-04
 4.05103548E-04
 2.62337237E-04
 5.77521122E-04
 7.50258526E-04
 2.50577355E-04
 5.50056467E-04
 4.25038811E-03
 7.45128395E-04
 6.80244187E-04
 2.11212688E-04
 2.09345074E-04
 2.05701320E-04
 1.76940675E-04
 1.87398329E-04
 9.48041727E-02
 2.62738724E-04
 2.56529122E-04
 2.14599904E-04
 1.18483306E-04
 2.20781700E-03
 1.53445475E-04
 1.52589547E-04
 3.55551995E-05
 6.19231449E-04
 1.55944077E-04
 4.99356229E-05
 5.90555686E-04
 1.08346957E-04
 2.17824295E-03
 7.78516148E-02
 1.53396827E-05
 9.53394422E-05
 1.19630970E-04
 1.98677408E-04
 8.19123281E-05
 1.78100932E-04
 3.13623971E-04
 2.24948248E-04
 4.13713729E-04
 1.72899164E-02
 5.54739634E-04
 1.34297802E-04
 2.22631089E-04
 3.61367526E-04
 1.03937078E-03
 2.53916898E-04
 5.43817991E-04
 2.58145259E-02
 7.00619445E-04
 2.69764715E-02
 1.08139625E-04
 2.71510229E-04
 5.60401780E-04
 6.14101213E-04
 7.69811329E-04
 5.35686416E-03
 1.48429596E-03
 7.31007645E-04
 3.46177036E-03
 2.26921586E-03
 1.00000000E+00
 4.67241970E-04
 4.03318001E-04
 4.89716184E-04
 4.01423481E-04
 4.19002897E-04
 3.66812837E-04
 3.32593815E-04
 3.14725311E-04
 1.31510407E-04
 1.22267111E-03
 1.47301337E-04
 4.37889315E-05
 5.92767212E-05
 2.00533474E-04
 1.83068037E-02
 9.57683953E-05
 3.58625739E-04
 4.96091819E-03
 5.12520451E-04
 5.35263601E-03
 2.04537320E-04
 4.61512214E-04
 1.16009949E-03
 6.72498348E-04
 7.24975845E-03
 5.42198660E-04
 7.20641226E-04
 1.73714996E-02
 6.69236172E-04
 6.02505577E-04
 4.89031058E-04
 5.53431143E-04
 3.33973931E-04
 2.96512643E-04
 2.66800454E-05
 2.23944792E-04
 5.61527839E-03
 3.97208022E-04
 5.64902660E-04
 1.00000000E+00
 1.00000000E+00
 1.00000000E+00
 1.00000000E+00
 1.00000000E+00
 1.00000000E+00
 1.00000000E+00
 1.00000000E+00
 1.00000000E+00
 1.00000000E+00
 1.00000000E+00
 1.00000000E+00
