 1.69036337E-01
 1.69016664E-01
 1.69044947E-01
 1.69074367E-01
 1.69035105E-01
 1.69057519E-01
 1.69065590E-01
 1.07222143E-01
 1.63701501E-01
 1.63676015E-01
 1.69291638E-01
 1.69252564E-01
 1.69199144E-01
 9.35371527E-02
 9.34204773E-02
 9.33709449E-02
 9.32704256E-02
 9.31696699E-02
 1.82321372E-01
 9.32123583E-02
 9.31334697E-02
 9.30381834E-02
 9.29009338E-02
 9.28921277E-02
 9.27157525E-02
 9.25572869E-02
 7.58424843E-03
 4.91151808E-02
 2.04530195E-01
 7.39763530E-03
 5.49256945E-05
 9.63138717E-05
 2.08183876E-04
 1.29237815E-04
 1.02017748E-04
 2.21053313E-04
 4.31765862E-03
 1.18109260E-05
 9.63069809E-05
 2.23467617E-04
 1.64342080E-04
 1.20012947E-04
 9.88948129E-02
 1.07040082E-04
 1.77699215E-04
 1.98445248E-04
 1.74403690E-04
 5.73976103E-03
 2.05259048E-04
 2.23914672E-04
 2.69706412E-04
 2.30340122E-02
 2.98339230E-04
 3.80909195E-04
 5.07330628E-03
 6.76320573E-04
 1.32414460E-01
 5.44139275E-03
 1.30018214E-04
 9.04925166E-05
 3.90772356E-05
 6.90023045E-07
 9.27921373E-05
 9.91779601E-02
 4.98960239E-05
 1.36119326E-04
 1.34717316E-04
 1.90771080E-04
 5.07590408E-03
 1.33242106E-04
 2.47338907E-04
 3.36404028E-04
 1.45693528E-03
 3.28160925E-04
 5.28796549E-04
 1.18898177E-03
 8.64087767E-04
 5.21604029E-03
 1.49108375E-01
 1.89666357E-05
 1.70037518E-04
 7.79210947E-05
 1.16043952E-04
 2.07457350E-04
 2.74017165E-04
 3.03497828E-04
 3.51412931E-04
 5.71234613E-04
 1.30109908E-03
 9.50992378E-04
 3.54807925E-05
 2.24784266E-04
 2.25794507E-04
 2.07969129E-02
 2.81241653E-04
 5.53465532E-04
 5.37259956E-03
 9.93244035E-04
 6.19894375E-03
 1.91187823E-04
 5.00113543E-04
 1.00318277E-01
 8.47231748E-04
 1.08889298E-01
 1.24763316E-01
 6.78160479E-04
 1.55872995E-04
 1.44783521E-04
 1.51952305E-04
 1.64408230E-04
 1.77778330E-04
 2.27706281E-04
 1.31915565E-04
 1.63426188E-04
 1.80211863E-04
 1.98201596E-04
 2.02750102E-04
 9.69515553E-02
 1.20382147E-04
 1.92388317E-04
 2.29130805E-04
 2.41272326E-04
 2.36707142E-04
 2.33664639E-04
 2.92231873E-04
 2.81688308E-04
 3.86738090E-04
 6.21166656E-04
 1.13712110E-05
 5.74018932E-05
 2.61919835E-05
 3.97163006E-05
 1.05049128E-04
 5.87996703E-05
 2.49815108E-04
 2.12058204E-04
 1.80446403E-04
 9.58968086E-05
 2.31674466E-04
 3.44087365E-04
 2.80229493E-04
 4.36150337E-04
 7.37242254E-04
 1.21390708E-04
 5.01835739E-05
 1.23284663E-04
 1.28233099E-04
 1.32273377E-04
 1.78207561E-04
 3.37552385E-04
 3.19167122E-04
 4.19313109E-04
 2.86293255E-02
 8.60136821E-04
 8.69180168E-05
 1.43010575E-04
 2.13417404E-04
 2.30725122E-04
 4.90722174E-04
 8.84727148E-04
 1.81659346E-04
 4.32324527E-04
 5.33488365E-03
 7.79562506E-04
 6.41277007E-04
 2.43237692E-04
 1.93091649E-04
 2.07461661E-04
 2.86300430E-04
 2.51749550E-04
 9.60394793E-02
 2.55496303E-04
 2.48982522E-04
 2.53417571E-04
 2.61262199E-04
 5.41608233E-03
 2.76726335E-04
 2.83000906E-04
 3.43803456E-04
 1.34321690E-03
 3.48792320E-04
 4.37992769E-04
 1.19899674E-03
 6.42562327E-04
 5.39836716E-03
 1.25844197E-01
 1.97330734E-04
 1.38093011E-04
 1.47371438E-04
 1.82144898E-04
 1.85522752E-04
 2.28988409E-04
 2.78894239E-04
 2.94000506E-04
 3.97004371E-04
 3.09040463E-02
 7.71418761E-04
 1.12853646E-04
 1.02527447E-04
 2.44530642E-04
 1.24531893E-03
 2.96342737E-04
 4.13141824E-04
 2.78434587E-02
 7.29586543E-04
 3.35008813E-02
 8.96810470E-05
 2.16768132E-04
 4.07622215E-04
 1.23206198E-03
 7.40772980E-04
 7.14025594E-03
 3.06566415E-04
 6.74092449E-04
 5.93041075E-03
 4.99701024E-03
 1.00000000E+00
 2.81619806E-04
 2.77910696E-04
 2.36906465E-04
 3.32882333E-04
 2.91776292E-04
 2.51220725E-04
 3.22603161E-04
 3.88869956E-04
 4.53377966E-04
 1.13183265E-03
 6.50060318E-04
 2.09087284E-04
 1.90959175E-04
 2.68403425E-04
 2.13234598E-02
 3.21984858E-04
 4.45914409E-04
 5.63579529E-03
 7.44577881E-04
 6.70862538E-03
 2.34563493E-04
 3.95333918E-04
 1.01715621E-03
 6.99755313E-04
 6.24162998E-03
 2.10021147E-04
 5.93390777E-04
 2.26856383E-02
 2.24040876E-04
 2.77667091E-04
 3.31869650E-04
 3.18905680E-04
 4.15745030E-04
 6.35417201E-04
 2.62737449E-04
 4.08195374E-04
 4.59204046E-03
 6.27895613E-04
 5.65777198E-04
 1.00000000E+00
 1.00000000E+00
 1.00000000E+00
 1.00000000E+00
 1.00000000E+00
 1.00000000E+00
 1.00000000E+00
 1.00000000E+00
 1.00000000E+00
 1.00000000E+00
 1.00000000E+00
 1.00000000E+00
 1.68984145E-01
 1.68947965E-01
 1.68982521E-01
 0.00000000E+00
 0.00000000E+00
 0.00000000E+00
 0.00000000E+00
 1.69212744E-01
 1.69185273E-01
 1.69161766E-01
 1.69180261E-01
 1.69165831E-01
 1.69107358E-01
 1.10111242E-01
 1.13058669E-01
 1.59331920E-01
 1.65695201E-01
 1.69287670E-01
 2.50979822E-01
 9.31548539E-02
 9.30594997E-02
 9.29780777E-02
 9.28394362E-02
 9.27899505E-02
 9.26539371E-02
 9.25397740E-02
 9.23858493E-02
 9.21682108E-02
 2.04552853E-01
 7.38007087E-03
 1.31783306E-05
 9.96429225E-05
 2.05025382E-04
 1.46782633E-04
 1.13457781E-04
 1.81395939E-04
 4.31667670E-03
 1.41636222E-05
 1.51682049E-04
 2.00923715E-04
 1.26776048E-04
 1.22003670E-04
 9.88546792E-02
 8.52236823E-05
 2.09892449E-04
 2.15841984E-04
 1.98408404E-04
 5.73426990E-03
 1.77046503E-04
 2.23296454E-04
 2.81143683E-04
 2.30284539E-02
 3.23000884E-04
 3.93511188E-04
 5.06598813E-03
 6.89536822E-04
 1.32346773E-01
 5.43672763E-03
 1.42239735E-04
 1.08082981E-04
 6.40889625E-05
 3.48430372E-05
 1.04328012E-04
 9.91337457E-02
 1.05895683E-04
 1.29749064E-04
 1.22169567E-04
 2.01917599E-04
 5.06650713E-03
 8.72207687E-05
 2.60458257E-04
 3.48637713E-04
 1.44920892E-03
 3.83373819E-04
 5.46747711E-04
 1.17891626E-03
 9.20050710E-04
 5.22567505E-03
 1.48965118E-01
 6.65951942E-05
 2.15014640E-04
 1.10271737E-04
 1.25094503E-04
 2.49765954E-04
 2.63872455E-04
 3.18412231E-04
 3.46522977E-04
 5.95431603E-04
 1.29330924E-03
 1.08247867E-03
 4.48102614E-06
 2.49303292E-04
 2.52202737E-04
 2.07757687E-02
 2.80044300E-04
 5.77513750E-04
 5.35047724E-03
 1.01150461E-03
 6.17845725E-03
 2.01967534E-04
 4.53274971E-04
 1.00308686E-01
 8.60838641E-04
 1.09018181E-01
 1.25149445E-01
 6.81379274E-04
 1.36378346E-02
 1.36193360E-02
 1.36372557E-02
 1.36251345E-02
 1.35980532E-02
 1.35572984E-02
 1.18166940E-04
 2.02017442E-04
 1.63224820E-04
 1.94390077E-04
 1.99449546E-04
 9.69780791E-02
 1.15276742E-04
 1.74608861E-04
 2.35153316E-04
 2.42124095E-04
 2.43540582E-04
 2.55960279E-04
 3.05546829E-04
 2.96552236E-04
 3.91882540E-04
 6.03114079E-04
 5.76439209E-05
 1.62620970E-05
 3.41655977E-05
 5.12191117E-05
 9.98974027E-05
 9.63027620E-06
 1.29051673E-04
 1.11711961E-04
 1.56332655E-04
 1.57259763E-04
 2.73648793E-04
 3.55436837E-04
 2.51830723E-04
 3.95573545E-04
 7.58374355E-04
 8.23964743E-05
 6.40804176E-05
 1.34678558E-04
 1.46465388E-04
 1.60471500E-04
 1.88557303E-04
 3.67492025E-04
 3.75309341E-04
 4.42488992E-04
 2.86234254E-02
 9.09651552E-04
 7.18905660E-05
 1.63964653E-04
 2.05618387E-04
 2.81650907E-04
 5.14338916E-04
 9.17700353E-04
 2.23733014E-04
 4.54589784E-04
 5.31288987E-03
 8.14764924E-04
 6.74112808E-04
 2.37141239E-04
 2.25212060E-04
 2.22684687E-04
 2.53513558E-04
 2.35471232E-04
 9.60468150E-02
 2.30575383E-04
 2.25057920E-04
 2.32560848E-04
 2.56208546E-04
 5.42680607E-03
 2.93229092E-04
 3.17536593E-04
 3.68695648E-04
 1.32548890E-03
 3.70348891E-04
 4.58708660E-04
 1.17875079E-03
 6.76717305E-04
 5.43019783E-03
 1.25975875E-01
 1.48728035E-04
 1.47193640E-04
 1.65580937E-04
 2.01891566E-04
 1.76093895E-04
 1.68130154E-04
 2.28188828E-04
 3.17327530E-04
 4.33762572E-04
 3.09873816E-02
 8.04473208E-04
 5.49242494E-05
 1.60570465E-04
 2.68000117E-04
 1.22328317E-03
 2.52176780E-04
 3.68106798E-04
 2.79565778E-02
 7.72363457E-04
 3.35764626E-02
 1.01786941E-04
 1.46132782E-04
 4.40178990E-04
 1.23370937E-03
 7.37459728E-04
 7.19059219E-03
 3.40164233E-04
 6.57459294E-04
 5.90560979E-03
 4.99203679E-03
 1.00000000E+00
 2.28957633E-04
 3.00326147E-04
 2.83051300E-04
 3.52827031E-04
 2.41527399E-04
 2.85909265E-04
 3.61692072E-04
 4.25876228E-04
 4.73219951E-04
 1.09636437E-03
 7.11288326E-04
 1.07676109E-04
 2.56441902E-04
 3.16749205E-04
 2.12993701E-02
 2.19584644E-04
 4.79751043E-04
 5.59894408E-03
 7.89416464E-04
 6.69429630E-03
 1.57677513E-04
 4.13029881E-04
 9.82099724E-04
 7.16513592E-04
 6.21691896E-03
 2.61768714E-04
 5.11021906E-04
 2.23106284E-02
 1.75187703E-04
 2.75771983E-04
 3.29362940E-04
 2.62417154E-04
 4.80258453E-04
 6.86847061E-04
 1.99115443E-04
 4.46764951E-04
 4.54763804E-03
 5.95687711E-04
 5.92808121E-04
 1.00000000E+00
 1.00000000E+00
 1.00000000E+00
 1.00000000E+00
 1.00000000E+00
 1.00000000E+00
 1.00000000E+00
 1.00000000E+00
 1.00000000E+00
 1.00000000E+00
 1.00000000E+00
 1.00000000E+00
 0.00000000E+00
 0.00000000E+00
 0.00000000E+00
 0.00000000E+00
 0.00000000E+00
 0.00000000E+00
 0.00000000E+00
 1.69149693E-01
 1.69129418E-01
 1.69086841E-01
 1.69113241E-01
 0.00000000E+00
 0.00000000E+00
 1.69339189E-01
 1.69300850E-01
 1.69289601E-01
 1.69213473E-01
 1.69182760E-01
 2.50870538E-01
 1.11238311E-01
 1.12932674E-01
 1.56053260E-01
 1.69272236E-01
 9.27571012E-02
 9.25774478E-02
 9.24753225E-02
 9.23308697E-02
 9.21201456E-02
 2.04583719E-01
 9.08885304E-02
 1.24671826E-04
 1.23837248E-05
 1.79019439E-04
 1.72121118E-04
 1.43507307E-04
 1.73964476E-04
 4.32634953E-03
 2.48910201E-06
 7.60557755E-05
 1.39288320E-04
 7.17085246E-05
 1.16883729E-04
 9.88725363E-02
 7.68834740E-05
 1.33276829E-04
 2.59909541E-04
 1.99438319E-04
 5.73949163E-03
 1.36354408E-04
 1.86572634E-04
 2.74230380E-04
 2.30568872E-02
 3.48812002E-04
 4.08495124E-04
 5.06140364E-03
 7.03406703E-04
 1.32334710E-01
 5.43455636E-03
 5.50252848E-05
 1.02482435E-04
 5.99204834E-05
 4.56023299E-05
 1.10513032E-04
 9.90638157E-02
 5.55124132E-05
 9.07032108E-05
 9.72869476E-05
 1.98139382E-04
 5.07634223E-03
 1.14865652E-04
 2.06386625E-04
 3.49508899E-04
 1.45311541E-03
 3.74561037E-04
 5.50646536E-04
 1.15938816E-03
 9.22515055E-04
 5.20741895E-03
 1.48824379E-01
 7.61850105E-05
 1.77072607E-04
 9.71441760E-05
 9.27707979E-05
 2.04882148E-04
 2.58481398E-04
 3.18082250E-04
 3.67953933E-04
 5.95683378E-04
 1.29293637E-03
 1.08375191E-03
 1.65671961E-05
 2.57683331E-04
 2.27987275E-04
 2.07851197E-02
 2.98213884E-04
 5.87426306E-04
 5.35122133E-03
 1.01045035E-03
 6.17354791E-03
 1.81456094E-04
 4.71810218E-04
 1.00341792E-01
 8.93310157E-04
 1.09164417E-01
 1.25578360E-01
 6.72299237E-04
 1.63081242E-02
 1.63003966E-02
 1.63066376E-02
 1.63157596E-02
 1.62638555E-02
 1.62076620E-02
 2.06008199E-03
 1.97749189E-03
 1.99760650E-03
 1.95207234E-03
 2.75069139E-03
 9.96646007E-02
 1.32158176E-04
 1.59692535E-04
 2.49528315E-04
 2.47235490E-04
 2.31282678E-04
 2.23016697E-04
 3.02077017E-04
 3.15860381E-04
 3.95454555E-04
 5.66392975E-04
 1.30161010E-06
 2.43743344E-05
 1.70442386E-05
 8.12556378E-05
 1.21274500E-04
 3.18923839E-05
 1.36251574E-04
 1.38302051E-04
 1.82137697E-04
 1.44046102E-04
 2.85619174E-04
 3.14366521E-04
 2.72228305E-04
 4.52534915E-04
 7.38421813E-04
 5.22582301E-05
 5.05693598E-05
 1.13262191E-04
 1.37924279E-04
 1.06487416E-04
 1.85185675E-04
 3.39114357E-04
 3.96656208E-04
 4.52544666E-04
 2.86528057E-02
 9.09898251E-04
 1.71564274E-04
 1.82615744E-04
 2.10787448E-04
 1.95219247E-04
 5.23479378E-04
 9.26300567E-04
 2.18148878E-04
 4.55282732E-04
 5.33338024E-03
 8.14659544E-04
 6.98699425E-04
 2.26507711E-04
 2.12416889E-04
 2.05396349E-04
 2.43084867E-04
 2.26827495E-04
 9.60841031E-02
 2.46635459E-04
 2.67605111E-04
 2.49549309E-04
 2.66536736E-04
 5.44465973E-03
 3.02783859E-04
 3.02287957E-04
 3.68427781E-04
 1.34316066E-03
 3.80250611E-04
 4.72426079E-04
 1.18659694E-03
 6.67564033E-04
 5.42255154E-03
 1.26150879E-01
 1.17343448E-04
 1.31445757E-04
 1.50364031E-04
 1.99761937E-04
 1.95180228E-04
 2.31053190E-04
 2.63765888E-04
 3.37472312E-04
 4.45298101E-04
 3.11090273E-02
 7.79021536E-04
 8.70784638E-05
 1.44043320E-04
 2.54735236E-04
 1.21752322E-03
 3.06818073E-04
 4.50720414E-04
 2.79262937E-02
 7.89632963E-04
 3.36806341E-02
 9.84645412E-05
 1.88053306E-04
 4.18298374E-04
 1.22253307E-03
 7.44821013E-04
 7.16251697E-03
 3.26273497E-04
 6.74664128E-04
 5.91023056E-03
 5.00469638E-03
 1.00000000E+00
 2.72455809E-04
 2.71616377E-04
 2.70459147E-04
 3.45466385E-04
 2.56113907E-04
 2.28152781E-04
 3.26188428E-04
 3.90626666E-04
 4.81030440E-04
 1.12004898E-03
 6.64263493E-04
 1.90772651E-04
 2.32163941E-04
 2.92082425E-04
 2.13135885E-02
 2.83377714E-04
 4.60527464E-04
 5.63914250E-03
 7.63473980E-04
 6.71831267E-03
 2.04919224E-04
 4.15365654E-04
 1.00186105E-03
 7.05726819E-04
 6.21674563E-03
 2.33796698E-04
 4.74693357E-04
 2.20334221E-02
 2.09354684E-04
 2.50876509E-04
 3.29305876E-04
 3.44291381E-04
 4.40188291E-04
 6.59771664E-04
 2.21470933E-04
 4.11128470E-04
 4.59008988E-03
 6.56427251E-04
 6.16926322E-04
 1.00000000E+00
 1.00000000E+00
 1.00000000E+00
 1.00000000E+00
 1.00000000E+00
 1.00000000E+00
 1.00000000E+00
 1.00000000E+00
 1.00000000E+00
 1.00000000E+00
 1.00000000E+00
 1.00000000E+00
 0.00000000E+00
 0.00000000E+00
 0.00000000E+00
 0.00000000E+00
 0.00000000E+00
 0.00000000E+00
 0.00000000E+00
 0.00000000E+00
 0.00000000E+00
 0.00000000E+00
 0.00000000E+00
 0.00000000E+00
 0.00000000E+00
 1.69242892E-01
 1.69181112E-01
 1.69183332E-01
 1.69090798E-01
 0.00000000E+00
 0.00000000E+00
 1.69376859E-01
 1.69291347E-01
 1.69253605E-01
 1.69163713E-01
 9.27042305E-02
 1.14516252E-01
 1.53832592E-01
 9.22708321E-02
 9.20822366E-02
 2.35951528E-01
 9.16002323E-02
 1.53533169E-04
 4.17117111E-05
 8.12450930E-05
 1.14006506E-04
 1.39655305E-04
 1.65582089E-04
 4.34266643E-03
 3.56583473E-06
 4.68549851E-05
 1.10339515E-04
 1.50745536E-04
 1.05413505E-04
 9.87927753E-02
 7.21273346E-05
 6.81921188E-05
 1.83982263E-04
 2.06440164E-04
 5.71928240E-03
 1.70834192E-04
 2.11475101E-04
 2.65276168E-04
 2.30565181E-02
 3.84692338E-04
 4.28352155E-04
 5.03044974E-03
 7.15931385E-04
 1.32330815E-01
 5.39550753E-03
 1.52249597E-04
 5.73910383E-05
 3.26731824E-05
 4.89528774E-05
 3.76433849E-05
 9.91078944E-02
 8.30007573E-05
 1.05828875E-04
 9.07071870E-05
 1.96469968E-04
 5.09312572E-03
 1.46411221E-04
 1.76970175E-04
 3.40833239E-04
 1.43128105E-03
 3.65159073E-04
 5.53508870E-04
 1.14170597E-03
 9.53345509E-04
 5.18036400E-03
 1.48665993E-01
 7.03160857E-05
 1.19568330E-04
 2.93968699E-06
 5.00778101E-05
 2.19373394E-04
 2.93614276E-04
 3.12772471E-04
 3.62937362E-04
 6.15273505E-04
 1.28485066E-03
 1.06412594E-03
 1.26011630E-04
 2.32249141E-04
 1.37244090E-04
 2.08193283E-02
 3.46472480E-04
 6.53659256E-04
 5.32915961E-03
 1.05530003E-03
 6.11698716E-03
 6.45402034E-05
 4.50687104E-04
 1.00398051E-01
 9.24277278E-04
 1.09264705E-01
 1.25932025E-01
 5.85819879E-04
 1.62807457E-02
 1.62983771E-02
 1.63159393E-02
 1.63172534E-02
 1.62437338E-02
 1.61827622E-02
 1.63228388E-02
 1.63126945E-02
 1.63248461E-02
 1.62484106E-02
 1.62593169E-02
 1.11869955E-01
 1.71487341E-04
 2.04419549E-04
 2.51836623E-04
 2.55062478E-03
 2.50395103E-04
 2.52617692E-04
 3.16891882E-04
 3.28372934E-04
 4.00147793E-04
 5.56478859E-04
 8.97158220E-06
 4.13521807E-05
 3.37153185E-05
 4.89053991E-05
 1.91706912E-04
 1.56959364E-05
 6.38413024E-05
 4.64398903E-05
 1.40404109E-04
 1.16799804E-04
 2.67837268E-04
 3.44870703E-04
 3.03918716E-04
 4.46634499E-04
 7.75200874E-04
 8.29704474E-05
 6.96886149E-05
 6.01292431E-05
 1.37163003E-04
 8.95097415E-05
 2.13085959E-04
 2.75231608E-04
 3.83801833E-04
 4.94792273E-04
 2.86894608E-02
 9.05386105E-04
 9.61781405E-05
 2.24321599E-04
 1.47968955E-04
 2.21687007E-04
 5.81041534E-04
 9.41918960E-04
 2.28587780E-04
 5.22068493E-04
 5.35724798E-03
 8.45185324E-04
 7.71438959E-04
 2.03174003E-04
 2.03659061E-04
 1.77865581E-04
 2.45771570E-04
 1.97301936E-04
 9.60752349E-02
 2.33577180E-04
 2.54998750E-04
 2.03972304E-04
 2.37751325E-04
 5.45856876E-03
 2.80025229E-04
 3.32154237E-04
 4.04687907E-04
 1.28909712E-03
 3.78624564E-04
 4.78474675E-04
 1.14128117E-03
 6.97244021E-04
 5.43441493E-03
 1.26315352E-01
 5.01568613E-05
 8.93293557E-05
 8.89177468E-05
 2.26189681E-04
 1.76376550E-04
 3.07788610E-04
 2.44133138E-04
 3.78035222E-04
 4.89826587E-04
 3.12271569E-02
 8.16955310E-04
 3.05655552E-05
 1.28422395E-04
 2.35214946E-04
 1.18840210E-03
 2.39980330E-04
 4.77242322E-04
 2.80534502E-02
 8.13200676E-04
 3.37340178E-02
 1.16345591E-04
 1.03910711E-04
 3.77711515E-04
 1.23537528E-03
 6.88343474E-04
 7.11280278E-03
 3.40971363E-04
 6.94577417E-04
 5.84970135E-03
 5.00421573E-03
 1.00000000E+00
 2.75158467E-04
 2.70487863E-04
 2.33515804E-04
 2.99223886E-04
 2.51720309E-04
 2.15723692E-04
 3.25198957E-04
 3.91851425E-04
 4.93693091E-04
 1.08904579E-03
 6.57839630E-04
 1.63625269E-04
 2.04183432E-04
 2.49773915E-04
 2.13127000E-02
 3.18080908E-04
 4.69437493E-04
 5.66823872E-03
 7.69969732E-04
 6.71450886E-03
 1.94828771E-04
 3.85388660E-04
 1.00566891E-03
 6.63225370E-04
 6.20874992E-03
 2.16506673E-04
 5.11088683E-04
 2.19788746E-02
 1.82485550E-04
 2.09363420E-04
 3.24956231E-04
 3.15238035E-04
 3.98225134E-04
 6.62003754E-04
 2.27784695E-04
 3.74277244E-04
 4.61898426E-03
 6.22223792E-04
 5.99246414E-04
 1.00000000E+00
 1.00000000E+00
 1.00000000E+00
 1.00000000E+00
 1.00000000E+00
 1.00000000E+00
 1.00000000E+00
 1.00000000E+00
 1.00000000E+00
 1.00000000E+00
 1.00000000E+00
 1.00000000E+00
 0.00000000E+00
 0.00000000E+00
 0.00000000E+00
 0.00000000E+00
 0.00000000E+00
 0.00000000E+00
 0.00000000E+00
 0.00000000E+00
 0.00000000E+00
 0.00000000E+00
 0.00000000E+00
 0.00000000E+00
 0.00000000E+00
 0.00000000E+00
 0.00000000E+00
 0.00000000E+00
 0.00000000E+00
 0.00000000E+00
 0.00000000E+00
 1.69256100E-01
 1.69198189E-01
 1.69125659E-01
 1.69037681E-01
 1.69271241E-01
 1.69142072E-01
 1.69040103E-01
 1.12858714E-01
 1.49487745E-01
 2.71955135E-01
 9.15482153E-02
 1.40425642E-05
 3.97022496E-05
 1.73522233E-04
 1.40598733E-04
 1.80545643E-04
 2.25434870E-04
 4.31814757E-03
 1.43561599E-05
 1.07341965E-05
 1.32907815E-04
 2.05996311E-04
 1.25008759E-04
 9.87609972E-02
 1.52515408E-04
 6.70538561E-05
 2.33759632E-04
 2.18986457E-04
 5.73529186E-03
 2.41773083E-04
 2.52236309E-04
 2.87453975E-04
 2.30896391E-02
 4.13433014E-04
 4.16059686E-04
 5.05187331E-03
 7.05944501E-04
 1.32356986E-01
 5.42721695E-03
 4.39191522E-05
 6.45394428E-05
 4.94079140E-05
 1.15320913E-05
 7.34445540E-05
 9.90795165E-02
 4.25051823E-05
 1.25327796E-04
 1.22145531E-04
 2.05970390E-04
 5.08233790E-03
 1.58231577E-04
 2.22063857E-04
 3.71977314E-04
 1.42525023E-03
 3.79147712E-04
 5.70728622E-04
 1.15800596E-03
 9.45588706E-04
 5.20801311E-03
 1.48577077E-01
 3.49348553E-05
 1.77720259E-04
 7.55848910E-05
 1.47659178E-04
 1.83647427E-04
 2.58015251E-04
 3.26992080E-04
 3.92408101E-04
 6.00923310E-04
 1.26686847E-03
 1.01449657E-03
 5.97995858E-05
 2.24262638E-04
 2.21085328E-04
 2.07783308E-02
 3.48230123E-04
 6.15901634E-04
 5.33017004E-03
 1.08826980E-03
 6.15664407E-03
 1.66815580E-04
 4.63901073E-04
 1.00398855E-01
 9.21934813E-04
 1.09471840E-01
 1.26392428E-01
 6.68931134E-04
 2.01588910E-02
 2.01465274E-02
 2.01137557E-02
 2.00862386E-02
 2.00420344E-02
 2.00630615E-02
 1.63412554E-02
 1.63070052E-02
 1.62941497E-02
 1.62224881E-02
 1.62171270E-02
 1.11877613E-01
 1.62579612E-02
 1.62022245E-02
 1.61489371E-02
 1.61361926E-02
 2.74266721E-04
 2.74064029E-04
 3.14395406E-04
 3.31066325E-04
 4.05951271E-04
 5.77009033E-04
 9.11950026E-06
 1.03938219E-04
 4.76189366E-05
 6.46843312E-05
 1.51621345E-04
 3.24519931E-05
 1.27641260E-04
 1.32939013E-04
 1.77153785E-04
 1.43302210E-04
 2.60698910E-04
 3.77389579E-04
 3.27335347E-04
 4.75085026E-04
 8.04897265E-04
 7.16024588E-05
 6.76486734E-05
 1.12328526E-04
 1.58925162E-04
 1.65478995E-04
 2.14699657E-04
 3.19825649E-04
 3.87007709E-04
 4.90881324E-04
 2.86872900E-02
 9.53473986E-04
 5.07367660E-05
 2.26550977E-04
 2.19750162E-04
 2.51756375E-04
 5.49782175E-04
 9.86414322E-04
 2.35442374E-04
 4.87028068E-04
 5.32629649E-03
 8.63665069E-04
 7.23262276E-04
 2.25483754E-04
 2.55465181E-04
 2.05138256E-04
 2.95783749E-04
 2.45821731E-04
 9.61089169E-02
 2.05456160E-04
 2.80808170E-04
 2.47070870E-04
 2.78262157E-04
 5.46861339E-03
 2.50728703E-04
 3.15038991E-04
 3.90907424E-04
 1.31433151E-03
 3.92376668E-04
 4.92930624E-04
 1.17653688E-03
 7.03922066E-04
 5.43975148E-03
 1.26522245E-01
 9.66608510E-05
 1.20643157E-04
 1.20237152E-04
 2.20507079E-04
 2.13337804E-04
 2.84979938E-04
 3.29891924E-04
 3.96364656E-04
 4.91700683E-04
 3.13139777E-02
 8.65608250E-04
 1.30809815E-04
 1.43694990E-04
 2.51691924E-04
 1.21281908E-03
 2.82893412E-04
 4.52374508E-04
 2.80122984E-02
 8.68922389E-04
 3.38768643E-02
 1.11682825E-04
 1.87173338E-04
 4.06507914E-04
 1.22126983E-03
 7.65136564E-04
 7.12845868E-03
 3.31387841E-04
 7.16018696E-04
 5.89538252E-03
 5.03867710E-03
 1.00000000E+00
 2.32477709E-04
 2.96522687E-04
 2.25957486E-04
 3.29863409E-04
 2.17021732E-04
 2.53519926E-04
 3.30120956E-04
 3.96642350E-04
 5.27266926E-04
 1.10462767E-03
 6.77715332E-04
 1.71650277E-04
 2.37844359E-04
 2.53923072E-04
 2.13635648E-02
 3.86534835E-04
 5.01138009E-04
 5.63568712E-03
 8.09989948E-04
 6.72500220E-03
 2.83554984E-04
 4.11071869E-04
 1.02715649E-03
 7.30267176E-04
 6.20865017E-03
 2.57715827E-04
 5.89306457E-04
 2.20299452E-02
 2.39729708E-04
 2.60569947E-04
 2.96958008E-04
 3.46992942E-04
 4.62297599E-04
 7.13444506E-04
 2.57158712E-04
 4.35599225E-04
 4.60269719E-03
 6.98338554E-04
 6.09560379E-04
 1.00000000E+00
 1.00000000E+00
 1.00000000E+00
 1.00000000E+00
 1.00000000E+00
 1.00000000E+00
 1.00000000E+00
 1.00000000E+00
 1.00000000E+00
 1.00000000E+00
 1.00000000E+00
 1.00000000E+00
 0.00000000E+00
 0.00000000E+00
 0.00000000E+00
 0.00000000E+00
 0.00000000E+00
 0.00000000E+00
 0.00000000E+00
 0.00000000E+00
 0.00000000E+00
 0.00000000E+00
 0.00000000E+00
 0.00000000E+00
 0.00000000E+00
 0.00000000E+00
 0.00000000E+00
 0.00000000E+00
 0.00000000E+00
 0.00000000E+00
 0.00000000E+00
 0.00000000E+00
 0.00000000E+00
 0.00000000E+00
 0.00000000E+00
 1.69170694E-01
 1.69019437E-01
 1.68934549E-01
 1.69009840E-01
 1.68824681E-01
 2.71917600E-01
 1.13649481E-01
 9.14020745E-05
 6.28130634E-05
 1.58558313E-04
 1.04488055E-04
 1.57355513E-04
 1.15453765E-04
 4.33339208E-03
 2.58895340E-05
 1.12142639E-05
 1.25960389E-04
 1.83096100E-04
 1.34169166E-04
 9.87491252E-02
 1.70243460E-04
 5.35197150E-05
 2.15138723E-04
 2.22800225E-04
 5.73177893E-03
 2.59863364E-04
 2.64032030E-04
 2.96566211E-04
 2.31126721E-02
 4.18106146E-04
 4.27368689E-04
 5.05753873E-03
 7.16000281E-04
 1.32371839E-01
 5.42107361E-03
 6.27133939E-05
 8.24901691E-05
 7.52891570E-05
 2.20168351E-05
 7.44464913E-05
 9.90514146E-02
 3.59114723E-05
 1.24230096E-04
 1.32590051E-04
 2.19992997E-04
 5.08469102E-03
 1.50389137E-04
 2.35388570E-04
 3.87525596E-04
 1.41039128E-03
 3.81162543E-04
 5.66913227E-04
 1.15788672E-03
 9.58983700E-04
 5.20468952E-03
 1.48473807E-01
 1.32823672E-05
 1.50299513E-04
 8.21969015E-05
 1.06540708E-04
 1.45620861E-04
 2.53173225E-04
 3.27320822E-04
 4.10103816E-04
 6.26144350E-04
 1.24804593E-03
 1.03976890E-03
 1.72953795E-05
 1.91116257E-04
 2.32341901E-04
 2.07782146E-02
 2.80783001E-04
 6.22186307E-04
 5.34207393E-03
 1.09233917E-03
 6.14745251E-03
 1.87074084E-04
 4.37544013E-04
 1.00457646E-01
 9.19671276E-04
 1.09644409E-01
 1.26832359E-01
 6.37622832E-04
 9.48676980E-02
 9.48309031E-02
 9.47619165E-02
 9.47072582E-02
 9.46152677E-02
 9.45611195E-02
 1.62649131E-02
 1.62471800E-02
 1.62682658E-02
 1.62006379E-02
 1.96678340E-02
 1.17648000E-01
 1.62113486E-02
 1.61786171E-02
 1.61407233E-02
 1.61183490E-02
 1.03997974E-02
 1.03796820E-02
 1.60492957E-02
 3.40742794E-04
 4.24358707E-04
 5.83734964E-04
 2.96609289E-05
 7.43265648E-05
 4.38651751E-05
 8.03672189E-05
 1.23846001E-04
 1.01145428E-04
 1.32005339E-04
 1.91646045E-04
 1.82475743E-04
 1.67662087E-04
 2.19153318E-04
 3.55971894E-04
 3.07685219E-04
 4.73505850E-04
 8.16778331E-04
 5.07171737E-06
 6.03978945E-05
 1.18857062E-04
 1.52388169E-04
 1.52367446E-04
 2.14063941E-04
 3.42918577E-04
 4.17013799E-04
 4.97946508E-04
 2.87057244E-02
 9.50434553E-04
 5.38270872E-05
 2.17310616E-04
 2.47181942E-04
 2.23586330E-04
 5.53493586E-04
 9.82095341E-04
 2.39641626E-04
 4.63855302E-04
 5.31822025E-03
 8.73748693E-04
 6.82312394E-04
 2.18434802E-04
 2.52468753E-04
 2.24137580E-04
 2.92490408E-04
 2.53675556E-04
 9.61405324E-02
 2.68036446E-04
 2.91284232E-04
 2.68683197E-04
 2.95288345E-04
 5.47999302E-03
 2.51282724E-04
 3.26305714E-04
 3.94830993E-04
 1.33326083E-03
 3.88588034E-04
 4.86648983E-04
 1.18305717E-03
 6.89830307E-04
 5.44281572E-03
 1.26762212E-01
 1.09704587E-04
 1.38819250E-04
 1.36500221E-04
 2.21821586E-04
 1.67113887E-04
 2.14541543E-04
 3.43896615E-04
 3.68752998E-04
 4.75596377E-04
 3.14363706E-02
 8.40072456E-04
 1.15426957E-04
 1.67563013E-04
 2.77340646E-04
 1.20775611E-03
 2.75696965E-04
 4.17646313E-04
 2.80855207E-02
 8.81465275E-04
 3.39975404E-02
 1.00941685E-04
 2.12912766E-04
 4.43898412E-04
 1.21430812E-03
 7.71151157E-04
 7.13850222E-03
 3.24201722E-04
 7.07498883E-04
 5.89569192E-03
 5.05042807E-03
 1.00000000E+00
 2.74730305E-04
 2.91578043E-04
 2.34446477E-04
 3.42582412E-04
 2.43084462E-04
 2.76079728E-04
 3.31683379E-04
 3.84272574E-04
 5.14317931E-04
 1.10178458E-03
 6.92588317E-04
 2.07154062E-04
 2.38050019E-04
 2.83453202E-04
 2.13822331E-02
 3.80283357E-04
 4.92527438E-04
 5.63925518E-03
 8.22610879E-04
 6.74959558E-03
 2.55799341E-04
 4.12425194E-04
 9.97129928E-04
 7.30485909E-04
 6.20864845E-03
 2.57307685E-04
 6.19735679E-04
 2.20502699E-02
 2.64332965E-04
 2.93176459E-04
 3.36478692E-04
 3.37482300E-04
 4.47495063E-04
 7.20208181E-04
 2.65704901E-04
 4.53264935E-04
 4.53473577E-03
 6.89723421E-04
 6.36848264E-04
 1.00000000E+00
 1.00000000E+00
 1.00000000E+00
 1.00000000E+00
 1.00000000E+00
 1.00000000E+00
 1.00000000E+00
 1.00000000E+00
 1.00000000E+00
 1.00000000E+00
 1.00000000E+00
 1.00000000E+00
 0.00000000E+00
 0.00000000E+00
 0.00000000E+00
 0.00000000E+00
 0.00000000E+00
 0.00000000E+00
 0.00000000E+00
 0.00000000E+00
 0.00000000E+00
 0.00000000E+00
 0.00000000E+00
 0.00000000E+00
 0.00000000E+00
 0.00000000E+00
 0.00000000E+00
 0.00000000E+00
 0.00000000E+00
 0.00000000E+00
 0.00000000E+00
 0.00000000E+00
 0.00000000E+00
 0.00000000E+00
 0.00000000E+00
 0.00000000E+00
 0.00000000E+00
 0.00000000E+00
 1.68897122E-01
 1.68719763E-01
 0.00000000E+00
 1.68424874E-01
 4.46188674E-05
 2.41904433E-05
 3.26432753E-05
 1.47917610E-05
 6.95941891E-05
 6.67978190E-05
 3.21857935E-02
 6.11294686E-05
 1.20779236E-05
 8.70257779E-05
 1.01711435E-04
 1.27624464E-04
 9.87544888E-02
 1.30795633E-04
 4.83321251E-05
 1.30512325E-04
 2.18274921E-04
 5.71424886E-03
 2.59869177E-04
 2.69940432E-04
 2.89199392E-04
 2.31298585E-02
 4.07353598E-04
 4.63239943E-04
 5.05009638E-03
 7.35966660E-04
 1.32353431E-01
 5.39210041E-03
 1.12876086E-04
 1.13602192E-04
 8.41304690E-05
 5.30952033E-05
 4.31816037E-05
 9.90241986E-02
 8.14333016E-05
 1.40604920E-04
 1.22767343E-04
 2.42681731E-04
 5.10198787E-03
 1.33668771E-04
 2.29736794E-04
 3.80945656E-04
 1.39412811E-03
 3.72685575E-04
 5.70451702E-04
 1.14655900E-03
 9.85374173E-04
 5.16527313E-03
 1.48370207E-01
 2.60546290E-06
 2.83142663E-05
 1.84532276E-06
 4.14357313E-05
 1.19291383E-04
 2.71129885E-04
 2.90619578E-04
 4.18998002E-04
 6.40303143E-04
 1.23776682E-03
 1.09154276E-03
 1.69127356E-05
 1.39351160E-04
 1.83856616E-04
 2.07737562E-02
 1.86232052E-04
 6.69319248E-04
 5.36011816E-03
 1.07845887E-03
 6.11567165E-03
 1.22211528E-04
 3.88118779E-04
 1.00579346E-01
 9.22725699E-04
 1.09787681E-01
 1.27256145E-01
 5.17371771E-04
 9.47346405E-02
 9.47625932E-02
 9.47134086E-02
 9.46479742E-02
 9.45613784E-02
 9.44501764E-02
 5.37787608E-02
 9.44791065E-02
 9.44496172E-02
 9.43160157E-02
 9.42151984E-02
 1.82327005E-01
 1.61548128E-02
 1.61733624E-02
 1.61625682E-02
 1.61027594E-02
 1.60786421E-02
 1.60425113E-02
 1.60425977E-02
 2.33543010E-03
 1.01687121E-02
 6.05056218E-04
 8.51215387E-05
 1.82121776E-05
 3.52233344E-05
 8.28650841E-05
 1.21556038E-04
 1.23179422E-04
 1.04067478E-04
 2.03931595E-04
 1.59317550E-04
 2.00088319E-04
 1.61858804E-04
 3.01507028E-04
 3.04695613E-04
 4.47034554E-04
 8.21760631E-04
 6.76708152E-05
 5.10130262E-05
 8.01897542E-05
 1.33701027E-04
 1.07813550E-04
 2.41224060E-04
 3.35304379E-04
 3.52450364E-04
 5.14208789E-04
 2.87454278E-02
 9.04499137E-04
 9.37695181E-05
 1.96676517E-04
 2.17995038E-04
 2.13187035E-04
 6.04911352E-04
 9.60307186E-04
 2.33630058E-04
 4.65162382E-04
 5.33722699E-03
 8.85382951E-04
 6.66678655E-04
 1.68733804E-04
 2.00083698E-04
 2.25851109E-04
 2.41892888E-04
 2.25894766E-04
 9.61673983E-02
 2.55854578E-04
 2.91556368E-04
 2.59184195E-04
 2.84053100E-04
 5.51367474E-03
 2.92245292E-04
 3.65375337E-04
 4.17381454E-04
 1.33472544E-03
 3.85883214E-04
 4.94414774E-04
 1.16618020E-03
 7.00831342E-04
 5.43989418E-03
 1.27017042E-01
 5.54442297E-05
 1.34018698E-04
 1.08952584E-04
 2.23781727E-04
 1.88224399E-04
 2.54953990E-04
 2.87812315E-04
 3.36185329E-04
 4.67906328E-04
 3.15751612E-02
 8.23187528E-04
 3.73113489E-05
 1.41869499E-04
 2.76354647E-04
 1.18174703E-03
 2.69355285E-04
 4.11121523E-04
 2.82602462E-02
 8.54300234E-04
 3.40979774E-02
 8.41048632E-05
 1.96622429E-04
 4.38937385E-04
 1.24117720E-03
 7.81177412E-04
 7.13073173E-03
 3.18832171E-04
 6.78913379E-04
 5.86084614E-03
 5.03812541E-03
 1.00000000E+00
 2.98581555E-04
 2.72060720E-04
 2.13838347E-04
 3.24683636E-04
 2.54744336E-04
 2.51863809E-04
 3.21912936E-04
 3.87491756E-04
 5.14724444E-04
 1.08179570E-03
 6.95992807E-04
 1.76147110E-04
 2.26632723E-04
 2.38570184E-04
 2.13871862E-02
 3.42696628E-04
 4.56344667E-04
 5.67828403E-03
 8.18560554E-04
 6.76751552E-03
 1.58060981E-04
 3.64422594E-04
 1.04375603E-03
 6.97231479E-04
 6.21681058E-03
 2.18188015E-04
 6.24893996E-04
 2.20417281E-02
 2.46441140E-04
 2.89560785E-04
 3.26994347E-04
 3.16065332E-04
 3.87519632E-04
 6.87281470E-04
 1.91536503E-04
 4.29845777E-04
 4.54651969E-03
 6.41180682E-04
 6.36757716E-04
 1.00000000E+00
 1.00000000E+00
 1.00000000E+00
 1.00000000E+00
 1.00000000E+00
 1.00000000E+00
 1.00000000E+00
 1.00000000E+00
 1.00000000E+00
 1.00000000E+00
 1.00000000E+00
 1.00000000E+00
 0.00000000E+00
 0.00000000E+00
 0.00000000E+00
 0.00000000E+00
 0.00000000E+00
 0.00000000E+00
 0.00000000E+00
 0.00000000E+00
 0.00000000E+00
 0.00000000E+00
 0.00000000E+00
 0.00000000E+00
 0.00000000E+00
 0.00000000E+00
 0.00000000E+00
 0.00000000E+00
 0.00000000E+00
 0.00000000E+00
 0.00000000E+00
 0.00000000E+00
 0.00000000E+00
 0.00000000E+00
 0.00000000E+00
 0.00000000E+00
 0.00000000E+00
 0.00000000E+00
 0.00000000E+00
 0.00000000E+00
 0.00000000E+00
 1.68314724E-01
 7.37190261E-05
 2.50601621E-05
 3.46530970E-05
 3.04048496E-05
 7.15432936E-05
 1.22053695E-04
 3.82598874E-04
 8.74221110E-05
 6.26748245E-05
 8.91882510E-05
 1.11229160E-04
 1.29179729E-04
 9.87459107E-02
 1.17911660E-04
 1.04154199E-04
 1.63114833E-04
 2.29605004E-04
 5.74170424E-03
 2.94215470E-04
 2.87054693E-04
 3.01661906E-04
 2.31808043E-02
 4.09998294E-04
 4.59434559E-04
 5.07396279E-03
 7.12681684E-04
 1.32374763E-01
 5.46191991E-03
 1.91938980E-05
 7.55600561E-05
 4.70182661E-06
 6.63733571E-05
 1.19627572E-04
 9.89292410E-02
 2.75054412E-05
 1.05869450E-04
 1.54361806E-04
 2.20800599E-04
 5.10554325E-03
 1.61899413E-04
 2.34811421E-04
 3.75330025E-04
 1.42142642E-03
 4.11051438E-04
 5.75145111E-04
 1.16986295E-03
 9.67463768E-04
 5.21599012E-03
 1.48366419E-01
 4.16113890E-05
 4.72241140E-05
 2.84501619E-06
 1.13354515E-04
 2.24427362E-04
 2.63516848E-04
 3.37431535E-04
 4.30737842E-04
 6.20727684E-04
 1.26267305E-03
 1.13190318E-03
 9.35149432E-06
 2.14181568E-04
 2.32154381E-04
 2.07766517E-02
 2.78722317E-04
 6.11258375E-04
 5.35785184E-03
 1.11396478E-03
 6.17225557E-03
 2.00557655E-04
 4.71455977E-04
 1.00636825E-01
 9.40827701E-04
 1.10035592E-01
 1.27783428E-01
 6.76333139E-04
 9.47749352E-02
 9.47000686E-02
 9.46237022E-02
 9.45516475E-02
 9.44841044E-02
 9.43937331E-02
 9.45025693E-02
 9.44190226E-02
 9.43459689E-02
 9.42517565E-02
 9.41610135E-02
 1.82313198E-01
 3.72061892E-02
 5.27631789E-02
 5.26763505E-02
 9.38325466E-02
 1.60749022E-02
 1.60381845E-02
 1.60045428E-02
 1.59754681E-02
 1.58508787E-02
 1.77015327E-03
 1.90875577E-05
 9.53252522E-05
 3.85325969E-05
 4.40523751E-05
 1.21692767E-04
 8.64800875E-05
 1.82390931E-04
 2.29915115E-04
 2.03388712E-04
 1.62477879E-04
 2.37945841E-04
 3.78369056E-04
 3.07142222E-04
 4.87654610E-04
 8.16957689E-04
 5.59579387E-05
 4.38821215E-05
 1.28985124E-04
 1.47462860E-04
 1.86548124E-04
 2.12768902E-04
 3.66122793E-04
 4.05067252E-04
 4.89490502E-04
 2.87497628E-02
 9.54792871E-04
 5.56745265E-05
 1.76689825E-04
 2.56540263E-04
 1.94521009E-04
 5.51054674E-04
 1.01946784E-03
 1.67370391E-04
 4.56178842E-04
 5.33563103E-03
 8.85086073E-04
 6.77367442E-04
 1.83220278E-04
 2.23292220E-04
 2.71045666E-04
 2.46946417E-04
 2.75325988E-04
 9.62253147E-02
 2.56597628E-04
 3.01445105E-04
 2.62174978E-04
 2.93722562E-04
 5.53210065E-03
 3.00657164E-04
 3.75614781E-04
 4.00926434E-04
 1.35839161E-03
 4.07404895E-04
 5.04691255E-04
 1.22126598E-03
 7.26605170E-04
 5.48687618E-03
 1.27292815E-01
 5.01542137E-05
 1.64584403E-04
 1.59371627E-04
 1.99527711E-04
 1.95175078E-04
 2.39723581E-04
 3.03415003E-04
 3.41397041E-04
 4.85618526E-04
 3.15609672E-02
 8.62370079E-04
 8.35860030E-05
 2.13179825E-04
 2.77045710E-04
 1.24156992E-03
 3.33694742E-04
 4.29400441E-04
 2.82414287E-02
 8.53168881E-04
 3.42679129E-02
 6.76505057E-05
 1.94307392E-04
 4.36170172E-04
 1.25067607E-03
 8.23686068E-04
 7.19980481E-03
 2.80101050E-04
 6.90670695E-04
 5.94999808E-03
 5.09619238E-03
 1.00000000E+00
 2.97870056E-04
 2.61125945E-04
 2.40270012E-04
 3.05527158E-04
 2.80089145E-04
 2.83623903E-04
 3.34434833E-04
 4.24035969E-04
 5.22673093E-04
 1.10402416E-03
 7.16545873E-04
 2.23542228E-04
 3.00646016E-04
 3.08467021E-04
 2.14449757E-02
 3.21058426E-04
 4.83568382E-04
 5.67262285E-03
 8.44312102E-04
 6.79550761E-03
 1.99556617E-04
 4.24928915E-04
 1.01721962E-03
 7.69444269E-04
 6.23739250E-03
 2.26231118E-04
 6.28505887E-04
 2.21396261E-02
 2.70429219E-04
 3.08007507E-04
 3.60310142E-04
 3.44333166E-04
 4.70453319E-04
 7.35780772E-04
 2.51127576E-04
 4.41721302E-04
 4.56556565E-03
 7.09877627E-04
 6.26947436E-04
 1.00000000E+00
 1.00000000E+00
 1.00000000E+00
 1.00000000E+00
 1.00000000E+00
 1.00000000E+00
 1.00000000E+00
 1.00000000E+00
 1.00000000E+00
 1.00000000E+00
 1.00000000E+00
 1.00000000E+00
 0.00000000E+00
 0.00000000E+00
 0.00000000E+00
 0.00000000E+00
 0.00000000E+00
 0.00000000E+00
 0.00000000E+00
 0.00000000E+00
 0.00000000E+00
 0.00000000E+00
 0.00000000E+00
 0.00000000E+00
 0.00000000E+00
 0.00000000E+00
 0.00000000E+00
 0.00000000E+00
 0.00000000E+00
 0.00000000E+00
 0.00000000E+00
 0.00000000E+00
 0.00000000E+00
 0.00000000E+00
 0.00000000E+00
 0.00000000E+00
 0.00000000E+00
 0.00000000E+00
 0.00000000E+00
 0.00000000E+00
 0.00000000E+00
 0.00000000E+00
 8.85050626E-05
 2.81467953E-05
 3.63464910E-05
 3.66487533E-05
 5.61532473E-05
 1.48918080E-04
 3.91044327E-04
 2.49363557E-06
 5.89976958E-05
 9.18798516E-05
 1.15619317E-04
 1.32008512E-04
 9.87428644E-02
 1.66008025E-04
 1.22013738E-04
 1.58833735E-04
 2.08915422E-04
 2.93757374E-02
 2.67292250E-04
 2.83857353E-04
 3.37877808E-04
 2.91134332E-02
 3.58204814E-04
 4.50674564E-04
 5.06584885E-03
 7.51979133E-04
 1.32479915E-01
 5.47238743E-03
 5.70517251E-05
 5.52062306E-05
 1.29105185E-05
 6.01446407E-05
 1.16410519E-04
 9.89487042E-02
 1.14277482E-05
 1.22594000E-04
 1.82769701E-04
 2.17586900E-04
 5.10585374E-03
 1.55854374E-04
 2.82262496E-04
 3.73991890E-04
 1.41867058E-03
 4.45970721E-04
 5.76449244E-04
 1.16062059E-03
 9.88524975E-04
 5.23829752E-03
 1.48338149E-01
 1.05450808E-04
 2.20078861E-05
 8.60143207E-05
 1.15200400E-04
 1.60350288E-04
 2.77563017E-04
 3.72889417E-04
 4.43158948E-04
 6.31773164E-04
 1.25127609E-03
 1.14026988E-03
 2.94839493E-05
 2.70384261E-04
 3.14801822E-04
 2.07404030E-02
 3.92714975E-04
 6.12745650E-04
 5.34386005E-03
 1.13839771E-03
 6.17831999E-03
 2.00825485E-04
 4.04379205E-04
 1.00739714E-01
 9.55453894E-04
 1.10232098E-01
 1.28230254E-01
 6.94596095E-04
 9.47281630E-02
 9.46676757E-02
 9.45628382E-02
 9.44541382E-02
 9.43987826E-02
 9.43323263E-02
 9.44481992E-02
 9.43619933E-02
 9.42715066E-02
 9.41839936E-02
 9.41058325E-02
 1.82301472E-01
 9.41594383E-02
 9.40345972E-02
 9.39043626E-02
 9.37812019E-02
 2.11993641E-02
 2.11326018E-02
 5.28771037E-02
 1.59063134E-02
 1.58249781E-02
 1.55752502E-02
 2.19746111E-05
 3.26526940E-05
 6.33301884E-05
 5.93677675E-05
 1.31327447E-04
 1.04466162E-04
 1.54894624E-04
 2.52958359E-04
 2.05468745E-04
 1.81905404E-04
 2.53260769E-04
 3.91321505E-04
 3.87252423E-04
 5.10519210E-04
 8.36613869E-04
 9.50401541E-05
 1.49563127E-06
 1.35379578E-04
 1.54573010E-04
 1.71015166E-04
 2.19161673E-04
 3.71868524E-04
 4.13722262E-04
 4.92892550E-04
 2.87696517E-02
 1.02199348E-03
 6.89267652E-05
 1.19469291E-04
 2.59110582E-04
 2.50565735E-04
 5.47306930E-04
 1.03995567E-03
 1.85856046E-04
 4.49530674E-04
 5.32423845E-03
 9.05561993E-04
 6.91516165E-04
 1.74106580E-04
 2.29628016E-04
 2.79351325E-04
 2.69657516E-04
 2.98792983E-04
 9.62690457E-02
 2.57770181E-04
 2.99260227E-04
 2.82534860E-04
 3.06060938E-04
 5.54574028E-03
 3.28906894E-04
 3.67659709E-04
 4.11297156E-04
 1.36240592E-03
 4.27767069E-04
 5.16830746E-04
 1.21516831E-03
 7.19882412E-04
 5.51837197E-03
 1.27573172E-01
 4.50917234E-05
 1.13463786E-04
 1.33896416E-04
 2.11320655E-04
 2.04492581E-04
 2.76140210E-04
 3.44321151E-04
 3.92318514E-04
 4.97615046E-04
 3.16662783E-02
 9.05931679E-04
 3.99927421E-05
 1.64414730E-04
 2.71949922E-04
 1.25057769E-03
 3.62910590E-04
 4.26443871E-04
 2.82292734E-02
 9.12044757E-04
 3.44144177E-02
 8.57134125E-05
 1.56645112E-04
 3.87184401E-04
 1.23191193E-03
 8.61870005E-04
 7.22110687E-03
 2.98435915E-04
 6.81003115E-04
 5.98189896E-03
 5.11263922E-03
 1.00000000E+00
 2.94539552E-04
 3.00668435E-04
 2.69687908E-04
 3.46099208E-04
 2.71910014E-04
 3.31584394E-04
 3.96805974E-04
 4.53099325E-04
 5.43583134E-04
 1.07592767E-03
 8.08388266E-04
 9.32827023E-05
 2.77112862E-04
 2.30493807E-04
 2.14582733E-02
 2.78089025E-04
 5.12764373E-04
 5.69558769E-03
 8.66522512E-04
 6.80546229E-03
 2.01255071E-04
 4.16434922E-04
 1.04072043E-03
 8.15978849E-04
 6.24654746E-03
 2.64601971E-04
 6.32596187E-04
 2.21875023E-02
 2.78936996E-04
 3.21584308E-04
 3.16611813E-04
 3.38955128E-04
 5.25329710E-04
 7.29930209E-04
 2.18972342E-04
 4.48079740E-04
 4.61985745E-03
 6.76681915E-04
 6.57037236E-04
 1.00000000E+00
 1.00000000E+00
 1.00000000E+00
 1.00000000E+00
 1.00000000E+00
 1.00000000E+00
 1.00000000E+00
 1.00000000E+00
 1.00000000E+00
 1.00000000E+00
 1.00000000E+00
 1.00000000E+00
 0.00000000E+00
 0.00000000E+00
 0.00000000E+00
 0.00000000E+00
 0.00000000E+00
 0.00000000E+00
 0.00000000E+00
 0.00000000E+00
 0.00000000E+00
 0.00000000E+00
 0.00000000E+00
 0.00000000E+00
 0.00000000E+00
 0.00000000E+00
 0.00000000E+00
 0.00000000E+00
 0.00000000E+00
 0.00000000E+00
 0.00000000E+00
 0.00000000E+00
 0.00000000E+00
 0.00000000E+00
 0.00000000E+00
 0.00000000E+00
 0.00000000E+00
 0.00000000E+00
 0.00000000E+00
 0.00000000E+00
 0.00000000E+00
 0.00000000E+00
 4.00024204E-05
 4.64992455E-05
 3.91147048E-05
 1.76338072E-05
 7.73631361E-05
 1.03672092E-04
 1.03899681E-03
 4.20447687E-05
 7.00175153E-05
 1.11381688E-04
 1.25103644E-04
 1.38178572E-04
 9.87416237E-02
 1.71225216E-04
 1.44431734E-04
 1.84520571E-04
 2.13805785E-04
 5.86685874E-04
 2.87800521E-04
 2.52964323E-04
 3.09304136E-04
 3.16891381E-02
 3.98360533E-04
 4.53421902E-04
 5.08993513E-03
 7.39307604E-04
 1.32531419E-01
 5.50425052E-03
 1.08836065E-04
 2.63885234E-05
 1.76459729E-05
 3.67777473E-05
 1.18878591E-04
 9.89404201E-02
 8.07436424E-05
 1.50806731E-04
 1.78436921E-04
 2.15357455E-04
 5.12091426E-03
 1.64441133E-04
 3.06189133E-04
 3.66536584E-04
 1.43278059E-03
 4.16478432E-04
 5.86550347E-04
 1.17648425E-03
 9.71324434E-04
 5.25607369E-03
 1.48344612E-01
 1.30196974E-04
 6.96476411E-05
 3.39180654E-05
 1.33177352E-04
 1.76358449E-04
 2.53180570E-04
 3.55709995E-04
 4.50097079E-04
 6.17551437E-04
 1.26603104E-03
 1.15558025E-03
 4.46411148E-05
 2.44301641E-04
 2.83653485E-04
 2.07735961E-02
 3.81919340E-04
 5.96093167E-04
 5.36495464E-03
 1.13407033E-03
 6.20249389E-03
 1.62474649E-04
 4.11946935E-04
 1.00783590E-01
 9.48031406E-04
 1.10444217E-01
 1.28709165E-01
 6.81768052E-04
 9.58540823E-02
 9.57908609E-02
 1.17966064E-01
 1.21437407E-01
 1.92209576E-01
 2.50932824E-01
 9.43652403E-02
 9.42798037E-02
 9.42002004E-02
 9.41295754E-02
 9.40536919E-02
 1.82292977E-01
 9.41070246E-02
 9.39839161E-02
 9.38275871E-02
 9.37250393E-02
 9.37195738E-02
 9.35562905E-02
 9.33757048E-02
 1.59157082E-02
 1.89803212E-02
 1.55474413E-02
 8.78937408E-05
 5.44272929E-05
 6.34721543E-05
 8.89218501E-05
 1.22706762E-04
 1.08988187E-04
 1.49135163E-04
 2.48964916E-04
 2.00030774E-04
 1.53136355E-04
 2.57860124E-04
 3.71320830E-04
 3.52709712E-04
 4.92391064E-04
 8.32683046E-04
 4.15289625E-05
 6.76417743E-05
 1.31349195E-04
 1.49045168E-04
 1.45921738E-04
 2.17989120E-04
 3.66545438E-04
 4.18757701E-04
 5.04824342E-04
 2.88160526E-02
 1.00391620E-03
 1.22948077E-04
 1.91353712E-04
 2.38990674E-04
 2.62337967E-04
 5.27952425E-04
 1.03869563E-03
 2.09409860E-04
 4.61738328E-04
 5.34452810E-03
 9.00538032E-04
 7.20605832E-04
 2.17196735E-04
 2.87658841E-04
 2.59449434E-04
 2.48038717E-04
 2.84027631E-04
 9.63186869E-02
 2.46916950E-04
 3.03542520E-04
 3.06296686E-04
 3.00643088E-04
 5.57570398E-03
 3.18570378E-04
 3.67426869E-04
 4.05095284E-04
 1.38361368E-03
 4.19428285E-04
 5.07020837E-04
 1.23928198E-03
 7.35855635E-04
 5.55579114E-03
 1.27908151E-01
 9.02977976E-05
 1.57802232E-04
 1.49460122E-04
 1.96316181E-04
 1.93937705E-04
 2.72279899E-04
 3.58016047E-04
 3.88644467E-04
 4.62962130E-04
 3.17812689E-02
 8.93674548E-04
 1.57032119E-04
 1.74710206E-04
 2.44048141E-04
 1.26287349E-03
 3.67191361E-04
 4.35266795E-04
 2.83141984E-02
 9.03602710E-04
 3.45477240E-02
 4.95888416E-05
 2.18903741E-04
 4.14028343E-04
 1.25622885E-03
 8.47850132E-04
 7.25642512E-03
 2.63781762E-04
 6.94467083E-04
 6.00042537E-03
 5.15996181E-03
 1.00000000E+00
 2.67550082E-04
 3.09709047E-04
 2.78863677E-04
 3.43719892E-04
 3.06834102E-04
 3.07326876E-04
 3.75955486E-04
 4.43188113E-04
 5.36191077E-04
 1.10308026E-03
 8.04680342E-04
 9.89627099E-05
 2.29668074E-04
 2.87944523E-04
 2.15290866E-02
 3.59808455E-04
 4.93840880E-04
 5.68932606E-03
 8.66806826E-04
 6.84411854E-03
 2.62150152E-04
 4.23204844E-04
 1.01596125E-03
 8.03906486E-04
 6.28164348E-03
 2.25766436E-04
 6.47557919E-04
 2.22284888E-02
 2.62958755E-04
 3.31932591E-04
 3.71000141E-04
 3.79985850E-04
 4.92746207E-04
 7.39055463E-04
 2.41967677E-04
 4.25825431E-04
 4.58763029E-03
 7.26619133E-04
 6.43374145E-04
 1.00000000E+00
 1.00000000E+00
 1.00000000E+00
 1.00000000E+00
 1.00000000E+00
 1.00000000E+00
 1.00000000E+00
 1.00000000E+00
 1.00000000E+00
 1.00000000E+00
 1.00000000E+00
 1.00000000E+00
