 2.78864350E-02
 2.90922414E-02
 3.04225940E-02
 3.18882176E-02
 3.34975478E-02
 3.52701262E-02
 3.72299858E-02
 1.82733917E-02
 1.93707506E-02
 2.07099871E-02
 2.22420846E-02
 2.40243961E-02
 2.60524814E-02
 1.12982904E-02
 1.19809622E-02
 1.27914844E-02
 1.37509172E-02
 1.48868645E-02
 1.08719905E-01
 2.76982552E-03
 3.52482043E-03
 4.49917146E-03
 5.72362465E-03
 8.15992472E-03
 7.16660945E-03
 5.79486909E-03
 1.86216801E-02
 1.89352920E-02
 3.13778920E-02
 2.13232727E-02
 6.15003957E-03
 6.27874989E-03
 6.44234105E-03
 6.59242933E-03
 6.75391298E-03
 6.92265021E-03
 6.13214182E-03
 6.59309818E-03
 6.75273832E-03
 6.90816451E-03
 7.09552717E-03
 7.29698835E-03
 8.10964136E-02
 7.09939681E-03
 7.29526799E-03
 7.49841132E-03
 7.71610746E-03
 7.73394535E-03
 7.68543771E-03
 7.93069498E-03
 8.18082050E-03
 7.57441005E-03
 8.41639649E-03
 8.69527728E-03
 8.85745952E-03
 9.17702373E-03
 1.44881701E-02
 1.53326765E-02
 4.13298155E-03
 4.22361051E-03
 4.32145160E-03
 4.39642536E-03
 4.50014566E-03
 8.05467115E-02
 4.48342368E-03
 4.60203954E-03
 4.69057070E-03
 4.79982078E-03
 7.12361231E-03
 4.92078487E-03
 5.05114472E-03
 5.18317141E-03
 6.42681889E-03
 5.42593107E-03
 5.54106628E-03
 7.12814021E-03
 5.68279011E-03
 1.27450252E-02
 1.77747371E-01
 3.30533275E-03
 3.36387696E-03
 3.44303800E-03
 3.49449699E-03
 3.64763798E-03
 3.72062331E-03
 3.76966988E-03
 4.07106994E-03
 4.05571035E-03
 5.63183468E-03
 3.86600465E-03
 2.85851954E-03
 2.93185079E-03
 2.94667260E-03
 4.13719222E-03
 3.25104532E-03
 3.12185439E-03
 3.35853127E-03
 2.87364343E-03
 1.03685925E-02
 2.67565888E-03
 2.51354233E-03
 2.37843414E-01
 2.32865600E-03
 4.16106804E-01
 1.33015777E+00
 1.89223413E-03
 1.21511578E-02
 1.24261736E-02
 1.27212234E-02
 1.30248627E-02
 1.33448072E-02
 1.36703881E-02
 1.26784725E-02
 1.29930430E-02
 1.33015383E-02
 1.36442916E-02
 1.40032483E-02
 7.48590917E-02
 1.32263182E-02
 1.35755886E-02
 1.39375824E-02
 1.43285078E-02
 1.38257320E-02
 1.42456908E-02
 1.46654884E-02
 1.45636782E-02
 1.50412951E-02
 1.54233985E-02
 5.77744549E-03
 5.90591825E-03
 6.01271851E-03
 6.14727699E-03
 6.27221300E-03
 6.23285280E-03
 6.34230412E-03
 6.48958764E-03
 6.63721506E-03
 6.72859227E-03
 6.89690402E-03
 7.08261619E-03
 7.36434546E-03
 7.54334754E-03
 7.86362144E-03
 4.26066660E-03
 4.31737308E-03
 4.44547443E-03
 4.53779671E-03
 4.70693105E-03
 4.80863148E-03
 4.89532502E-03
 5.22754687E-03
 5.31096675E-03
 2.21940051E-02
 5.30560703E-03
 3.64544978E-03
 3.72222304E-03
 3.75404555E-03
 4.17642724E-03
 4.09730665E-03
 3.99853967E-03
 3.44173399E-03
 3.32944362E-03
 4.32123473E-03
 3.32871449E-03
 2.89162939E-03
 8.88209635E-03
 9.01758220E-03
 9.15608907E-03
 9.29410439E-03
 9.43668059E-03
 7.52174335E-02
 9.18466701E-03
 9.34381257E-03
 9.51164660E-03
 9.68310808E-03
 1.06417892E-02
 9.59592487E-03
 9.80164946E-03
 1.00009874E-02
 1.09294190E-02
 1.01490152E-02
 1.03891120E-02
 1.15974551E-02
 1.07170592E-02
 1.56091973E-02
 1.61736217E-01
 5.35013552E-03
 5.43831184E-03
 5.56510802E-03
 5.67122836E-03
 5.86891246E-03
 5.96299566E-03
 6.06227775E-03
 6.42743866E-03
 6.52134370E-03
 2.11781622E-02
 6.73857005E-03
 4.41575521E-03
 4.47479897E-03
 4.59369228E-03
 5.58502128E-03
 5.01608779E-03
 4.97303385E-03
 2.74057796E-02
 5.13129603E-03
 6.89125093E-02
 7.67285182E-03
 4.16745343E-03
 4.06771489E-03
 5.90308540E-03
 4.22786216E-03
 2.15558635E-02
 8.09652637E-03
 3.73022377E-03
 1.66842522E-02
 4.95033503E-02
 1.00000000E+00
 6.63198610E-03
 6.74135855E-03
 6.82977388E-03
 6.93700933E-03
 7.02241020E-03
 7.15428869E-03
 7.28129373E-03
 7.57801039E-03
 7.70556994E-03
 9.03530261E-03
 7.91900338E-03
 5.01881675E-03
 5.12951870E-03
 5.21752324E-03
 8.44759597E-03
 5.64190142E-03
 5.64871655E-03
 9.43566042E-03
 5.85750425E-03
 1.96358746E-02
 4.71125805E-03
 4.62522567E-03
 6.43445469E-03
 4.93218041E-03
 2.16092512E-02
 9.39826218E-03
 4.25154267E-03
 2.19385559E-01
 5.35294622E-03
 5.47169754E-03
 5.54129510E-03
 5.87695282E-03
 5.95186462E-03
 6.13800995E-03
 4.96314002E-03
 4.91012865E-03
 6.13388487E-03
 5.28414520E-03
 4.73250295E-03
 1.00000000E+00
 1.00000000E+00
 1.00000000E+00
 1.00000000E+00
 1.00000000E+00
 1.00000000E+00
 1.00000000E+00
 1.00000000E+00
 1.00000000E+00
 1.00000000E+00
 1.00000000E+00
 1.00000000E+00
 3.56257147E-02
 3.70329635E-02
 3.85709837E-02
 3.70213380E-02
 3.29915015E-02
 2.83016168E-02
 2.28526686E-02
 2.72145961E-02
 2.86877082E-02
 3.03453622E-02
 3.22009901E-02
 3.42787451E-02
 3.66251653E-02
 1.75442790E-02
 1.85947822E-02
 2.02620661E-02
 2.23349927E-02
 2.48711288E-02
 1.19552649E-01
 1.00471357E-02
 1.10762671E-02
 1.23259145E-02
 1.38403196E-02
 7.55184805E-04
 2.09502665E-03
 3.82507352E-03
 1.12009712E-02
 9.16129090E-03
 4.72765747E-02
 2.09653619E-02
 6.16574253E-03
 6.29893349E-03
 6.46434437E-03
 6.62045081E-03
 6.78381701E-03
 6.95783099E-03
 6.18025069E-03
 6.61304120E-03
 6.77047946E-03
 6.95809839E-03
 7.14238237E-03
 7.33277290E-03
 8.16642911E-02
 7.11934382E-03
 7.32336352E-03
 7.54488179E-03
 7.77443723E-03
 7.77101233E-03
 7.73341602E-03
 7.96965259E-03
 8.24396866E-03
 7.54838773E-03
 8.44929053E-03
 8.74320399E-03
 8.88088182E-03
 9.22854448E-03
 7.07444224E-03
 1.48480905E-02
 4.12515089E-03
 4.22030929E-03
 4.33044607E-03
 4.40727248E-03
 4.50564438E-03
 8.10117830E-02
 4.49589863E-03
 4.60294679E-03
 4.71517505E-03
 4.81435196E-03
 7.13027201E-03
 4.91840530E-03
 5.05827130E-03
 5.18406943E-03
 6.41932852E-03
 5.41963658E-03
 5.54185032E-03
 7.10521388E-03
 5.66622455E-03
 1.25064241E-02
 1.56249577E-01
 3.30206311E-03
 3.36136186E-03
 3.44749131E-03
 3.50453694E-03
 3.63030128E-03
 3.75131130E-03
 3.79321843E-03
 4.01478639E-03
 4.00738959E-03
 5.58556634E-03
 3.83789047E-03
 2.84893515E-03
 2.91432289E-03
 2.96746474E-03
 4.26174677E-03
 3.20770789E-03
 3.07149026E-03
 3.25914465E-03
 2.83500060E-03
 9.97304715E-03
 2.67796839E-03
 2.42125356E-03
 2.35413904E-01
 2.24555908E-03
 4.08818160E-01
 1.27249042E+00
 1.86245105E-03
 1.22506554E-02
 1.25279256E-02
 1.28157070E-02
 1.31069658E-02
 1.33982983E-02
 1.36802159E-02
 1.30104880E-02
 1.33456902E-02
 1.37046400E-02
 1.40777121E-02
 1.44730920E-02
 7.52143828E-02
 1.36134054E-02
 1.39958492E-02
 1.44039327E-02
 1.48319929E-02
 1.42764748E-02
 1.47123421E-02
 1.51873478E-02
 1.50377859E-02
 1.55577515E-02
 1.59316098E-02
 5.82888939E-03
 5.95080241E-03
 6.06597950E-03
 6.19308200E-03
 6.32245539E-03
 6.26180673E-03
 6.38134270E-03
 6.54555688E-03
 6.70451508E-03
 6.77220536E-03
 6.95225801E-03
 7.16282437E-03
 7.42148591E-03
 7.61614441E-03
 7.94267560E-03
 4.25438237E-03
 4.34921630E-03
 4.46700304E-03
 4.55265181E-03
 4.69926352E-03
 4.81736082E-03
 4.91693739E-03
 5.23435145E-03
 5.28581052E-03
 2.15319379E-02
 5.31999910E-03
 3.66469213E-03
 3.72740884E-03
 3.78590046E-03
 4.10468673E-03
 4.04649602E-03
 3.93226637E-03
 3.45441996E-03
 3.32391526E-03
 4.31210183E-03
 3.27930186E-03
 2.78834167E-03
 9.14710471E-03
 9.30261592E-03
 9.44345966E-03
 9.59055985E-03
 9.75112037E-03
 7.54908973E-02
 9.46236386E-03
 9.63714108E-03
 9.82241708E-03
 9.99977587E-03
 1.08816732E-02
 9.87307076E-03
 1.00953978E-02
 1.03232752E-02
 1.12420644E-02
 1.04459268E-02
 1.07008690E-02
 1.18747861E-02
 1.10231921E-02
 1.56084062E-02
 1.41672335E-01
 5.38228195E-03
 5.52190255E-03
 5.62402620E-03
 5.73587613E-03
 5.89254042E-03
 6.04216024E-03
 6.12546592E-03
 6.47103867E-03
 6.58250531E-03
 2.04101894E-02
 6.79684399E-03
 4.42319863E-03
 4.51908906E-03
 4.58522587E-03
 5.56049702E-03
 4.99524507E-03
 4.99162516E-03
 2.69145457E-02
 5.03538283E-03
 6.70330797E-02
 7.39676138E-03
 4.14802144E-03
 4.04537232E-03
 5.85567508E-03
 4.12596421E-03
 2.10508892E-02
 7.71541052E-03
 3.65145895E-03
 1.64401121E-02
 4.73911892E-02
 1.00000000E+00
 6.82242771E-03
 6.93939819E-03
 7.04087568E-03
 7.15087376E-03
 7.20899739E-03
 7.35371980E-03
 7.49247703E-03
 7.76322294E-03
 7.88944784E-03
 9.17347144E-03
 8.08587912E-03
 5.04617915E-03
 5.16818355E-03
 5.28859980E-03
 8.28728413E-03
 5.69354832E-03
 5.73761187E-03
 9.35633376E-03
 5.92633439E-03
 1.91743937E-02
 4.75245664E-03
 4.63202459E-03
 6.43922972E-03
 4.92093473E-03
 2.11605344E-02
 9.16707318E-03
 4.26900161E-03
 2.00754022E-01
 5.48438256E-03
 5.56195094E-03
 5.67226178E-03
 5.99475694E-03
 6.02652481E-03
 6.26406442E-03
 4.92177302E-03
 4.96756827E-03
 6.12838697E-03
 5.28267203E-03
 4.80616781E-03
 1.00000000E+00
 1.00000000E+00
 1.00000000E+00
 1.00000000E+00
 1.00000000E+00
 1.00000000E+00
 1.00000000E+00
 1.00000000E+00
 1.00000000E+00
 1.00000000E+00
 1.00000000E+00
 1.00000000E+00
 1.23776776E-02
 9.09938562E-03
 5.33566961E-03
 2.62730809E-03
 1.38911304E-03
 1.10844382E-04
 6.85493858E-07
 3.56625484E-02
 3.73849938E-02
 3.92933014E-02
 4.14151546E-02
 3.92843003E-02
 3.25433732E-02
 2.66720633E-02
 2.86124400E-02
 3.08331969E-02
 3.33761408E-02
 3.62872820E-02
 1.31136730E-01
 1.68450838E-02
 1.83925761E-02
 2.06765270E-02
 2.38020290E-02
 8.92972809E-03
 1.05894763E-02
 1.26506087E-02
 1.04770717E-03
 1.40208162E-03
 6.20439878E-02
 1.38334562E-02
 6.18019980E-03
 6.32222862E-03
 6.48011347E-03
 6.64923338E-03
 6.80771265E-03
 6.99219486E-03
 6.24246387E-03
 6.62939032E-03
 6.80886458E-03
 6.98622503E-03
 7.17945935E-03
 7.38877853E-03
 8.22223106E-02
 7.15509039E-03
 7.36680587E-03
 7.58794079E-03
 7.81904903E-03
 7.81876479E-03
 7.76934712E-03
 8.02679542E-03
 8.29863239E-03
 7.52004576E-03
 8.49364304E-03
 8.81359917E-03
 8.91449086E-03
 9.28237771E-03
 1.35712823E-04
 1.44417159E-02
 4.13573718E-03
 4.22604506E-03
 4.32190363E-03
 4.39997941E-03
 4.51006087E-03
 8.14597777E-02
 4.49794829E-03
 4.60264973E-03
 4.72019875E-03
 4.82650011E-03
 7.13333411E-03
 4.92673916E-03
 5.06508248E-03
 5.20118396E-03
 6.40923076E-03
 5.40671733E-03
 5.53511397E-03
 7.07825450E-03
 5.67073301E-03
 1.23048947E-02
 1.37001908E-01
 3.29188168E-03
 3.35051224E-03
 3.41699203E-03
 3.47629651E-03
 3.65487838E-03
 3.72711739E-03
 3.77466193E-03
 4.04049932E-03
 4.02267928E-03
 5.54631702E-03
 3.82440953E-03
 2.85882730E-03
 2.89783992E-03
 2.94882992E-03
 4.39039268E-03
 3.19370829E-03
 3.07206522E-03
 3.17683970E-03
 2.78384385E-03
 9.66675901E-03
 2.68606263E-03
 2.46448722E-03
 2.33063205E-01
 2.25351618E-03
 4.02073132E-01
 1.22058316E+00
 1.89866480E-03
 1.11933856E-02
 1.14610845E-02
 1.17212196E-02
 1.19915431E-02
 1.22483768E-02
 1.25021790E-02
 1.33138258E-02
 1.36749398E-02
 1.40554707E-02
 1.44480547E-02
 1.48643125E-02
 7.56665999E-02
 1.40083666E-02
 1.44262924E-02
 1.48725567E-02
 1.53468157E-02
 1.47264433E-02
 1.52034573E-02
 1.57285390E-02
 1.55428381E-02
 1.61119958E-02
 1.64840441E-02
 5.86750963E-03
 5.99250704E-03
 6.12434513E-03
 6.24320158E-03
 6.37973421E-03
 6.29061501E-03
 6.44383676E-03
 6.60491882E-03
 6.76521400E-03
 6.83147636E-03
 7.00450127E-03
 7.20378180E-03
 7.47308098E-03
 7.66345071E-03
 7.99689551E-03
 4.29417402E-03
 4.35334117E-03
 4.48021977E-03
 4.56798196E-03
 4.72068161E-03
 4.81688154E-03
 4.91680166E-03
 5.22120484E-03
 5.25076307E-03
 2.08373429E-02
 5.30407265E-03
 3.66545943E-03
 3.73894780E-03
 3.79614892E-03
 4.14287996E-03
 4.07633472E-03
 3.92755100E-03
 3.43298364E-03
 3.30420472E-03
 4.24881870E-03
 3.27377179E-03
 2.80755271E-03
 9.42311050E-03
 9.57504752E-03
 9.74082621E-03
 9.90529396E-03
 1.00715151E-02
 7.57801214E-02
 9.74041428E-03
 9.92603126E-03
 1.01359520E-02
 1.03268617E-02
 1.11188592E-02
 1.01674598E-02
 1.04088569E-02
 1.06481217E-02
 1.15207980E-02
 1.07540311E-02
 1.10064920E-02
 1.21160336E-02
 1.13472279E-02
 1.55892123E-02
 1.23616074E-01
 5.47077013E-03
 5.56468680E-03
 5.68476457E-03
 5.78901168E-03
 5.96154207E-03
 6.06288284E-03
 6.18611865E-03
 6.56694763E-03
 6.64392757E-03
 1.96368527E-02
 6.83827817E-03
 4.47467436E-03
 4.53342608E-03
 4.61676709E-03
 5.54645513E-03
 5.02200823E-03
 4.96052710E-03
 2.64519167E-02
 5.06219418E-03
 6.52853920E-02
 7.42588836E-03
 4.17054955E-03
 4.05514341E-03
 5.83859993E-03
 4.16314707E-03
 2.05957008E-02
 7.78998387E-03
 3.67052402E-03
 1.61800871E-02
 4.56463349E-02
 1.00000000E+00
 7.01904422E-03
 7.11115803E-03
 7.24406150E-03
 7.36178298E-03
 7.39927788E-03
 7.54062512E-03
 7.69245674E-03
 7.94286165E-03
 8.09856148E-03
 9.30556174E-03
 8.31330953E-03
 5.11347294E-03
 5.21342257E-03
 5.33730640E-03
 8.10899687E-03
 5.75692074E-03
 5.78294150E-03
 9.25101121E-03
 5.95873237E-03
 1.87066302E-02
 4.74683730E-03
 4.62813888E-03
 6.43332023E-03
 4.92644115E-03
 2.07145669E-02
 9.14404450E-03
 4.25864472E-03
 1.87340114E-01
 5.60428682E-03
 5.70004567E-03
 5.79866028E-03
 6.12808306E-03
 6.18555627E-03
 6.36271596E-03
 5.01760564E-03
 5.01933071E-03
 6.11488096E-03
 5.29104474E-03
 4.79025844E-03
 1.00000000E+00
 1.00000000E+00
 1.00000000E+00
 1.00000000E+00
 1.00000000E+00
 1.00000000E+00
 1.00000000E+00
 1.00000000E+00
 1.00000000E+00
 1.00000000E+00
 1.00000000E+00
 1.00000000E+00
 3.07086037E-06
 2.38978380E-06
 2.91497949E-07
 1.04512084E-06
 1.43157798E-06
 3.60921838E-07
 2.65593801E-07
 2.10184793E-02
 1.65900619E-02
 1.18809712E-02
 6.35457663E-03
 2.83700673E-03
 4.31289422E-04
 3.59629853E-02
 3.81968013E-02
 4.07235512E-02
 4.35836436E-02
 4.11149479E-02
 1.23654444E-01
 2.64895168E-02
 2.92179130E-02
 3.24084490E-02
 3.61355661E-02
 1.64623955E-02
 1.88592699E-02
 2.26708855E-02
 8.23066067E-03
 1.10460027E-02
 7.60988421E-02
 2.12098126E-03
 6.18467053E-03
 6.34648968E-03
 6.49728834E-03
 6.66810568E-03
 6.84585185E-03
 7.03891966E-03
 6.30127659E-03
 6.65264708E-03
 6.82617135E-03
 7.02285518E-03
 7.22149545E-03
 7.43497968E-03
 8.27828166E-02
 7.18008988E-03
 7.40943912E-03
 7.63424829E-03
 7.87661255E-03
 7.86736046E-03
 7.80416987E-03
 8.07010208E-03
 8.36017583E-03
 7.50860562E-03
 8.54456252E-03
 8.88031800E-03
 8.95910343E-03
 9.35921216E-03
 6.38857507E-03
 1.40891792E-02
 4.13557941E-03
 4.21781060E-03
 4.31767477E-03
 4.40479712E-03
 4.51589031E-03
 8.19087142E-02
 4.49528391E-03
 4.59257641E-03
 4.71509380E-03
 4.83063181E-03
 7.12126774E-03
 4.90808972E-03
 5.05866926E-03
 5.18653941E-03
 6.38768498E-03
 5.39051015E-03
 5.54416374E-03
 7.02806751E-03
 5.65206948E-03
 1.20937621E-02
 1.19604024E-01
 3.26082719E-03
 3.35349255E-03
 3.40966471E-03
 3.47729349E-03
 3.62691500E-03
 3.71002014E-03
 3.76355965E-03
 4.00145786E-03
 4.00814393E-03
 5.49612437E-03
 3.81628095E-03
 2.83575961E-03
 2.88751355E-03
 2.91011992E-03
 4.51456176E-03
 3.17156497E-03
 3.09065151E-03
 3.10443528E-03
 2.69497512E-03
 9.37222185E-03
 2.65523645E-03
 2.46535860E-03
 2.30858533E-01
 2.17121110E-03
 3.95686353E-01
 1.17355235E+00
 1.83312442E-03
 1.01827160E-02
 1.04340463E-02
 1.06715333E-02
 1.09274690E-02
 1.11705313E-02
 1.14134443E-02
 1.25953848E-02
 1.28964453E-02
 1.31952397E-02
 1.34852255E-02
 1.37700365E-02
 7.75598301E-02
 1.44125321E-02
 1.48657379E-02
 1.53583964E-02
 1.58558629E-02
 1.51896565E-02
 1.57183288E-02
 1.62914235E-02
 1.60667791E-02
 1.66922644E-02
 1.70594329E-02
 5.90252850E-03
 6.04030241E-03
 6.17214986E-03
 6.30347311E-03
 6.44434180E-03
 6.34379946E-03
 6.50293240E-03
 6.66095518E-03
 6.83239825E-03
 6.89338963E-03
 7.06523784E-03
 7.27709257E-03
 7.53070044E-03
 7.73244334E-03
 8.07268920E-03
 4.28006688E-03
 4.36971261E-03
 4.47804816E-03
 4.56120408E-03
 4.71497272E-03
 4.82007082E-03
 4.92257646E-03
 5.21442483E-03
 5.28211233E-03
 2.01907988E-02
 5.28035292E-03
 3.65746078E-03
 3.72798440E-03
 3.78047721E-03
 4.12698412E-03
 4.02467241E-03
 3.89643092E-03
 3.39841999E-03
 3.29472847E-03
 4.16891503E-03
 3.25070662E-03
 2.77255356E-03
 9.69683913E-03
 9.87325682E-03
 1.00474784E-02
 1.02197082E-02
 1.04045275E-02
 7.60499197E-02
 1.00522171E-02
 1.02435374E-02
 1.04604036E-02
 1.06676239E-02
 1.13798797E-02
 1.04815134E-02
 1.07344065E-02
 1.09930112E-02
 1.18465312E-02
 1.10784559E-02
 1.13532687E-02
 1.24170945E-02
 1.16863260E-02
 1.56115387E-02
 1.07349264E-01
 5.52722641E-03
 5.63758812E-03
 5.75467304E-03
 5.86685028E-03
 6.02205603E-03
 6.16254825E-03
 6.26516135E-03
 6.61861298E-03
 6.71064668E-03
 1.89286165E-02
 6.87383858E-03
 4.47045955E-03
 4.56867017E-03
 4.62780374E-03
 5.54445276E-03
 5.02448925E-03
 4.99121439E-03
 2.59712658E-02
 4.98430257E-03
 6.35789033E-02
 7.28477317E-03
 4.16541988E-03
 4.05468304E-03
 5.77559416E-03
 4.08629890E-03
 2.01688274E-02
 7.49716571E-03
 3.70196369E-03
 1.59380237E-02
 4.38141405E-02
 1.00000000E+00
 7.22346280E-03
 7.32840875E-03
 7.46154852E-03
 7.57196653E-03
 7.61542417E-03
 7.76106975E-03
 7.90377527E-03
 8.13252642E-03
 8.29744713E-03
 9.44935223E-03
 8.50716151E-03
 5.16611465E-03
 5.27056592E-03
 5.38235231E-03
 7.96458567E-03
 5.79426576E-03
 5.86648281E-03
 9.19604404E-03
 5.98871982E-03
 1.82960815E-02
 4.77579033E-03
 4.69072684E-03
 6.43031183E-03
 4.86912657E-03
 2.03984211E-02
 8.80825832E-03
 4.24733477E-03
 1.78632018E-01
 5.74952196E-03
 5.84615464E-03
 5.92551573E-03
 6.24714242E-03
 6.31261279E-03
 6.44093633E-03
 5.07577940E-03
 5.06385404E-03
 6.11181519E-03
 5.28434529E-03
 4.79772371E-03
 1.00000000E+00
 1.00000000E+00
 1.00000000E+00
 1.00000000E+00
 1.00000000E+00
 1.00000000E+00
 1.00000000E+00
 1.00000000E+00
 1.00000000E+00
 1.00000000E+00
 1.00000000E+00
 1.00000000E+00
 1.49791807E-06
 3.62126966E-06
 2.80431100E-06
 5.80025254E-07
 4.63827879E-06
 6.06812986E-07
 2.31670968E-07
 3.66798082E-07
 5.59396871E-07
 1.35504775E-07
 3.71138877E-07
 1.14467854E-06
 7.94892713E-07
 2.95073991E-02
 2.31581416E-02
 1.58114177E-02
 7.91851500E-03
 2.54445243E-03
 9.13334227E-02
 3.67720537E-02
 3.98499498E-02
 4.34002831E-02
 4.75023521E-02
 2.70509724E-02
 3.11198506E-02
 3.59668494E-02
 1.68091738E-02
 2.11310627E-02
 9.44093209E-02
 8.52837489E-03
 6.19724293E-03
 6.35788282E-03
 6.51457781E-03
 6.68933434E-03
 6.87812011E-03
 7.07161951E-03
 6.35439812E-03
 6.67673437E-03
 6.85209665E-03
 7.04877922E-03
 7.25219088E-03
 7.48006795E-03
 8.33409778E-02
 7.20838538E-03
 7.44137068E-03
 7.67634831E-03
 7.92927431E-03
 7.92118619E-03
 7.85131751E-03
 8.12161170E-03
 8.41928912E-03
 7.51882175E-03
 8.60285174E-03
 8.93520628E-03
 9.01074202E-03
 9.41616666E-03
 1.25345428E-02
 1.37923034E-02
 4.13956190E-03
 4.22570435E-03
 4.31627764E-03
 4.40763370E-03
 4.51382650E-03
 8.23385109E-02
 4.49624736E-03
 4.59902073E-03
 4.71636545E-03
 4.83435649E-03
 7.12677979E-03
 4.91346017E-03
 5.05762445E-03
 5.19578062E-03
 6.38532565E-03
 5.39035102E-03
 5.53847014E-03
 7.02249894E-03
 5.66322896E-03
 1.19109248E-02
 1.03856037E-01
 3.27694124E-03
 3.37635206E-03
 3.44312539E-03
 3.48620079E-03
 3.61773541E-03
 3.69042384E-03
 3.76043643E-03
 3.97597260E-03
 3.98136330E-03
 5.44608733E-03
 3.76951445E-03
 2.84867813E-03
 2.87665396E-03
 2.93938318E-03
 4.63304072E-03
 3.16151605E-03
 3.05797176E-03
 2.96999837E-03
 2.70755136E-03
 9.01611613E-03
 2.65655233E-03
 2.42569806E-03
 2.28843201E-01
 2.14468539E-03
 3.89660658E-01
 1.13111758E+00
 1.84443930E-03
 9.20250994E-03
 9.43707345E-03
 9.66100804E-03
 9.88880126E-03
 1.01099108E-02
 1.03246891E-02
 1.14831888E-02
 1.17643784E-02
 1.20448405E-02
 1.23192240E-02
 1.25858885E-02
 7.94883637E-02
 1.41921535E-02
 1.45199838E-02
 1.48394751E-02
 1.51380644E-02
 1.56724388E-02
 1.62494584E-02
 1.68813743E-02
 1.66131731E-02
 1.73017084E-02
 1.76708428E-02
 5.95505228E-03
 6.08058096E-03
 6.21078829E-03
 6.35223529E-03
 6.49778891E-03
 6.39438960E-03
 6.55589951E-03
 6.71137416E-03
 6.88401702E-03
 6.92351512E-03
 7.11078247E-03
 7.33174047E-03
 7.57416260E-03
 7.78339699E-03
 8.12934340E-03
 4.27776804E-03
 4.39792709E-03
 4.48996353E-03
 4.56889106E-03
 4.72648946E-03
 4.81459545E-03
 4.94178618E-03
 5.23248798E-03
 5.29126252E-03
 1.96232778E-02
 5.27454557E-03
 3.66643572E-03
 3.74089447E-03
 3.80201573E-03
 4.08311095E-03
 4.01420416E-03
 3.84247999E-03
 3.42902342E-03
 3.30191186E-03
 4.10710393E-03
 3.19522245E-03
 2.77849157E-03
 9.97382653E-03
 1.01622515E-02
 1.03484280E-02
 1.05412620E-02
 1.07421005E-02
 7.63333709E-02
 1.03408494E-02
 1.05699485E-02
 1.07927983E-02
 1.10223104E-02
 1.16453359E-02
 1.08072025E-02
 1.10666384E-02
 1.13436514E-02
 1.21704823E-02
 1.13992253E-02
 1.17011821E-02
 1.27253476E-02
 1.20384702E-02
 1.56807358E-02
 9.25162513E-02
 5.57334536E-03
 5.70068846E-03
 5.80854124E-03
 5.91630577E-03
 6.05972817E-03
 6.19116518E-03
 6.31687641E-03
 6.65554634E-03
 6.75249733E-03
 1.82018441E-02
 6.94453854E-03
 4.48598895E-03
 4.57083061E-03
 4.65593922E-03
 5.53846971E-03
 5.06397368E-03
 5.01304874E-03
 2.55834469E-02
 4.99976935E-03
 6.20109504E-02
 7.27849236E-03
 4.15889091E-03
 4.03680887E-03
 5.80196554E-03
 4.06755436E-03
 1.97865172E-02
 7.44254977E-03
 3.73210198E-03
 1.56754082E-02
 4.23762555E-02
 1.00000000E+00
 7.42951264E-03
 7.53467775E-03
 7.66308324E-03
 7.79568374E-03
 7.83079448E-03
 7.95826303E-03
 8.13120046E-03
 8.35307989E-03
 8.49843519E-03
 9.63257920E-03
 8.74653559E-03
 5.24571534E-03
 5.34045360E-03
 5.45279778E-03
 7.80673899E-03
 5.84176080E-03
 5.87675943E-03
 9.09619972E-03
 6.04667816E-03
 1.77963031E-02
 4.78380614E-03
 4.67858063E-03
 6.45125301E-03
 4.90415950E-03
 2.00012713E-02
 8.85309579E-03
 4.25373091E-03
 1.71812258E-01
 5.88076418E-03
 5.99176431E-03
 6.07675049E-03
 6.38111032E-03
 6.47752964E-03
 6.61055700E-03
 5.12679076E-03
 5.11280351E-03
 6.09749412E-03
 5.36815572E-03
 4.79350931E-03
 1.00000000E+00
 1.00000000E+00
 1.00000000E+00
 1.00000000E+00
 1.00000000E+00
 1.00000000E+00
 1.00000000E+00
 1.00000000E+00
 1.00000000E+00
 1.00000000E+00
 1.00000000E+00
 1.00000000E+00
 3.31221784E-06
 2.10504674E-06
 8.45388486E-08
 1.75533355E-07
 1.43068529E-07
 6.29646031E-08
 2.48997345E-07
 2.49028354E-07
 5.25816284E-07
 1.75239517E-06
 1.49706286E-06
 6.73614317E-07
 8.62185904E-07
 3.14883144E-04
 6.40427615E-07
 3.10041951E-07
 2.51109825E-06
 2.05046251E-06
 9.09090909E-02
 3.66515505E-02
 2.70367730E-02
 1.55946230E-02
 4.69878936E-03
 3.85121725E-02
 4.29872009E-02
 4.82408955E-02
 2.90385501E-02
 3.53865871E-02
 1.12113515E-01
 1.86854668E-02
 6.20005742E-03
 6.36904547E-03
 6.53585138E-03
 6.71474173E-03
 6.90114079E-03
 7.10340943E-03
 6.41656648E-03
 6.68551833E-03
 6.87665085E-03
 7.08393503E-03
 7.29620663E-03
 7.52303301E-03
 8.38989629E-02
 7.23326305E-03
 7.47963885E-03
 7.72464142E-03
 7.98302743E-03
 7.97564765E-03
 7.88553414E-03
 8.17021812E-03
 8.47797242E-03
 7.55033319E-03
 8.64901306E-03
 8.99641344E-03
 9.06404110E-03
 9.48651977E-03
 1.83713293E-02
 1.35322873E-02
 4.13009495E-03
 4.23474100E-03
 4.31801477E-03
 4.40770747E-03
 4.51649371E-03
 8.27749050E-02
 4.48611603E-03
 4.59359294E-03
 4.71451289E-03
 4.83485841E-03
 7.12756378E-03
 4.91568146E-03
 5.06154131E-03
 5.19245764E-03
 6.37621685E-03
 5.38886842E-03
 5.54259566E-03
 7.00393197E-03
 5.67618867E-03
 1.17410266E-02
 8.94773050E-02
 3.26530862E-03
 3.35001183E-03
 3.42122335E-03
 3.47358844E-03
 3.60347170E-03
 3.66969579E-03
 3.75273917E-03
 3.95053409E-03
 3.96761410E-03
 5.39399810E-03
 3.76102028E-03
 2.83164988E-03
 2.86061721E-03
 2.91795834E-03
 4.76890355E-03
 3.13816900E-03
 3.03801741E-03
 2.87240097E-03
 2.68042978E-03
 8.70826631E-03
 2.64381573E-03
 2.42022709E-03
 2.26898745E-01
 2.12266326E-03
 3.83955577E-01
 1.09213510E+00
 1.84392605E-03
 5.48798888E-03
 5.49120432E-03
 5.43847263E-03
 5.31336081E-03
 5.10482856E-03
 4.80609038E-03
 1.04664877E-02
 1.07356242E-02
 1.10007243E-02
 1.12619492E-02
 1.15151213E-02
 8.13489645E-02
 1.29662442E-02
 1.32685536E-02
 1.35632708E-02
 1.38458215E-02
 1.58656628E-02
 1.62887231E-02
 1.66439866E-02
 1.71805736E-02
 1.79428879E-02
 1.83149072E-02
 5.98396195E-03
 6.12590156E-03
 6.25896387E-03
 6.39968979E-03
 6.55353371E-03
 6.43667147E-03
 6.60580604E-03
 6.77294729E-03
 6.93895676E-03
 6.96961256E-03
 7.17579587E-03
 7.38812037E-03
 7.62217165E-03
 7.84942297E-03
 8.19154898E-03
 4.30154716E-03
 4.39165474E-03
 4.49506893E-03
 4.57658794E-03
 4.73111247E-03
 4.82266477E-03
 4.94372281E-03
 5.22946159E-03
 5.28861616E-03
 1.90362316E-02
 5.27934797E-03
 3.64652504E-03
 3.72064609E-03
 3.78498533E-03
 4.07344459E-03
 3.99548912E-03
 3.80185269E-03
 3.40390012E-03
 3.29021155E-03
 4.02129319E-03
 3.15836373E-03
 2.76530764E-03
 1.02577470E-02
 1.04602058E-02
 1.06570099E-02
 1.08748470E-02
 1.10901537E-02
 7.66180086E-02
 1.06531030E-02
 1.08907436E-02
 1.11291161E-02
 1.13933607E-02
 1.19257310E-02
 1.11384584E-02
 1.14208390E-02
 1.17135423E-02
 1.25079351E-02
 1.17357639E-02
 1.20751635E-02
 1.30486469E-02
 1.23952756E-02
 1.57545114E-02
 7.89590918E-02
 5.63292999E-03
 5.75054293E-03
 5.86724785E-03
 5.98406159E-03
 6.11656598E-03
 6.25889644E-03
 6.38942048E-03
 6.70218759E-03
 6.82103779E-03
 1.75076172E-02
 7.01658618E-03
 4.50019874E-03
 4.58378105E-03
 4.67483303E-03
 5.55114505E-03
 5.06292794E-03
 5.02438536E-03
 2.51922504E-02
 4.99912823E-03
 6.04846105E-02
 7.25823055E-03
 4.14971479E-03
 4.02648942E-03
 5.73277424E-03
 4.04276260E-03
 1.94384682E-02
 7.32178521E-03
 3.61869104E-03
 1.54388531E-02
 4.09803095E-02
 1.00000000E+00
 7.64528667E-03
 7.75822639E-03
 7.89274351E-03
 8.02308384E-03
 8.04285130E-03
 8.19884789E-03
 8.37138736E-03
 8.56450692E-03
 8.74802752E-03
 9.80953921E-03
 8.96001657E-03
 5.29420539E-03
 5.39284540E-03
 5.51460704E-03
 7.68499827E-03
 5.89288688E-03
 5.94398506E-03
 9.01510229E-03
 6.09172584E-03
 1.73846912E-02
 4.81347802E-03
 4.69832019E-03
 6.44362822E-03
 4.89929726E-03
 1.96599228E-02
 8.77493929E-03
 4.27422613E-03
 1.65159063E-01
 6.04125622E-03
 6.13783063E-03
 6.23646703E-03
 6.52820774E-03
 6.60411571E-03
 6.75980614E-03
 5.14901197E-03
 5.15452017E-03
 6.11424395E-03
 5.38130435E-03
 4.85177778E-03
 1.00000000E+00
 1.00000000E+00
 1.00000000E+00
 1.00000000E+00
 1.00000000E+00
 1.00000000E+00
 1.00000000E+00
 1.00000000E+00
 1.00000000E+00
 1.00000000E+00
 1.00000000E+00
 1.00000000E+00
 3.46163614E-06
 1.63049967E-07
 4.44089210E-16
 4.32703009E-07
 2.24247884E-07
 2.22044605E-16
 2.22044605E-16
 1.13374106E-06
 4.89723153E-07
 1.64244469E-06
 3.53722117E-07
 7.24630518E-08
 2.09277330E-08
 7.75677423E-07
 1.05068596E-07
 6.74126156E-07
 2.63198689E-06
 9.71062426E-07
 9.09090909E-02
 2.17802449E-03
 2.27436080E-07
 4.33068865E-07
 6.52013676E-07
 4.08513040E-02
 2.53964288E-02
 8.09075530E-03
 4.19052367E-02
 4.86870936E-02
 1.12066034E-01
 3.36691499E-02
 6.20453314E-03
 6.37399784E-03
 6.54992680E-03
 6.73709700E-03
 6.93459755E-03
 7.13793095E-03
 6.57375026E-03
 6.69391994E-03
 6.89297316E-03
 7.11061048E-03
 7.32962030E-03
 7.57005300E-03
 8.44565446E-02
 7.26142525E-03
 7.50329332E-03
 7.76040361E-03
 8.03606042E-03
 8.04075800E-03
 7.91756820E-03
 8.20996769E-03
 8.53544650E-03
 7.58512918E-03
 8.69703112E-03
 9.06105606E-03
 9.12738478E-03
 9.55252941E-03
 2.39400863E-02
 1.33268748E-02
 4.11671124E-03
 4.22766983E-03
 4.32104376E-03
 4.41358437E-03
 4.51673473E-03
 8.32158579E-02
 4.46925625E-03
 4.59739574E-03
 4.72113192E-03
 4.84922036E-03
 7.12734173E-03
 4.91786610E-03
 5.06041425E-03
 5.18619271E-03
 6.35874803E-03
 5.39671282E-03
 5.54930870E-03
 6.97647201E-03
 5.69930372E-03
 1.15870813E-02
 7.62897154E-02
 3.25633476E-03
 3.33850483E-03
 3.42213327E-03
 3.48334084E-03
 3.59262786E-03
 3.66911911E-03
 3.74946111E-03
 3.94008971E-03
 3.96843075E-03
 5.34706957E-03
 3.78846430E-03
 2.83138043E-03
 2.88178621E-03
 2.89691018E-03
 4.89253085E-03
 3.10639190E-03
 3.02601179E-03
 2.80833845E-03
 2.63081541E-03
 8.43008933E-03
 2.60324976E-03
 2.44869620E-03
 2.25000175E-01
 2.09072247E-03
 3.78559446E-01
 1.05615640E+00
 1.76981671E-03
 2.87327037E-04
 4.38981059E-04
 6.61948533E-04
 9.57979793E-04
 1.34765697E-03
 1.83600972E-03
 8.44652320E-03
 8.44600671E-03
 8.21047142E-03
 7.83900116E-03
 7.30351542E-03
 8.64459639E-02
 1.18528171E-02
 1.21405228E-02
 1.24206750E-02
 1.26948066E-02
 1.46525765E-02
 1.49489367E-02
 1.52237991E-02
 1.76652987E-02
 1.82041732E-02
 1.89998367E-02
 6.02622126E-03
 6.16853614E-03
 6.30326326E-03
 6.45355881E-03
 6.61226393E-03
 6.48386231E-03
 6.64010669E-03
 6.81760845E-03
 7.00984093E-03
 7.02838699E-03
 7.22494050E-03
 7.45506917E-03
 7.68244918E-03
 7.91895661E-03
 8.26811064E-03
 4.29869297E-03
 4.38874739E-03
 4.50050126E-03
 4.59042359E-03
 4.73269356E-03
 4.83914307E-03
 4.95897494E-03
 5.22128238E-03
 5.28460700E-03
 1.84675287E-02
 5.27325930E-03
 3.64215774E-03
 3.72185628E-03
 3.79642279E-03
 4.07706176E-03
 4.01048892E-03
 3.78866627E-03
 3.37400359E-03
 3.26228081E-03
 3.94439976E-03
 3.11606839E-03
 2.71778990E-03
 1.05456494E-02
 1.07609898E-02
 1.09837134E-02
 1.12118490E-02
 1.14533227E-02
 7.68984809E-02
 1.09642018E-02
 1.12250044E-02
 1.14891961E-02
 1.17635443E-02
 1.22170627E-02
 1.14733824E-02
 1.17837671E-02
 1.21095492E-02
 1.28534848E-02
 1.20961787E-02
 1.24721304E-02
 1.34023782E-02
 1.27741740E-02
 1.58565126E-02
 6.64946451E-02
 5.69480502E-03
 5.81306978E-03
 5.93266430E-03
 6.05202789E-03
 6.18143368E-03
 6.31771465E-03
 6.46740344E-03
 6.75545085E-03
 6.88925948E-03
 1.68447204E-02
 7.05667862E-03
 4.50106765E-03
 4.58799831E-03
 4.68908952E-03
 5.55667088E-03
 5.01898696E-03
 5.02196927E-03
 2.47916259E-02
 4.98181894E-03
 5.89870954E-02
 7.20723281E-03
 4.13782574E-03
 4.04907880E-03
 5.73520006E-03
 3.99073895E-03
 1.91163366E-02
 7.14299368E-03
 3.64202817E-03
 1.52500837E-02
 3.95874193E-02
 1.00000000E+00
 7.85947111E-03
 7.99176659E-03
 8.12588248E-03
 8.26366981E-03
 8.25824431E-03
 8.42360485E-03
 8.60043106E-03
 8.77885096E-03
 8.98292481E-03
 9.97507105E-03
 9.17993604E-03
 5.37568663E-03
 5.45269976E-03
 5.55949745E-03
 7.53131538E-03
 5.94032076E-03
 5.99825705E-03
 8.95473660E-03
 6.10777939E-03
 1.70020458E-02
 4.78645567E-03
 4.75153019E-03
 6.41404391E-03
 4.84691311E-03
 1.93639153E-02
 8.53953503E-03
 4.23994484E-03
 1.59568758E-01
 6.19798145E-03
 6.28381067E-03
 6.38506890E-03
 6.71119163E-03
 6.75720087E-03
 6.90853053E-03
 5.23573590E-03
 5.19976127E-03
 6.09471607E-03
 5.41995504E-03
 4.88049365E-03
 1.00000000E+00
 1.00000000E+00
 1.00000000E+00
 1.00000000E+00
 1.00000000E+00
 1.00000000E+00
 1.00000000E+00
 1.00000000E+00
 1.00000000E+00
 1.00000000E+00
 1.00000000E+00
 1.00000000E+00
 1.19897675E-07
 7.62970598E-09
 2.22044605E-16
 1.74348473E-06
 2.80058008E-07
 4.28880254E-07
 2.30089568E-06
 2.16287520E-07
 2.96924393E-07
 3.74340337E-10
 1.90715648E-07
 1.77986914E-08
 5.56811353E-09
 1.67811097E-06
 5.69170520E-07
 1.14416396E-06
 2.12685698E-06
 3.95612099E-10
 9.09090909E-02
 1.03736806E-06
 1.48251250E-06
 3.88078439E-06
 4.32937200E-07
 2.27203586E-03
 1.68267539E-07
 1.93635012E-06
 3.91610258E-02
 1.39616230E-02
 9.09090909E-02
 4.82031408E-02
 6.20744940E-03
 6.38123812E-03
 6.56226120E-03
 6.75451637E-03
 6.95325194E-03
 7.16241518E-03
 7.15192827E-03
 6.70666270E-03
 6.91363138E-03
 7.13271932E-03
 7.36661306E-03
 7.61054948E-03
 8.50141992E-02
 7.29297006E-03
 7.53108868E-03
 7.79740368E-03
 8.08888490E-03
 8.10179581E-03
 7.95773452E-03
 8.26274098E-03
 8.59680085E-03
 7.63948025E-03
 8.74300497E-03
 9.12715746E-03
 9.19387317E-03
 9.63098715E-03
 2.92618047E-02
 1.31296447E-02
 4.12588272E-03
 4.21752614E-03
 4.32203962E-03
 4.41589572E-03
 4.52177606E-03
 8.36308314E-02
 4.46422605E-03
 4.59320734E-03
 4.72089628E-03
 4.83976565E-03
 7.14024013E-03
 4.90331205E-03
 5.04665355E-03
 5.20444816E-03
 6.36393639E-03
 5.37713031E-03
 5.53773710E-03
 6.97155780E-03
 5.70062124E-03
 1.14462616E-02
 6.41432680E-02
 3.26978139E-03
 3.31471629E-03
 3.40579682E-03
 3.47346382E-03
 3.57537180E-03
 3.66548844E-03
 3.74199319E-03
 3.93278543E-03
 3.96562786E-03
 5.29591289E-03
 3.74604098E-03
 2.79032114E-03
 2.87083572E-03
 2.89524223E-03
 5.01177264E-03
 3.07770837E-03
 3.02060143E-03
 2.67744246E-03
 2.63130833E-03
 8.11893763E-03
 2.60095217E-03
 2.38708289E-03
 2.23254032E-01
 2.11197998E-03
 3.73380213E-01
 1.02325345E+00
 1.80639987E-03
 5.70089161E-03
 6.00800790E-03
 6.39955050E-03
 6.85623388E-03
 7.41904394E-03
 8.08630252E-03
 2.18774593E-03
 1.86960041E-03
 1.42706401E-03
 8.39304566E-04
 7.94378121E-05
 9.39929181E-02
 1.05664025E-02
 1.05619177E-02
 1.03939255E-02
 9.90227908E-03
 1.34038564E-02
 1.36986428E-02
 1.39663719E-02
 1.65292948E-02
 1.67606743E-02
 1.96539445E-02
 6.05592951E-03
 6.20694485E-03
 6.33965939E-03
 6.49855692E-03
 6.66003069E-03
 6.52129779E-03
 6.69091308E-03
 6.87163684E-03
 7.05929458E-03
 7.07332588E-03
 7.28191856E-03
 7.51722256E-03
 7.73003173E-03
 7.98091294E-03
 8.32890578E-03
 4.29988980E-03
 4.40779257E-03
 4.50735688E-03
 4.61502647E-03
 4.74188242E-03
 4.84818683E-03
 4.97473904E-03
 5.22126043E-03
 5.31212469E-03
 1.79817209E-02
 5.27938924E-03
 3.62594206E-03
 3.71489508E-03
 3.78298676E-03
 4.06574358E-03
 4.01125606E-03
 3.76628924E-03
 3.38657730E-03
 3.26172795E-03
 3.84153300E-03
 3.07613433E-03
 2.77247084E-03
 1.08327115E-02
 1.10603744E-02
 1.13073486E-02
 1.15677153E-02
 1.18236760E-02
 7.71861416E-02
 1.12865192E-02
 1.15638253E-02
 1.18497607E-02
 1.21560232E-02
 1.25225082E-02
 1.18271712E-02
 1.21564237E-02
 1.25057112E-02
 1.32306711E-02
 1.24675246E-02
 1.28806955E-02
 1.37675806E-02
 1.31865424E-02
 1.59893164E-02
 5.49415357E-02
 5.74086316E-03
 5.86568110E-03
 5.97732784E-03
 6.09794943E-03
 6.22091309E-03
 6.38310896E-03
 6.52278215E-03
 6.80161481E-03
 6.94460891E-03
 1.61677196E-02
 7.11626795E-03
 4.52499166E-03
 4.61688748E-03
 4.69877587E-03
 5.55636328E-03
 5.02339164E-03
 5.06700327E-03
 2.44127632E-02
 4.95943791E-03
 5.76344089E-02
 7.20043549E-03
 4.12635142E-03
 4.05206986E-03
 5.67425596E-03
 3.96416222E-03
 1.88419341E-02
 7.05480790E-03
 3.59205749E-03
 1.50158492E-02
 3.83572298E-02
 1.00000000E+00
 8.09140826E-03
 8.22053126E-03
 8.37519411E-03
 8.51087362E-03
 8.49210575E-03
 8.66492195E-03
 8.85950610E-03
 9.01266230E-03
 9.23246465E-03
 1.01881490E-02
 9.44705827E-03
 5.42805857E-03
 5.53531260E-03
 5.63068698E-03
 7.39922888E-03
 6.02001526E-03
 6.06536471E-03
 8.85266402E-03
 6.17711711E-03
 1.65771173E-02
 4.80722918E-03
 4.77639181E-03
 6.40396518E-03
 4.87852905E-03
 1.90779518E-02
 8.52097478E-03
 4.26090897E-03
 1.54706612E-01
 6.33419633E-03
 6.45263496E-03
 6.56321419E-03
 6.84468824E-03
 6.92953205E-03
 7.07564014E-03
 5.25303866E-03
 5.31101093E-03
 6.09222036E-03
 5.49777321E-03
 4.82396981E-03
 1.00000000E+00
 1.00000000E+00
 1.00000000E+00
 1.00000000E+00
 1.00000000E+00
 1.00000000E+00
 1.00000000E+00
 1.00000000E+00
 1.00000000E+00
 1.00000000E+00
 1.00000000E+00
 1.00000000E+00
 3.77916131E-07
 1.67442648E-07
 3.25102279E-07
 1.06283227E-06
 3.98500916E-06
 4.25364102E-07
 1.10047588E-06
 5.51754642E-07
 8.37958938E-08
 2.22044605E-16
 2.01280237E-07
 6.13806427E-07
 4.13103658E-07
 2.00401439E-08
 3.80295571E-07
 3.53559665E-07
 3.72760393E-08
 1.33226763E-15
 9.09090909E-02
 1.94398205E-06
 4.95055599E-07
 2.44797631E-08
 1.24447495E-07
 9.09789478E-07
 2.85705197E-06
 2.87755445E-06
 2.14433112E-04
 1.28946584E-07
 9.09090909E-02
 2.57406614E-02
 6.20436595E-03
 6.38696051E-03
 6.57416390E-03
 6.76880407E-03
 6.98461881E-03
 7.19533823E-03
 7.51634129E-03
 6.72503997E-03
 6.93299568E-03
 7.15635522E-03
 7.39432884E-03
 7.64926971E-03
 8.55788853E-02
 7.30828016E-03
 7.56859018E-03
 7.83718930E-03
 8.13675224E-03
 7.37613953E-03
 7.99124415E-03
 8.31130017E-03
 8.65567731E-03
 7.62766702E-03
 8.79364787E-03
 9.19366987E-03
 9.26869863E-03
 9.69787586E-03
 3.43757313E-02
 1.29747936E-02
 4.11363414E-03
 4.22043452E-03
 4.31600562E-03
 4.42056189E-03
 4.52928414E-03
 8.40506295E-02
 4.47064684E-03
 4.60640831E-03
 4.72018484E-03
 4.84881910E-03
 7.13768644E-03
 4.89755315E-03
 5.04575620E-03
 5.19760042E-03
 6.35498604E-03
 5.36842332E-03
 5.53880278E-03
 6.94930376E-03
 5.70052638E-03
 1.12959700E-02
 5.28722464E-02
 3.26252861E-03
 3.31917519E-03
 3.38222827E-03
 3.45826392E-03
 3.58405899E-03
 3.66397762E-03
 3.72293395E-03
 3.94406917E-03
 3.93483905E-03
 5.24474585E-03
 3.74953953E-03
 2.81801621E-03
 2.84591979E-03
 2.90518246E-03
 5.11619666E-03
 3.09241861E-03
 3.03627546E-03
 2.57941684E-03
 2.60405047E-03
 7.83261965E-03
 2.57106528E-03
 2.40796658E-03
 2.21526881E-01
 2.03653614E-03
 3.68515177E-01
 9.92693785E-01
 1.75134610E-03
 1.07969856E-02
 1.12570506E-02
 1.17915185E-02
 1.24103972E-02
 1.31284503E-02
 1.39689219E-02
 3.80141234E-03
 4.30750947E-03
 4.94300127E-03
 5.73345543E-03
 6.70301280E-03
 1.01142042E-01
 4.81711318E-03
 4.14149611E-03
 3.22785154E-03
 2.03147252E-03
 1.22484866E-02
 1.24395439E-02
 1.20618046E-02
 1.51334408E-02
 1.53659739E-02
 1.85343933E-02
 6.09349865E-03
 6.23718879E-03
 6.38736233E-03
 6.54933808E-03
 6.71558903E-03
 6.56359110E-03
 6.74066788E-03
 6.91458371E-03
 7.11487649E-03
 7.12254491E-03
 7.33802397E-03
 7.57816440E-03
 7.78700618E-03
 8.03869692E-03
 8.39328449E-03
 4.33792748E-03
 4.41353472E-03
 4.52427399E-03
 4.60933409E-03
 4.75539025E-03
 4.86038052E-03
 4.96732640E-03
 5.22534032E-03
 5.31217215E-03
 1.74609809E-02
 5.28814553E-03
 3.64493595E-03
 3.71578162E-03
 3.79978241E-03
 4.03665377E-03
 3.99045280E-03
 3.72358153E-03
 3.35920710E-03
 3.27461356E-03
 3.77669405E-03
 3.03643067E-03
 2.71789337E-03
 1.11342175E-02
 1.13814625E-02
 1.16447569E-02
 1.19235855E-02
 1.22104154E-02
 7.74698992E-02
 1.16171334E-02
 1.19160588E-02
 1.22268452E-02
 1.25542265E-02
 1.28505767E-02
 1.21929688E-02
 1.25458963E-02
 1.29226729E-02
 1.36213645E-02
 1.28567901E-02
 1.32955123E-02
 1.41423991E-02
 1.36177633E-02
 1.61672656E-02
 4.41741554E-02
 5.77951136E-03
 5.91140885E-03
 6.03866237E-03
 6.16487903E-03
 6.26941719E-03
 6.43135102E-03
 6.57094534E-03
 6.87287568E-03
 7.02434182E-03
 1.55119582E-02
 7.19937666E-03
 4.53390317E-03
 4.63314317E-03
 4.70615250E-03
 5.56423062E-03
 5.04088727E-03
 5.07233057E-03
 2.40917817E-02
 4.96455860E-03
 5.63142567E-02
 7.20439325E-03
 4.15310404E-03
 4.05396288E-03
 5.68488435E-03
 3.93413110E-03
 1.85251171E-02
 6.89061650E-03
 3.55408647E-03
 1.48380997E-02
 3.73207246E-02
 1.00000000E+00
 8.32482649E-03
 8.46942130E-03
 8.62884932E-03
 8.78150037E-03
 8.73670778E-03
 8.91902340E-03
 9.11992713E-03
 9.26178239E-03
 9.49343611E-03
 1.04041617E-02
 9.69970358E-03
 5.46038116E-03
 5.56779462E-03
 5.69884783E-03
 7.28968253E-03
 6.05338941E-03
 6.12885716E-03
 8.78177178E-03
 6.22149637E-03
 1.62130213E-02
 4.84235542E-03
 4.75926426E-03
 6.43409883E-03
 4.86542521E-03
 1.87800134E-02
 8.32435045E-03
 4.26130938E-03
 1.49944682E-01
 6.50539939E-03
 6.62250928E-03
 6.73278788E-03
 6.99896601E-03
 7.12034601E-03
 7.25276859E-03
 5.33708397E-03
 5.34656411E-03
 6.11324325E-03
 5.51935133E-03
 4.89499558E-03
 1.00000000E+00
 1.00000000E+00
 1.00000000E+00
 1.00000000E+00
 1.00000000E+00
 1.00000000E+00
 1.00000000E+00
 1.00000000E+00
 1.00000000E+00
 1.00000000E+00
 1.00000000E+00
 1.00000000E+00
 2.55433433E-06
 1.13160292E-06
 7.00897427E-07
 3.18932938E-07
 7.82308526E-07
 1.26322519E-06
 2.11704267E-07
 1.48716211E-07
 2.02533505E-07
 1.10545713E-06
 1.42147756E-07
 2.49481572E-07
 7.62469415E-07
 4.28091112E-07
 1.66533454E-15
 4.28169237E-07
 1.05928977E-08
 1.43094966E-06
 9.09090909E-02
 7.41089475E-07
 6.25594343E-09
 5.63537690E-08
 6.66133815E-16
 2.30397131E-06
 1.87813485E-06
 2.85118062E-07
 4.80217602E-07
 2.49427399E-06
 9.09090909E-02
 4.86446501E-07
 6.20007560E-03
 6.38426798E-03
 6.58827916E-03
 6.78233998E-03
 6.99898511E-03
 7.22659870E-03
 7.91203278E-03
 6.73077152E-03
 6.94781722E-03
 7.18730941E-03
 7.42852626E-03
 7.69595998E-03
 8.61465422E-02
 7.32783945E-03
 7.59126584E-03
 7.87533852E-03
 8.18387263E-03
 8.30961269E-03
 8.01962833E-03
 8.34987137E-03
 8.71578254E-03
 5.94979223E-03
 8.83822674E-03
 9.26348600E-03
 9.34927977E-03
 9.77157075E-03
 3.93095727E-02
 1.28512806E-02
 4.11214730E-03
 4.20065910E-03
 4.32076390E-03
 4.41915385E-03
 4.52668474E-03
 8.44640036E-02
 4.46756800E-03
 4.57922912E-03
 4.71047490E-03
 4.84122884E-03
 7.15152949E-03
 4.87327928E-03
 5.03325281E-03
 5.19536588E-03
 6.34388453E-03
 5.37161207E-03
 5.54352087E-03
 6.94440695E-03
 5.71475191E-03
 1.11897737E-02
 4.24109667E-02
 3.25754125E-03
 3.30200371E-03
 3.39992599E-03
 3.46784000E-03
 3.57975898E-03
 3.63487782E-03
 3.72326810E-03
 3.89104061E-03
 3.93864887E-03
 5.20624393E-03
 3.72214935E-03
 2.79874305E-03
 2.83155769E-03
 2.89844108E-03
 5.23620633E-03
 3.06388876E-03
 2.99417114E-03
 2.49044267E-03
 2.56214165E-03
 7.56484496E-03
 2.58313992E-03
 2.39476389E-03
 2.19945295E-01
 2.04639927E-03
 3.63801791E-01
 9.64218095E-01
 1.80368907E-03
 1.56158770E-02
 1.62083619E-02
 1.69293970E-02
 1.79030872E-02
 1.90759780E-02
 2.15735904E-02
 9.43164073E-03
 1.01102863E-02
 1.09309147E-02
 1.19119903E-02
 1.30811131E-02
 1.07927717E-01
 1.85231956E-03
 2.75623977E-03
 3.90706125E-03
 5.34604280E-03
 7.43393607E-03
 6.03246343E-03
 4.17829361E-03
 1.39032726E-02
 1.40662096E-02
 1.69405155E-02
 6.12437269E-03
 6.27688061E-03
 6.41992795E-03
 6.58674838E-03
 6.75044373E-03
 6.59744541E-03
 6.78660300E-03
 6.98390891E-03
 7.18406772E-03
 7.16627005E-03
 7.38653500E-03
 7.62432955E-03
 7.84904164E-03
 8.10984087E-03
 8.50196140E-03
 4.32151403E-03
 4.40736447E-03
 4.51648322E-03
 4.62962263E-03
 4.74264204E-03
 4.86383686E-03
 4.97713336E-03
 5.19683853E-03
 5.32793329E-03
 1.70060700E-02
 5.28710023E-03
 3.65528172E-03
 3.69488248E-03
 3.76802510E-03
 4.02953922E-03
 3.99566088E-03
 3.73088124E-03
 3.37476701E-03
 3.24540714E-03
 3.67987262E-03
 2.99281156E-03
 2.63771836E-03
 1.14371770E-02
 1.17037399E-02
 1.20002663E-02
 1.22963029E-02
 1.26144182E-02
 7.77632791E-02
 1.19550658E-02
 1.22781922E-02
 1.26278247E-02
 1.29914218E-02
 1.31901539E-02
 1.25788602E-02
 1.29458775E-02
 1.33686919E-02
 1.40394433E-02
 1.32797859E-02
 1.37546117E-02
 1.45704206E-02
 1.40664895E-02
 1.63707957E-02
 3.40802528E-02
 5.82455278E-03
 5.95702018E-03
 6.10462678E-03
 6.23501231E-03
 6.31467541E-03
 6.49956444E-03
 6.63036934E-03
 6.91109470E-03
 7.07140805E-03
 1.48502813E-02
 7.26591126E-03
 4.56161020E-03
 4.63036507E-03
 4.70916836E-03
 5.58318766E-03
 5.05056150E-03
 5.05884152E-03
 2.37261429E-02
 4.94725121E-03
 5.50284937E-02
 7.17862086E-03
 4.17041276E-03
 4.06369425E-03
 5.68574447E-03
 3.90600560E-03
 1.82587498E-02
 6.79214604E-03
 3.59534835E-03
 1.46208101E-02
 3.62095910E-02
 1.00000000E+00
 8.57184214E-03
 8.71530533E-03
 8.89674232E-03
 9.05951182E-03
 8.99078107E-03
 9.18559057E-03
 9.38607711E-03
 9.53966859E-03
 9.77851563E-03
 1.06123574E-02
 9.99489728E-03
 5.53879188E-03
 5.65263061E-03
 5.76878338E-03
 7.19155541E-03
 6.10704250E-03
 6.19537149E-03
 8.69487720E-03
 6.23660665E-03
 1.58362971E-02
 4.86874257E-03
 4.79543565E-03
 6.39416204E-03
 4.86166831E-03
 1.85156529E-02
 8.09938050E-03
 4.29432477E-03
 1.46103232E-01
 6.67210724E-03
 6.80344788E-03
 6.92682920E-03
 7.15591902E-03
 7.28493339E-03
 7.43292180E-03
 5.38170433E-03
 5.41692300E-03
 6.12209047E-03
 5.57763919E-03
 4.95168200E-03
 1.00000000E+00
 1.00000000E+00
 1.00000000E+00
 1.00000000E+00
 1.00000000E+00
 1.00000000E+00
 1.00000000E+00
 1.00000000E+00
 1.00000000E+00
 1.00000000E+00
 1.00000000E+00
 1.00000000E+00
