 1.42755944E-01
 1.40218998E-01
 1.37359305E-01
 1.33772145E-01
 1.30079471E-01
 1.30655369E-01
 1.25636170E-01
 9.52152611E-02
 1.53494336E-01
 1.52603359E-01
 1.57458147E-01
 1.56467719E-01
 1.55169484E-01
 8.45226078E-02
 8.37673912E-02
 8.26866549E-02
 8.13790333E-02
 1.03447815E-01
 1.89835757E-01
 1.07999487E-01
 8.69747825E-02
 8.63963012E-02
 8.58026180E-02
 8.64391418E-02
 8.64407994E-02
 8.55508705E-02
 3.50895149E-03
 4.27644982E-02
 2.09774434E-01
 3.47001777E-03
 3.26058005E-04
 4.19889614E-04
 4.98335174E-04
 6.10154997E-04
 7.56490616E-04
 1.66769602E-02
 2.12202658E-02
 2.72253354E-02
 1.80641477E-02
 3.16728560E-03
 5.90251872E-04
 6.56708108E-04
 9.52555236E-02
 3.41294919E-04
 6.08235393E-04
 6.35347114E-04
 1.16685572E-03
 5.41014115E-03
 1.01850727E-03
 1.43854289E-03
 2.21103172E-02
 1.00151699E-03
 6.63816245E-03
 1.35997178E-03
 5.20188855E-03
 1.40782202E-03
 1.43522624E-01
 3.07879718E-02
 3.73342892E-04
 5.01465847E-04
 2.08517120E-02
 4.04650418E-03
 1.15029766E-03
 9.44835936E-02
 4.51641134E-04
 4.56421259E-04
 5.11169033E-04
 7.70346606E-04
 4.43153715E-03
 6.88211248E-04
 1.11946338E-03
 2.45241767E-02
 9.22525785E-03
 2.06205177E-02
 1.16600825E-03
 3.83505534E-04
 2.61540150E-02
 1.90377284E-02
 1.48343004E-01
 5.08049078E-03
 7.98592867E-04
 3.45474139E-04
 4.23895121E-04
 3.10958946E-04
 6.30847024E-04
 1.10744961E-03
 3.19303461E-02
 1.31714989E-02
 1.61759824E-03
 9.66157110E-04
 1.53113301E-04
 6.23847456E-03
 8.87926487E-03
 2.16659788E-02
 2.75082127E-03
 2.02453769E-04
 1.23835664E-02
 9.60075870E-03
 5.07448318E-03
 8.30038320E-04
 3.71838350E-05
 8.99926632E-02
 1.74795290E-04
 8.71182745E-02
 9.38273061E-02
 1.01666181E-02
 2.87118106E-03
 3.24682312E-03
 3.71999248E-03
 4.27428769E-03
 4.97070265E-03
 1.11477409E-01
 3.83898334E-03
 7.45311506E-02
 3.71080732E-02
 1.87303949E-02
 2.05767816E-02
 8.03691008E-02
 2.22881413E-02
 7.49609250E-03
 5.48531854E-03
 5.21474077E-03
 3.64498955E-03
 3.99507367E-03
 4.94495542E-03
 4.59422552E-03
 5.97888705E-02
 1.82710986E-02
 1.54928262E-03
 3.86070297E-02
 6.49934449E-03
 2.66351358E-03
 1.27265049E-03
 1.28343750E-03
 9.58956151E-04
 1.30428052E-03
 1.83208249E-03
 1.37811386E-03
 2.12333225E-03
 3.09417012E-02
 3.82333491E-02
 9.59293042E-03
 3.19205529E-02
 1.80867090E-03
 4.55650151E-04
 5.32155305E-04
 7.70001506E-04
 6.42968375E-04
 1.07765852E-03
 1.92406924E-03
 2.21490327E-02
 4.37229579E-03
 2.79728492E-03
 5.76317806E-03
 2.77989133E-04
 5.31633480E-04
 1.58988106E-02
 5.74926296E-03
 4.25711060E-03
 1.54950079E-02
 1.05328356E-03
 1.21568762E-04
 4.75808041E-03
 2.60867278E-04
 1.91345035E-03
 1.76986707E-02
 1.41337259E-02
 5.55564228E-03
 5.57904406E-03
 6.81239946E-03
 1.03756426E-01
 4.63847457E-03
 5.64115782E-03
 7.22362552E-03
 9.24892770E-03
 6.34334251E-02
 6.62299427E-03
 8.70950067E-03
 1.00774846E-01
 8.08599223E-02
 1.42940585E-01
 3.48550476E-02
 1.50128529E-02
 8.52098601E-03
 3.60701730E-02
 7.51785243E-02
 1.20739090E-03
 1.41598900E-03
 1.86473598E-03
 2.58388746E-03
 1.84727006E-03
 2.77554832E-03
 4.49154463E-02
 3.69769489E-02
 4.65704710E-03
 3.85102177E-02
 1.00205592E-02
 7.13195431E-04
 1.16370024E-03
 2.26827102E-02
 5.55945895E-03
 2.70209026E-02
 1.22414192E-02
 9.26710127E-02
 2.84317256E-02
 9.52511423E-03
 1.32148904E-03
 9.95533701E-04
 6.28176403E-04
 1.10548780E-05
 7.29538058E-05
 3.07613294E-02
 5.24339698E-03
 1.71234676E-03
 4.81626537E-03
 4.04395351E-03
 1.00000000E+00
 7.39281369E-03
 1.49752595E-01
 1.04268410E-01
 8.30652494E-03
 1.00586807E-01
 7.76564425E-03
 6.44837455E-03
 4.69654377E-03
 7.39126761E-03
 6.71704967E-02
 9.68345055E-02
 3.47949197E-02
 3.85148056E-02
 3.35655804E-03
 2.42062778E-02
 2.11128171E-02
 2.58177462E-02
 2.03678611E-03
 1.53245628E-02
 3.30374520E-02
 6.68825282E-03
 1.67196681E-03
 3.31306298E-04
 1.05424135E-04
 2.17177677E-02
 5.60036152E-04
 1.80691433E-04
 2.77245573E-02
 4.64494881E-03
 6.08110225E-03
 8.17878922E-03
 6.00365821E-03
 1.27125174E-01
 7.53303899E-03
 4.31999934E-03
 9.28976803E-03
 5.95062136E-02
 4.02060287E-02
 4.09819901E-04
 1.00000000E+00
 1.00000000E+00
 1.00000000E+00
 1.00000000E+00
 1.00000000E+00
 1.00000000E+00
 1.00000000E+00
 1.00000000E+00
 1.00000000E+00
 1.00000000E+00
 1.00000000E+00
 1.00000000E+00
 1.89921652E-01
 1.70825273E-01
 1.43991167E-01
 1.10078247E+01
 1.08984070E+01
 1.07662328E+01
 1.06597715E+01
 1.87511926E-01
 1.89793470E-01
 1.98865943E-01
 1.98694292E-01
 1.97161719E-01
 1.93582860E-01
 9.94361822E-02
 1.01004683E-01
 1.43888156E-01
 1.48378447E-01
 1.49827619E-01
 2.33064229E-01
 1.05338580E-01
 1.17593410E-01
 8.64340000E-02
 8.53792886E-02
 8.59870102E-02
 8.50889567E-02
 8.44595463E-02
 8.40748862E-02
 9.20945378E-02
 2.07677873E-01
 2.83391335E-03
 4.30609378E-05
 4.20684367E-04
 5.07868817E-04
 6.34143788E-04
 2.34657176E-02
 1.85955952E-02
 1.27174498E-02
 3.64886552E-02
 5.82402117E-03
 3.01556323E-03
 6.32974597E-04
 6.48135546E-04
 9.54827319E-02
 5.43174257E-04
 5.87719172E-04
 9.62771285E-04
 1.27704935E-03
 5.31247257E-03
 1.12125300E-03
 1.93064111E-02
 6.37727859E-03
 1.20909717E-02
 4.84513606E-03
 1.21732516E-03
 4.06012909E-03
 1.49799202E-03
 1.43423578E-01
 9.68439352E-02
 4.40151400E-04
 3.27122848E-02
 6.92723536E-03
 2.09407352E-03
 4.38777995E-04
 9.47109466E-02
 3.01521935E-04
 3.93599067E-04
 6.42311018E-04
 8.72395960E-04
 4.44778857E-03
 7.65391665E-04
 1.25951519E-03
 1.54984132E-02
 3.81883877E-03
 5.99560757E-03
 1.16153641E-03
 1.47969136E-04
 3.19807729E-02
 4.28309339E-02
 1.18656337E-01
 2.09045433E-03
 2.95686573E-04
 2.51976019E-04
 3.80179093E-04
 3.78089377E-04
 7.31980304E-04
 1.30078382E-03
 2.10521713E-02
 9.66726418E-03
 8.16692303E-03
 4.15643211E-03
 1.72519575E-04
 6.12555533E-03
 1.29628722E-02
 1.87501510E-02
 4.18222853E-03
 2.21448077E-03
 5.18988729E-03
 2.49363109E-02
 7.44153670E-03
 3.14104317E-05
 2.35893064E-05
 8.96643607E-02
 2.66762438E-04
 1.07173547E-01
 9.40675485E-02
 1.73138476E-03
 8.64432997E-03
 9.74693641E-03
 9.15980041E-03
 8.45590513E-03
 7.60889713E-03
 1.30459811E-01
 5.13720478E-03
 9.60651220E-02
 3.06882379E-02
 1.80608122E-02
 1.95152408E-02
 8.05440452E-02
 1.84037888E-02
 7.23183690E-03
 5.29596477E-03
 5.04776330E-03
 3.88071382E-03
 4.76433397E-03
 5.24262471E-03
 3.79784748E-02
 2.23673909E-02
 1.17004425E-02
 6.13815193E-02
 1.91124406E-02
 5.67916849E-03
 1.15218886E-03
 1.23564506E-03
 8.72758400E-04
 1.06015270E-03
 1.52067877E-03
 2.11636588E-03
 1.58549304E-03
 2.40507338E-03
 4.83839030E-02
 2.07448996E-02
 2.82383033E-03
 1.84571430E-03
 6.33024877E-04
 4.36368170E-04
 6.08944273E-04
 8.87236158E-04
 7.65544800E-04
 1.26699925E-03
 1.72499290E-02
 3.11405337E-02
 1.12389361E-02
 2.90939798E-02
 7.86804900E-03
 3.43930483E-04
 6.22107337E-04
 1.92441057E-02
 2.28276235E-02
 8.88915318E-03
 1.49226675E-02
 1.16464552E-04
 1.26234454E-04
 4.26811719E-03
 1.28625306E-04
 9.97236837E-04
 1.28126331E-02
 8.20426493E-03
 5.96307258E-03
 6.06164514E-03
 7.47486735E-03
 1.05284770E-01
 5.14069154E-03
 6.28682743E-03
 7.98217748E-03
 5.62482656E-02
 6.39091110E-02
 7.46241477E-03
 8.58031118E-02
 7.28868318E-02
 3.02520394E-02
 7.65104947E-02
 1.72327317E-02
 1.39539819E-03
 8.54428673E-03
 6.30734308E-03
 2.94378843E-02
 1.40657146E-03
 1.66740699E-03
 2.19940133E-03
 3.00420229E-03
 2.15533230E-03
 3.31773763E-02
 3.44344028E-02
 1.95722461E-02
 4.24291072E-03
 3.82653128E-02
 3.52211702E-02
 8.61055654E-04
 1.37679798E-03
 3.08487851E-02
 2.79594404E-02
 5.39399405E-03
 1.00457051E-02
 1.82555399E-02
 1.91525350E-02
 1.57017126E-02
 7.31482419E-03
 3.40925652E-03
 8.52966228E-04
 1.91526672E-04
 9.69470031E-05
 1.54033181E-02
 1.87924025E-02
 4.67813647E-05
 4.39409560E-03
 4.41480838E-03
 1.00000000E+00
 1.35348996E-01
 9.91571741E-02
 1.42623073E-02
 5.73171293E-03
 2.25236509E-02
 5.21752341E-03
 7.50376450E-03
 5.67726116E-03
 8.74012821E-03
 2.13852649E-01
 1.31508169E-01
 3.81213022E-02
 8.29454180E-03
 1.76800534E-03
 1.66356398E-02
 1.93047348E-02
 2.14689394E-02
 7.61237681E-03
 3.22124111E-03
 2.73481221E-02
 2.94100316E-03
 2.83905841E-03
 1.43107816E-04
 1.28376716E-02
 1.31922648E-02
 1.75914395E-02
 2.03135552E-04
 2.73119184E-02
 5.70200801E-03
 7.41506232E-03
 7.15044527E-02
 7.45262944E-03
 4.84168126E-02
 5.54890249E-02
 6.70788380E-03
 1.25025872E-02
 1.84678420E-02
 1.56342980E-02
 6.10583768E-04
 1.00000000E+00
 1.00000000E+00
 1.00000000E+00
 1.00000000E+00
 1.00000000E+00
 1.00000000E+00
 1.00000000E+00
 1.00000000E+00
 1.00000000E+00
 1.00000000E+00
 1.00000000E+00
 1.00000000E+00
 1.05870219E+01
 1.02856335E+01
 9.71941986E+00
 2.59789042E+00
 2.72838661E+00
 1.52338488E+00
 5.34819394E-04
 1.24451062E-01
 1.32761598E-01
 1.27193212E-01
 1.83523481E-01
 1.02905785E+01
 1.03030073E+01
 1.55252829E-01
 1.53963038E-01
 1.52365110E-01
 1.50383396E-01
 1.48252263E-01
 2.26330016E-01
 1.16270921E-01
 1.20626381E-01
 1.73378426E-01
 1.58236532E-01
 8.49325328E-02
 8.41593608E-02
 8.34009671E-02
 8.32415404E-02
 9.25530882E-02
 2.04707195E-01
 8.39039215E-02
 3.71247489E-04
 4.49994731E-04
 5.53898251E-04
 7.62361282E-04
 4.78708807E-02
 1.74480740E-02
 2.32426598E-03
 2.13497998E-02
 3.24084947E-03
 1.21378403E-03
 3.93415225E-04
 6.83718595E-04
 9.53997138E-02
 5.67958053E-04
 7.73828379E-04
 9.75373262E-04
 1.37439877E-03
 4.05344124E-02
 1.23847284E-03
 2.08458923E-02
 3.92298028E-03
 1.75833862E-02
 1.27518080E-03
 1.24334460E-03
 2.36140650E-03
 1.59312595E-03
 1.43319094E-01
 1.61958869E-02
 4.82921372E-04
 2.33166763E-02
 3.41958728E-03
 6.59763189E-04
 4.37328596E-04
 9.49884562E-02
 3.29532437E-04
 4.36681233E-04
 6.69953816E-04
 9.75149684E-04
 4.41783919E-03
 8.80824612E-04
 1.93733916E-02
 6.99022462E-03
 4.86179894E-03
 1.54037053E-03
 1.23098430E-03
 7.77122964E-03
 3.58031600E-02
 6.28452610E-02
 1.08039009E-01
 3.08260308E-04
 2.67474083E-04
 2.96552409E-04
 5.20044484E-04
 4.79204071E-04
 8.46820056E-04
 1.49049776E-02
 8.99043503E-03
 1.36948788E-02
 2.05087309E-02
 6.54836040E-03
 3.13838170E-04
 5.01972772E-04
 1.50772800E-02
 2.43670412E-03
 1.67097521E-02
 5.25288230E-03
 3.39577604E-03
 9.00831747E-03
 4.93894943E-03
 2.68501533E-04
 5.02869623E-05
 8.91090059E-02
 4.78086235E-05
 9.93656512E-02
 8.91976010E-02
 1.44574233E-04
 1.04279590E-02
 1.09602153E-02
 1.06424053E-02
 1.10737081E-02
 1.00651852E-02
 1.38209073E-01
 1.95519968E-03
 1.04910743E-01
 2.68642470E-02
 1.45955534E-02
 1.55546428E-02
 8.43488510E-02
 1.66606421E-02
 6.77091155E-03
 7.27676552E-03
 4.76717059E-03
 4.94958024E-03
 4.90220308E-03
 4.06773510E-02
 5.71443369E-02
 1.98036991E-02
 1.15152289E-02
 2.56279961E-02
 6.67877945E-03
 2.30310995E-03
 1.28411578E-03
 1.23099040E-03
 9.02512735E-04
 1.18291546E-03
 1.64909089E-03
 2.32464927E-03
 1.80510082E-03
 2.37128214E-02
 1.89126785E-02
 1.33420366E-02
 2.09578932E-03
 2.07243431E-03
 3.77326238E-04
 7.67618482E-04
 7.12059748E-04
 1.04946040E-03
 8.19321432E-04
 1.47091120E-03
 3.42345323E-02
 1.16395868E-02
 2.32663584E-03
 3.06782806E-02
 1.84166673E-02
 3.78868888E-04
 7.15261878E-04
 1.67613413E-02
 7.43818258E-03
 8.55926936E-03
 7.12211155E-03
 4.62023909E-04
 1.62783594E-04
 4.25579712E-03
 1.42071971E-04
 9.29727770E-05
 1.32037080E-02
 7.11950741E-03
 6.38724948E-03
 6.58276883E-03
 8.12847026E-03
 1.06916977E-01
 5.66668570E-03
 6.97524946E-03
 8.76772308E-03
 1.25401056E-01
 7.43790954E-02
 8.29777175E-03
 1.41383326E-01
 4.54382673E-02
 2.07189495E-02
 3.33547764E-02
 1.48130474E-02
 3.49016811E-03
 4.85784739E-03
 2.42275001E-03
 2.69648504E-01
 1.51876262E-03
 1.90755734E-03
 2.52530596E-03
 3.57669986E-02
 2.51917213E-03
 6.74388305E-02
 1.44939738E-02
 1.16607939E-02
 2.97318574E-03
 4.05315474E-02
 4.08755646E-02
 1.04323616E-03
 1.56366637E-02
 1.94103802E-02
 7.55671441E-03
 8.66297565E-03
 3.85263671E-02
 1.49771046E-02
 6.64667489E-03
 2.47784749E-02
 6.92355187E-02
 4.87914319E-03
 1.18190643E-03
 5.66395672E-03
 1.30325901E-04
 2.34931017E-03
 1.14219100E-02
 6.05070767E-05
 4.58814727E-03
 4.60665726E-03
 1.00000000E+00
 9.48805026E-02
 5.27971774E-02
 6.35914972E-03
 7.06823502E-03
 4.92906835E-03
 6.36503195E-03
 8.81464691E-03
 6.81639313E-03
 1.02089743E-02
 2.51587393E-02
 1.63783280E-01
 2.22818150E-02
 2.64638135E-03
 2.09675927E-03
 1.62546140E-02
 1.77916021E-03
 4.85189613E-02
 2.95504428E-02
 5.08176232E-03
 1.43645668E-02
 2.43048788E-03
 4.23425655E-03
 1.31538577E-03
 2.65274285E-02
 7.42629896E-03
 2.43553638E-02
 2.10170347E-04
 1.91604397E-02
 7.01136367E-03
 5.06644522E-04
 1.10913645E-01
 8.55922472E-02
 5.40118475E-02
 3.93890421E-02
 8.71689808E-03
 1.60920093E-02
 2.37669375E-02
 1.30962177E-02
 7.53800254E-04
 1.00000000E+00
 1.00000000E+00
 1.00000000E+00
 1.00000000E+00
 1.00000000E+00
 1.00000000E+00
 1.00000000E+00
 1.00000000E+00
 1.00000000E+00
 1.00000000E+00
 1.00000000E+00
 1.00000000E+00
 3.12928724E-04
 2.54214515E-04
 8.64164416E-04
 1.42631461E-03
 4.09380893E-04
 6.57370512E-04
 3.38688926E-04
 1.05864560E+01
 9.47770213E+00
 9.14451961E+00
 9.17289587E+00
 3.00875490E+00
 1.67405885E+00
 1.86962542E-01
 1.81739505E-01
 1.72781360E-01
 1.58597397E-01
 9.84374833E+00
 8.73274711E+00
 1.48760445E-01
 1.65051104E-01
 1.66255494E-01
 1.66691834E-01
 8.42820454E-02
 1.04070745E-01
 1.40575541E-01
 8.18456095E-02
 9.03938752E-02
 2.31064882E-01
 8.43159348E-02
 5.40382234E-04
 4.62299103E-04
 5.79709150E-04
 1.86904827E-02
 1.96208499E-02
 9.13508572E-03
 3.13144675E-03
 1.55102796E-02
 3.54661110E-03
 5.70099476E-04
 7.03595329E-04
 7.53893703E-04
 9.54957607E-02
 6.39098489E-04
 6.49052556E-04
 1.08910044E-03
 1.50506539E-02
 4.55975621E-02
 1.25195773E-02
 8.47881833E-03
 3.82743561E-03
 1.76158986E-02
 1.13535425E-03
 1.29320621E-03
 4.12377842E-03
 1.70133669E-03
 1.43702331E-01
 1.74863341E-02
 3.61777209E-02
 5.03617116E-03
 1.61230406E-03
 4.41845822E-04
 4.21538577E-04
 9.48284942E-02
 3.60359159E-04
 4.93566448E-04
 7.53400476E-04
 1.11967291E-03
 4.39260799E-03
 1.00829537E-03
 2.18457453E-02
 3.07901085E-03
 5.85570552E-03
 8.65380058E-04
 1.37793619E-03
 3.80336016E-03
 1.63692507E-03
 2.30750450E-02
 1.28943160E-01
 4.18600114E-04
 2.14972515E-04
 3.33171538E-04
 5.35999096E-04
 5.70281801E-04
 1.11474520E-03
 2.14571049E-02
 5.56125258E-03
 1.43487146E-02
 4.22406050E-02
 8.81498436E-03
 2.17093748E-04
 9.02355677E-04
 1.79092679E-02
 1.93760029E-02
 1.76373916E-02
 2.25471646E-03
 6.05900596E-04
 8.74254675E-04
 4.96643345E-03
 1.65378325E-04
 2.91132397E-04
 8.88035532E-02
 1.21191408E-04
 9.48516018E-02
 8.87793137E-02
 2.84704955E-04
 1.03029505E-03
 3.30348206E-03
 1.04195890E-03
 9.49956554E-04
 7.32327595E-02
 1.41023232E-01
 9.87669798E-02
 3.02646706E-02
 1.09757907E-02
 1.58724956E-03
 8.33640666E-04
 9.95266405E-02
 1.58306219E-02
 1.51217645E-02
 8.48250314E-03
 2.71119616E-03
 4.73979005E-03
 5.91735394E-03
 6.03939268E-02
 2.41020370E-02
 1.46509543E-02
 4.73748779E-03
 1.18976697E-02
 5.62279500E-03
 1.15620246E-03
 1.15778759E-03
 1.37099162E-03
 1.05021238E-03
 1.32909467E-03
 1.85099802E-03
 2.60961214E-03
 2.05289228E-03
 4.34117437E-02
 1.03917114E-02
 2.96192291E-03
 2.14674681E-03
 2.39498388E-03
 4.11874761E-04
 6.50369756E-04
 6.68368398E-04
 1.18670760E-03
 1.02583446E-03
 1.70452600E-03
 1.75582565E-02
 9.19439415E-03
 1.88136777E-03
 3.15287138E-02
 3.27806024E-02
 4.80238013E-04
 9.41643795E-04
 1.81924865E-02
 6.53683579E-03
 1.41773937E-03
 7.71567179E-04
 2.42149011E-03
 3.48160813E-04
 1.43613764E-03
 1.97494886E-04
 3.51822976E-04
 1.35080041E-02
 7.43450261E-03
 6.78013854E-03
 7.09246438E-03
 8.73706390E-03
 1.08576738E-01
 6.15483069E-03
 7.60662138E-03
 9.51459873E-03
 1.50036034E-01
 1.40935302E-02
 9.65349764E-02
 8.06819115E-02
 3.02021084E-02
 5.55903703E-02
 2.18963604E-02
 1.05848180E-02
 2.90557735E-02
 5.34019294E-03
 2.25627526E-03
 3.79643472E-01
 1.71903183E-03
 2.17519918E-03
 2.83831402E-03
 7.26258550E-02
 2.91530459E-02
 3.50423560E-02
 8.67239530E-03
 3.98512688E-03
 3.31869792E-03
 4.29783690E-02
 7.33078098E-02
 1.19842103E-03
 3.17737008E-02
 8.71621600E-03
 1.80132812E-02
 1.41668173E-02
 2.84385612E-02
 1.09011492E-02
 3.84618200E-03
 7.80333691E-02
 1.19671842E-02
 6.08643963E-03
 1.66220551E-03
 1.54018661E-03
 7.55185217E-03
 1.06854869E-03
 1.21830090E-03
 8.01849167E-05
 4.57324123E-03
 5.49636149E-03
 1.00000000E+00
 1.09140631E-01
 1.04761787E-02
 6.38785390E-03
 8.13556622E-03
 5.66381012E-03
 7.49614858E-03
 1.02799033E-02
 8.07065135E-03
 9.00817768E-02
 6.21067720E-02
 1.40379595E-02
 5.78897458E-03
 1.75753745E-03
 2.48511066E-03
 1.59388863E-02
 2.17127866E-03
 5.57882824E-02
 5.23991685E-02
 2.53954002E-02
 2.95611674E-02
 3.57337927E-03
 5.53604706E-03
 3.86329967E-02
 1.34918940E-02
 9.54677345E-03
 7.64658232E-03
 2.77892617E-04
 1.88997986E-02
 8.44277028E-03
 1.00035159E-01
 4.03900633E-02
 1.03773130E-01
 7.17689535E-03
 1.68505509E-01
 4.57944220E-02
 5.87306314E-02
 3.75231345E-02
 3.78144013E-03
 9.14154811E-04
 1.00000000E+00
 1.00000000E+00
 1.00000000E+00
 1.00000000E+00
 1.00000000E+00
 1.00000000E+00
 1.00000000E+00
 1.00000000E+00
 1.00000000E+00
 1.00000000E+00
 1.00000000E+00
 1.00000000E+00
 2.48714508E-04
 3.05545675E-04
 7.50670755E-04
 4.85794532E-04
 3.91209557E-04
 1.55849854E-03
 5.95727683E-04
 3.68817585E-04
 4.43351042E-04
 9.35503997E-04
 1.41941207E-03
 1.80306409E-04
 1.68642866E-03
 1.02915295E+01
 1.01085947E+01
 8.46572413E+00
 8.45853352E+00
 3.21939613E+00
 2.80528242E+00
 1.47032964E-01
 1.44259664E-01
 1.41165105E-01
 1.68754235E-01
 1.56779840E-01
 1.55714248E-01
 1.54532883E-01
 9.98414680E-02
 1.32599536E-01
 2.61983262E-01
 8.41308909E-02
 3.68530699E-04
 4.66890316E-04
 5.92741047E-04
 5.10593649E-02
 2.01865794E-02
 2.39038287E-03
 2.01785931E-03
 4.47929877E-03
 3.18501920E-03
 6.34229461E-04
 6.74478041E-04
 8.26973108E-04
 9.56309744E-02
 7.21517697E-04
 8.82811986E-04
 1.18824671E-03
 2.67245997E-02
 2.72499262E-02
 2.48590840E-02
 4.69058622E-03
 1.51475269E-03
 1.99895435E-02
 1.12526883E-03
 1.62288010E-03
 4.00700566E-03
 1.88179276E-03
 1.44267980E-01
 5.72355016E-02
 1.78855222E-02
 3.48817558E-03
 4.27703104E-04
 3.75593625E-04
 4.23309558E-04
 9.51225920E-02
 4.13619903E-04
 5.74009984E-04
 8.60858124E-04
 1.24307171E-03
 2.74574653E-02
 1.08017606E-02
 1.03703051E-02
 1.46091131E-03
 5.48272074E-04
 9.46125138E-04
 1.53058385E-03
 2.51574394E-03
 1.88062877E-03
 1.20205062E-02
 1.20650293E-01
 1.48980639E-04
 2.69166087E-04
 3.75641860E-04
 6.69693159E-04
 6.29342597E-04
 8.38536412E-03
 8.53908389E-03
 1.38668172E-03
 1.41064582E-03
 2.93928736E-02
 2.16929537E-02
 3.06067225E-04
 5.58169238E-04
 1.44720493E-02
 2.17639756E-02
 9.35820970E-03
 1.03009422E-03
 4.32684268E-03
 5.01457267E-05
 4.84139922E-03
 2.93273718E-04
 1.38152010E-04
 8.75719372E-02
 2.38865572E-04
 9.16410364E-02
 8.91019480E-02
 2.23609346E-04
 1.07325992E-02
 9.68090199E-03
 8.60792928E-03
 7.56312696E-03
 7.26687809E-02
 1.38547803E-01
 1.00515388E-01
 9.14984508E-03
 8.66841641E-03
 4.21448902E-03
 3.00629036E-03
 1.02686364E-01
 2.81681512E-03
 1.92900909E-04
 7.00203736E-03
 6.90649034E-03
 4.45568625E-03
 5.85774398E-03
 6.44244076E-02
 1.69135752E-02
 1.31731390E-02
 4.17442151E-03
 7.07121400E-03
 1.79453353E-03
 1.27340302E-03
 1.18904976E-03
 1.50624752E-03
 1.11486025E-03
 1.68674892E-03
 2.08929649E-03
 1.53257873E-02
 2.32735670E-03
 2.57875085E-02
 5.95195625E-03
 2.54629474E-03
 2.39633733E-03
 2.65756201E-03
 4.67356774E-04
 6.59074957E-04
 9.39273069E-04
 1.38909479E-03
 1.17253118E-03
 3.05641166E-02
 8.78147114E-03
 2.15851311E-03
 1.99681128E-03
 3.25431599E-02
 6.93443193E-02
 5.66779751E-04
 1.04109666E-03
 2.28173324E-02
 9.70058815E-03
 9.57982009E-03
 4.01336413E-04
 3.23551241E-03
 5.19682502E-04
 4.66542295E-03
 2.69963181E-04
 2.92378852E-04
 1.34270622E-02
 7.64783584E-03
 7.12044111E-03
 7.56344661E-03
 9.29892140E-03
 1.10313880E-01
 6.51489573E-03
 8.11955817E-03
 1.10488943E-01
 9.21147907E-02
 2.99442132E-02
 1.18404892E-01
 7.69585042E-02
 2.34801706E-02
 2.79071942E-02
 1.39231578E-02
 1.03387212E-02
 1.74927653E-02
 6.13105061E-03
 2.01776548E-03
 1.49835063E-01
 2.00458782E-03
 2.47186383E-03
 4.34638224E-02
 3.43397263E-02
 5.95792646E-02
 1.44183717E-02
 3.51387673E-03
 2.27214480E-03
 3.87351395E-03
 4.54016803E-02
 8.80759656E-02
 1.41175131E-03
 2.00841338E-02
 6.01734335E-03
 9.24334744E-03
 2.24892782E-03
 2.50096589E-02
 5.16327096E-02
 7.61338974E-03
 9.04645895E-02
 9.74364275E-03
 2.65439419E-03
 2.76265342E-03
 6.79238139E-03
 1.99883465E-02
 3.38853149E-03
 1.23746305E-02
 2.64016457E-04
 4.50250416E-03
 6.03328029E-03
 1.00000000E+00
 2.52635100E-02
 6.09603643E-03
 7.33395252E-03
 9.42927063E-03
 6.58665153E-03
 8.73726112E-03
 1.18558733E-02
 9.48501609E-03
 1.47436024E-01
 5.98451629E-02
 4.94989862E-02
 2.03870677E-03
 1.85222172E-03
 2.98543370E-03
 2.45818169E-02
 2.62037749E-03
 5.04866050E-02
 1.72966133E-02
 3.00405479E-02
 2.87962584E-03
 1.74694945E-04
 6.89699182E-03
 1.21764818E-02
 1.02026160E-02
 3.10214560E-03
 4.28803636E-03
 1.84280334E-04
 1.89259168E-02
 7.12933640E-03
 1.12777258E-01
 1.16594050E-02
 2.70307201E-02
 7.20034611E-03
 3.13431591E-01
 5.10500125E-02
 6.79135654E-02
 2.07120212E-02
 2.24150306E-03
 2.21740843E-02
 1.00000000E+00
 1.00000000E+00
 1.00000000E+00
 1.00000000E+00
 1.00000000E+00
 1.00000000E+00
 1.00000000E+00
 1.00000000E+00
 1.00000000E+00
 1.00000000E+00
 1.00000000E+00
 1.00000000E+00
 2.46513697E-04
 4.16176185E-03
 3.87386024E-03
 6.95323451E-04
 3.52111156E-04
 4.10570695E-04
 4.51549199E-04
 3.65187762E-04
 2.93617288E-03
 1.53097540E-03
 5.10965901E-04
 1.20440468E-03
 1.42642700E-03
 3.91019135E+00
 1.41832606E-03
 5.71397872E-04
 1.14904958E-03
 9.60053728E-04
 9.94605627E-02
 9.75517833E+00
 9.55023624E+00
 8.37653227E+00
 3.85328149E+00
 1.66712618E-01
 1.61532469E-01
 1.81852346E-01
 1.51542221E-01
 1.49658637E-01
 2.59196597E-01
 1.03457674E-01
 3.79011823E-04
 4.71654043E-04
 6.07100605E-04
 2.04310059E-02
 1.80169665E-02
 2.60247459E-03
 2.52662491E-03
 4.04862818E-03
 2.53438470E-03
 7.12087408E-04
 7.23679039E-04
 8.56326629E-04
 9.62285448E-02
 7.12644303E-04
 9.63339884E-04
 1.30066442E-03
 1.74268560E-02
 3.12652238E-02
 1.57789363E-02
 3.82160473E-03
 1.22986880E-03
 2.21399975E-02
 1.19633173E-03
 1.54372656E-03
 3.32668331E-03
 1.56006456E-02
 9.87819999E-02
 2.80157546E-02
 3.74288137E-03
 1.80957278E-03
 4.10423919E-04
 4.40843483E-04
 6.23046426E-04
 9.54213700E-02
 3.96980725E-04
 4.00316573E-04
 9.48490284E-04
 2.20275436E-02
 3.41184060E-02
 2.45365525E-02
 4.79135744E-03
 9.87424939E-04
 3.30181739E-03
 1.06903237E-03
 1.67893247E-03
 2.46894307E-03
 2.14773503E-03
 4.61177402E-03
 1.17905734E-01
 1.76861985E-04
 2.49933155E-04
 3.72151296E-04
 7.43446249E-04
 6.93335055E-04
 2.26505152E-02
 5.11303989E-03
 7.83728153E-04
 1.62668584E-03
 4.06559192E-02
 3.99868352E-02
 3.85502300E-04
 8.19107413E-04
 1.68955071E-02
 2.78348157E-02
 1.11708740E-02
 5.60255285E-03
 4.04643822E-03
 1.91798158E-04
 5.46741299E-03
 1.56295887E-03
 3.27907145E-04
 7.68984397E-02
 2.86645789E-03
 8.85298978E-02
 8.97150454E-02
 5.03892243E-05
 7.95021962E-02
 7.75887496E-02
 7.52853010E-02
 7.25356811E-02
 1.35909284E-01
 2.02867238E-01
 1.08033755E-01
 1.33712404E-02
 1.23070971E-02
 4.62372814E-04
 2.49264487E-03
 1.05041156E-01
 5.06160630E-03
 3.00742527E-03
 6.58786711E-04
 1.64551818E-03
 4.91607715E-03
 5.45114713E-02
 1.18243271E-02
 1.72002533E-02
 1.32940560E-02
 4.28406537E-03
 5.86999571E-03
 1.20084161E-03
 1.11131917E-03
 1.25675305E-03
 1.67626067E-03
 1.22957766E-03
 1.69664903E-03
 2.31595228E-03
 5.33682206E-02
 4.12376878E-02
 1.28876518E-02
 2.34282364E-03
 1.83523417E-03
 2.68713174E-03
 3.04293776E-03
 5.63707327E-04
 7.34468683E-04
 1.07538823E-03
 1.50062030E-03
 1.36305429E-03
 2.92223058E-02
 4.50227030E-03
 1.67245836E-03
 2.31694229E-03
 3.33991907E-02
 6.19574771E-02
 6.72651266E-04
 1.64084080E-02
 8.36734288E-03
 1.55759602E-02
 1.19250077E-02
 2.92428830E-03
 4.11875350E-03
 8.77029693E-04
 3.07902802E-04
 1.45444864E-02
 2.38425062E-04
 1.33705806E-02
 1.57830211E-02
 7.24729201E-03
 7.89065783E-03
 2.85330445E-02
 1.76041403E-02
 7.01661904E-03
 8.73015214E-03
 1.38346414E-01
 8.08430773E-02
 2.47481828E-02
 9.19587819E-02
 3.90979060E-02
 1.43534910E-02
 2.01889537E-03
 1.50800028E-02
 1.12649292E-02
 7.79169994E-03
 6.95878764E-03
 1.65363655E-03
 1.31508508E-01
 2.20089702E-03
 2.77863691E-03
 7.48870307E-02
 2.87450667E-02
 3.65561083E-02
 1.14388139E-02
 3.58232045E-03
 2.45773437E-03
 4.47811742E-03
 4.81438446E-02
 1.00063449E-01
 3.15032620E-02
 1.01547846E-02
 1.82673960E-03
 1.70049819E-03
 1.42318209E-03
 3.03125858E-02
 8.32375902E-02
 1.30800232E-02
 8.64712471E-02
 1.72164829E-02
 3.44268210E-03
 3.39961858E-03
 5.00002552E-03
 1.03432718E-02
 9.88134225E-04
 1.17629077E-02
 1.19967727E-04
 4.70977868E-03
 4.57717848E-03
 1.00000000E+00
 1.19077283E-02
 6.66944325E-03
 8.29167889E-03
 1.07240627E-02
 7.62132590E-03
 1.00769225E-02
 1.04580923E-01
 8.69109459E-02
 1.02113079E-01
 1.74117295E-02
 3.46073129E-02
 1.54971279E-03
 2.23406194E-03
 3.51609314E-03
 4.54252590E-02
 3.15582824E-03
 6.46349950E-02
 5.25349717E-02
 3.90587419E-02
 5.21233760E-03
 2.37652804E-02
 9.50898060E-03
 1.25703804E-02
 3.68035104E-03
 6.70546693E-03
 5.07859010E-03
 4.21678979E-04
 1.90805466E-02
 1.22217834E-01
 2.48340286E-02
 7.11380189E-03
 6.38202014E-03
 8.77003312E-03
 1.35743464E-01
 3.31942399E-02
 9.80831881E-03
 8.13159236E-03
 7.15172765E-04
 9.44906259E-03
 1.00000000E+00
 1.00000000E+00
 1.00000000E+00
 1.00000000E+00
 1.00000000E+00
 1.00000000E+00
 1.00000000E+00
 1.00000000E+00
 1.00000000E+00
 1.00000000E+00
 1.00000000E+00
 1.00000000E+00
 2.58916246E-04
 2.31965570E-04
 2.97248886E-04
 3.92949554E-04
 8.23749592E-05
 4.02008988E-04
 4.46187586E-04
 3.96096355E-04
 1.89090768E-03
 1.41588791E-04
 5.35189664E-04
 7.69334463E-04
 1.29718091E-03
 5.99544864E-04
 7.44413054E-04
 8.87492385E-04
 9.16566092E-04
 2.49274374E-04
 9.93933330E-02
 3.85588892E+00
 1.08446058E-03
 9.57614817E-04
 1.33172391E-03
 9.33728122E+00
 9.08174581E+00
 6.09592518E+00
 1.50763440E-01
 1.61641756E-01
 7.11780624E+00
 1.69317693E-01
 3.62415927E-04
 4.70532690E-04
 3.97611758E-02
 2.23193166E-02
 1.44717459E-02
 2.71397007E-03
 3.43102014E-02
 3.86976607E-03
 1.65851908E-03
 6.48104698E-04
 7.71695189E-04
 9.16977293E-04
 9.64485684E-02
 7.67099942E-04
 1.01443975E-03
 2.14515369E-02
 1.16954025E-02
 1.10955644E-03
 7.99876445E-03
 3.10414256E-03
 1.19886391E-03
 2.93611244E-02
 1.31656801E-03
 1.67529820E-03
 3.30106390E-03
 2.26502228E-02
 1.21281458E-01
 7.89772431E-03
 3.82731174E-03
 3.71835009E-04
 3.48130504E-04
 6.66531405E-04
 5.14270914E-04
 9.63269200E-02
 4.98176515E-04
 7.29336106E-04
 1.08206267E-03
 2.10371748E-02
 1.11793886E-03
 1.43064197E-02
 1.63687353E-03
 1.04913152E-03
 9.44768851E-04
 1.24229488E-03
 1.80121678E-03
 1.70251265E-04
 3.24686150E-02
 4.98084844E-02
 8.81391247E-02
 2.89627740E-05
 2.37920392E-04
 5.27473727E-04
 8.44364254E-04
 8.73452350E-04
 1.10909706E-02
 3.42954585E-03
 8.86064244E-04
 1.89557583E-03
 2.57909178E-04
 7.19474785E-02
 3.28433215E-04
 1.13633979E-02
 7.65930033E-03
 2.70613324E-02
 6.90782268E-03
 1.12336735E-02
 3.41700399E-03
 6.97013618E-05
 6.52034034E-03
 9.11937346E-04
 1.99472507E-04
 7.11315122E-02
 5.02021023E-03
 8.77094948E-02
 1.04978475E-01
 1.63515557E-04
 7.74286018E-02
 7.51823391E-02
 7.24998073E-02
 6.92837046E-02
 1.31564961E-01
 1.96998400E-01
 1.41433498E-01
 6.78716892E-02
 6.90517224E-02
 7.14956879E-02
 7.80014704E-02
 1.67091558E-01
 7.45918748E-03
 6.69880568E-03
 3.79679037E-03
 2.65768555E-03
 5.60481399E-03
 7.23087726E-02
 1.16240112E-03
 1.36535306E-02
 2.01622706E-03
 4.36712238E-03
 3.60097295E-03
 1.24194125E-03
 1.10467812E-03
 1.41831407E-03
 1.85885608E-03
 1.36297160E-03
 1.85846205E-03
 2.57801521E-03
 4.09004584E-02
 4.52695257E-02
 1.02490639E-02
 2.64402273E-03
 2.02700057E-03
 3.01594572E-03
 3.47335533E-03
 6.15759263E-04
 8.50559666E-04
 1.23281421E-03
 2.35434588E-02
 2.97525764E-02
 9.32973097E-03
 1.98932671E-03
 1.31380406E-03
 2.68774904E-03
 3.50638899E-02
 6.47797587E-02
 7.93174120E-04
 2.36596405E-02
 5.23403709E-03
 1.64287946E-03
 1.98788700E-02
 3.97968813E-03
 2.00941819E-03
 1.92448746E-03
 6.89657184E-03
 5.24266271E-03
 4.46114488E-04
 1.29138715E-02
 1.51414455E-02
 7.56734300E-03
 8.82329968E-03
 1.05213781E-01
 1.36664417E-02
 7.41427892E-03
 1.02843181E-01
 9.47316537E-02
 8.65762219E-02
 2.53426937E-02
 8.89967673E-02
 2.95050502E-02
 1.51084101E-02
 2.24632370E-03
 1.02353096E-02
 9.31860332E-03
 8.23037563E-03
 7.87214306E-03
 7.85832276E-03
 1.35369480E-01
 2.44993162E-03
 5.16981835E-02
 3.46046683E-02
 1.11295823E-02
 1.44908423E-02
 3.78403574E-03
 3.07100081E-03
 2.94594181E-03
 5.19495998E-03
 8.86228869E-02
 4.96572094E-02
 2.03886551E-02
 6.47785966E-03
 1.49405056E-03
 4.71889406E-03
 1.57365280E-03
 3.02652541E-02
 9.96161105E-02
 1.83653849E-02
 1.31708677E-01
 1.90766785E-02
 4.04183773E-03
 4.34550973E-03
 7.91864496E-03
 3.75672576E-03
 3.59475188E-04
 1.32593295E-02
 1.43058597E-04
 7.39712607E-03
 1.53229540E-03
 1.00000000E+00
 7.17312781E-03
 7.57390217E-03
 9.52523643E-03
 1.21144086E-02
 8.78848892E-03
 1.14912700E-02
 1.60367741E-01
 1.32024401E-01
 5.53991242E-02
 8.38299082E-03
 1.02648598E-02
 1.79769088E-03
 2.63075037E-03
 4.16152145E-03
 1.55063401E-02
 1.11968899E-02
 4.70252415E-02
 4.95470049E-02
 9.12390186E-02
 3.49132765E-02
 2.71011410E-02
 3.60927197E-02
 1.60989474E-02
 5.76504476E-04
 2.65047809E-02
 1.94771611E-02
 6.06405275E-04
 1.53123205E-02
 1.16688007E-01
 8.01386116E-03
 8.64003824E-03
 6.68934622E-03
 1.05673179E-02
 1.31023925E-01
 2.14315721E-02
 3.58118677E-02
 1.47729134E-02
 2.37268035E-02
 9.42742061E-03
 1.00000000E+00
 1.00000000E+00
 1.00000000E+00
 1.00000000E+00
 1.00000000E+00
 1.00000000E+00
 1.00000000E+00
 1.00000000E+00
 1.00000000E+00
 1.00000000E+00
 1.00000000E+00
 1.00000000E+00
 2.42165028E-04
 2.67024299E-04
 2.94440266E-04
 2.88423684E-04
 1.08453379E-03
 1.80220105E-03
 4.19031845E-04
 3.68237501E-04
 1.61481444E-03
 4.49713200E-04
 1.16262059E-03
 5.70157181E-04
 1.06922076E-03
 2.12894642E-03
 3.70446202E-04
 1.20582890E-03
 4.23933958E-04
 1.20340969E-03
 9.93341060E-02
 1.52075627E-03
 1.04103190E-03
 1.01017968E-04
 1.80770339E-03
 3.62401766E+00
 1.39722963E-03
 1.33282856E-03
 8.53095432E+00
 7.35070655E+00
 1.49352976E-01
 1.47845788E-01
 3.61312213E-04
 4.61815075E-04
 5.96288054E-02
 2.41850802E-02
 7.92884699E-03
 2.88126390E-03
 2.58297173E-03
 3.32775689E-03
 1.43975835E-03
 7.22920648E-04
 8.22342001E-04
 9.83988194E-04
 9.66968644E-02
 8.30079304E-04
 1.12152713E-03
 2.86558827E-02
 8.41840760E-03
 3.01848037E-03
 4.68310124E-03
 1.77059150E-03
 1.34374097E-03
 2.87203482E-02
 1.49195309E-03
 1.83004984E-03
 4.21943290E-03
 6.52124515E-03
 1.26376747E-01
 6.46823335E-03
 9.59680973E-04
 3.03303857E-04
 3.72205932E-04
 3.43103440E-04
 7.63611991E-04
 9.64424563E-02
 8.93226733E-04
 8.20782524E-04
 1.99664432E-02
 1.44501623E-02
 1.82379068E-03
 6.06483354E-03
 9.90101278E-04
 1.12277290E-03
 9.42440859E-04
 1.38518681E-03
 2.15367546E-03
 1.37175479E-03
 1.01944510E-02
 5.74074754E-03
 6.97816203E-02
 7.00997831E-05
 3.71328426E-04
 7.42733736E-04
 9.18767873E-04
 1.99074324E-02
 5.45955485E-03
 9.78477393E-04
 9.13135323E-04
 2.04947086E-03
 2.24069483E-02
 3.39422746E-03
 5.21685655E-04
 1.63207725E-02
 3.39159186E-03
 1.67122173E-02
 7.30525302E-03
 1.43871479E-02
 4.68688505E-03
 1.78512970E-03
 1.61919748E-02
 9.63760891E-04
 8.49389480E-04
 8.78343527E-02
 4.33643064E-03
 8.74015755E-02
 1.09190580E-01
 2.84139024E-05
 7.27200646E-02
 7.18409341E-02
 6.91305270E-02
 6.55325530E-02
 6.09917037E-02
 1.87468305E-01
 1.74629520E-01
 6.84240863E-02
 6.97493921E-02
 6.62324568E-02
 6.82556616E-02
 1.61886702E-01
 2.04221196E-02
 3.77286185E-02
 3.87379070E-02
 7.50565925E-02
 4.52634772E-03
 6.99347031E-02
 4.40274544E-03
 8.00985310E-04
 5.22867608E-03
 3.02739160E-03
 1.30152619E-03
 1.25457014E-03
 1.21751060E-03
 1.54657291E-03
 2.05903113E-03
 1.50241158E-03
 2.05799017E-03
 4.28533990E-02
 2.07757513E-02
 1.25405264E-02
 3.66703627E-03
 2.30482201E-03
 2.30334392E-03
 3.39659837E-03
 4.33910479E-02
 7.19265560E-04
 8.88575584E-04
 1.42250493E-03
 4.24632162E-02
 3.09662809E-02
 7.47795941E-03
 1.99687407E-03
 1.39097061E-03
 3.10446946E-03
 3.66819042E-02
 1.00755926E-02
 4.29344140E-03
 1.24463272E-02
 2.83334337E-03
 1.30424504E-03
 2.39920257E-02
 1.04705833E-02
 2.12149438E-03
 2.35263413E-03
 6.49524645E-03
 4.56565696E-03
 4.58666351E-04
 1.21712474E-02
 1.42907121E-02
 1.67202432E-02
 9.35610542E-03
 1.59714535E-01
 1.51295323E-02
 7.76066187E-03
 1.36750335E-01
 9.00206751E-02
 5.50614678E-02
 2.74399861E-02
 6.88325912E-02
 1.68943412E-02
 1.57549220E-02
 2.45635242E-03
 1.09085931E-02
 1.01891879E-02
 8.62611242E-03
 1.59337573E-02
 1.62081241E-01
 2.98268511E-01
 2.76348356E-03
 7.63041633E-02
 3.25129220E-02
 1.08425662E-02
 1.39319344E-02
 3.33943410E-03
 3.56262982E-03
 3.37165454E-03
 4.15000435E-02
 3.94522687E-02
 2.69374532E-02
 9.63995314E-03
 1.22989581E-03
 1.61941181E-03
 1.46670182E-04
 1.90047011E-03
 2.23150885E-02
 1.31608766E-02
 2.38889585E-02
 1.30476503E-01
 1.10110073E-02
 1.35950445E-03
 5.35256111E-03
 7.15725907E-03
 6.19495773E-04
 8.84335325E-04
 1.98989121E-02
 2.46332893E-04
 6.57976804E-03
 2.85902666E-03
 1.00000000E+00
 6.95871710E-03
 8.52387699E-03
 1.07292147E-02
 7.37420954E-02
 9.97801380E-03
 9.86064596E-02
 1.04260705E-01
 1.01870943E-01
 4.05552074E-02
 7.25986493E-03
 8.21890143E-03
 2.11521602E-03
 3.09752571E-03
 4.19691779E-02
 3.04851291E-02
 4.77631073E-02
 2.19804112E-02
 1.44142998E-02
 1.04041535E-01
 5.30192317E-02
 2.95467521E-02
 3.19975138E-02
 3.35131103E-03
 2.44050331E-03
 1.81122286E-02
 1.77183978E-02
 1.31280489E-02
 1.92302891E-02
 2.30102215E-02
 7.46454417E-03
 1.03235668E-02
 8.12809049E-03
 7.05849219E-02
 1.45042549E-02
 6.17920778E-03
 4.90140703E-02
 2.00583552E-02
 5.53080350E-02
 1.47557487E-03
 1.00000000E+00
 1.00000000E+00
 1.00000000E+00
 1.00000000E+00
 1.00000000E+00
 1.00000000E+00
 1.00000000E+00
 1.00000000E+00
 1.00000000E+00
 1.00000000E+00
 1.00000000E+00
 1.00000000E+00
 2.69919222E-04
 2.93984360E-04
 9.18418930E-05
 1.89400726E-05
 2.57482249E-03
 2.63444861E-03
 5.66828138E-03
 1.63854842E-03
 4.00596102E-04
 4.44947524E-04
 4.72967497E-04
 5.42678553E-04
 4.03847405E-04
 5.20785368E-04
 6.01349875E-04
 2.69174832E-04
 1.37757752E-03
 9.20969633E-04
 9.92718973E-02
 2.04952636E-03
 8.92867869E-04
 1.15650671E-03
 1.31342897E-03
 5.03812433E-04
 1.47790264E-03
 1.92413338E-03
 2.83813086E-01
 3.48037677E-03
 1.48415456E-01
 7.73272777E+00
 3.18316080E-04
 8.33828420E-03
 2.25142962E-02
 1.78286387E-02
 8.94207948E-03
 2.70655283E-03
 2.17051639E-03
 3.41486285E-03
 1.37294070E-03
 7.56651646E-04
 8.54344276E-04
 1.30258579E-03
 9.69439848E-02
 8.77811276E-04
 2.85036237E-03
 1.89667304E-02
 5.26848638E-03
 2.15866873E-02
 3.67290012E-03
 1.27788188E-03
 1.42919962E-03
 3.11096309E-02
 1.61023722E-03
 1.49283643E-02
 4.74427362E-02
 5.28215660E-03
 1.27391378E-01
 5.06674043E-03
 3.37914291E-04
 2.92058465E-04
 1.41770808E-04
 4.50792611E-04
 6.97912630E-04
 9.72771989E-02
 5.78671565E-04
 9.37585976E-04
 3.11618789E-02
 6.16334272E-03
 2.38301478E-03
 5.25499223E-03
 7.60555359E-04
 1.29648586E-03
 8.60005299E-04
 1.58439627E-03
 1.95140648E-02
 1.85993609E-02
 2.55437822E-03
 4.62945907E-03
 1.00516983E-01
 2.67862622E-04
 4.21534957E-04
 6.17914140E-04
 1.64764325E-02
 2.10169589E-02
 4.20097395E-03
 9.17139064E-04
 1.20782716E-03
 2.51554404E-03
 2.52967814E-02
 7.53340409E-03
 6.78769430E-04
 1.74689287E-02
 3.46489189E-03
 1.43246050E-02
 6.83827264E-03
 2.19573263E-02
 6.08051064E-03
 2.84403793E-03
 1.71661769E-03
 1.12590226E-03
 1.89361757E-03
 8.70917725E-02
 2.07518232E-03
 8.76020446E-02
 1.10769455E-01
 6.27780638E-05
 4.86160056E-02
 6.43683951E-02
 6.06928749E-02
 5.64089395E-02
 5.14088370E-02
 9.32301163E-02
 1.69604789E-01
 1.80966740E-01
 7.11756809E-02
 6.81356898E-02
 6.46838625E-02
 1.53053624E-01
 7.72238000E-02
 7.90368056E-02
 7.62896722E-02
 7.27145979E-02
 6.49201910E-03
 7.26140005E-02
 3.04685433E-02
 2.26591861E-03
 7.02124783E-03
 4.37465753E-03
 1.17370456E-03
 1.02973083E-03
 1.32543730E-03
 1.71742960E-03
 2.30333015E-03
 1.65752594E-03
 2.28867829E-03
 5.98695503E-02
 8.37835284E-03
 1.07889953E-02
 2.31164155E-03
 2.38925138E-03
 2.61994042E-03
 3.83038833E-03
 1.83226598E-02
 7.68729485E-04
 1.07942539E-03
 2.76784246E-02
 2.24212328E-02
 1.00610024E-02
 1.72800803E-03
 1.76591589E-03
 1.81236245E-03
 1.30490098E-03
 5.09961030E-02
 3.70812874E-03
 2.34888748E-02
 6.07371875E-03
 1.21585736E-03
 1.41997387E-03
 2.76947837E-02
 1.50240793E-02
 6.70497614E-03
 1.02241584E-02
 4.94033937E-03
 5.28516079E-04
 3.87155374E-04
 1.10731793E-02
 1.30756041E-02
 1.53838960E-02
 1.33930178E-02
 1.70564278E-01
 2.58019051E-02
 8.09765295E-03
 1.47596154E-01
 9.40079189E-02
 5.32758006E-02
 3.23564844E-02
 3.66111459E-02
 1.26785762E-02
 1.59781459E-02
 2.55461228E-03
 1.12892785E-02
 1.05249899E-02
 9.39581982E-02
 1.10083815E-01
 1.23347582E-01
 5.59253590E-02
 6.02636549E-02
 3.58415713E-02
 1.13198374E-02
 2.88825034E-03
 3.87034625E-03
 2.58443421E-03
 4.09804542E-03
 3.97824666E-03
 5.87005070E-02
 3.59309648E-02
 2.06593393E-02
 7.50173571E-03
 1.10614568E-03
 1.86529596E-03
 3.89615694E-04
 2.22983442E-03
 3.25379740E-02
 2.14832538E-02
 6.58344916E-02
 5.11206312E-03
 1.75980693E-03
 1.90730664E-02
 2.80185975E-02
 5.53110413E-03
 5.42235635E-04
 3.88641951E-03
 1.95565049E-03
 2.78507012E-04
 5.16247797E-04
 5.70494265E-03
 1.00000000E+00
 7.71943256E-03
 9.48802121E-03
 1.20423536E-02
 1.50423561E-01
 1.12148910E-02
 1.48180673E-01
 1.05968968E-01
 1.04265017E-01
 1.72345313E-02
 7.70299285E-03
 9.16878828E-03
 2.44438345E-03
 3.62817292E-03
 7.58716319E-02
 2.32077789E-02
 4.58700204E-02
 1.20232022E-02
 8.10266704E-04
 5.26265411E-02
 5.19468002E-02
 2.84757166E-02
 8.15973792E-03
 1.63156069E-03
 3.60718925E-03
 5.57941929E-03
 1.74598078E-02
 1.19369026E-02
 1.98298335E-02
 7.50391489E-03
 8.92928462E-03
 1.21693700E-02
 9.75329261E-03
 1.05711658E-01
 4.91317195E-02
 2.54986638E-03
 5.08682992E-02
 3.61091107E-02
 9.25483738E-02
 1.18835364E-03
 1.00000000E+00
 1.00000000E+00
 1.00000000E+00
 1.00000000E+00
 1.00000000E+00
 1.00000000E+00
 1.00000000E+00
 1.00000000E+00
 1.00000000E+00
 1.00000000E+00
 1.00000000E+00
 1.00000000E+00
 3.52968662E-04
 3.84206376E-03
 5.68552762E-04
 5.49309412E-04
 3.52087882E-04
 4.49529742E-04
 4.31007070E-04
 6.46812983E-04
 2.39171856E-04
 5.07327370E-04
 4.09513970E-03
 5.57085155E-04
 9.89253859E-04
 4.85974867E-04
 5.92829870E-04
 6.87889693E-04
 1.00251062E-03
 2.50034780E-03
 9.92100542E-02
 7.59940615E-04
 9.21770465E-04
 1.08796445E-03
 1.28893282E-03
 1.26485401E-03
 1.70150044E-03
 1.82212661E-03
 2.13413823E-03
 7.27337226E-03
 1.47733026E-01
 4.02532759E-03
 2.92689639E-04
 5.23512550E-02
 2.41416408E-02
 1.65089401E-02
 8.97454201E-03
 3.06964889E-03
 2.24975194E-03
 3.62982005E-03
 1.40509780E-03
 7.91919623E-04
 9.57932821E-04
 1.13122019E-03
 9.71906521E-02
 7.88323417E-04
 2.32937843E-02
 1.10682047E-02
 5.59181872E-03
 5.93726391E-03
 3.83616747E-03
 1.22357083E-03
 1.52306685E-03
 2.38750877E-02
 1.74439917E-03
 1.96307032E-02
 3.03775341E-02
 2.22485075E-03
 1.31485121E-01
 5.98280922E-03
 3.87145882E-04
 2.80111945E-04
 6.06920937E-04
 5.82015710E-04
 7.77755794E-04
 9.80798347E-02
 7.31378590E-04
 9.97327251E-04
 2.14792662E-02
 4.05510379E-03
 1.24650880E-02
 1.13486236E-03
 8.16510507E-04
 1.47232268E-03
 1.09128547E-03
 1.78301218E-03
 2.53154103E-02
 8.70661201E-03
 1.77878187E-03
 4.42104046E-03
 1.47683178E-01
 6.51059466E-04
 6.04593392E-04
 7.62392785E-04
 2.96478573E-02
 1.06711781E-02
 1.33602003E-03
 9.63090829E-04
 1.40079060E-03
 1.71591897E-02
 5.17546239E-03
 1.87629322E-02
 1.42263972E-02
 3.73937281E-03
 1.13527011E-03
 1.69622143E-02
 2.03970876E-03
 2.40817395E-02
 8.18499736E-03
 2.32136018E-03
 5.36996027E-03
 1.58456031E-03
 1.73744450E-03
 8.59548215E-02
 4.18158085E-04
 8.61328257E-02
 9.89819925E-02
 5.45601031E-05
 5.85396244E-02
 5.55939724E-02
 7.48855162E-02
 7.50339538E-02
 1.28104930E-01
 1.72018023E-01
 1.53033090E-01
 1.71361307E-01
 7.33646045E-02
 7.10102607E-02
 6.81965904E-02
 1.55597892E-01
 7.63348519E-02
 7.34777971E-02
 6.98657343E-02
 6.95814310E-02
 1.25421100E-01
 1.37732049E-01
 7.38103142E-02
 1.35495147E-03
 4.06908651E-03
 3.93444517E-03
 1.27581205E-03
 1.10587744E-03
 1.43526716E-03
 1.88584383E-03
 2.50882680E-03
 1.86406449E-03
 4.35976044E-02
 4.38471661E-02
 9.32077190E-03
 8.34562948E-03
 2.61531557E-03
 2.65080759E-03
 2.97906179E-03
 3.35378765E-02
 1.02807819E-02
 8.09127064E-04
 1.21193743E-03
 4.34945391E-02
 9.30121797E-03
 8.82704488E-03
 1.65453214E-03
 1.77058562E-03
 2.15820727E-03
 2.72535992E-02
 2.43111405E-02
 4.83559337E-03
 1.26989285E-02
 4.61148600E-03
 1.31190281E-03
 1.75115821E-03
 2.85484078E-02
 1.35579938E-02
 6.88350204E-03
 3.22589626E-04
 4.65223949E-03
 3.58195338E-04
 2.15204575E-04
 9.62751991E-03
 1.13457757E-02
 1.35392456E-02
 9.10791609E-02
 1.82465568E-01
 1.70140561E-02
 1.20109537E-01
 1.82882601E-01
 9.68876307E-02
 3.67851597E-02
 3.73939637E-02
 3.44013095E-02
 1.27807432E-02
 1.60997186E-02
 2.52337478E-03
 1.20154153E-02
 1.15276410E-02
 1.48103627E-01
 8.99823383E-02
 1.31925138E-01
 1.09745580E-01
 7.66977094E-02
 3.73843590E-02
 1.20921368E-02
 3.32302630E-03
 3.40492753E-03
 2.97037663E-03
 4.78976721E-03
 4.53716819E-03
 5.75372555E-02
 1.79798173E-02
 7.62767335E-03
 1.31509073E-03
 1.20184000E-03
 2.22051448E-03
 1.16314799E-02
 2.61877944E-03
 2.95240484E-02
 2.62179422E-02
 8.36827972E-02
 8.20446278E-02
 4.80014928E-03
 2.15459922E-02
 7.21919807E-03
 1.16433834E-02
 1.16959127E-03
 2.74984285E-02
 7.90656290E-03
 9.82517396E-04
 2.61092205E-03
 7.69991789E-03
 1.00000000E+00
 8.49913618E-03
 1.04530203E-02
 3.54053184E-03
 1.03263834E-01
 1.00782890E-01
 1.02807487E-01
 6.07900786E-02
 4.85053795E-02
 1.48719561E-02
 1.36069126E-03
 3.47276286E-03
 2.94129757E-03
 4.32331258E-02
 4.81607982E-02
 2.07573768E-02
 1.95627878E-02
 7.03015076E-03
 3.82282026E-03
 6.48120041E-02
 8.80207510E-02
 3.28257015E-02
 1.13493712E-02
 6.27343847E-03
 7.56604489E-03
 3.03301182E-03
 1.96649173E-02
 7.28002771E-03
 1.96477762E-02
 8.04164700E-03
 1.05080483E-02
 7.92674409E-02
 1.00766115E-02
 1.23057955E-01
 1.46559344E-02
 2.60670807E-03
 4.50570424E-02
 1.43982505E-02
 5.78038896E-03
 5.21469977E-04
 1.00000000E+00
 1.00000000E+00
 1.00000000E+00
 1.00000000E+00
 1.00000000E+00
 1.00000000E+00
 1.00000000E+00
 1.00000000E+00
 1.00000000E+00
 1.00000000E+00
 1.00000000E+00
 1.00000000E+00
