 3.91074149E-03
 3.97188919E-03
 4.12927099E-03
 4.26162921E-03
 4.42015589E-03
 4.59713666E-03
 4.78885374E-03
 3.03128482E-03
 3.12722675E-03
 3.26692109E-03
 3.43959421E-03
 3.62117565E-03
 3.84516655E-03
 2.52371613E-03
 2.61678362E-03
 2.74880602E-03
 2.86308494E-03
 3.00077288E-03
 1.63622804E-01
 2.03415765E-03
 2.16446982E-03
 2.30642548E-03
 2.46339627E-03
 1.45894497E-03
 1.63803032E-03
 1.81216486E-03
 1.11325972E-03
 1.18746014E-03
 9.78023012E-02
 1.55651266E-03
 4.50278029E-04
 4.78253270E-04
 4.88788105E-04
 5.13386748E-04
 5.29224618E-04
 5.54277671E-04
 6.52830099E-03
 6.06783738E-04
 6.32192083E-04
 6.61354338E-04
 7.00827611E-04
 7.27397746E-04
 1.66532880E-01
 8.41179507E-04
 8.79883070E-04
 9.39150801E-04
 9.98025362E-04
 5.88380285E-03
 1.21306588E-03
 1.28807950E-03
 1.39675504E-03
 3.34631358E-02
 1.84903331E-03
 2.08016824E-03
 9.18692388E-03
 3.40606143E-03
 1.20178627E-01
 7.18591650E-03
 8.20443543E-04
 8.35707011E-04
 8.94150607E-04
 9.36695442E-04
 9.78607949E-04
 1.67042618E-01
 1.16219527E-03
 1.22094579E-03
 1.32607150E-03
 1.42431294E-03
 7.40353449E-03
 1.74292289E-03
 1.93497446E-03
 2.13865311E-03
 1.84303468E-03
 2.97797969E-03
 3.45662134E-03
 1.88176488E-03
 6.32357173E-03
 1.05485485E-02
 1.84762807E-01
 1.35156017E-03
 1.44573013E-03
 1.56912370E-03
 1.69292928E-03
 2.15412233E-03
 2.41047433E-03
 2.73257191E-03
 3.91763382E-03
 4.75160407E-03
 2.95528398E-04
 9.48694269E-03
 2.31300797E-03
 2.62032567E-03
 2.99560717E-03
 3.00370597E-02
 4.45473676E-03
 5.56992669E-03
 7.72795975E-03
 1.18146263E-02
 7.12873121E-03
 4.48323360E-03
 5.68033949E-03
 2.27261286E-01
 1.26562552E-02
 2.81377434E-01
 4.09480527E-01
 1.18450687E-02
 3.75894706E-04
 3.93421853E-04
 4.43050368E-04
 4.69149265E-04
 4.79802811E-04
 4.92480844E-04
 6.05248802E-04
 5.85269605E-04
 5.95674241E-04
 6.35979420E-04
 6.69026810E-04
 1.66584971E-01
 7.41678462E-04
 8.19378305E-04
 8.53106232E-04
 9.14679813E-04
 1.14180997E-03
 1.21092565E-03
 1.27797141E-03
 1.73211895E-03
 1.92080687E-03
 3.10766047E-03
 8.53336290E-04
 8.76157436E-04
 9.09104927E-04
 9.63027832E-04
 1.01290367E-03
 1.18536888E-03
 1.26644431E-03
 1.35025911E-03
 1.45452225E-03
 1.78119578E-03
 1.95231801E-03
 2.16240418E-03
 3.02217216E-03
 3.47426160E-03
 6.30047232E-03
 1.44028910E-03
 1.55959011E-03
 1.69468705E-03
 1.83082340E-03
 2.30499433E-03
 2.57478521E-03
 2.90813133E-03
 4.13558988E-03
 4.99799485E-03
 6.03276672E-02
 9.85367780E-03
 2.58969233E-03
 2.93030806E-03
 3.33987006E-03
 4.91305378E-03
 6.10332149E-03
 1.27645526E-02
 5.15704536E-03
 6.51167856E-03
 7.56911647E-03
 1.42213200E-02
 1.40081785E-02
 7.68304456E-04
 7.83063502E-04
 8.23299374E-04
 8.74074436E-04
 9.21164197E-04
 1.67294362E-01
 1.08098963E-03
 1.14888007E-03
 1.25014465E-03
 1.33632231E-03
 7.16859690E-03
 1.64568280E-03
 1.80970441E-03
 1.99004209E-03
 1.78211884E-03
 2.78497743E-03
 3.17741951E-03
 1.88469926E-03
 5.74404987E-03
 1.01713279E-02
 1.72842030E-01
 1.45172100E-03
 1.55182233E-03
 1.68429832E-03
 1.81519972E-03
 2.27749469E-03
 2.54900768E-03
 2.86996639E-03
 4.08330231E-03
 4.90419128E-03
 5.76924996E-02
 9.61704195E-03
 2.68697734E-03
 3.03379869E-03
 3.44212331E-03
 2.21444706E-03
 5.05343235E-03
 6.24674245E-03
 7.35994635E-02
 1.29762247E-02
 9.34171157E-02
 9.18711087E-03
 5.50274520E-03
 6.92187894E-03
 3.60976245E-05
 1.49827996E-02
 2.39024107E-02
 2.34583478E-02
 1.53297136E-02
 9.32499582E-03
 1.90667333E-03
 1.00000000E+00
 1.30242094E-03
 1.41603394E-03
 1.52142614E-03
 1.64123843E-03
 2.10231452E-03
 2.31545187E-03
 2.60834676E-03
 3.75180188E-03
 4.46409398E-03
 4.53205912E-04
 8.78120821E-03
 2.61321069E-03
 2.91841807E-03
 3.31853326E-03
 4.13765996E-02
 4.86006385E-03
 6.00500800E-03
 1.33240957E-02
 1.24795091E-02
 1.76637508E-02
 5.51119041E-03
 6.91775044E-03
 1.30382191E-04
 1.49415822E-02
 2.44731455E-02
 2.22069536E-02
 1.57761539E-02
 2.16316681E-01
 2.34656754E-03
 2.60912610E-03
 2.95574325E-03
 4.38283363E-03
 5.37869148E-03
 1.12845063E-02
 5.18200574E-03
 6.49108068E-03
 7.76713742E-03
 1.40993163E-02
 1.53692535E-02
 1.00000000E+00
 1.00000000E+00
 1.00000000E+00
 1.00000000E+00
 1.00000000E+00
 1.00000000E+00
 1.00000000E+00
 1.00000000E+00
 1.00000000E+00
 1.00000000E+00
 1.00000000E+00
 1.00000000E+00
 4.77122012E-03
 4.91098506E-03
 5.05721364E-03
 4.78719236E-03
 4.22521627E-03
 3.58835677E-03
 2.86454037E-03
 4.00573828E-03
 4.11616831E-03
 4.28145680E-03
 4.48221134E-03
 4.70428488E-03
 4.95450244E-03
 3.13208636E-03
 3.25324585E-03
 3.43731938E-03
 3.67752708E-03
 3.95482984E-03
 1.62629831E-01
 2.64109040E-03
 2.79818871E-03
 2.97358794E-03
 3.15577430E-03
 2.15303242E-03
 2.34035563E-03
 2.57203615E-03
 1.63829535E-03
 1.88451093E-03
 9.58761445E-02
 1.48118573E-03
 4.47071002E-04
 4.90524739E-04
 4.95805117E-04
 5.06610405E-04
 5.28603799E-04
 5.39945453E-04
 6.52099064E-03
 6.48538256E-04
 6.19811865E-04
 6.57197335E-04
 6.82835460E-04
 7.12430650E-04
 1.66422221E-01
 8.43982053E-04
 8.74233010E-04
 9.18170477E-04
 9.60297387E-04
 5.84571392E-03
 1.18119159E-03
 1.26258268E-03
 1.33787120E-03
 3.32208615E-02
 1.81003188E-03
 1.98182025E-03
 9.19215920E-03
 3.19416651E-03
 1.17708278E-01
 7.06476480E-03
 8.42491301E-04
 8.35973298E-04
 8.86010102E-04
 9.24878143E-04
 9.66248312E-04
 1.66932652E-01
 1.15440922E-03
 1.20402157E-03
 1.30256602E-03
 1.38688597E-03
 7.38296465E-03
 1.72753401E-03
 1.89006691E-03
 2.07326936E-03
 1.83769248E-03
 2.92053350E-03
 3.32401394E-03
 1.91785354E-03
 6.02888382E-03
 1.04845623E-02
 1.77863774E-01
 1.32035740E-03
 1.43974671E-03
 1.55213310E-03
 1.67480175E-03
 2.12626166E-03
 2.37599917E-03
 2.67375142E-03
 3.84385028E-03
 4.62265463E-03
 3.47836688E-04
 9.13826573E-03
 2.31993981E-03
 2.61264380E-03
 2.95765900E-03
 2.99683260E-02
 4.40037620E-03
 5.48096376E-03
 7.73864859E-03
 1.15913225E-02
 7.06576140E-03
 4.46362877E-03
 5.62164571E-03
 2.26753741E-01
 1.25294259E-02
 2.80092134E-01
 4.06082676E-01
 1.17891112E-02
 4.05714218E-04
 4.07266233E-04
 4.51126034E-04
 4.70463262E-04
 4.89105974E-04
 5.12244359E-04
 5.34876611E-04
 5.67195424E-04
 5.83624805E-04
 6.16910875E-04
 6.45507846E-04
 1.66472169E-01
 7.48181258E-04
 7.79694387E-04
 8.32372387E-04
 8.81162169E-04
 1.06273395E-03
 1.15056322E-03
 1.23168258E-03
 1.64420675E-03
 1.80515717E-03
 2.88165350E-03
 8.47354380E-04
 8.74926593E-04
 9.02905227E-04
 9.54008469E-04
 9.95776065E-04
 1.14157287E-03
 1.24760505E-03
 1.31885289E-03
 1.42405989E-03
 1.77089058E-03
 1.91544899E-03
 2.09261206E-03
 2.91528730E-03
 3.33341597E-03
 5.96173600E-03
 1.44664270E-03
 1.55794956E-03
 1.67572481E-03
 1.80304429E-03
 2.28350770E-03
 2.53518807E-03
 2.84724162E-03
 4.06594155E-03
 4.86332831E-03
 5.97244250E-02
 9.50546578E-03
 2.59488502E-03
 2.91195612E-03
 3.29362442E-03
 4.86382883E-03
 6.00315777E-03
 1.24979453E-02
 5.14108139E-03
 6.44965040E-03
 7.57351311E-03
 1.40679633E-02
 1.39514988E-02
 7.34607923E-04
 7.60384957E-04
 8.03552907E-04
 8.58240757E-04
 8.99893603E-04
 1.67175003E-01
 1.06983797E-03
 1.11602065E-03
 1.21733006E-03
 1.29346417E-03
 7.14196397E-03
 1.63455238E-03
 1.75885827E-03
 1.91495851E-03
 1.77816346E-03
 2.71609935E-03
 3.04943653E-03
 1.91703852E-03
 5.43500344E-03
 1.00980894E-02
 1.65938159E-01
 1.45132588E-03
 1.54320471E-03
 1.65666656E-03
 1.78701981E-03
 2.26216089E-03
 2.49906173E-03
 2.80667278E-03
 4.00201262E-03
 4.76522386E-03
 5.69793972E-02
 9.25581839E-03
 2.67551878E-03
 3.01146148E-03
 3.40285371E-03
 2.21523534E-03
 4.99863240E-03
 6.13291417E-03
 7.31720113E-02
 1.26965781E-02
 9.17847242E-02
 8.34490263E-03
 5.48997241E-03
 6.85229780E-03
 4.27315066E-06
 1.48190766E-02
 2.35994284E-02
 2.28402453E-02
 1.52583636E-02
 9.28882296E-03
 1.69969921E-03
 1.00000000E+00
 1.28272231E-03
 1.39955650E-03
 1.49876935E-03
 1.61259777E-03
 2.06616600E-03
 2.27557639E-03
 2.54503603E-03
 3.69614165E-03
 4.31954875E-03
 5.08002290E-04
 8.43199058E-03
 2.60351420E-03
 2.90492693E-03
 3.27260935E-03
 4.12229602E-02
 4.82756899E-03
 5.90348505E-03
 1.32445212E-02
 1.21984476E-02
 1.72432451E-02
 5.49856465E-03
 6.84402005E-03
 1.68472800E-04
 1.47693730E-02
 2.41891557E-02
 2.15527067E-02
 1.57119489E-02
 2.16065859E-01
 2.33071114E-03
 2.58386403E-03
 2.90516562E-03
 4.33263997E-03
 5.27523643E-03
 1.09936860E-02
 5.17640782E-03
 6.41953248E-03
 7.77525491E-03
 1.39231623E-02
 1.52884890E-02
 1.00000000E+00
 1.00000000E+00
 1.00000000E+00
 1.00000000E+00
 1.00000000E+00
 1.00000000E+00
 1.00000000E+00
 1.00000000E+00
 1.00000000E+00
 1.00000000E+00
 1.00000000E+00
 1.00000000E+00
 1.63239597E-03
 1.18864885E-03
 6.86796702E-04
 3.33506617E-04
 1.79370820E-04
 1.37802182E-05
 1.73619660E-06
 4.94939873E-03
 5.10445233E-03
 5.29359959E-03
 5.52257656E-03
 5.17649659E-03
 4.24535665E-03
 4.08490934E-03
 4.29252026E-03
 4.54038528E-03
 4.83060441E-03
 5.15525486E-03
 1.61496440E-01
 3.32532784E-03
 3.47997483E-03
 3.75003688E-03
 4.10831371E-03
 2.82367894E-03
 3.07497849E-03
 3.32600112E-03
 2.40604934E-03
 2.70276852E-03
 9.40514488E-02
 1.97657317E-03
 4.62382650E-04
 4.80545994E-04
 4.85924772E-04
 5.05507181E-04
 5.18180976E-04
 5.33919210E-04
 6.51538831E-03
 6.22248809E-04
 6.11874536E-04
 6.52933287E-04
 6.74859778E-04
 6.97337306E-04
 1.66307728E-01
 7.85891308E-04
 8.37250057E-04
 8.96160252E-04
 9.36643433E-04
 5.82449011E-03
 1.13788133E-03
 1.21751381E-03
 1.28488620E-03
 3.29903413E-02
 1.69959783E-03
 1.87942074E-03
 9.18821867E-03
 3.00182246E-03
 1.15422532E-01
 6.91062079E-03
 8.30475113E-04
 8.35977476E-04
 8.72777188E-04
 9.16593929E-04
 9.56423208E-04
 1.66826159E-01
 1.11995721E-03
 1.18980667E-03
 1.27746254E-03
 1.36308394E-03
 7.36412325E-03
 1.69327496E-03
 1.84531741E-03
 2.02095222E-03
 1.83310510E-03
 2.78329320E-03
 3.20195777E-03
 1.96078829E-03
 5.71598095E-03
 1.04208147E-02
 1.71564943E-01
 1.31103982E-03
 1.42951082E-03
 1.53363742E-03
 1.65474400E-03
 2.09960946E-03
 2.34969921E-03
 2.62171449E-03
 3.76199473E-03
 4.51356256E-03
 4.00398272E-04
 8.82773564E-03
 2.31294922E-03
 2.58186759E-03
 2.92743303E-03
 2.99032069E-02
 4.36496588E-03
 5.38608187E-03
 7.75316371E-03
 1.13315550E-02
 6.99095107E-03
 4.44084615E-03
 5.57239085E-03
 2.26255541E-01
 1.23739024E-02
 2.78828762E-01
 4.02749516E-01
 1.17173481E-02
 5.63530001E-04
 5.41758588E-04
 5.43980886E-04
 5.68644433E-04
 5.94349473E-04
 6.12000084E-04
 5.09078207E-04
 5.55429108E-04
 5.83116018E-04
 6.08634400E-04
 6.30868282E-04
 1.66338459E-01
 6.95123147E-04
 7.61730861E-04
 7.99873852E-04
 8.42473729E-04
 1.01077142E-03
 1.09728713E-03
 1.16505353E-03
 1.59470042E-03
 1.71481045E-03
 2.70345782E-03
 8.26827279E-04
 8.57889524E-04
 8.95060390E-04
 9.36997811E-04
 9.82768136E-04
 1.15814848E-03
 1.21680701E-03
 1.30134469E-03
 1.39361876E-03
 1.70703472E-03
 1.85919908E-03
 2.03934935E-03
 2.81214931E-03
 3.20010850E-03
 5.64742790E-03
 1.45284205E-03
 1.55474424E-03
 1.66321650E-03
 1.78723404E-03
 2.23628286E-03
 2.49991864E-03
 2.80118516E-03
 3.98221553E-03
 4.73705313E-03
 5.91303821E-02
 9.14266111E-03
 2.57384511E-03
 2.88729823E-03
 3.26436403E-03
 4.80439443E-03
 5.90451244E-03
 1.22167153E-02
 5.10505806E-03
 6.39126336E-03
 7.57641860E-03
 1.38957658E-02
 1.38727346E-02
 7.39237894E-04
 7.70553255E-04
 8.04628655E-04
 8.41717618E-04
 8.84078848E-04
 1.67056578E-01
 1.05590911E-03
 1.10440417E-03
 1.19274754E-03
 1.26469080E-03
 7.11871564E-03
 1.57917427E-03
 1.70132466E-03
 1.85569983E-03
 1.76797573E-03
 2.58927235E-03
 2.90207406E-03
 1.95675846E-03
 5.10377680E-03
 1.00112017E-02
 1.59656287E-01
 1.45892258E-03
 1.52856342E-03
 1.64301575E-03
 1.76770588E-03
 2.21636110E-03
 2.46099832E-03
 2.75347077E-03
 3.92796852E-03
 4.63222925E-03
 5.62779705E-02
 8.87846845E-03
 2.65780259E-03
 2.98802544E-03
 3.36481900E-03
 2.21652582E-03
 4.93064072E-03
 6.03514281E-03
 7.27523327E-02
 1.24088614E-02
 9.01834536E-02
 7.54044213E-03
 5.44565051E-03
 6.78872165E-03
 2.38001640E-05
 1.46399100E-02
 2.33022196E-02
 2.22582268E-02
 1.51747915E-02
 9.24745472E-03
 1.51588953E-03
 1.00000000E+00
 1.28450614E-03
 1.38795852E-03
 1.47867641E-03
 1.58856694E-03
 2.02703296E-03
 2.23157599E-03
 2.48648286E-03
 3.57780410E-03
 4.18268654E-03
 5.59302487E-04
 8.05531767E-03
 2.58272535E-03
 2.87373090E-03
 3.23570554E-03
 4.10700365E-02
 4.74762226E-03
 5.79200273E-03
 1.31681410E-02
 1.18921599E-02
 1.68367681E-02
 5.46345471E-03
 6.78149822E-03
 2.04331808E-04
 1.45824559E-02
 2.39099234E-02
 2.09247790E-02
 1.56250021E-02
 4.55063670E-02
 2.28716691E-03
 2.55545593E-03
 2.86895430E-03
 4.26357880E-03
 5.16522489E-03
 1.06860447E-02
 5.13555653E-03
 6.35710338E-03
 7.78916520E-03
 1.37257775E-02
 1.52075864E-02
 1.00000000E+00
 1.00000000E+00
 1.00000000E+00
 1.00000000E+00
 1.00000000E+00
 1.00000000E+00
 1.00000000E+00
 1.00000000E+00
 1.00000000E+00
 1.00000000E+00
 1.00000000E+00
 1.00000000E+00
 1.43098962E-05
 7.17359760E-06
 1.37550801E-05
 3.16106951E-06
 7.61723695E-06
 5.92445814E-07
 1.20752873E-07
 2.77616286E-03
 2.20733387E-03
 1.56506184E-03
 8.23757393E-04
 3.67622791E-04
 5.80489112E-05
 5.10272848E-03
 5.38092815E-03
 5.65662092E-03
 5.98279585E-03
 5.57632250E-03
 1.62618290E-01
 4.26749561E-03
 4.62146413E-03
 4.97745262E-03
 5.40543883E-03
 3.55369587E-03
 3.83716362E-03
 4.27889069E-03
 3.19255929E-03
 3.51594651E-03
 9.22610611E-02
 2.84849230E-03
 4.62173459E-04
 4.92095399E-04
 4.89815913E-04
 5.01665050E-04
 5.08971861E-04
 5.23563468E-04
 6.51293070E-03
 6.40232995E-04
 6.26096437E-04
 6.40054284E-04
 6.57890476E-04
 6.84047869E-04
 1.66202825E-01
 7.82231606E-04
 8.16116154E-04
 8.69647007E-04
 9.09176184E-04
 5.78917871E-03
 1.08713050E-03
 1.16816007E-03
 1.23931817E-03
 3.27670372E-02
 1.63144564E-03
 1.78887900E-03
 9.19219295E-03
 2.81360780E-03
 1.13326470E-01
 6.82818081E-03
 8.01103995E-04
 8.33497248E-04
 8.68191884E-04
 8.98100006E-04
 9.39269543E-04
 1.66720259E-01
 1.13222215E-03
 1.19118904E-03
 1.26321846E-03
 1.33616862E-03
 7.34405128E-03
 1.63364096E-03
 1.81042497E-03
 1.96121841E-03
 1.82935758E-03
 2.70834663E-03
 3.07439342E-03
 1.99764648E-03
 5.44619996E-03
 1.03623867E-02
 1.65753123E-01
 1.32173131E-03
 1.42198221E-03
 1.51756048E-03
 1.63425764E-03
 2.08986276E-03
 2.32141035E-03
 2.57943882E-03
 3.69039317E-03
 4.38227141E-03
 4.37672466E-04
 8.54164250E-03
 2.27051065E-03
 2.56932890E-03
 2.89580498E-03
 2.98412407E-02
 4.31935599E-03
 5.30342279E-03
 7.75708262E-03
 1.10889791E-02
 6.93250034E-03
 4.42961179E-03
 5.51979719E-03
 2.25777702E-01
 1.22307789E-02
 2.77597271E-01
 3.99444930E-01
 1.16613434E-02
 6.54918341E-04
 6.45677746E-04
 6.49670485E-04
 6.70036634E-04
 6.86522026E-04
 7.18887605E-04
 6.17595015E-04
 6.33548716E-04
 6.67457190E-04
 6.95430590E-04
 7.24424548E-04
 1.66122057E-01
 7.06609052E-04
 7.22842878E-04
 7.75519393E-04
 8.14257347E-04
 9.81289695E-04
 1.05826644E-03
 1.11204566E-03
 1.48707261E-03
 1.60988600E-03
 2.51598423E-03
 8.45369668E-04
 8.62061916E-04
 8.92120674E-04
 9.29197579E-04
 9.70861874E-04
 1.16920510E-03
 1.22654756E-03
 1.28056322E-03
 1.36401139E-03
 1.66162678E-03
 1.81613345E-03
 1.97879459E-03
 2.70749320E-03
 3.08162233E-03
 5.35451035E-03
 1.43233331E-03
 1.54305683E-03
 1.64725763E-03
 1.76307388E-03
 2.20092713E-03
 2.45512258E-03
 2.74586207E-03
 3.89801114E-03
 4.60774303E-03
 5.85910209E-02
 8.82012366E-03
 2.57326918E-03
 2.87119539E-03
 3.22548973E-03
 4.75313593E-03
 5.81154956E-03
 1.19544636E-02
 5.08245405E-03
 6.33483240E-03
 7.57922030E-03
 1.37421432E-02
 1.38042821E-02
 7.45370409E-04
 7.53283621E-04
 7.92507095E-04
 8.17885605E-04
 8.60320242E-04
 1.66941597E-01
 1.02330012E-03
 1.07838983E-03
 1.15760378E-03
 1.22819583E-03
 7.08280969E-03
 1.54078942E-03
 1.66346552E-03
 1.78422444E-03
 1.76871748E-03
 2.48021191E-03
 2.78092731E-03
 1.99509344E-03
 4.83721376E-03
 9.93302915E-03
 1.53864278E-01
 1.42621794E-03
 1.50894611E-03
 1.63147968E-03
 1.74388538E-03
 2.18879791E-03
 2.41781804E-03
 2.69762096E-03
 3.84383295E-03
 4.49677758E-03
 5.56252265E-02
 8.54576307E-03
 2.66115517E-03
 2.97068092E-03
 3.32552650E-03
 2.21510882E-03
 4.86462791E-03
 5.94393739E-03
 7.23539130E-02
 1.21167580E-02
 8.86438094E-02
 6.79213709E-03
 5.43287222E-03
 6.73228970E-03
 5.37581957E-05
 1.44633686E-02
 2.30168339E-02
 2.16759205E-02
 1.51001748E-02
 9.21071315E-03
 1.32030799E-03
 1.00000000E+00
 1.28237963E-03
 1.37178926E-03
 1.44666309E-03
 1.56306444E-03
 2.01884693E-03
 2.19617461E-03
 2.43097921E-03
 3.49171759E-03
 4.05100203E-03
 6.12521125E-04
 7.71235852E-03
 2.56251880E-03
 2.85724907E-03
 3.19389813E-03
 4.09239241E-02
 4.67844182E-03
 5.69051548E-03
 1.30930383E-02
 1.15973597E-02
 1.64479057E-02
 5.44010104E-03
 6.72565718E-03
 2.41536372E-04
 1.43948454E-02
 2.36437584E-02
 2.02961263E-02
 1.55509027E-02
 4.53580211E-02
 2.28099385E-03
 2.53628264E-03
 2.82933726E-03
 4.19437655E-03
 5.06831317E-03
 1.03873000E-02
 5.11874918E-03
 6.30005192E-03
 7.80654403E-03
 1.35359747E-02
 1.51281952E-02
 1.00000000E+00
 1.00000000E+00
 1.00000000E+00
 1.00000000E+00
 1.00000000E+00
 1.00000000E+00
 1.00000000E+00
 1.00000000E+00
 1.00000000E+00
 1.00000000E+00
 1.00000000E+00
 1.00000000E+00
 6.34635675E-05
 1.09672042E-05
 3.54903905E-06
 1.94618852E-06
 3.88549635E-06
 1.92645398E-07
 3.31929558E-06
 4.05995129E-05
 4.13875529E-06
 5.12544382E-07
 2.17327125E-06
 4.01840447E-06
 2.32114291E-06
 4.06691638E-03
 3.17268477E-03
 2.14590488E-03
 1.05778060E-03
 3.35099719E-04
 1.66615802E-01
 5.46156288E-03
 5.80139364E-03
 6.20782159E-03
 6.69922811E-03
 4.67636583E-03
 5.11553981E-03
 5.67312411E-03
 3.94785509E-03
 4.45929853E-03
 8.99818495E-02
 3.72401736E-03
 4.64769671E-04
 4.74583780E-04
 4.71406701E-04
 4.83345566E-04
 5.03350137E-04
 5.15504564E-04
 6.50637400E-03
 5.96685335E-04
 5.94570024E-04
 6.28498024E-04
 6.44523219E-04
 6.70730552E-04
 1.66090625E-01
 7.85121405E-04
 7.95656089E-04
 8.47166437E-04
 8.80713243E-04
 5.76413259E-03
 1.06331432E-03
 1.12909537E-03
 1.18366392E-03
 3.25464006E-02
 1.58164719E-03
 1.68943028E-03
 9.19414939E-03
 2.63388473E-03
 1.11339098E-01
 6.72395655E-03
 7.98316385E-04
 8.34644073E-04
 8.64890576E-04
 8.94420868E-04
 9.32409050E-04
 1.66618210E-01
 1.10058113E-03
 1.16827483E-03
 1.23732958E-03
 1.31093728E-03
 7.32860445E-03
 1.63137282E-03
 1.76263617E-03
 1.90253785E-03
 1.82399366E-03
 2.62005269E-03
 2.96352631E-03
 2.03601369E-03
 5.18425854E-03
 1.03050716E-02
 1.60426365E-01
 1.31272936E-03
 1.41205730E-03
 1.50627231E-03
 1.62055025E-03
 2.06834567E-03
 2.28240041E-03
 2.53325720E-03
 3.62003471E-03
 4.26914608E-03
 4.79332220E-04
 8.23431263E-03
 2.27010259E-03
 2.54229411E-03
 2.86657208E-03
 2.97761319E-02
 4.26057845E-03
 5.21707577E-03
 7.76818300E-03
 1.08577032E-02
 6.86674184E-03
 4.41144742E-03
 5.46675192E-03
 2.25302210E-01
 1.20917924E-02
 2.76390204E-01
 3.96187994E-01
 1.15982351E-02
 7.47529342E-04
 7.33625551E-04
 7.42055734E-04
 7.70297836E-04
 7.97798386E-04
 8.28193000E-04
 6.87951921E-04
 7.07725726E-04
 7.60924800E-04
 7.90085842E-04
 8.34470115E-04
 1.65895322E-01
 7.48892967E-04
 7.58502607E-04
 8.23727400E-04
 8.69947686E-04
 9.87545275E-04
 1.00365050E-03
 1.05789854E-03
 1.40449423E-03
 1.50873917E-03
 2.33841007E-03
 8.41877317E-04
 8.45008975E-04
 8.83348225E-04
 9.15297947E-04
 9.56066950E-04
 1.14237660E-03
 1.17976096E-03
 1.24892764E-03
 1.33038636E-03
 1.64200644E-03
 1.76907557E-03
 1.92595682E-03
 2.64545045E-03
 2.96048182E-03
 5.07937235E-03
 1.43013558E-03
 1.52774487E-03
 1.62912848E-03
 1.74545716E-03
 2.20783212E-03
 2.42594705E-03
 2.69869513E-03
 3.82256038E-03
 4.49665460E-03
 5.80267884E-02
 8.50859982E-03
 2.56021632E-03
 2.84378340E-03
 3.19093723E-03
 4.69616005E-03
 5.71209957E-03
 1.16842920E-02
 5.06940990E-03
 6.27645383E-03
 7.58291424E-03
 1.35814389E-02
 1.37304294E-02
 7.52879237E-04
 7.40524507E-04
 7.86530872E-04
 8.12735767E-04
 8.45703366E-04
 1.66821418E-01
 1.03388291E-03
 1.04909280E-03
 1.12362366E-03
 1.19428069E-03
 7.04732548E-03
 1.50656847E-03
 1.59602523E-03
 1.72008959E-03
 1.75972200E-03
 2.37981234E-03
 2.65487801E-03
 2.02918558E-03
 4.54922980E-03
 9.84442256E-03
 1.48586320E-01
 1.43236636E-03
 1.51564356E-03
 1.60365265E-03
 1.71958276E-03
 2.15189352E-03
 2.37140487E-03
 2.63909061E-03
 3.74239827E-03
 4.36583023E-03
 5.49574984E-02
 8.21795532E-03
 2.64798292E-03
 2.94024292E-03
 3.29023587E-03
 2.21865853E-03
 4.81801403E-03
 5.82860270E-03
 7.19462077E-02
 1.18358814E-02
 8.71569696E-02
 6.10681514E-03
 5.40212230E-03
 6.66240990E-03
 8.14507315E-05
 1.42804264E-02
 2.27456360E-02
 2.11139820E-02
 1.50155680E-02
 9.17327955E-03
 1.13741394E-03
 1.00000000E+00
 1.30090337E-03
 1.34410231E-03
 1.43944199E-03
 1.53878455E-03
 2.00194625E-03
 2.15137609E-03
 2.37055004E-03
 3.39182197E-03
 3.91004171E-03
 6.69170013E-04
 7.37008939E-03
 2.53264836E-03
 2.82820857E-03
 3.15820840E-03
 4.07752500E-02
 4.62375671E-03
 5.58190383E-03
 1.30202319E-02
 1.13132523E-02
 1.60766785E-02
 5.40174685E-03
 6.64894302E-03
 2.75494262E-04
 1.42024917E-02
 2.33889629E-02
 1.96873714E-02
 1.54633561E-02
 4.52097752E-02
 2.29056252E-03
 2.50105320E-03
 2.79142653E-03
 4.13307619E-03
 4.95394502E-03
 1.01028565E-02
 5.06768850E-03
 6.23091113E-03
 7.81530298E-03
 1.33481093E-02
 1.50370137E-02
 1.00000000E+00
 1.00000000E+00
 1.00000000E+00
 1.00000000E+00
 1.00000000E+00
 1.00000000E+00
 1.00000000E+00
 1.00000000E+00
 1.00000000E+00
 1.00000000E+00
 1.00000000E+00
 1.00000000E+00
 5.66261071E-05
 1.48059078E-05
 5.56000255E-06
 4.27841320E-06
 2.44313419E-07
 1.12501824E-07
 1.15601476E-07
 5.21246637E-05
 2.22385365E-06
 7.12237430E-06
 6.27537535E-06
 2.62233254E-07
 1.20366469E-07
 6.55102390E-05
 8.10452891E-07
 3.31486795E-06
 3.90484007E-06
 4.09827607E-06
 1.66674179E-01
 5.19360411E-03
 3.80186659E-03
 2.15854168E-03
 6.39474847E-04
 5.88795964E-03
 6.45509550E-03
 7.08267617E-03
 5.25125053E-03
 5.96185000E-03
 8.76713617E-02
 4.62285112E-03
 4.64841607E-04
 4.58393369E-04
 4.72413555E-04
 4.79906812E-04
 5.05172892E-04
 5.14118551E-04
 6.49994311E-03
 5.91829500E-04
 6.04243444E-04
 6.13404096E-04
 6.33448575E-04
 6.57580725E-04
 1.65984146E-01
 7.67818682E-04
 7.85791183E-04
 8.23702489E-04
 8.53503165E-04
 5.73794018E-03
 1.05253251E-03
 1.09269875E-03
 1.14755489E-03
 3.23409344E-02
 1.52991120E-03
 1.61736157E-03
 9.19172914E-03
 2.46005229E-03
 1.09498134E-01
 6.63261996E-03
 7.91866210E-04
 8.20360385E-04
 8.55871245E-04
 8.85357344E-04
 9.21672826E-04
 1.66514354E-01
 1.06831191E-03
 1.14451812E-03
 1.21366451E-03
 1.28728089E-03
 7.31158397E-03
 1.60252759E-03
 1.71603887E-03
 1.85636457E-03
 1.81879799E-03
 2.56429624E-03
 2.86014856E-03
 2.06330975E-03
 4.93017694E-03
 1.02573180E-02
 1.55507453E-01
 1.30107452E-03
 1.39500946E-03
 1.49070328E-03
 1.60123312E-03
 2.02769965E-03
 2.24030657E-03
 2.49051731E-03
 3.54075375E-03
 4.16345074E-03
 5.21455091E-04
 7.95242205E-03
 2.25818096E-03
 2.52586611E-03
 2.83534434E-03
 2.97181542E-02
 4.21498994E-03
 5.13322577E-03
 7.77917542E-03
 1.06287566E-02
 6.81475148E-03
 4.37944707E-03
 5.41634250E-03
 2.24841445E-01
 1.19384912E-02
 2.75207448E-01
 3.92970461E-01
 1.15235737E-02
 1.12238840E-03
 1.13434884E-03
 1.15961122E-03
 1.21029446E-03
 1.27878824E-03
 1.35853020E-03
 8.24319764E-04
 8.46453476E-04
 8.64978265E-04
 8.97088334E-04
 9.36732196E-04
 1.65672328E-01
 8.52000790E-04
 8.61171518E-04
 9.12084625E-04
 9.66076813E-04
 9.55705865E-04
 9.96423909E-04
 1.06755658E-03
 1.30829081E-03
 1.42329000E-03
 2.15992978E-03
 8.27920094E-04
 8.29362023E-04
 8.78917705E-04
 9.07371533E-04
 9.46900520E-04
 1.12758618E-03
 1.16918523E-03
 1.22961112E-03
 1.30556135E-03
 1.58117305E-03
 1.71735002E-03
 1.86575778E-03
 2.55040665E-03
 2.84619256E-03
 4.83008030E-03
 1.41986258E-03
 1.51642977E-03
 1.61563670E-03
 1.72377120E-03
 2.18692387E-03
 2.38817454E-03
 2.64903071E-03
 3.74776168E-03
 4.36597950E-03
 5.75228431E-02
 8.20180742E-03
 2.54723196E-03
 2.82659530E-03
 3.15684085E-03
 4.65335856E-03
 5.61997118E-03
 1.14278488E-02
 5.04842508E-03
 6.21676211E-03
 7.58466351E-03
 1.34244056E-02
 1.36603295E-02
 7.20184350E-04
 7.15765745E-04
 7.70467102E-04
 7.96531029E-04
 8.28728601E-04
 1.66704555E-01
 1.00919429E-03
 1.03537899E-03
 1.10524860E-03
 1.16052326E-03
 7.02280003E-03
 1.44917843E-03
 1.55250477E-03
 1.66648514E-03
 1.75905344E-03
 2.28911059E-03
 2.52119475E-03
 2.05747052E-03
 4.29833642E-03
 9.77218558E-03
 1.43679498E-01
 1.42156150E-03
 1.49695292E-03
 1.59361818E-03
 1.70141498E-03
 2.15086632E-03
 2.34313414E-03
 2.59704653E-03
 3.65261228E-03
 4.23183934E-03
 5.43370764E-02
 7.90118089E-03
 2.62277764E-03
 2.90858119E-03
 3.25768324E-03
 2.22068388E-03
 4.76764689E-03
 5.72985827E-03
 7.15548410E-02
 1.15587136E-02
 8.57013051E-02
 5.44647500E-03
 5.37494289E-03
 6.60017015E-03
 1.11511384E-04
 1.41093877E-02
 2.24810679E-02
 2.05601646E-02
 1.49370005E-02
 9.13861478E-03
 9.56700686E-04
 1.00000000E+00
 1.27322297E-03
 1.31610054E-03
 1.40930081E-03
 1.51172823E-03
 1.92548752E-03
 2.09380772E-03
 2.31268744E-03
 3.31495029E-03
 3.78742405E-03
 7.12079105E-04
 7.07956263E-03
 2.52811322E-03
 2.79906989E-03
 3.11940268E-03
 4.06274167E-02
 4.57818229E-03
 5.47852780E-03
 1.29488084E-02
 1.10182128E-02
 1.57181393E-02
 5.37340530E-03
 6.59064433E-03
 3.13524465E-04
 1.40191167E-02
 2.31432406E-02
 1.90876262E-02
 1.53816124E-02
 4.50638147E-02
 2.27084996E-03
 2.46869470E-03
 2.75355132E-03
 4.06040319E-03
 4.85378268E-03
 9.81101097E-03
 5.03869047E-03
 6.16664560E-03
 7.83070825E-03
 1.31527351E-02
 1.49441476E-02
 1.00000000E+00
 1.00000000E+00
 1.00000000E+00
 1.00000000E+00
 1.00000000E+00
 1.00000000E+00
 1.00000000E+00
 1.00000000E+00
 1.00000000E+00
 1.00000000E+00
 1.00000000E+00
 1.00000000E+00
 5.57717788E-05
 5.52631979E-08
 4.50674079E-06
 1.52879916E-06
 2.32834761E-06
 2.03540888E-16
 1.92591828E-07
 4.16816881E-07
 5.86676807E-06
 4.93155998E-06
 2.58589080E-06
 5.45388578E-06
 9.23619821E-09
 1.90050823E-06
 3.55069875E-06
 8.02763156E-06
 1.61986151E-06
 9.79871768E-07
 1.66666839E-01
 2.66185937E-04
 4.04395797E-06
 4.76491917E-07
 3.85232177E-06
 5.97187245E-03
 3.66178305E-03
 1.13770062E-03
 6.66975869E-03
 7.49435589E-03
 8.78492096E-02
 6.18782106E-03
 4.30790229E-04
 4.36929276E-04
 4.70888376E-04
 4.70041950E-04
 4.86712752E-04
 5.02065091E-04
 6.50121721E-03
 5.70462768E-04
 6.11833107E-04
 6.03895157E-04
 6.24459844E-04
 6.40711152E-04
 1.65882150E-01
 7.58281164E-04
 7.53069814E-04
 8.01694429E-04
 8.30537272E-04
 5.72558048E-03
 1.02011428E-03
 1.04917323E-03
 1.10544318E-03
 3.21507698E-02
 1.44237404E-03
 1.54607628E-03
 9.19802362E-03
 2.31497806E-03
 1.07768060E-01
 6.56476026E-03
 7.95909529E-04
 8.32204517E-04
 8.47130290E-04
 8.70769232E-04
 9.06402617E-04
 1.66415779E-01
 1.07828069E-03
 1.12484589E-03
 1.19636246E-03
 1.26182292E-03
 7.29859825E-03
 1.54881102E-03
 1.68901394E-03
 1.81594544E-03
 1.82097194E-03
 2.47922825E-03
 2.76960113E-03
 2.10060831E-03
 4.71095800E-03
 1.02151831E-02
 1.50936764E-01
 1.28505880E-03
 1.37122288E-03
 1.47807731E-03
 1.58102884E-03
 2.01555988E-03
 2.21663168E-03
 2.44672964E-03
 3.47467613E-03
 4.06917602E-03
 5.62422039E-04
 7.69278372E-03
 2.22928158E-03
 2.51545926E-03
 2.80511148E-03
 2.96577388E-02
 4.18144525E-03
 5.05437982E-03
 7.78745391E-03
 1.04018987E-02
 6.76881628E-03
 4.35597280E-03
 5.37028411E-03
 2.24395067E-01
 1.18022671E-02
 2.74050000E-01
 3.89790143E-01
 1.14688488E-02
 1.61048989E-03
 1.73643858E-03
 1.76975088E-03
 1.85067700E-03
 1.93552553E-03
 2.02097474E-03
 9.95474317E-04
 1.04294072E-03
 1.12247149E-03
 1.22813463E-03
 1.34108643E-03
 1.65164743E-01
 9.65054475E-04
 9.81399874E-04
 1.02309891E-03
 1.07860505E-03
 1.04706707E-03
 1.09230959E-03
 1.17271668E-03
 1.29505592E-03
 1.37573733E-03
 2.05228858E-03
 8.23909256E-04
 8.35442121E-04
 8.64832927E-04
 8.99155190E-04
 9.32852104E-04
 1.08294228E-03
 1.16375955E-03
 1.21301535E-03
 1.28094259E-03
 1.56508342E-03
 1.67605887E-03
 1.81382363E-03
 2.45826907E-03
 2.73982107E-03
 4.59119356E-03
 1.42052518E-03
 1.52051341E-03
 1.59969305E-03
 1.69787063E-03
 2.16170735E-03
 2.35313771E-03
 2.59127777E-03
 3.66155019E-03
 4.26263704E-03
 5.70447178E-02
 7.91983170E-03
 2.50808024E-03
 2.81906476E-03
 3.12626882E-03
 4.58697966E-03
 5.53138416E-03
 1.11755400E-02
 5.02190891E-03
 6.16101392E-03
 7.59504068E-03
 1.32609115E-02
 1.35858426E-02
 7.13435963E-04
 7.03531581E-04
 7.57654878E-04
 7.72004968E-04
 8.07362109E-04
 1.66589030E-01
 1.00925673E-03
 1.01644732E-03
 1.07635772E-03
 1.13017608E-03
 7.00511937E-03
 1.40770215E-03
 1.52920072E-03
 1.61537204E-03
 1.75957513E-03
 2.25266699E-03
 2.41662578E-03
 2.08254376E-03
 4.07683366E-03
 9.71158498E-03
 1.39133480E-01
 1.41913484E-03
 1.48373888E-03
 1.57680951E-03
 1.67232245E-03
 2.12066671E-03
 2.30388282E-03
 2.53691279E-03
 3.58211693E-03
 4.12135612E-03
 5.37365929E-02
 7.59994533E-03
 2.60920643E-03
 2.88670304E-03
 3.22182064E-03
 2.22693161E-03
 4.71495473E-03
 5.63217827E-03
 7.11761008E-02
 1.12889153E-02
 8.42729681E-02
 4.82383028E-03
 5.35112375E-03
 6.54707033E-03
 1.37602915E-04
 1.39375398E-02
 2.22217477E-02
 2.00154294E-02
 1.48633233E-02
 9.10888689E-03
 7.77705578E-04
 1.00000000E+00
 1.23023407E-03
 1.29878756E-03
 1.38216543E-03
 1.48190464E-03
 1.91561242E-03
 2.06188206E-03
 2.25828317E-03
 3.22801678E-03
 3.66188297E-03
 7.66976476E-04
 6.78726496E-03
 2.49433105E-03
 2.77171972E-03
 3.08182216E-03
 4.04914411E-02
 4.51508449E-03
 5.38309678E-03
 1.28848179E-02
 1.07314499E-02
 1.53797427E-02
 5.35265698E-03
 6.52236493E-03
 3.46532310E-04
 1.38353940E-02
 2.29016820E-02
 1.84959498E-02
 1.53014382E-02
 4.49223607E-02
 2.22257922E-03
 2.43817166E-03
 2.70781580E-03
 4.00118889E-03
 4.75472237E-03
 9.52122355E-03
 5.01378972E-03
 6.10697973E-03
 7.84356523E-03
 1.29566027E-02
 1.48576121E-02
 1.00000000E+00
 1.00000000E+00
 1.00000000E+00
 1.00000000E+00
 1.00000000E+00
 1.00000000E+00
 1.00000000E+00
 1.00000000E+00
 1.00000000E+00
 1.00000000E+00
 1.00000000E+00
 1.00000000E+00
 3.74438110E-05
 7.54191744E-06
 1.78160042E-06
 1.81076304E-06
 1.29430129E-06
 1.07832339E-06
 6.83626618E-07
 5.41635586E-06
 1.92719308E-06
 6.13522836E-09
 8.72310802E-07
 6.39168965E-07
 5.00917423E-07
 1.43931420E-05
 4.33152039E-06
 4.49756550E-06
 5.26571580E-06
 3.86709113E-07
 1.66667012E-01
 3.24433517E-05
 8.15018077E-06
 1.24536067E-06
 7.25284683E-06
 2.92239906E-04
 8.61206091E-06
 8.18652600E-07
 5.91305836E-03
 2.03991209E-03
 9.09097287E-02
 7.88476154E-03
 4.24769536E-04
 4.37152771E-04
 4.60687576E-04
 4.72239486E-04
 4.80381540E-04
 4.88839185E-04
 6.54834201E-03
 5.51728023E-04
 5.67544659E-04
 5.78469408E-04
 6.09093935E-04
 6.27692800E-04
 1.65779545E-01
 7.46145131E-04
 7.43489056E-04
 7.78675134E-04
 8.02559972E-04
 5.69920596E-03
 9.54203671E-04
 1.02589748E-03
 1.06730870E-03
 3.19526902E-02
 1.40949492E-03
 1.47396181E-03
 9.19195812E-03
 2.18365436E-03
 1.06117523E-01
 6.46483333E-03
 7.99180553E-04
 8.18149525E-04
 8.43254938E-04
 8.70051529E-04
 9.02249790E-04
 1.66318336E-01
 1.06884293E-03
 1.11335479E-03
 1.18142360E-03
 1.24277867E-03
 7.27679703E-03
 1.50808648E-03
 1.64665463E-03
 1.77019515E-03
 1.82218177E-03
 2.39607845E-03
 2.66987162E-03
 2.13111708E-03
 4.50218734E-03
 1.01616733E-02
 1.46706709E-01
 1.30602330E-03
 1.36539385E-03
 1.47193936E-03
 1.56797555E-03
 1.97848877E-03
 2.18190521E-03
 2.41072021E-03
 3.38753960E-03
 3.97589548E-03
 5.96577221E-04
 7.42359258E-03
 2.23765267E-03
 2.49032041E-03
 2.78190607E-03
 2.96022583E-02
 4.11939305E-03
 4.97143130E-03
 7.80453684E-03
 1.01703936E-02
 6.71150309E-03
 4.32967241E-03
 5.32421147E-03
 2.23949920E-01
 1.16624745E-02
 2.72910284E-01
 3.86663482E-01
 1.14011181E-02
 2.22029928E-03
 2.34536889E-03
 2.39209635E-03
 2.49082400E-03
 2.59893770E-03
 2.70082866E-03
 1.62588677E-03
 1.71553370E-03
 1.81554499E-03
 1.93402847E-03
 2.06437617E-03
 1.64413952E-01
 1.07880052E-03
 1.13403699E-03
 1.21948876E-03
 1.34696386E-03
 1.14855834E-03
 1.20442494E-03
 1.26637387E-03
 1.34128839E-03
 1.45608943E-03
 1.92438856E-03
 8.15941652E-04
 8.17550282E-04
 8.52884623E-04
 8.86809500E-04
 9.22545391E-04
 1.07655567E-03
 1.13769444E-03
 1.19114609E-03
 1.26084085E-03
 1.54862543E-03
 1.65572796E-03
 1.77179577E-03
 2.38990505E-03
 2.63324292E-03
 4.37127154E-03
 1.42803358E-03
 1.49721458E-03
 1.58809330E-03
 1.68538821E-03
 2.15139986E-03
 2.32024566E-03
 2.54392493E-03
 3.58222616E-03
 4.14702882E-03
 5.65481749E-02
 7.63102379E-03
 2.52439895E-03
 2.78076141E-03
 3.09943692E-03
 4.51635610E-03
 5.43155125E-03
 1.09177659E-02
 4.99434065E-03
 6.10358542E-03
 7.60049829E-03
 1.30955492E-02
 1.35071594E-02
 6.98950315E-04
 7.04147586E-04
 7.47201012E-04
 7.62812432E-04
 7.95559645E-04
 1.66470299E-01
 9.50738523E-04
 1.00969461E-03
 1.05485389E-03
 1.09246244E-03
 6.97527738E-03
 1.36236912E-03
 1.47473710E-03
 1.55475183E-03
 1.75219211E-03
 2.14133738E-03
 2.31845841E-03
 2.10943902E-03
 3.82240879E-03
 9.63919051E-03
 1.34917951E-01
 1.37929657E-03
 1.47672615E-03
 1.56080039E-03
 1.65649617E-03
 2.07956194E-03
 2.26976847E-03
 2.48604818E-03
 3.47878798E-03
 4.01250019E-03
 5.31302729E-02
 7.30588897E-03
 2.59386399E-03
 2.87064238E-03
 3.18989563E-03
 2.22812796E-03
 4.65269968E-03
 5.53799337E-03
 7.07850427E-02
 1.10232737E-02
 8.29121073E-02
 4.25926798E-03
 5.32345060E-03
 6.48994697E-03
 1.64248420E-04
 1.37580157E-02
 2.19670470E-02
 1.94939073E-02
 1.47800929E-02
 9.07275169E-03
 6.12555493E-04
 1.00000000E+00
 1.23848956E-03
 1.29230953E-03
 1.37384591E-03
 1.46005737E-03
 1.87365155E-03
 2.02689034E-03
 2.20080432E-03
 3.13892164E-03
 3.54796257E-03
 8.08988158E-04
 6.46427228E-03
 2.49180788E-03
 2.74353052E-03
 3.05058403E-03
 4.03496409E-02
 4.44028190E-03
 5.27752168E-03
 1.28145718E-02
 1.04461717E-02
 1.50509304E-02
 5.32162799E-03
 6.46594647E-03
 3.79622975E-04
 1.36457445E-02
 2.26638163E-02
 1.79266569E-02
 1.52085734E-02
 4.47769854E-02
 2.20214645E-03
 2.42018073E-03
 2.67175309E-03
 3.93156575E-03
 4.64792804E-03
 9.23843610E-03
 4.97684897E-03
 6.03855232E-03
 7.85793857E-03
 1.27618341E-02
 1.47623782E-02
 1.00000000E+00
 1.00000000E+00
 1.00000000E+00
 1.00000000E+00
 1.00000000E+00
 1.00000000E+00
 1.00000000E+00
 1.00000000E+00
 1.00000000E+00
 1.00000000E+00
 1.00000000E+00
 1.00000000E+00
 2.35978704E-05
 6.07140813E-06
 2.06847163E-05
 6.73617619E-07
 1.34055293E-06
 3.40160720E-06
 2.12328590E-06
 3.52466198E-05
 9.68668099E-07
 3.48023779E-06
 5.02046006E-06
 5.10431750E-07
 1.00666448E-06
 4.19247351E-05
 4.78072147E-07
 2.09855743E-06
 7.27269428E-07
 2.99013985E-07
 1.66666667E-01
 1.28510864E-05
 1.65408318E-05
 7.11940926E-07
 2.81746532E-07
 4.05114597E-06
 1.40934925E-05
 1.14158576E-05
 1.72749441E-05
 2.20378572E-06
 9.09316302E-02
 3.95153336E-03
 4.47926850E-04
 4.36083163E-04
 4.67623968E-04
 4.67715832E-04
 4.83198886E-04
 4.94216918E-04
 6.56580385E-03
 5.42013363E-04
 5.47150554E-04
 5.82255383E-04
 5.95581722E-04
 6.15586475E-04
 1.65674771E-01
 6.97941691E-04
 7.40178813E-04
 7.74301474E-04
 7.80494982E-04
 5.62696930E-03
 9.71587152E-04
 9.97651751E-04
 1.02298526E-03
 3.17727335E-02
 1.30767167E-03
 1.40093484E-03
 9.17721810E-03
 2.06443660E-03
 1.04565783E-01
 6.35932440E-03
 8.17218263E-04
 7.99765100E-04
 8.32552604E-04
 8.60720464E-04
 8.90499087E-04
 1.66221164E-01
 1.04137717E-03
 1.08650132E-03
 1.16166368E-03
 1.21741668E-03
 7.26062300E-03
 1.51207518E-03
 1.59795658E-03
 1.72773559E-03
 1.81081349E-03
 2.36451885E-03
 2.56273598E-03
 2.14852538E-03
 4.31690766E-03
 1.01033245E-02
 1.42768327E-01
 1.29345607E-03
 1.36868711E-03
 1.46182028E-03
 1.55329297E-03
 1.95862479E-03
 2.15152362E-03
 2.36689771E-03
 3.33620946E-03
 3.87103779E-03
 6.36524013E-04
 7.19360390E-03
 2.22258568E-03
 2.46147537E-03
 2.75453786E-03
 2.95433804E-02
 4.07916038E-03
 4.89576983E-03
 7.80273685E-03
 9.95925389E-03
 6.66078707E-03
 4.29278467E-03
 5.27432811E-03
 2.23519596E-01
 1.15333649E-02
 2.71797640E-01
 3.83579956E-01
 1.13248595E-02
 2.81257545E-03
 2.92836680E-03
 3.02562795E-03
 3.13519394E-03
 3.24578437E-03
 3.37033471E-03
 2.24768312E-03
 2.38273951E-03
 2.49302259E-03
 2.63503283E-03
 2.78389923E-03
 1.63664960E-01
 1.66489759E-03
 1.77743121E-03
 1.93566026E-03
 2.13088658E-03
 1.30042355E-03
 1.31486251E-03
 1.44252727E-03
 1.48634882E-03
 1.52777255E-03
 1.88298947E-03
 8.07419641E-04
 8.03955566E-04
 8.38463226E-04
 8.73336421E-04
 9.09204876E-04
 1.06226423E-03
 1.12454252E-03
 1.15991008E-03
 1.22700023E-03
 1.49860107E-03
 1.59324073E-03
 1.70929140E-03
 2.31925717E-03
 2.53425123E-03
 4.14996132E-03
 1.38642398E-03
 1.48323285E-03
 1.56828132E-03
 1.66753963E-03
 2.08617441E-03
 2.28483418E-03
 2.50204522E-03
 3.51048882E-03
 4.03653431E-03
 5.60825985E-02
 7.37716287E-03
 2.50407512E-03
 2.76732028E-03
 3.06740519E-03
 4.47485281E-03
 5.35736781E-03
 1.06981675E-02
 4.96080268E-03
 6.05220524E-03
 7.59546549E-03
 1.29468893E-02
 1.34265413E-02
 6.53995479E-04
 6.85671794E-04
 7.29644601E-04
 7.51038913E-04
 7.82858438E-04
 1.66350364E-01
 8.91453726E-04
 9.82095207E-04
 1.01994678E-03
 1.05652005E-03
 6.93711141E-03
 1.32447841E-03
 1.40676599E-03
 1.48968637E-03
 1.75047953E-03
 2.01168890E-03
 2.21338626E-03
 2.13620244E-03
 3.60943562E-03
 9.55400727E-03
 1.31014850E-01
 1.36344367E-03
 1.45499686E-03
 1.53964066E-03
 1.63549009E-03
 2.06514558E-03
 2.22573723E-03
 2.42703413E-03
 3.40823988E-03
 3.88923153E-03
 5.25531100E-02
 7.04782787E-03
 2.59360768E-03
 2.84287648E-03
 3.14785544E-03
 2.23163613E-03
 4.60447534E-03
 5.44206718E-03
 7.04158384E-02
 1.07655703E-02
 8.16013506E-02
 3.71588259E-03
 5.29983257E-03
 6.43042801E-03
 1.92588306E-04
 1.35949259E-02
 2.17221282E-02
 1.89699203E-02
 1.47041297E-02
 9.04196745E-03
 4.36728112E-04
 1.00000000E+00
 1.21334667E-03
 1.27814639E-03
 1.35355325E-03
 1.43242072E-03
 1.83267629E-03
 1.97835968E-03
 2.14629478E-03
 3.03874811E-03
 3.43558638E-03
 8.57521732E-04
 6.19375196E-03
 2.48121042E-03
 2.71613195E-03
 3.01475603E-03
 4.02110424E-02
 4.40853755E-03
 5.17573393E-03
 1.27465007E-02
 1.01882015E-02
 1.47413492E-02
 5.30375108E-03
 6.40757680E-03
 4.16521839E-04
 1.34745216E-02
 2.24358564E-02
 1.73589275E-02
 1.51068295E-02
 4.46393004E-02
 2.17329670E-03
 2.39738182E-03
 2.63057309E-03
 3.88167743E-03
 4.54513766E-03
 8.96083520E-03
 4.94403383E-03
 5.97599889E-03
 7.87332137E-03
 1.25803447E-02
 1.46829273E-02
 1.00000000E+00
 1.00000000E+00
 1.00000000E+00
 1.00000000E+00
 1.00000000E+00
 1.00000000E+00
 1.00000000E+00
 1.00000000E+00
 1.00000000E+00
 1.00000000E+00
 1.00000000E+00
 1.00000000E+00
 3.41589277E-05
 2.84423685E-05
 4.04204088E-06
 4.25812905E-07
 1.48631519E-06
 4.07049251E-06
 2.53042930E-07
 9.53130744E-06
 1.85558690E-05
 2.31884471E-06
 4.51300200E-06
 2.73117591E-07
 5.38063513E-06
 4.45030147E-06
 2.03066913E-08
 8.99814879E-06
 8.76909817E-06
 5.31550131E-07
 1.66666667E-01
 5.50944469E-06
 1.67240944E-06
 7.50560415E-07
 3.94749715E-07
 2.71339605E-05
 9.56455132E-07
 2.41678134E-06
 1.84925712E-05
 1.30657851E-05
 9.09090909E-02
 1.30570211E-05
 4.18874236E-04
 4.38170446E-04
 4.46830953E-04
 4.58626856E-04
 4.72177692E-04
 4.83058824E-04
 6.60409297E-03
 5.48722863E-04
 5.53388500E-04
 5.72346096E-04
 5.92361894E-04
 6.05988624E-04
 1.65570000E-01
 6.83339027E-04
 7.14028374E-04
 7.54112748E-04
 7.65766781E-04
 5.66583926E-03
 9.20299167E-04
 9.70420261E-04
 9.93625282E-04
 3.14667521E-02
 1.30318491E-03
 1.34114389E-03
 9.18173133E-03
 1.92836641E-03
 1.03080796E-01
 6.32291803E-03
 7.57032286E-04
 7.72142803E-04
 8.32032589E-04
 8.54052476E-04
 8.81027627E-04
 1.66125519E-01
 1.00555348E-03
 1.07725703E-03
 1.14193769E-03
 1.20297186E-03
 7.25016062E-03
 1.44204064E-03
 1.58099681E-03
 1.68593321E-03
 1.81162420E-03
 2.24943268E-03
 2.50542087E-03
 2.17040648E-03
 4.09694958E-03
 1.00589373E-02
 1.39068402E-01
 1.27095495E-03
 1.35460047E-03
 1.45114966E-03
 1.53808332E-03
 1.91778683E-03
 2.12809835E-03
 2.33255804E-03
 3.25513431E-03
 3.78961381E-03
 6.69656151E-04
 6.93627303E-03
 2.22077690E-03
 2.44646948E-03
 2.73173087E-03
 2.94910081E-02
 4.00581147E-03
 4.82580471E-03
 7.81217881E-03
 9.73387234E-03
 6.61588592E-03
 4.28719471E-03
 5.23539816E-03
 2.23095048E-01
 1.13901209E-02
 2.70695542E-01
 3.80535441E-01
 1.12755387E-02
 3.41918211E-03
 3.56253894E-03
 3.65523919E-03
 3.80570527E-03
 3.97444389E-03
 4.31457217E-03
 2.93114863E-03
 3.04633982E-03
 3.16481826E-03
 3.34031239E-03
 3.51614129E-03
 1.62924203E-01
 2.34567726E-03
 2.48492835E-03
 2.68978946E-03
 2.91952861E-03
 1.71574908E-03
 1.94774495E-03
 2.21785834E-03
 1.53990735E-03
 1.62901218E-03
 1.93396546E-03
 7.90825602E-04
 7.97131204E-04
 8.30451097E-04
 8.67112354E-04
 8.96568884E-04
 1.01112794E-03
 1.09559354E-03
 1.14618813E-03
 1.20582156E-03
 1.44537759E-03
 1.57064216E-03
 1.67195736E-03
 2.23447771E-03
 2.44785727E-03
 3.92829222E-03
 1.37834423E-03
 1.46406481E-03
 1.55957154E-03
 1.65092719E-03
 2.03201500E-03
 2.24893764E-03
 2.46537608E-03
 3.42901740E-03
 3.94364188E-03
 5.56278347E-02
 7.09535014E-03
 2.47062064E-03
 2.73590192E-03
 3.04150059E-03
 4.40831777E-03
 5.27134556E-03
 1.04373035E-02
 4.93696414E-03
 6.00523624E-03
 7.60499764E-03
 1.27792172E-02
 1.33611778E-02
 6.57055043E-04
 6.72744817E-04
 7.09628639E-04
 7.42439949E-04
 7.65906639E-04
 1.66232701E-01
 8.72732621E-04
 9.52853988E-04
 1.00097393E-03
 1.03889664E-03
 6.91187094E-03
 1.26857284E-03
 1.37338739E-03
 1.43289361E-03
 1.75521442E-03
 1.95632311E-03
 2.11451386E-03
 2.15778105E-03
 3.40502903E-03
 9.49410084E-03
 1.27267112E-01
 1.35747493E-03
 1.44483014E-03
 1.52905341E-03
 1.61753675E-03
 2.01050418E-03
 2.19757129E-03
 2.39539645E-03
 3.31895014E-03
 3.79814788E-03
 5.19870276E-02
 6.75896730E-03
 2.57546517E-03
 2.82477335E-03
 3.12432959E-03
 2.23410176E-03
 4.52192051E-03
 5.36245297E-03
 7.00455592E-02
 1.05067547E-02
 8.02903159E-02
 3.23137120E-03
 5.26110524E-03
 6.37664176E-03
 2.16835562E-04
 1.34053173E-02
 2.14780223E-02
 1.84730098E-02
 1.46173785E-02
 9.01158605E-03
 2.78124076E-04
 1.00000000E+00
 1.16777448E-03
 1.25439700E-03
 1.33378017E-03
 1.41240221E-03
 1.78409918E-03
 1.93855647E-03
 2.09878929E-03
 2.93112352E-03
 3.32747256E-03
 9.03359637E-04
 5.91391335E-03
 2.45775034E-03
 2.69607434E-03
 2.98304960E-03
 4.00739764E-02
 4.29898983E-03
 5.08282586E-03
 1.26864581E-02
 9.90089736E-03
 1.44305633E-02
 5.26030650E-03
 6.34909545E-03
 4.48612124E-04
 1.32721836E-02
 2.22094238E-02
 1.68176059E-02
 1.50262147E-02
 4.45022295E-02
 2.13911485E-03
 2.37910006E-03
 2.59586770E-03
 3.81817813E-03
 4.44917225E-03
 8.68853028E-03
 4.91408727E-03
 5.91696597E-03
 7.88570448E-03
 1.23854372E-02
 1.45853275E-02
 1.00000000E+00
 1.00000000E+00
 1.00000000E+00
 1.00000000E+00
 1.00000000E+00
 1.00000000E+00
 1.00000000E+00
 1.00000000E+00
 1.00000000E+00
 1.00000000E+00
 1.00000000E+00
 1.00000000E+00
