 9.33282934E-04
 9.10914113E-04
 8.92671592E-04
 8.69726258E-04
 8.42471559E-04
 8.08888514E-04
 7.72236128E-04
 5.98664126E-04
 5.83557776E-04
 5.70106941E-04
 5.54961404E-04
 5.34729982E-04
 5.06875962E-04
 3.88745099E-04
 3.69719214E-04
 3.52392025E-04
 3.36598646E-04
 3.15118972E-04
 9.35457850E-02
 2.13222935E-04
 2.08605819E-04
 2.04061710E-04
 2.01225880E-04
 1.08100469E-04
 1.28596729E-04
 1.51939662E-04
 1.12588139E-04
 1.89520105E-04
 9.42994997E-02
 2.82185700E-04
 1.28529119E-05
 1.53068541E-05
 1.27399214E-05
 1.60775776E-05
 1.45592447E-05
 1.13696860E-05
 4.03992357E-03
 1.29348207E-05
 1.13190017E-05
 6.23818754E-06
 3.58499970E-06
 2.55930421E-06
 9.42412072E-02
 7.46979144E-06
 6.66208088E-08
 1.71265342E-05
 3.31091788E-05
 4.93117175E-03
 1.34852942E-05
 4.13634992E-05
 8.51101655E-05
 1.95434623E-02
 7.42929576E-05
 1.66109356E-04
 4.82161285E-03
 2.92613530E-04
 9.38416353E-02
 3.95511410E-03
 1.03189800E-05
 2.10692552E-05
 1.96739247E-05
 2.63886168E-05
 3.12292367E-05
 9.52421267E-02
 1.36721114E-05
 2.01907656E-05
 2.00560062E-05
 1.38658564E-05
 4.83887195E-03
 1.00389450E-05
 7.19346079E-06
 2.04748379E-05
 1.32891438E-03
 1.89874706E-05
 8.73236326E-05
 1.39000280E-03
 2.01149963E-04
 4.86160046E-03
 9.18941335E-02
 1.91080576E-05
 3.74793238E-05
 4.42698667E-05
 5.80492862E-05
 3.39053782E-05
 4.29783787E-05
 4.45515376E-05
 3.24646739E-05
 1.20177130E-05
 1.32159528E-03
 5.21883841E-05
 3.65404838E-05
 7.47295040E-05
 1.05953312E-04
 1.88655715E-02
 7.44706994E-05
 1.09814435E-04
 4.88914086E-03
 1.00465910E-04
 5.02120004E-03
 8.66485370E-05
 1.87459669E-04
 9.82163107E-02
 2.18767472E-04
 9.89173931E-02
 9.97016614E-02
 2.98937815E-04
 4.17225859E-05
 4.04068123E-05
 4.08821997E-05
 3.84709461E-05
 3.57043059E-05
 3.12367809E-05
 3.83658751E-05
 2.86887707E-05
 2.43032448E-05
 2.12535146E-05
 1.04702007E-05
 9.37968635E-02
 2.20407135E-05
 1.35966800E-05
 6.60296168E-06
 2.50908380E-05
 5.86311571E-06
 3.84205798E-05
 8.59783518E-05
 7.79750882E-05
 1.78407838E-04
 3.18972368E-04
 1.39462780E-05
 2.41972873E-05
 2.78518373E-05
 3.26745004E-05
 3.19238458E-05
 1.57551811E-05
 1.73195584E-05
 1.45280414E-05
 9.21684799E-06
 1.26439069E-05
 4.11960767E-06
 3.29177722E-05
 3.24988831E-05
 1.09844989E-04
 2.39032790E-04
 1.75626401E-05
 3.38933255E-05
 4.59820849E-05
 5.70591901E-05
 2.94847139E-05
 3.79425620E-05
 3.90650566E-05
 2.60955458E-05
 5.45979174E-06
 2.45514639E-02
 8.34509945E-05
 3.62373851E-05
 7.47771253E-05
 1.07131647E-04
 6.74282619E-05
 1.05733390E-04
 8.30506711E-05
 9.16853671E-05
 2.00659373E-04
 4.86874176E-03
 2.24417553E-04
 3.33562161E-04
 4.46764533E-05
 5.16313797E-05
 5.12671777E-05
 5.20788491E-05
 5.17117217E-05
 9.44295439E-02
 4.09618255E-05
 3.90521332E-05
 3.39575004E-05
 2.10369445E-05
 4.88501529E-03
 2.24078674E-05
 7.22306687E-06
 2.73378084E-05
 1.30797676E-03
 3.18430217E-05
 1.16815537E-04
 1.38927938E-03
 2.65470562E-04
 4.85956689E-03
 8.69248416E-02
 3.05631770E-05
 3.76807526E-05
 5.34352228E-05
 5.96537948E-05
 3.59381493E-05
 3.73526825E-05
 3.40406021E-05
 2.47135393E-05
 1.53881278E-05
 2.47332526E-02
 1.13719771E-04
 4.09878644E-05
 7.69497123E-05
 1.04650993E-04
 1.27595217E-03
 6.36601699E-05
 9.51048008E-05
 2.50733171E-02
 6.05824946E-05
 2.52675697E-02
 1.82187335E-03
 9.86897428E-05
 2.04623365E-04
 1.19596997E-03
 2.17880488E-04
 5.54787029E-03
 1.11456333E-03
 3.46914104E-04
 5.01145866E-03
 4.78061483E-03
 1.00000000E+00
 5.06070630E-05
 6.16744536E-05
 6.30170314E-05
 6.67344632E-05
 5.15552659E-05
 4.76447448E-05
 3.40104412E-05
 2.07671969E-05
 2.74358679E-05
 1.31141682E-03
 1.42847565E-04
 5.05471546E-05
 8.34721685E-05
 1.02398605E-04
 2.00410845E-02
 6.51921626E-05
 8.12707829E-05
 5.16883431E-03
 3.38314388E-05
 5.10070797E-03
 9.97755746E-05
 1.93498747E-04
 1.17836241E-03
 1.98733098E-04
 5.42397352E-03
 1.20952402E-03
 3.42934890E-04
 1.91934370E-01
 6.03485243E-05
 7.98450479E-05
 9.17551907E-05
 6.09205418E-05
 6.23311740E-05
 6.13324233E-07
 1.00323767E-04
 1.75996675E-04
 4.75824320E-03
 1.70186708E-04
 3.19344579E-04
 1.00000000E+00
 1.00000000E+00
 1.00000000E+00
 1.00000000E+00
 1.00000000E+00
 1.00000000E+00
 1.00000000E+00
 1.00000000E+00
 1.00000000E+00
 1.00000000E+00
 1.00000000E+00
 1.00000000E+00
 1.14502713E-03
 1.12045916E-03
 1.08958945E-03
 9.70069150E-04
 8.04230464E-04
 6.34797217E-04
 4.84011986E-04
 7.92251710E-04
 7.70029070E-04
 7.38181595E-04
 7.10191103E-04
 6.76045674E-04
 6.40648980E-04
 4.91383081E-04
 4.68257089E-04
 4.47639864E-04
 4.30682320E-04
 4.01376233E-04
 9.35720773E-02
 2.94092891E-04
 2.77978867E-04
 2.61321117E-04
 2.47573794E-04
 1.60976478E-04
 1.62692194E-04
 1.74990587E-04
 1.26705337E-04
 1.81809820E-04
 9.40259365E-02
 2.80142621E-04
 1.30820563E-05
 1.97814866E-05
 1.71896080E-05
 1.84665368E-05
 2.02242472E-05
 1.18030454E-05
 4.03843030E-03
 1.05635279E-05
 1.12782252E-05
 9.78220187E-06
 2.96660726E-06
 3.53044102E-06
 9.41944037E-02
 3.91583432E-06
 2.78845172E-06
 1.47542339E-05
 3.62555283E-05
 4.93135724E-03
 1.50363991E-05
 4.19320740E-05
 8.76287411E-05
 1.95199666E-02
 7.72385970E-05
 1.73397343E-04
 4.82328130E-03
 3.08665165E-04
 9.34399644E-02
 3.93715964E-03
 1.31109471E-05
 2.23740017E-05
 2.54163094E-05
 2.85615257E-05
 3.37181849E-05
 9.51961672E-02
 1.74973325E-05
 2.24727894E-05
 2.00266044E-05
 1.27387841E-05
 4.83975752E-03
 1.20953743E-05
 3.22690062E-06
 2.47557349E-05
 1.33097496E-03
 1.87547864E-05
 9.40969273E-05
 1.39573932E-03
 2.18714975E-04
 4.86102363E-03
 9.11828833E-02
 2.12503910E-05
 3.80990253E-05
 4.56649257E-05
 5.80427586E-05
 3.42913522E-05
 4.18423288E-05
 3.95668880E-05
 3.51335167E-05
 6.35149143E-06
 1.32820633E-03
 6.48906855E-05
 4.15108239E-05
 7.48303605E-05
 1.06045852E-04
 1.88580649E-02
 7.34464083E-05
 1.04105041E-04
 4.89186787E-03
 9.10582532E-05
 5.02029258E-03
 8.98120181E-05
 1.89596588E-04
 9.81254326E-02
 2.16176026E-04
 9.87830707E-02
 9.93936003E-02
 2.96951702E-04
 3.24354525E-05
 3.61201616E-05
 3.71620976E-05
 3.52273817E-05
 3.16165905E-05
 2.96693319E-05
 3.30171749E-05
 2.36678028E-05
 2.68053663E-05
 1.79525609E-05
 8.56773949E-06
 9.37411588E-02
 2.11668983E-05
 1.10156569E-05
 5.70810142E-06
 2.72623637E-05
 1.33138716E-05
 4.45635440E-05
 8.97903248E-05
 8.53937031E-05
 1.84285394E-04
 3.32158628E-04
 1.23414186E-05
 2.34105195E-05
 3.02513037E-05
 3.25861693E-05
 3.22407208E-05
 1.56942913E-05
 1.93851320E-05
 1.67432574E-05
 6.63918256E-06
 1.05393915E-05
 6.45842472E-06
 3.70638316E-05
 3.38254705E-05
 1.17109297E-04
 2.57010860E-04
 1.80240815E-05
 3.27828298E-05
 4.68871692E-05
 5.33945479E-05
 2.98418469E-05
 3.55223772E-05
 3.59039841E-05
 2.48208793E-05
 1.49163611E-05
 2.44864989E-02
 1.00161420E-04
 4.00163157E-05
 7.33623103E-05
 1.01830529E-04
 6.89880598E-05
 9.86816506E-05
 7.37234311E-05
 9.59706586E-05
 1.95041468E-04
 4.87021891E-03
 2.20473210E-04
 3.28006060E-04
 4.52679618E-05
 5.31943455E-05
 5.61652442E-05
 5.41493329E-05
 5.32908440E-05
 9.43697633E-02
 4.41516948E-05
 3.95678751E-05
 3.61955667E-05
 2.29338148E-05
 4.88439403E-03
 2.39052019E-05
 6.17438080E-06
 3.50805977E-05
 1.30790760E-03
 3.51100732E-05
 1.24335141E-04
 1.39522550E-03
 2.83303383E-04
 4.85725992E-03
 8.61156607E-02
 3.05143307E-05
 4.05537467E-05
 5.63376152E-05
 5.82044580E-05
 3.53021333E-05
 3.44321938E-05
 3.10492785E-05
 1.86933003E-05
 2.88272837E-05
 2.46735900E-02
 1.31543127E-04
 4.29968408E-05
 7.35363269E-05
 1.04338299E-04
 1.27823446E-03
 6.38706533E-05
 8.85347540E-05
 2.50209652E-02
 4.69610061E-05
 2.51382923E-02
 1.87167328E-03
 9.63931227E-05
 1.97323703E-04
 1.20104174E-03
 2.10807200E-04
 5.52363383E-03
 1.16660260E-03
 3.40077877E-04
 5.01443385E-03
 4.80791920E-03
 1.00000000E+00
 5.13204161E-05
 5.88097362E-05
 6.26423424E-05
 6.56027897E-05
 4.80306847E-05
 4.26327598E-05
 3.14988933E-05
 1.73470495E-05
 3.78345517E-05
 1.31678640E-03
 1.62689919E-04
 4.94826885E-05
 7.95897923E-05
 1.00875969E-04
 2.00196449E-02
 6.60322513E-05
 7.56245246E-05
 5.15861832E-03
 2.06709775E-05
 5.06710083E-03
 9.93570038E-05
 1.86675236E-04
 1.18342922E-03
 1.91457288E-04
 5.39531942E-03
 1.26454224E-03
 3.34991564E-04
 1.91925426E-01
 5.88332879E-05
 7.89100718E-05
 9.08866854E-05
 6.14757072E-05
 5.58871586E-05
 1.64653574E-05
 9.91420455E-05
 1.68996402E-04
 4.75440568E-03
 1.65553412E-04
 3.11594356E-04
 1.00000000E+00
 1.00000000E+00
 1.00000000E+00
 1.00000000E+00
 1.00000000E+00
 1.00000000E+00
 1.00000000E+00
 1.00000000E+00
 1.00000000E+00
 1.00000000E+00
 1.00000000E+00
 1.00000000E+00
 3.95011998E-04
 2.84197052E-04
 1.64832078E-04
 9.43196838E-05
 7.02363007E-05
 4.87969492E-05
 5.95359042E-05
 9.83022982E-04
 9.47629766E-04
 9.06147525E-04
 8.65215692E-04
 7.42382512E-04
 5.59479161E-04
 6.40692497E-04
 6.14046471E-04
 5.77836184E-04
 5.43160154E-04
 4.95643633E-04
 9.36005354E-02
 3.71756381E-04
 3.47347184E-04
 3.24454794E-04
 2.96457091E-04
 2.07498513E-04
 1.95648775E-04
 1.86415295E-04
 1.31476337E-04
 1.65602812E-04
 9.37406277E-02
 2.55086817E-04
 1.32201303E-05
 1.50682090E-05
 1.65644095E-05
 1.60774108E-05
 1.80314940E-05
 1.17798147E-05
 4.03941918E-03
 8.80621650E-06
 9.52693525E-06
 7.48813343E-06
 2.71893852E-06
 3.56778939E-06
 9.41458701E-02
 6.22799607E-08
 4.76819079E-06
 1.76852063E-05
 3.84753051E-05
 4.92890016E-03
 1.77159920E-05
 4.70158869E-05
 9.62202486E-05
 1.94938931E-02
 8.57488236E-05
 1.82741741E-04
 4.82389958E-03
 3.24306264E-04
 9.30403583E-02
 3.91666354E-03
 1.18810967E-05
 1.54483977E-05
 2.07856671E-05
 2.66332695E-05
 2.95346978E-05
 9.51522470E-02
 1.60668565E-05
 2.00586392E-05
 1.86310687E-05
 9.68625109E-06
 4.83989737E-03
 9.30010576E-06
 3.67273920E-07
 3.15147207E-05
 1.33112639E-03
 2.34748104E-05
 1.04521261E-04
 1.40164364E-03
 2.37179619E-04
 4.85681716E-03
 9.04765490E-02
 1.76367297E-05
 3.15591273E-05
 4.10863675E-05
 5.63535394E-05
 3.18611377E-05
 4.00708902E-05
 3.62492283E-05
 3.08860668E-05
 2.47726147E-06
 1.33223302E-03
 8.08818539E-05
 4.07375258E-05
 6.85482671E-05
 1.01060757E-04
 1.88529137E-02
 6.65973206E-05
 9.76416497E-05
 4.89011269E-03
 8.13707713E-05
 5.01765011E-03
 8.69435204E-05
 1.79580498E-04
 9.80410724E-02
 2.04474412E-04
 9.86514240E-02
 9.90865066E-02
 2.90433371E-04
 5.77759117E-06
 7.82466759E-06
 8.33701370E-06
 6.84209369E-06
 2.54998388E-06
 3.38559865E-06
 3.46828735E-05
 2.97777400E-05
 2.35250287E-05
 1.65950568E-05
 5.69581995E-06
 9.36907632E-02
 2.00618676E-05
 4.27546723E-06
 1.15839910E-05
 3.56884504E-05
 1.72294661E-05
 4.92464404E-05
 9.98025410E-05
 9.22204220E-05
 1.92219351E-04
 3.49903947E-04
 1.43156894E-05
 2.57511021E-05
 3.10982208E-05
 3.04237693E-05
 2.94130865E-05
 1.93598623E-05
 1.90256125E-05
 1.37552619E-05
 4.35514016E-06
 7.07653476E-06
 1.02008859E-05
 4.29578216E-05
 4.14984066E-05
 1.28099245E-04
 2.78941848E-04
 1.78615172E-05
 3.57771156E-05
 4.71547430E-05
 5.25977590E-05
 2.83704050E-05
 3.86574605E-05
 3.22139710E-05
 2.06611587E-05
 2.26792130E-05
 2.44185808E-02
 1.18158792E-04
 4.34815741E-05
 7.55609389E-05
 1.01547298E-04
 6.51220698E-05
 9.49899103E-05
 5.90384309E-05
 9.21529963E-05
 1.92213635E-04
 4.86995639E-03
 2.08831701E-04
 3.22918041E-04
 4.81264090E-05
 5.43853031E-05
 5.80987606E-05
 5.22867670E-05
 4.92671883E-05
 9.43096347E-02
 3.99764618E-05
 3.87413574E-05
 3.04424093E-05
 1.58786974E-05
 4.88901072E-03
 1.85747245E-05
 1.85359326E-06
 4.22348791E-05
 1.30914024E-03
 4.31678829E-05
 1.39611283E-04
 1.40070201E-03
 3.04725691E-04
 4.85281594E-03
 8.53148530E-02
 3.15341735E-05
 4.15035566E-05
 5.51312139E-05
 5.64832898E-05
 3.43931132E-05
 3.42972220E-05
 2.51847905E-05
 1.28033960E-05
 3.95192710E-05
 2.46121418E-02
 1.57338494E-04
 4.70382856E-05
 7.19857859E-05
 1.00287106E-04
 1.27696155E-03
 6.26783865E-05
 7.97254747E-05
 2.49724591E-02
 3.16595112E-05
 2.50074803E-02
 1.92087147E-03
 9.57769253E-05
 1.91229573E-04
 1.20367085E-03
 2.00001940E-04
 5.50021117E-03
 1.22261610E-03
 3.34509229E-04
 5.01355901E-03
 4.83086578E-03
 1.00000000E+00
 5.33029875E-05
 6.12507852E-05
 6.30655008E-05
 6.51251294E-05
 4.46305809E-05
 4.08853494E-05
 2.39142406E-05
 8.86224228E-06
 5.25166809E-05
 1.32393467E-03
 1.87323290E-04
 5.13984421E-05
 7.80927035E-05
 9.92617129E-05
 1.99959833E-02
 6.20495889E-05
 6.95950469E-05
 5.14844847E-03
 4.42291032E-06
 5.03549531E-03
 9.80140421E-05
 1.81026608E-04
 1.18557147E-03
 1.80250636E-04
 5.36863091E-03
 1.32077931E-03
 3.27676888E-04
 1.95842108E-02
 6.13039778E-05
 7.98086584E-05
 8.78356184E-05
 5.51931439E-05
 4.67826844E-05
 3.35913854E-05
 9.96947527E-05
 1.64350514E-04
 4.75150399E-03
 1.50068577E-04
 3.04720610E-04
 1.00000000E+00
 1.00000000E+00
 1.00000000E+00
 1.00000000E+00
 1.00000000E+00
 1.00000000E+00
 1.00000000E+00
 1.00000000E+00
 1.00000000E+00
 1.00000000E+00
 1.00000000E+00
 1.00000000E+00
 1.50539139E-05
 1.80790157E-05
 2.08790606E-05
 2.70776485E-05
 3.88440820E-05
 4.37367679E-05
 6.00912379E-05
 5.72604575E-04
 4.29838251E-04
 3.02462572E-04
 1.84942453E-04
 1.28114153E-04
 1.09398346E-04
 7.93212640E-04
 7.54170313E-04
 7.07271752E-04
 6.53092518E-04
 5.32925630E-04
 9.35051592E-02
 4.73265001E-04
 4.42829464E-04
 3.99622798E-04
 3.48905824E-04
 2.45511494E-04
 2.24091797E-04
 2.00965772E-04
 1.26682177E-04
 1.38339410E-04
 9.34526920E-02
 1.82673409E-04
 1.23943674E-05
 9.49565416E-06
 1.27258646E-05
 1.59056132E-05
 1.23040757E-05
 8.74277902E-06
 4.03750491E-03
 1.12011423E-05
 6.98092955E-06
 8.40464575E-06
 1.22708066E-06
 5.58276959E-06
 9.40992470E-02
 2.97828210E-06
 6.89875277E-06
 1.88350896E-05
 4.14512104E-05
 4.92742153E-03
 1.99924432E-05
 5.05889676E-05
 1.00768552E-04
 1.94697279E-02
 8.88716784E-05
 1.91267008E-04
 4.82615245E-03
 3.41156063E-04
 9.26366758E-02
 3.89883053E-03
 1.00688377E-05
 1.52745152E-05
 2.32483428E-05
 2.71873698E-05
 2.81961618E-05
 9.51054954E-02
 1.71664181E-05
 1.72298357E-05
 1.82013934E-05
 5.24923525E-06
 4.84117988E-03
 8.00035590E-06
 3.70886623E-06
 3.60895976E-05
 1.33271440E-03
 2.82425424E-05
 1.13993737E-04
 1.40709855E-03
 2.56647679E-04
 4.85409317E-03
 8.97748978E-02
 1.84773163E-05
 2.95089874E-05
 4.11448655E-05
 5.51097392E-05
 3.19926912E-05
 3.83897513E-05
 3.40889725E-05
 3.03982266E-05
 1.03399133E-05
 1.33637012E-03
 9.85168213E-05
 4.38400833E-05
 7.00339536E-05
 9.63367745E-05
 1.88505206E-02
 6.47801404E-05
 9.26946464E-05
 4.89337493E-03
 7.01624392E-05
 5.01308526E-03
 8.65755112E-05
 1.73156324E-04
 9.79586586E-02
 1.97979150E-04
 9.85161467E-02
 9.87783449E-02
 2.84777204E-04
 2.43800266E-05
 2.04999658E-05
 1.89295873E-05
 1.90857001E-05
 2.10467302E-05
 1.93281398E-05
 1.24525279E-05
 7.84972749E-06
 4.97831336E-06
 2.70075772E-07
 1.32951502E-05
 9.36503526E-02
 1.52342212E-05
 4.53537501E-06
 1.05203768E-05
 3.42160753E-05
 1.85316168E-05
 5.33975618E-05
 1.00456700E-04
 1.01757715E-04
 2.05721025E-04
 3.64073788E-04
 2.13533690E-05
 2.63734389E-05
 2.44479270E-05
 3.02295312E-05
 2.90916747E-05
 1.90288757E-05
 1.65578675E-05
 1.51812833E-05
 2.95561118E-06
 4.35878823E-06
 1.43878703E-05
 4.77437736E-05
 4.88345112E-05
 1.40126293E-04
 2.99820977E-04
 2.33274265E-05
 3.47126684E-05
 4.57115627E-05
 5.19016013E-05
 3.04818489E-05
 3.62275828E-05
 2.79799419E-05
 1.64506332E-05
 3.08614784E-05
 2.43518517E-02
 1.38022088E-04
 4.40912460E-05
 7.43823353E-05
 9.94658467E-05
 6.67120236E-05
 8.97808703E-05
 4.64402028E-05
 9.45822357E-05
 1.88518392E-04
 4.87380266E-03
 2.03949198E-04
 3.18722512E-04
 5.12672949E-05
 5.36469755E-05
 5.34922119E-05
 5.37452717E-05
 4.69128986E-05
 9.42491774E-02
 3.96174138E-05
 3.66201558E-05
 2.95888764E-05
 1.45060846E-05
 4.89042663E-03
 1.70695972E-05
 1.71057404E-06
 4.57723720E-05
 1.31022183E-03
 4.93006926E-05
 1.49772072E-04
 1.40749917E-03
 3.23609287E-04
 4.85133983E-03
 8.45185507E-02
 3.30615839E-05
 4.51755895E-05
 5.10609216E-05
 5.65263187E-05
 3.26588716E-05
 2.97872936E-05
 2.22781795E-05
 7.65831650E-06
 4.97314497E-05
 2.45483409E-02
 1.74442986E-04
 4.40809750E-05
 7.10992252E-05
 9.56788488E-05
 1.27909706E-03
 6.15634584E-05
 7.18165562E-05
 2.49228011E-02
 1.91772029E-05
 2.48730852E-02
 1.97252104E-03
 9.54185753E-05
 1.85039538E-04
 1.21043002E-03
 1.93161048E-04
 5.47738950E-03
 1.27126853E-03
 3.29410182E-04
 5.01443176E-03
 4.85664789E-03
 1.00000000E+00
 5.67452955E-05
 6.03969942E-05
 6.10977400E-05
 6.47416327E-05
 4.59444400E-05
 3.95250895E-05
 2.07566536E-05
 6.98380523E-06
 5.87137478E-05
 1.32819526E-03
 2.09835425E-04
 5.18463255E-05
 7.49681953E-05
 8.86412466E-05
 1.99780459E-02
 5.97256599E-05
 6.20741865E-05
 5.13815069E-03
 1.40979242E-05
 5.00246295E-03
 9.68690518E-05
 1.73950572E-04
 1.19135372E-03
 1.72338914E-04
 5.34145481E-03
 1.37894052E-03
 3.19553612E-04
 1.95670544E-02
 6.33356113E-05
 7.87392746E-05
 8.46719099E-05
 5.51671521E-05
 4.07504582E-05
 4.98102983E-05
 9.79609257E-05
 1.58266672E-04
 4.75287902E-03
 1.38752224E-04
 2.99735374E-04
 1.00000000E+00
 1.00000000E+00
 1.00000000E+00
 1.00000000E+00
 1.00000000E+00
 1.00000000E+00
 1.00000000E+00
 1.00000000E+00
 1.00000000E+00
 1.00000000E+00
 1.00000000E+00
 1.00000000E+00
 8.34630970E-06
 9.83757360E-06
 1.89769151E-05
 2.77342883E-05
 3.71744556E-05
 4.25077900E-05
 5.58659042E-05
 2.81109107E-05
 3.57406158E-05
 5.02518464E-05
 6.66106962E-05
 8.48911100E-05
 1.01942338E-04
 6.41496588E-04
 4.70954093E-04
 3.26846872E-04
 2.21358056E-04
 1.83712969E-04
 9.32856306E-02
 5.87266629E-04
 5.31738050E-04
 4.66112216E-04
 3.91299520E-04
 2.97432401E-04
 2.49581833E-04
 1.88328617E-04
 1.24426561E-04
 1.02191442E-04
 9.31231677E-02
 1.11471868E-04
 1.03582319E-05
 1.37141625E-05
 1.54361145E-05
 1.26148699E-05
 1.23011175E-05
 1.26122282E-05
 4.03693784E-03
 9.08462734E-06
 4.88655833E-06
 6.74551192E-06
 3.01519548E-07
 9.34356022E-06
 9.40509704E-02
 2.75769568E-06
 8.63450842E-06
 2.36581370E-05
 4.50057609E-05
 4.92572034E-03
 2.17432842E-05
 5.56485209E-05
 1.07530610E-04
 1.94434312E-02
 9.69190164E-05
 2.01141152E-04
 4.82476693E-03
 3.56236835E-04
 9.22366443E-02
 3.87876043E-03
 1.13737065E-05
 2.11244716E-05
 2.52715140E-05
 2.59270098E-05
 2.60130851E-05
 9.50607614E-02
 1.79811401E-05
 1.80562004E-05
 1.62315889E-05
 2.97121554E-06
 4.84094242E-03
 8.57410956E-06
 6.24113051E-06
 4.32949429E-05
 1.33495396E-03
 3.39973696E-05
 1.25039263E-04
 1.41383220E-03
 2.78332235E-04
 4.85454208E-03
 8.90797863E-02
 2.17921334E-05
 3.62397614E-05
 4.39295651E-05
 5.25999649E-05
 3.33588917E-05
 3.75440509E-05
 2.99297629E-05
 2.59286294E-05
 1.82804888E-05
 1.33997019E-03
 1.17853041E-04
 4.04187181E-05
 6.66153355E-05
 9.80501470E-05
 1.88409409E-02
 6.73234016E-05
 8.63556568E-05
 4.89135020E-03
 5.57080396E-05
 5.01310072E-03
 8.45077165E-05
 1.72983301E-04
 9.78743323E-02
 1.90127180E-04
 9.83847063E-02
 9.84621854E-02
 2.80467244E-04
 4.99824901E-05
 4.65687061E-05
 4.62010889E-05
 4.56575040E-05
 4.54222858E-05
 4.16863948E-05
 1.36105853E-05
 1.50140793E-05
 2.11489396E-05
 2.62812542E-05
 3.53222498E-05
 9.36198830E-02
 3.90971021E-06
 4.25439879E-06
 2.49222016E-05
 5.12659751E-05
 2.17332070E-05
 5.68012750E-05
 1.08718383E-04
 1.08940697E-04
 2.17207821E-04
 3.78747087E-04
 1.75891888E-05
 2.34107435E-05
 2.32663205E-05
 2.70831867E-05
 2.72076157E-05
 1.67075321E-05
 1.01424539E-05
 1.02642407E-05
 2.28083122E-06
 1.88093913E-06
 1.79201506E-05
 5.56016961E-05
 5.33368480E-05
 1.52779832E-04
 3.20771216E-04
 2.18690003E-05
 3.56468259E-05
 4.16639538E-05
 4.74546449E-05
 3.09775193E-05
 3.05541512E-05
 2.17803168E-05
 1.29347457E-05
 4.15926404E-05
 2.42838443E-02
 1.57379680E-04
 4.32971937E-05
 7.37114910E-05
 9.23546903E-05
 6.23159061E-05
 8.04530598E-05
 3.21810142E-05
 9.20817612E-05
 1.81172988E-04
 4.87209360E-03
 1.91960905E-04
 3.12193171E-04
 5.58748155E-05
 5.53162815E-05
 5.49472330E-05
 5.34155127E-05
 4.81840603E-05
 9.41912073E-02
 4.11302463E-05
 3.72794960E-05
 2.69434493E-05
 1.11240982E-05
 4.89248276E-03
 1.44818478E-05
 7.20256306E-06
 5.49403449E-05
 1.31119513E-03
 5.69070539E-05
 1.61010967E-04
 1.41368083E-03
 3.47345715E-04
 4.85215283E-03
 8.37259074E-02
 3.27682312E-05
 4.11863988E-05
 4.88790717E-05
 4.91292034E-05
 2.93832543E-05
 2.85207443E-05
 1.60177112E-05
 2.80082833E-06
 6.20901319E-05
 2.44870586E-02
 1.98297164E-04
 4.31923701E-05
 6.92097583E-05
 9.22542353E-05
 1.28049659E-03
 5.60699735E-05
 6.35235480E-05
 2.48752860E-02
 9.06766616E-07
 2.47416048E-02
 2.02162242E-03
 9.32546340E-05
 1.79445110E-04
 1.21585256E-03
 1.80211318E-04
 5.45190976E-03
 1.32541637E-03
 3.21167865E-04
 5.01582449E-03
 4.87824259E-03
 1.00000000E+00
 5.88114689E-05
 6.27840487E-05
 6.09869824E-05
 6.39040954E-05
 4.59002394E-05
 3.91119231E-05
 1.55035271E-05
 4.54569699E-07
 7.24181654E-05
 1.33558278E-03
 2.34745466E-04
 5.23779708E-05
 7.02967989E-05
 8.49255474E-05
 1.99568357E-02
 5.46089433E-05
 5.10082142E-05
 5.13167268E-03
 3.20865580E-05
 4.97225604E-03
 9.43852272E-05
 1.67264381E-04
 1.19772197E-03
 1.57465472E-04
 5.31335118E-03
 1.43234474E-03
 3.12591188E-04
 1.95506589E-02
 6.25488922E-05
 7.68542087E-05
 8.03076564E-05
 5.13100336E-05
 3.16425141E-05
 7.09103853E-05
 9.45848999E-05
 1.50186156E-04
 4.75216039E-03
 1.26949428E-04
 2.91937259E-04
 1.00000000E+00
 1.00000000E+00
 1.00000000E+00
 1.00000000E+00
 1.00000000E+00
 1.00000000E+00
 1.00000000E+00
 1.00000000E+00
 1.00000000E+00
 1.00000000E+00
 1.00000000E+00
 1.00000000E+00
 9.55492107E-06
 1.37454883E-05
 1.77864036E-05
 2.76282651E-05
 3.19719310E-05
 4.30551631E-05
 5.31241279E-05
 2.85277040E-05
 4.24893509E-05
 4.91046484E-05
 6.42600809E-05
 7.71479940E-05
 1.02158741E-04
 7.08222514E-05
 8.40087021E-05
 1.04840521E-04
 1.30887402E-04
 1.62617355E-04
 9.33032349E-02
 5.69578703E-04
 4.04191105E-04
 2.88680172E-04
 2.64105041E-04
 3.48189141E-04
 2.68168335E-04
 1.78228857E-04
 9.40394654E-05
 2.41500902E-05
 9.27842163E-02
 2.55515499E-05
 1.14333806E-05
 1.20760854E-05
 1.55678755E-05
 1.08289687E-05
 1.08769898E-05
 1.33337567E-05
 4.03718287E-03
 1.13710935E-05
 9.97546607E-06
 5.47502894E-06
 1.40741097E-06
 1.13350801E-05
 9.40032444E-02
 1.85263582E-06
 9.16176582E-06
 2.72542960E-05
 4.61301900E-05
 4.92274325E-03
 2.55194435E-05
 6.02243204E-05
 1.11710418E-04
 1.94159309E-02
 1.01068550E-04
 2.11434105E-04
 4.82550427E-03
 3.71013728E-04
 9.18322361E-02
 3.86169841E-03
 1.15151700E-05
 1.51495215E-05
 2.20765617E-05
 2.12023476E-05
 2.20075112E-05
 9.50178816E-02
 1.58114933E-05
 1.26849496E-05
 1.24693918E-05
 1.54164148E-07
 4.83879321E-03
 6.56838607E-06
 1.29117351E-05
 4.85218732E-05
 1.33504600E-03
 4.23579964E-05
 1.35867402E-04
 1.41820518E-03
 2.97054062E-04
 4.85167170E-03
 8.83854423E-02
 2.28087726E-05
 3.22196046E-05
 4.22996913E-05
 4.97219611E-05
 3.28836711E-05
 3.21142659E-05
 2.70858670E-05
 2.27009691E-05
 2.70847992E-05
 1.34768903E-03
 1.35667288E-04
 3.92925523E-05
 6.41305180E-05
 9.17710542E-05
 1.88350199E-02
 6.55147941E-05
 7.94651662E-05
 4.89174952E-03
 4.31384857E-05
 5.01075330E-03
 8.41718747E-05
 1.65971481E-04
 9.77906778E-02
 1.82978547E-04
 9.82496077E-02
 9.81414255E-02
 2.77168502E-04
 1.55676464E-04
 1.54623518E-04
 1.52026428E-04
 1.53515655E-04
 1.52111478E-04
 1.54389689E-04
 4.02431997E-05
 3.71197428E-05
 4.17291166E-05
 4.91113418E-05
 5.59705833E-05
 9.35832072E-02
 2.03937886E-05
 2.73311276E-05
 4.81516274E-05
 7.11861204E-05
 2.54311616E-05
 6.37581215E-05
 1.19777833E-04
 1.16463869E-04
 2.27063191E-04
 3.95059768E-04
 1.72120588E-05
 2.14983496E-05
 2.37214980E-05
 2.47292374E-05
 2.55814116E-05
 1.61179649E-05
 1.32321017E-05
 8.98864348E-06
 6.37615085E-06
 4.68475826E-07
 1.97238490E-05
 6.16807983E-05
 6.01679484E-05
 1.63716488E-04
 3.41457434E-04
 2.02044272E-05
 3.47198211E-05
 4.09628872E-05
 4.49154636E-05
 2.84961493E-05
 2.93531336E-05
 1.57996732E-05
 7.83040013E-06
 5.28225291E-05
 2.42156284E-02
 1.77520720E-04
 3.95922869E-05
 7.12167510E-05
 8.94704013E-05
 6.40180079E-05
 7.45507621E-05
 1.77698079E-05
 8.98526663E-05
 1.76074920E-04
 4.87219888E-03
 1.83737153E-04
 3.07019326E-04
 5.77706532E-05
 5.40480113E-05
 5.09434179E-05
 5.22228436E-05
 4.81822032E-05
 9.41319933E-02
 3.78185456E-05
 3.15972012E-05
 2.58879364E-05
 1.15896980E-05
 4.89376643E-03
 1.07944832E-05
 1.14406863E-05
 6.00862055E-05
 1.31135882E-03
 6.33173908E-05
 1.73398946E-04
 1.41860373E-03
 3.69134568E-04
 4.85028199E-03
 8.29345420E-02
 3.25807619E-05
 3.90695078E-05
 4.63019927E-05
 4.61980154E-05
 2.82969903E-05
 2.62729262E-05
 9.91177234E-06
 2.61860734E-06
 7.29379599E-05
 2.44221713E-02
 2.20755910E-04
 4.16134705E-05
 6.77338702E-05
 8.89354309E-05
 1.28083343E-03
 5.37708696E-05
 5.58971668E-05
 2.48262554E-02
 1.81105969E-05
 2.46037129E-02
 2.06816773E-03
 9.15149088E-05
 1.73778390E-04
 1.22014851E-03
 1.69830130E-04
 5.42775079E-03
 1.37547490E-03
 3.14226990E-04
 5.01591919E-03
 4.90067494E-03
 1.00000000E+00
 6.13897166E-05
 6.45318044E-05
 5.99236688E-05
 6.26235838E-05
 4.59135504E-05
 3.74174108E-05
 1.16775765E-05
 4.90464439E-06
 8.25951095E-05
 1.33973402E-03
 2.56259138E-04
 5.40240889E-05
 7.10986192E-05
 8.26340373E-05
 1.99361847E-02
 5.33924253E-05
 4.23273403E-05
 5.12256175E-03
 5.21922748E-05
 4.93744559E-03
 9.28963776E-05
 1.62746677E-04
 1.20163853E-03
 1.45790837E-04
 5.28457628E-03
 1.48822089E-03
 3.05413452E-04
 1.95333434E-02
 6.28734523E-05
 7.43394338E-05
 7.87066870E-05
 4.76775077E-05
 2.22146544E-05
 9.19221416E-05
 9.37663448E-05
 1.46147721E-04
 4.74564482E-03
 1.13458158E-04
 2.83958069E-04
 1.00000000E+00
 1.00000000E+00
 1.00000000E+00
 1.00000000E+00
 1.00000000E+00
 1.00000000E+00
 1.00000000E+00
 1.00000000E+00
 1.00000000E+00
 1.00000000E+00
 1.00000000E+00
 1.00000000E+00
 7.11919008E-06
 1.27874403E-05
 2.10184320E-05
 2.72039264E-05
 3.44043011E-05
 4.53967797E-05
 5.35023371E-05
 3.36542472E-05
 3.98993365E-05
 4.74893752E-05
 6.50676729E-05
 8.08960705E-05
 1.01255215E-04
 6.42168401E-05
 8.27266378E-05
 1.04730632E-04
 1.30159388E-04
 1.60772689E-04
 9.33257046E-02
 1.51553148E-04
 1.58989464E-04
 1.97165920E-04
 2.48583844E-04
 3.59303672E-04
 2.77020378E-04
 3.34894199E-04
 5.01404281E-05
 6.61403164E-05
 9.26837901E-02
 1.41827639E-04
 1.48849741E-05
 1.72015835E-05
 1.49522377E-05
 1.41248777E-05
 1.36496884E-05
 9.11122407E-06
 4.03304976E-03
 1.13979327E-05
 9.28813448E-06
 5.50642289E-06
 2.44716702E-06
 1.11457467E-05
 9.39538434E-02
 1.96575796E-06
 8.59418577E-06
 2.60529486E-05
 4.73722443E-05
 4.92172890E-03
 2.87466274E-05
 6.40381517E-05
 1.14210264E-04
 1.93876209E-02
 1.06605910E-04
 2.19108118E-04
 4.82596158E-03
 3.85035589E-04
 9.14222582E-02
 3.84156345E-03
 1.25030543E-05
 2.16607598E-05
 2.57146485E-05
 2.47292378E-05
 2.40134581E-05
 9.49701695E-02
 1.65109159E-05
 1.31580871E-05
 1.14751284E-05
 3.94096589E-08
 4.84020112E-03
 3.05895178E-06
 1.16335135E-05
 5.07063598E-05
 1.33514908E-03
 4.68827362E-05
 1.41711355E-04
 1.42121501E-03
 3.13318415E-04
 4.85037898E-03
 8.76920549E-02
 2.34018804E-05
 3.53709724E-05
 4.42445294E-05
 4.91491232E-05
 3.22511839E-05
 3.28073965E-05
 2.54911721E-05
 1.82805976E-05
 3.32693683E-05
 1.35041740E-03
 1.53633312E-04
 4.03790538E-05
 6.74933845E-05
 9.09668860E-05
 1.88267632E-02
 6.34220111E-05
 7.58221640E-05
 4.89427294E-03
 3.17412180E-05
 5.00377298E-03
 8.33113537E-05
 1.61234853E-04
 9.77082429E-02
 1.76911956E-04
 9.81126447E-02
 9.78162896E-02
 2.74781689E-04
 3.20077818E-04
 3.14729590E-04
 3.06844226E-04
 2.98124030E-04
 2.93907079E-04
 2.88515820E-04
 9.14394173E-05
 9.00247308E-05
 1.00056949E-04
 1.11343365E-04
 1.24647864E-04
 9.35917729E-02
 3.85052576E-05
 4.93393517E-05
 6.83355722E-05
 8.88367590E-05
 4.20367797E-05
 8.15912210E-05
 1.39257851E-04
 1.26209030E-04
 2.38881878E-04
 4.10814341E-04
 1.99745109E-05
 2.28033724E-05
 2.57118177E-05
 2.60169669E-05
 2.61800235E-05
 1.70639522E-05
 1.59383742E-05
 1.18666682E-05
 6.00264799E-06
 1.95117297E-06
 2.07787809E-05
 6.65115764E-05
 6.61405674E-05
 1.72757468E-04
 3.62131799E-04
 2.24361639E-05
 3.60748733E-05
 4.19903788E-05
 4.51970210E-05
 2.66778966E-05
 3.07727554E-05
 1.22127982E-05
 5.14480919E-06
 5.93970394E-05
 2.41426736E-02
 1.98235738E-04
 3.71001836E-05
 7.01675035E-05
 8.88921540E-05
 5.85516980E-05
 6.28254349E-05
 3.21040940E-06
 9.17095737E-05
 1.73483786E-04
 4.87469915E-03
 1.73355116E-04
 3.02904085E-04
 5.81508740E-05
 5.42753728E-05
 5.11591940E-05
 5.12609308E-05
 4.58839168E-05
 9.40709097E-02
 4.12897649E-05
 3.37013283E-05
 2.39354692E-05
 6.66379297E-06
 4.89600067E-03
 1.34480163E-05
 1.33661366E-05
 6.30907154E-05
 1.31093589E-03
 6.96442099E-05
 1.83984067E-04
 1.42302523E-03
 3.88742518E-04
 4.84464032E-03
 8.21436175E-02
 3.46350231E-05
 3.99804179E-05
 4.78831400E-05
 4.67020493E-05
 2.88360431E-05
 2.63594859E-05
 8.50430588E-06
 4.62394326E-06
 8.02710573E-05
 2.43538051E-02
 2.42656226E-04
 4.08727229E-05
 6.57035095E-05
 8.46170333E-05
 1.28158257E-03
 5.44801301E-05
 4.80290622E-05
 2.47789506E-02
 3.19159328E-05
 2.44599003E-02
 2.11239029E-03
 9.12032671E-05
 1.67334381E-04
 1.22342385E-03
 1.61913016E-04
 5.40510701E-03
 1.42109566E-03
 3.09361241E-04
 5.01467325E-03
 4.92435766E-03
 1.00000000E+00
 6.18749277E-05
 6.41303625E-05
 6.11311690E-05
 6.26621916E-05
 4.41214455E-05
 3.65175241E-05
 6.84582899E-06
 1.04375112E-05
 9.40787945E-05
 1.34429106E-03
 2.80027945E-04
 5.54504970E-05
 7.10629464E-05
 8.05607973E-05
 1.99128952E-02
 5.17307254E-05
 3.35516973E-05
 5.11124409E-03
 6.75838469E-05
 4.90198255E-03
 9.40662590E-05
 1.56230807E-04
 1.20381141E-03
 1.37089282E-04
 5.25744235E-03
 1.53732436E-03
 2.98476311E-04
 1.95141856E-02
 6.51061296E-05
 7.53860591E-05
 7.76057636E-05
 4.87237974E-05
 1.45841455E-05
 1.09241070E-04
 9.17482899E-05
 1.40883233E-04
 4.74431043E-03
 9.90273194E-05
 2.77784593E-04
 1.00000000E+00
 1.00000000E+00
 1.00000000E+00
 1.00000000E+00
 1.00000000E+00
 1.00000000E+00
 1.00000000E+00
 1.00000000E+00
 1.00000000E+00
 1.00000000E+00
 1.00000000E+00
 1.00000000E+00
 7.78769487E-06
 1.39168611E-05
 1.90484121E-05
 2.51425052E-05
 2.79772966E-05
 4.25886216E-05
 5.23507059E-05
 3.04498600E-05
 3.91332142E-05
 4.75495590E-05
 6.15870711E-05
 7.83484142E-05
 9.96908919E-05
 6.56130328E-05
 8.14261642E-05
 1.02495810E-04
 1.26086681E-04
 1.60537490E-04
 9.33444191E-02
 1.25039430E-04
 1.58528084E-04
 1.97734072E-04
 2.45473224E-04
 2.34544754E-04
 2.92311576E-04
 3.69599607E-04
 1.01047142E-04
 3.64115836E-04
 9.30599346E-02
 3.28331490E-04
 1.22503975E-05
 1.29017769E-05
 1.30851789E-05
 1.30590974E-05
 1.39016043E-05
 9.28855069E-06
 4.02942158E-03
 1.11248179E-05
 5.51293035E-06
 5.12366473E-06
 3.27487967E-06
 9.66654718E-06
 9.39083085E-02
 3.38693533E-06
 1.12209387E-05
 3.14759612E-05
 5.47482965E-05
 4.91571560E-03
 2.97509084E-05
 6.59876280E-05
 1.21039516E-04
 1.93608693E-02
 1.13740826E-04
 2.30102690E-04
 4.82477556E-03
 4.00060942E-04
 9.10165412E-02
 3.82037110E-03
 1.26942193E-05
 1.92143801E-05
 2.51017585E-05
 2.12015781E-05
 2.23773890E-05
 9.49250519E-02
 1.46118786E-05
 1.26480190E-05
 6.84717034E-06
 5.82436789E-06
 4.83545073E-03
 1.74279584E-06
 1.81438774E-05
 5.63721901E-05
 1.33463332E-03
 5.17383448E-05
 1.55471770E-04
 1.42573895E-03
 3.31918324E-04
 4.84562240E-03
 8.70036748E-02
 2.21464763E-05
 3.24244924E-05
 4.27969482E-05
 4.71775532E-05
 2.90279541E-05
 3.16690236E-05
 1.75606248E-05
 1.46073581E-05
 4.53907596E-05
 1.35381979E-03
 1.73172516E-04
 3.70215063E-05
 5.90340359E-05
 8.53054516E-05
 1.88186839E-02
 6.15956770E-05
 6.68163497E-05
 4.89246722E-03
 1.67633127E-05
 5.00002683E-03
 8.28579812E-05
 1.58067105E-04
 9.76251836E-02
 1.67603036E-04
 9.79782891E-02
 9.74813002E-02
 2.69447184E-04
 4.82400671E-04
 4.71821056E-04
 4.55659932E-04
 4.39773976E-04
 4.26335139E-04
 4.15592872E-04
 2.35173009E-04
 2.36750213E-04
 2.33737525E-04
 2.33778732E-04
 2.35961314E-04
 9.36344144E-02
 6.07905269E-05
 7.69367719E-05
 1.00813324E-04
 1.26661451E-04
 6.13105823E-05
 9.84876446E-05
 1.52321768E-04
 1.41152920E-04
 2.54405523E-04
 4.28730144E-04
 1.60605781E-05
 2.42760061E-05
 2.33584446E-05
 2.27707717E-05
 2.25571672E-05
 1.38871674E-05
 1.32218197E-05
 3.94171981E-06
 1.19744080E-05
 4.81193235E-06
 2.72442311E-05
 7.56137283E-05
 7.39510851E-05
 1.86056958E-04
 3.86200398E-04
 2.20231129E-05
 3.37745030E-05
 3.94092245E-05
 4.01696561E-05
 2.63464679E-05
 2.56644983E-05
 5.63924547E-06
 1.51659587E-07
 6.85853963E-05
 2.40759098E-02
 2.19802568E-04
 3.65742773E-05
 6.74010070E-05
 8.32369273E-05
 5.68664467E-05
 5.79431021E-05
 1.55323190E-05
 8.88152091E-05
 1.65760078E-04
 4.87209928E-03
 1.64397452E-04
 2.96424057E-04
 5.68797855E-05
 5.74784379E-05
 5.25375237E-05
 5.06129494E-05
 4.69950993E-05
 9.40133991E-02
 4.13882358E-05
 3.19504274E-05
 2.49319409E-05
 2.93768464E-06
 4.89569212E-03
 1.47520978E-05
 2.08796996E-05
 7.13012991E-05
 1.31210135E-03
 7.82297418E-05
 1.97643016E-04
 1.42737162E-03
 4.13154727E-04
 4.84372606E-03
 8.13517577E-02
 3.37575847E-05
 4.28422955E-05
 4.53966860E-05
 4.36598337E-05
 2.60187598E-05
 2.15509586E-05
 4.84105286E-07
 1.09167909E-05
 9.33072203E-05
 2.42879932E-02
 2.68893106E-04
 4.18317782E-05
 6.46788517E-05
 7.95943238E-05
 1.28269750E-03
 4.96913203E-05
 3.88719225E-05
 2.47295169E-02
 5.35844165E-05
 2.43187715E-02
 2.15636409E-03
 9.04060256E-05
 1.61708704E-04
 1.22787428E-03
 1.46698823E-04
 5.37854689E-03
 1.47307902E-03
 3.01668440E-04
 5.01371770E-03
 4.94470755E-03
 1.00000000E+00
 6.32127006E-05
 6.81746624E-05
 6.30971905E-05
 6.18617926E-05
 4.36593852E-05
 3.31645064E-05
 3.23906493E-06
 1.58219418E-05
 1.07032108E-04
 1.34757980E-03
 3.06990128E-04
 5.29732935E-05
 6.94238985E-05
 7.57095980E-05
 1.98927405E-02
 4.68979480E-05
 2.35564405E-05
 5.10234277E-03
 9.13431906E-05
 4.86886986E-03
 9.33469704E-05
 1.50716325E-04
 1.20727253E-03
 1.20549855E-04
 5.23146596E-03
 1.59227908E-03
 2.91793048E-04
 1.94952433E-02
 6.69377079E-05
 7.75805560E-05
 7.52109058E-05
 4.22488814E-05
 4.74634700E-06
 1.32283925E-04
 9.03849498E-05
 1.33864625E-04
 4.74078289E-03
 8.70902539E-05
 2.67625694E-04
 1.00000000E+00
 1.00000000E+00
 1.00000000E+00
 1.00000000E+00
 1.00000000E+00
 1.00000000E+00
 1.00000000E+00
 1.00000000E+00
 1.00000000E+00
 1.00000000E+00
 1.00000000E+00
 1.00000000E+00
 8.53142669E-06
 1.48238200E-05
 2.30467563E-05
 2.52400364E-05
 3.53996568E-05
 4.34633552E-05
 5.42643399E-05
 3.38874159E-05
 3.73997352E-05
 5.25480284E-05
 6.05825384E-05
 7.35461772E-05
 9.61912844E-05
 6.48680621E-05
 8.27735512E-05
 1.00394639E-04
 1.27400760E-04
 1.55881024E-04
 9.33639535E-02
 1.24308826E-04
 1.55309847E-04
 1.94238328E-04
 2.42109023E-04
 2.27657480E-04
 2.87909227E-04
 3.62339720E-04
 4.07415661E-04
 5.29250560E-04
 9.32219650E-02
 2.05727504E-04
 9.03509648E-06
 1.19275716E-05
 1.55172052E-05
 1.87735849E-05
 1.44009960E-05
 8.00904007E-06
 4.03018306E-03
 9.93835081E-06
 9.62695723E-06
 1.09228957E-06
 3.93113722E-06
 1.23830564E-05
 9.38574538E-02
 9.59000037E-07
 1.04959075E-05
 2.97241637E-05
 5.61929043E-05
 4.91037702E-03
 3.22378466E-05
 6.91497885E-05
 1.27486434E-04
 1.93312601E-02
 1.20263463E-04
 2.40479307E-04
 4.82656276E-03
 4.14974217E-04
 9.06065992E-02
 3.80175378E-03
 1.05161766E-05
 1.91688031E-05
 2.30675713E-05
 1.98173382E-05
 1.94722064E-05
 9.48817750E-02
 1.30420310E-05
 1.20203798E-05
 5.17334220E-06
 9.84702510E-06
 4.83739940E-03
 1.65956248E-06
 2.00091727E-05
 6.34453304E-05
 1.33775911E-03
 5.33508589E-05
 1.64813588E-04
 1.43361253E-03
 3.50769687E-04
 4.84504676E-03
 8.63169130E-02
 2.18242127E-05
 3.11828030E-05
 4.01905395E-05
 4.43978218E-05
 3.11938633E-05
 2.92523927E-05
 1.09197724E-05
 1.31501941E-05
 5.48316995E-05
 1.36210348E-03
 1.91021859E-04
 3.93860219E-05
 6.03805803E-05
 8.02151194E-05
 1.88116670E-02
 6.10749837E-05
 6.17299061E-05
 4.89607674E-03
 3.51094361E-06
 4.99458517E-03
 8.11401270E-05
 1.52068044E-04
 9.75420325E-02
 1.58215136E-04
 9.78407604E-02
 9.71433913E-02
 2.63521639E-04
 6.38779589E-04
 6.21811294E-04
 6.03026976E-04
 5.79815676E-04
 5.59328518E-04
 5.35227908E-04
 3.79003172E-04
 3.68841027E-04
 3.60922283E-04
 3.53761526E-04
 3.42566778E-04
 9.36743939E-02
 1.63630611E-04
 1.79625578E-04
 1.91880268E-04
 2.11492062E-04
 8.13669771E-05
 1.19591704E-04
 1.74555266E-04
 1.50245625E-04
 2.65119599E-04
 4.39310630E-04
 1.80906398E-05
 2.21263038E-05
 2.37978576E-05
 2.38467231E-05
 1.97079929E-05
 1.55643711E-05
 1.02822657E-05
 2.41224212E-06
 1.35859815E-05
 7.03302980E-06
 3.12823165E-05
 8.15752486E-05
 8.14530612E-05
 1.96363345E-04
 4.06540625E-04
 1.84917834E-05
 2.91429485E-05
 3.99539716E-05
 3.68607271E-05
 2.47870132E-05
 2.00209088E-05
 4.29524130E-07
 6.99940833E-06
 8.24005894E-05
 2.40064399E-02
 2.39860797E-04
 3.81755517E-05
 6.24770081E-05
 7.88782929E-05
 5.72118167E-05
 4.83236432E-05
 2.73238321E-05
 8.61318976E-05
 1.58457105E-04
 4.87521071E-03
 1.55792853E-04
 2.91005078E-04
 5.37589617E-05
 5.88576129E-05
 5.17297725E-05
 5.06310160E-05
 4.40911833E-05
 9.39544776E-02
 4.25243857E-05
 3.03830572E-05
 2.29095323E-05
 3.17335613E-06
 4.89884883E-03
 9.02205885E-06
 2.30868085E-05
 7.78948867E-05
 1.31219024E-03
 8.48876492E-05
 2.08069689E-04
 1.43374025E-03
 4.35878926E-04
 4.84114147E-03
 8.05575720E-02
 3.19231341E-05
 4.25280233E-05
 4.31745783E-05
 4.02138578E-05
 2.43240377E-05
 1.77829857E-05
 4.80415177E-06
 1.91043771E-05
 1.04697189E-04
 2.42193139E-02
 2.93493299E-04
 4.05203965E-05
 6.16168777E-05
 7.61491711E-05
 1.28386138E-03
 4.74131618E-05
 2.85376321E-05
 2.46799650E-02
 7.02713811E-05
 2.41726049E-02
 2.19872344E-03
 8.73528420E-05
 1.55867012E-04
 1.23239504E-03
 1.38362274E-04
 5.35367104E-03
 1.51783263E-03
 2.96284407E-04
 5.01425685E-03
 4.96705628E-03
 1.00000000E+00
 6.47938067E-05
 6.75085879E-05
 6.17417292E-05
 6.01397183E-05
 4.58798996E-05
 2.86785020E-05
 1.45180211E-06
 1.99197590E-05
 1.15331767E-04
 1.35279982E-03
 3.29626828E-04
 5.13339261E-05
 6.81850848E-05
 7.24075409E-05
 1.98715020E-02
 4.51885377E-05
 1.55641917E-05
 5.09245257E-03
 1.12550613E-04
 4.83331346E-03
 8.95621247E-05
 1.44537673E-04
 1.21213158E-03
 1.09166128E-04
 5.20346385E-03
 1.64403893E-03
 2.84369512E-04
 1.94775336E-02
 6.65106364E-05
 7.60186760E-05
 6.96617559E-05
 4.03678190E-05
 2.68818290E-06
 1.53261169E-04
 8.88516843E-05
 1.27406547E-04
 4.74210825E-03
 7.61628386E-05
 2.57479760E-04
 1.00000000E+00
 1.00000000E+00
 1.00000000E+00
 1.00000000E+00
 1.00000000E+00
 1.00000000E+00
 1.00000000E+00
 1.00000000E+00
 1.00000000E+00
 1.00000000E+00
 1.00000000E+00
 1.00000000E+00
 3.72952263E-06
 1.29481912E-05
 1.87715688E-05
 2.05948418E-05
 2.82917345E-05
 4.13948541E-05
 5.34408546E-05
 2.42561148E-05
 4.06869256E-05
 4.70863049E-05
 5.85301311E-05
 7.36279741E-05
 9.63019166E-05
 5.83163628E-05
 7.53237493E-05
 1.03695775E-04
 1.21510944E-04
 1.53697553E-04
 9.33822784E-02
 1.19420589E-04
 1.53391819E-04
 1.93294944E-04
 2.36556807E-04
 2.24055574E-04
 2.83279599E-04
 3.58988074E-04
 4.04235462E-04
 5.23989973E-04
 9.33894978E-02
 7.59361607E-04
 1.28358000E-05
 1.30251713E-05
 1.71359857E-05
 9.98834217E-06
 1.24703867E-05
 1.02765257E-05
 4.02589808E-03
 1.36838833E-05
 4.11365808E-06
 5.09027342E-06
 6.98362372E-06
 1.48962438E-05
 9.38126830E-02
 2.07820697E-06
 1.57677416E-05
 3.26627949E-05
 5.59928521E-05
 4.91074657E-03
 3.15375365E-05
 7.48811102E-05
 1.29915825E-04
 1.93123261E-02
 1.25616831E-04
 2.49351222E-04
 4.82244129E-03
 4.29552033E-04
 9.01925089E-02
 3.77967594E-03
 1.07260797E-05
 1.59768794E-05
 2.05581253E-05
 1.94031994E-05
 2.10080589E-05
 9.48334671E-02
 1.15037974E-05
 1.19344930E-05
 3.01758194E-06
 9.14245208E-06
 4.83230588E-03
 3.29525534E-06
 2.37828070E-05
 6.56393191E-05
 1.33446564E-03
 6.51668996E-05
 1.74478356E-04
 1.43452417E-03
 3.72164675E-04
 4.83850086E-03
 8.56257822E-02
 2.03533425E-05
 2.83474234E-05
 4.09782115E-05
 4.29737418E-05
 2.76703418E-05
 2.54353705E-05
 9.13588624E-06
 5.41000545E-06
 6.40236695E-05
 1.36241557E-03
 2.10324456E-04
 3.84489250E-05
 6.27406158E-05
 7.98915230E-05
 1.88025413E-02
 5.68445353E-05
 5.63653414E-05
 4.89117206E-03
 1.32815163E-05
 4.98790390E-03
 8.15640846E-05
 1.49795569E-04
 9.74560943E-02
 1.52651898E-04
 9.76989697E-02
 9.67935536E-02
 2.61391080E-04
 7.90452976E-04
 7.65315595E-04
 7.43135971E-04
 7.20157935E-04
 6.94590046E-04
 6.92510280E-04
 5.18553196E-04
 5.00940624E-04
 4.84195253E-04
 4.64822452E-04
 4.46328987E-04
 9.37011606E-02
 2.84525295E-04
 2.83402880E-04
 2.90033553E-04
 2.93552439E-04
 1.34019366E-04
 1.74092929E-04
 2.22654525E-04
 1.66189733E-04
 2.74186386E-04
 4.51420988E-04
 1.58545772E-05
 2.04603561E-05
 2.26612404E-05
 2.12741640E-05
 1.87107264E-05
 1.54000341E-05
 1.14338195E-05
 1.13757845E-06
 1.85671092E-05
 4.00340192E-06
 3.59681974E-05
 8.52071952E-05
 8.91678959E-05
 2.08804654E-04
 4.28078795E-04
 1.83956370E-05
 2.96921253E-05
 3.74998916E-05
 3.68667343E-05
 2.36356653E-05
 2.11866196E-05
 1.58270952E-06
 1.24609756E-05
 9.12606699E-05
 2.39339708E-02
 2.66921665E-04
 3.43201713E-05
 6.02693549E-05
 7.64892225E-05
 4.95308866E-05
 3.99017063E-05
 4.92737261E-05
 8.27275875E-05
 1.55327632E-04
 4.87228222E-03
 1.44279854E-04
 2.85300127E-04
 5.46751348E-05
 5.51541067E-05
 5.02538638E-05
 4.80337237E-05
 4.67094980E-05
 9.38949615E-02
 4.08774653E-05
 3.11422391E-05
 1.63833988E-05
 5.86852752E-06
 4.89684529E-03
 5.71106083E-06
 2.84972979E-05
 8.53803787E-05
 1.31324631E-03
 9.56760213E-05
 2.23002117E-04
 1.44092156E-03
 4.62987244E-04
 4.83786977E-03
 7.97596545E-02
 3.26122113E-05
 4.08728102E-05
 4.28070383E-05
 3.84217597E-05
 2.33775768E-05
 1.54960760E-05
 1.27711221E-05
 2.15743643E-05
 1.15804755E-04
 2.41486206E-02
 3.18657832E-04
 4.04430353E-05
 5.83592583E-05
 7.44536445E-05
 1.28151720E-03
 4.17264098E-05
 2.07652716E-05
 2.46298223E-02
 9.10278249E-05
 2.40232306E-02
 2.24336240E-03
 8.76077209E-05
 1.49666838E-04
 1.23326095E-03
 1.23451390E-04
 5.32918860E-03
 1.56803056E-03
 2.90488646E-04
 5.01076332E-03
 4.98707317E-03
 1.00000000E+00
 6.82996399E-05
 6.69451128E-05
 6.08295400E-05
 5.94567068E-05
 4.25235868E-05
 2.68824450E-05
 1.03868365E-05
 2.55445902E-05
 1.26640973E-04
 1.35882407E-03
 3.59030986E-04
 5.32113345E-05
 6.39206529E-05
 7.03826842E-05
 1.98482860E-02
 4.06332290E-05
 4.43545045E-06
 5.08214458E-03
 1.33028938E-04
 4.80012462E-03
 8.55911629E-05
 1.37330112E-04
 1.21220636E-03
 9.42128558E-05
 5.17691762E-03
 1.69777566E-03
 2.76602527E-04
 1.94566075E-02
 6.80771320E-05
 7.18273967E-05
 6.71023612E-05
 3.56219004E-05
 1.35789702E-05
 1.77318069E-04
 8.54459322E-05
 1.19741569E-04
 4.73507506E-03
 5.75859422E-05
 2.53426487E-04
 1.00000000E+00
 1.00000000E+00
 1.00000000E+00
 1.00000000E+00
 1.00000000E+00
 1.00000000E+00
 1.00000000E+00
 1.00000000E+00
 1.00000000E+00
 1.00000000E+00
 1.00000000E+00
 1.00000000E+00
