 1.80017650E-01
 1.80055473E-01
 1.80121463E-01
 1.80180337E-01
 1.80239789E-01
 1.80285003E-01
 1.80357957E-01
 1.03506915E-01
 1.73366131E-01
 1.73436727E-01
 1.80484244E-01
 1.80566978E-01
 1.80648777E-01
 8.57004750E-02
 8.56356974E-02
 8.55698894E-02
 8.55082971E-02
 8.54438398E-02
 1.61343026E-01
 8.54152761E-02
 8.53706712E-02
 8.53174098E-02
 8.52673693E-02
 8.51846518E-02
 8.51659080E-02
 8.51564659E-02
 9.25002964E-03
 4.77286107E-02
 1.10592168E-01
 9.54444945E-03
 1.11070857E-04
 1.15876214E-04
 1.04952426E-04
 1.01299258E-04
 1.09138828E-04
 9.68862181E-05
 3.26140069E-03
 1.13169722E-04
 1.06114494E-04
 9.88136059E-05
 9.34794572E-05
 9.09235407E-05
 8.42707640E-02
 1.04593818E-04
 9.62711169E-05
 8.19093268E-05
 6.66548960E-05
 2.94425672E-03
 7.01975641E-05
 3.97825778E-05
 9.08343464E-06
 1.32294944E-02
 3.90457381E-05
 1.06403765E-04
 3.65152664E-03
 4.13351187E-04
 1.87969111E-02
 3.44749509E-04
 9.56129632E-05
 9.34402542E-05
 7.77530153E-05
 6.63111179E-05
 6.30440332E-05
 8.53053675E-02
 6.73788039E-05
 5.21522542E-05
 3.10589407E-05
 1.36292033E-05
 4.11776376E-03
 9.79434005E-06
 2.82069530E-05
 6.85007690E-05
 6.84810198E-04
 1.32983257E-04
 2.38026472E-04
 8.91679555E-04
 6.57852154E-04
 3.63829588E-03
 8.82738546E-03
 6.65365271E-05
 5.25564204E-05
 2.71123466E-05
 4.29152818E-06
 8.25179282E-06
 3.74896168E-05
 9.08315329E-05
 1.39439345E-04
 2.82663683E-04
 8.31910803E-04
 6.97641688E-04
 3.36490918E-05
 5.78103910E-06
 7.09283774E-05
 1.55123502E-02
 9.92258488E-05
 2.47520577E-04
 3.72409495E-03
 5.97218519E-04
 2.60027764E-03
 3.21893536E-05
 1.68737272E-04
 8.88078914E-02
 4.39485434E-04
 8.09608042E-02
 6.36723103E-02
 2.76721876E-04
 6.53022110E-06
 7.66827678E-06
 6.28191410E-06
 8.68966328E-06
 6.75594109E-06
 1.08776833E-05
 2.42753163E-05
 1.75540931E-05
 1.57219380E-05
 2.14522267E-05
 2.91258135E-05
 8.24407575E-02
 2.50104235E-05
 2.14056098E-05
 2.21662680E-05
 1.45689487E-05
 1.00547970E-05
 1.53345315E-06
 2.48567530E-05
 5.69657773E-05
 1.21946267E-04
 3.80937999E-04
 1.25059160E-04
 1.30042705E-04
 1.12349511E-04
 1.06908507E-04
 1.09646582E-04
 1.26129384E-04
 1.19340695E-04
 9.28156944E-05
 7.17049520E-05
 7.82916275E-05
 4.52795818E-05
 5.28288197E-07
 4.79090416E-05
 1.56702510E-04
 5.69723369E-04
 1.20837206E-04
 1.05131348E-04
 8.35211686E-05
 5.41728580E-05
 6.51712426E-05
 3.12973448E-05
 4.00323464E-05
 7.80324032E-05
 2.24430559E-04
 1.75458479E-02
 6.55701667E-04
 8.08736976E-05
 3.51190148E-05
 2.77000436E-05
 4.52292377E-05
 2.00238870E-04
 5.75730909E-04
 4.74834298E-06
 1.47052316E-04
 3.67980407E-03
 4.31328590E-04
 2.84693831E-04
 2.31820392E-04
 2.35710636E-04
 2.34433816E-04
 2.52022249E-04
 2.55522334E-04
 8.31178473E-02
 2.21622045E-04
 2.62752465E-04
 2.66499237E-04
 2.65249117E-04
 1.22447221E-03
 2.58471603E-04
 2.86413422E-04
 3.15620695E-04
 2.51602775E-04
 3.75645583E-04
 4.65056261E-04
 3.69184194E-04
 8.52507698E-04
 4.68791637E-04
 2.00058543E-02
 4.58321493E-05
 2.86299214E-05
 6.72584917E-06
 2.77951256E-05
 3.31981897E-06
 4.77576205E-05
 1.13863332E-04
 1.54327891E-04
 3.03322460E-04
 6.65271096E-03
 7.40905740E-04
 5.16986825E-05
 5.73397631E-06
 5.35777125E-05
 8.67528765E-04
 7.61399083E-05
 2.40421297E-04
 1.72837884E-02
 6.23131019E-04
 8.11162427E-03
 2.15193691E-03
 1.34570720E-05
 1.68922492E-04
 8.62733926E-04
 4.66055069E-04
 1.83700593E-03
 2.18838701E-03
 3.13085640E-04
 2.60228581E-03
 3.02400784E-03
 1.00000000E+00
 4.53375644E-04
 4.78400694E-04
 4.69215114E-04
 5.24422446E-04
 4.75065085E-04
 5.54132094E-04
 6.00148355E-04
 6.30491240E-04
 7.53885740E-04
 9.12492043E-04
 1.19365305E-03
 1.23998043E-04
 1.76788427E-04
 2.31910226E-04
 1.37197265E-02
 2.44869353E-04
 4.12875805E-04
 3.01687826E-03
 8.12335432E-04
 8.97779554E-04
 1.08102323E-04
 2.66359691E-04
 1.29836977E-03
 5.73839751E-04
 3.18041284E-03
 2.19075174E-03
 3.85467972E-04
 1.16176171E-02
 6.44343863E-04
 6.73426828E-04
 7.34687019E-04
 7.62492322E-04
 9.20490103E-04
 1.30560976E-03
 3.54174676E-04
 4.98419336E-04
 5.03541285E-03
 8.05193421E-04
 5.24777585E-04
 1.00000000E+00
 1.00000000E+00
 1.00000000E+00
 1.00000000E+00
 1.00000000E+00
 1.00000000E+00
 1.00000000E+00
 1.00000000E+00
 1.00000000E+00
 1.00000000E+00
 1.00000000E+00
 1.00000000E+00
 1.80028498E-01
 1.80085996E-01
 1.80137753E-01
 0.00000000E+00
 0.00000000E+00
 0.00000000E+00
 0.00000000E+00
 1.80298278E-01
 1.80371698E-01
 1.80442236E-01
 1.80518989E-01
 1.80604751E-01
 1.80689806E-01
 1.07519132E-01
 1.11417899E-01
 1.68390914E-01
 1.76380221E-01
 1.81028980E-01
 2.49198407E-01
 8.56801374E-02
 8.56258429E-02
 8.55809931E-02
 8.55362511E-02
 8.54641774E-02
 8.54461865E-02
 8.54268275E-02
 8.53733726E-02
 8.54175995E-02
 1.12555488E-01
 9.53337047E-03
 1.08575515E-04
 1.14316253E-04
 1.03776483E-04
 1.05572300E-04
 1.09471568E-04
 9.73730512E-05
 3.26384269E-03
 1.05428603E-04
 9.41766204E-05
 9.46578978E-05
 9.79385977E-05
 9.34755502E-05
 8.43703670E-02
 9.68359055E-05
 9.12998882E-05
 7.71423349E-05
 6.38097425E-05
 2.97429173E-03
 6.49520010E-05
 3.44289663E-05
 1.06831655E-05
 1.33112078E-02
 4.21010310E-05
 1.06502853E-04
 3.66601815E-03
 3.96155563E-04
 2.08885567E-02
 4.28059222E-04
 9.21699939E-05
 8.76536810E-05
 7.33127398E-05
 6.77191620E-05
 5.71109725E-05
 8.53886949E-02
 6.74238280E-05
 4.57340166E-05
 2.79999481E-05
 1.32678458E-05
 4.12285782E-03
 4.96778021E-06
 2.74384348E-05
 7.21673371E-05
 6.93406471E-04
 1.31486698E-04
 2.48746069E-04
 9.02045632E-04
 6.45312554E-04
 3.64355775E-03
 5.90660181E-03
 6.87578131E-05
 5.05828336E-05
 2.60150182E-05
 4.17626240E-06
 6.37782014E-06
 3.50885966E-05
 9.18169986E-05
 1.41687542E-04
 2.77495811E-04
 8.40922886E-04
 6.98734272E-04
 3.39560092E-05
 1.18139550E-05
 6.70526786E-05
 1.55319670E-02
 9.93108238E-05
 2.41372136E-04
 3.73552146E-03
 6.00471193E-04
 2.62193231E-03
 3.39109930E-05
 1.68800504E-04
 8.87690501E-02
 4.39796626E-04
 8.08335713E-02
 6.33290106E-02
 2.78292755E-04
 1.38457210E-02
 1.38245936E-02
 1.38281994E-02
 1.38140948E-02
 1.38062124E-02
 1.37957903E-02
 2.88270932E-05
 2.95468114E-05
 2.29659185E-05
 3.71040175E-05
 4.31115185E-05
 8.25157428E-02
 3.39752903E-05
 3.58872665E-05
 2.76629889E-05
 3.31735831E-05
 2.76398869E-05
 9.34362818E-06
 9.58756993E-06
 4.09194963E-05
 9.88734485E-05
 3.45814158E-04
 1.27606703E-04
 1.27601499E-04
 1.13176527E-04
 1.16414220E-04
 1.09790925E-04
 1.27384596E-04
 1.11006933E-04
 8.45003525E-05
 8.12920581E-05
 7.88964957E-05
 5.02242475E-05
 1.64942563E-07
 5.19742501E-05
 1.57708833E-04
 5.54153265E-04
 1.21726055E-04
 1.08253245E-04
 8.08392047E-05
 5.95208866E-05
 6.42982968E-05
 2.34024916E-05
 3.83930561E-05
 7.89627036E-05
 2.20470271E-04
 1.76132059E-02
 6.49087678E-04
 8.52844314E-05
 3.60941909E-05
 2.80856298E-05
 5.13542451E-05
 2.03317754E-04
 5.83007381E-04
 2.99452261E-06
 1.39812137E-04
 3.68555213E-03
 4.36859434E-04
 2.87521366E-04
 2.24682464E-04
 2.28454725E-04
 2.22042547E-04
 2.35416621E-04
 2.35792490E-04
 8.31422315E-02
 2.11424390E-04
 2.47674383E-04
 2.47878556E-04
 2.52809884E-04
 1.19846713E-03
 2.40556048E-04
 2.72989048E-04
 3.10148017E-04
 2.37353148E-04
 3.64090286E-04
 4.52374817E-04
 3.67258156E-04
 8.22030406E-04
 4.57342734E-04
 1.71145038E-02
 4.97163382E-05
 3.08250245E-05
 1.36570209E-05
 2.25332490E-05
 1.51018063E-07
 4.42292606E-05
 1.03371205E-04
 1.53321906E-04
 2.97300547E-04
 6.71468127E-03
 7.43657165E-04
 5.72830210E-05
 1.17673109E-05
 5.28796943E-05
 8.70315889E-04
 8.28734036E-05
 2.42162118E-04
 1.72596212E-02
 6.34841662E-04
 8.11876961E-03
 2.11717884E-03
 9.96112779E-06
 1.70693910E-04
 8.68669480E-04
 4.78331673E-04
 1.85209210E-03
 2.16198220E-03
 3.07309701E-04
 2.59810962E-03
 3.00995692E-03
 1.00000000E+00
 4.40676193E-04
 4.62790538E-04
 4.65545379E-04
 5.13938256E-04
 4.72805280E-04
 5.36951115E-04
 5.77720069E-04
 6.05812839E-04
 7.32707032E-04
 9.07350463E-04
 1.17579445E-03
 1.18680522E-04
 1.66773308E-04
 2.26834406E-04
 1.37020779E-02
 2.41192805E-04
 4.04239154E-04
 3.01176188E-03
 8.08923763E-04
 9.09032680E-04
 1.03692153E-04
 2.60921978E-04
 1.29646551E-03
 5.77818118E-04
 3.18528524E-03
 2.15963534E-03
 3.82576778E-04
 1.18930532E-02
 6.30951480E-04
 6.62807368E-04
 7.34077722E-04
 7.75155365E-04
 9.11057813E-04
 1.29058039E-03
 3.43247986E-04
 4.94013343E-04
 5.03132185E-03
 8.06546361E-04
 5.22373621E-04
 1.00000000E+00
 1.00000000E+00
 1.00000000E+00
 1.00000000E+00
 1.00000000E+00
 1.00000000E+00
 1.00000000E+00
 1.00000000E+00
 1.00000000E+00
 1.00000000E+00
 1.00000000E+00
 1.00000000E+00
 0.00000000E+00
 0.00000000E+00
 0.00000000E+00
 0.00000000E+00
 0.00000000E+00
 0.00000000E+00
 0.00000000E+00
 1.80314428E-01
 1.80391049E-01
 1.80469909E-01
 1.80547990E-01
 0.00000000E+00
 0.00000000E+00
 1.80654103E-01
 1.80759238E-01
 1.80855240E-01
 1.80960496E-01
 1.81073210E-01
 2.49358208E-01
 1.09259483E-01
 1.11618628E-01
 1.65020378E-01
 1.81492880E-01
 8.57273585E-02
 8.57076471E-02
 8.56957233E-02
 8.56528002E-02
 8.57044995E-02
 1.14406366E-01
 8.52101553E-02
 1.11787450E-04
 1.04311822E-04
 1.07651238E-04
 1.03755673E-04
 1.08995195E-04
 1.00341999E-04
 3.26338470E-03
 1.01149100E-04
 9.70165570E-05
 9.35919085E-05
 8.75525522E-05
 9.13222306E-05
 8.44796407E-02
 9.48744648E-05
 8.61802315E-05
 7.84929714E-05
 6.22289582E-05
 2.98339799E-03
 5.78932646E-05
 3.30137348E-05
 1.31588275E-05
 1.33810437E-02
 4.27983800E-05
 1.04954840E-04
 3.66953197E-03
 3.76176138E-04
 2.28364848E-02
 5.24089554E-04
 9.10132657E-05
 8.12848886E-05
 7.98145941E-05
 6.46270934E-05
 5.94514395E-05
 8.54664602E-02
 6.51578619E-05
 4.67827275E-05
 2.86068244E-05
 5.38886406E-06
 4.10735969E-03
 5.90670439E-06
 3.52960325E-05
 7.27060429E-05
 7.03952804E-04
 1.32959237E-04
 2.41083586E-04
 9.03583271E-04
 6.42471826E-04
 3.64866171E-03
 3.13093436E-03
 6.74574279E-05
 4.46910405E-05
 2.37487390E-05
 3.60499177E-06
 2.73444913E-06
 3.86610162E-05
 9.29551812E-05
 1.45934014E-04
 2.80952367E-04
 8.42756363E-04
 7.01671391E-04
 2.86329115E-05
 8.74415648E-06
 7.06347787E-05
 1.55507991E-02
 1.04221182E-04
 2.44860801E-04
 3.74657522E-03
 6.09827903E-04
 2.64487216E-03
 3.71237022E-05
 1.62575809E-04
 8.87248508E-02
 4.46931550E-04
 8.07135981E-02
 6.29991319E-02
 2.78845763E-04
 1.66054390E-02
 1.65997053E-02
 1.65871150E-02
 1.65632084E-02
 1.65562075E-02
 1.65423467E-02
 2.22169793E-03
 2.22185878E-03
 2.22002626E-03
 2.21087399E-03
 3.05136285E-03
 8.54444384E-02
 4.69751796E-05
 3.72125957E-05
 5.12401987E-05
 4.97600010E-05
 3.53025301E-05
 2.65699672E-05
 1.48029782E-05
 3.72096894E-05
 7.33694538E-05
 3.15019047E-04
 1.31053748E-04
 1.36216200E-04
 1.18864065E-04
 1.21464434E-04
 1.16027497E-04
 1.27595303E-04
 1.08961021E-04
 8.99805593E-05
 7.71251426E-05
 8.43463554E-05
 4.78363780E-05
 7.33042753E-07
 4.61646065E-05
 1.47223070E-04
 5.29535085E-04
 1.14561062E-04
 1.07041970E-04
 8.04064236E-05
 5.90585604E-05
 6.74192202E-05
 2.25120480E-05
 3.34031462E-05
 7.83847169E-05
 2.20442207E-04
 1.76880627E-02
 6.48736489E-04
 8.09211514E-05
 4.01698940E-05
 2.21194197E-05
 5.25574299E-05
 2.01143792E-04
 5.88624477E-04
 3.37306469E-07
 1.41866857E-04
 3.68853581E-03
 4.39858240E-04
 2.83893452E-04
 2.10808618E-04
 2.15263815E-04
 2.03175386E-04
 2.16050492E-04
 2.23767698E-04
 8.31617941E-02
 2.17864204E-04
 2.28957794E-04
 2.34264329E-04
 2.36231501E-04
 1.18372504E-03
 2.27393134E-04
 2.56870302E-04
 2.97697114E-04
 2.28835679E-04
 3.46524386E-04
 4.32244264E-04
 3.46557662E-04
 7.89246379E-04
 4.29881250E-04
 1.43981182E-02
 5.53549100E-05
 3.60793817E-05
 2.72028234E-05
 7.00191552E-06
 6.21317292E-06
 4.55562974E-05
 9.78494402E-05
 1.46372100E-04
 2.87520393E-04
 6.76773994E-03
 7.19220905E-04
 5.70646359E-05
 1.41730862E-05
 4.27970972E-05
 8.58550223E-04
 7.91664898E-05
 2.34495345E-04
 1.72284088E-02
 6.36655637E-04
 8.12621207E-03
 2.08358762E-03
 8.68171612E-06
 1.59953305E-04
 8.53507230E-04
 4.76363803E-04
 1.84573444E-03
 2.13026115E-03
 3.10172687E-04
 2.59958762E-03
 2.98264727E-03
 1.00000000E+00
 4.38012927E-04
 4.56566884E-04
 4.48730454E-04
 4.83471582E-04
 4.77748854E-04
 5.26134634E-04
 5.70051548E-04
 5.97016856E-04
 7.22951906E-04
 8.93358868E-04
 1.17480116E-03
 1.17069383E-04
 1.57202687E-04
 2.15295356E-04
 1.36736245E-02
 2.45174894E-04
 4.04841556E-04
 3.01149240E-03
 8.09144522E-04
 9.23296815E-04
 9.94540969E-05
 2.50315012E-04
 1.28423398E-03
 5.76050632E-04
 3.18287999E-03
 2.12793261E-03
 3.78659930E-04
 1.20400754E-02
 6.27391876E-04
 6.72879114E-04
 7.34516280E-04
 7.95035527E-04
 9.07386485E-04
 1.28762747E-03
 3.14736539E-04
 4.78982019E-04
 5.01584813E-03
 8.07854154E-04
 5.11124998E-04
 1.00000000E+00
 1.00000000E+00
 1.00000000E+00
 1.00000000E+00
 1.00000000E+00
 1.00000000E+00
 1.00000000E+00
 1.00000000E+00
 1.00000000E+00
 1.00000000E+00
 1.00000000E+00
 1.00000000E+00
 0.00000000E+00
 0.00000000E+00
 0.00000000E+00
 0.00000000E+00
 0.00000000E+00
 0.00000000E+00
 0.00000000E+00
 0.00000000E+00
 0.00000000E+00
 0.00000000E+00
 0.00000000E+00
 0.00000000E+00
 0.00000000E+00
 1.80680218E-01
 1.80773672E-01
 1.80880297E-01
 1.80990265E-01
 0.00000000E+00
 0.00000000E+00
 1.81120565E-01
 1.81249112E-01
 1.81386724E-01
 1.81532828E-01
 8.59782547E-02
 1.14273483E-01
 1.63378576E-01
 8.59173946E-02
 8.59574990E-02
 1.59354661E-01
 8.61529796E-02
 1.05541333E-04
 1.06527207E-04
 1.04725335E-04
 1.04692221E-04
 1.05216656E-04
 9.87780464E-05
 3.26109607E-03
 9.52560126E-05
 9.34993312E-05
 9.18166156E-05
 8.71874444E-05
 8.43137947E-05
 8.45746461E-02
 9.16421901E-05
 8.20759507E-05
 7.68703189E-05
 6.39369236E-05
 3.01478047E-03
 5.19412142E-05
 3.12241243E-05
 1.38835063E-05
 1.34509088E-02
 4.41843060E-05
 1.05030451E-04
 3.68365733E-03
 3.57694087E-04
 2.46443067E-02
 6.03823173E-04
 9.16143353E-05
 8.18777147E-05
 7.83460138E-05
 6.51757636E-05
 5.34488673E-05
 8.55371322E-02
 6.24275396E-05
 4.61244234E-05
 2.64151844E-05
 1.02179874E-05
 4.11530195E-03
 3.48832562E-06
 3.51211500E-05
 7.21601928E-05
 7.05255285E-04
 1.36901657E-04
 2.38551473E-04
 9.12817499E-04
 6.30334123E-04
 3.65827955E-03
 5.23944613E-04
 6.66154353E-05
 4.93554593E-05
 2.78984769E-05
 4.18610658E-06
 5.04857830E-07
 3.74565826E-05
 9.39414368E-05
 1.47278576E-04
 2.79304941E-04
 8.53413518E-04
 6.99240079E-04
 2.83138733E-05
 1.15621967E-05
 6.76496884E-05
 1.55669024E-02
 1.03700173E-04
 2.44218830E-04
 3.75636324E-03
 6.14867215E-04
 2.67150419E-03
 3.64375547E-05
 1.64132215E-04
 8.86765896E-02
 4.48553683E-04
 8.05887172E-02
 6.26799327E-02
 2.79434969E-04
 1.66453802E-02
 1.66358387E-02
 1.66260606E-02
 1.66113959E-02
 1.65966665E-02
 1.65844313E-02
 1.66051255E-02
 1.65912321E-02
 1.65876758E-02
 1.65822309E-02
 1.65721846E-02
 9.79201077E-02
 5.89528649E-05
 5.49788624E-05
 6.27100410E-05
 2.91249978E-03
 5.11973831E-05
 4.09776494E-05
 2.76969890E-05
 2.89957303E-05
 5.91754542E-05
 2.83848919E-04
 1.38534456E-04
 1.31366123E-04
 1.25014990E-04
 1.22892124E-04
 1.15266833E-04
 1.24623109E-04
 1.05298618E-04
 9.35584107E-05
 8.29571611E-05
 8.50541260E-05
 5.31859066E-05
 1.00221982E-05
 3.69302016E-05
 1.32999278E-04
 5.07551907E-04
 1.20322897E-04
 1.06430749E-04
 7.95228818E-05
 6.12924474E-05
 7.37672783E-05
 3.34404839E-05
 3.18022221E-05
 7.66985360E-05
 2.13022221E-04
 1.77559112E-02
 6.47348004E-04
 7.96876449E-05
 4.03203332E-05
 2.26787953E-05
 5.26492457E-05
 2.04858993E-04
 5.89149532E-04
 4.42316379E-06
 1.40570222E-04
 3.69413529E-03
 4.38596757E-04
 2.78349192E-04
 2.07198662E-04
 2.03080052E-04
 1.90837116E-04
 1.99840163E-04
 2.09184101E-04
 8.31898308E-02
 2.16359486E-04
 2.06290750E-04
 2.14526088E-04
 2.23997821E-04
 1.16533457E-03
 2.34211447E-04
 2.42880968E-04
 2.91465717E-04
 2.03029297E-04
 3.41252981E-04
 4.15815573E-04
 3.38601058E-04
 7.62495228E-04
 4.09350903E-04
 1.18367019E-02
 5.57541421E-05
 4.12772786E-05
 3.06903109E-05
 6.38193051E-07
 1.12615910E-05
 3.50748085E-05
 9.30452067E-05
 1.48920324E-04
 2.76377692E-04
 6.81360361E-03
 7.09105080E-04
 5.76164129E-05
 1.44509298E-05
 3.83393928E-05
 8.55435200E-04
 8.48886157E-05
 2.28963031E-04
 1.71960005E-02
 6.42945145E-04
 8.13201764E-03
 2.04927335E-03
 1.19420382E-05
 1.55296293E-04
 8.52724536E-04
 4.82666834E-04
 1.85684859E-03
 2.10561225E-03
 3.04192545E-04
 2.59658966E-03
 2.95820619E-03
 1.00000000E+00
 4.39269129E-04
 4.64979697E-04
 4.46788822E-04
 4.89956064E-04
 4.94238026E-04
 5.24632620E-04
 5.55199549E-04
 6.12904691E-04
 7.35533164E-04
 8.85783485E-04
 1.15023693E-03
 1.09591774E-04
 1.51545983E-04
 2.11511343E-04
 1.36536007E-02
 2.27456834E-04
 3.96183240E-04
 3.00255611E-03
 7.97576951E-04
 9.32982118E-04
 9.65894474E-05
 2.47102538E-04
 1.28268777E-03
 5.70871627E-04
 3.18179427E-03
 2.09258871E-03
 3.75037199E-04
 1.20336685E-02
 6.49763420E-04
 6.98884563E-04
 7.44706477E-04
 7.72879706E-04
 9.00931484E-04
 1.28646011E-03
 3.19759913E-04
 4.75793507E-04
 5.01477264E-03
 8.03737173E-04
 5.04852675E-04
 1.00000000E+00
 1.00000000E+00
 1.00000000E+00
 1.00000000E+00
 1.00000000E+00
 1.00000000E+00
 1.00000000E+00
 1.00000000E+00
 1.00000000E+00
 1.00000000E+00
 1.00000000E+00
 1.00000000E+00
 0.00000000E+00
 0.00000000E+00
 0.00000000E+00
 0.00000000E+00
 0.00000000E+00
 0.00000000E+00
 0.00000000E+00
 0.00000000E+00
 0.00000000E+00
 0.00000000E+00
 0.00000000E+00
 0.00000000E+00
 0.00000000E+00
 0.00000000E+00
 0.00000000E+00
 0.00000000E+00
 0.00000000E+00
 0.00000000E+00
 0.00000000E+00
 1.81148505E-01
 1.81276187E-01
 1.81421021E-01
 1.81560244E-01
 1.81742863E-01
 1.81921668E-01
 1.82115793E-01
 1.12730385E-01
 1.58925912E-01
 2.10796171E-01
 8.64029937E-02
 1.05251546E-04
 1.10280659E-04
 9.83087164E-05
 1.04045787E-04
 1.04776627E-04
 9.76728345E-05
 3.26206995E-03
 9.60385363E-05
 1.00450549E-04
 9.00895515E-05
 8.79821985E-05
 7.59428695E-05
 8.46746390E-02
 8.56139920E-05
 7.85319465E-05
 7.26121598E-05
 6.08422663E-05
 3.03526862E-03
 5.26722502E-05
 3.17441941E-05
 1.56002318E-05
 1.35168499E-02
 4.72296797E-05
 9.73668349E-05
 3.69334095E-03
 3.47345746E-04
 2.63399107E-02
 6.66241870E-04
 8.89436004E-05
 8.11595176E-05
 7.40795664E-05
 6.54186161E-05
 5.46579779E-05
 8.56061858E-02
 5.85724671E-05
 4.19344643E-05
 2.91593027E-05
 1.23003224E-05
 4.12202852E-03
 1.64590003E-06
 3.62589371E-05
 7.36800667E-05
 7.15419937E-04
 1.39320849E-04
 2.36825740E-04
 9.14308539E-04
 6.23110768E-04
 3.66796173E-03
 1.93366845E-03
 6.45604551E-05
 4.71387256E-05
 2.30953755E-05
 2.41103268E-06
 2.77354449E-06
 3.89205643E-05
 9.45709303E-05
 1.52565247E-04
 2.81050500E-04
 8.65317025E-04
 7.01525187E-04
 2.76051428E-05
 9.09189752E-06
 7.07810897E-05
 1.55826969E-02
 1.09124213E-04
 2.47558058E-04
 3.76700063E-03
 6.21542246E-04
 2.69736101E-03
 4.00726939E-05
 1.62033930E-04
 8.86285214E-02
 4.53197245E-04
 8.04753441E-02
 6.23808130E-02
 2.79864471E-04
 1.99842899E-02
 1.99746402E-02
 1.99558723E-02
 1.99411821E-02
 1.99267762E-02
 1.99198877E-02
 1.66367365E-02
 1.66247970E-02
 1.66203455E-02
 1.66149387E-02
 1.66099301E-02
 9.80476827E-02
 1.66069925E-02
 1.66163556E-02
 1.66112039E-02
 1.66106895E-02
 7.20821339E-05
 5.35603783E-05
 4.98820924E-05
 6.83161442E-06
 4.03740748E-05
 2.56879740E-04
 1.41823857E-04
 1.36468428E-04
 1.24131825E-04
 1.27988625E-04
 1.15535581E-04
 1.32286949E-04
 1.10944125E-04
 9.51327432E-05
 8.68146525E-05
 8.73736691E-05
 5.48987711E-05
 1.23371869E-05
 3.15855295E-05
 1.37279174E-04
 4.94583053E-04
 1.21061350E-04
 1.06440362E-04
 8.41765970E-05
 6.05719784E-05
 6.58019701E-05
 2.53826202E-05
 3.01663403E-05
 8.42143564E-05
 2.17550606E-04
 1.78192060E-02
 6.47010949E-04
 7.79351098E-05
 3.76591230E-05
 2.16077937E-05
 6.00357287E-05
 2.02525451E-04
 6.02635708E-04
 1.92920421E-08
 1.40131054E-04
 3.69955123E-03
 4.49763100E-04
 2.85100363E-04
 1.74199838E-04
 1.79982849E-04
 1.75230918E-04
 1.79192812E-04
 1.89094877E-04
 8.31950648E-02
 1.92005326E-04
 1.99117227E-04
 1.88311770E-04
 2.04260018E-04
 1.14366018E-03
 2.03258905E-04
 2.16190472E-04
 2.58877268E-04
 1.82055605E-04
 3.12060901E-04
 3.89620774E-04
 3.12288735E-04
 7.29285923E-04
 3.94618279E-04
 9.44753051E-03
 6.63136019E-05
 4.77413571E-05
 2.98957457E-05
 6.10160330E-06
 1.28467339E-05
 3.32096513E-05
 8.72797892E-05
 1.42069486E-04
 2.71528807E-04
 6.86872623E-03
 7.08704157E-04
 6.28084453E-05
 1.81690777E-05
 3.94354022E-05
 8.50767513E-04
 8.33215775E-05
 2.27737777E-04
 1.71693477E-02
 6.45137378E-04
 8.15078251E-03
 2.02428531E-03
 4.44038639E-06
 1.54995950E-04
 8.48279595E-04
 4.84525076E-04
 1.85056670E-03
 2.08542173E-03
 3.07944973E-04
 2.59439466E-03
 2.94721421E-03
 1.00000000E+00
 4.21044916E-04
 4.44369225E-04
 4.33195874E-04
 4.53695722E-04
 4.51948027E-04
 5.02750405E-04
 5.31543371E-04
 5.84467799E-04
 6.97890185E-04
 8.67924877E-04
 1.12527967E-03
 9.68758313E-05
 1.37577723E-04
 2.06215654E-04
 1.36280283E-02
 2.30683417E-04
 3.87950461E-04
 2.99334192E-03
 7.99302440E-04
 9.47546312E-04
 9.23812536E-05
 2.43976075E-04
 1.27422940E-03
 5.77059849E-04
 3.17742394E-03
 2.08396727E-03
 3.70505054E-04
 1.20266902E-02
 6.36025382E-04
 6.71476009E-04
 7.24296270E-04
 7.70930724E-04
 8.85709024E-04
 1.30366700E-03
 3.14677207E-04
 4.69155698E-04
 5.00158167E-03
 8.04060956E-04
 5.06907436E-04
 1.00000000E+00
 1.00000000E+00
 1.00000000E+00
 1.00000000E+00
 1.00000000E+00
 1.00000000E+00
 1.00000000E+00
 1.00000000E+00
 1.00000000E+00
 1.00000000E+00
 1.00000000E+00
 1.00000000E+00
 0.00000000E+00
 0.00000000E+00
 0.00000000E+00
 0.00000000E+00
 0.00000000E+00
 0.00000000E+00
 0.00000000E+00
 0.00000000E+00
 0.00000000E+00
 0.00000000E+00
 0.00000000E+00
 0.00000000E+00
 0.00000000E+00
 0.00000000E+00
 0.00000000E+00
 0.00000000E+00
 0.00000000E+00
 0.00000000E+00
 0.00000000E+00
 0.00000000E+00
 0.00000000E+00
 0.00000000E+00
 0.00000000E+00
 1.81765171E-01
 1.81948690E-01
 1.82134869E-01
 1.82624170E-01
 1.82890814E-01
 2.11970074E-01
 1.15322333E-01
 1.02031704E-04
 9.57825039E-05
 9.71951013E-05
 9.65557107E-05
 1.01773015E-04
 9.32554601E-05
 3.26612241E-03
 9.51021223E-05
 9.44532634E-05
 8.89984842E-05
 8.57385675E-05
 8.00716853E-05
 8.47553974E-02
 8.38099737E-05
 7.54281448E-05
 6.80011320E-05
 6.02277450E-05
 3.05630332E-03
 5.00064862E-05
 2.51288945E-05
 1.27340339E-05
 1.35727713E-02
 4.85077588E-05
 9.69530750E-05
 3.69455532E-03
 3.42823898E-04
 2.79237926E-02
 7.56730909E-04
 8.74061095E-05
 7.62557074E-05
 7.51415260E-05
 6.26929968E-05
 5.32718753E-05
 8.56713172E-02
 5.87486881E-05
 4.13682600E-05
 2.81165800E-05
 1.08667000E-05
 4.11972739E-03
 1.57611209E-06
 3.71493042E-05
 7.37717162E-05
 7.19560182E-04
 1.37004603E-04
 2.30365604E-04
 9.16077287E-04
 6.08837385E-04
 3.66741376E-03
 4.23764685E-03
 6.15665260E-05
 4.53166950E-05
 2.35204123E-05
 4.15171802E-06
 3.61654354E-06
 4.03703281E-05
 9.49898574E-05
 1.55046648E-04
 2.80900176E-04
 8.69830388E-04
 6.99886800E-04
 2.41518541E-05
 9.94832501E-06
 7.12524758E-05
 1.55939256E-02
 1.12082727E-04
 2.51745531E-04
 3.77443224E-03
 6.27108675E-04
 2.71729476E-03
 4.27081388E-05
 1.65255267E-04
 8.85813634E-02
 4.57525436E-04
 8.03606483E-02
 6.20948532E-02
 2.77035547E-04
 8.16078563E-02
 8.14878708E-02
 8.13724303E-02
 8.12498108E-02
 8.11251518E-02
 8.10043537E-02
 1.66946741E-02
 1.66715041E-02
 1.66679087E-02
 1.66584914E-02
 1.96232846E-02
 1.03180486E-01
 1.66550139E-02
 1.66437384E-02
 1.66516734E-02
 1.66503197E-02
 1.09534958E-02
 1.09678101E-02
 1.66991677E-02
 8.09400164E-06
 2.57000132E-05
 2.23947712E-04
 1.42770359E-04
 1.35004014E-04
 1.31111863E-04
 1.28743079E-04
 1.22707086E-04
 1.26180927E-04
 1.20870862E-04
 9.61227650E-05
 9.05288518E-05
 8.38557190E-05
 5.52870810E-05
 1.50957702E-05
 3.02764370E-05
 1.28251940E-04
 4.87509337E-04
 1.24416879E-04
 1.08707770E-04
 9.30119711E-05
 6.20531186E-05
 7.03014512E-05
 2.56744472E-05
 2.64827842E-05
 8.38463829E-05
 2.15251808E-04
 1.78776248E-02
 6.42435998E-04
 8.03320601E-05
 3.68880502E-05
 2.09658984E-05
 5.56299434E-05
 1.99571028E-04
 6.08596405E-04
 3.74778795E-07
 1.38588588E-04
 3.70074882E-03
 4.51435099E-04
 2.84293084E-04
 1.60694747E-04
 1.65418133E-04
 1.60123338E-04
 1.69092773E-04
 1.78567035E-04
 8.32071685E-02
 1.73402491E-04
 1.75361311E-04
 1.70798071E-04
 1.88466511E-04
 1.12486061E-03
 1.90074220E-04
 2.09062875E-04
 2.36418446E-04
 1.69453989E-04
 3.12818332E-04
 3.72288630E-04
 2.95070019E-04
 6.97482411E-04
 3.85656389E-04
 7.17741275E-03
 6.60186875E-05
 5.41012540E-05
 3.89730566E-05
 9.06357376E-06
 2.05944568E-05
 2.71385200E-05
 7.96472193E-05
 1.24431527E-04
 2.58771214E-04
 6.91885077E-03
 6.79132132E-04
 6.62593368E-05
 2.23553266E-05
 3.43343285E-05
 8.46465392E-04
 7.52465091E-05
 2.24139523E-04
 1.71345364E-02
 6.38788937E-04
 8.16162714E-03
 1.98793089E-03
 5.74141790E-06
 1.51916204E-04
 8.46215163E-04
 4.85393410E-04
 1.85239297E-03
 2.06132501E-03
 3.08448918E-04
 2.59363499E-03
 2.92947675E-03
 1.00000000E+00
 4.06328721E-04
 4.42919533E-04
 4.27753908E-04
 4.47982337E-04
 4.35754953E-04
 4.91687757E-04
 5.16314825E-04
 5.71301922E-04
 7.05574629E-04
 8.58671913E-04
 1.10856717E-03
 9.18880807E-05
 1.29166215E-04
 1.92792661E-04
 1.36049986E-02
 2.29673457E-04
 3.79502194E-04
 2.98238604E-03
 7.96538089E-04
 9.58515047E-04
 9.24424459E-05
 2.35598560E-04
 1.26069931E-03
 5.77549585E-04
 3.17277382E-03
 2.06483767E-03
 3.73507391E-04
 1.20211156E-02
 6.38198910E-04
 6.74735350E-04
 7.30596389E-04
 7.79820089E-04
 8.78424328E-04
 1.30322613E-03
 3.13436237E-04
 4.60114665E-04
 4.98355838E-03
 8.03659758E-04
 5.07754463E-04
 1.00000000E+00
 1.00000000E+00
 1.00000000E+00
 1.00000000E+00
 1.00000000E+00
 1.00000000E+00
 1.00000000E+00
 1.00000000E+00
 1.00000000E+00
 1.00000000E+00
 1.00000000E+00
 1.00000000E+00
 0.00000000E+00
 0.00000000E+00
 0.00000000E+00
 0.00000000E+00
 0.00000000E+00
 0.00000000E+00
 0.00000000E+00
 0.00000000E+00
 0.00000000E+00
 0.00000000E+00
 0.00000000E+00
 0.00000000E+00
 0.00000000E+00
 0.00000000E+00
 0.00000000E+00
 0.00000000E+00
 0.00000000E+00
 0.00000000E+00
 0.00000000E+00
 0.00000000E+00
 0.00000000E+00
 0.00000000E+00
 0.00000000E+00
 0.00000000E+00
 0.00000000E+00
 0.00000000E+00
 1.82638046E-01
 1.82901768E-01
 0.00000000E+00
 1.83995444E-01
 1.00294912E-04
 1.00991878E-04
 9.88549813E-05
 9.89474583E-05
 1.01290212E-04
 9.66056454E-05
 3.73278696E-02
 9.34208896E-05
 9.07193449E-05
 8.79000913E-05
 8.59125855E-05
 8.37238315E-05
 8.48306901E-02
 8.21145101E-05
 7.51561163E-05
 7.01821553E-05
 6.16196426E-05
 3.07497240E-03
 5.00485122E-05
 3.18301268E-05
 1.25148890E-05
 1.36278551E-02
 4.53985541E-05
 9.85178505E-05
 3.69973654E-03
 3.24709974E-04
 2.93907247E-02
 8.11248119E-04
 8.45112230E-05
 7.73500335E-05
 7.29653236E-05
 6.39401436E-05
 5.35048133E-05
 8.57266655E-02
 6.17899895E-05
 4.60664294E-05
 2.42475963E-05
 9.21136110E-06
 4.11298505E-03
 2.11687397E-06
 3.71355548E-05
 7.16472137E-05
 7.22885933E-04
 1.35580220E-04
 2.28091110E-04
 9.18360307E-04
 5.93314943E-04
 3.67028021E-03
 6.39170394E-03
 5.47175303E-05
 4.38099577E-05
 2.12440588E-05
 2.97785349E-06
 1.19573950E-06
 4.07546787E-05
 9.47202200E-05
 1.51417093E-04
 2.77217581E-04
 8.66797824E-04
 6.97924957E-04
 2.41538058E-05
 1.36464958E-05
 7.03489683E-05
 1.56082729E-02
 1.12733777E-04
 2.46769309E-04
 3.77866606E-03
 6.28525755E-04
 2.73417651E-03
 4.61101878E-05
 1.64661668E-04
 8.85268910E-02
 4.61183293E-04
 8.02444536E-02
 6.18175572E-02
 2.77867216E-04
 8.19061883E-02
 8.17880636E-02
 8.16726117E-02
 8.15543346E-02
 8.14365054E-02
 8.13122388E-02
 4.80059070E-02
 8.13177827E-02
 8.12042742E-02
 8.10972587E-02
 8.09922360E-02
 1.57197628E-01
 1.66939885E-02
 1.67005619E-02
 1.66944054E-02
 1.67020454E-02
 1.67166751E-02
 1.67291448E-02
 1.67514831E-02
 2.82963699E-03
 1.11567730E-02
 1.96563620E-04
 1.48178054E-04
 1.42890602E-04
 1.35668214E-04
 1.39208826E-04
 1.23883007E-04
 1.21683439E-04
 1.19404193E-04
 1.05149959E-04
 9.91644617E-05
 8.70306053E-05
 5.86115312E-05
 2.85291216E-05
 3.25712846E-05
 1.14814385E-04
 4.74390259E-04
 1.27170735E-04
 1.13233631E-04
 9.65922774E-05
 6.67844884E-05
 7.83200810E-05
 3.32359769E-05
 2.14677031E-05
 8.04396600E-05
 2.06448164E-04
 1.79291354E-02
 6.35645631E-04
 7.82062549E-05
 3.79829788E-05
 2.22875797E-05
 5.11543280E-05
 1.97936936E-04
 6.07197376E-04
 3.03551031E-06
 1.35041142E-04
 3.69737271E-03
 4.52876545E-04
 2.80699295E-04
 1.38309779E-04
 1.47346136E-04
 1.44554694E-04
 1.51813934E-04
 1.50172208E-04
 8.32212246E-02
 1.55120230E-04
 1.57894906E-04
 1.65763004E-04
 1.70596125E-04
 1.10813874E-03
 1.58238644E-04
 2.00686125E-04
 2.27507041E-04
 1.55407732E-04
 2.70749976E-04
 3.52224401E-04
 2.81200032E-04
 6.83669245E-04
 3.68504835E-04
 5.10825205E-03
 7.60268167E-05
 6.75424484E-05
 5.06670823E-05
 2.03879405E-05
 2.93816221E-05
 2.30823728E-05
 6.52617063E-05
 1.15085157E-04
 2.49445776E-04
 6.95960552E-03
 6.67337828E-04
 7.10864421E-05
 3.05657505E-05
 2.58753635E-05
 8.35787702E-04
 7.37095697E-05
 2.18117548E-04
 1.70976017E-02
 6.32762279E-04
 8.16525837E-03
 1.95053096E-03
 1.97488969E-06
 1.43546325E-04
 8.39783488E-04
 4.86397129E-04
 1.85978700E-03
 2.03487244E-03
 3.04466468E-04
 2.59451408E-03
 2.90823807E-03
 1.00000000E+00
 3.94961299E-04
 4.17916872E-04
 4.21462601E-04
 4.52630054E-04
 4.17661892E-04
 4.79707490E-04
 5.08759834E-04
 5.55646833E-04
 6.76330419E-04
 8.49339911E-04
 1.06277958E-03
 8.36249141E-05
 1.20998215E-04
 1.79137787E-04
 1.35755972E-02
 2.26263623E-04
 3.78634985E-04
 2.96911257E-03
 7.97113587E-04
 9.73418264E-04
 8.56209102E-05
 2.26012316E-04
 1.24691993E-03
 5.75970615E-04
 3.16787994E-03
 2.03929477E-03
 3.69119711E-04
 1.20056741E-02
 6.37262867E-04
 6.62132760E-04
 7.01383892E-04
 7.67249510E-04
 8.60690463E-04
 1.26554612E-03
 3.16813004E-04
 4.52804789E-04
 4.96981773E-03
 8.04202363E-04
 5.03502010E-04
 1.00000000E+00
 1.00000000E+00
 1.00000000E+00
 1.00000000E+00
 1.00000000E+00
 1.00000000E+00
 1.00000000E+00
 1.00000000E+00
 1.00000000E+00
 1.00000000E+00
 1.00000000E+00
 1.00000000E+00
 0.00000000E+00
 0.00000000E+00
 0.00000000E+00
 0.00000000E+00
 0.00000000E+00
 0.00000000E+00
 0.00000000E+00
 0.00000000E+00
 0.00000000E+00
 0.00000000E+00
 0.00000000E+00
 0.00000000E+00
 0.00000000E+00
 0.00000000E+00
 0.00000000E+00
 0.00000000E+00
 0.00000000E+00
 0.00000000E+00
 0.00000000E+00
 0.00000000E+00
 0.00000000E+00
 0.00000000E+00
 0.00000000E+00
 0.00000000E+00
 0.00000000E+00
 0.00000000E+00
 0.00000000E+00
 0.00000000E+00
 0.00000000E+00
 1.83983145E-01
 1.00077195E-04
 9.85828542E-05
 9.77797002E-05
 9.58866399E-05
 9.79267055E-05
 9.63680948E-05
 5.54045664E-04
 9.09487740E-05
 8.78686899E-05
 8.85322407E-05
 8.41020108E-05
 8.23610907E-05
 8.49055343E-02
 8.12206519E-05
 7.37122856E-05
 7.00041687E-05
 6.11660507E-05
 3.08713434E-03
 5.11666935E-05
 2.92711175E-05
 1.59762184E-05
 1.36779453E-02
 4.68436193E-05
 9.07772406E-05
 3.69925703E-03
 3.27472849E-04
 3.07732301E-02
 8.78363879E-04
 8.53236427E-05
 7.26646029E-05
 6.46409730E-05
 6.01450047E-05
 5.04944674E-05
 8.57860638E-02
 5.70594000E-05
 4.36510902E-05
 2.45317607E-05
 1.39084233E-05
 4.10587226E-03
 3.18747523E-06
 3.80642035E-05
 6.64713607E-05
 7.20799234E-04
 1.40800804E-04
 2.25817917E-04
 9.11432346E-04
 5.91295897E-04
 3.66898356E-03
 8.42241812E-03
 5.64823556E-05
 3.96049665E-05
 2.44618114E-05
 4.32880141E-06
 4.54603195E-06
 4.35170486E-05
 9.37500534E-05
 1.57166226E-04
 2.80749513E-04
 8.71758230E-04
 6.96395780E-04
 2.21379917E-05
 1.68280762E-05
 7.24125759E-05
 1.56221404E-02
 1.17633260E-04
 2.51513465E-04
 3.78603870E-03
 6.33847982E-04
 2.75404451E-03
 4.86443071E-05
 1.64035302E-04
 8.84718106E-02
 4.66782842E-04
 8.01370629E-02
 6.15607945E-02
 2.82106783E-04
 8.22039412E-02
 8.20881583E-02
 8.19696334E-02
 8.18437850E-02
 8.17323351E-02
 8.16185415E-02
 8.17326608E-02
 8.16289269E-02
 8.15178850E-02
 8.14109228E-02
 8.13021324E-02
 1.57557267E-01
 3.47948137E-02
 4.74972534E-02
 4.74604684E-02
 8.10269603E-02
 1.67548955E-02
 1.67726069E-02
 1.67927254E-02
 1.68602492E-02
 1.69174070E-02
 2.76525027E-03
 1.46367214E-04
 1.40409993E-04
 1.35631437E-04
 1.34387939E-04
 1.25522892E-04
 1.31242285E-04
 1.24793774E-04
 1.04703442E-04
 1.00506032E-04
 1.04576425E-04
 6.15931434E-05
 3.06245121E-05
 2.72287975E-05
 1.11164178E-04
 4.58262994E-04
 1.17462159E-04
 1.08963737E-04
 9.51492023E-05
 6.66333240E-05
 6.89929676E-05
 2.52457719E-05
 2.03487018E-05
 7.96169893E-05
 2.09084543E-04
 1.79741665E-02
 6.34735305E-04
 7.23926276E-05
 3.70645097E-05
 2.18268086E-05
 6.33634669E-05
 2.01563689E-04
 6.10772031E-04
 5.47335791E-06
 1.37274800E-04
 3.69953942E-03
 4.61427553E-04
 2.86386864E-04
 1.12944369E-04
 1.30293933E-04
 1.19594581E-04
 1.33064113E-04
 1.38201373E-04
 8.32227652E-02
 1.31138817E-04
 1.47244337E-04
 1.35467470E-04
 1.47507995E-04
 1.08766229E-03
 1.50067019E-04
 1.66196154E-04
 2.02686730E-04
 1.48683988E-04
 2.49764402E-04
 3.29894520E-04
 2.51624100E-04
 6.25414927E-04
 3.53498855E-04
 3.17299754E-03
 8.21605150E-05
 6.53982871E-05
 6.03201739E-05
 2.62293301E-05
 4.18125712E-05
 1.07474975E-05
 4.92281325E-05
 1.11837733E-04
 2.35964118E-04
 7.00641343E-03
 6.54501346E-04
 7.25852142E-05
 2.59454781E-05
 2.21120825E-05
 8.31576030E-04
 7.09324944E-05
 2.14328985E-04
 1.70571135E-02
 6.36895296E-04
 8.17944517E-03
 1.92407472E-03
 1.10481810E-05
 1.45693863E-04
 8.33278221E-04
 4.90363514E-04
 1.85310213E-03
 2.02599392E-03
 3.07411276E-04
 2.58649752E-03
 2.89839153E-03
 1.00000000E+00
 3.89480116E-04
 4.06798507E-04
 4.03881939E-04
 4.31467735E-04
 4.10326249E-04
 4.78166738E-04
 4.93714891E-04
 5.60202884E-04
 6.59848397E-04
 8.35330352E-04
 1.03968074E-03
 7.87024982E-05
 1.16258767E-04
 1.66453008E-04
 1.35497562E-02
 2.17395763E-04
 3.61338064E-04
 2.95546852E-03
 7.86951545E-04
 9.79682998E-04
 8.63024133E-05
 2.23284038E-04
 1.23779363E-03
 5.80225417E-04
 3.15993686E-03
 2.03559888E-03
 3.70312505E-04
 1.19976439E-02
 6.23053104E-04
 6.56617296E-04
 7.09169262E-04
 7.39297295E-04
 8.63293761E-04
 1.27832031E-03
 3.10159645E-04
 4.39609266E-04
 4.94888108E-03
 7.98210432E-04
 5.02308103E-04
 1.00000000E+00
 1.00000000E+00
 1.00000000E+00
 1.00000000E+00
 1.00000000E+00
 1.00000000E+00
 1.00000000E+00
 1.00000000E+00
 1.00000000E+00
 1.00000000E+00
 1.00000000E+00
 1.00000000E+00
 0.00000000E+00
 0.00000000E+00
 0.00000000E+00
 0.00000000E+00
 0.00000000E+00
 0.00000000E+00
 0.00000000E+00
 0.00000000E+00
 0.00000000E+00
 0.00000000E+00
 0.00000000E+00
 0.00000000E+00
 0.00000000E+00
 0.00000000E+00
 0.00000000E+00
 0.00000000E+00
 0.00000000E+00
 0.00000000E+00
 0.00000000E+00
 0.00000000E+00
 0.00000000E+00
 0.00000000E+00
 0.00000000E+00
 0.00000000E+00
 0.00000000E+00
 0.00000000E+00
 0.00000000E+00
 0.00000000E+00
 0.00000000E+00
 0.00000000E+00
 9.87796938E-05
 9.74675421E-05
 9.71522640E-05
 9.50719930E-05
 9.47884678E-05
 1.00341506E-04
 5.58084854E-04
 9.35923749E-05
 8.99716602E-05
 8.76043166E-05
 8.64563183E-05
 8.20829370E-05
 8.49739600E-02
 8.19729114E-05
 7.23489212E-05
 6.70604786E-05
 5.89959994E-05
 3.12601840E-02
 4.64151380E-05
 2.76332816E-05
 1.04402047E-05
 2.19814724E-02
 3.98495413E-05
 9.24109533E-05
 3.71625639E-03
 3.11559241E-04
 3.20668123E-02
 9.21709760E-04
 8.14860990E-05
 7.81121551E-05
 6.22289427E-05
 6.07812176E-05
 4.92009754E-05
 8.58386902E-02
 5.18454946E-05
 3.61953306E-05
 2.20016845E-05
 1.12783170E-05
 4.10563956E-03
 3.81321741E-06
 3.84203910E-05
 7.39673372E-05
 7.28499668E-04
 1.38349395E-04
 2.24626925E-04
 9.23109195E-04
 5.77148677E-04
 3.68047518E-03
 1.03137635E-02
 5.80372130E-05
 3.66809991E-05
 1.82138695E-05
 3.15210758E-06
 3.58996786E-06
 4.58349737E-05
 9.63436391E-05
 1.58017370E-04
 2.77872138E-04
 8.78438718E-04
 6.97300793E-04
 1.76923416E-05
 2.00763909E-05
 7.17843088E-05
 1.56337729E-02
 1.16371961E-04
 2.52611261E-04
 3.79011774E-03
 6.34736479E-04
 2.77051112E-03
 5.32129803E-05
 1.63614188E-04
 8.84172877E-02
 4.68541773E-04
 8.00267199E-02
 6.13145826E-02
 2.87927716E-04
 8.24827415E-02
 8.23751107E-02
 8.22575690E-02
 8.21321035E-02
 8.20201592E-02
 8.19049257E-02
 8.20302904E-02
 8.19253825E-02
 8.18225088E-02
 8.17158629E-02
 8.16132783E-02
 1.57921281E-01
 8.16016834E-02
 8.15108101E-02
 8.14240964E-02
 8.13449445E-02
 2.11823893E-02
 2.11963579E-02
 4.81824371E-02
 1.69062090E-02
 1.69537791E-02
 1.72328502E-02
 1.42490633E-04
 1.43067933E-04
 1.40074345E-04
 1.35361451E-04
 1.32122285E-04
 1.30001427E-04
 1.26134880E-04
 1.10978061E-04
 1.01250201E-04
 1.02098426E-04
 7.00247089E-05
 3.57863764E-05
 2.31241625E-05
 1.05044431E-04
 4.39000806E-04
 1.14398894E-04
 1.14509678E-04
 9.12189967E-05
 6.90542836E-05
 6.54850355E-05
 2.35055283E-05
 2.25925161E-05
 8.43913334E-05
 2.03814894E-04
 1.80271337E-02
 6.27713778E-04
 7.39339152E-05
 4.25970516E-05
 2.06464184E-05
 6.64978146E-05
 2.05422652E-04
 6.15588615E-04
 9.09222831E-06
 1.38182610E-04
 3.70453925E-03
 4.66569112E-04
 2.88418046E-04
 1.02354012E-04
 1.06753220E-04
 1.06213360E-04
 1.13293226E-04
 1.25342082E-04
 8.32257040E-02
 1.25199579E-04
 1.21637442E-04
 1.14772137E-04
 1.28155337E-04
 1.07466861E-03
 1.50669946E-04
 1.42772123E-04
 1.93051937E-04
 1.35659478E-04
 2.38303299E-04
 3.04750343E-04
 2.24843758E-04
 6.09015579E-04
 3.40273963E-04
 1.33032957E-03
 9.10823547E-05
 8.16593022E-05
 5.57197694E-05
 3.26264055E-05
 4.52699336E-05
 5.96567789E-06
 5.23832010E-05
 1.06169733E-04
 2.23036902E-04
 7.05998043E-03
 6.49960052E-04
 7.10180574E-05
 2.85530217E-05
 2.00851382E-05
 8.25990673E-04
 7.18225297E-05
 2.14912174E-04
 1.70276137E-02
 6.41063949E-04
 8.19083219E-03
 1.90163457E-03
 1.03010371E-05
 1.41668927E-04
 8.34714925E-04
 4.95946070E-04
 1.85722119E-03
 2.01660947E-03
 3.11880635E-04
 2.59119761E-03
 2.89138929E-03
 1.00000000E+00
 3.85407877E-04
 4.09618812E-04
 4.04099453E-04
 4.23028558E-04
 4.05351096E-04
 4.66516065E-04
 4.78100989E-04
 5.56248188E-04
 6.46590450E-04
 8.18605921E-04
 1.04283276E-03
 7.12302670E-05
 1.04063159E-04
 1.67587603E-04
 1.35228140E-02
 2.07980991E-04
 3.49779485E-04
 2.95500432E-03
 7.76071324E-04
 9.87789693E-04
 8.45655682E-05
 2.21403740E-04
 1.23626564E-03
 5.80934813E-04
 3.15074088E-03
 2.02654214E-03
 3.68296892E-04
 1.19881250E-02
 6.19689539E-04
 6.48305109E-04
 6.98768063E-04
 7.49916873E-04
 8.59220573E-04
 1.26352742E-03
 3.04754759E-04
 4.28609325E-04
 4.94031452E-03
 7.93194606E-04
 4.96206039E-04
 1.00000000E+00
 1.00000000E+00
 1.00000000E+00
 1.00000000E+00
 1.00000000E+00
 1.00000000E+00
 1.00000000E+00
 1.00000000E+00
 1.00000000E+00
 1.00000000E+00
 1.00000000E+00
 1.00000000E+00
 0.00000000E+00
 0.00000000E+00
 0.00000000E+00
 0.00000000E+00
 0.00000000E+00
 0.00000000E+00
 0.00000000E+00
 0.00000000E+00
 0.00000000E+00
 0.00000000E+00
 0.00000000E+00
 0.00000000E+00
 0.00000000E+00
 0.00000000E+00
 0.00000000E+00
 0.00000000E+00
 0.00000000E+00
 0.00000000E+00
 0.00000000E+00
 0.00000000E+00
 0.00000000E+00
 0.00000000E+00
 0.00000000E+00
 0.00000000E+00
 0.00000000E+00
 0.00000000E+00
 0.00000000E+00
 0.00000000E+00
 0.00000000E+00
 0.00000000E+00
 9.66625049E-05
 9.58864280E-05
 9.38106355E-05
 9.16464279E-05
 9.47758996E-05
 9.13671536E-05
 1.91078345E-03
 8.88736236E-05
 8.98707293E-05
 8.92284504E-05
 8.25222305E-05
 8.49408854E-05
 8.50534059E-02
 7.97832314E-05
 7.16486694E-05
 6.59965199E-05
 5.70040810E-05
 8.49079189E-04
 4.87161901E-05
 2.89585952E-05
 9.86312424E-06
 4.49679496E-02
 4.31494586E-05
 8.99991219E-05
 3.71494067E-03
 3.12370629E-04
 3.32739858E-02
 9.82634712E-04
 7.70206251E-05
 7.35419044E-05
 6.33557767E-05
 5.65653035E-05
 4.75344778E-05
 8.58873947E-02
 4.82563677E-05
 3.57058484E-05
 2.22343279E-05
 4.64509535E-06
 4.10241795E-03
 1.07080615E-05
 4.02768712E-05
 7.38478087E-05
 7.37713988E-04
 1.40537109E-04
 2.23065040E-04
 9.24644671E-04
 5.75951623E-04
 3.67934894E-03
 1.20968377E-02
 5.00110550E-05
 3.91487520E-05
 1.65824412E-05
 1.47183428E-06
 5.58632626E-06
 4.71922118E-05
 1.00745574E-04
 1.62545265E-04
 2.78444618E-04
 8.78651460E-04
 6.91249186E-04
 1.49933960E-05
 2.47012372E-05
 7.16822537E-05
 1.56414920E-02
 1.21712428E-04
 2.51201131E-04
 3.79456248E-03
 6.40667822E-04
 2.78897159E-03
 5.27852920E-05
 1.68675128E-04
 8.83558200E-02
 4.74605650E-04
 7.99220221E-02
 6.10800683E-02
 2.86460447E-04
 8.43167216E-02
 8.42088465E-02
 1.10773593E-01
 1.14864419E-01
 1.97642165E-01
 2.67067917E-01
 8.23340506E-02
 8.22263412E-02
 8.21202030E-02
 8.20145031E-02
 8.19118480E-02
 1.58255083E-01
 8.19153760E-02
 8.18227960E-02
 8.17274977E-02
 8.16584570E-02
 8.15394352E-02
 8.14892801E-02
 8.14475690E-02
 1.69382275E-02
 1.97307354E-02
 1.72774528E-02
 1.44001539E-04
 1.39537532E-04
 1.39866195E-04
 1.34821865E-04
 1.30648376E-04
 1.31361969E-04
 1.20241630E-04
 1.12203118E-04
 1.06742787E-04
 9.34268873E-05
 6.87657534E-05
 3.54274370E-05
 2.62084886E-05
 1.02446407E-04
 4.32196148E-04
 1.15662242E-04
 1.13609653E-04
 9.24789841E-05
 6.85426830E-05
 6.61815724E-05
 2.26759173E-05
 2.14658236E-05
 8.09206779E-05
 2.02659834E-04
 1.80725766E-02
 6.24019704E-04
 7.64416940E-05
 4.33987212E-05
 1.36775188E-05
 6.69471408E-05
 2.03245449E-04
 6.13339981E-04
 8.74012645E-06
 1.35672162E-04
 3.70208621E-03
 4.68196179E-04
 2.86204457E-04
 7.84500139E-05
 8.53983857E-05
 8.88787274E-05
 9.42973840E-05
 9.80669855E-05
 8.32370461E-02
 9.45798381E-05
 1.07170102E-04
 9.75859782E-05
 1.08730980E-04
 1.05129677E-03
 1.18696231E-04
 1.24107659E-04
 1.64396841E-04
 1.05738831E-04
 2.08589724E-04
 2.70696891E-04
 1.94254379E-04
 5.61730404E-04
 3.27014996E-04
 3.48110203E-04
 9.97130029E-05
 8.48557254E-05
 6.33968029E-05
 4.22294032E-05
 5.31859246E-05
 9.34579488E-07
 3.88308821E-05
 1.06713952E-04
 2.09225760E-04
 7.10245966E-03
 6.38073849E-04
 7.76076762E-05
 3.70156645E-05
 1.51196974E-05
 8.16824314E-04
 6.34681704E-05
 2.09054470E-04
 1.69872524E-02
 6.32752226E-04
 8.19749506E-03
 1.86009431E-03
 8.33075570E-06
 1.42358617E-04
 8.22709687E-04
 4.90380542E-04
 1.84670137E-03
 1.99768887E-03
 3.05242333E-04
 2.57882495E-03
 2.87009881E-03
 1.00000000E+00
 3.57637356E-04
 3.73778960E-04
 3.78706277E-04
 3.94642039E-04
 3.91285689E-04
 4.37090774E-04
 4.71520554E-04
 5.31035233E-04
 6.16810939E-04
 8.14949601E-04
 1.00033042E-03
 5.97073757E-05
 1.01373113E-04
 1.53310786E-04
 1.34950615E-02
 1.98560643E-04
 3.40447454E-04
 2.94682766E-03
 7.74414829E-04
 9.97916088E-04
 7.76231227E-05
 2.12615032E-04
 1.22438132E-03
 5.77988030E-04
 3.13684641E-03
 2.01198718E-03
 3.64642813E-04
 1.19666517E-02
 6.00411247E-04
 6.21060159E-04
 6.82136544E-04
 7.23002768E-04
 8.49116110E-04
 1.25695871E-03
 2.92020917E-04
 4.21868049E-04
 4.92244227E-03
 7.90166328E-04
 4.90025072E-04
 1.00000000E+00
 1.00000000E+00
 1.00000000E+00
 1.00000000E+00
 1.00000000E+00
 1.00000000E+00
 1.00000000E+00
 1.00000000E+00
 1.00000000E+00
 1.00000000E+00
 1.00000000E+00
 1.00000000E+00
