 1.74799933E-01
 1.75607313E-01
 1.77627226E-01
 1.80141513E-01
 1.84651780E-01
 1.92945311E-01
 2.19713887E-01
 1.07371087E-01
 1.70821639E-01
 1.73281375E-01
 1.83904961E-01
 1.92524996E-01
 2.19745756E-01
 9.23580837E-02
 9.37864491E-02
 9.61828002E-02
 1.01416544E-01
 1.17360610E-01
 0.00000000E+00
 9.32053576E-02
 9.57787460E-02
 1.01085098E-01
 1.16970250E-01
 9.49458187E-02
 1.00579357E-01
 1.17024020E-01
 1.15278476E-02
 7.16312442E-02
 0.00000000E+00
 1.80926655E-02
 1.26850128E-04
 1.46049077E-05
 4.36194887E-04
 1.02301940E-03
 1.37846374E-03
 5.44892854E-03
 0.00000000E+00
 3.37094096E-04
 6.95056486E-04
 1.35183269E-03
 2.10781206E-03
 5.43769555E-03
 0.00000000E+00
 5.16540637E-04
 1.12223928E-03
 2.21611260E-03
 6.29837514E-03
 0.00000000E+00
 8.52916931E-04
 2.58613734E-03
 7.47211842E-03
 0.00000000E+00
 2.35938404E-03
 8.61817577E-03
 0.00000000E+00
 9.71578404E-03
 0.00000000E+00
 0.00000000E+00
 6.43349382E-05
 2.40317964E-04
 1.14557588E-03
 2.15091550E-03
 5.91402764E-03
 0.00000000E+00
 3.74514056E-04
 1.16500949E-03
 2.43488908E-03
 7.26775453E-03
 0.00000000E+00
 1.07467127E-03
 2.72133883E-03
 8.67386221E-03
 0.00000000E+00
 2.83075063E-03
 1.04433774E-02
 0.00000000E+00
 1.16297288E-02
 0.00000000E+00
 0.00000000E+00
 3.72026379E-04
 9.04316792E-04
 2.64544701E-03
 7.63883514E-03
 9.24937058E-04
 3.01339084E-03
 9.79876863E-03
 2.73592375E-03
 1.17183717E-02
 0.00000000E+00
 1.30066485E-02
 6.95546110E-04
 2.70191767E-03
 9.69757233E-03
 0.00000000E+00
 2.45319778E-03
 1.20577361E-02
 0.00000000E+00
 1.29372351E-02
 0.00000000E+00
 2.24545883E-03
 1.12774996E-02
 0.00000000E+00
 1.21610386E-02
 0.00000000E+00
 0.00000000E+00
 1.04979596E-02
 4.08646833E-05
 3.01176249E-04
 2.72742167E-04
 4.94167734E-04
 1.24768565E-03
 5.15791389E-03
 3.83288742E-04
 6.09226079E-04
 1.01490973E-03
 2.04027053E-03
 5.26517393E-03
 0.00000000E+00
 2.72867751E-04
 1.18189121E-03
 2.24470375E-03
 6.26371270E-03
 1.02896004E-03
 2.71610474E-03
 7.32146127E-03
 2.11678636E-03
 8.41376234E-03
 9.54707506E-03
 1.20366705E-04
 5.61955697E-04
 1.05268900E-03
 2.37163730E-03
 6.21750361E-03
 5.25372286E-04
 1.36032920E-03
 2.76088981E-03
 7.63620671E-03
 1.02689710E-03
 3.15779973E-03
 8.92440721E-03
 2.67359132E-03
 1.07329300E-02
 1.18642812E-02
 3.71431670E-04
 1.15010510E-03
 2.95620720E-03
 8.36384559E-03
 9.78200739E-04
 3.38843423E-03
 1.05569565E-02
 2.86900202E-03
 1.24093764E-02
 0.00000000E+00
 1.34366316E-02
 1.00096915E-03
 3.14673479E-03
 1.06887264E-02
 2.70450055E-03
 1.31071948E-02
 1.39942922E-02
 2.69002437E-03
 1.28723649E-02
 0.00000000E+00
 1.35417600E-02
 1.23515812E-02
 1.02462372E-04
 5.54123781E-04
 1.02356421E-03
 2.38156678E-03
 6.09115223E-03
 0.00000000E+00
 4.20966487E-04
 1.08927582E-03
 2.42724562E-03
 7.04425603E-03
 0.00000000E+00
 1.07713342E-03
 2.70471532E-03
 8.37871984E-03
 0.00000000E+00
 2.84208051E-03
 1.00086935E-02
 0.00000000E+00
 1.15537987E-02
 0.00000000E+00
 0.00000000E+00
 3.74792735E-04
 1.11684298E-03
 2.69157210E-03
 8.30467159E-03
 1.00626128E-03
 3.21378018E-03
 9.99977181E-03
 2.96272499E-03
 1.21984804E-02
 0.00000000E+00
 1.34018596E-02
 1.18124775E-03
 3.41779991E-03
 1.07775725E-02
 0.00000000E+00
 2.83317158E-03
 1.34490027E-02
 0.00000000E+00
 1.41886653E-02
 0.00000000E+00
 0.00000000E+00
 2.91043668E-03
 1.36271813E-02
 0.00000000E+00
 1.42489823E-02
 0.00000000E+00
 0.00000000E+00
 1.33627050E-02
 0.00000000E+00
 0.00000000E+00
 0.00000000E+00
 3.92193293E-04
 1.05102959E-03
 2.75956029E-03
 7.20234057E-03
 9.50129221E-04
 2.85962137E-03
 9.42209035E-03
 2.78453832E-03
 1.13746619E-02
 0.00000000E+00
 1.28088465E-02
 8.59899073E-04
 3.29283861E-03
 1.06440980E-02
 0.00000000E+00
 2.87055784E-03
 1.29789120E-02
 0.00000000E+00
 1.39137710E-02
 0.00000000E+00
 3.02331357E-03
 1.36020983E-02
 0.00000000E+00
 1.42637747E-02
 0.00000000E+00
 0.00000000E+00
 1.38204414E-02
 0.00000000E+00
 8.98456178E-04
 3.00221391E-03
 9.28701503E-03
 2.91937110E-03
 1.18007360E-02
 1.28745368E-02
 2.88327389E-03
 1.28290897E-02
 0.00000000E+00
 1.35874256E-02
 1.34163403E-02
 1.00000000E+00
 1.00000000E+00
 0.00000000E+00
 1.00000000E+00
 0.00000000E+00
 0.00000000E+00
 1.00000000E+00
 0.00000000E+00
 0.00000000E+00
 0.00000000E+00
 1.00000000E+00
 0.00000000E+00
 1.74775171E-01
 1.75749958E-01
 1.77554538E-01
 0.00000000E+00
 0.00000000E+00
 0.00000000E+00
 0.00000000E+00
 1.75598388E-01
 1.77037485E-01
 1.79490085E-01
 1.84014261E-01
 1.92558771E-01
 2.20101930E-01
 1.11825622E-01
 1.17182753E-01
 1.71889897E-01
 1.87363945E-01
 2.18962175E-01
 0.00000000E+00
 9.33225573E-02
 9.58289590E-02
 1.00817830E-01
 1.17027290E-01
 9.47177918E-02
 1.00430582E-01
 1.16906569E-01
 9.91236767E-02
 1.15923509E-01
 0.00000000E+00
 1.80836782E-02
 2.70867671E-04
 4.09649232E-04
 4.58988334E-04
 8.48273852E-04
 1.78866049E-03
 4.17041001E-03
 0.00000000E+00
 5.51548582E-04
 8.73396299E-04
 1.34582587E-03
 2.69150667E-03
 5.76276747E-03
 0.00000000E+00
 7.11827508E-04
 8.84202907E-04
 1.79863924E-03
 5.91016888E-03
 0.00000000E+00
 1.18428550E-03
 2.46996027E-03
 7.22646457E-03
 0.00000000E+00
 2.34699174E-03
 8.35653751E-03
 0.00000000E+00
 9.44243312E-03
 0.00000000E+00
 0.00000000E+00
 2.67127832E-04
 7.24935663E-04
 1.03319058E-03
 2.06915602E-03
 5.71672629E-03
 0.00000000E+00
 4.23975925E-04
 1.15293827E-03
 2.63225369E-03
 8.29675670E-03
 0.00000000E+00
 1.14235460E-03
 2.63704979E-03
 8.43959528E-03
 0.00000000E+00
 2.80207025E-03
 1.02445982E-02
 0.00000000E+00
 1.17279890E-02
 0.00000000E+00
 0.00000000E+00
 4.99453544E-04
 1.20955676E-03
 2.74575943E-03
 7.89143737E-03
 8.32824600E-04
 2.87308306E-03
 9.89164811E-03
 2.58232393E-03
 1.15628177E-02
 0.00000000E+00
 1.27363463E-02
 6.25645783E-04
 2.66159089E-03
 9.64117721E-03
 0.00000000E+00
 2.35965107E-03
 1.18546663E-02
 0.00000000E+00
 1.27044899E-02
 0.00000000E+00
 2.06547975E-03
 1.11356428E-02
 0.00000000E+00
 1.19845753E-02
 0.00000000E+00
 0.00000000E+00
 1.03221163E-02
 1.41061083E-02
 1.45110497E-02
 1.49620391E-02
 1.60237721E-02
 1.87445472E-02
 2.55902672E-02
 1.67944461E-04
 3.46437872E-04
 1.10915451E-03
 2.12388060E-03
 5.24606960E-03
 0.00000000E+00
 6.44197327E-04
 1.06393066E-03
 2.24671958E-03
 5.57520401E-03
 9.68300220E-04
 2.59387563E-03
 7.29020202E-03
 2.81301768E-03
 8.62556846E-03
 8.94138615E-03
 5.24840888E-05
 5.62424578E-04
 1.11418262E-03
 2.23342697E-03
 7.14405709E-03
 3.82755857E-04
 1.36446197E-03
 2.77000407E-03
 7.61395451E-03
 9.26959405E-04
 3.07268023E-03
 8.89125782E-03
 2.67887501E-03
 1.05430410E-02
 1.18956619E-02
 3.36768153E-04
 1.07890668E-03
 2.80562758E-03
 7.93894746E-03
 1.14212493E-03
 3.34205860E-03
 1.07188855E-02
 3.02180719E-03
 1.22446937E-02
 0.00000000E+00
 1.35445651E-02
 9.90506605E-04
 3.18514599E-03
 1.06666282E-02
 2.79680935E-03
 1.30713894E-02
 1.37831033E-02
 2.53979038E-03
 1.26909342E-02
 0.00000000E+00
 1.34594685E-02
 1.22254136E-02
 9.77917986E-05
 6.58538895E-04
 8.58593011E-04
 2.31786237E-03
 5.84346803E-03
 0.00000000E+00
 4.16154077E-04
 1.23857891E-03
 2.82399770E-03
 6.83803711E-03
 0.00000000E+00
 1.10267967E-03
 2.56234859E-03
 8.23266277E-03
 0.00000000E+00
 2.69554739E-03
 9.83272960E-03
 0.00000000E+00
 1.17169544E-02
 0.00000000E+00
 0.00000000E+00
 4.12382946E-04
 1.14163764E-03
 2.67461471E-03
 8.41639108E-03
 1.07621992E-03
 2.99112313E-03
 1.01387201E-02
 3.15089043E-03
 1.20723657E-02
 0.00000000E+00
 1.34162682E-02
 1.26140238E-03
 3.21804689E-03
 1.05609188E-02
 0.00000000E+00
 3.37403715E-03
 1.38275955E-02
 0.00000000E+00
 1.44374291E-02
 0.00000000E+00
 0.00000000E+00
 2.83967516E-03
 1.34281715E-02
 0.00000000E+00
 1.46193792E-02
 0.00000000E+00
 0.00000000E+00
 1.32755775E-02
 0.00000000E+00
 0.00000000E+00
 0.00000000E+00
 5.06666213E-04
 9.35050784E-04
 2.82480103E-03
 7.12345056E-03
 8.46065786E-04
 2.84448055E-03
 1.01526115E-02
 2.72677759E-03
 1.13045371E-02
 0.00000000E+00
 1.26963551E-02
 1.00874052E-03
 3.26081349E-03
 1.04459377E-02
 0.00000000E+00
 2.70249072E-03
 1.27466309E-02
 0.00000000E+00
 1.38185757E-02
 0.00000000E+00
 2.87059253E-03
 1.34000373E-02
 0.00000000E+00
 1.46376209E-02
 0.00000000E+00
 0.00000000E+00
 1.36236649E-02
 0.00000000E+00
 6.39809078E-04
 2.66963874E-03
 9.30361506E-03
 2.91642602E-03
 1.16130805E-02
 1.28110209E-02
 2.58945884E-03
 1.25617899E-02
 0.00000000E+00
 1.33985373E-02
 1.33219240E-02
 1.00000000E+00
 1.00000000E+00
 0.00000000E+00
 1.00000000E+00
 0.00000000E+00
 0.00000000E+00
 1.00000000E+00
 0.00000000E+00
 0.00000000E+00
 0.00000000E+00
 1.00000000E+00
 0.00000000E+00
 0.00000000E+00
 0.00000000E+00
 0.00000000E+00
 0.00000000E+00
 0.00000000E+00
 0.00000000E+00
 0.00000000E+00
 1.75399874E-01
 1.77069830E-01
 1.79568017E-01
 1.84063446E-01
 0.00000000E+00
 0.00000000E+00
 1.76387765E-01
 1.79304504E-01
 1.83220482E-01
 1.92070424E-01
 2.18921913E-01
 0.00000000E+00
 1.14162069E-01
 1.19795580E-01
 1.75859207E-01
 2.18214279E-01
 9.49668537E-02
 1.00221397E-01
 1.16742220E-01
 9.92222356E-02
 1.16301597E-01
 0.00000000E+00
 1.13698436E-01
 9.79834779E-05
 4.07871052E-04
 5.54575097E-04
 1.00902888E-03
 1.32549022E-03
 2.76913790E-03
 0.00000000E+00
 1.80595969E-04
 7.53648466E-04
 1.05850511E-03
 2.19300986E-03
 5.40103922E-03
 0.00000000E+00
 3.56769755E-04
 9.09086006E-04
 1.93527341E-03
 6.26233417E-03
 0.00000000E+00
 1.14514571E-03
 2.58911633E-03
 7.46685356E-03
 0.00000000E+00
 2.65313790E-03
 8.62930691E-03
 0.00000000E+00
 9.21056742E-03
 0.00000000E+00
 0.00000000E+00
 9.21446315E-05
 6.86933850E-04
 1.12389572E-03
 2.14455058E-03
 5.61045199E-03
 0.00000000E+00
 4.18525369E-04
 1.29331918E-03
 2.49803933E-03
 7.16112097E-03
 0.00000000E+00
 1.17548088E-03
 2.81751362E-03
 8.87900214E-03
 0.00000000E+00
 2.86792345E-03
 1.02629776E-02
 0.00000000E+00
 1.15024583E-02
 0.00000000E+00
 0.00000000E+00
 2.79645100E-04
 1.24370017E-03
 2.47073078E-03
 7.80031563E-03
 8.01981892E-04
 3.07601664E-03
 9.72430131E-03
 2.70308710E-03
 1.17435846E-02
 0.00000000E+00
 1.28419828E-02
 6.59203414E-04
 2.82326202E-03
 9.66419611E-03
 0.00000000E+00
 2.59550576E-03
 1.19207637E-02
 0.00000000E+00
 1.27885842E-02
 0.00000000E+00
 2.18492576E-03
 1.14053543E-02
 0.00000000E+00
 1.20549404E-02
 0.00000000E+00
 0.00000000E+00
 1.04604128E-02
 1.67239089E-02
 1.73945501E-02
 1.78730849E-02
 1.85899711E-02
 2.15438715E-02
 2.97041952E-02
 2.34084734E-03
 2.98133482E-03
 3.68857219E-03
 4.96782622E-03
 1.03148494E-02
 0.00000000E+00
 2.26574472E-04
 9.66406717E-04
 2.38330683E-03
 6.31044813E-03
 8.28668623E-04
 2.59162398E-03
 7.16971141E-03
 2.58682835E-03
 8.37520078E-03
 9.08615160E-03
 6.43756467E-05
 5.36980463E-04
 1.06362629E-03
 2.23181650E-03
 6.05808226E-03
 3.24155415E-04
 1.42621600E-03
 2.67323995E-03
 7.61756950E-03
 1.10870960E-03
 3.01089418E-03
 8.93334523E-03
 2.74035043E-03
 1.04915864E-02
 1.19066731E-02
 3.39380175E-04
 1.19636773E-03
 2.77165734E-03
 8.24880078E-03
 1.00737238E-03
 3.27716930E-03
 1.05856483E-02
 2.96953135E-03
 1.21662629E-02
 0.00000000E+00
 1.34190771E-02
 8.75207075E-04
 3.10391473E-03
 1.06808729E-02
 2.79814936E-03
 1.29825370E-02
 1.39090713E-02
 2.83041688E-03
 1.28758442E-02
 0.00000000E+00
 1.34923664E-02
 1.23243081E-02
 1.26083971E-04
 8.42151141E-04
 1.01690045E-03
 2.33897876E-03
 5.62645357E-03
 0.00000000E+00
 4.00545174E-04
 1.21230222E-03
 2.35834342E-03
 6.91334089E-03
 0.00000000E+00
 1.01547059E-03
 2.64507741E-03
 8.36389306E-03
 0.00000000E+00
 2.76130713E-03
 9.93771178E-03
 0.00000000E+00
 1.15341127E-02
 0.00000000E+00
 0.00000000E+00
 3.83090703E-04
 1.10303382E-03
 2.86101874E-03
 8.06394276E-03
 8.70551407E-04
 3.02351947E-03
 1.05338977E-02
 3.08055201E-03
 1.19384430E-02
 0.00000000E+00
 1.33652538E-02
 1.07029544E-03
 2.91527274E-03
 1.06568999E-02
 0.00000000E+00
 3.03811713E-03
 1.34359678E-02
 0.00000000E+00
 1.42961293E-02
 0.00000000E+00
 0.00000000E+00
 2.87156567E-03
 1.34060226E-02
 0.00000000E+00
 1.43262690E-02
 0.00000000E+00
 0.00000000E+00
 1.35377090E-02
 0.00000000E+00
 0.00000000E+00
 0.00000000E+00
 4.86005438E-04
 9.58603246E-04
 2.56334905E-03
 7.33441902E-03
 9.01991102E-04
 3.11818212E-03
 9.49599771E-03
 2.68820846E-03
 1.15054203E-02
 0.00000000E+00
 1.25806078E-02
 1.07456010E-03
 2.89423696E-03
 1.05928440E-02
 0.00000000E+00
 2.91928255E-03
 1.28600351E-02
 0.00000000E+00
 1.38407877E-02
 0.00000000E+00
 2.87897580E-03
 1.33836305E-02
 0.00000000E+00
 1.43330496E-02
 0.00000000E+00
 0.00000000E+00
 1.38383935E-02
 0.00000000E+00
 6.31373262E-04
 2.74285073E-03
 9.21250952E-03
 2.92940548E-03
 1.17169699E-02
 1.28483420E-02
 2.70024793E-03
 1.26002488E-02
 0.00000000E+00
 1.35169859E-02
 1.35773422E-02
 1.00000000E+00
 1.00000000E+00
 0.00000000E+00
 1.00000000E+00
 0.00000000E+00
 0.00000000E+00
 1.00000000E+00
 0.00000000E+00
 0.00000000E+00
 0.00000000E+00
 1.00000000E+00
 0.00000000E+00
 0.00000000E+00
 0.00000000E+00
 0.00000000E+00
 0.00000000E+00
 0.00000000E+00
 0.00000000E+00
 0.00000000E+00
 0.00000000E+00
 0.00000000E+00
 0.00000000E+00
 0.00000000E+00
 0.00000000E+00
 0.00000000E+00
 1.76405450E-01
 1.78972243E-01
 1.83302554E-01
 1.92272151E-01
 0.00000000E+00
 0.00000000E+00
 1.78112025E-01
 1.82393817E-01
 1.91061116E-01
 2.18407817E-01
 9.50919716E-02
 1.28015926E-01
 1.99489771E-01
 9.93206277E-02
 1.15581230E-01
 0.00000000E+00
 1.14809351E-01
 7.02900820E-05
 4.34818504E-04
 8.35345824E-04
 1.16199898E-03
 1.25701202E-03
 2.87780338E-03
 0.00000000E+00
 3.28255404E-04
 5.24049574E-04
 1.20609025E-03
 2.70403093E-03
 5.81004274E-03
 0.00000000E+00
 5.47238650E-04
 1.43339720E-03
 2.77243002E-03
 7.18357129E-03
 0.00000000E+00
 1.26617286E-03
 2.50322587E-03
 8.10578278E-03
 0.00000000E+00
 2.74056576E-03
 8.43349458E-03
 0.00000000E+00
 8.83469825E-03
 0.00000000E+00
 0.00000000E+00
 2.30382766E-04
 7.32095312E-04
 1.28737621E-03
 2.35018175E-03
 5.71892983E-03
 0.00000000E+00
 6.13358001E-04
 1.37241429E-03
 2.79939666E-03
 7.62118371E-03
 0.00000000E+00
 1.12034268E-03
 3.06994705E-03
 9.48123769E-03
 0.00000000E+00
 2.77914210E-03
 1.05129715E-02
 0.00000000E+00
 1.12290865E-02
 0.00000000E+00
 0.00000000E+00
 4.05483477E-04
 1.26326218E-03
 2.36099289E-03
 7.83602712E-03
 8.49521572E-04
 2.82859549E-03
 1.00888565E-02
 2.71261370E-03
 1.15764267E-02
 0.00000000E+00
 1.26256286E-02
 7.31691858E-04
 2.80238525E-03
 9.40758022E-03
 0.00000000E+00
 2.37254495E-03
 1.15732811E-02
 0.00000000E+00
 1.25172368E-02
 0.00000000E+00
 2.22988821E-03
 1.13807468E-02
 0.00000000E+00
 1.18810934E-02
 0.00000000E+00
 0.00000000E+00
 1.04797076E-02
 1.67674576E-02
 1.74031862E-02
 1.79735025E-02
 1.90565880E-02
 2.14084549E-02
 2.89229166E-02
 1.71733924E-02
 1.79685574E-02
 1.94017683E-02
 2.19354268E-02
 2.91197199E-02
 0.00000000E+00
 3.88781960E-04
 1.03304479E-03
 2.61935012E-03
 1.15323954E-02
 9.92531403E-04
 2.72835622E-03
 7.24930977E-03
 2.83012834E-03
 8.33897768E-03
 8.82501306E-03
 1.68024342E-04
 5.37150278E-04
 1.21445431E-03
 2.12299525E-03
 5.77155758E-03
 4.51928888E-04
 1.33663224E-03
 2.66287932E-03
 7.59208001E-03
 1.11451904E-03
 3.04922423E-03
 8.48845782E-03
 2.52554075E-03
 1.05502421E-02
 1.16984903E-02
 5.39742207E-04
 1.08005255E-03
 2.64642792E-03
 8.06130605E-03
 1.10820032E-03
 3.15145384E-03
 1.02656896E-02
 2.91442287E-03
 1.21381339E-02
 0.00000000E+00
 1.33108951E-02
 9.38136009E-04
 3.02918152E-03
 1.05252825E-02
 2.75784564E-03
 1.29028049E-02
 1.38319799E-02
 2.86528319E-03
 1.25512985E-02
 0.00000000E+00
 1.34307029E-02
 1.25210585E-02
 2.18120594E-04
 7.52159466E-04
 1.19259535E-03
 2.39598710E-03
 5.59545118E-03
 0.00000000E+00
 5.12979863E-04
 1.25479490E-03
 2.48715892E-03
 7.13863711E-03
 0.00000000E+00
 1.19839835E-03
 2.84752622E-03
 8.54147901E-03
 0.00000000E+00
 2.84525391E-03
 1.02102966E-02
 0.00000000E+00
 1.11351656E-02
 0.00000000E+00
 0.00000000E+00
 5.68388274E-04
 1.08530002E-03
 2.69165234E-03
 8.07384811E-03
 1.02417731E-03
 2.99576073E-03
 1.01822048E-02
 3.02776774E-03
 1.20335829E-02
 0.00000000E+00
 1.31586045E-02
 1.26455433E-03
 3.00289156E-03
 1.04490383E-02
 0.00000000E+00
 2.95767133E-03
 1.31616258E-02
 0.00000000E+00
 1.41600996E-02
 0.00000000E+00
 0.00000000E+00
 2.91423575E-03
 1.33881902E-02
 0.00000000E+00
 1.43327108E-02
 0.00000000E+00
 0.00000000E+00
 1.35963582E-02
 0.00000000E+00
 0.00000000E+00
 0.00000000E+00
 4.14698524E-04
 8.95763576E-04
 2.52840351E-03
 7.06235120E-03
 1.06443396E-03
 3.19530526E-03
 9.56089265E-03
 2.72356286E-03
 1.12837000E-02
 0.00000000E+00
 1.23451354E-02
 1.21144675E-03
 2.81662494E-03
 1.03352687E-02
 0.00000000E+00
 2.91538465E-03
 1.26621694E-02
 0.00000000E+00
 1.37088550E-02
 0.00000000E+00
 2.92305731E-03
 1.33492211E-02
 0.00000000E+00
 1.43166941E-02
 0.00000000E+00
 0.00000000E+00
 1.40095625E-02
 0.00000000E+00
 7.37203705E-04
 2.38912128E-03
 8.81680649E-03
 3.17129090E-03
 1.14406037E-02
 1.30849537E-02
 2.66720049E-03
 1.23116865E-02
 0.00000000E+00
 1.32891805E-02
 1.36293805E-02
 1.00000000E+00
 1.00000000E+00
 0.00000000E+00
 1.00000000E+00
 0.00000000E+00
 0.00000000E+00
 1.00000000E+00
 0.00000000E+00
 0.00000000E+00
 0.00000000E+00
 1.00000000E+00
 0.00000000E+00
 0.00000000E+00
 0.00000000E+00
 0.00000000E+00
 0.00000000E+00
 0.00000000E+00
 0.00000000E+00
 0.00000000E+00
 0.00000000E+00
 0.00000000E+00
 0.00000000E+00
 0.00000000E+00
 0.00000000E+00
 0.00000000E+00
 0.00000000E+00
 0.00000000E+00
 0.00000000E+00
 0.00000000E+00
 0.00000000E+00
 0.00000000E+00
 1.78233883E-01
 1.82431695E-01
 1.91266048E-01
 2.18588408E-01
 1.81297547E-01
 1.90084746E-01
 2.17405919E-01
 1.24441352E-01
 1.91928888E-01
 0.00000000E+00
 1.14905034E-01
 5.18926160E-05
 3.68191126E-04
 7.77419202E-04
 1.19020431E-03
 1.65292564E-03
 3.89918590E-03
 0.00000000E+00
 2.09172566E-04
 6.81237426E-04
 1.19149103E-03
 2.21879476E-03
 5.40385373E-03
 0.00000000E+00
 4.83554872E-04
 1.13139950E-03
 2.31258178E-03
 6.55303647E-03
 0.00000000E+00
 1.24507327E-03
 2.44692654E-03
 7.49614793E-03
 0.00000000E+00
 2.68370649E-03
 8.26730108E-03
 0.00000000E+00
 8.94800175E-03
 0.00000000E+00
 0.00000000E+00
 2.67395470E-04
 7.78291652E-04
 1.16739800E-03
 2.21384666E-03
 5.81111576E-03
 0.00000000E+00
 4.30916620E-04
 1.12024711E-03
 2.69912478E-03
 7.13846481E-03
 0.00000000E+00
 1.12767884E-03
 2.73701664E-03
 8.79391247E-03
 0.00000000E+00
 2.70327487E-03
 1.01639629E-02
 0.00000000E+00
 1.16274801E-02
 0.00000000E+00
 0.00000000E+00
 4.57253505E-04
 1.23774860E-03
 2.27236943E-03
 7.40962900E-03
 7.91847803E-04
 2.62885716E-03
 9.82530319E-03
 2.58726331E-03
 1.13239035E-02
 0.00000000E+00
 1.28685246E-02
 6.30237110E-04
 2.80647549E-03
 9.56496597E-03
 0.00000000E+00
 2.46084244E-03
 1.16086330E-02
 0.00000000E+00
 1.26520503E-02
 0.00000000E+00
 2.13697887E-03
 1.11577386E-02
 0.00000000E+00
 1.20467807E-02
 0.00000000E+00
 0.00000000E+00
 1.04309800E-02
 2.05756335E-02
 2.11995719E-02
 2.21196987E-02
 2.30470260E-02
 2.55678409E-02
 3.44939068E-02
 1.70432315E-02
 1.77313803E-02
 1.93099570E-02
 2.16049670E-02
 2.90301847E-02
 0.00000000E+00
 1.76358056E-02
 1.87853219E-02
 2.14393366E-02
 2.98711269E-02
 1.08097314E-03
 2.48884727E-03
 7.02491658E-03
 2.86713465E-03
 8.28759779E-03
 9.27680407E-03
 2.98734387E-04
 6.98116051E-04
 1.29262997E-03
 2.14096548E-03
 5.92556541E-03
 5.28726486E-04
 1.48475425E-03
 2.88584248E-03
 7.47610847E-03
 1.14119429E-03
 2.98886443E-03
 8.78482932E-03
 2.95427941E-03
 1.03634546E-02
 1.20051662E-02
 6.12556537E-04
 1.03729202E-03
 2.78651109E-03
 8.13818303E-03
 1.05539441E-03
 3.14143994E-03
 1.04789773E-02
 3.03950535E-03
 1.19969410E-02
 0.00000000E+00
 1.34857321E-02
 7.56747074E-04
 2.90708255E-03
 1.06377209E-02
 2.71540344E-03
 1.27810794E-02
 1.37753404E-02
 2.77313921E-03
 1.25373335E-02
 0.00000000E+00
 1.34599387E-02
 1.23400949E-02
 2.08894843E-05
 4.30278092E-04
 1.07161162E-03
 2.24943027E-03
 5.75350628E-03
 0.00000000E+00
 4.80829195E-04
 1.19237711E-03
 2.47765150E-03
 6.92777445E-03
 0.00000000E+00
 1.02881770E-03
 2.59927929E-03
 8.15971225E-03
 0.00000000E+00
 2.83195138E-03
 9.83362884E-03
 0.00000000E+00
 1.09643770E-02
 0.00000000E+00
 0.00000000E+00
 5.99291137E-04
 1.24614554E-03
 2.76630280E-03
 8.17955312E-03
 1.13305913E-03
 3.12082361E-03
 1.04204236E-02
 3.13437960E-03
 1.19462381E-02
 0.00000000E+00
 1.33017615E-02
 1.24951647E-03
 3.12879854E-03
 1.04528009E-02
 0.00000000E+00
 3.00499652E-03
 1.31620918E-02
 0.00000000E+00
 1.44014432E-02
 0.00000000E+00
 0.00000000E+00
 2.89861219E-03
 1.34730831E-02
 0.00000000E+00
 1.43506097E-02
 0.00000000E+00
 0.00000000E+00
 1.36455481E-02
 0.00000000E+00
 0.00000000E+00
 0.00000000E+00
 2.60487407E-04
 9.79315018E-04
 2.60680747E-03
 7.15234689E-03
 1.05788357E-03
 3.24454921E-03
 9.51534903E-03
 2.65802985E-03
 1.10109710E-02
 0.00000000E+00
 1.24470665E-02
 1.02097215E-03
 2.89709365E-03
 1.04359479E-02
 0.00000000E+00
 2.84834244E-03
 1.26783593E-02
 0.00000000E+00
 1.36778459E-02
 0.00000000E+00
 2.91553466E-03
 1.34256726E-02
 0.00000000E+00
 1.43749883E-02
 0.00000000E+00
 0.00000000E+00
 1.38519784E-02
 0.00000000E+00
 7.55436456E-04
 2.51765246E-03
 9.04700928E-03
 2.86790733E-03
 1.15129634E-02
 1.29816313E-02
 2.58412220E-03
 1.24621707E-02
 0.00000000E+00
 1.33821772E-02
 1.34969326E-02
 1.00000000E+00
 1.00000000E+00
 0.00000000E+00
 1.00000000E+00
 0.00000000E+00
 0.00000000E+00
 1.00000000E+00
 0.00000000E+00
 0.00000000E+00
 0.00000000E+00
 1.00000000E+00
 0.00000000E+00
 0.00000000E+00
 0.00000000E+00
 0.00000000E+00
 0.00000000E+00
 0.00000000E+00
 0.00000000E+00
 0.00000000E+00
 0.00000000E+00
 0.00000000E+00
 0.00000000E+00
 0.00000000E+00
 0.00000000E+00
 0.00000000E+00
 0.00000000E+00
 0.00000000E+00
 0.00000000E+00
 0.00000000E+00
 0.00000000E+00
 0.00000000E+00
 0.00000000E+00
 0.00000000E+00
 0.00000000E+00
 0.00000000E+00
 1.81534002E-01
 1.90295757E-01
 2.17433607E-01
 1.88532884E-01
 2.15862910E-01
 0.00000000E+00
 1.45816355E-01
 1.96959803E-04
 2.37324954E-04
 5.21583149E-04
 1.10217359E-03
 1.79367141E-03
 4.51639932E-03
 0.00000000E+00
 7.26407267E-05
 7.87109022E-04
 1.03448806E-03
 2.02861052E-03
 5.27041675E-03
 0.00000000E+00
 3.11815140E-04
 1.13942130E-03
 2.28144421E-03
 6.46607574E-03
 0.00000000E+00
 1.19545668E-03
 2.63614532E-03
 7.45932391E-03
 0.00000000E+00
 2.85741723E-03
 8.26264810E-03
 0.00000000E+00
 9.43605092E-03
 0.00000000E+00
 0.00000000E+00
 6.99956459E-05
 5.14791407E-04
 9.42725061E-04
 2.11747655E-03
 5.91937867E-03
 0.00000000E+00
 4.04155042E-04
 1.25846111E-03
 2.58514542E-03
 7.22475336E-03
 0.00000000E+00
 1.11659483E-03
 2.69202282E-03
 8.51029562E-03
 0.00000000E+00
 2.70886887E-03
 9.91554320E-03
 0.00000000E+00
 1.19880270E-02
 0.00000000E+00
 0.00000000E+00
 3.72834017E-04
 1.00863380E-03
 2.20489476E-03
 7.09255142E-03
 9.00619459E-04
 2.80100146E-03
 9.78240137E-03
 2.58412483E-03
 1.12581280E-02
 0.00000000E+00
 1.30077469E-02
 8.12867635E-04
 2.88970303E-03
 9.46808829E-03
 0.00000000E+00
 2.31200374E-03
 1.18064513E-02
 0.00000000E+00
 1.27426520E-02
 0.00000000E+00
 2.09420133E-03
 1.10395555E-02
 0.00000000E+00
 1.20281721E-02
 0.00000000E+00
 0.00000000E+00
 1.04781858E-02
 9.13838330E-02
 9.25362794E-02
 9.38896055E-02
 9.65487693E-02
 1.02095917E-01
 1.18293701E-01
 1.73013368E-02
 1.78778808E-02
 1.91030950E-02
 2.16190528E-02
 3.33863727E-02
 0.00000000E+00
 1.75937456E-02
 1.87186753E-02
 2.14691539E-02
 2.97409215E-02
 1.26318692E-02
 1.48338611E-02
 3.00784010E-02
 2.54371580E-03
 7.94823722E-03
 9.12955656E-03
 1.47235819E-04
 6.02568107E-04
 1.29357023E-03
 2.09488062E-03
 5.95700727E-03
 3.23645061E-04
 1.32799894E-03
 2.70728930E-03
 7.38470382E-03
 1.10345819E-03
 3.15925160E-03
 8.26705252E-03
 2.60340089E-03
 1.04795614E-02
 1.17970387E-02
 5.56470614E-04
 1.24832759E-03
 2.78631801E-03
 8.35559848E-03
 1.00707487E-03
 3.24181259E-03
 1.00749290E-02
 2.94860493E-03
 1.21305392E-02
 0.00000000E+00
 1.33003546E-02
 8.02706618E-04
 2.99473173E-03
 1.07266865E-02
 2.73298610E-03
 1.27951301E-02
 1.38486132E-02
 2.59541001E-03
 1.26892066E-02
 0.00000000E+00
 1.35311770E-02
 1.23052999E-02
 6.32604386E-05
 3.65193348E-04
 9.53749139E-04
 2.14598137E-03
 5.78467337E-03
 0.00000000E+00
 4.84793649E-04
 1.27420000E-03
 2.43510192E-03
 6.94189471E-03
 0.00000000E+00
 9.94929673E-04
 2.58077049E-03
 8.16628968E-03
 0.00000000E+00
 2.94717187E-03
 9.74146445E-03
 0.00000000E+00
 1.11233003E-02
 0.00000000E+00
 0.00000000E+00
 6.04101279E-04
 1.40467641E-03
 2.88176820E-03
 8.28571161E-03
 1.07299576E-03
 3.13557112E-03
 1.01055290E-02
 2.95477433E-03
 1.19981209E-02
 0.00000000E+00
 1.32086503E-02
 1.17197513E-03
 3.29167060E-03
 1.08122298E-02
 0.00000000E+00
 2.89515782E-03
 1.30408245E-02
 0.00000000E+00
 1.41771874E-02
 0.00000000E+00
 0.00000000E+00
 2.87875228E-03
 1.34399372E-02
 0.00000000E+00
 1.42150267E-02
 0.00000000E+00
 0.00000000E+00
 1.33543008E-02
 0.00000000E+00
 0.00000000E+00
 0.00000000E+00
 2.51164313E-04
 1.14017727E-03
 2.65458823E-03
 7.14210443E-03
 1.12419240E-03
 3.33642688E-03
 9.68633240E-03
 2.83749838E-03
 1.11174644E-02
 0.00000000E+00
 1.26490218E-02
 1.05012079E-03
 3.12770771E-03
 1.06148232E-02
 0.00000000E+00
 2.77740095E-03
 1.26356469E-02
 0.00000000E+00
 1.37736849E-02
 0.00000000E+00
 2.92397304E-03
 1.35770627E-02
 0.00000000E+00
 1.42270856E-02
 0.00000000E+00
 0.00000000E+00
 1.38598412E-02
 0.00000000E+00
 8.94990657E-04
 2.57680581E-03
 9.37399469E-03
 2.81607946E-03
 1.14389483E-02
 1.29829300E-02
 2.54572703E-03
 1.25790666E-02
 0.00000000E+00
 1.34332017E-02
 1.34327911E-02
 1.00000000E+00
 1.00000000E+00
 0.00000000E+00
 1.00000000E+00
 0.00000000E+00
 0.00000000E+00
 1.00000000E+00
 0.00000000E+00
 0.00000000E+00
 0.00000000E+00
 1.00000000E+00
 0.00000000E+00
 0.00000000E+00
 0.00000000E+00
 0.00000000E+00
 0.00000000E+00
 0.00000000E+00
 0.00000000E+00
 0.00000000E+00
 0.00000000E+00
 0.00000000E+00
 0.00000000E+00
 0.00000000E+00
 0.00000000E+00
 0.00000000E+00
 0.00000000E+00
 0.00000000E+00
 0.00000000E+00
 0.00000000E+00
 0.00000000E+00
 0.00000000E+00
 0.00000000E+00
 0.00000000E+00
 0.00000000E+00
 0.00000000E+00
 0.00000000E+00
 0.00000000E+00
 0.00000000E+00
 1.88618395E-01
 2.16002236E-01
 0.00000000E+00
 2.13618380E-01
 4.76530752E-05
 3.03698283E-04
 5.55927616E-04
 9.91876253E-04
 1.74197467E-03
 4.48011943E-03
 0.00000000E+00
 3.12629837E-04
 9.45402459E-04
 1.10617806E-03
 2.19583154E-03
 5.41153734E-03
 0.00000000E+00
 4.80911414E-04
 1.29921672E-03
 2.70420040E-03
 6.95275351E-03
 0.00000000E+00
 1.18913208E-03
 2.80856267E-03
 7.82141089E-03
 0.00000000E+00
 2.79511811E-03
 8.31367224E-03
 0.00000000E+00
 9.99820134E-03
 0.00000000E+00
 0.00000000E+00
 1.57956756E-04
 3.89563516E-04
 1.16990338E-03
 2.19100913E-03
 5.95515230E-03
 0.00000000E+00
 6.18738292E-04
 1.45967735E-03
 2.82479039E-03
 7.59553982E-03
 0.00000000E+00
 1.28333454E-03
 2.71784216E-03
 8.73631066E-03
 0.00000000E+00
 2.91788558E-03
 9.61910889E-03
 0.00000000E+00
 1.18323810E-02
 0.00000000E+00
 0.00000000E+00
 4.36374681E-04
 9.03925112E-04
 2.62891054E-03
 7.11595143E-03
 8.86954499E-04
 3.04952373E-03
 1.02481780E-02
 2.64310923E-03
 1.10244248E-02
 0.00000000E+00
 1.30827684E-02
 5.16965411E-04
 2.94671535E-03
 9.42826303E-03
 0.00000000E+00
 2.62956881E-03
 1.19515303E-02
 0.00000000E+00
 1.27210450E-02
 0.00000000E+00
 2.11722981E-03
 1.11997446E-02
 0.00000000E+00
 1.20593497E-02
 0.00000000E+00
 0.00000000E+00
 1.06305818E-02
 9.14470325E-02
 9.25521996E-02
 9.37345292E-02
 9.67038923E-02
 1.01940901E-01
 1.19145101E-01
 5.33577836E-02
 9.35699749E-02
 9.59675645E-02
 1.01530202E-01
 1.17749843E-01
 0.00000000E+00
 1.77074049E-02
 1.89038260E-02
 2.18153903E-02
 2.98464979E-02
 1.89502131E-02
 2.13249838E-02
 3.01477181E-02
 5.89063790E-03
 2.32908052E-02
 9.27759697E-03
 1.72372185E-04
 6.36084987E-04
 1.22799507E-03
 2.06575316E-03
 5.89348976E-03
 4.99384456E-04
 1.50568364E-03
 2.76311657E-03
 7.46831590E-03
 1.12564244E-03
 3.12667016E-03
 8.64465770E-03
 3.05194607E-03
 1.04555074E-02
 1.17803204E-02
 5.25090130E-04
 1.36123254E-03
 3.01855511E-03
 8.62243414E-03
 1.17448804E-03
 3.26991158E-03
 9.77703516E-03
 3.22571178E-03
 1.20407667E-02
 0.00000000E+00
 1.33550023E-02
 9.35198689E-04
 3.15223285E-03
 1.11467232E-02
 2.81233116E-03
 1.28482631E-02
 1.38643461E-02
 2.70136022E-03
 1.28202503E-02
 0.00000000E+00
 1.36505727E-02
 1.23283826E-02
 7.85203487E-05
 4.73795427E-04
 1.15759389E-03
 2.08456964E-03
 5.61599842E-03
 0.00000000E+00
 4.65073363E-04
 1.31252619E-03
 2.71428604E-03
 7.27685272E-03
 0.00000000E+00
 1.42090698E-03
 2.77851527E-03
 8.51903508E-03
 0.00000000E+00
 3.05358719E-03
 9.59000773E-03
 0.00000000E+00
 1.15391540E-02
 0.00000000E+00
 0.00000000E+00
 6.42836672E-04
 1.45641744E-03
 3.18690971E-03
 8.56596138E-03
 1.13582365E-03
 3.03527685E-03
 1.00038412E-02
 3.25552264E-03
 1.18280726E-02
 0.00000000E+00
 1.32619090E-02
 1.21083972E-03
 3.40117394E-03
 1.13258742E-02
 0.00000000E+00
 3.02946540E-03
 1.29773253E-02
 0.00000000E+00
 1.45235870E-02
 0.00000000E+00
 0.00000000E+00
 2.96704087E-03
 1.33022703E-02
 0.00000000E+00
 1.43525410E-02
 0.00000000E+00
 0.00000000E+00
 1.33065966E-02
 0.00000000E+00
 0.00000000E+00
 0.00000000E+00
 3.14937179E-04
 1.08255024E-03
 2.37991216E-03
 6.97726043E-03
 1.17621683E-03
 3.29565069E-03
 9.70375367E-03
 3.11348371E-03
 1.13407339E-02
 0.00000000E+00
 1.27053844E-02
 1.08879641E-03
 3.28858999E-03
 1.10355066E-02
 0.00000000E+00
 2.71969785E-03
 1.25658940E-02
 0.00000000E+00
 1.37981467E-02
 0.00000000E+00
 3.02740618E-03
 1.36990897E-02
 0.00000000E+00
 1.43865427E-02
 0.00000000E+00
 0.00000000E+00
 1.40056067E-02
 0.00000000E+00
 8.21664544E-04
 2.58013872E-03
 9.46867176E-03
 2.78669533E-03
 1.14279385E-02
 1.29252983E-02
 2.49385016E-03
 1.25895301E-02
 0.00000000E+00
 1.34157765E-02
 1.34506741E-02
 1.00000000E+00
 1.00000000E+00
 0.00000000E+00
 1.00000000E+00
 0.00000000E+00
 0.00000000E+00
 1.00000000E+00
 0.00000000E+00
 0.00000000E+00
 0.00000000E+00
 1.00000000E+00
 0.00000000E+00
 0.00000000E+00
 0.00000000E+00
 0.00000000E+00
 0.00000000E+00
 0.00000000E+00
 0.00000000E+00
 0.00000000E+00
 0.00000000E+00
 0.00000000E+00
 0.00000000E+00
 0.00000000E+00
 0.00000000E+00
 0.00000000E+00
 0.00000000E+00
 0.00000000E+00
 0.00000000E+00
 0.00000000E+00
 0.00000000E+00
 0.00000000E+00
 0.00000000E+00
 0.00000000E+00
 0.00000000E+00
 0.00000000E+00
 0.00000000E+00
 0.00000000E+00
 0.00000000E+00
 0.00000000E+00
 0.00000000E+00
 0.00000000E+00
 2.13760799E-01
 3.94428407E-05
 3.16307202E-04
 5.59155488E-04
 9.74261488E-04
 1.92652098E-03
 3.88693912E-03
 0.00000000E+00
 2.18266874E-04
 7.44714831E-04
 1.10799305E-03
 2.19030486E-03
 5.44060569E-03
 0.00000000E+00
 2.03729280E-04
 1.11642528E-03
 2.14605026E-03
 6.24018588E-03
 0.00000000E+00
 1.18307152E-03
 2.60212614E-03
 7.32041357E-03
 0.00000000E+00
 2.57680829E-03
 8.63994325E-03
 0.00000000E+00
 9.43928693E-03
 0.00000000E+00
 0.00000000E+00
 1.85662071E-04
 5.02200647E-04
 1.01473888E-03
 2.21720682E-03
 6.18803480E-03
 0.00000000E+00
 4.18927958E-04
 1.31740791E-03
 2.55226264E-03
 7.15588784E-03
 0.00000000E+00
 1.03885658E-03
 2.66749721E-03
 8.61122509E-03
 0.00000000E+00
 2.77275050E-03
 9.99363987E-03
 0.00000000E+00
 1.16036241E-02
 0.00000000E+00
 0.00000000E+00
 4.47417374E-04
 1.15230393E-03
 2.78763182E-03
 7.39505702E-03
 8.93999518E-04
 3.23506807E-03
 9.68980191E-03
 2.79601071E-03
 1.13671636E-02
 0.00000000E+00
 1.31923556E-02
 6.15027188E-04
 3.05582813E-03
 9.65508722E-03
 0.00000000E+00
 2.55313410E-03
 1.19923598E-02
 0.00000000E+00
 1.30381540E-02
 0.00000000E+00
 2.25647338E-03
 1.14861166E-02
 0.00000000E+00
 1.22431385E-02
 0.00000000E+00
 0.00000000E+00
 1.07195698E-02
 9.15464464E-02
 9.27538868E-02
 9.39605794E-02
 9.66862394E-02
 1.01729385E-01
 1.18657106E-01
 9.20707154E-02
 9.36762872E-02
 9.62139834E-02
 1.01531273E-01
 1.17832073E-01
 0.00000000E+00
 3.89784556E-02
 5.58919251E-02
 6.04210134E-02
 1.17888746E-01
 1.88685523E-02
 2.14428085E-02
 3.00443924E-02
 2.12849902E-02
 3.08672468E-02
 1.26686412E-02
 2.37545118E-04
 5.87727942E-04
 1.20576620E-03
 1.98702046E-03
 6.08333826E-03
 4.98715130E-04
 1.58627854E-03
 2.76532660E-03
 7.55779413E-03
 1.02136756E-03
 3.05930249E-03
 9.19079457E-03
 2.98285040E-03
 1.03867375E-02
 1.17567104E-02
 4.88611510E-04
 1.12016118E-03
 2.53704996E-03
 8.19858652E-03
 1.03983347E-03
 3.33068351E-03
 1.00542926E-02
 3.13562670E-03
 1.19568966E-02
 0.00000000E+00
 1.33932921E-02
 9.64921889E-04
 3.38622467E-03
 1.07771225E-02
 2.87043359E-03
 1.31005747E-02
 1.41040111E-02
 2.74571561E-03
 1.28485375E-02
 0.00000000E+00
 1.36848590E-02
 1.24706043E-02
 8.71151933E-05
 3.45293431E-04
 8.90137275E-04
 2.00957920E-03
 5.77362116E-03
 0.00000000E+00
 6.53629872E-04
 1.39364350E-03
 2.50340759E-03
 7.00760891E-03
 0.00000000E+00
 1.13702691E-03
 2.63495283E-03
 8.22825435E-03
 0.00000000E+00
 2.91748143E-03
 9.70883007E-03
 0.00000000E+00
 1.12522384E-02
 0.00000000E+00
 0.00000000E+00
 4.34815780E-04
 1.15414648E-03
 2.54591530E-03
 8.12938588E-03
 1.03125266E-03
 3.11190677E-03
 9.94341012E-03
 3.17983617E-03
 1.18170729E-02
 0.00000000E+00
 1.32746790E-02
 1.32416991E-03
 3.16474649E-03
 1.08499659E-02
 0.00000000E+00
 2.92608838E-03
 1.33590486E-02
 0.00000000E+00
 1.43708351E-02
 0.00000000E+00
 0.00000000E+00
 3.03491417E-03
 1.35226297E-02
 0.00000000E+00
 1.44237575E-02
 0.00000000E+00
 0.00000000E+00
 1.35283093E-02
 0.00000000E+00
 0.00000000E+00
 0.00000000E+00
 4.81057976E-04
 9.62238100E-04
 2.45910664E-03
 7.21387751E-03
 1.21317208E-03
 2.96075571E-03
 9.40948336E-03
 2.96744791E-03
 1.10949572E-02
 0.00000000E+00
 1.24272819E-02
 9.55429688E-04
 3.14574426E-03
 1.05921135E-02
 0.00000000E+00
 2.80241059E-03
 1.28506222E-02
 0.00000000E+00
 1.39460928E-02
 0.00000000E+00
 2.90083889E-03
 1.34740559E-02
 0.00000000E+00
 1.44913862E-02
 0.00000000E+00
 0.00000000E+00
 1.40646256E-02
 0.00000000E+00
 8.81255652E-04
 2.51292184E-03
 9.19031781E-03
 2.79512475E-03
 1.15005574E-02
 1.29837073E-02
 2.57719438E-03
 1.26080653E-02
 0.00000000E+00
 1.36989548E-02
 1.35948634E-02
 1.00000000E+00
 1.00000000E+00
 0.00000000E+00
 1.00000000E+00
 0.00000000E+00
 0.00000000E+00
 1.00000000E+00
 0.00000000E+00
 0.00000000E+00
 0.00000000E+00
 1.00000000E+00
 0.00000000E+00
 0.00000000E+00
 0.00000000E+00
 0.00000000E+00
 0.00000000E+00
 0.00000000E+00
 0.00000000E+00
 0.00000000E+00
 0.00000000E+00
 0.00000000E+00
 0.00000000E+00
 0.00000000E+00
 0.00000000E+00
 0.00000000E+00
 0.00000000E+00
 0.00000000E+00
 0.00000000E+00
 0.00000000E+00
 0.00000000E+00
 0.00000000E+00
 0.00000000E+00
 0.00000000E+00
 0.00000000E+00
 0.00000000E+00
 0.00000000E+00
 0.00000000E+00
 0.00000000E+00
 0.00000000E+00
 0.00000000E+00
 0.00000000E+00
 0.00000000E+00
 3.77405699E-05
 3.18511886E-04
 5.62454558E-04
 9.93266188E-04
 1.88554559E-03
 4.09163479E-03
 0.00000000E+00
 4.42912420E-04
 6.23583674E-04
 1.11406880E-03
 2.13605685E-03
 5.45411812E-03
 0.00000000E+00
 3.31376550E-04
 1.18476672E-03
 2.35825327E-03
 6.41501337E-03
 0.00000000E+00
 1.10378403E-03
 2.62568376E-03
 7.31382514E-03
 0.00000000E+00
 2.66126308E-03
 8.46429029E-03
 0.00000000E+00
 9.35005782E-03
 0.00000000E+00
 0.00000000E+00
 1.99391650E-04
 2.82316062E-04
 1.17820727E-03
 2.37993640E-03
 6.08075639E-03
 0.00000000E+00
 2.62169413E-04
 1.10206015E-03
 2.44728871E-03
 6.87877503E-03
 0.00000000E+00
 1.03167251E-03
 2.62680480E-03
 8.71048803E-03
 0.00000000E+00
 2.74215298E-03
 9.99855702E-03
 0.00000000E+00
 1.15562031E-02
 0.00000000E+00
 0.00000000E+00
 3.59444248E-04
 1.08000444E-03
 3.14391455E-03
 7.44494670E-03
 8.46132680E-04
 3.02457686E-03
 9.53160525E-03
 2.82656112E-03
 1.13120517E-02
 0.00000000E+00
 1.30844786E-02
 6.32145784E-04
 3.00671890E-03
 9.71430214E-03
 0.00000000E+00
 2.55032024E-03
 1.18424165E-02
 0.00000000E+00
 1.30116031E-02
 0.00000000E+00
 2.29187692E-03
 1.18121621E-02
 0.00000000E+00
 1.22115150E-02
 0.00000000E+00
 0.00000000E+00
 1.08401733E-02
 9.17145489E-02
 9.24850969E-02
 9.40132891E-02
 9.67141518E-02
 1.02060880E-01
 1.18638184E-01
 9.21128340E-02
 9.36100531E-02
 9.62383880E-02
 1.01563368E-01
 1.17824305E-01
 0.00000000E+00
 9.30154481E-02
 9.56481647E-02
 1.01061841E-01
 1.17942375E-01
 2.40126862E-02
 2.71837047E-02
 7.61680576E-02
 2.14652437E-02
 3.09507616E-02
 3.10628822E-02
 2.99729063E-04
 6.52543458E-04
 1.11325405E-03
 2.23828526E-03
 6.15116538E-03
 7.95454501E-04
 1.37133514E-03
 2.68818902E-03
 7.57735326E-03
 9.04243048E-04
 3.19406257E-03
 9.31676578E-03
 2.84109988E-03
 1.04740342E-02
 1.20841793E-02
 5.83766916E-04
 1.18542835E-03
 2.48390737E-03
 8.06320436E-03
 1.17781710E-03
 3.54500487E-03
 1.01414489E-02
 3.13986379E-03
 1.20209533E-02
 0.00000000E+00
 1.34727847E-02
 1.32568239E-03
 3.31092520E-03
 1.09232706E-02
 2.83170138E-03
 1.31429362E-02
 1.40735041E-02
 2.86929787E-03
 1.31513355E-02
 0.00000000E+00
 1.36415294E-02
 1.28363434E-02
 5.56286058E-06
 6.11493305E-04
 9.48478663E-04
 2.28166427E-03
 5.87478242E-03
 0.00000000E+00
 6.21981562E-04
 1.20775533E-03
 2.44787028E-03
 6.75317530E-03
 0.00000000E+00
 1.14931528E-03
 2.54112163E-03
 8.25476000E-03
 0.00000000E+00
 2.99263000E-03
 9.99660828E-03
 0.00000000E+00
 1.16261981E-02
 0.00000000E+00
 0.00000000E+00
 3.91249071E-04
 1.39113404E-03
 2.39394286E-03
 8.02175134E-03
 1.24451997E-03
 3.36454076E-03
 9.99468129E-03
 3.31606681E-03
 1.18067909E-02
 0.00000000E+00
 1.36201883E-02
 1.28153147E-03
 3.64765043E-03
 1.05518058E-02
 0.00000000E+00
 3.13143259E-03
 1.35781215E-02
 0.00000000E+00
 1.46041026E-02
 0.00000000E+00
 0.00000000E+00
 3.03924595E-03
 1.39084291E-02
 0.00000000E+00
 1.46604420E-02
 0.00000000E+00
 0.00000000E+00
 1.35757316E-02
 0.00000000E+00
 0.00000000E+00
 0.00000000E+00
 6.07606609E-04
 1.17525860E-03
 2.70014327E-03
 7.13114160E-03
 1.26033805E-03
 2.97868396E-03
 9.83070428E-03
 3.02597058E-03
 1.09934127E-02
 0.00000000E+00
 1.28299268E-02
 9.82892780E-04
 3.43499623E-03
 1.04396370E-02
 0.00000000E+00
 2.84602128E-03
 1.29599361E-02
 0.00000000E+00
 1.39146495E-02
 0.00000000E+00
 2.92133868E-03
 1.37856071E-02
 0.00000000E+00
 1.45433455E-02
 0.00000000E+00
 0.00000000E+00
 1.40029965E-02
 0.00000000E+00
 8.24227800E-04
 2.56859577E-03
 9.11279089E-03
 2.81651793E-03
 1.15178798E-02
 1.27053383E-02
 2.57467790E-03
 1.27096594E-02
 0.00000000E+00
 1.36837709E-02
 1.36036550E-02
 1.00000000E+00
 1.00000000E+00
 0.00000000E+00
 1.00000000E+00
 0.00000000E+00
 0.00000000E+00
 1.00000000E+00
 0.00000000E+00
 0.00000000E+00
 0.00000000E+00
 1.00000000E+00
 0.00000000E+00
 0.00000000E+00
 0.00000000E+00
 0.00000000E+00
 0.00000000E+00
 0.00000000E+00
 0.00000000E+00
 0.00000000E+00
 0.00000000E+00
 0.00000000E+00
 0.00000000E+00
 0.00000000E+00
 0.00000000E+00
 0.00000000E+00
 0.00000000E+00
 0.00000000E+00
 0.00000000E+00
 0.00000000E+00
 0.00000000E+00
 0.00000000E+00
 0.00000000E+00
 0.00000000E+00
 0.00000000E+00
 0.00000000E+00
 0.00000000E+00
 0.00000000E+00
 0.00000000E+00
 0.00000000E+00
 0.00000000E+00
 0.00000000E+00
 0.00000000E+00
 1.51324364E-04
 4.08711998E-04
 5.57577254E-04
 1.00737523E-03
 1.66996185E-03
 4.71189174E-03
 0.00000000E+00
 4.26155261E-04
 5.72880947E-04
 1.12239709E-03
 2.10007120E-03
 5.43705462E-03
 0.00000000E+00
 6.59420541E-04
 1.18969336E-03
 2.38102723E-03
 6.44705349E-03
 0.00000000E+00
 1.16702350E-03
 2.64557689E-03
 7.49939966E-03
 0.00000000E+00
 2.77366689E-03
 8.55044992E-03
 0.00000000E+00
 9.45057457E-03
 0.00000000E+00
 0.00000000E+00
 2.21871508E-04
 5.60948468E-04
 1.19477881E-03
 2.43823846E-03
 6.12265264E-03
 0.00000000E+00
 3.31605217E-04
 1.09803542E-03
 2.58954567E-03
 7.18163565E-03
 0.00000000E+00
 1.06305224E-03
 2.74203871E-03
 8.85503220E-03
 0.00000000E+00
 2.86495190E-03
 1.01829017E-02
 0.00000000E+00
 1.15455656E-02
 0.00000000E+00
 0.00000000E+00
 3.39876876E-04
 1.01897991E-03
 2.65445391E-03
 7.56181180E-03
 1.02344955E-03
 3.02316235E-03
 9.61493453E-03
 2.83363043E-03
 1.14206305E-02
 0.00000000E+00
 1.32044333E-02
 8.71662037E-04
 2.75254888E-03
 9.89158328E-03
 0.00000000E+00
 2.74359531E-03
 1.19404381E-02
 0.00000000E+00
 1.32124747E-02
 0.00000000E+00
 2.35137918E-03
 1.12451490E-02
 0.00000000E+00
 1.23818295E-02
 0.00000000E+00
 0.00000000E+00
 1.07580232E-02
 9.32417387E-02
 9.41950725E-02
 1.20174180E-01
 1.27906432E-01
 2.09850035E-01
 3.17827136E-01
 9.22872722E-02
 9.38986307E-02
 9.60730727E-02
 1.01542045E-01
 1.17854202E-01
 0.00000000E+00
 9.30678898E-02
 9.56571047E-02
 1.01088362E-01
 1.18065594E-01
 9.48605780E-02
 1.00427366E-01
 1.17767042E-01
 2.13004254E-02
 3.50758284E-02
 3.15543497E-02
 3.07348240E-04
 7.43301095E-04
 1.08770715E-03
 2.32071913E-03
 6.15305662E-03
 6.43237358E-04
 1.31122324E-03
 2.75643998E-03
 7.55892275E-03
 1.12010977E-03
 3.10867008E-03
 9.19612079E-03
 2.76457606E-03
 1.05051932E-02
 1.17981075E-02
 6.24689399E-04
 1.13458337E-03
 2.63181095E-03
 8.03121155E-03
 1.27023146E-03
 3.34900594E-03
 1.00040031E-02
 3.27281339E-03
 1.19591218E-02
 0.00000000E+00
 1.35135102E-02
 1.10723295E-03
 3.16712832E-03
 1.06735431E-02
 2.97533520E-03
 1.29573260E-02
 1.41932288E-02
 2.96638596E-03
 1.28310613E-02
 0.00000000E+00
 1.38197382E-02
 1.25953881E-02
 1.22259004E-04
 6.50637498E-04
 1.02462031E-03
 2.48126273E-03
 6.01714287E-03
 0.00000000E+00
 5.69856633E-04
 9.21347059E-04
 2.43276815E-03
 6.87929734E-03
 0.00000000E+00
 1.09858161E-03
 2.52180197E-03
 8.32125395E-03
 0.00000000E+00
 2.97778937E-03
 9.80292822E-03
 0.00000000E+00
 1.11202899E-02
 0.00000000E+00
 0.00000000E+00
 5.02786364E-04
 1.39678354E-03
 2.69113396E-03
 8.13406588E-03
 1.28200642E-03
 3.22930904E-03
 9.95124072E-03
 3.30168670E-03
 1.17920033E-02
 0.00000000E+00
 1.34994000E-02
 1.16030451E-03
 3.60936366E-03
 1.07070509E-02
 0.00000000E+00
 3.27728477E-03
 1.32814898E-02
 0.00000000E+00
 1.44379367E-02
 0.00000000E+00
 0.00000000E+00
 3.01040306E-03
 1.35650718E-02
 0.00000000E+00
 1.45860728E-02
 0.00000000E+00
 0.00000000E+00
 1.36995887E-02
 0.00000000E+00
 0.00000000E+00
 0.00000000E+00
 6.92627031E-04
 1.14998172E-03
 2.78226144E-03
 7.33775242E-03
 1.16150222E-03
 3.02939531E-03
 9.38542105E-03
 3.12972780E-03
 1.09977952E-02
 0.00000000E+00
 1.28229457E-02
 1.14422567E-03
 3.55105350E-03
 1.05848035E-02
 0.00000000E+00
 2.99900317E-03
 1.28249873E-02
 0.00000000E+00
 1.41565086E-02
 0.00000000E+00
 2.96107700E-03
 1.35101897E-02
 0.00000000E+00
 1.45904251E-02
 0.00000000E+00
 0.00000000E+00
 1.41459731E-02
 0.00000000E+00
 8.79400619E-04
 2.78727310E-03
 9.26882062E-03
 2.82898256E-03
 1.16215205E-02
 1.28878700E-02
 2.74067404E-03
 1.27866845E-02
 0.00000000E+00
 1.38833770E-02
 1.37335388E-02
 1.00000000E+00
 1.00000000E+00
 0.00000000E+00
 1.00000000E+00
 0.00000000E+00
 0.00000000E+00
 1.00000000E+00
 0.00000000E+00
 0.00000000E+00
 0.00000000E+00
 1.00000000E+00
 0.00000000E+00
