 4.20557163E-01
 2.53659703E-01
 1.59153995E-01
 1.09170871E-01
 9.39181977E-02
 1.13038727E-01
 1.43364524E-01
 2.46362953E-01
 2.85892689E-01
 1.33779347E-01
 5.56893164E-02
 2.03361412E-02
 1.59219087E-02
 3.10771122E-02
 7.77269312E-02
 2.62686975E-01
 2.55366546E-01
 1.13003392E-01
 4.12713169E-02
 1.41598812E-02
 1.21560479E-02
 6.20903942E-02
 1.57328896E-01
 1.68284866E-01
 3.97101115E-02
 1.14823947E-02
 9.17876079E-03
 4.12220990E-02
 1.41668435E-01
 9.55368442E-02
 2.08051513E-02
 7.47328282E-02
 1.20507487E-01
 6.22642821E-02
 5.81115124E-02
 3.38276085E-02
 9.89725098E-02
 1.36849806E-01
 3.29677266E-03
 1.41288793E-01
 3.87552904E-01
 2.44086007E-01
 2.55094198E-01
 1.08974147E-01
 3.43439333E-02
 1.68337917E-02
 8.62417380E-03
 3.10771122E-02
 7.77269312E-02
 1.36648338E-01
 4.02964946E-02
 1.81616930E-04
 2.58129286E-02
 1.00767063E-02
 1.76900485E-02
 1.27785786E-01
 4.70553653E-02
 1.51805751E-02
 8.07023843E-03
 2.18953003E-02
 8.48232506E-02
 2.24586601E-02
 3.30366225E-02
 5.12442268E-02
 2.35267008E-02
 1.48978075E-02
 5.06670239E-02
 6.96660943E-02
 3.31065572E-02
 6.81984966E-02
 1.50338298E-01
 1.72365434E-01
 1.61740526E-01
 3.47973359E-02
 3.01203182E-02
 9.65094561E-02
 5.89439462E-02
 4.51471894E-02
 1.43774332E-01
 6.08623783E-02
 1.08842217E-03
 2.45190327E-02
 5.90116723E-02
 9.90346502E-03
 7.51997814E-02
 8.03934653E-02
 4.28485159E-02
 3.62370053E-02
 5.59296537E-02
 1.20787084E-01
 4.20266715E-02
 5.00419673E-02
 5.66027547E-02
 1.64437630E-02
 5.14181740E-02
 4.11215794E-02
 3.72731800E-02
 1.36132952E-01
 2.02210240E-01
 8.05567650E-01
 1.14826593E-01
 1.47348034E-02
 9.65094561E-02
 2.12075471E-01
 1.04569291E-01
 9.04992828E-02
 3.16475850E-02
 2.16149520E-02
 5.90116723E-02
 1.12355299E-01
 8.26447661E-02
 8.70534414E-02
 6.14625322E-02
 6.16772942E-02
 1.11733723E-01
 3.69619500E-02
 5.89921516E-02
 1.47428848E-01
 4.99588631E-02
 7.48539461E-02
 3.28445409E-01
 9.74015374E-02
 7.80204791E-03
 5.89439462E-02
 1.04569291E-01
 2.28885880E-02
 8.43245453E-03
 9.90346502E-03
 9.92768303E-02
 8.46047722E-02
 1.23133212E-01
 7.03531895E-02
 1.26970001E-01
 4.15255678E-02
 4.51471894E-02
 9.04992828E-02
 5.89396605E-02
 3.85869597E-02
 7.51997814E-02
 9.62352480E-03
 3.38096149E-02
 4.12382493E-01
 1.79864217E-01
 1.03848070E-01
 1.43774332E-01
 1.50726316E-01
 1.59407089E-01
 5.82566830E-01
 2.56671605E-01
 2.60083457E-01
 1.18789740E-01
 5.55687959E-02
 3.44246662E-02
 8.35355062E-03
 1.29089543E-02
 1.43432826E-03
 5.88074585E-02
 1.36791461E-01
 4.02568924E-02
 5.74861563E-03
 4.79685453E-04
 5.62743875E-03
 1.91926781E-02
 2.24711427E-02
 1.45686770E-01
 1.08847985E-01
 3.12843697E-02
 5.45238394E-03
 8.00233376E-03
 1.69447754E-02
 1.79015141E-02
 7.60792879E-02
 4.88730681E-02
 6.65022117E-03
 1.34290278E-02
 2.68228059E-03
 2.81936404E-02
 1.30559924E-01
 2.39324526E-04
 2.65700602E-02
 4.45148119E-02
 1.18615718E-01
 1.55115172E-02
 1.07191773E-02
 8.26330875E-04
 5.69646072E-02
 1.55796054E-01
 5.04113249E-03
 1.99359433E-02
 2.12316735E-01
 6.86288085E-02
 1.18855362E-01
 3.51059086E-02
 6.42932477E-03
 6.89853526E-03
 2.92899555E-02
 1.91926781E-02
 2.24711427E-02
 4.03881361E-02
 5.66704573E-03
 6.12912452E-03
 3.00545793E-03
 2.26434508E-05
 1.04501059E-02
 2.64131621E-02
 2.39630398E-03
 1.17452727E-02
 1.91370398E-02
 8.25406932E-03
 4.27805778E-02
 4.40351367E-02
 5.38736530E-02
 4.84651997E-02
 2.59506624E-03
 3.57812775E-02
 2.23603240E-02
 3.09507654E-02
 6.08611688E-03
 2.00190118E-02
 1.02592377E-01
 3.38817328E-02
 5.58450387E-02
 6.66078520E-03
 1.00389873E-02
 3.66770363E-02
 6.48177148E-02
 1.44115839E-02
 7.32873438E-02
 6.30110124E-03
 5.66620365E-03
 2.09658921E-02
 3.17585531E-02
 1.20888140E-02
 4.24151356E-02
 1.02355899E-02
 2.42977539E-03
 6.24161826E-03
 1.65726003E-02
 9.51605303E-02
 7.34406251E-02
 7.21165985E-02
 5.81702496E-02
 1.04005875E-02
 3.24027392E-02
 1.33542785E-02
 6.55439815E-03
 6.73762349E-02
 1.30872723E-01
 4.20112212E-01
 3.57575078E-02
 6.81353529E-03
 3.66770363E-02
 1.15770309E-01
 1.33119165E-01
 4.50105867E-02
 3.14536862E-03
 2.83545799E-03
 3.17585531E-02
 6.38608145E-02
 9.56904996E-02
 2.55035127E-02
 1.63652218E-02
 2.09450503E-02
 3.48090623E-02
 5.01012967E-02
 6.22114971E-02
 1.13231713E-01
 2.99787871E-02
 3.30771436E-02
 2.92123485E-01
 1.14590219E-02
 2.92988140E-02
 6.48177148E-02
 1.33119165E-01
 5.83503832E-04
 4.92647974E-06
 1.20888140E-02
 4.75413914E-02
 4.49308337E-02
 9.69389015E-02
 3.20752399E-02
 2.33574099E-02
 1.13563364E-02
 1.44115839E-02
 4.50105867E-02
 1.70423313E-03
 5.22257755E-03
 4.24151356E-02
 8.51298924E-02
 1.19854881E-01
 3.78979408E-01
 3.08984816E-02
 2.88028841E-03
 7.32873438E-02
 3.64571640E-02
 9.96283993E-02
 6.32203091E-01
 7.07177149E-02
 1.73356717E-01
 5.71936627E-02
 1.53702597E-02
 9.22297096E-03
 1.70697398E-02
 5.12260092E-03
 2.11051158E-02
 8.40106550E-03
 6.57899990E-02
 9.27155455E-03
 3.41015345E-03
 1.70295502E-03
 7.50195487E-03
 2.35639642E-02
 3.37408647E-02
 1.03271634E-01
 4.04865293E-02
 8.73402141E-03
 5.73905580E-03
 5.20798196E-03
 2.45919622E-02
 7.35288613E-03
 5.30921989E-02
 1.40429025E-02
 1.78272936E-03
 8.44126543E-03
 3.98502920E-02
 1.88423082E-02
 7.54266039E-02
 2.25059426E-02
 1.23489816E-02
 2.49255800E-02
 1.05604693E-01
 5.90926279E-02
 2.84076020E-02
 2.15554733E-02
 3.94992088E-02
 1.47602845E-01
 1.35612877E-02
 4.99783150E-02
 1.65863850E-01
 1.41991616E-02
 5.72253145E-02
 9.24681056E-03
 4.06830104E-04
 1.81973451E-04
 3.27783833E-02
 2.35639642E-02
 3.37408647E-02
 9.33485814E-03
 5.22578333E-05
 7.64379476E-03
 3.77901418E-03
 1.25250839E-05
 1.40017758E-02
 1.21178041E-02
 1.52122341E-02
 1.55651517E-02
 3.11694540E-02
 2.51289708E-02
 2.46880752E-02
 5.04724474E-02
 4.67238712E-02
 3.68613526E-02
 2.03195512E-02
 2.66238391E-02
 1.02265700E-02
 2.84272334E-02
 2.89718864E-02
 5.49724285E-02
 8.35632724E-02
 6.63664740E-02
 1.53957111E-02
 1.10780138E-04
 1.02226898E-03
 5.12125019E-03
 6.76178818E-02
 8.26446281E-03
 5.38214603E-02
 3.35925063E-03
 7.05169483E-03
 2.45839820E-02
 3.00498906E-02
 2.23336395E-02
 2.53397992E-02
 2.07423313E-02
 1.70190003E-02
 7.71102770E-04
 3.79383765E-03
 7.92911412E-02
 7.22016684E-02
 7.09486310E-02
 4.06292324E-02
 1.96885133E-02
 1.53703981E-02
 8.33328193E-03
 1.18950294E-02
 4.39141550E-02
 9.81097771E-02
 3.24643849E-01
 9.12621342E-03
 6.06148027E-05
 5.12125019E-03
 2.56121941E-02
 1.28269657E-01
 4.13223140E-02
 1.89647009E-03
 3.53629688E-03
 3.00498906E-02
 2.39038501E-02
 1.07165351E-01
 1.40178059E-02
 1.80954405E-02
 3.81616433E-03
 1.88338587E-02
 6.87390152E-02
 8.05082318E-02
 9.40831111E-02
 2.93158621E-02
 4.37803545E-02
 2.73093751E-01
 1.38939580E-02
 3.27833027E-02
 6.76178818E-02
 1.28269657E-01
 1.15039129E-03
 2.68639060E-06
 2.23336395E-02
 9.04613817E-04
 6.59053931E-03
 7.92853619E-02
 4.09063382E-02
 5.12260092E-03
 2.35639642E-02
 8.26446281E-03
 4.13223140E-02
 2.35639642E-02
 1.40017758E-02
 2.53397992E-02
 3.08638764E-02
 6.42281448E-02
 4.33396511E-01
 1.60905943E-02
 3.37408647E-02
 5.38214603E-02
 2.37118218E-02
 7.88880541E-02
 6.41989622E-01
 1.62797743E-03
 1.44611127E-01
 4.24371114E-02
 9.23521325E-03
 5.57318705E-03
 1.02221764E-02
 3.07356055E-03
 1.98756916E-02
 1.94658835E-02
 4.76403948E-02
 5.57636059E-03
 2.01997715E-03
 9.42964067E-04
 4.46183793E-03
 2.91646745E-02
 4.62400109E-02
 7.68390137E-02
 2.92745602E-02
 9.70259330E-03
 6.76521471E-03
 1.51428684E-04
 2.08094778E-02
 8.33201582E-03
 4.97774220E-02
 2.28660170E-02
 1.76840371E-02
 3.75881525E-02
 4.66922803E-02
 2.72241559E-02
 3.62557262E-02
 2.27467516E-02
 1.16636517E-02
 2.76100971E-02
 1.06646317E-01
 6.25835632E-02
 2.61681178E-02
 3.35180432E-02
 3.70984420E-02
 1.48719465E-01
 7.81496339E-03
 7.21287228E-02
 1.60153281E-01
 4.68565166E-02
 4.24613215E-02
 5.55004502E-03
 2.81794477E-04
 1.19330304E-04
 1.96672440E-02
 2.91646745E-02
 4.62400109E-02
 5.62478086E-03
 3.52720643E-05
 4.66166969E-03
 2.28770098E-03
 7.08698632E-06
 2.49299911E-02
 7.71722120E-03
 6.83625955E-03
 9.03268375E-03
 2.40332097E-02
 2.66229967E-02
 1.81838027E-02
 3.46221273E-02
 2.51581474E-02
 5.08721899E-03
 6.63331421E-02
 2.12233070E-02
 6.65700464E-03
 2.70040828E-02
 4.29770129E-02
 8.40592031E-02
 6.73482992E-02
 9.53482161E-02
 9.25393468E-03
 1.29458819E-04
 6.11254808E-04
 3.07148617E-03
 5.25913446E-02
 8.26446281E-03
 4.97233796E-02
 1.98253429E-03
 4.35699837E-03
 1.77514352E-02
 2.62918693E-02
 2.60214297E-02
 1.85096646E-02
 1.60653964E-02
 1.20031496E-02
 1.08807239E-03
 5.10408107E-03
 6.89193526E-02
 5.99848826E-02
 5.54748101E-02
 1.19244143E-02
 6.32553055E-02
 9.83937886E-03
 6.54632282E-03
 1.35450890E-02
 4.04003715E-02
 7.57544063E-02
 3.05714630E-01
 5.45941399E-03
 6.19673533E-05
 3.07148617E-03
 1.53665581E-02
 1.15428859E-01
 4.13223140E-02
 1.17051019E-03
 2.17297507E-03
 2.62918693E-02
 2.18539413E-02
 1.05321505E-01
 1.17366264E-02
 1.82300860E-02
 4.67258120E-03
 2.00197459E-02
 5.45203904E-02
 6.49046760E-02
 5.22012513E-02
 1.83882886E-02
 4.18396506E-02
 2.70377239E-01
 8.33182737E-03
 1.96700943E-02
 5.25913446E-02
 1.15428859E-01
 6.81139880E-04
 1.38647734E-06
 2.60214297E-02
 8.65932029E-03
 9.04198834E-03
 6.87252361E-02
 3.78729651E-02
 3.07356055E-03
 2.91646745E-02
 8.26446281E-03
 4.13223140E-02
 2.91646745E-02
 2.49299911E-02
 1.85096646E-02
 1.92625902E-02
 4.21761117E-02
 4.28929314E-01
 1.31896629E-02
 4.62400109E-02
 4.97233796E-02
 3.28679537E-02
 7.88880541E-02
 4.52607350E-01
 6.09382623E-03
 1.15853119E-01
 2.76902841E-02
 3.10770939E-03
 1.89332608E-03
 3.38736085E-03
 1.02452018E-03
 1.86462673E-02
 3.05307015E-02
 2.94659544E-02
 1.90061467E-03
 6.14715771E-04
 2.43127225E-04
 1.44721675E-03
 3.47653849E-02
 5.87391572E-02
 5.04063930E-02
 1.57332998E-02
 6.16899533E-03
 1.81754006E-03
 1.19618320E-04
 1.93988919E-02
 8.47177791E-03
 4.57911509E-02
 3.03773327E-02
 3.27210784E-02
 3.68299327E-02
 7.21405007E-03
 4.03507641E-02
 3.83906464E-02
 2.31799056E-02
 1.22722658E-02
 2.79926463E-02
 9.08157460E-02
 2.63373308E-02
 2.41051927E-02
 4.37163312E-02
 3.58664314E-02
 1.51220154E-01
 1.59030958E-03
 9.23429129E-02
 1.56138345E-01
 7.56142515E-02
 2.76972217E-02
 1.86081718E-03
 1.47519284E-04
 2.33947066E-05
 6.54298066E-03
 3.47653849E-02
 5.87391572E-02
 1.91448988E-03
 3.33616942E-05
 1.66106548E-03
 7.29802869E-04
 2.78970260E-05
 3.58582064E-02
 4.83259261E-03
 1.37213557E-03
 6.61061596E-03
 2.10687271E-02
 2.96370428E-02
 1.16795301E-02
 1.95571648E-02
 6.08820624E-03
 2.67819326E-02
 4.55176387E-03
 1.59776013E-02
 3.44047027E-03
 2.30595867E-02
 5.49578173E-02
 1.08253731E-01
 5.42945949E-02
 1.21811756E-01
 3.11188513E-03
 1.49406709E-04
 1.99895468E-04
 1.02151504E-03
 3.75647383E-02
 8.26446281E-03
 4.56252988E-02
 6.06364293E-04
 1.66484033E-03
 1.09181981E-02
 2.25334337E-02
 2.97090819E-02
 1.16795301E-02
 1.14548283E-02
 6.88613594E-03
 1.03403819E-03
 4.06515651E-03
 5.76034044E-02
 4.65700935E-02
 3.82845406E-02
 1.81968402E-02
 5.87750918E-02
 5.01801978E-03
 5.03841728E-03
 1.35414381E-02
 3.80729732E-02
 5.78165195E-02
 2.89983740E-01
 1.78443746E-03
 5.48594227E-05
 1.02151504E-03
 5.12079783E-03
 1.02588020E-01
 4.13223140E-02
 4.60904466E-04
 7.92732301E-04
 2.25334337E-02
 1.98037840E-02
 1.03477741E-01
 1.03971918E-02
 1.94972941E-02
 4.06318229E-03
 1.90502041E-02
 4.16984130E-02
 4.87123134E-02
 1.06873596E-02
 1.35173869E-02
 4.54349866E-02
 2.69161621E-01
 2.77210915E-03
 6.55267685E-03
 3.75647383E-02
 1.02588020E-01
 2.16713342E-04
 8.50464312E-06
 2.97090819E-02
 1.91497130E-02
 2.54565837E-02
 5.75823222E-02
 3.18721206E-02
 1.02452018E-03
 3.47653849E-02
 8.26446281E-03
 4.13223140E-02
 3.47653849E-02
 3.58582064E-02
 1.16795301E-02
 6.87990822E-03
 1.96723370E-02
 4.21575887E-01
 1.02887316E-02
 5.87391572E-02
 4.56252988E-02
 4.20240856E-02
 7.88880541E-02
 2.75737267E-01
 1.38156299E-02
 1.15607190E-01
 2.77009703E-02
 3.11586484E-03
 1.90345854E-03
 4.72694904E-03
 1.02452018E-03
 1.86462673E-02
 3.05307015E-02
 2.89740959E-02
 1.92198698E-03
 5.98404875E-04
 2.22862299E-04
 4.12639312E-03
 3.47653849E-02
 5.87391572E-02
 5.04063930E-02
 1.33204949E-02
 2.57203138E-03
 1.28937126E-03
 4.74162654E-04
 2.35811040E-02
 8.26446281E-03
 4.56252988E-02
 5.34252042E-02
 5.94709552E-02
 7.37221626E-03
 1.58002201E-02
 5.10937182E-02
 4.13223140E-02
 2.80994517E-02
 3.26976015E-02
 4.75337251E-02
 8.87154743E-02
 2.56037365E-03
 2.47888626E-02
 3.95275904E-02
 3.86880377E-02
 1.56201745E-01
 3.10622552E-03
 8.51674169E-02
 1.60872913E-01
 6.59220231E-02
 2.77013969E-02
 1.86928617E-03
 4.16816639E-04
 1.53607918E-04
 6.53969093E-03
 3.47653849E-02
 5.87391572E-02
 1.92284017E-03
 5.02996758E-05
 2.19966019E-03
 9.90229291E-04
 3.44764787E-05
 3.58582064E-02
 3.23696031E-03
 2.31812986E-03
 8.36692326E-03
 1.99350486E-02
 2.89674176E-02
 1.16795301E-02
 7.08361232E-05
 1.56460216E-02
 1.37337365E-02
 3.28741620E-02
 1.01525271E-02
 7.77477441E-03
 1.82789735E-02
 4.99393010E-02
 9.47591892E-02
 6.58066965E-02
 1.11280887E-01
 3.09512739E-03
 2.80295596E-04
 1.99060230E-04
 1.02101390E-03
 3.75645713E-02
 8.26446281E-03
 4.56252988E-02
 6.39879780E-04
 1.92661810E-03
 1.09165277E-02
 2.25324315E-02
 2.97087478E-02
 1.16795301E-02
 7.29783523E-03
 6.25866299E-03
 1.48127317E-03
 5.57161371E-03
 5.81902559E-02
 2.43385272E-02
 1.27507340E-02
 1.67909856E-02
 5.48350390E-03
 5.33838514E-03
 7.76696390E-03
 2.00040893E-02
 4.03446636E-02
 7.07982013E-02
 2.92137739E-01
 1.75833770E-03
 1.25985636E-04
 1.02101390E-03
 5.12049714E-03
 1.02587920E-01
 4.13223140E-02
 5.13103987E-04
 9.34984727E-04
 2.25324315E-02
 1.98031827E-02
 1.03477941E-01
 8.97366174E-03
 2.06277897E-02
 5.26796139E-03
 2.05159413E-02
 2.09713286E-02
 1.65776966E-02
 5.92358561E-02
 1.21788515E-02
 5.75142047E-02
 2.71451871E-01
 2.97011401E-03
 6.55182127E-03
 3.75645713E-02
 1.02587920E-01
 6.12723078E-04
 1.02158030E-05
 2.97087478E-02
 2.38868372E-02
 3.14060469E-02
 5.80346163E-02
 1.91349251E-02
 1.02452018E-03
 3.47653849E-02
 8.26446281E-03
 4.13223140E-02
 3.47653849E-02
 3.58582064E-02
 1.16795301E-02
 3.62989159E-04
 1.17908420E-02
 4.22465994E-01
 1.02887316E-02
 5.87391572E-02
 4.56252988E-02
 4.20240856E-02
 7.88880541E-02
 1.03840585E-01
 1.38156299E-02
 1.43871940E-01
 4.24686816E-02
 9.25126968E-03
 5.57336283E-03
 1.42529784E-02
 3.07356055E-03
 1.98756916E-02
 1.94658835E-02
 4.61620209E-02
 5.63950106E-03
 1.98786430E-03
 9.42612499E-04
 1.25234420E-02
 2.91646745E-02
 4.62400109E-02
 7.68390137E-02
 2.21776536E-02
 2.93570664E-04
 1.21460484E-03
 5.00613305E-04
 3.27368850E-02
 8.26446281E-03
 4.97233796E-02
 9.02538206E-02
 2.68507688E-02
 2.59495277E-02
 2.10124424E-02
 6.18469332E-02
 4.13223140E-02
 3.73683665E-02
 6.81864601E-02
 7.98601329E-02
 9.75168563E-02
 1.06310043E-02
 2.78201722E-02
 2.33363253E-02
 4.49459777E-02
 1.63280826E-01
 1.12299851E-02
 5.50592963E-02
 1.73054842E-01
 2.34252085E-02
 4.24732518E-02
 5.57857889E-03
 1.09338472E-03
 5.28163805E-04
 1.96646919E-02
 2.91646745E-02
 4.62400109E-02
 5.64864150E-03
 9.23398049E-05
 6.28485017E-03
 3.10536798E-03
 1.21911385E-05
 2.49299911E-02
 3.21409406E-03
 9.21916201E-03
 1.30892147E-02
 2.03141234E-02
 2.43111416E-02
 1.85096646E-02
 2.46639539E-02
 1.19113615E-02
 5.18529744E-02
 3.18121343E-02
 6.44951479E-03
 1.80101472E-02
 1.01807325E-02
 3.08374408E-02
 5.09381224E-02
 9.64409073E-02
 7.01797711E-02
 9.20056933E-03
 5.20164585E-04
 6.09217240E-04
 3.07026363E-03
 5.25909371E-02
 8.26446281E-03
 4.97233796E-02
 2.08926500E-03
 5.13840990E-03
 1.77473601E-02
 2.62894242E-02
 2.60206147E-02
 1.85096646E-02
 4.39394769E-03
 1.04326293E-02
 2.82415166E-03
 9.23815989E-03
 7.05043610E-02
 5.44835723E-03
 2.06202986E-02
 3.06962382E-02
 6.06088573E-03
 1.53779857E-02
 1.51574675E-02
 3.38358223E-02
 4.64061504E-02
 1.07524623E-01
 3.08588023E-01
 5.37173633E-03
 2.79116786E-04
 3.07026363E-03
 1.53658246E-02
 1.15428615E-01
 4.13223140E-02
 1.34586549E-03
 2.60727394E-03
 2.62894242E-02
 2.18524743E-02
 1.05321994E-01
 8.15702130E-03
 2.21984752E-02
 8.04896253E-03
 2.39010334E-02
 5.51212955E-03
 3.18723049E-02
 5.25287704E-02
 1.81356791E-02
 7.83870762E-02
 2.76564569E-01
 8.92947682E-03
 1.96691134E-02
 5.25909371E-02
 1.15428615E-01
 1.87643879E-03
 3.34830669E-06
 2.60206147E-02
 2.31101734E-02
 2.71008743E-02
 6.99668468E-02
 6.75733060E-04
 3.07356055E-03
 2.91646745E-02
 8.26446281E-03
 4.13223140E-02
 2.91646745E-02
 2.49299911E-02
 1.85096646E-02
 2.78639724E-04
 1.85476185E-02
 4.28161752E-01
 1.31896629E-02
 4.62400109E-02
 4.97233796E-02
 3.28679537E-02
 7.88880541E-02
 5.96039691E-02
 6.09382623E-03
 1.72125514E-01
 5.72486838E-02
 1.53940658E-02
 9.19527663E-03
 2.37994714E-02
 5.12260092E-03
 2.11051158E-02
 8.40106550E-03
 6.33275943E-02
 9.38159681E-03
 3.36254113E-03
 1.75834367E-03
 2.09614180E-02
 2.35639642E-02
 3.37408647E-02
 1.03271634E-01
 2.84830230E-02
 4.72029580E-03
 1.26601116E-03
 3.53689814E-03
 4.31197122E-02
 8.26446281E-03
 5.38214603E-02
 1.00050698E-01
 1.06998171E-03
 1.87299684E-02
 2.48405170E-02
 7.32084717E-02
 4.13223140E-02
 5.51783188E-02
 1.04617951E-01
 1.06010733E-01
 1.07946133E-01
 2.96225691E-02
 3.04248129E-02
 8.63485154E-03
 5.14632698E-02
 1.71308891E-01
 1.71307087E-02
 2.92034739E-02
 1.84893642E-01
 1.51084095E-02
 5.72474001E-02
 9.29598110E-03
 1.75747587E-03
 8.60504381E-04
 3.27733616E-02
 2.35639642E-02
 3.37408647E-02
 9.37902935E-03
 1.50598901E-04
 1.03450863E-02
 5.13607604E-03
 2.25685626E-05
 1.40017758E-02
 8.41102026E-03
 1.96800732E-02
 1.85094610E-02
 2.63304183E-02
 2.19303899E-02
 2.53397992E-02
 4.57114856E-02
 2.98745513E-02
 4.05811553E-02
 2.75897292E-02
 2.76144561E-02
 4.31766809E-02
 5.34536096E-03
 1.37284032E-02
 1.20241011E-02
 1.23045063E-01
 3.54085885E-02
 1.53049031E-02
 7.64763013E-04
 1.01963721E-03
 5.11967113E-03
 6.76173555E-02
 8.26446281E-03
 5.38214603E-02
 3.54086650E-03
 8.35966058E-03
 2.45787184E-02
 3.00467325E-02
 2.23325868E-02
 2.53397992E-02
 8.63561311E-03
 2.02744526E-02
 1.81366506E-03
 5.01269977E-03
 7.96968892E-02
 2.75933345E-02
 3.16954484E-02
 2.36747981E-02
 6.94352968E-03
 1.42820772E-02
 4.94561696E-02
 3.68135821E-02
 5.24179321E-02
 1.39269717E-01
 3.22808151E-01
 8.97322540E-03
 4.23422280E-04
 5.11967113E-03
 2.56112467E-02
 1.28269341E-01
 4.13223140E-02
 2.20244614E-03
 4.26191184E-03
 3.00467325E-02
 2.39019552E-02
 1.07165983E-01
 1.35955628E-02
 3.07817696E-02
 4.85266710E-03
 1.98117552E-02
 1.94796564E-02
 2.23985086E-03
 9.48511445E-04
 6.15740607E-02
 1.32537546E-01
 2.82121569E-01
 1.48923126E-02
 3.27815684E-02
 6.76173555E-02
 1.28269341E-01
 3.14710044E-03
 6.15488921E-06
 2.23325868E-02
 2.46428601E-02
 2.53259133E-02
 7.95607906E-02
 1.57947561E-02
 5.12260092E-03
 2.35639642E-02
 8.26446281E-03
 4.13223140E-02
 2.35639642E-02
 1.40017758E-02
 2.53397992E-02
 1.03349215E-03
 2.54157069E-02
 4.26578718E-01
 1.60905943E-02
 3.37408647E-02
 5.38214603E-02
 2.37118218E-02
 7.88880541E-02
 5.89194000E-02
 1.62797743E-03
 2.57180555E-01
 1.18217694E-01
 5.50747911E-02
 3.18043899E-02
 1.93192693E-03
 1.29089543E-02
 1.43432826E-03
 5.88074585E-02
 1.30985658E-01
 3.91128009E-02
 4.76060606E-03
 4.76086707E-03
 1.84706861E-02
 1.91926781E-02
 2.24711427E-02
 1.45686770E-01
 8.14966608E-02
 9.64881754E-03
 6.03788521E-03
 2.61410308E-02
 4.24150042E-02
 1.44115839E-02
 7.32873438E-02
 1.29444236E-01
 8.98473267E-03
 2.81425898E-02
 8.50813789E-02
 8.16975177E-02
 4.50105867E-02
 8.94803106E-03
 7.47177297E-02
 6.93747119E-02
 6.47160744E-02
 1.69732309E-01
 1.20888873E-02
 1.74020211E-02
 8.05221943E-02
 1.92185057E-01
 1.37490640E-02
 3.68137461E-03
 2.48776422E-01
 1.12944007E-01
 1.18202182E-01
 3.52398131E-02
 5.34857841E-03
 7.39998692E-03
 2.92677208E-02
 1.91926781E-02
 2.24711427E-02
 3.90817773E-02
 5.93485473E-03
 8.29061724E-03
 4.00836125E-03
 6.71129244E-05
 1.04501059E-02
 6.19553500E-03
 1.90263061E-02
 1.59614090E-02
 2.71625610E-02
 1.10944103E-02
 4.24151356E-02
 6.25027431E-02
 3.34497731E-02
 3.48787495E-02
 5.44230433E-02
 4.60754081E-02
 5.68458140E-02
 4.64397863E-03
 1.25055199E-02
 2.72142664E-02
 1.38760753E-01
 1.65943952E-02
 5.55018925E-02
 6.03284056E-03
 1.00364059E-02
 3.66754874E-02
 6.48171985E-02
 1.44115839E-02
 7.32873438E-02
 5.61480889E-03
 6.92209294E-03
 2.09607293E-02
 3.17554554E-02
 1.20877814E-02
 4.24151356E-02
 1.27648667E-02
 2.29194478E-02
 1.33507859E-03
 3.89877669E-03
 9.01624182E-02
 5.61123083E-02
 4.58487398E-02
 1.49475090E-02
 1.03145496E-02
 7.03864650E-02
 7.79304134E-02
 4.12522935E-02
 8.39953436E-02
 1.67549561E-01
 4.13674315E-01
 3.47955539E-02
 7.14310022E-03
 3.66754874E-02
 1.15769380E-01
 1.33118855E-01
 4.50105867E-02
 1.22146095E-03
 3.49458785E-03
 3.17554554E-02
 6.38589559E-02
 9.56911192E-02
 2.04244179E-02
 3.12472168E-02
 3.96951015E-03
 1.87857984E-02
 7.42591345E-02
 2.68501148E-02
 3.58417331E-03
 1.22969350E-01
 1.44972105E-01
 3.06622214E-01
 1.03522885E-02
 2.92914154E-02
 6.48171985E-02
 1.33118855E-01
 1.62996296E-03
 1.97235886E-05
 1.20877814E-02
 1.87642332E-02
 1.34143280E-02
 9.01364221E-02
 8.19527834E-02
 1.29089543E-02
 1.91926781E-02
 1.44115839E-02
 4.50105867E-02
 1.91926781E-02
 1.04501059E-02
 4.24151356E-02
 1.17973282E-02
 4.26827420E-02
 3.51639883E-01
 4.77734257E-03
 2.24711427E-02
 7.32873438E-02
 1.57851141E-02
 6.04466908E-02
 7.95534750E-02
 6.54934871E-02
 4.14038521E-01
 2.49092838E-01
 1.53400889E-01
 9.61796798E-02
 8.61805122E-02
 1.13038727E-01
 1.43364524E-01
 2.46362953E-01
 2.72855404E-01
 1.24645616E-01
 4.41831044E-02
 5.64624110E-03
 4.46537703E-04
 3.10771122E-02
 7.77269312E-02
 2.62686975E-01
 2.05535295E-01
 6.47907150E-02
 3.36807461E-03
 5.59068469E-02
 3.43990025E-02
 4.51471894E-02
 1.43774332E-01
 2.27308239E-01
 5.06152951E-02
 3.78059911E-02
 1.28880616E-01
 5.35577322E-02
 9.04992828E-02
 1.14019457E-01
 6.05337424E-04
 1.57735708E-03
 3.40135879E-02
 3.51200161E-01
 4.34551770E-02
 6.56441682E-02
 1.33771901E-01
 1.75987785E-01
 2.72932028E-02
 1.94604719E-01
 4.55673757E-01
 3.32026709E-01
 2.51587300E-01
 1.08360671E-01
 3.25597988E-02
 2.26497309E-02
 1.08321039E-02
 3.10771122E-02
 7.77269312E-02
 1.29634542E-01
 3.90695413E-02
 3.38665187E-03
 3.74448071E-02
 1.44925666E-02
 1.76900485E-02
 7.30102313E-02
 3.84192806E-04
 1.71684222E-02
 4.11235435E-02
 3.23866280E-03
 7.51997814E-02
 1.07556457E-01
 1.93017303E-02
 4.38841594E-02
 7.48078057E-02
 1.39534412E-02
 4.59906057E-02
 3.04387213E-02
 6.23469272E-02
 1.18192666E-01
 1.78336836E-01
 2.17482873E-01
 1.58798657E-01
 3.40836466E-02
 3.01185435E-02
 9.65083913E-02
 5.89435912E-02
 4.51471894E-02
 1.43774332E-01
 5.49786405E-02
 3.38956351E-04
 2.45154833E-02
 5.90095427E-02
 9.90275516E-03
 7.51997814E-02
 1.36661873E-02
 1.59283572E-02
 7.21228426E-03
 2.55606831E-02
 1.09664525E-01
 6.84256926E-02
 2.44162188E-02
 1.62297498E-02
 7.81321948E-02
 7.75418310E-02
 5.80821983E-02
 9.17401654E-02
 1.55884629E-01
 2.21044126E-01
 7.68342959E-01
 1.10123787E-01
 1.66167147E-02
 9.65083913E-02
 2.12074832E-01
 1.04569078E-01
 9.04992828E-02
 2.22419736E-02
 2.53787747E-02
 5.90095427E-02
 1.12354022E-01
 8.26451921E-02
 5.16870604E-03
 2.01304569E-02
 2.55960498E-02
 8.23124935E-02
 8.27508929E-02
 8.34729192E-03
 7.11828334E-02
 1.16243576E-01
 8.27195337E-02
 3.32496331E-01
 9.52662011E-02
 8.46822673E-03
 5.89435912E-02
 1.04569078E-01
 1.86179155E-02
 9.76481218E-03
 9.90275516E-03
 3.80116826E-03
 8.84164295E-03
 1.09651527E-01
 1.86530344E-01
 1.13038727E-01
 3.10771122E-02
 4.51471894E-02
 9.04992828E-02
 3.10771122E-02
 1.76900485E-02
 7.51997814E-02
 5.47815237E-02
 8.10327193E-02
 2.21995834E-01
 1.45036031E-01
 7.77269312E-02
 1.43774332E-01
 8.10699455E-02
 1.07164811E-01
 1.55660568E-01
 2.49705968E-01
