 2.27676017E-02
 6.68815750E-02
 4.85315989E-03
 2.45773812E-01
 1.46842004E-01
 1.05634608E-01
 1.33106526E-01
 2.43478333E-01
 4.81635982E-01
 2.18949896E-01
 2.32894589E-01
 6.56196922E-01
 4.40919373E-01
 2.45355051E-02
 7.29398647E-02
 2.74896040E-01
 1.50816753E+00
 1.23756939E+00
 1.01099639E+00
 1.78569995E+00
 1.42818472E+00
 5.64389093E-01
 3.21570375E-01
 2.72287652E-01
 1.95117110E-01
 1.77747622E-01
 2.02971534E-02
 1.16524498E-01
 3.46134178E-01
 7.99169200E-02
 1.83607910E-02
 1.23063659E-04
 6.19029257E-02
 2.50592090E-01
 1.00221142E-01
 7.42475446E-03
 3.33412886E-02
 1.21161271E-01
 1.03486539E-01
 8.60364217E-02
 1.45535305E-01
 2.64642440E-01
 5.38064604E-03
 1.21720762E-01
 2.05744864E-02
 2.06718210E-01
 8.21002896E-02
 2.62132967E-02
 7.37928349E-02
 3.58932070E-01
 7.82383015E-02
 9.29639791E-02
 3.79319248E-01
 1.45164823E-01
 1.28274296E-02
 1.25711278E+00
 7.51275500E-01
 5.67508954E-01
 1.20973138E+00
 6.20156334E-01
 1.71944051E-01
 1.31536862E-01
 1.27433534E-01
 1.48307847E-01
 3.93043768E-02
 7.30402369E-02
 8.54004699E-02
 7.14698695E-03
 2.07559002E-02
 3.32503856E-02
 1.11594394E-01
 7.27909046E-02
 8.78118562E-02
 8.22892230E-03
 4.26290402E-02
 1.13408877E-01
 6.85026661E-02
 4.61137312E-02
 1.51820309E-01
 4.11576807E-01
 6.97747374E-02
 3.49595449E-02
 7.42207432E-02
 1.74858954E-02
 8.23626371E-02
 1.65837423E+00
 1.33098741E+00
 5.45794394E-01
 6.65578154E-01
 1.12920649E-01
 7.13968345E-04
 2.28620719E-02
 1.77436143E-01
 2.48467725E-01
 5.07183010E-02
 1.54624389E-02
 1.27855824E-01
 5.81844782E-02
 7.62129744E-02
 1.69099471E-01
 3.74295538E-01
 2.03240399E-01
 1.12702860E-01
 2.40825389E-01
 1.18404591E-01
 9.50973431E-02
 9.01158992E-01
 3.75805405E-01
 7.88421241E-02
 1.30612904E-01
 9.42464446E-02
 3.11327534E+00
 2.33500023E+00
 5.75903783E-01
 4.55402658E-01
 1.41319528E-01
 3.86031816E-03
 3.61997407E-01
 9.36098377E-02
 8.99918133E-02
 1.07233463E-01
 2.04671202E-01
 8.80739634E-02
 6.82269659E-02
 1.18217364E-01
 5.47910258E-01
 1.60658455E-01
 2.35018146E-02
 2.95833087E+00
 2.08391485E+00
 7.75798293E-02
 5.92667534E-02
 8.51650040E-01
 6.77402902E-01
 4.74991244E-02
 9.88143366E-02
 1.78160032E+00
 1.29882168E+00
 8.77999529E-02
 6.56725606E-01
 6.87160360E-01
 1.02005504E-01
 2.26714538E+00
 1.62186557E+00
 1.60664880E-01
 4.37366081E+00
 2.96829840E+00
 3.92171878E-01
 3.52821074E-01
 6.59888693E-02
 7.78927905E-02
 4.88541523E-02
 2.49756394E-02
 2.17152089E-01
 8.20669834E-03
 8.04955210E-03
 5.38099345E-02
 2.34561743E-01
 3.32386227E-02
 3.59248144E-03
 1.14096192E-01
 4.39291513E-01
 2.67995281E-02
 3.10139181E-02
 1.56075318E-01
 3.67706421E-01
 2.09073062E-01
 1.65423281E-01
 1.10730128E-01
 7.50316750E-01
 6.40304211E-02
 2.08194366E-02
 3.07097064E-01
 2.67413966E-01
 3.12888375E-01
 2.00116649E-01
 1.27580637E-01
 3.96662887E-01
 3.38215748E-02
 1.13403980E-02
 2.17754517E-03
 2.24903898E-01
 1.17027140E-01
 5.83714421E-02
 7.56499276E-02
 1.32955351E-02
 3.25712090E-03
 3.23006480E-02
 1.51664494E-02
 6.48035381E-02
 7.13447473E-02
 1.09290690E-01
 1.90675166E-01
 7.26231877E-03
 1.57232064E-02
 2.82848774E-02
 2.51360968E-02
 2.89597315E-02
 2.85526162E-02
 3.14815891E-01
 1.59988471E-03
 2.13591813E-02
 3.77748619E-03
 1.82112309E-02
 6.80680946E-01
 6.36133139E-01
 4.39903859E-01
 3.52790124E-02
 6.48079569E-02
 1.17949541E-01
 2.45742816E-01
 2.64602626E-01
 2.70017863E-01
 1.28887346E-01
 1.18501884E-01
 1.51683207E-01
 1.26059180E-02
 4.20107380E-03
 2.03231946E-02
 2.60231630E-03
 6.13717707E-04
 4.24890446E-02
 4.11631375E-02
 1.86920795E-02
 4.28289927E-02
 7.27967405E-02
 1.36764541E-02
 7.80407059E-02
 1.58185590E-02
 6.65775887E-02
 3.07400786E-02
 4.46315865E-02
 2.10868111E-02
 4.68371885E-02
 3.98075823E-01
 2.57018465E-01
 2.56586168E-02
 3.33314245E-01
 9.96378920E-03
 6.54935173E-02
 5.51423233E-02
 1.49671993E-01
 1.13997707E-01
 5.22153887E-02
 2.30270960E-02
 8.84385053E-02
 3.25058197E-02
 4.02740423E-02
 1.09031306E-01
 6.23674187E-02
 3.14615953E-02
 4.24576091E-02
 1.28025988E-01
 1.43058608E-01
 5.03031749E-02
 1.87677821E-01
 6.42750095E-02
 4.95880087E-02
 8.12306984E-02
 1.06355592E-01
 9.47745229E-01
 1.17030385E+00
 1.92136002E-01
 2.77744644E-01
 5.74216701E-02
 3.57345342E-02
 1.91648789E-01
 1.16540197E-01
 9.29728725E-02
 5.15376441E-02
 2.52894836E-01
 2.57065808E-02
 7.22650080E-02
 1.42493601E-01
 5.05700986E-01
 2.08594313E-03
 2.71453505E-02
 2.20466683E+00
 1.75851326E+00
 3.12348967E-02
 1.36245150E-01
 7.11605770E-01
 5.56811307E-01
 1.29532251E-02
 5.33194294E-02
 1.38916763E+00
 1.00892526E+00
 5.07477868E-02
 6.88070142E-01
 2.70955054E+00
 6.03476710E-02
 1.91004542E+00
 1.30628679E+00
 8.26786811E-02
 3.55943336E+00
 2.25156759E+00
 4.91314975E-01
 5.84897290E-01
 6.54465979E-03
 4.25067178E-02
 2.05284782E-02
 1.35294579E-02
 2.64824428E-01
 6.86472633E-03
 2.50294948E-02
 1.25015974E-02
 2.54559181E-01
 1.83226625E-01
 5.66755322E-03
 2.50943194E-03
 4.86300158E-01
 3.08272718E-02
 4.09213490E-02
 1.12429790E-01
 2.98498156E-02
 3.09780792E-01
 2.52005590E-01
 3.00753673E-01
 7.84066083E-01
 1.02880863E-01
 2.43706882E-02
 2.66600808E-01
 1.89059477E-01
 3.15070256E-01
 4.00197194E-01
 7.21336176E+00
 5.19179279E+00
 7.97198116E-03
 4.63816738E-02
 9.26203633E-03
 2.49921664E-01
 2.94972283E-02
 8.96223451E-02
 1.11979170E-01
 7.99466267E-04
 1.05612483E-02
 6.10685378E-02
 4.15253417E-02
 5.92312183E-02
 2.79874343E-03
 5.62133441E-02
 7.87660598E-02
 4.28313213E-02
 2.01332795E-02
 3.17390352E-02
 2.88776073E-02
 3.73692829E-02
 9.96605659E-03
 1.37872412E-01
 8.66818844E-02
 4.76846986E-02
 3.69230728E-03
 2.25231080E-02
 1.34454500E+00
 5.18613726E-01
 2.18058416E-01
 2.94862409E-02
 6.48096823E-02
 9.23069153E-02
 2.26542338E-01
 1.77670698E-01
 3.27092070E-01
 2.20560230E-01
 2.96123401E-04
 3.24501506E-02
 8.15884422E-02
 1.91797953E-02
 3.50781807E-02
 3.65326637E-02
 1.88377152E-02
 4.64683979E-02
 6.38325615E-03
 8.54363271E-03
 7.35067052E-03
 7.57625827E-02
 7.53345649E-03
 5.86650583E-02
 5.59570432E-02
 8.27294568E-03
 3.41801604E-02
 4.22795477E-02
 3.29262567E-02
 2.79679963E-02
 1.42551201E+00
 1.13445686E-02
 1.49259427E-01
 1.88243059E-01
 4.27868087E-02
 8.40076493E-02
 3.78934844E-02
 1.69088611E-01
 8.87886379E-02
 6.10933661E-02
 6.04484978E-02
 1.06637212E-01
 4.02813549E-02
 1.93535052E-02
 1.11823219E-01
 1.17431307E-02
 2.67856798E-02
 7.21340468E-03
 2.66158457E-02
 1.36047901E-01
 4.67069010E-02
 3.38253014E-03
 3.79121476E-02
 4.73161816E-02
 3.68386838E-02
 1.18467590E-01
 2.91189959E-01
 6.45769804E-01
 1.01798550E-01
 6.69806956E-02
 3.89737679E-02
 9.35279698E-02
 2.25935741E-01
 9.98400449E-02
 9.76068569E-02
 3.89557802E-02
 2.97483964E-01
 3.60729029E-02
 7.50790249E-02
 1.35446697E-01
 5.46775067E-01
 1.13620415E-02
 3.87785199E-02
 1.60434399E+00
 1.46429911E+00
 1.23331662E-01
 1.55135850E-01
 9.58382075E-03
 3.44566938E-02
 6.71380029E-03
 4.96331167E-02
 4.38203825E-02
 3.24432118E-02
 3.13596499E-02
 9.88253041E-01
 1.45248700E+00
 5.57013540E-02
 2.61127068E-01
 3.98478691E-02
 6.30943516E-02
 4.85202111E-01
 9.52141795E-02
 8.12605284E-01
 4.64174949E-01
 1.45826560E-02
 2.75652102E-02
 3.44567661E-02
 3.32981777E-02
 1.65310018E-01
 4.51998082E-03
 2.35327918E-02
 2.39988562E-02
 2.01323938E-01
 1.29605599E-01
 8.82335921E-02
 8.08202726E-02
 3.05576264E-01
 3.71828680E-02
 5.47191006E-02
 8.38213722E-02
 4.47782374E-01
 5.73728129E-01
 2.59607855E-02
 3.67482925E-02
 4.99629043E-01
 8.80756319E-02
 1.20543604E-01
 2.38256016E-01
 2.09214986E-01
 4.26653393E-01
 2.65012671E+00
 2.06739947E+00
 1.44628623E-01
 1.16862174E-02
 1.07469035E-02
 8.60121811E-02
 1.54181987E-01
 2.21837532E-01
 6.61426560E-02
 9.78909729E-02
 6.31592550E-03
 3.85943616E-02
 1.87478981E-02
 1.07786354E-01
 3.75178947E-02
 1.90301954E-03
 1.29144138E-01
 1.07768069E-01
 2.55493917E-02
 1.99645277E-02
 1.86310059E-02
 3.54121167E-02
 5.08419983E-02
 1.76466851E-01
 2.01326264E-01
 4.95042819E-02
 4.55404384E-02
 1.19192542E-03
 3.51167461E-02
 6.31252345E-01
 3.17153499E-02
 9.60755484E-02
 5.89101698E-01
 2.44283703E-01
 3.88405614E-02
 1.91451131E-01
 3.04285904E-01
 3.64115739E-01
 2.97626496E-01
 6.96820092E-03
 6.20745967E-02
 8.90471289E-02
 1.69913096E-03
 5.39486869E-02
 4.92295563E-02
 1.16183366E-02
 1.11046063E-01
 3.80910472E-02
 8.15743859E-03
 5.31095028E-03
 6.00359845E-02
 7.53859144E-03
 5.43825495E-02
 1.94434856E-01
 7.34646478E-02
 2.50052469E-02
 3.72510897E-02
 3.71669778E-02
 2.05557660E-02
 4.29282358E-01
 4.27407380E-01
 6.95192955E-03
 7.48345029E-01
 1.58174904E-01
 6.92679437E-02
 1.12702511E-01
 2.58782013E-01
 1.99782858E-01
 4.10555126E-02
 6.64806924E-02
 2.11920889E-03
 1.00762169E-02
 1.41626464E-02
 1.18570454E-01
 3.60172431E-02
 3.47704483E-02
 5.18898064E-03
 1.66675863E-02
 1.23145081E-01
 4.66841518E-02
 5.09816204E-02
 5.51787898E-02
 4.23279103E-02
 3.41436066E-02
 1.16353299E-01
 9.09353347E-01
 9.73124618E-01
 2.56067980E-02
 3.81295193E-01
 2.83027082E-02
 1.62071347E-01
 2.92478472E-01
 7.42877784E-02
 1.04658628E-01
 4.02905209E-02
 1.80641096E-01
 2.20555730E-02
 5.96229962E-02
 1.22681338E-01
 3.34901718E-01
 1.14801118E-02
 4.28988283E-02
 2.69976248E+00
 1.64485939E+00
 8.28573957E-02
 1.96556968E-01
 6.77493163E-03
 4.22760456E-02
 6.72360435E-03
 4.95984419E-02
 5.12351337E-02
 4.74433688E-02
 2.29158673E-02
 2.18664654E+00
 1.52308350E+00
 1.09805229E-02
 3.36240528E-01
 5.44051704E-02
 5.85312772E-02
 6.44998785E-01
 9.51660319E-02
 7.14158925E-01
 6.25573091E-01
 8.51090581E-02
 3.62326122E-02
 3.01055378E-02
 2.24475287E-02
 5.32395286E-02
 2.17025349E-03
 2.20316541E-02
 3.55088718E-02
 2.57369100E-02
 1.94760364E-02
 6.65096940E-02
 5.20657476E-02
 1.00501484E-01
 4.35443792E-02
 6.85346676E-02
 5.51676670E-02
 1.75434913E-01
 1.25983655E-01
 2.85449198E-01
 2.26736738E-01
 1.70400956E-01
 7.16779232E-02
 1.03362627E-01
 2.30134968E-01
 2.37178136E-01
 3.06220597E+00
 1.04259085E-01
 5.41132331E-01
 3.35684880E-01
 4.41680873E-02
 4.07105048E-02
 5.84971407E-02
 1.11874720E-01
 2.50668120E-01
 2.42355067E-02
 4.49077496E-02
 6.36955338E-02
 6.03741804E-02
 2.25446959E-02
 7.72779760E-02
 9.09425902E-03
 1.39440649E-03
 9.98388536E-02
 1.32838570E-01
 6.84844310E-02
 2.18591866E-02
 1.81865946E-03
 4.19525249E-02
 6.43308485E-02
 1.43623987E-01
 2.57150430E-01
 1.36504913E-01
 3.70802835E-02
 1.27783639E-02
 4.77273010E-02
 5.13698121E-01
 2.71362517E-01
 3.48745886E-01
 1.72517110E-01
 6.04477666E-02
 1.37508256E-02
 1.73349320E-01
 3.49649719E-01
 5.50685622E-01
 2.01988850E+00
 1.70087035E-02
 3.65813671E-02
 6.27044111E-03
 8.76749546E-03
 1.05367949E-01
 2.31710529E-02
 3.46679114E-02
 7.56633484E-02
 9.17226142E-02
 7.77010649E-03
 3.26694147E-03
 4.42844643E-02
 7.54721198E-03
 5.00967781E-02
 1.38903874E-01
 1.81081466E-01
 1.58164865E-02
 3.22121583E-02
 4.14110056E-02
 1.31342399E-02
 2.20017583E-01
 2.55271909E-02
 3.65148288E-02
 4.53754994E-01
 2.79073123E-02
 7.55730542E-02
 2.40575643E-01
 4.88207549E-01
 3.56881253E+00
 5.47552398E-02
 3.26334641E-02
 4.21685924E-03
 1.03770513E-02
 1.22340542E-04
 7.97945546E-02
 8.12211899E-02
 9.28750943E-02
 3.15997151E-03
 6.70190701E-03
 1.10217161E-01
 4.66658376E-02
 1.45748467E-01
 1.68674857E-01
 3.73282289E-02
 3.14386625E-02
 1.14240132E-01
 6.63938621E-01
 1.84638563E-01
 4.78220946E-02
 2.11610667E-01
 9.20180446E-02
 2.82244800E-01
 4.76845521E-01
 1.33560568E-01
 1.54263764E-01
 5.97180200E-02
 4.29730446E-02
 1.69130434E-02
 4.41397175E-02
 1.09889518E-01
 8.31259656E-02
 3.57682687E-02
 4.70218575E-02
 2.08275874E+00
 6.23002639E-01
 7.30427235E-02
 1.47747601E-01
 3.95883846E-03
 5.01039645E-02
 6.73804498E-03
 4.95692144E-02
 5.86585592E-02
 6.24695237E-02
 1.44591269E-02
 1.82489104E+00
 5.46856837E-01
 8.29603931E-03
 4.11472246E-01
 6.89842570E-02
 5.39644232E-02
 8.05151648E-01
 9.51267655E-02
 7.14869466E-01
 7.87266020E-01
 1.32206033E-01
 5.43211701E-02
 8.84901495E-03
 2.28931257E-02
 2.46808509E-02
 2.15278474E-03
 2.20092481E-02
 3.55347308E-02
 6.65111022E-02
 5.48598066E-02
 9.44052045E-03
 3.60781788E-02
 4.52342122E-02
 4.35373590E-02
 6.85643581E-02
 5.49856645E-02
 8.13151418E-02
 1.69532924E-02
 3.82497767E-01
 2.97270074E-01
 1.59957198E-01
 6.24107698E-03
 5.21288737E-02
 2.01516732E-01
 3.41288443E-01
 1.78225280E+00
 7.61014612E-01
 4.15411557E-01
 5.15723617E-02
 6.19241850E-02
 8.84265435E-02
 7.52885707E-02
 1.15213371E-01
 2.35979238E-01
 1.88289861E-02
 1.69708240E-02
 5.13704018E-02
 9.41393582E-02
 6.28809227E-03
 5.28054736E-02
 1.80899223E-02
 2.23875122E-02
 3.60255211E-02
 2.47610199E-03
 4.13699570E-02
 3.85803254E-03
 7.02950332E-03
 4.19607811E-02
 6.43726756E-02
 1.92172821E-02
 6.01021474E-03
 8.39950134E-02
 2.34163376E-03
 4.35429139E-03
 4.77469544E-02
 1.81774056E-01
 1.91511849E-01
 1.65863336E-02
 3.55368527E-01
 1.25383674E-01
 1.33504979E-02
 2.27833307E-01
 2.84250870E-01
 3.01427413E+00
 1.01677843E+00
 5.65750596E-02
 1.01821654E-01
 5.50755039E-02
 7.48602848E-02
 1.14986105E-01
 4.99689621E-02
 2.71131692E-02
 8.72289184E-02
 5.09688725E-03
 7.79376373E-03
 3.25600032E-03
 4.41845948E-02
 7.55443293E-03
 5.00600724E-02
 1.61416709E-01
 1.35908393E-02
 1.57296741E-02
 3.21025387E-02
 4.13699002E-02
 1.30874706E-02
 4.46702234E-02
 5.16334453E-01
 6.04234303E-01
 7.21506150E-01
 1.06392618E-01
 2.37015648E-02
 2.67269074E-01
 4.45601071E+00
 2.57976840E+00
 6.92565332E-02
 1.01371086E-01
 1.08387484E-01
 4.02020703E-02
 1.35725607E-03
 8.40354182E-02
 7.00979435E-02
 1.12980737E-02
 3.14937241E-03
 6.66441243E-03
 1.10128190E-01
 4.66460672E-02
 1.24353229E-01
 1.21422984E-02
 3.71786383E-02
 3.13256776E-02
 1.14181668E-01
 7.24294096E-01
 6.10522619E-01
 6.99112225E-01
 5.83028120E-01
 1.96517407E-02
 1.17953229E-01
 3.67202275E-01
 1.81287558E-01
 2.20076419E-02
 7.45714878E-02
 2.94818073E-02
 8.21436386E-03
 4.40401449E-02
 1.09800588E-01
 5.73453230E-02
 1.20298008E-02
 4.69322897E-02
 1.61236815E+00
 3.33415855E-01
 1.88321332E-01
 1.62129058E-01
 3.91924044E-03
 5.01133179E-02
 6.75056023E-03
 4.95382787E-02
 5.85922492E-02
 6.24809591E-02
 1.43721419E-02
 1.23377417E+00
 1.86042324E-02
 4.62317653E-02
 4.11729254E-01
 6.90471437E-02
 5.39051358E-02
 8.05964095E-01
 9.50842948E-02
 7.65984792E-01
 7.87986245E-01
 1.42180549E-01
 1.38071388E-01
 8.11106299E-02
 7.78828958E-02
 8.81609005E-02
 4.47171928E-03
 2.34683904E-02
 2.40531264E-02
 4.85494326E-02
 1.94058475E-01
 1.37083976E-01
 1.35330872E-01
 1.56326588E-01
 3.71481169E-02
 5.47758676E-02
 8.33484536E-02
 1.70781070E-02
 5.82543088E-01
 9.56954958E-01
 5.47389077E-01
 2.63203022E-01
 6.26355862E-03
 5.63847588E-02
 3.89299456E-01
 1.55944360E+00
 2.61181487E+00
 2.25276242E+00
 1.56924377E-01
 5.15160226E-02
 3.23158007E-02
 1.76713994E-02
 2.87015135E-02
 6.22096413E-02
 2.39785066E-01
 3.21559807E-02
 1.97967003E-02
 2.93256442E-02
 1.34781270E-01
 3.27596470E-04
 8.56963844E-03
 6.52627940E-02
 6.20522442E-03
 4.43976034E-02
 2.67400401E-02
 5.14122417E-02
 8.38940033E-03
 1.77302510E-02
 3.54238940E-02
 5.09385489E-02
 1.61896396E-01
 4.38388309E-02
 9.99009944E-02
 9.34580067E-03
 2.64414941E-03
 3.51440420E-02
 1.35586584E-01
 5.25315776E-01
 6.23503439E-01
 1.17277047E-01
 6.32073147E-02
 2.08945979E-02
 2.73209477E-01
 8.26866032E-01
 2.95448842E+00
 9.96730574E-01
 3.37138136E-02
 6.86530581E-02
 9.36765773E-02
 6.09904525E-02
 6.34126984E-02
 4.05512126E-03
 7.63281596E-02
 3.89561852E-02
 2.14444236E-02
 8.22909998E-03
 5.28203443E-03
 5.97691597E-02
 7.56022480E-03
 5.42830332E-02
 5.46360592E-02
 4.15006905E-02
 2.47647590E-02
 3.69341733E-02
 3.70320905E-02
 2.04378272E-02
 1.77389404E-01
 1.12662859E-02
 1.44486127E-01
 5.71497527E-01
 8.12401952E-02
 2.75734158E-02
 2.46935814E+00
 7.40816535E-01
 9.53947713E-01
 4.27502996E-02
 8.62621687E-02
 1.45086069E-03
 5.72748935E-02
 3.29218100E-03
 3.13434260E-02
 7.25533661E-02
 7.33295145E-03
 5.16122675E-03
 1.65769227E-02
 1.22909229E-01
 4.66247983E-02
 1.21647072E-01
 2.75284368E-03
 4.18916094E-02
 3.38121951E-02
 1.16184667E-01
 5.90538707E-01
 8.08110828E-01
 1.01228958E+00
 8.31443311E-01
 1.12133545E-01
 2.16694728E-01
 4.52387368E+00
 2.12846668E-01
 1.69154627E-02
 9.23954878E-02
 1.09349120E-01
 2.05122698E-02
 5.93596426E-02
 1.22446972E-01
 1.98666219E-01
 8.66672907E-03
 4.26170814E-02
 1.26718077E+00
 4.06199574E-01
 3.12234370E-01
 1.79225253E-01
 6.66213889E-03
 4.22854748E-02
 6.76110533E-03
 4.95055781E-02
 5.10148933E-02
 4.74283090E-02
 2.26871714E-02
 6.26039036E-01
 2.85539129E-02
 4.25592897E-03
 3.36827644E-01
 5.45537885E-02
 5.83674979E-02
 6.46889451E-01
 9.50385005E-02
 1.02348822E+00
 6.27283464E-01
 1.19520820E-01
 8.76776988E-02
 9.84194521E-03
 7.00953364E-03
 1.92280521E-01
 6.79121428E-03
 2.49268730E-02
 1.25532259E-02
 3.33367523E-02
 7.11753843E-02
 5.33947492E-02
 1.00788155E-02
 3.46189751E-01
 3.07465629E-02
 4.09621535E-02
 1.11763374E-01
 1.32858220E-01
 3.82973044E-01
 5.10258978E-01
 2.55800847E-01
 5.30767983E-01
 6.29095570E-03
 6.06551250E-02
 5.76343503E+00
 1.32734079E+00
 2.10952047E+00
 1.44462048E+00
 5.92272508E-01
 5.14684292E-02
 7.66745683E-02
 3.25745932E-02
 4.87763893E-02
 1.18709292E-01
 2.03242264E-01
 1.92423918E-02
 1.17371208E-01
 6.65427572E-02
 1.78292235E-03
 1.15878623E-02
 2.25378441E-02
 4.23125030E-02
 4.89870277E-03
 1.77262532E-02
 6.82356475E-02
 3.73693386E-02
 4.42569585E-02
 4.48462970E-02
 2.88756062E-02
 3.74820092E-02
 1.34147433E-01
 1.17578924E-01
 7.58717062E-02
 9.41553964E-02
 2.19143403E-02
 2.25158671E-02
 2.65183652E-01
 7.89696465E-01
 2.94825111E-01
 1.41650463E-01
 5.74253024E-02
 2.84631679E-02
 2.62262525E-01
 2.92090638E-01
 2.16915021E+00
 4.99014659E-01
 1.58991640E-02
 1.29157876E-01
 6.84236106E-02
 1.94836225E-02
 1.89809618E-02
 1.59431671E-02
 3.96042016E-02
 1.44075486E-02
 4.45628943E-02
 8.66422852E-03
 7.30900719E-03
 7.53725412E-02
 7.56943226E-03
 5.85168292E-02
 6.20651889E-02
 8.99868004E-02
 3.38126175E-02
 4.17712927E-02
 3.26822085E-02
 2.78086508E-02
 4.33858733E-01
 4.76468008E-01
 1.64216043E-01
 1.26522373E-01
 6.72948702E-02
 8.69571360E-02
 1.05315761E+00
 1.52865752E+00
 1.20387895E-01
 7.75227529E-03
 3.40837549E-02
 1.14536095E-01
 7.84322006E-02
 4.64223492E-02
 3.28032550E-03
 9.16568434E-02
 3.34066001E-03
 7.17390667E-03
 2.65011341E-02
 1.35706626E-01
 4.66078641E-02
 1.51062864E-01
 6.69478546E-03
 4.66098407E-02
 3.62989638E-02
 1.18197731E-01
 2.25851437E-01
 7.18183276E-02
 8.20837859E-02
 1.44029783E-01
 3.12631643E-02
 3.02459542E+00
 1.92167398E-01
 1.24912727E-01
 1.97537115E-01
 6.99307906E-02
 1.86750472E-01
 3.61896468E-02
 7.46990765E-02
 1.35110174E-01
 3.35299740E-01
 1.16907994E-02
 3.82872748E-02
 6.74697348E-01
 6.97115168E-02
 4.69246988E-02
 1.35015039E-01
 9.40586187E-03
 3.44413921E-02
 6.77618167E-03
 4.94781904E-02
 4.34178549E-02
 3.23359155E-02
 3.10321423E-02
 2.25129049E-02
 3.61028215E-02
 3.90790049E-02
 2.61799118E-01
 4.00288787E-02
 6.28447958E-02
 4.87442195E-01
 9.50013098E-02
 4.14653682E-01
 4.66275118E-01
 1.99155968E-01
 2.12565363E-01
 1.24261063E-01
 6.58286546E-02
 1.23960722E-01
 8.38954187E-03
 7.68125365E-03
 5.37207928E-02
 2.60986092E-02
 2.29929767E-01
 1.43480935E-01
 6.23769025E-02
 2.59113859E-01
 2.65872294E-02
 3.08371502E-02
 1.55311925E-01
 7.01662551E-03
 5.79065055E-01
 4.91777917E-01
 1.18080485E-01
 4.52502795E-01
 1.25900819E-02
 8.02700713E-02
 4.06041783E+00
 4.67192054E-01
 1.34760896E+00
 3.74714107E-01
 7.20420267E-01
 5.49265786E-02
 2.22588376E-02
 6.14505767E-02
 7.56740993E-03
 5.79893988E-02
 3.05623612E-01
 3.77188727E-02
 6.55629418E-02
 1.07475530E-02
 2.15319507E-02
 2.71438940E-02
 3.14215048E-02
 4.43150283E-02
 7.73486814E-02
 9.59877860E-02
 1.01954211E-01
 1.74598954E-02
 3.19812671E-02
 3.55740938E-02
 2.50129522E-02
 2.88340716E-02
 2.67294092E-03
 1.42472016E-01
 4.61256391E-02
 5.27366944E-02
 1.04550769E-02
 1.80559047E-02
 6.02683437E-01
 9.51911095E-01
 1.59509485E-01
 1.53582103E-01
 5.28425454E-02
 4.82373413E-02
 4.36031870E+00
 8.11850846E-01
 1.25350203E+00
 1.10947599E-01
 9.75528338E-02
 1.87558180E-01
 6.98056507E-02
 1.43509787E-03
 8.50531662E-03
 2.76285595E-03
 1.60806141E-02
 4.02114617E-02
 9.37102278E-02
 1.87944017E-02
 4.25219412E-02
 7.24175801E-02
 1.37126137E-02
 7.78307773E-02
 2.01230755E-02
 1.94073107E-01
 3.04046907E-02
 4.39680664E-02
 2.07882399E-02
 4.65658411E-02
 7.69115776E-01
 6.27354797E-01
 1.48905334E-01
 2.67276211E-02
 1.06359910E-01
 5.35072018E+00
 3.42893877E-01
 1.14340829E+00
 6.38961252E-03
 1.35467031E-02
 9.61989697E-02
 1.42671736E-01
 1.62948649E-02
 8.28267934E-04
 2.94186339E-02
 1.01901650E-01
 1.31656653E-02
 4.21606465E-02
 1.27027393E-01
 1.42535765E-01
 5.01595258E-02
 1.29437872E-01
 2.10156933E-02
 4.86461609E-02
 8.00812374E-02
 1.06121586E-01
 4.09714367E-01
 3.49906921E-01
 9.19918400E-02
 1.81239859E-02
 1.61638169E-01
 1.56076278E+00
 9.44816454E-01
 4.25328107E-03
 2.85165448E-01
 1.11693529E-01
 1.27901508E-01
 3.32242663E-02
 7.18906786E-02
 1.41974129E-01
 2.66867095E-01
 1.20283891E-02
 2.64861070E-02
 4.42732743E-01
 6.26094511E-02
 1.30268974E-01
 6.34948989E-02
 2.91990913E-03
 3.15436590E-02
 1.30269836E-02
 5.30975012E-02
 3.90036526E-02
 2.69205306E-02
 5.02926916E-02
 3.34026206E-03
 5.67782431E-02
 9.51792661E-02
 1.73354316E-01
 3.56657662E-02
 8.23458759E-02
 3.33375091E-01
 7.19467844E-02
 2.26331260E-01
 2.50787308E-01
 2.58064802E-01
 3.17341875E-01
 1.57087249E-01
 1.46731766E-02
 3.05380391E-02
 1.05826629E-01
 1.33387471E-01
 2.43219171E-01
 2.13537713E-02
 2.70201953E-01
 6.36302933E-02
 2.07712770E-01
 2.16062965E-01
 2.47353043E-02
 7.29542496E-02
 2.74024548E-01
 2.22966337E-01
 3.79041902E-01
 5.39757205E-02
 4.55513991E-01
 4.23284172E-01
 4.56845608E-02
 1.54537531E-01
 2.78849426E+00
 5.14794437E-01
 2.78510093E-02
 9.75237206E-01
 7.75282334E-01
 1.00201790E-01
 1.86710100E-01
 2.14636071E-01
 1.28581095E-01
 8.95629930E-02
 4.77390126E-01
 9.28720905E-02
 8.48752490E-02
 9.69501118E-02
 1.25062408E-01
 1.90868099E-01
 1.41490700E-01
 1.70480262E-01
 2.72293728E-01
 1.20368889E-01
 2.01376661E-01
 1.77671387E-02
 1.28692756E-01
 5.18116522E-02
 2.63136520E-02
 7.37890028E-02
 1.13937300E-01
 2.33320494E-01
 8.74825427E-02
 2.29219557E-01
 8.71558279E-02
 1.29981273E-02
 7.08342032E-02
 7.36053536E-01
 8.49535339E-02
 4.21928108E-01
 1.44030268E-01
 8.51719878E-02
 2.92911098E+00
 5.67128131E-01
 1.83299778E-01
 7.82649627E-01
 1.93252982E-01
 2.72929628E-01
 1.50461651E-01
 6.10445689E-02
 2.09577996E-02
 5.76476265E-02
 8.42835647E-02
 2.67645636E-02
 1.05425076E-03
 4.26196871E-02
 1.12633513E-01
 6.80708880E-02
 4.60552288E-02
 1.51374121E-01
 2.93401450E-01
 5.57484442E-02
 3.46339918E-02
 7.33565221E-02
 1.70963616E-02
 8.19811233E-02
 4.76527821E-02
 4.86076678E-01
 7.80890147E-02
 1.07181487E-02
 1.27591728E-01
 3.86611431E+00
 2.56197175E-01
 5.99343755E-01
 9.06194270E-02
 5.92607367E-02
 1.92597543E-01
 2.37896365E-01
 2.53280050E-02
 8.63998547E-02
 6.41207323E-02
 1.84947395E-01
 1.50056681E-01
 1.11955883E-01
 2.39044584E-01
 1.17706854E-01
 9.48937651E-02
 5.36718639E-01
 2.74043846E-01
 7.76292494E-02
 1.29300163E-01
 9.38780471E-02
 9.00566817E-01
 2.39808401E-01
 6.68593745E-02
 9.08050143E-02
 6.53830443E+00
 2.19072300E+00
 5.64053594E-01
 3.53240088E-02
 3.19201187E-01
 1.38923968E-01
 1.02117627E-01
 6.49775080E-02
 6.77917406E-02
 1.17508068E-01
 3.52293797E-01
 1.16678251E-01
 2.26401716E-02
 9.16683685E-01
 2.79820107E-01
 1.39787368E-01
 1.22680650E-02
 1.00228426E-01
 2.22352141E-02
 4.73863364E-02
 9.84741271E-02
 1.65463316E-02
 8.86698530E-03
 8.71970001E-02
 3.36139504E-01
 1.08527264E-01
 2.05258955E-01
 4.66663551E-02
 7.03430395E-02
 1.59874512E-01
 7.64186335E-02
 1.24780320E-01
 2.60263773E-01
 9.32233462E-02
