 2.25249983E-01
 3.65829899E-01
 2.61497917E-01
 2.58444497E-01
 1.53334728E-01
 1.13694561E-01
 1.44804025E-01
 2.46716180E-01
 1.01543151E-01
 3.59965755E-01
 2.62533870E-01
 3.20296069E-01
 1.36407296E-01
 3.30540320E-02
 7.96477271E-02
 2.60526255E-01
 1.51267425E-01
 6.76613390E-01
 5.19632331E-01
 6.88003886E-01
 3.58695741E-01
 1.62671002E-01
 2.34668512E-01
 7.72668454E-01
 3.46731511E+00
 4.40263632E-01
 4.22790230E-01
 6.90533795E-02
 3.59007437E-01
 9.22447271E+00
 1.74708525E-01
 3.99437866E-01
 7.13473972E-01
 3.24402081E-01
 2.90971282E-01
 3.54491822E-01
 1.18948828E-01
 9.67191430E-02
 6.34846148E-01
 6.48343408E-02
 2.37531017E-01
 3.84812173E-01
 1.84423163E-01
 2.55078883E-01
 4.98932568E-02
 1.65160972E-02
 4.09987562E-03
 3.18335651E-02
 7.85242575E-02
 1.49613401E-03
 3.36600164E-01
 3.72908343E-02
 4.45972398E-02
 1.86197688E-02
 2.00930733E-02
 2.74764777E-01
 9.47320624E-01
 3.71916077E-01
 4.33036370E-01
 2.29644766E-01
 1.58537498E-01
 3.98178275E-01
 4.58570588E-01
 6.43856268E-02
 6.56217903E-02
 1.63804087E+00
 3.89837123E+00
 1.03152861E-02
 6.82556314E-02
 1.58111123E-01
 4.13292543E-02
 2.47201350E-01
 1.91432189E-01
 1.06460454E-01
 3.50183456E-02
 9.78818472E-02
 5.92465287E-02
 4.50768007E-02
 1.43001627E-01
 1.23243050E-01
 1.50425562E-01
 2.56268555E-02
 5.65340433E-02
 7.05738677E-03
 7.49248421E-02
 3.95160763E-01
 6.12388307E-01
 1.88364458E-01
 2.38225306E-01
 1.74167954E-01
 3.15186830E+00
 7.63407668E-02
 3.26096390E-01
 3.71484898E-01
 5.98772555E-01
 1.61875103E-02
 2.09598254E-01
 3.18281759E-01
 2.46121067E-01
 3.81390834E-01
 2.32288125E-01
 1.15959540E-01
 9.76147287E-02
 2.11127442E-01
 1.04213166E-01
 9.05890799E-02
 2.68107965E-01
 2.42593074E-01
 5.76815619E-02
 1.09045432E-01
 8.15519838E-02
 7.27442485E-01
 9.47894267E-01
 2.72060626E-01
 2.89627845E-01
 6.60010022E+01
 6.23085290E-01
 2.32080994E-02
 9.71313489E-01
 1.35921213E-01
 3.53896263E-01
 1.32165821E-01
 2.78399149E-02
 5.94368625E-02
 1.04589927E-01
 9.44258791E-02
 6.57009802E-02
 8.43580079E-03
 5.31327867E-01
 6.81370454E-01
 1.92591164E-01
 3.86419084E-01
 4.34220867E-01
 2.71475383E-01
 4.54815443E-02
 9.40214537E-02
 6.76020137E-01
 5.05457212E-01
 8.04246730E-02
 1.07690740E+00
 9.11572346E-01
 7.01785600E-02
 9.52748243E-01
 6.74944902E-01
 1.53283359E-01
 1.69221783E+00
 1.30554335E+00
 5.65989906E-01
 4.29365044E-01
 7.02071690E-02
 1.66412850E-01
 6.43210012E-02
 6.14327831E-02
 2.53019513E-02
 1.36236993E-02
 2.98864575E-03
 5.96683319E-02
 2.40344854E-01
 1.36386263E-01
 2.40846678E-02
 5.44675092E-02
 2.93261888E-02
 1.67778525E-02
 1.94569604E-02
 1.44052765E-01
 1.03925137E-01
 4.99524994E-01
 1.15509321E-01
 2.33534644E-01
 1.61224281E-01
 7.70746912E-02
 1.20557410E-01
 9.86698157E-01
 3.26647629E+00
 2.04214040E-01
 4.72476261E-02
 1.97394234E-01
 2.53497547E-01
 2.00968622E-01
 1.45722610E-01
 2.38765252E-01
 5.10834370E-02
 1.76840085E-01
 1.87516367E+00
 5.08156234E-01
 2.10530820E-01
 2.75582769E-01
 4.02202305E-02
 3.24870756E-01
 2.08851388E-01
 1.00001252E-01
 1.81071452E-01
 3.20310748E-01
 7.51734042E-02
 1.94490226E-02
 2.19339815E-02
 1.80818282E-02
 2.13347528E-02
 1.66126779E-01
 5.78201950E-01
 1.35972398E-01
 5.15929680E-02
 1.75255903E-02
 7.44319134E-03
 8.39797091E-01
 1.50404351E+00
 4.37450234E-01
 3.34922536E-01
 1.36496173E-01
 8.03448256E-02
 2.80008622E+00
 9.39113919E-01
 6.49285865E-02
 3.24436906E-02
 1.98037689E+00
 4.45941420E+01
 5.38215000E-02
 5.25625004E+00
 4.00368250E-01
 3.33021467E-01
 2.92793951E-01
 1.00248928E-01
 1.48957443E-01
 1.45646835E-02
 3.71431228E-02
 6.49057399E-02
 1.45392583E-02
 7.30059353E-02
 9.65201581E-02
 2.83609163E-01
 2.17646378E-02
 2.82426551E-02
 8.46425178E-03
 4.22856279E-02
 3.84376901E-01
 7.95225019E-01
 2.19613458E-02
 1.20912009E-01
 1.14695373E-01
 1.88184875E+01
 4.25781470E-02
 3.37859933E-01
 2.41660097E-01
 1.46339750E+00
 2.00179340E-02
 2.67312788E-01
 1.27031629E+00
 2.03636940E-01
 1.34035039E-01
 7.92695071E-03
 1.03087293E-01
 3.69735364E-02
 1.14620089E-01
 1.33194390E-01
 4.49241268E-02
 5.19461442E-02
 2.18131312E-01
 2.96704319E-02
 5.85663901E-02
 9.56792206E-02
 9.81657714E-02
 8.38979836E-01
 1.27926828E-01
 1.53365069E-01
 2.43570450E+00
 5.34117335E-01
 3.55166168E-01
 2.09313301E+00
 2.17785190E-01
 4.34846602E-01
 2.63684291E-02
 2.05191408E-02
 6.48792445E-02
 1.33296762E-01
 7.36469360E-02
 1.95882510E-02
 1.01546614E-02
 1.97421247E-01
 6.97007770E-01
 1.30069260E-01
 5.48374777E-01
 2.52476621E-01
 1.58743642E-01
 1.29933434E-02
 4.75818041E-02
 4.60970353E-01
 3.53404405E-01
 4.56502752E-02
 9.80954492E-01
 1.29170736E+00
 3.38345247E-01
 6.21857249E-01
 4.20984897E-01
 7.94089320E-02
 1.21529813E+00
 9.59856018E-01
 6.93207957E-01
 2.23190125E-01
 1.44228262E-01
 1.38537018E-01
 2.39859493E-02
 6.29316395E-03
 8.64104711E-03
 4.80149967E-03
 2.05024954E-02
 7.67790885E-03
 5.66186871E-01
 3.80575044E-01
 1.40591006E-02
 8.15939524E-03
 1.02289273E-02
 2.13129252E-02
 3.10362486E-02
 1.01911136E-01
 3.22987390E-01
 1.17403001E-01
 9.62535951E-02
 1.51391082E-01
 1.67829719E-01
 1.03699529E-01
 1.27514672E-01
 8.74665318E-01
 8.82254826E-01
 6.89628769E-01
 3.19465362E-01
 2.65949777E+00
 2.26205880E+00
 6.10476532E-01
 1.44487122E+00
 4.00309238E-01
 8.46626095E-02
 6.18774040E-02
 2.53656504E+00
 1.14195943E+00
 9.17541289E-02
 2.25998277E-01
 1.14642667E-01
 2.21795159E-01
 1.15149482E-01
 2.61517232E-01
 6.73317557E-02
 9.80852784E-02
 2.79704274E-02
 1.12001546E-02
 2.87307139E-02
 2.25837011E-02
 3.33370000E-02
 3.06144969E-02
 1.80090553E-01
 5.33269116E-02
 2.01669909E-02
 1.07649550E-02
 1.08964996E-02
 9.55614116E-01
 1.07842143E+00
 2.99391431E-01
 2.99391716E-01
 1.39014157E-01
 9.81358170E-02
 4.13154858E+00
 3.60294595E-01
 6.43577915E-01
 1.19311479E-01
 1.89843086E+00
 1.51611117E-01
 2.41042357E-01
 3.53955696E+00
 2.42400033E-01
 3.85771779E-01
 4.07652009E-01
 1.04695016E-01
 1.40545705E-01
 5.45326471E-03
 5.50822495E-03
 6.76986279E-02
 8.36930670E-03
 5.34747672E-02
 1.75714521E-01
 2.78503098E-01
 2.53992716E-02
 2.66641630E-02
 1.84804105E-02
 2.52290680E-02
 6.01928989E-01
 8.20107124E-01
 1.05209033E-03
 1.14783519E-01
 9.37218094E-02
 1.26930698E+00
 3.10452019E-01
 4.11360846E-01
 2.52100890E-01
 2.74100629E+00
 1.78835376E-01
 3.96851182E-02
 4.91559516E+02
 1.91315996E-01
 1.56921150E-01
 7.54163689E-02
 1.16966263E-01
 5.41404168E-03
 2.55313232E-02
 1.28951694E-01
 4.12272443E-02
 1.70924424E-01
 2.31034148E-01
 2.82436754E-02
 1.94811989E-02
 1.07077278E-01
 1.70944198E-01
 7.77213911E-01
 1.90210576E-02
 9.17971022E-02
 2.26847081E-01
 6.46823946E-03
 4.21268342E-01
 8.37896423E+00
 3.82111959E-01
 5.94544216E-01
 8.77672857E-02
 3.17435593E-02
 6.75228251E-02
 1.28940675E-01
 1.47765778E-01
 3.74914657E-03
 2.03059245E-02
 3.62475080E-02
 6.97700834E-01
 7.47558621E-02
 3.14265871E-01
 7.25357372E-03
 2.74454627E-02
 6.64067506E-03
 4.37662466E-02
 2.93941588E-02
 1.50488662E-02
 2.77160593E-02
 3.58920050E-01
 9.66069283E-01
 5.60916542E-01
 1.49225279E-02
 3.85135750E-02
 5.93783606E-02
 3.84562715E-02
 9.10852395E-02
 1.22233190E+00
 6.45196154E-02
 1.24430650E-01
 1.26344688E-01
 2.93803669E-02
 3.46185182E-02
 1.06838962E-02
 2.78002581E-03
 1.92714804E-02
 1.86518521E-02
 4.87645353E-01
 3.30577662E-01
 7.89211089E-02
 8.19009852E-02
 4.66662831E-03
 2.68517222E-02
 4.32871724E-02
 7.59189312E-02
 1.34946760E-01
 1.07174129E-01
 5.23190022E-02
 9.34286293E-02
 8.85750280E-02
 1.94335790E-02
 2.42400114E-02
 5.86793851E-01
 1.86850390E+00
 1.13968822E+00
 1.42473211E+00
 9.74918783E-01
 3.20982247E-01
 6.04414331E-01
 3.99686160E+00
 4.74675417E-01
 9.25068806E-02
 1.68008648E-01
 2.58286955E+00
 9.74725467E-01
 1.24481556E-01
 1.31231177E-01
 1.83047715E+00
 5.38829570E-01
 2.25990800E-01
 5.45380669E-01
 2.28837178E-01
 1.56670708E-01
 2.00696190E-02
 3.65396779E-04
 1.60329786E-02
 2.79810309E-02
 4.57327231E-02
 3.78379973E-01
 3.04391800E-01
 4.02265695E-02
 1.66356835E-04
 9.64592524E-03
 2.15268787E-02
 1.55400691E+00
 1.08138198E+00
 2.10823417E-01
 4.21044046E-01
 1.66504108E-01
 5.42945144E-02
 3.47270614E+00
 2.61508253E+00
 7.85749896E-01
 3.91316294E-01
 2.00378919E+00
 4.73019009E-01
 3.15357593E-01
 2.07410191E+00
 2.23022607E-01
 4.20432592E-01
 7.63600772E-01
 2.92821121E-01
 1.63143257E-01
 5.00747766E-03
 3.44351527E-03
 5.23885365E-02
 8.36654086E-03
 4.93978214E-02
 5.64642225E-01
 3.26327680E-01
 1.86076973E-02
 2.29466522E-02
 2.19994556E-02
 1.83618754E-02
 1.35951196E+00
 8.07550725E-01
 7.58861168E-02
 3.76673910E-01
 1.76410023E-01
 2.71704790E-01
 5.99086133E-01
 5.39562952E-01
 2.26748832E-01
 7.22877384E+00
 2.21876550E-01
 2.98000571E-01
 2.40341606E-02
 1.25158168E-01
 2.14328987E-01
 6.45980003E-02
 1.07746368E-01
 3.35585693E-03
 1.52328334E-02
 1.15932609E-01
 4.12283577E-02
 1.41388761E-01
 2.13921458E-01
 2.45413132E-02
 1.74761852E-02
 1.05329505E-01
 1.34450691E-01
 7.12638048E-01
 6.72455439E-02
 2.52079251E-01
 5.90363835E-03
 9.43439823E-02
 5.03638611E-01
 2.92876521E+00
 4.10165276E-01
 6.62608026E-01
 8.77094801E-02
 1.86371683E-02
 5.23120315E-02
 1.15982219E-01
 1.58336910E-01
 3.69764254E-03
 2.37377246E-02
 1.96440054E-01
 5.61276033E-01
 7.74557972E-02
 9.39505601E-01
 4.89328891E-03
 3.35773476E-02
 6.64266946E-03
 4.37614791E-02
 3.61302781E-02
 2.68634515E-02
 1.99890861E-02
 4.75983652E-01
 8.45294567E-01
 8.70287550E-01
 3.00091954E-02
 5.25222719E-02
 5.49228927E-02
 5.00848058E-02
 9.10395392E-02
 1.20059748E+00
 7.94549062E-02
 6.13297088E-02
 3.70721613E-02
 2.82920324E-02
 2.28592635E-02
 1.70710997E-03
 7.57333077E-04
 1.80395455E-02
 2.96291820E-02
 7.81111936E-02
 2.11787546E-02
 6.31607783E-02
 5.03632392E-02
 2.48651688E-03
 3.23920102E-02
 5.55417307E-02
 4.99192882E-02
 4.60888414E-01
 2.58829497E-01
 7.32135440E-02
 5.43492504E-02
 7.10769687E-02
 2.15317934E-02
 1.85293899E-02
 6.33068082E-01
 1.27757980E+00
 6.45339476E-01
 6.50002352E-01
 4.44626055E-01
 2.77046170E-02
 8.84694403E-01
 2.03397215E+00
 4.07721966E-01
 1.17178497E-01
 9.00452739E-02
 1.53427145E+00
 1.56428911E-02
 3.82728424E-01
 1.90159143E-02
 1.76016138E+00
 4.73491880E-02
 3.88008396E-01
 9.51013459E-01
 1.82595327E-01
 2.08646543E-01
 9.88069483E-02
 3.85948080E-02
 6.76995006E-03
 3.33798238E-02
 5.81323125E-02
 3.11728139E-01
 4.15500544E-01
 2.00304956E-01
 7.77218471E-02
 2.87853590E-02
 3.21603022E-02
 1.41894205E+00
 9.36546353E-01
 3.33435371E-01
 3.62156639E-01
 9.19696582E-02
 1.13048320E-02
 1.36033036E-01
 6.13110650E+00
 1.08297525E+00
 1.15327891E+00
 8.99311827E-01
 4.44475761E-01
 5.43152176E-02
 1.09972447E+00
 4.56993524E-01
 1.32788804E-02
 8.35293489E-01
 2.58668015E-01
 1.97655717E-01
 2.93467800E-03
 4.00355097E-04
 3.67459814E-02
 8.36419323E-03
 4.53198544E-02
 5.09955956E-01
 3.97963494E-01
 8.55739227E-03
 1.72667711E-02
 2.48626345E-02
 1.14929481E-02
 1.32638289E+00
 6.40253321E-01
 7.48930984E-02
 2.46972092E-01
 1.00404072E-01
 1.02581128E+00
 8.93813858E-01
 6.72936733E-01
 1.60421098E+00
 2.30716537E+00
 7.55491473E-02
 2.98750950E-01
 2.21936996E-01
 1.61167137E-01
 2.11738834E-02
 1.17308407E-01
 2.01068530E-01
 3.22127974E-04
 4.34431524E-03
 1.02712720E-01
 4.12297564E-02
 2.29792500E-01
 4.01955885E-01
 1.88832558E-02
 1.42919252E-02
 1.03976410E-01
 8.37467698E-01
 6.89674275E-01
 7.27957289E-02
 1.77032770E-01
 5.76984742E-01
 1.73521407E-01
 4.09182981E-01
 2.10446440E-01
 2.30265403E-02
 4.21516048E-01
 1.24885930E-02
 5.10212266E-02
 3.67708821E-02
 1.02823750E-01
 3.11054281E-02
 1.16865954E-01
 2.65202775E-02
 4.97871060E-01
 2.06809345E-01
 6.61666759E-02
 7.37810063E-01
 2.53129265E-03
 3.97112329E-02
 6.64524946E-03
 4.37571600E-02
 4.28687074E-02
 3.86822853E-02
 1.22595378E-02
 4.24910544E-01
 3.15457798E-01
 9.10795740E-01
 4.51040398E-02
 6.65370731E-02
 5.04659237E-02
 6.17200216E-02
 9.09943053E-02
 1.20756366E+00
 9.44002025E-02
 1.92928152E-01
 6.76964912E-02
 1.77588665E-02
 2.54928185E-02
 1.51899456E-02
 7.56697214E-04
 1.80398951E-02
 2.96409641E-02
 1.84363734E-01
 8.23057800E-02
 2.88067400E-02
 4.62946382E-02
 3.62898981E-02
 3.24075452E-02
 5.55628342E-02
 4.99116944E-02
 9.01033512E-01
 3.39417145E-01
 6.90794486E-02
 2.04256088E-01
 1.46047283E-01
 1.03511743E-02
 4.42468651E-02
 1.02051452E+00
 1.48670113E+00
 6.19777196E-01
 6.07978694E-01
 4.70068412E-01
 3.66517521E-02
 1.15911655E+00
 6.10927135E-01
 2.68090926E-01
 2.73398636E-01
 3.43760028E-02
 2.95510520E+00
 8.32953744E-01
 3.24904309E-01
 1.69615385E-01
 4.87627840E-01
 1.93917100E-01
 2.52402005E-01
 1.86234140E+00
 1.48200213E-01
 3.07251382E-02
 6.01746904E-02
 1.39377790E-02
 4.13569707E-03
 3.33874298E-02
 5.81448222E-02
 2.43134023E-01
 6.24348393E-02
 1.23057353E-01
 2.83545361E-02
 6.87277111E-03
 3.21860094E-02
 1.47972734E+00
 2.63226727E-01
 2.60591316E-01
 2.73265922E-01
 5.12366477E-02
 1.15936314E-02
 1.13065859E+00
 1.28499944E+00
 3.89151708E-01
 5.10194554E-01
 3.61842870E+00
 6.00160076E-01
 2.43665986E-01
 1.18559031E-01
 5.70199667E-01
 2.05346424E-01
 1.71024463E+00
 3.67491769E-01
 1.76112188E-02
 2.50055933E-03
 1.55259512E-04
 3.66538989E-02
 8.36172883E-03
 4.53183350E-02
 7.27160143E-01
 3.81382605E-02
 7.74476695E-03
 1.68083004E-02
 2.47299901E-02
 1.14855750E-02
 1.92132800E+00
 1.88808799E-01
 1.62921827E-01
 2.42377291E-01
 9.47385624E-02
 9.86715777E-01
 2.49562901E+00
 1.17668816E+00
 7.87060029E-01
 2.74331582E+00
 5.28997056E-01
 2.65090770E-01
 1.40294947E+00
 1.56948757E-01
 4.89667150E-02
 1.71144633E-01
 1.68762103E-02
 7.79747325E-05
 4.19066538E-03
 1.02655110E-01
 4.12310364E-02
 3.37306105E-01
 3.34445323E-02
 1.84306243E-02
 1.40416495E-02
 1.04076400E-01
 1.21381671E+00
 1.51846711E-01
 1.90942201E-01
 2.13843612E-01
 9.72245980E-01
 4.61748957E-01
 3.90404030E-01
 4.86739680E-01
 4.80835131E-01
 1.67998111E-01
 2.83790610E-02
 4.85019208E-03
 3.66795205E-02
 1.02766178E-01
 6.28263620E-02
 4.94898155E-03
 2.63958814E-02
 5.87624377E-01
 1.73976087E-01
 1.09726512E-01
 8.37390125E-01
 2.52345922E-03
 3.97149038E-02
 6.64761422E-03
 4.37527020E-02
 4.28840900E-02
 3.87189487E-02
 1.22334551E-02
 3.80077817E-01
 1.43983187E-02
 1.27545524E+00
 4.51324783E-02
 6.65559074E-02
 5.04446431E-02
 6.17177081E-02
 9.09495166E-02
 3.32007440E+00
 9.44354076E-02
 1.46170996E-01
 1.66056976E-01
 1.04767892E-01
 8.64075850E-02
 3.20810158E-02
 2.77922066E-03
 1.92731919E-02
 1.86814662E-02
 5.20715764E-02
 2.52918285E-01
 1.88979257E-01
 1.60037758E-01
 8.08869271E-02
 2.68954363E-02
 4.33445067E-02
 7.59075868E-02
 6.93865619E-01
 6.01368841E-01
 2.57689151E-01
 3.91423088E-01
 2.15867559E-01
 1.03329125E-02
 4.82918522E-02
 9.56613562E-01
 8.11253778E-01
 1.02297538E-01
 7.36616452E-01
 5.22241048E-01
 3.66814004E-02
 6.94913178E-01
 3.53255699E-01
 1.44082602E-01
 4.40630439E-01
 7.30762617E-02
 1.12876263E+00
 4.04633669E+00
 2.28923963E-01
 4.47609488E-01
 2.16327662E-01
 3.87831762E-01
 4.84454350E-02
 2.19673864E-01
 1.11693887E-01
 5.06639185E-02
 9.93313863E-02
 3.20834866E-02
 1.30564492E-02
 2.80009396E-02
 4.57638034E-02
 3.00903897E-01
 1.09603415E-01
 1.98578828E-01
 6.33098270E-02
 1.55160898E-02
 2.15990193E-02
 7.79579044E-01
 3.20144331E-01
 3.74152506E-01
 3.57765244E-01
 8.88836663E-02
 1.81471541E-02
 1.05809636E+00
 6.19365508E-01
 2.79959921E-01
 5.39346120E-01
 1.61762816E+00
 7.48070192E-02
 4.47959742E-01
 1.28305800E-01
 4.62623252E-01
 1.47674107E-01
 1.99914721E-01
 1.10067093E-01
 1.84215915E-02
 4.90564221E-03
 3.43056212E-03
 5.23615262E-02
 8.35914596E-03
 4.93952481E-02
 1.99925164E-01
 3.65976881E-02
 1.85764022E-02
 2.30201126E-02
 2.20845200E-02
 1.83421951E-02
 1.31573144E+00
 2.06425474E-01
 9.66864663E-02
 2.44570178E-01
 1.21681658E-01
 9.18270927E+00
 2.93031878E-01
 2.99149240E-01
 4.43382592E-01
 1.93358273E+00
 3.97765035E-01
 3.77423290E-01
 4.10318655E+00
 2.36692764E-01
 3.95310804E-01
 1.14244459E-01
 1.90311673E-02
 3.34360526E-03
 1.52099123E-02
 1.15911149E-01
 4.12321977E-02
 2.15756973E-01
 3.63944333E-02
 2.46274229E-02
 1.75958749E-02
 1.05338417E-01
 1.13654649E+00
 3.10461791E-01
 2.41828999E-01
 2.70587348E-01
 8.31478085E-01
 1.53496507E-01
 1.16704234E+00
 1.88223870E+00
 4.43818524E-01
 1.68553116E-02
 1.44844198E-02
 1.67295335E-02
 5.22859399E-02
 1.15960458E-01
 1.21274717E-02
 7.38832451E-03
 2.38426639E-02
 5.17824095E-01
 7.38367125E-02
 1.45267996E-01
 5.91788894E-01
 4.87134207E-03
 3.35843737E-02
 6.64976088E-03
 4.37481042E-02
 3.61720430E-02
 2.69665554E-02
 1.99144724E-02
 3.90414017E-01
 2.02680050E-02
 1.28798737E+00
 3.00834682E-02
 5.25684099E-02
 5.48623922E-02
 5.00689700E-02
 9.09051743E-02
 4.92065811E-01
 7.95471447E-02
 1.85431247E-01
 9.84458452E-02
 8.41073091E-03
 9.74250285E-03
 5.80872179E-03
 4.80199853E-03
 2.05064555E-02
 7.71771477E-03
 9.13111425E-02
 9.23404192E-02
 5.06023974E-02
 1.21614120E-03
 3.91064217E-02
 2.13809668E-02
 3.11218465E-02
 1.01911291E-01
 5.65693303E-01
 3.04309948E-01
 9.34540808E-02
 1.16633992E-01
 1.32782782E-01
 1.03147184E-02
 5.23372668E-02
 3.29079502E-01
 3.41057680E-01
 3.45935239E-01
 4.08591438E-01
 3.98807288E-01
 3.67091573E-02
 2.28021150E+00
 7.96140355E-01
 3.77198053E-01
 1.83874163E-01
 9.11676040E-02
 7.28058869E-01
 7.07104909E-01
 4.68507981E-01
 2.40929973E-01
 1.05122695E+00
 3.83594590E-01
 2.05785139E-01
 1.45452518E-01
 4.04485729E-02
 4.47561514E-02
 1.46901806E-02
 2.22083504E-02
 4.29753925E-02
 2.26120369E-02
 3.33780556E-02
 2.29712082E-02
 7.35520647E-02
 2.66409701E-02
 4.67476807E-02
 1.79481559E-02
 1.10084321E-02
 9.35925000E-01
 5.31598841E-01
 1.42054094E-01
 1.05675612E-01
 1.29293796E-02
 2.47005365E-02
 9.82152440E-01
 9.98309469E-01
 1.62455104E-01
 3.70741557E-01
 1.43729813E+00
 6.46730726E-01
 3.25928641E-01
 1.36216610E+01
 5.76256730E-02
 2.56629192E-01
 7.71894007E-02
 6.75719151E-03
 2.12418513E-02
 5.28393240E-03
 5.48857866E-03
 6.76676126E-02
 8.35697668E-03
 5.34737860E-02
 1.97340428E-02
 4.49641461E-02
 2.53534636E-02
 2.67898447E-02
 1.86195311E-02
 2.52003404E-02
 7.10571006E-01
 8.53584326E-02
 6.51113159E-02
 1.26676031E-01
 9.72541906E-02
 2.47520414E-01
 1.22966025E-01
 1.47113761E-01
 3.64465012E-01
 1.17804800E+00
 5.56904139E-01
 2.86596815E-01
 6.15085223E+00
 1.01547754E-02
 5.42636906E-01
 2.53920290E-01
 3.78627599E-02
 5.39562515E-03
 2.55028355E-02
 1.28927558E-01
 4.12336443E-02
 4.86748317E-01
 7.27064703E-02
 2.83905221E-02
 1.96822225E-02
 1.07093118E-01
 1.27114581E+00
 1.90077403E-01
 8.82229882E-02
 1.17069204E-01
 4.76778608E+00
 5.26325603E-01
 1.32993857E-01
 5.72465278E+00
 6.27049082E-01
 3.48000371E-01
 4.61288722E-03
 3.17260882E-02
 6.74944927E-02
 1.28916683E-01
 3.66821961E-02
 3.59634568E-03
 2.04780369E-02
 4.96422823E-01
 1.06450352E-01
 9.50094246E-02
 6.42061692E-02
 7.21959012E-03
 2.74505331E-02
 6.65248547E-03
 4.37439521E-02
 2.94564658E-02
 1.52092266E-02
 2.75977753E-02
 3.94483349E-01
 2.74080293E-02
 1.72220983E+00
 1.50279043E-02
 3.85732039E-02
 5.92830899E-02
 3.84150483E-02
 9.08613031E-02
 4.66627781E-01
 6.46510410E-02
 3.10843155E-01
 2.99351932E-01
 1.62025361E-01
 1.55052878E-01
 6.95471376E-02
 1.35820868E-02
 2.90134827E-03
 5.95686722E-02
 2.39653663E-01
 4.01744867E-01
 2.19232557E-01
 2.41656591E-01
 1.17861285E-01
 1.68823843E-02
 1.96042976E-02
 1.44056466E-01
 4.88593536E-01
 6.48580876E-01
 2.68946490E-01
 4.19809062E-01
 2.20352320E-01
 1.64123548E-02
 7.17848993E-02
 2.20384169E-02
 7.08684038E-01
 7.44578714E-02
 6.98506318E-01
 4.38087209E-01
 4.05095440E-02
 1.07468796E+01
 4.51023079E-01
 2.40526419E-01
 9.94297670E-02
 3.43175957E-01
 1.82568491E+00
 2.84012090E-01
 1.59881012E-01
 1.41142712E-01
 2.37221821E+00
 2.98223824E-02
 2.66490700E-01
 1.81148021E-01
 2.16982039E-01
 1.26182628E-01
 2.74152530E-02
 9.64746827E-03
 3.17794773E-02
 1.81346792E-02
 2.14288155E-02
 2.37844864E-01
 1.90541656E-01
 4.02995044E-02
 6.74958708E-03
 2.37331433E-03
 7.59575762E-03
 8.62054174E-01
 5.55887432E-01
 8.58144879E-02
 7.40246266E-02
 1.81504330E-02
 4.07911541E-02
 4.56134222E-01
 9.61018073E-01
 2.66893867E-01
 1.89479578E-01
 9.81720297E-01
 1.73175067E+00
 6.45172899E-02
 2.54672912E+00
 6.94382558E-01
 3.24902579E-01
 1.59244109E-01
 1.14516901E-01
 1.13309809E-01
 1.43216712E-02
 3.71087756E-02
 6.49011048E-02
 1.45151580E-02
 7.29907670E-02
 1.25020768E-01
 2.40729622E-01
 2.17140298E-02
 2.84362148E-02
 8.65692350E-03
 4.22522853E-02
 5.59555323E-01
 2.28654906E-01
 8.74462616E-03
 5.26434136E-02
 8.85301263E-02
 9.61102213E-01
 2.94051678E-01
 2.53471879E-01
 1.46266424E-01
 9.68059247E-01
 6.59028432E-01
 3.47998965E-01
 2.15072991E-02
 3.36261387E-01
 5.79294740E-01
 4.51786137E-01
 3.68431337E-02
 3.69418220E-02
 1.14662116E-01
 1.33235316E-01
 4.49287240E-02
 8.34426137E-01
 8.54579846E-02
 2.99010063E-02
 5.89171282E-02
 9.56826719E-02
 1.53488442E+00
 2.24577272E-01
 1.78981784E-02
 5.00637745E-02
 2.56451829E-01
 6.98467455E-01
 1.96155559E-01
 2.43383461E+00
 3.62816493E-01
 1.15124438E-01
 1.13256912E-01
 1.84339218E-02
 6.48751567E-02
 1.33334569E-01
 2.05185020E-01
 2.35413397E-02
 1.04075666E-02
 5.07429783E-01
 2.18718468E-02
 8.14633891E-02
 1.57796900E+00
 8.92734111E-03
 2.39883220E-02
 1.29982958E-02
 4.75434019E-02
 2.49923603E-02
 1.21231004E-02
 4.54823740E-02
 1.75220623E-01
 3.82892814E-02
 2.75951186E+00
 2.00804219E-02
 2.92738679E-02
 7.92593672E-02
 2.31801742E-02
 6.96764999E-02
 2.79545603E-01
 1.05763388E-01
 5.30679019E-01
 6.50309336E-01
 3.76829050E-01
 3.86123865E-01
 2.05304872E-01
 1.13620282E-01
 1.44662623E-01
 2.46592236E-01
 5.07629086E-01
 9.27663242E-01
 4.92814876E-01
 5.75517992E-01
 2.40404817E-01
 3.29342793E-02
 7.94950985E-02
 2.60547977E-01
 6.28735932E-01
 1.32669325E+00
 6.60582907E-01
 8.75846574E-01
 3.63816272E-01
 4.65136058E-02
 1.41218734E-01
 2.79475990E-01
 1.71358991E+00
 7.67595134E-01
 1.28931757E+00
 5.95407393E-01
 8.67378724E-02
 2.04899835E+00
 8.07264497E-01
 4.54364378E-03
 6.19169496E-02
 5.95053484E-01
 1.43466911E+00
 8.65064016E-01
 4.08184450E-01
 7.92355776E-02
 1.70142831E+00
 5.87080064E-01
 1.04754007E-01
 1.89658503E-01
 3.27387953E-01
 3.69203667E-01
 3.15804473E-02
 3.90667829E-02
 1.39405606E-02
 3.17679701E-02
 7.84102184E-02
 2.83707722E-01
 5.64298615E-01
 3.48885785E-04
 8.95413369E-02
 3.81812946E-02
 1.99216107E-02
 5.10428367E-01
 9.69386045E-01
 4.94564313E-03
 2.12822040E-01
 9.54299916E-02
 7.20968385E-02
 9.22759070E-02
 1.53900792E+00
 1.99061841E-01
 3.53370287E-01
 7.66927497E-01
 1.30323575E+01
 1.49735256E-01
 1.09213774E+00
 1.45395636E-01
 2.87340472E-01
 7.64585461E-02
 1.26642990E-01
 7.79564794E-02
 3.46915902E-02
 9.78077094E-02
 5.92542719E-02
 4.50479187E-02
 1.42996105E-01
 6.12168746E-03
 9.31136133E-02
 2.55478773E-02
 5.67239362E-02
 7.26475914E-03
 7.48976011E-02
 6.47626789E-02
 2.73858249E-01
 1.21563017E-02
 5.05933122E-02
 1.05642996E-01
 8.90193989E-01
 7.11710329E-01
 1.04389560E-01
 1.37518228E-01
 3.63958476E+00
 1.75240873E-01
 3.89772164E-01
 7.52706395E-01
 1.68529547E-01
 8.35625575E-01
 3.51669838E-01
 8.03807778E-02
 9.75462041E-02
 2.11243123E-01
 1.04323375E-01
 9.05666171E-02
 5.06482316E-01
 1.71157207E-01
 5.79284355E-02
 1.09388762E-01
 8.16112609E-02
 8.76239735E-01
 4.41392386E-01
 3.19682508E-02
 9.47036526E-02
 4.62340357E-01
 1.29061350E+00
 3.59914130E-02
 1.30280969E-01
 7.79051033E-02
 1.36972697E-01
 1.63398685E-01
 2.32249563E-02
 5.94418262E-02
 1.04691628E-01
 1.56749057E-01
 5.61867046E-02
 8.73635376E-03
 2.90165514E-01
 1.51869232E-01
 1.00329982E-01
 3.16293130E+00
 1.09496310E-01
 2.78451157E-02
 4.54405992E-02
 9.39213429E-02
 2.81737687E-02
 1.81705843E-02
 8.01813845E-02
 9.25253372E-02
 1.19425193E-01
 9.03099156E+00
 1.50406997E-01
 7.46631774E-02
 1.53017392E-01
 1.02996645E-01
 1.18849328E-01
 2.31921803E-01
 2.72607697E-01
