 4.81213143E-01
 3.46334892E-01
 2.27231953E-01
 2.90947710E-01
 1.74960924E-02
 1.28908988E-01
 2.52138940E-01
 3.82043815E-01
 3.96048123E-01
 2.88483376E-01
 1.58955935E-01
 7.98449190E-01
 2.13151089E-01
 8.14840216E-02
 3.35851949E-01
 0.00000000E+00
 4.85154144E-01
 2.47692908E-01
 2.62022875E-02
 1.71575803E+00
 8.96513793E-01
 4.92657321E-01
 0.00000000E+00
 8.91224711E-01
 2.38458777E+00
 7.15758169E+00
 3.87277552E+01
 1.53949569E+00
 0.00000000E+00
 7.51152710E-01
 1.08295133E+00
 5.83839264E+00
 8.46401224E-01
 0.00000000E+00
 4.43992394E-01
 1.01429098E+00
 2.12158419E+00
 0.00000000E+00
 3.51552269E-03
 1.10268940E+00
 0.00000000E+00
 3.94566864E+00
 3.06414711E-01
 2.77706737E-01
 5.07732193E-02
 2.11506899E-01
 4.58523705E-02
 8.01837293E-02
 3.35712880E-01
 2.07001138E-01
 2.97377011E-01
 6.00568151E-02
 4.68927518E-01
 2.65926060E-01
 8.45095588E-02
 5.76459782E-01
 6.52331993E-01
 1.78909751E-01
 5.71874574E-01
 1.28027429E-01
 0.00000000E+00
 4.06315130E-01
 3.80477846E-01
 4.69292012E-01
 4.51181273E+00
 1.33373127E+00
 1.06533363E+01
 1.54303559E+00
 2.51044921E-01
 4.31598382E-01
 0.00000000E+00
 3.49382488E-01
 2.27493531E-01
 4.63606513E-02
 6.51686552E-02
 1.66646137E-01
 6.98217846E-02
 9.17761850E-02
 0.00000000E+00
 1.55629404E-01
 7.31282591E-02
 1.82528854E-01
 1.74912248E-01
 1.24563108E-01
 0.00000000E+00
 5.05521198E-01
 3.66799482E-02
 7.86380955E-02
 9.43366127E-02
 0.00000000E+00
 1.83304699E-01
 1.10745134E+00
 7.39492666E+00
 0.00000000E+00
 1.40918544E-01
 1.46288371E+00
 0.00000000E+00
 7.60935924E-02
 0.00000000E+00
 0.00000000E+00
 1.04890445E-01
 2.87316189E-02
 1.66415255E-01
 1.91418394E-01
 9.02202771E-02
 0.00000000E+00
 5.79887156E-03
 1.04663320E-01
 1.75306712E-01
 1.79051076E-01
 0.00000000E+00
 1.61938009E-01
 9.19231263E-02
 1.17176939E-01
 0.00000000E+00
 5.01193909E-01
 1.99561977E+00
 0.00000000E+00
 7.26094412E-01
 0.00000000E+00
 0.00000000E+00
 8.65217389E-02
 4.02003743E-02
 7.01964081E-02
 8.93116615E-02
 7.66492910E-02
 2.57884129E-01
 1.24589832E-01
 1.42083118E-01
 1.80793368E-01
 0.00000000E+00
 7.06323427E-01
 1.28819746E-01
 8.25177903E-02
 9.35374666E-02
 0.00000000E+00
 8.45520581E-02
 9.12790902E-02
 0.00000000E+00
 6.97776799E-01
 0.00000000E+00
 0.00000000E+00
 2.49055984E-01
 3.41768822E-01
 0.00000000E+00
 3.43191745E-01
 0.00000000E+00
 0.00000000E+00
 3.87629355E-01
 2.78746533E-01
 1.25397961E-01
 3.41760912E-02
 9.19928183E-01
 1.81410057E-01
 8.45850275E-02
 1.26704493E-01
 7.02917478E-02
 1.88643403E-01
 7.73648264E-02
 1.11974159E-02
 1.78874911E+00
 4.19792153E-01
 1.07651480E-02
 1.63160247E-01
 0.00000000E+00
 3.35515498E-01
 9.86447433E-02
 4.95910224E-01
 3.55456518E+00
 1.60397387E+00
 9.15604719E-01
 0.00000000E+00
 9.33214173E-01
 4.48450387E+00
 1.10355139E+01
 4.87580771E+01
 3.49442973E+01
 0.00000000E+00
 8.71931508E-01
 3.02871786E+00
 1.76548899E+01
 1.71791167E+01
 0.00000000E+00
 6.30156276E-01
 1.96252462E+00
 8.14086556E+01
 0.00000000E+00
 1.15541190E+00
 1.74022593E+00
 0.00000000E+00
 1.28005913E+00
 1.54512292E-01
 3.20988645E-01
 6.59572098E-02
 3.72428478E-01
 7.26743966E-04
 7.85403967E-03
 1.62006593E-01
 1.35554251E-01
 6.16982000E-01
 1.46121153E-01
 5.11932121E-01
 7.52767872E-02
 2.73158899E-01
 7.52759604E-01
 1.14646653E+00
 3.37512848E-01
 9.00422736E-01
 1.04098441E-01
 0.00000000E+00
 1.30559016E+00
 1.19024675E+00
 4.67983362E-01
 6.00066976E+00
 4.09115734E+00
 1.84790991E+00
 4.39891170E+00
 7.77150779E-02
 4.59341707E+01
 0.00000000E+00
 2.30599861E-01
 7.35654934E-02
 5.97138511E-03
 5.37596672E-02
 2.82860685E-01
 1.15322083E-01
 4.64976993E-02
 0.00000000E+00
 6.64074949E-02
 2.30000349E-02
 7.00014250E-02
 1.10391826E-01
 1.21467105E-01
 0.00000000E+00
 5.31058066E-01
 1.05062480E-03
 5.66035116E-03
 1.40976281E-02
 0.00000000E+00
 4.72070133E-01
 1.90916447E+00
 2.59262273E+00
 0.00000000E+00
 3.79927439E-01
 4.12856920E+00
 0.00000000E+00
 7.83873743E-01
 0.00000000E+00
 0.00000000E+00
 1.26394258E-01
 3.22546932E-02
 2.81673793E-01
 7.03001247E-01
 3.00292276E-01
 0.00000000E+00
 1.94408473E-01
 1.71304453E-01
 1.10424801E-01
 4.61325984E-02
 0.00000000E+00
 1.76789207E-02
 9.15709443E-02
 3.28495222E-02
 0.00000000E+00
 1.20551626E+00
 9.21014797E+00
 0.00000000E+00
 1.86018788E+00
 0.00000000E+00
 0.00000000E+00
 4.22589525E-02
 3.03572041E-03
 1.15509637E-01
 3.02209273E-01
 1.39075555E-01
 6.80527874E-02
 1.21127518E-01
 1.82334548E-01
 1.17741153E-01
 0.00000000E+00
 5.70893365E-01
 9.25684181E-02
 3.18903714E-03
 4.70941291E-02
 0.00000000E+00
 6.98821336E-03
 2.73662455E-01
 0.00000000E+00
 5.21997207E+00
 0.00000000E+00
 0.00000000E+00
 1.43302887E-01
 1.59318963E-01
 0.00000000E+00
 1.60839624E-01
 0.00000000E+00
 0.00000000E+00
 6.36708108E-02
 9.90131033E-02
 3.80301947E-02
 8.05258529E-03
 1.28133745E+00
 2.46871961E-01
 2.38942380E-01
 4.94090123E-01
 2.29146020E-01
 8.47308281E-02
 1.66792932E-01
 6.28027097E-02
 2.45678009E+00
 5.14646182E-01
 9.28704166E-02
 1.17752440E-01
 0.00000000E+00
 1.01129573E-01
 3.61359394E-01
 5.50041358E-01
 4.56872743E+00
 1.75620523E+00
 1.01562855E+00
 0.00000000E+00
 1.16921280E+00
 5.29623462E+00
 8.31888439E+00
 9.95132096E+00
 5.89337251E+00
 0.00000000E+00
 1.15742822E+00
 6.15861960E+00
 5.58957678E+00
 4.25192317E+01
 0.00000000E+00
 5.89864745E-01
 2.98342527E+00
 3.20099382E+00
 0.00000000E+00
 2.78702162E+00
 2.01715115E-01
 0.00000000E+00
 2.55513705E+00
 5.85783229E-02
 2.60661946E-01
 4.11348043E-02
 5.12116969E-01
 4.32176797E-02
 9.73117788E-02
 1.19645327E-01
 2.71636844E-02
 5.70940445E-01
 9.56595788E-02
 7.20887666E-01
 4.09515253E-02
 3.57256315E-01
 7.98374989E-01
 1.15438510E+00
 2.40838278E-01
 1.31183068E+00
 5.27292115E-02
 0.00000000E+00
 1.47671337E+00
 8.61416878E-01
 7.94228442E-01
 6.38121172E-01
 9.65281840E-03
 1.86205297E+00
 2.16321521E+01
 4.53585108E-01
 1.05975894E+00
 0.00000000E+00
 8.88666082E-01
 3.93341683E-02
 6.85208053E-02
 7.60147135E-03
 2.81633577E-01
 6.29680961E-02
 1.47997982E-01
 0.00000000E+00
 3.17597176E-02
 1.26099954E-01
 6.95749454E-02
 1.25921888E-01
 7.52026328E-02
 0.00000000E+00
 6.26478034E-01
 1.80226353E-01
 7.68818721E-03
 8.90576834E-02
 0.00000000E+00
 2.80733010E-01
 3.34583151E+00
 5.55702018E+00
 0.00000000E+00
 8.15268717E-01
 1.67725091E+01
 0.00000000E+00
 2.90323674E+00
 0.00000000E+00
 0.00000000E+00
 2.95275672E-01
 7.12924273E-02
 2.79828971E-01
 9.86030598E-01
 4.99858057E-01
 0.00000000E+00
 4.76496307E-01
 1.65397155E-01
 1.25682745E-01
 1.94646319E-01
 0.00000000E+00
 3.18210126E-01
 1.03746406E-01
 1.93366681E-02
 0.00000000E+00
 7.15345061E+00
 4.32186659E+00
 0.00000000E+00
 9.17452180E+00
 0.00000000E+00
 0.00000000E+00
 9.55314098E-02
 4.10309923E-02
 6.32187623E-02
 5.02611880E-01
 2.11123520E-01
 3.62707158E-02
 7.50080922E-02
 1.82666937E-01
 2.47032433E-02
 0.00000000E+00
 2.41907404E+00
 2.49720379E-01
 1.05368956E-01
 1.50322370E-01
 0.00000000E+00
 9.95404284E-02
 3.54298157E-01
 0.00000000E+00
 6.42277373E-01
 0.00000000E+00
 0.00000000E+00
 5.18055326E-01
 1.25333245E-01
 0.00000000E+00
 1.22930287E-01
 0.00000000E+00
 0.00000000E+00
 2.43290157E-01
 9.39002860E-02
 1.92327071E-02
 6.73261218E-02
 1.06822085E+00
 1.18406947E-01
 2.04768331E-01
 5.35223510E-01
 3.26120522E-01
 5.49802253E-02
 3.19986520E-02
 2.00875050E-01
 2.06456501E+00
 2.42463065E-01
 4.09862578E-02
 1.81581345E-01
 0.00000000E+00
 1.84639306E-01
 7.91589907E-02
 5.03246732E-01
 3.63938822E+00
 9.77005452E-01
 6.81314143E-01
 0.00000000E+00
 1.14156448E+00
 3.45087220E+00
 4.34962562E+00
 7.37453955E+00
 3.67806492E+00
 0.00000000E+00
 8.93334255E-01
 9.65888622E+00
 3.93974328E+00
 4.00046372E+02
 0.00000000E+00
 1.39294719E-01
 3.19052099E+00
 1.15392565E+00
 0.00000000E+00
 6.18933722E+00
 2.52182211E+00
 0.00000000E+00
 4.12524882E+00
 2.47060898E-01
 3.19047183E-01
 8.29774683E-02
 5.76535238E-01
 6.39389340E-02
 4.66286927E-02
 1.84319186E-01
 4.25344071E-01
 6.69657618E-01
 2.27603347E-01
 9.16322836E-01
 1.00003454E-01
 5.06408448E-01
 1.20779598E+00
 1.03058826E+00
 3.66651170E-01
 1.67866633E+00
 5.29487003E-02
 0.00000000E+00
 9.27579943E-01
 1.96506205E+00
 1.16587363E+01
 9.15515683E+01
 1.47503175E-01
 3.31852161E+00
 1.75831790E+01
 3.49054192E+00
 4.77910973E-01
 0.00000000E+00
 2.01654534E+00
 1.67973423E-01
 1.10665921E-01
 4.19455563E-02
 2.11567211E-01
 1.73668131E-02
 1.45332687E-01
 0.00000000E+00
 2.71683133E-01
 2.83681175E-01
 1.80353154E-01
 2.10718408E-01
 7.63275003E-02
 0.00000000E+00
 9.15904874E-01
 3.65687381E-01
 7.57382000E-02
 7.25316564E-02
 0.00000000E+00
 6.44611909E-01
 4.79255469E+00
 5.79389044E+00
 0.00000000E+00
 6.47864491E-01
 1.57532211E+01
 0.00000000E+00
 1.52107993E-02
 0.00000000E+00
 0.00000000E+00
 2.90517049E-01
 1.36791591E-01
 2.09643771E-01
 9.28612374E-01
 5.27444153E-01
 0.00000000E+00
 5.03121718E-01
 3.21779114E-02
 2.10675041E-01
 3.47943089E-01
 0.00000000E+00
 4.07198960E-01
 5.39303588E-02
 1.56546870E-02
 0.00000000E+00
 9.44481592E+01
 3.06244637E+00
 0.00000000E+00
 1.05505428E+00
 0.00000000E+00
 0.00000000E+00
 7.23109661E-02
 5.43799103E-02
 1.76955016E-02
 5.30590723E-01
 1.50499273E-01
 8.03887594E-02
 7.68608983E-02
 1.03415126E-01
 1.57566382E-01
 0.00000000E+00
 1.14331914E+01
 2.14926754E-01
 5.48155175E-02
 1.47878689E-01
 0.00000000E+00
 4.69310166E-02
 5.02622009E-01
 0.00000000E+00
 4.80086469E-01
 0.00000000E+00
 0.00000000E+00
 5.60577750E-01
 1.90855897E-01
 0.00000000E+00
 1.87022720E-01
 0.00000000E+00
 0.00000000E+00
 3.43873856E-01
 1.36965179E-01
 1.10769587E-01
 1.18577965E-02
 8.10178208E-01
 4.72265827E-03
 1.70590152E-01
 5.76361439E-01
 4.23104464E-01
 7.13873524E-02
 1.71584761E-01
 1.08417787E-01
 1.58200708E+00
 1.89586013E-02
 1.08996047E-02
 2.45410992E-01
 0.00000000E+00
 3.24247090E-01
 2.75098885E-01
 7.85805393E-02
 2.54954009E+00
 1.89062928E-01
 3.22785775E-01
 0.00000000E+00
 8.75501176E-01
 1.51400996E+00
 1.87464010E-01
 4.86019214E+00
 1.34235040E+00
 0.00000000E+00
 4.53264953E-01
 6.74766028E-01
 2.96673515E+00
 2.21571828E+01
 0.00000000E+00
 3.21264678E-01
 2.47851211E+00
 4.24416245E+00
 0.00000000E+00
 2.96144445E+01
 3.27565234E+00
 0.00000000E+00
 7.49976772E+00
 2.16733142E-01
 4.11752669E-01
 1.59139351E-02
 5.15736319E-01
 1.11874513E-01
 4.05869011E-03
 2.48997688E-01
 3.84145119E-01
 8.37369727E-01
 1.01830287E-01
 8.59185011E-01
 2.14046554E-01
 6.55552167E-01
 8.61457608E-01
 1.08816601E+00
 8.95770063E-02
 1.54956590E+00
 6.73096807E-02
 0.00000000E+00
 2.26819137E-01
 6.05929815E+00
 4.43787166E+01
 2.99216366E+00
 2.81912458E-01
 1.73301331E+00
 2.77313301E+00
 1.80575204E+02
 1.02838870E+00
 0.00000000E+00
 3.39493285E+00
 1.15483341E-01
 4.93892125E-02
 7.62935525E-02
 1.41494419E-01
 2.82373621E-02
 1.42667694E-01
 0.00000000E+00
 1.47245666E-01
 2.32849425E-01
 2.91133916E-01
 2.95512363E-01
 7.74533340E-02
 0.00000000E+00
 4.24595682E-01
 3.71927568E-01
 1.29023684E-01
 8.16287226E-02
 0.00000000E+00
 2.66653239E+00
 4.22145335E+00
 2.50078276E-01
 0.00000000E+00
 2.18623135E+00
 2.81996578E+00
 0.00000000E+00
 1.96274447E-01
 0.00000000E+00
 0.00000000E+00
 1.96191792E-01
 1.06974916E-01
 1.39452768E-01
 8.71191600E-01
 5.55031465E-01
 0.00000000E+00
 3.49199376E-01
 3.71202977E-02
 2.95662220E-01
 5.01215894E-01
 0.00000000E+00
 4.96507036E-01
 1.89063971E-01
 2.48824014E-02
 0.00000000E+00
 1.72441355E+01
 5.01165759E+00
 0.00000000E+00
 3.03626178E+00
 0.00000000E+00
 0.00000000E+00
 1.31347203E-02
 1.15042426E-01
 2.78297486E-02
 5.58570718E-01
 3.58140978E-02
 2.20362600E-01
 7.87150300E-02
 5.31272488E-02
 8.26138706E-02
 0.00000000E+00
 3.82322181E+00
 1.80129826E-01
 4.25898374E-03
 1.45435558E-01
 0.00000000E+00
 5.67396431E-03
 6.50919154E-01
 0.00000000E+00
 7.89934123E-02
 0.00000000E+00
 0.00000000E+00
 6.03105343E-01
 2.56385275E-01
 0.00000000E+00
 2.51112485E-01
 0.00000000E+00
 0.00000000E+00
 4.44479056E-01
 1.73306278E-01
 7.74628859E-02
 7.04593340E-02
 6.87398734E-01
 4.15521817E-02
 1.70624864E-01
 5.76396222E-01
 4.23133952E-01
 1.44473135E-01
 1.04950172E-01
 5.69745816E-02
 1.33498128E+00
 9.31473993E-02
 1.08867873E-02
 2.45383480E-01
 0.00000000E+00
 4.08815207E-01
 1.93036742E-01
 2.35794886E-01
 2.01988634E+00
 1.09179036E-01
 1.42807822E-01
 0.00000000E+00
 7.55467382E-01
 1.82765682E+00
 3.57299898E-01
 3.61992601E+00
 2.72500955E-01
 0.00000000E+00
 3.90680578E-01
 1.17163524E+00
 2.62358294E+00
 9.32030991E+00
 0.00000000E+00
 8.10514804E-01
 4.29931834E+01
 6.28308612E+00
 0.00000000E+00
 2.48714303E+00
 8.48507038E+00
 0.00000000E+00
 2.13497808E+01
 6.46955250E-02
 3.30433725E-02
 1.16870363E-01
 5.94337896E-01
 7.86089346E-02
 4.05822774E-03
 2.48982603E-01
 7.90830837E-02
 7.62474204E-02
 3.69173103E-01
 1.01764179E+00
 1.46782483E-01
 6.55536658E-01
 3.10699343E-01
 8.27805788E-02
 4.94788332E-01
 1.76107832E+00
 2.45907014E-02
 0.00000000E+00
 8.65719958E+00
 3.22120650E+00
 1.15941018E+00
 3.25167468E+00
 5.10454362E-01
 4.76099046E+00
 1.47886798E+00
 5.02651695E-01
 3.10821016E+00
 0.00000000E+00
 1.66505334E+01
 1.18014566E-01
 3.13470876E-01
 7.62947179E-02
 1.41545236E-01
 2.82056893E-02
 1.42677603E-01
 0.00000000E+00
 1.52506984E-01
 7.64734205E-01
 2.91111634E-01
 2.95505226E-01
 7.74938047E-02
 0.00000000E+00
 2.70134159E-01
 1.23287931E+00
 8.83343469E-02
 9.56065877E-02
 0.00000000E+00
 3.33547601E+00
 5.05046553E+00
 3.47113281E-01
 0.00000000E+00
 2.12286950E+00
 1.60786196E+00
 0.00000000E+00
 1.82213708E+00
 0.00000000E+00
 0.00000000E+00
 1.15771102E-01
 2.97050795E-01
 1.39515283E-01
 8.71262021E-01
 5.55062919E-01
 0.00000000E+00
 1.86794020E-01
 4.20903675E-01
 2.95648292E-01
 5.01079751E-01
 0.00000000E+00
 5.18697400E-01
 8.63682691E-01
 1.00699876E-02
 0.00000000E+00
 1.71387563E+01
 8.21086523E+00
 0.00000000E+00
 3.87484956E+00
 0.00000000E+00
 0.00000000E+00
 7.82365530E-02
 6.66944905E-02
 2.77837110E-02
 5.58604756E-01
 1.67424657E-01
 1.22425841E-01
 7.87923981E-02
 2.05623661E-01
 1.96022598E-01
 0.00000000E+00
 2.70978948E+00
 1.80181739E-01
 4.25843843E-03
 1.45444567E-01
 0.00000000E+00
 5.63607823E-03
 6.50857654E-01
 0.00000000E+00
 2.76017914E-01
 0.00000000E+00
 0.00000000E+00
 6.03119275E-01
 2.56351869E-01
 0.00000000E+00
 2.51052064E-01
 0.00000000E+00
 0.00000000E+00
 4.44533923E-01
 2.10352728E-01
 2.12737420E-01
 1.66905603E-01
 7.34215838E-01
 1.78732522E-02
 2.04878674E-01
 5.35321175E-01
 3.26195019E-01
 1.79166359E-01
 3.57006606E-01
 2.69748432E-01
 1.39252044E+00
 3.99305706E-02
 4.10278082E-02
 1.81498400E-01
 0.00000000E+00
 4.48999225E-01
 5.98951296E-01
 4.90582004E-01
 2.11080865E+00
 1.00976057E-01
 1.44801046E-01
 0.00000000E+00
 6.06334508E-01
 9.99958120E-01
 3.73097660E-01
 3.55487304E+00
 4.44218997E-01
 0.00000000E+00
 2.78721373E-01
 7.43381485E-01
 2.81373901E+00
 5.90109664E+00
 0.00000000E+00
 8.94510730E-01
 5.07884532E-01
 6.16084845E+01
 0.00000000E+00
 2.64289008E+00
 6.71815226E-01
 0.00000000E+00
 2.83320317E+00
 3.85506668E-02
 1.36762061E-01
 3.46945590E-02
 5.07468915E-01
 6.81275497E-02
 4.66367657E-02
 1.84267311E-01
 1.47478971E-01
 3.04003206E-01
 9.39625928E-03
 7.76771372E-01
 1.08353356E-01
 5.06373528E-01
 3.43642463E-02
 4.62478525E-01
 1.37917403E-01
 1.29856230E+00
 1.85573687E-02
 0.00000000E+00
 2.43975550E+00
 6.34934777E-01
 1.72285385E-01
 2.16651026E+00
 4.93245798E-01
 5.61601881E+00
 4.22697330E-01
 5.45846791E-01
 1.13634731E+01
 0.00000000E+00
 6.16765250E-01
 1.94181277E-02
 3.17987410E-01
 4.19431487E-02
 2.11729529E-01
 1.74665415E-02
 1.45362570E-01
 0.00000000E+00
 2.66209994E-02
 7.00623844E-01
 1.80282951E-01
 2.10701748E-01
 7.64490802E-02
 0.00000000E+00
 5.57752819E-02
 1.07388815E+00
 1.61848978E-01
 5.96220750E-03
 0.00000000E+00
 3.82368606E+00
 2.06179932E+00
 1.24912639E-01
 0.00000000E+00
 2.75712999E+00
 7.40432288E+00
 0.00000000E+00
 8.53043109E+01
 0.00000000E+00
 0.00000000E+00
 6.56309868E-02
 2.81883763E-01
 2.09840339E-01
 9.28828360E-01
 5.27537709E-01
 0.00000000E+00
 4.89080929E-02
 3.24415725E-01
 2.10642087E-01
 3.47572376E-01
 0.00000000E+00
 5.26640604E-01
 6.89729498E-01
 9.22436494E-02
 0.00000000E+00
 1.46783601E+02
 2.40101158E+00
 0.00000000E+00
 1.60388445E+01
 0.00000000E+00
 0.00000000E+00
 1.18914538E-01
 5.31663349E-02
 1.78371715E-02
 5.30692306E-01
 2.36099106E-01
 7.80028990E-02
 7.70934952E-02
 3.43043968E-01
 1.66137712E-01
 0.00000000E+00
 2.73092976E+00
 2.15087750E-01
 5.48190959E-02
 1.47905829E-01
 0.00000000E+00
 4.70397116E-02
 5.02475297E-01
 0.00000000E+00
 5.51761490E-01
 0.00000000E+00
 0.00000000E+00
 5.60612239E-01
 1.90746148E-01
 0.00000000E+00
 1.86847383E-01
 0.00000000E+00
 0.00000000E+00
 3.44006245E-01
 2.08018495E-01
 1.33979385E-01
 3.01484435E-03
 1.08879203E+00
 1.84992966E-01
 2.39136631E-01
 4.94241755E-01
 2.29246900E-01
 1.34884112E-01
 1.79495556E-01
 5.26124099E-02
 2.06905473E+00
 3.89886991E-01
 9.29448239E-02
 1.17613507E-01
 0.00000000E+00
 2.68558952E-01
 2.81244231E-01
 8.80388016E-02
 3.21597528E+00
 6.70897817E-01
 1.46795312E-01
 0.00000000E+00
 5.58040501E-01
 3.14465945E-01
 6.00541180E-01
 5.01870728E+00
 1.17704167E+00
 0.00000000E+00
 6.82580588E-01
 1.93978505E+00
 6.05336249E+00
 6.27613921E+00
 0.00000000E+00
 1.93645819E-01
 3.14403591E+00
 6.92344062E+00
 0.00000000E+00
 2.08044503E+00
 1.46365991E-01
 0.00000000E+00
 2.35853468E+00
 3.06051039E-02
 2.12643019E-01
 3.28812907E-02
 5.09812477E-01
 3.27381144E-02
 9.73363730E-02
 1.19547829E-01
 1.50774671E-01
 4.75787158E-01
 7.91465338E-02
 7.15834985E-01
 1.95986576E-02
 3.57217471E-01
 9.01913235E-02
 7.53967464E-01
 1.99920726E-01
 1.24602887E+00
 6.65598032E-02
 0.00000000E+00
 1.87771309E+01
 1.07009408E+00
 1.17813165E-01
 1.88256260E+00
 8.36608389E-01
 3.28181046E+01
 3.47727771E-01
 6.05155905E-01
 2.72027323E-01
 0.00000000E+00
 5.06839795E-01
 2.88673197E-02
 2.52233246E-01
 7.58762078E-03
 2.81920549E-01
 6.31421545E-02
 1.48048043E-01
 0.00000000E+00
 1.04543289E-01
 4.94915649E-01
 6.94523405E-02
 1.25902032E-01
 7.54055238E-02
 0.00000000E+00
 4.22616015E-01
 8.73762855E-01
 1.32544919E-01
 1.17835101E-02
 0.00000000E+00
 2.46674086E+01
 1.85898880E+00
 1.63145344E-01
 0.00000000E+00
 1.26847127E+00
 1.32209945E+01
 0.00000000E+00
 2.66421280E+00
 0.00000000E+00
 0.00000000E+00
 1.26719986E-02
 2.31128922E-01
 2.80171617E-01
 9.86398439E-01
 5.00012627E-01
 0.00000000E+00
 1.45737177E-01
 1.56025461E-01
 1.25642522E-01
 1.94091299E-01
 0.00000000E+00
 5.88909763E-01
 5.55194037E-01
 5.45311514E-02
 0.00000000E+00
 1.28278008E+01
 1.47206258E+00
 0.00000000E+00
 3.04690293E+00
 0.00000000E+00
 0.00000000E+00
 1.54837009E-01
 4.04869983E-02
 6.34607993E-02
 5.02780279E-01
 2.95159391E-01
 3.53047498E-02
 7.53965378E-02
 5.48681474E-01
 1.87456845E-01
 0.00000000E+00
 4.17671101E+00
 2.49997464E-01
 1.05383601E-01
 1.50367778E-01
 0.00000000E+00
 9.97132904E-02
 3.54116658E-01
 0.00000000E+00
 8.33550746E-01
 0.00000000E+00
 0.00000000E+00
 5.18100622E-01
 1.25134436E-01
 0.00000000E+00
 1.22647906E-01
 0.00000000E+00
 0.00000000E+00
 2.43457116E-01
 3.69409545E-01
 1.93822883E-01
 7.93308092E-02
 7.98933754E-01
 1.38892908E-01
 8.47599649E-02
 1.26792085E-01
 7.02327610E-02
 3.71557090E-01
 2.15741366E-01
 7.96447112E-02
 1.54487075E+00
 3.33941859E-01
 1.07655503E-02
 1.63403009E-01
 0.00000000E+00
 4.65125755E-01
 2.36015415E-01
 1.57557572E-02
 2.47381562E+00
 5.94647295E-01
 4.47734839E-02
 0.00000000E+00
 6.00767640E-01
 2.40061010E-01
 4.39396052E-01
 3.78494463E+00
 8.78830187E-01
 0.00000000E+00
 7.00533686E-01
 2.14000163E+00
 7.02215193E+00
 4.71189877E+00
 0.00000000E+00
 4.39192813E-01
 3.01517833E+00
 1.59620769E+00
 0.00000000E+00
 2.74400861E+00
 2.16351909E+00
 0.00000000E+00
 2.42962237E+00
 1.85803301E-01
 1.38373839E-01
 4.28094544E-02
 3.65809966E-01
 9.59929286E-05
 7.87322334E-03
 1.62172917E-01
 1.99793847E-01
 2.51196504E-01
 9.95290533E-02
 4.98298747E-01
 7.42412263E-02
 2.73088885E-01
 2.30890747E-01
 2.93205077E-01
 8.25404024E-02
 9.17354746E-01
 1.13943388E-01
 0.00000000E+00
 9.80810443E-02
 3.80036539E-01
 2.41208732E-01
 1.33653541E+00
 9.87186970E-01
 5.46070960E+00
 3.54792876E-01
 1.34733031E+00
 5.31190639E-02
 0.00000000E+00
 8.84853337E-01
 3.33669952E-02
 4.02249636E-01
 5.38589420E-02
 2.83229413E-01
 1.15607689E-01
 4.65403641E-02
 0.00000000E+00
 1.30836670E-02
 7.98075685E-01
 7.00178610E-02
 1.10541984E-01
 1.21794312E-01
 0.00000000E+00
 3.46133318E-01
 1.29573520E+00
 1.15712023E-01
 7.39159420E-02
 0.00000000E+00
 1.95196468E+00
 1.99549953E+00
 2.56440333E-01
 0.00000000E+00
 2.54438115E+00
 9.92543103E+01
 0.00000000E+00
 1.33290060E-01
 0.00000000E+00
 0.00000000E+00
 1.12608671E-01
 3.17949548E-01
 2.82136760E-01
 7.03336263E-01
 3.00440178E-01
 0.00000000E+00
 2.88906344E-01
 4.04583731E-01
 1.10664771E-01
 4.65840866E-02
 0.00000000E+00
 2.88132421E-01
 8.19357101E-01
 1.18319923E-01
 0.00000000E+00
 1.30916590E+01
 1.32385686E+00
 0.00000000E+00
 1.26723534E-01
 0.00000000E+00
 0.00000000E+00
 1.52644370E-01
 5.14287816E-02
 1.15926076E-01
 3.02398037E-01
 2.55135067E-01
 1.78352810E-01
 1.21742079E-01
 4.42271989E-01
 3.52813845E-01
 0.00000000E+00
 1.36602619E+01
 9.27514104E-02
 3.19321864E-03
 4.71399245E-02
 0.00000000E+00
 6.92597535E-03
 2.73342406E-01
 0.00000000E+00
 6.25700275E-01
 0.00000000E+00
 0.00000000E+00
 1.43267974E-01
 1.59531071E-01
 0.00000000E+00
 1.61227949E-01
 0.00000000E+00
 0.00000000E+00
 6.34080476E-02
 6.31506674E-01
 5.34131753E-01
 2.80581588E-01
 2.42383455E-01
 3.71549054E-02
 1.28869519E-01
 2.52199322E-01
 3.82090869E-01
 6.98137479E-01
 6.65891548E-01
 2.66008108E-01
 7.00633541E-01
 1.73558931E-01
 8.14913895E-02
 3.36087502E-01
 0.00000000E+00
 8.30859303E-01
 8.74672111E-01
 3.09549582E-01
 1.13948752E+00
 2.62830091E-01
 9.16627368E-02
 0.00000000E+00
 1.02583133E+00
 1.23479286E+00
 2.45346488E-01
 1.56592023E+00
 1.38658576E-01
 0.00000000E+00
 4.18996710E-01
 2.27386854E-01
 4.18865695E+00
 3.05524079E+00
 0.00000000E+00
 1.97718708E-01
 5.60117663E-01
 4.48389641E-01
 0.00000000E+00
 9.03702095E+00
 1.63106260E+00
 0.00000000E+00
 3.95223448E+00
 3.85332724E-01
 2.64505159E-01
 1.18720897E-01
 2.87555464E-01
 6.74039552E-02
 8.01834512E-02
 3.35865593E-01
 3.66474606E-01
 2.71475770E-01
 4.01642659E-01
 6.22400801E-01
 3.09786419E-01
 8.42774968E-02
 3.67034117E-01
 3.45425293E-01
 6.03337161E-01
 9.05770673E-01
 2.25849393E-01
 0.00000000E+00
 2.42231830E-01
 5.29631416E-01
 1.09998505E+00
 1.09054043E+00
 3.17782775E+00
 9.17864976E-01
 3.69342746E-01
 3.44780697E+00
 1.61080673E+00
 0.00000000E+00
 1.83455348E+00
 2.01073293E-01
 2.43218529E-02
 6.53444415E-02
 1.67043024E-01
 7.01213264E-02
 9.17809241E-02
 0.00000000E+00
 1.03622286E-01
 2.14708041E-01
 1.83001686E-01
 1.75464533E-01
 1.24944494E-01
 0.00000000E+00
 8.06196693E-02
 2.23206308E-01
 8.50458123E-02
 1.29528768E-01
 0.00000000E+00
 9.12985730E-01
 1.08114865E-01
 2.18320919E-01
 0.00000000E+00
 2.49391014E+00
 4.11537871E+00
 0.00000000E+00
 7.99706200E-02
 0.00000000E+00
 0.00000000E+00
 2.54213170E-01
 6.77026981E-02
 1.66953470E-01
 1.91700619E-01
 9.01262878E-02
 0.00000000E+00
 2.96233269E-01
 1.82679652E-01
 1.76086241E-01
 1.79011387E-01
 0.00000000E+00
 4.55078501E-02
 1.93199257E-01
 1.51142023E-01
 0.00000000E+00
 1.30272060E+00
 9.90614638E-02
 0.00000000E+00
 1.92971436E+00
 0.00000000E+00
 0.00000000E+00
 1.97822447E-01
 3.01973326E-02
 7.06451023E-02
 8.91735347E-02
 1.48563186E-01
 2.37579407E-01
 1.25257189E-01
 1.77628096E-01
 1.37238591E-01
 0.00000000E+00
 6.20654709E+00
 1.28534498E-01
 8.22034264E-02
 9.35190869E-02
 0.00000000E+00
 8.42420415E-02
 9.04859979E-02
 0.00000000E+00
 2.24252784E-01
 0.00000000E+00
 0.00000000E+00
 2.48960270E-01
 3.41642421E-01
 0.00000000E+00
 3.43243868E-01
 0.00000000E+00
 0.00000000E+00
 3.87214506E-01
