 7.54900565E-02
 4.57916034E-03
 6.49716510E-02
 1.79878977E-01
 1.11639669E-01
 6.76183321E-03
 5.63486101E-03
 1.37490609E-01
 4.54205088E-03
 4.36534574E-03
 2.92671187E-02
 1.20088532E-01
 5.64874516E-02
 1.25845229E-02
 1.10818933E-02
 2.27084899E-01
 6.98994469E-02
 2.65469438E-02
 2.87717332E-02
 1.11975683E-01
 6.84496226E-02
 2.98225097E-02
 1.18861764E-01
 2.23144648E-01
 1.31756194E-01
 1.02156350E-01
 2.94471173E-01
 1.54910064E-01
 4.90011624E-02
 1.50099964E-01
 5.95406669E-02
 6.07884200E-02
 1.43104281E-01
 2.84789813E-01
 4.83020495E-02
 4.31876494E-02
 3.46369154E-02
 6.55541990E-02
 9.52554336E-02
 3.54403322E-02
 1.40220344E-01
 1.10656894E-01
 7.35049662E-02
 5.27081738E-03
 6.40858676E-02
 1.65587248E-01
 1.00534944E-01
 9.20360631E-03
 5.98234410E-02
 8.51223143E-03
 2.98203166E-03
 2.74955520E-02
 9.15050745E-02
 3.42780019E-02
 1.84072126E-02
 7.71038451E-02
 2.92191068E-02
 2.36020643E-02
 5.22936038E-02
 2.42098731E-03
 9.13802333E-02
 2.11220002E-01
 1.07318333E-01
 4.57553957E-02
 8.80310721E-02
 1.35769195E-01
 4.02098996E-02
 1.87306955E-03
 1.51645083E-02
 1.48802257E-02
 1.20334541E-01
 3.32735238E-02
 5.50004254E-02
 2.97436394E-02
 8.34030953E-02
 1.93843510E-01
 1.13700404E-01
 5.45955422E-02
 1.59028300E-01
 3.90099181E-02
 3.29408224E-02
 4.49679737E-02
 1.08197914E-01
 1.81596353E-02
 9.84222389E-02
 1.15688422E-01
 6.27128007E-02
 7.00136974E-03
 3.39812107E-02
 1.52823155E-01
 2.59229744E-01
 1.46492746E-01
 3.74478080E-02
 1.05752441E-01
 1.53922197E-01
 3.19934254E-02
 1.64582416E-01
 7.86046097E-02
 1.36283039E-01
 2.83144122E-01
 7.68914721E-03
 8.31944260E-02
 1.45382633E-01
 2.99213051E-01
 1.46319201E-01
 1.11758077E-01
 1.07273847E-01
 8.71251405E-02
 8.11484357E-02
 1.54492968E-01
 1.13635076E-01
 2.16680690E-01
 1.22244864E-01
 2.84809934E-02
 1.05035226E-01
 4.10014913E-01
 2.20963256E-01
 1.17572045E-01
 2.00916798E-01
 1.08094362E-01
 2.01551917E-01
 5.28059115E-02
 2.63845343E-02
 6.82202422E-02
 1.17055361E-01
 4.35992964E-02
 2.66233135E-02
 1.08957812E-02
 1.19148629E-01
 3.16199437E-02
 1.18581862E-01
 1.76248593E-01
 1.21468511E-01
 3.91354430E-02
 7.71349862E-02
 1.37741047E-01
 3.75776434E-02
 3.05623961E-02
 1.15952918E-01
 7.14995642E-02
 1.13351832E-01
 1.82821998E-01
 1.64485979E-01
 1.08547721E-01
 2.22067189E-01
 1.04865486E-01
 1.64396076E-01
 2.60834714E-01
 2.99945327E-01
 2.23342850E-02
 4.70251811E-04
 6.41676589E-03
 3.32432659E-02
 9.53211927E-02
 2.93012772E-02
 8.11419985E-02
 6.76183321E-03
 4.09757066E-03
 9.40503621E-04
 1.43361614E-02
 6.38134770E-03
 1.93426109E-02
 4.09466566E-02
 5.14650639E-02
 1.38617581E-01
 5.73372274E-03
 8.34818711E-03
 1.11502773E-03
 1.99967345E-02
 5.44760903E-02
 8.52410895E-03
 6.06885584E-02
 3.50696056E-02
 1.22647827E-03
 1.93662011E-02
 1.20100638E-01
 1.21402023E-01
 3.61356650E-02
 1.31327443E-01
 1.60106801E-02
 5.11438739E-02
 1.10155887E-01
 2.23702553E-01
 6.10934850E-02
 7.42094637E-02
 7.12681920E-03
 5.11554251E-02
 1.80689145E-01
 9.92097976E-02
 6.85492187E-02
 6.88367335E-02
 2.14833052E-02
 2.71128741E-04
 1.11439498E-02
 3.60063306E-02
 8.56391706E-02
 2.55447032E-02
 3.00525920E-02
 2.39561113E-03
 5.42257481E-04
 2.37905291E-02
 1.19074771E-02
 2.14334585E-05
 1.18332081E-02
 2.74201002E-03
 1.80719320E-02
 2.89316444E-02
 4.07710820E-02
 1.50743288E-02
 5.52141998E-02
 3.93496597E-02
 6.22692204E-03
 4.06323996E-02
 7.50623288E-02
 1.20158181E-01
 1.39553386E-03
 1.38345754E-02
 6.53494929E-02
 2.83953637E-02
 7.68292790E-02
 1.07519661E-01
 1.56344333E-02
 1.08435466E-02
 1.84085548E-02
 6.72434800E-02
 1.18833226E-01
 2.07863762E-02
 8.99073378E-02
 9.80300920E-03
 2.26888463E-02
 3.84449583E-02
 5.82285077E-02
 2.21643235E-02
 5.58477335E-02
 1.94548599E-02
 4.31678343E-02
 4.98895088E-04
 5.56056282E-03
 1.26462115E-01
 8.50093422E-02
 6.98931338E-02
 6.05371709E-03
 3.28332331E-02
 1.60446305E-01
 2.88507112E-02
 1.38194136E-01
 3.40848787E-02
 8.47638743E-02
 1.88119924E-01
 3.30232691E-04
 1.91788637E-02
 5.04326100E-02
 1.59185186E-01
 1.83039189E-01
 5.93538693E-02
 2.48842378E-02
 8.30513529E-03
 4.36713807E-02
 8.78106421E-02
 1.31573763E-01
 6.95054966E-02
 5.20588445E-02
 1.77049033E-03
 2.34298458E-02
 2.12148990E-01
 1.13735145E-01
 2.56687814E-02
 2.42962666E-01
 1.36982030E-01
 1.48681411E-01
 2.44637174E-02
 3.42618776E-02
 7.12999357E-02
 1.46431351E-01
 5.52384791E-02
 3.84526036E-06
 1.32985941E-02
 1.16159820E-01
 1.98438375E-02
 9.79817363E-02
 2.13856170E-01
 5.82715346E-03
 3.58875863E-02
 2.64212372E-02
 8.25194090E-02
 3.70559360E-02
 2.05605470E-02
 6.83696469E-02
 1.74456533E-02
 6.10859835E-02
 1.29973548E-01
 1.16847486E-02
 3.68139595E-02
 1.15165826E-01
 4.00057535E-02
 9.19833292E-02
 1.57442405E-01
 7.23005241E-02
 6.28039174E-04
 1.63831166E-04
 5.62938012E-05
 2.21195606E-04
 1.02429354E-01
 1.12697220E-02
 4.50788881E-02
 3.94440270E-02
 1.25607835E-03
 3.27662332E-04
 1.86702824E-02
 8.94904380E-03
 2.45431565E-02
 3.09917355E-02
 1.14575507E-02
 1.30165289E-01
 1.22957255E-02
 1.50949141E-02
 1.15060326E-03
 3.24061525E-03
 6.09571905E-02
 8.47514448E-03
 5.78319563E-02
 8.62500508E-03
 5.52392717E-03
 3.78713263E-03
 2.38375545E-03
 9.59582056E-02
 3.99874126E-02
 1.42526817E-01
 2.14521698E-02
 5.85198478E-02
 8.71744990E-02
 1.78101528E-01
 1.40156687E-02
 4.66030487E-02
 9.93079824E-03
 5.39089015E-02
 9.73738647E-02
 1.20874272E-02
 7.01363314E-02
 1.02759752E-01
 5.14063582E-04
 1.01575377E-05
 5.51433926E-03
 2.76649328E-03
 9.01512280E-02
 3.24004508E-02
 4.63936890E-02
 1.02812716E-03
 2.03150755E-05
 2.98115485E-02
 1.49244216E-02
 1.30963033E-05
 1.92524418E-02
 5.64332887E-03
 2.54755907E-02
 3.60652946E-02
 4.18114258E-02
 3.03262874E-02
 3.17737947E-02
 5.26122835E-03
 1.10312750E-02
 4.41126383E-02
 3.90251230E-02
 1.28097312E-01
 1.04605664E-03
 3.10468053E-02
 7.09817947E-02
 3.50503119E-02
 4.86785850E-02
 1.35523958E-01
 4.93072390E-04
 8.32304593E-03
 1.88303380E-03
 9.39428309E-03
 1.23967892E-01
 1.51515152E-02
 7.20636113E-02
 5.27481190E-03
 2.91680052E-02
 4.50883817E-02
 5.51021149E-02
 4.09485554E-02
 3.08039068E-02
 6.26714845E-03
 4.98409824E-02
 1.66186030E-03
 7.07607278E-03
 1.11999634E-01
 5.44330449E-03
 6.30857941E-02
 7.04835627E-03
 3.23406647E-02
 1.67521225E-01
 4.81237053E-02
 1.22192435E-01
 2.93409407E-02
 5.78041449E-02
 1.60705217E-01
 5.87693757E-04
 2.98312222E-03
 7.04571232E-03
 3.52191629E-02
 1.76371577E-01
 5.68181818E-02
 1.17247124E-03
 1.06619619E-02
 4.13265862E-02
 3.28725858E-02
 1.47350761E-01
 2.00185449E-03
 4.13523365E-02
 5.30857827E-03
 2.59206774E-02
 4.20284014E-02
 3.44029503E-02
 2.65574644E-02
 2.35947350E-01
 1.58705370E-01
 1.46377595E-01
 4.77067116E-02
 3.60644683E-02
 7.43807349E-02
 1.41097261E-01
 5.93503128E-02
 2.71580876E-06
 2.45691332E-02
 1.15569841E-01
 2.59830531E-02
 8.70764542E-02
 2.09361837E-01
 9.39143501E-03
 4.32006011E-02
 1.51515152E-02
 7.57575758E-02
 4.32006011E-02
 2.56699224E-02
 4.64562985E-02
 1.26423216E-02
 4.32908163E-02
 1.25551775E-01
 3.36813226E-02
 5.30213588E-02
 8.45765804E-02
 5.40536401E-02
 1.23966942E-01
 1.26483222E-01
 1.24547112E-02
 4.93169902E-04
 1.08660797E-04
 3.80578672E-05
 1.39147982E-04
 6.14538551E-02
 6.76183321E-03
 3.94440270E-02
 4.84598047E-02
 9.86339804E-04
 2.17321593E-04
 1.11936063E-02
 5.35656504E-03
 1.47183788E-02
 4.13223140E-02
 2.21637866E-02
 1.11570248E-01
 9.25381460E-03
 8.89026082E-03
 4.43229345E-04
 1.77118766E-03
 5.52805392E-02
 8.24910502E-03
 5.48336942E-02
 7.14641065E-03
 2.63315961E-03
 1.40558052E-03
 1.20206295E-03
 8.88978996E-02
 4.22497889E-02
 8.49634417E-02
 1.27479474E-02
 5.36963464E-02
 8.34825363E-02
 1.82487822E-01
 5.75215392E-03
 6.63780512E-02
 1.04209136E-02
 5.47140419E-02
 8.71032797E-02
 2.50217541E-02
 6.84103458E-02
 1.18551572E-01
 3.35548108E-04
 1.79300945E-05
 3.27870777E-03
 1.65190120E-03
 5.40887373E-02
 4.01014275E-02
 6.35800150E-02
 6.71096216E-04
 3.58601891E-05
 1.78271376E-02
 8.93866340E-03
 1.18567956E-05
 3.42787378E-02
 4.79696689E-03
 1.50060420E-02
 2.60054768E-02
 3.66057273E-02
 3.55764197E-02
 2.23669875E-02
 5.07319174E-03
 5.75908803E-03
 3.97879322E-02
 3.80966498E-02
 7.67656878E-02
 7.95360761E-04
 3.64284002E-02
 8.51654934E-02
 5.97455433E-02
 3.35839961E-02
 1.69325861E-01
 3.45109389E-04
 4.81548567E-03
 1.12920905E-03
 5.63620312E-03
 9.64191802E-02
 1.51515152E-02
 6.83070373E-02
 3.06635523E-03
 1.71441194E-02
 3.25614484E-02
 4.82120506E-02
 4.77093846E-02
 2.45429502E-02
 5.08908332E-03
 3.52677751E-02
 1.59477894E-03
 7.05797546E-03
 9.69668133E-02
 1.30338036E-03
 5.49825031E-02
 5.90356147E-03
 3.01072724E-02
 1.27939213E-01
 5.46063751E-02
 1.05244032E-01
 3.00352800E-02
 4.74525687E-02
 1.51858087E-01
 4.82340067E-04
 1.69584704E-03
 4.22715234E-03
 2.11313327E-02
 1.58715453E-01
 5.68181818E-02
 4.44035117E-04
 6.20912459E-03
 3.61590380E-02
 3.00537999E-02
 1.44815525E-01
 4.69649619E-04
 3.57403005E-02
 5.27897258E-03
 2.59128822E-02
 2.30832331E-02
 3.12231694E-02
 2.50684618E-02
 2.10448463E-01
 1.57057012E-01
 1.45826748E-01
 2.86258668E-02
 2.16384861E-02
 5.78515081E-02
 1.26972362E-01
 3.56138673E-02
 1.23967161E-06
 2.86256308E-02
 8.53841842E-02
 2.86941694E-02
 7.50501973E-02
 1.86686559E-01
 5.63486101E-03
 5.34685700E-02
 1.51515152E-02
 7.57575758E-02
 5.34685700E-02
 4.57049837E-02
 3.39343852E-02
 1.41977124E-02
 3.22639304E-02
 1.24960516E-01
 3.19214171E-02
 7.26628743E-02
 7.81367393E-02
 7.40392494E-02
 1.23966942E-01
 1.10358729E-01
 2.79699179E-02
 3.34372586E-04
 4.77891141E-05
 1.72889505E-05
 4.58774529E-05
 2.04828319E-02
 2.25394440E-03
 3.38091660E-02
 5.74755823E-02
 6.68745172E-04
 9.55782283E-05
 3.72199610E-03
 1.78653210E-03
 4.90255330E-03
 5.16528926E-02
 3.28700225E-02
 9.29752066E-02
 5.78735488E-03
 2.72571500E-03
 2.84615278E-04
 6.95726841E-04
 4.93189167E-02
 8.23556058E-03
 5.20054282E-02
 5.60207962E-03
 5.97052707E-04
 1.40298815E-03
 2.79832083E-03
 8.41751379E-02
 4.16971976E-02
 2.70015848E-02
 3.75432480E-03
 4.87160460E-02
 8.03082428E-02
 1.85543573E-01
 2.99417270E-03
 8.57925397E-02
 1.10692499E-02
 5.55736158E-02
 7.59199104E-02
 3.70510228E-02
 6.68026920E-02
 1.33865127E-01
 1.39666350E-04
 2.00013382E-05
 1.04423098E-03
 5.41640604E-04
 1.80279661E-02
 4.78024042E-02
 8.07663411E-02
 2.79332701E-04
 4.00026764E-05
 5.84503596E-03
 2.96156821E-03
 7.17831597E-06
 4.93050338E-02
 3.39358138E-03
 4.88092058E-03
 1.57993939E-02
 3.13447761E-02
 4.08105970E-02
 1.29601803E-02
 4.57496539E-03
 6.56300748E-04
 3.55963427E-02
 2.95025270E-02
 2.49910065E-02
 5.68201878E-04
 4.19823746E-02
 9.93063402E-02
 8.45676441E-02
 1.81767055E-02
 2.03107417E-01
 1.88390722E-04
 1.31391799E-03
 3.75657400E-04
 1.87828700E-03
 6.88705234E-02
 1.51515152E-02
 6.45504633E-02
 8.75409892E-04
 5.13221864E-03
 2.00350614E-02
 4.13223140E-02
 5.44703231E-02
 1.82819935E-02
 3.32302906E-03
 2.11561368E-02
 1.52196884E-03
 7.00749254E-03
 8.19210046E-02
 2.63736665E-03
 4.70020419E-02
 4.63072990E-03
 3.10241838E-02
 8.78226869E-02
 6.12160181E-02
 8.79176331E-02
 3.07467019E-02
 3.68706621E-02
 1.42783206E-01
 3.81083006E-04
 4.15365387E-04
 1.40871525E-03
 7.04357626E-03
 1.41059354E-01
 5.68181818E-02
 2.92594262E-04
 1.76987428E-03
 3.09917355E-02
 2.72351615E-02
 1.42280240E-01
 2.41646900E-03
 3.05500921E-02
 5.27940112E-03
 2.59100807E-02
 3.85513073E-03
 2.80890922E-02
 2.35090510E-02
 1.84412200E-01
 1.55419423E-01
 1.45309116E-01
 9.54344246E-03
 7.21456376E-03
 4.13223140E-02
 1.12847483E-01
 1.18742628E-02
 3.88333384E-06
 3.26821938E-02
 5.57575793E-02
 3.18396270E-02
 6.30339260E-02
 1.63720769E-01
 1.87828700E-03
 6.37365389E-02
 1.51515152E-02
 7.57575758E-02
 6.37365389E-02
 6.57400451E-02
 2.14124718E-02
 1.52728975E-02
 2.08693340E-02
 1.24094392E-01
 3.01615116E-02
 9.23043898E-02
 7.16968981E-02
 9.40248586E-02
 1.23966942E-01
 9.33103088E-02
 4.34851247E-02
 2.99718921E-04
 3.60006519E-05
 1.04134935E-05
 1.51036264E-05
 2.03557764E-02
 2.25394440E-03
 3.38091660E-02
 5.74755823E-02
 5.99437842E-04
 7.20013038E-05
 3.73574702E-03
 1.84807975E-03
 4.64844229E-03
 5.16528926E-02
 3.28700225E-02
 9.29752066E-02
 4.05538527E-03
 3.49058779E-03
 2.44071481E-05
 3.28876709E-05
 4.91655630E-02
 8.26446281E-03
 5.20285500E-02
 5.01667554E-03
 3.16251903E-04
 4.29240054E-03
 2.81421175E-03
 8.39982269E-02
 4.13223140E-02
 2.38162493E-02
 3.47525030E-03
 4.88205117E-02
 8.18484481E-02
 1.83583248E-01
 2.49679955E-03
 8.61588062E-02
 1.12097239E-02
 5.60507087E-02
 7.63087303E-02
 3.68681168E-02
 6.75900860E-02
 1.33805676E-01
 8.90197528E-05
 1.38989140E-05
 9.13093008E-04
 4.75917333E-04
 1.80287858E-02
 4.78024042E-02
 8.07663411E-02
 1.78039506E-04
 2.77978280E-05
 5.58276002E-03
 2.83012167E-03
 5.53878922E-06
 4.93050338E-02
 1.76591292E-03
 5.53645908E-03
 1.55715197E-02
 3.15445764E-02
 4.09662261E-02
 1.29601803E-02
 3.88986633E-03
 1.34070428E-03
 3.15923688E-02
 2.65618256E-02
 2.22218076E-02
 4.31337843E-04
 4.26509483E-02
 9.94117153E-02
 8.51153870E-02
 1.77596682E-02
 2.02135550E-01
 1.49142329E-04
 1.04036152E-03
 3.75657400E-04
 1.87828700E-03
 6.88705234E-02
 1.51515152E-02
 6.45504633E-02
 9.53906677E-04
 4.58510571E-03
 2.00350614E-02
 4.13223140E-02
 5.44703231E-02
 1.82819935E-02
 2.04323326E-03
 2.08340472E-02
 1.44199078E-03
 6.80089143E-03
 8.18417075E-02
 2.14918406E-03
 4.71610839E-02
 5.99289225E-03
 3.55479851E-02
 8.53616134E-02
 6.12746300E-02
 8.60114832E-02
 3.05153617E-02
 3.60198947E-02
 1.41015667E-01
 3.61166868E-04
 3.14557351E-04
 1.40871525E-03
 7.04357626E-03
 1.41059354E-01
 5.68181818E-02
 2.52761985E-04
 1.56825820E-03
 3.09917355E-02
 2.72351615E-02
 1.42280240E-01
 1.76101249E-03
 3.05611007E-02
 5.29830473E-03
 2.58500465E-02
 3.30418262E-03
 2.88591156E-02
 2.02039333E-02
 1.82522494E-01
 1.54780061E-01
 1.44219736E-01
 8.73181341E-03
 7.21432617E-03
 4.13223140E-02
 1.12847483E-01
 1.02510047E-02
 3.40815673E-06
 3.26821938E-02
 5.30303794E-02
 3.14669819E-02
 6.30497744E-02
 1.62468045E-01
 1.87828700E-03
 6.37365389E-02
 1.51515152E-02
 7.57575758E-02
 6.37365389E-02
 6.57400451E-02
 2.14124718E-02
 1.58085592E-02
 2.14085658E-02
 1.22774867E-01
 3.01615116E-02
 9.23043898E-02
 7.16968981E-02
 9.40248586E-02
 1.23966942E-01
 8.20262480E-02
 4.34851247E-02
 3.86245510E-04
 7.24463268E-05
 1.98099829E-05
 4.69083831E-05
 6.10727632E-02
 6.76183321E-03
 3.94440270E-02
 4.84598047E-02
 7.72491019E-04
 1.44892654E-04
 1.12301020E-02
 5.54104424E-03
 1.39561950E-02
 4.13223140E-02
 2.21637866E-02
 1.11570248E-01
 4.17937526E-03
 1.11359193E-02
 4.09732046E-04
 3.98315729E-04
 5.48604495E-02
 8.26446281E-03
 5.48459805E-02
 5.41651721E-03
 7.41260755E-05
 4.62629789E-03
 1.18826166E-03
 8.82074201E-02
 4.13223140E-02
 7.58300242E-02
 1.19539834E-02
 5.40940047E-02
 8.79639918E-02
 1.76679753E-01
 7.29141492E-03
 6.73295399E-02
 1.08423358E-02
 5.61467827E-02
 8.82453308E-02
 2.44601428E-02
 7.07928544E-02
 1.18548832E-01
 1.79707524E-04
 1.22626126E-06
 2.88272429E-03
 1.45369410E-03
 5.40908890E-02
 4.01014275E-02
 6.35800150E-02
 3.59415048E-04
 2.45252252E-06
 1.70351706E-02
 8.54224921E-03
 7.55330720E-06
 3.42787378E-02
 3.22745163E-05
 1.69243862E-02
 2.53887965E-02
 3.71580271E-02
 3.60317563E-02
 2.23516153E-02
 2.95548916E-03
 5.67130244E-03
 3.42262147E-02
 3.02846429E-02
 6.91203570E-02
 4.06020195E-04
 3.83900135E-02
 8.53232137E-02
 6.09764876E-02
 3.26667362E-02
 1.66205592E-01
 2.23253514E-04
 3.99569938E-03
 1.12697220E-03
 5.63486101E-03
 9.64187328E-02
 1.51515152E-02
 6.83070373E-02
 3.31006698E-03
 1.55045468E-02
 3.25569747E-02
 4.82093664E-02
 4.77084899E-02
 2.45429502E-02
 1.35320672E-03
 3.42638743E-02
 1.28522324E-03
 6.47620489E-03
 9.67476457E-02
 2.98866890E-03
 5.57548644E-02
 1.02515176E-02
 3.57461424E-02
 1.21373700E-01
 5.46193222E-02
 9.99125746E-02
 2.93357997E-02
 4.52071208E-02
 1.46774899E-01
 4.19450415E-04
 1.39439956E-03
 4.22614576E-03
 2.11307288E-02
 1.58715252E-01
 5.68181818E-02
 5.69814422E-04
 5.60622963E-03
 3.61570248E-02
 3.00525920E-02
 1.44815928E-01
 1.41868948E-03
 3.57437806E-02
 5.27984565E-03
 2.57351893E-02
 2.20986891E-02
 3.40676474E-02
 2.31323235E-02
 2.05543202E-01
 1.55128890E-01
 1.42535492E-01
 2.61918956E-02
 2.16380689E-02
 5.78512397E-02
 1.26972201E-01
 3.07459249E-02
 4.05219562E-07
 2.86250939E-02
 7.71220486E-02
 2.75240850E-02
 7.50813671E-02
 1.83725222E-01
 5.63486101E-03
 5.34685700E-02
 1.51515152E-02
 7.57575758E-02
 5.34685700E-02
 4.57049837E-02
 3.39343852E-02
 1.58735327E-02
 3.39334184E-02
 1.21009143E-01
 3.19214171E-02
 7.26628743E-02
 7.81367393E-02
 7.40392494E-02
 1.23966942E-01
 7.69113683E-02
 2.79699179E-02
 4.61024314E-04
 1.04099255E-04
 2.71368660E-05
 6.83651081E-05
 1.01793889E-01
 1.12697220E-02
 4.50788881E-02
 3.94440270E-02
 9.22048628E-04
 2.08198509E-04
 1.87285963E-02
 9.25470480E-03
 2.32722262E-02
 3.09917355E-02
 1.14575507E-02
 1.30165289E-01
 5.18677578E-03
 1.77337201E-02
 8.90402127E-05
 4.35207156E-04
 6.01072611E-02
 8.26446281E-03
 5.76634110E-02
 9.87940937E-03
 8.48466693E-04
 3.14676072E-03
 1.77044016E-03
 9.14308591E-02
 4.13223140E-02
 1.26527602E-01
 1.84479444E-02
 5.76316625E-02
 9.18530823E-02
 1.70293765E-01
 1.67000717E-02
 4.80118104E-02
 1.05979650E-02
 5.62828786E-02
 9.93430547E-02
 1.12438305E-02
 7.41084282E-02
 1.03076860E-01
 2.58647511E-04
 2.11441836E-05
 4.85313168E-03
 2.43535138E-03
 9.01545444E-02
 3.24004508E-02
 4.63936890E-02
 5.17295023E-04
 4.22883672E-05
 2.84891334E-02
 1.42621378E-02
 6.46341566E-06
 1.92524418E-02
 1.00839188E-03
 2.76456597E-02
 3.47497660E-02
 4.18607233E-02
 3.07454463E-02
 3.17430503E-02
 2.89975746E-03
 6.51534580E-03
 4.10707439E-02
 3.33114566E-02
 1.15252907E-01
 1.69277812E-03
 3.32200460E-02
 7.10073419E-02
 3.64520341E-02
 4.76951578E-02
 1.30023562E-01
 2.89010761E-04
 6.95619641E-03
 1.87828700E-03
 9.39143501E-03
 1.23966942E-01
 1.51515152E-02
 7.20636113E-02
 5.68293515E-03
 2.64343062E-02
 4.50788881E-02
 5.50964187E-02
 4.09466566E-02
 3.08039068E-02
 1.13889076E-03
 4.73625627E-02
 1.22830550E-03
 6.74111958E-03
 1.11890246E-01
 7.99512455E-03
 5.67923370E-02
 9.59209417E-03
 3.56419271E-02
 1.57131589E-01
 4.71859374E-02
 1.14294788E-01
 2.81559543E-02
 5.45583302E-02
 1.52584490E-01
 4.78713103E-04
 2.48040865E-03
 7.04357626E-03
 3.52178813E-02
 1.76371150E-01
 5.68181818E-02
 1.39043255E-03
 9.65653480E-03
 4.13223140E-02
 3.28700225E-02
 1.47351615E-01
 4.40592620E-03
 4.08895412E-02
 5.16737464E-03
 2.58022861E-02
 4.13698518E-02
 3.33721274E-02
 2.78303898E-02
 2.28782588E-01
 1.55580054E-01
 1.40830820E-01
 4.36514295E-02
 3.60636891E-02
 7.43801653E-02
 1.41096920E-01
 5.12397485E-02
 1.15737211E-06
 2.45679940E-02
 1.01160916E-01
 2.35814176E-02
 8.70794691E-02
 2.05573792E-01
 9.39143501E-03
 4.32006011E-02
 1.51515152E-02
 7.57575758E-02
 4.32006011E-02
 2.56699224E-02
 4.64562985E-02
 1.59418242E-02
 4.64543650E-02
 1.19122778E-01
 3.36813226E-02
 5.30213588E-02
 8.45765804E-02
 5.40536401E-02
 1.23966942E-01
 8.38281550E-02
 1.24547112E-02
 2.15450617E-02
 1.86293868E-04
 6.62798842E-03
 3.36385561E-02
 9.49197382E-02
 2.93012772E-02
 8.11419985E-02
 6.76183321E-03
 2.51912413E-03
 3.72587735E-04
 1.47586064E-02
 7.17192818E-03
 1.85397017E-02
 4.09466566E-02
 5.14650639E-02
 1.38617581E-01
 4.41623359E-05
 1.23678344E-02
 3.98841083E-03
 2.20319558E-02
 5.36936660E-02
 8.26446281E-03
 6.04808415E-02
 2.59148373E-02
 4.86498500E-03
 1.99402636E-02
 1.12393530E-01
 1.12644469E-01
 4.13223140E-02
 1.15617758E-01
 1.23309204E-02
 5.02968901E-02
 1.14894537E-01
 2.12100740E-01
 6.06922148E-02
 7.48177457E-02
 7.86722254E-03
 5.47544951E-02
 1.73899672E-01
 9.49609950E-02
 7.48407473E-02
 6.30037934E-02
 2.08767594E-02
 5.07918921E-05
 1.06334857E-02
 3.57485258E-02
 8.56453031E-02
 2.55447032E-02
 3.00525920E-02
 1.18251956E-03
 1.01583784E-04
 2.27696011E-02
 1.13918675E-02
 9.16848782E-06
 1.18332081E-02
 6.75040238E-03
 2.06161378E-02
 2.85199684E-02
 3.97852890E-02
 1.49429315E-02
 5.52216379E-02
 3.64088734E-02
 1.87577788E-03
 3.90188662E-02
 6.73204666E-02
 1.07793020E-01
 2.80429699E-03
 1.69379201E-02
 6.24626282E-02
 2.90650460E-02
 7.49971480E-02
 9.57938795E-02
 1.56761355E-02
 9.88411173E-03
 1.84072126E-02
 6.72426747E-02
 1.18832958E-01
 2.07863762E-02
 8.99073378E-02
 9.71960487E-03
 2.07699765E-02
 3.84422740E-02
 5.82268971E-02
 2.21637866E-02
 5.58477335E-02
 1.82905721E-02
 3.92558494E-02
 1.25862181E-03
 6.82908574E-03
 1.26952868E-01
 8.16116443E-02
 5.94798871E-02
 8.73446031E-03
 3.52938883E-02
 1.49636884E-01
 2.82238701E-02
 1.28349777E-01
 3.40217170E-02
 7.93144205E-02
 1.79034260E-01
 1.56252102E-03
 1.88262383E-02
 5.04320060E-02
 1.59184823E-01
 1.83039068E-01
 5.93538693E-02
 2.24196612E-02
 7.59988460E-03
 4.36701728E-02
 8.78099174E-02
 1.31574005E-01
 5.83677788E-02
 4.48003951E-02
 5.14635662E-03
 2.58210747E-02
 2.00671705E-01
 9.81065189E-02
 2.81380536E-02
 2.33424019E-01
 1.33936252E-01
 1.41541559E-01
 2.07771003E-02
 3.42616982E-02
 7.12997746E-02
 1.46431255E-01
 4.78652450E-02
 3.48663038E-06
 1.32982720E-02
 9.58009843E-02
 1.31682730E-02
 9.90957677E-02
 2.13163129E-01
 6.76183321E-03
 3.51865765E-02
 2.64212372E-02
 8.25194090E-02
 3.51865765E-02
 1.91585274E-02
 6.83696469E-02
 2.65107518E-02
 6.83648260E-02
 1.20297061E-01
 9.68186343E-03
 3.53117956E-02
 1.15165826E-01
 3.59999832E-02
 9.49876570E-02
 1.14366973E-01
 7.26510290E-02
 7.44298971E-02
 5.70212552E-03
 6.51495225E-02
 1.78485378E-01
 1.10787831E-01
 6.76183321E-03
 5.63486101E-03
 1.37490609E-01
 6.66236966E-03
 2.11941539E-03
 2.96228617E-02
 1.17301334E-01
 5.47837772E-02
 1.25845229E-02
 1.10818933E-02
 2.27084899E-01
 6.59841984E-02
 2.60444326E-02
 2.94823713E-02
 1.05607927E-01
 6.43016873E-02
 3.08039068E-02
 1.19646882E-01
 1.91417996E-01
 1.10345400E-01
 9.94515552E-02
 2.75622804E-01
 1.42030242E-01
 5.48459805E-02
 1.30994804E-01
 5.27053855E-02
 6.38717563E-02
 1.50613276E-01
 2.69508217E-01
 4.00456378E-02
 3.98586425E-02
 3.82031021E-02
 7.29253551E-02
 7.49102871E-02
 2.35810820E-02
 1.52807622E-01
 1.30286572E-01
 7.31359126E-02
 6.16769504E-03
 6.42744339E-02
 1.65058232E-01
 1.00355332E-01
 9.20360631E-03
 5.98234410E-02
 9.25033859E-03
 1.18827633E-03
 2.78726845E-02
 9.04470432E-02
 3.39187774E-02
 1.84072126E-02
 6.97674084E-02
 2.61794356E-02
 2.26282674E-02
 4.80471612E-02
 5.33187391E-04
 9.18482344E-02
 1.88257297E-01
 8.93940342E-02
 4.50476527E-02
 8.02025412E-02
 1.21259859E-01
 3.62268449E-02
 6.37693678E-03
 7.11320988E-03
 1.68149456E-02
 1.19252202E-01
 5.17918295E-02
 5.71652849E-02
 2.83388238E-02
 8.33959429E-02
 1.93839219E-01
 1.13698973E-01
 5.45955422E-02
 1.59028300E-01
 3.46801991E-02
 3.01311912E-02
 4.49536689E-02
 1.08189331E-01
 1.81567744E-02
 9.84222389E-02
 9.75128518E-02
 4.93792980E-02
 1.07094512E-02
 3.72863185E-02
 1.54009867E-01
 2.35645473E-01
 1.22322618E-01
 3.82390058E-02
 1.04361194E-01
 1.42218672E-01
 3.09471864E-02
 1.49380060E-01
 7.98599766E-02
 1.29720125E-01
 2.74441130E-01
 1.46015200E-02
 7.93615592E-02
 1.45379414E-01
 2.99211119E-01
 1.46318557E-01
 1.11758077E-01
 9.34491012E-02
 7.94594068E-02
 8.11419985E-02
 1.54489106E-01
 1.13636364E-01
 1.78113472E-01
 9.63425412E-02
 3.41753571E-02
 1.08937960E-01
 3.78355682E-01
 1.91431483E-01
 1.10096450E-01
 1.91022275E-01
 1.02531731E-01
 1.93043353E-01
 5.66647922E-02
 2.52028882E-02
 6.82193839E-02
 1.17054846E-01
 3.58815351E-02
 2.42600214E-02
 1.08940646E-02
 9.06093884E-02
 1.60839373E-02
 1.20359304E-01
 1.83239897E-01
 1.22714751E-01
 4.00701227E-02
 7.71349862E-02
 1.37741047E-01
 4.00701227E-02
 3.24317556E-02
 1.15952918E-01
 7.59409934E-02
 1.15329791E-01
 1.67606531E-01
 1.67156492E-01
 1.10550606E-01
 2.22067189E-01
 1.10206513E-01
 1.68401846E-01
 2.20818334E-01
 3.00412667E-01
