 1.45809070E-01
 3.35886959E-02
 3.49013511E-02
 1.24302995E-01
 7.86471569E-02
 6.76183321E-03
 5.63486101E-03
 1.37490609E-01
 1.45809070E-01
 3.35886959E-02
 3.39622076E-02
 1.11154986E-01
 6.85044071E-02
 9.20360631E-03
 5.98234410E-02
 2.84842224E-01
 1.60937988E-01
 3.93529157E-02
 3.09622129E-02
 1.16929723E-01
 6.78111806E-02
 6.09685060E-02
 1.64126671E-01
 1.02802929E-01
 1.57885476E-02
 8.82017636E-02
 1.98532095E-01
 7.96576905E-02
 1.29961331E-01
 8.41693013E-02
 1.29560787E-02
 6.00563105E-02
 1.04914455E-01
 2.65587473E-01
 1.05095364E-01
 2.70840407E-02
 4.99218331E-02
 9.47092804E-02
 1.30401029E-01
 7.83688628E-02
 1.52788526E-01
 2.36401920E-01
 4.09882177E-02
 7.95914627E-03
 2.41327779E-02
 9.45306257E-02
 4.57600697E-02
 1.25845229E-02
 1.10818933E-02
 4.09882177E-02
 7.95914627E-03
 2.22544908E-02
 6.82346077E-02
 2.54745700E-02
 1.84072126E-02
 5.52784626E-02
 5.61405203E-03
 2.24792894E-02
 6.78916308E-02
 5.08320302E-04
 1.02078332E-01
 9.92079718E-03
 4.25183469E-02
 6.21926391E-02
 1.04514961E-01
 1.73132427E-03
 1.82610697E-02
 1.27085251E-02
 2.41634935E-02
 1.74410892E-02
 7.60671520E-02
 7.18831895E-02
 2.16996284E-02
 2.16279738E-02
 3.08039068E-02
 1.04432757E-01
 6.31104433E-02
 3.08039068E-02
 1.19646882E-01
 2.07604849E-02
 1.97496868E-02
 2.32907588E-02
 4.76145755E-02
 3.75657400E-04
 9.18482344E-02
 1.53719698E-03
 8.17196716E-03
 2.40112429E-02
 4.95860242E-02
 1.58454169E-01
 7.27577654E-02
 4.73714423E-02
 3.33500540E-02
 1.06723060E-01
 3.91668013E-02
 4.41676372E-03
 1.07993854E-01
 4.56663991E-02
 7.09888583E-02
 1.22588060E-01
 9.09778245E-02
 8.06715199E-02
 1.04432757E-01
 2.74229902E-01
 1.39744553E-01
 5.48459805E-02
 7.78298155E-02
 5.43755019E-02
 4.76145755E-02
 7.98271976E-02
 1.42655898E-01
 5.11338857E-02
 3.11302617E-02
 5.40193089E-02
 1.16549455E-01
 1.62523518E-01
 7.58539178E-02
 9.02489385E-02
 6.16672574E-02
 8.85284613E-02
 3.40646942E-02
 5.23559755E-02
 4.01171085E-02
 6.31104433E-02
 1.39744553E-01
 4.22132257E-02
 1.98316089E-02
 3.75657400E-04
 9.18232967E-04
 3.10074322E-02
 1.60280485E-01
 5.66058595E-02
 2.74731140E-03
 5.45266446E-03
 3.08039068E-02
 5.48459805E-02
 1.87127509E-02
 2.55390711E-02
 9.18482344E-02
 6.92843199E-02
 1.04984859E-01
 1.69945722E-02
 1.94771708E-02
 2.89115395E-02
 1.19646882E-01
 8.49354728E-02
 1.40106130E-01
 6.15719852E-03
 1.44923521E-01
 5.31640097E-02
 8.45455344E-03
 5.26609844E-03
 2.50242048E-02
 6.88254315E-02
 2.93012772E-02
 8.11419985E-02
 6.76183321E-03
 5.31640097E-02
 8.45455344E-03
 9.02267245E-03
 2.69024918E-02
 5.98096539E-02
 2.55447032E-02
 3.00525920E-02
 1.89331330E-01
 6.89155037E-02
 1.21318744E-02
 7.80927070E-03
 4.72332725E-02
 8.57211381E-02
 2.18958092E-02
 9.07948842E-02
 4.79989904E-02
 2.15084902E-03
 2.94383769E-02
 1.05126055E-01
 1.16689098E-01
 8.17307426E-02
 6.18453282E-03
 2.75603971E-02
 6.59736830E-02
 1.37384846E-01
 1.33487734E-01
 7.26859278E-03
 2.47479583E-02
 1.63499905E-02
 4.69795588E-02
 1.03683501E-02
 2.75839656E-02
 7.77802689E-02
 4.61504451E-02
 8.81212900E-03
 5.78053950E-04
 1.02364282E-02
 5.08858337E-03
 1.80343734E-02
 4.09466566E-02
 5.14650639E-02
 8.81212900E-03
 5.78053950E-04
 1.77495762E-02
 8.84515737E-03
 2.81818301E-06
 1.18332081E-02
 1.39732299E-02
 1.51874916E-02
 3.19969893E-02
 5.06458125E-02
 2.01519278E-02
 5.58477335E-02
 3.37696929E-03
 1.01529892E-02
 3.75408362E-02
 6.08928369E-02
 1.45206194E-02
 7.36703882E-04
 1.52376013E-02
 2.69631786E-02
 1.26723576E-02
 4.12825632E-02
 2.92322820E-02
 4.84470355E-03
 9.21315872E-03
 4.50788881E-03
 2.25394440E-02
 5.25920361E-02
 8.26446281E-03
 6.04808415E-02
 8.60127755E-03
 1.67263067E-02
 2.79864763E-02
 3.94440270E-02
 1.49323817E-02
 5.52216379E-02
 2.71380509E-03
 2.79618581E-02
 3.26552394E-03
 1.12452187E-02
 1.28702706E-01
 3.73865765E-02
 3.96743271E-02
 2.91415817E-03
 3.01248988E-02
 4.31716410E-02
 1.17116078E-02
 8.65758715E-02
 1.25898206E-02
 3.73056282E-02
 4.88964745E-02
 1.91221503E-02
 5.03143305E-03
 2.25394440E-02
 1.12697220E-01
 1.09691961E-01
 4.13223140E-02
 2.10004373E-02
 8.78800705E-03
 3.94440270E-02
 6.66791886E-02
 1.40026296E-01
 2.61760369E-02
 3.93602524E-02
 1.45725098E-02
 4.09817151E-02
 1.00396429E-01
 6.04039734E-02
 2.03264167E-02
 8.53682981E-02
 9.12947577E-02
 1.40327471E-02
 4.01191032E-02
 1.80372415E-02
 5.25920361E-02
 1.09691961E-01
 3.11033256E-02
 5.68628422E-06
 1.49323817E-02
 3.04996421E-02
 4.34004972E-03
 1.30089270E-01
 8.47684045E-02
 2.21694188E-02
 3.55977628E-02
 8.26446281E-03
 4.13223140E-02
 1.84128448E-02
 6.48431427E-03
 5.52216379E-02
 4.79063325E-02
 7.76608617E-02
 6.63325563E-02
 6.06340118E-02
 3.80928293E-02
 6.04808415E-02
 9.54460535E-03
 9.50777192E-02
 5.99674651E-02
 2.16077711E-03
 1.37053008E-02
 8.13721305E-05
 2.17224004E-04
 4.23719796E-04
 7.37398392E-02
 1.12697220E-02
 4.50788881E-02
 3.94440270E-02
 1.37053008E-02
 8.13721305E-05
 4.91294151E-03
 2.77157855E-03
 6.24701172E-02
 3.24004508E-02
 4.63936890E-02
 1.41998497E-01
 2.77299650E-02
 1.51418825E-03
 1.30330077E-03
 8.12330679E-03
 9.24808645E-02
 1.48495726E-02
 7.18220573E-02
 2.74168364E-02
 7.65320791E-03
 2.77087548E-03
 1.08863118E-02
 1.16391999E-01
 6.46706725E-02
 1.72538518E-02
 3.04609965E-02
 6.81163572E-02
 1.32525564E-01
 5.92292932E-02
 7.71205055E-03
 3.04524616E-02
 9.51765215E-03
 4.32287733E-02
 2.79022902E-02
 4.27934720E-02
 5.71244970E-02
 1.74032300E-02
 2.68585250E-04
 2.27962424E-04
 1.26250381E-02
 6.25721520E-03
 2.25414116E-02
 3.09917355E-02
 1.14575507E-02
 2.68585250E-04
 2.27962424E-04
 2.20164731E-02
 1.09529327E-02
 1.96754331E-06
 1.92524418E-02
 2.88388718E-03
 2.48680013E-02
 3.89007285E-02
 5.40231277E-02
 4.19860928E-02
 3.05748609E-02
 3.79831960E-03
 1.30660964E-02
 3.47659801E-02
 1.83473929E-02
 1.63663048E-02
 5.97689788E-04
 2.55601087E-02
 3.08072538E-02
 1.72377611E-02
 2.44909954E-02
 3.78353208E-02
 5.18714312E-04
 1.06761697E-02
 0.00000000E+00
 3.05311332E-16
 5.86025545E-02
 8.26446281E-03
 5.76634110E-02
 5.21443182E-03
 2.00676047E-02
 3.38091660E-02
 4.13223140E-02
 3.07099925E-02
 3.17430503E-02
 6.37573534E-03
 3.91910238E-02
 9.14854282E-04
 6.53029239E-03
 1.11868428E-01
 1.67377606E-02
 4.07975908E-02
 2.31395542E-03
 3.15606992E-02
 4.33984609E-02
 2.14282302E-02
 7.58082176E-02
 6.06180237E-03
 2.11445375E-02
 3.04885945E-02
 2.36904808E-03
 5.89620257E-03
 1.52655666E-16
 0.00000000E+00
 8.79038317E-02
 4.13223140E-02
 4.71690683E-03
 1.05919201E-02
 4.13223140E-02
 3.28700225E-02
 1.47351615E-01
 1.39327526E-02
 5.43990162E-02
 6.56980400E-03
 3.41973770E-02
 3.47975089E-02
 3.66753615E-02
 1.89295162E-02
 7.93199101E-02
 9.77642795E-02
 1.81727009E-02
 4.17465964E-02
 2.25462484E-02
 5.86025545E-02
 8.79038317E-02
 3.04768743E-02
 6.80434257E-06
 3.07099925E-02
 5.05022656E-02
 3.64292305E-02
 1.11917812E-01
 8.11537207E-02
 1.12697220E-02
 3.09917355E-02
 8.26446281E-03
 4.13223140E-02
 3.24004508E-02
 1.92524418E-02
 3.17430503E-02
 2.33871645E-02
 4.05130113E-02
 7.09263955E-02
 4.10613772E-02
 1.14575507E-02
 5.76634110E-02
 4.23761781E-02
 1.00723140E-01
 7.04979970E-02
 3.14090054E-02
 8.24304887E-03
 5.15972886E-05
 1.38215669E-04
 3.00747975E-04
 4.42390721E-02
 6.76183321E-03
 3.94440270E-02
 4.84598047E-02
 8.24304887E-03
 5.15972886E-05
 2.95564617E-03
 1.70946323E-03
 3.74772389E-02
 4.01014275E-02
 6.35800150E-02
 1.05653644E-01
 1.99054721E-02
 2.28342487E-03
 1.57512623E-03
 4.44387647E-03
 7.47097285E-02
 1.51410066E-02
 6.82986304E-02
 2.55825148E-02
 1.12235166E-02
 1.07611644E-02
 2.01361022E-03
 1.19099837E-01
 5.56391842E-02
 8.49930791E-03
 1.76847023E-02
 5.39749641E-02
 1.21403806E-01
 6.74162623E-02
 4.90595169E-03
 3.64583861E-02
 9.65481070E-03
 4.37334350E-02
 2.60659750E-02
 5.75034876E-02
 5.31721670E-02
 2.81193166E-02
 1.76785046E-04
 1.32903094E-04
 7.82060029E-03
 3.79845471E-03
 1.35214135E-02
 4.13223140E-02
 2.21637866E-02
 1.76785046E-04
 1.32903094E-04
 1.34554613E-02
 6.61588521E-03
 2.25292743E-06
 3.42787378E-02
 1.70443579E-03
 1.45582280E-02
 2.80477681E-02
 4.71872616E-02
 4.82256463E-02
 2.44284272E-02
 1.42074028E-03
 5.75397874E-03
 2.53388137E-02
 8.88253638E-03
 9.51791306E-03
 3.28482367E-04
 2.94563828E-02
 3.72212722E-02
 2.86715211E-02
 1.80486351E-02
 5.20965800E-02
 3.15352256E-04
 7.04187715E-03
 3.05311332E-16
 1.52655666E-16
 5.33433509E-02
 8.26446281E-03
 5.48459805E-02
 3.13278276E-03
 1.26767382E-02
 2.44177310E-02
 3.61570248E-02
 3.57813674E-02
 2.23516153E-02
 5.54871556E-03
 2.92915438E-02
 9.72368655E-04
 6.41214512E-03
 9.67970353E-02
 1.26785699E-02
 3.45450915E-02
 6.02909131E-03
 3.66208688E-02
 3.57763260E-02
 2.51759056E-02
 6.61818398E-02
 6.19904675E-03
 1.42947021E-02
 2.71403581E-02
 1.94509536E-03
 3.92430964E-03
 0.00000000E+00
 0.00000000E+00
 8.41472577E-02
 4.13223140E-02
 3.35381062E-03
 6.74174014E-03
 3.61570248E-02
 3.00525920E-02
 1.44815928E-01
 1.11976951E-02
 4.86999607E-02
 6.58922106E-03
 3.41174337E-02
 2.45585315E-02
 3.29669750E-02
 2.28915421E-02
 7.36460861E-02
 9.57660657E-02
 1.63896212E-02
 2.50594304E-02
 1.35309185E-02
 5.33433509E-02
 8.41472577E-02
 1.82975972E-02
 7.25212641E-06
 3.57813674E-02
 4.81326226E-02
 4.67116232E-02
 9.68958752E-02
 7.67550408E-02
 6.76183321E-03
 4.13223140E-02
 8.26446281E-03
 4.13223140E-02
 4.01014275E-02
 3.42787378E-02
 2.23516153E-02
 1.82820344E-02
 2.96087329E-02
 6.64286372E-02
 3.40873460E-02
 2.21637866E-02
 5.48459805E-02
 5.82233339E-02
 1.00723140E-01
 3.62659930E-02
 3.77464425E-02
 2.83255821E-03
 4.90905158E-05
 6.39956191E-05
 2.01717577E-04
 1.47478815E-02
 2.25394440E-03
 3.38091660E-02
 5.74755823E-02
 2.83255821E-03
 4.90905158E-05
 1.00313912E-03
 6.71289327E-04
 1.24939371E-02
 4.78024042E-02
 8.07663411E-02
 6.93087904E-02
 1.18166754E-02
 2.02869833E-03
 2.10053929E-04
 1.77411135E-03
 5.74332728E-02
 1.52095263E-02
 6.45968723E-02
 2.35267797E-02
 1.38845472E-02
 1.05880462E-02
 3.32658952E-03
 1.13247029E-01
 5.61611288E-02
 2.61095314E-04
 5.68847899E-03
 4.02851398E-02
 1.08826798E-01
 7.87615424E-02
 2.28296868E-03
 4.21857204E-02
 9.77801565E-03
 4.42163355E-02
 2.44389763E-02
 7.15318545E-02
 4.94479834E-02
 3.83537982E-02
 1.25044601E-04
 5.92239028E-05
 3.01975370E-03
 1.35765029E-03
 4.50859783E-03
 5.16528926E-02
 3.28700225E-02
 1.25044601E-04
 5.92239028E-05
 4.89804070E-03
 2.29679379E-03
 7.09028300E-07
 4.93050338E-02
 2.68796829E-04
 4.63302100E-03
 1.82973900E-02
 4.08454980E-02
 5.46172153E-02
 1.82819935E-02
 9.02303432E-04
 1.00420228E-03
 1.59283820E-02
 2.15415829E-02
 3.04196922E-03
 7.66682560E-05
 3.27441041E-02
 4.33348561E-02
 3.95143053E-02
 1.19952999E-02
 6.56758944E-02
 7.41728714E-05
 3.37922162E-03
 3.05311332E-16
 3.05311332E-16
 4.80841473E-02
 8.26446281E-03
 5.20285500E-02
 1.01331637E-03
 5.25750862E-03
 1.50262960E-02
 3.09917355E-02
 4.08527423E-02
 1.29601803E-02
 3.68795578E-03
 1.86145198E-02
 1.07958948E-03
 6.55288214E-03
 8.18292907E-02
 8.48363895E-03
 2.83730130E-02
 9.71851026E-03
 3.32868335E-02
 2.86244550E-02
 2.87198527E-02
 5.72325512E-02
 6.29937989E-03
 7.90138436E-03
 2.41391981E-02
 1.48936192E-03
 1.92858116E-03
 0.00000000E+00
 1.52655666E-16
 8.03906837E-02
 4.13223140E-02
 1.95893367E-03
 2.86772466E-03
 3.09917355E-02
 2.72351615E-02
 1.42280240E-01
 7.15716672E-03
 4.20328994E-02
 6.60857101E-03
 3.41748863E-02
 1.46073233E-02
 2.92481634E-02
 2.67218748E-02
 6.84467697E-02
 9.38773810E-02
 1.45348236E-02
 8.36302941E-03
 4.50866245E-03
 4.80841473E-02
 8.03906837E-02
 6.10908501E-03
 7.73643881E-07
 4.08527423E-02
 4.41491735E-02
 5.57843184E-02
 8.18716518E-02
 7.20480811E-02
 2.25394440E-03
 5.16528926E-02
 8.26446281E-03
 4.13223140E-02
 4.78024042E-02
 4.93050338E-02
 1.29601803E-02
 1.47894545E-02
 1.99195594E-02
 6.11164591E-02
 2.71133147E-02
 3.28700225E-02
 5.20285500E-02
 7.40704897E-02
 1.00723140E-01
 2.57737457E-03
 4.40838795E-02
 1.68207486E-03
 5.61904199E-05
 5.80615335E-05
 1.78389857E-04
 1.90920180E-02
 2.25394440E-03
 3.38091660E-02
 5.74755823E-02
 1.68207486E-03
 5.61904199E-05
 9.97205035E-04
 6.47961607E-04
 1.68380736E-02
 4.78024042E-02
 8.07663411E-02
 6.93087904E-02
 8.98025918E-03
 2.51097160E-04
 1.08133191E-03
 2.15070682E-03
 6.19259746E-02
 1.51515152E-02
 6.45504633E-02
 2.90575085E-02
 2.05144325E-02
 3.08394506E-03
 1.07313018E-02
 1.19560704E-01
 5.68181818E-02
 2.23049554E-03
 8.99672668E-03
 4.33487815E-02
 1.08558607E-01
 8.18310183E-02
 2.51551664E-03
 4.13044530E-02
 9.82642999E-03
 4.46908083E-02
 2.46561575E-02
 6.95890021E-02
 5.05561471E-02
 3.72035417E-02
 1.34830185E-04
 4.54419076E-05
 4.10940462E-03
 1.90019184E-03
 4.50797552E-03
 5.16528926E-02
 3.28700225E-02
 1.34830185E-04
 4.54419076E-05
 5.98769162E-03
 2.83933534E-03
 8.67191588E-08
 4.93050338E-02
 6.37597043E-04
 5.06976998E-03
 1.96808325E-02
 4.06569613E-02
 5.43104903E-02
 1.82819935E-02
 4.94515577E-03
 5.18962190E-03
 2.83383490E-02
 3.05301783E-02
 4.49594971E-03
 5.58212397E-04
 3.14590527E-02
 4.22944417E-02
 3.76891841E-02
 1.35612287E-02
 6.36058128E-02
 9.85979515E-05
 4.47131745E-03
 4.57966998E-16
 1.52655666E-16
 4.80841473E-02
 8.26446281E-03
 5.20285500E-02
 1.03774145E-03
 6.34960445E-03
 1.50262960E-02
 3.09917355E-02
 4.08527423E-02
 1.29601803E-02
 2.70465848E-03
 1.89294488E-02
 1.29278099E-03
 7.33299883E-03
 8.21310633E-02
 4.68208890E-03
 2.49484211E-02
 6.11895208E-03
 2.16003385E-02
 3.00588706E-02
 2.82896462E-02
 6.04936962E-02
 6.46073980E-03
 9.66257813E-03
 2.57899202E-02
 1.44357244E-03
 2.46383685E-03
 1.52655666E-16
 1.52655666E-16
 8.03906837E-02
 4.13223140E-02
 1.91314419E-03
 3.40298035E-03
 3.09917355E-02
 2.72351615E-02
 1.42280240E-01
 6.37094795E-03
 4.18305717E-02
 6.86358913E-03
 3.47192183E-02
 1.22195608E-02
 2.55004180E-02
 3.48590720E-02
 7.04404908E-02
 9.51755372E-02
 1.22072342E-02
 1.22420042E-02
 4.50837280E-03
 4.80841473E-02
 8.03906837E-02
 9.98805979E-03
 4.83993739E-07
 4.08527423E-02
 4.89887218E-02
 5.66710247E-02
 8.19511300E-02
 7.31055895E-02
 2.25394440E-03
 5.16528926E-02
 8.26446281E-03
 4.13223140E-02
 4.78024042E-02
 4.93050338E-02
 1.29601803E-02
 1.30588033E-02
 1.82893177E-02
 5.50120071E-02
 2.71133147E-02
 3.28700225E-02
 5.20285500E-02
 7.40704897E-02
 1.00723140E-01
 3.34535824E-02
 4.40838795E-02
 4.79163273E-03
 7.28822268E-05
 1.20472885E-04
 2.31062179E-04
 5.72716005E-02
 6.76183321E-03
 3.94440270E-02
 4.84598047E-02
 4.79163273E-03
 7.28822268E-05
 2.93790339E-03
 1.63977743E-03
 5.05097673E-02
 4.01014275E-02
 6.35800150E-02
 1.05653644E-01
 1.14468014E-02
 2.75635345E-03
 1.80027447E-03
 5.32487720E-03
 8.79795492E-02
 1.51515152E-02
 6.83070373E-02
 4.20546522E-02
 1.01975874E-02
 1.06990670E-02
 2.39368155E-02
 1.38562154E-01
 5.68181818E-02
 1.36665573E-02
 2.62786098E-02
 6.16075052E-02
 1.19814314E-01
 7.69612523E-02
 5.39867581E-03
 3.42965317E-02
 9.80551428E-03
 4.51587601E-02
 2.65814210E-02
 5.28564870E-02
 5.61223391E-02
 2.55028027E-02
 2.06212037E-04
 9.15796458E-05
 1.10895977E-02
 5.42630237E-03
 1.35196358E-02
 4.13223140E-02
 2.21637866E-02
 2.06212037E-04
 9.15796458E-05
 1.67244587E-02
 8.24373288E-03
 4.03064581E-06
 3.42787378E-02
 2.90250190E-03
 1.56680203E-02
 3.17080238E-02
 4.65402253E-02
 4.72142706E-02
 2.45429502E-02
 1.10598192E-02
 1.97505436E-04
 4.24299258E-02
 3.28370694E-02
 1.33741141E-02
 1.51351869E-03
 2.55489289E-02
 3.46517964E-02
 2.41944467E-02
 2.21230652E-02
 4.71177865E-02
 3.88695823E-04
 1.03182159E-02
 6.10622664E-16
 4.57966998E-16
 5.33433509E-02
 8.26446281E-03
 5.48459805E-02
 3.20612633E-03
 1.59530769E-02
 2.44177310E-02
 3.61570248E-02
 3.57813674E-02
 2.23516153E-02
 2.87799360E-03
 3.02857754E-02
 1.85703620E-03
 8.57103779E-03
 9.76169800E-02
 9.00797261E-04
 2.37235523E-02
 4.48098693E-03
 2.21418940E-02
 3.95985762E-02
 2.41326088E-02
 7.52747958E-02
 6.67869399E-03
 1.88763399E-02
 3.16860728E-02
 1.80845288E-03
 5.53062118E-03
 3.05311332E-16
 0.00000000E+00
 8.41472577E-02
 4.13223140E-02
 3.21716813E-03
 8.34805169E-03
 3.61570248E-02
 3.00525920E-02
 1.44815928E-01
 9.13635476E-03
 4.82541220E-02
 7.43301603E-03
 3.56005659E-02
 1.66988773E-02
 2.07609578E-02
 2.99287151E-02
 7.91822490E-02
 9.93417682E-02
 9.45005421E-03
 3.66966638E-02
 1.35302814E-02
 5.33433509E-02
 8.41472577E-02
 2.99348306E-02
 6.61496079E-06
 3.57813674E-02
 6.29219218E-02
 4.95566389E-02
 9.71553811E-02
 7.94667343E-02
 6.76183321E-03
 4.13223140E-02
 8.26446281E-03
 4.13223140E-02
 4.01014275E-02
 3.42787378E-02
 2.23516153E-02
 1.28590814E-02
 2.45448505E-02
 4.83074423E-02
 3.40873460E-02
 2.21637866E-02
 5.48459805E-02
 5.82233339E-02
 1.00723140E-01
 7.09369912E-02
 3.77464425E-02
 7.95318909E-03
 1.16738684E-04
 1.88088830E-04
 3.09757467E-04
 9.54615921E-02
 1.12697220E-02
 4.50788881E-02
 3.94440270E-02
 7.95318909E-03
 1.16738684E-04
 4.88380634E-03
 2.65761622E-03
 8.41918701E-02
 3.24004508E-02
 4.63936890E-02
 1.41998497E-01
 1.33963207E-02
 5.95156130E-03
 2.29149819E-03
 9.21352926E-03
 1.14335763E-01
 1.51515152E-02
 7.20636113E-02
 4.65485958E-02
 2.43297126E-03
 1.10931622E-02
 3.59384113E-02
 1.57399321E-01
 5.68181818E-02
 2.54499854E-02
 4.30837707E-02
 7.87082641E-02
 1.31472613E-01
 7.19623535E-02
 8.18815536E-03
 2.76512382E-02
 9.78029944E-03
 4.56080269E-02
 2.85287638E-02
 3.70094910E-02
 6.14217525E-02
 1.44231979E-02
 3.18145306E-04
 1.59255286E-04
 1.80736942E-02
 8.97193014E-03
 2.25391029E-02
 3.09917355E-02
 1.14575507E-02
 3.18145306E-04
 1.59255286E-04
 2.74651292E-02
 1.36676476E-02
 3.41120977E-07
 1.92524418E-02
 6.49918745E-03
 2.71431550E-02
 4.38589946E-02
 5.41713577E-02
 4.08274616E-02
 3.08039068E-02
 1.66770805E-02
 1.52187494E-02
 4.42694047E-02
 3.40214727E-02
 2.39267493E-02
 3.74858373E-03
 2.01223416E-02
 2.74432942E-02
 1.14298848E-02
 3.02476610E-02
 3.15746237E-02
 6.40292497E-04
 1.61362384E-02
 0.00000000E+00
 4.57966998E-16
 5.86025545E-02
 8.26446281E-03
 5.76634110E-02
 5.33601000E-03
 2.55276735E-02
 3.38091660E-02
 4.13223140E-02
 3.07099925E-02
 3.17430503E-02
 4.95251253E-03
 4.31779119E-02
 1.72326740E-03
 7.31973040E-03
 1.12116256E-01
 1.59554913E-03
 4.18233204E-02
 1.81659489E-03
 2.28775534E-02
 5.16464619E-02
 2.24826436E-02
 8.83070834E-02
 6.85713520E-03
 2.76136618E-02
 3.73762757E-02
 2.14082356E-03
 8.57302320E-03
 3.05311332E-16
 0.00000000E+00
 8.79038317E-02
 4.13223140E-02
 4.48868231E-03
 1.32687407E-02
 4.13223140E-02
 3.28700225E-02
 1.47351615E-01
 1.32582945E-02
 5.60122856E-02
 7.07553107E-03
 3.46834473E-02
 2.25189877E-02
 3.09500017E-02
 2.07524768E-02
 8.96706936E-02
 1.01268845E-01
 6.68891372E-03
 6.11419274E-02
 2.25451429E-02
 5.86025545E-02
 8.79038317E-02
 4.98722054E-02
 5.69891413E-06
 3.07099925E-02
 7.73248816E-02
 4.29149098E-02
 1.12012169E-01
 8.60999358E-02
 1.12697220E-02
 3.09917355E-02
 8.26446281E-03
 4.13223140E-02
 3.24004508E-02
 1.92524418E-02
 3.17430503E-02
 1.26606758E-02
 3.08077075E-02
 4.17552868E-02
 4.10613772E-02
 1.14575507E-02
 5.76634110E-02
 4.23761781E-02
 1.00723140E-01
 7.34188655E-02
 3.14090054E-02
 3.94280258E-02
 5.00727057E-03
 6.69134456E-03
 3.24854959E-02
 8.92311562E-02
 2.93012772E-02
 8.11419985E-02
 6.76183321E-03
 3.94280258E-02
 5.00727057E-03
 1.04479186E-02
 3.43637829E-02
 8.02153786E-02
 2.55447032E-02
 3.00525920E-02
 1.89331330E-01
 4.14299370E-02
 2.81366716E-03
 1.67198393E-02
 6.37930729E-02
 1.10298628E-01
 2.07863762E-02
 8.99073378E-02
 6.02310688E-02
 4.15254766E-03
 4.62631276E-02
 1.51087746E-01
 1.66354575E-01
 5.93538693E-02
 5.79368075E-03
 3.04430978E-02
 6.46840166E-02
 1.24799926E-01
 1.68954380E-01
 6.36605173E-03
 2.38431767E-02
 1.68523116E-02
 5.02657826E-02
 1.38268608E-02
 2.56708007E-02
 8.40564114E-02
 5.17435884E-02
 5.41585594E-03
 4.66002317E-04
 1.45684971E-02
 7.24653084E-03
 1.80314837E-02
 4.09466566E-02
 5.14650639E-02
 5.41585594E-03
 4.66002317E-04
 2.20816451E-02
 1.10031048E-02
 7.15423057E-08
 1.18332081E-02
 2.32840381E-03
 2.20565956E-02
 3.75836638E-02
 5.71700994E-02
 2.19035562E-02
 5.58477335E-02
 1.50136176E-02
 1.32989147E-02
 4.51449973E-02
 8.61917112E-02
 1.89358077E-02
 1.44811282E-03
 5.32377375E-03
 2.54322361E-02
 8.78738879E-03
 4.93939520E-02
 2.67117002E-02
 6.29793006E-03
 1.35639247E-02
 4.50788881E-03
 2.25394440E-02
 5.25920361E-02
 8.26446281E-03
 6.04808415E-02
 1.00545041E-02
 2.10770727E-02
 2.79864763E-02
 3.94440270E-02
 1.49323817E-02
 5.52216379E-02
 1.73156880E-02
 3.89675180E-02
 1.60462118E-03
 6.97421686E-03
 1.27000271E-01
 1.93534095E-02
 4.77321029E-02
 5.71990251E-04
 2.38155531E-02
 5.11335189E-02
 1.27961838E-02
 1.01197458E-01
 1.38502891E-02
 4.65966130E-02
 5.87995062E-02
 2.58056759E-02
 7.16173851E-03
 2.25394440E-02
 1.12697220E-01
 1.09691961E-01
 4.13223140E-02
 2.76839630E-02
 1.09183125E-02
 3.94440270E-02
 6.66791886E-02
 1.40026296E-01
 5.46689860E-02
 5.73082985E-02
 6.95913052E-03
 3.44490115E-02
 9.65602026E-02
 7.77492466E-02
 2.04678797E-02
 9.98245492E-02
 9.36388849E-02
 1.36096625E-03
 5.83854054E-02
 1.80346894E-02
 5.25920361E-02
 1.09691961E-01
 4.93696278E-02
 3.13415030E-06
 1.49323817E-02
 7.52465686E-02
 2.26969518E-02
 1.26989574E-01
 8.47934192E-02
 2.93012772E-02
 4.09466566E-02
 8.26446281E-03
 4.13223140E-02
 2.55447032E-02
 1.18332081E-02
 5.52216379E-02
 2.03064505E-02
 5.58575976E-02
 2.40030559E-02
 7.84636580E-02
 5.14650639E-02
 6.04808415E-02
 2.73742515E-02
 8.17054846E-02
 9.17553478E-02
 1.40515212E-03
 1.14638921E-01
 1.37532216E-02
 5.48132930E-02
 1.65414914E-01
 1.03273431E-01
 6.76183321E-03
 5.63486101E-03
 1.37490609E-01
 1.14638921E-01
 1.37532216E-02
 5.38741495E-02
 1.52266905E-01
 9.31306814E-02
 9.20360631E-03
 5.98234410E-02
 2.84842224E-01
 1.09495971E-01
 1.37198508E-03
 6.85160844E-02
 1.77393735E-01
 1.04020032E-01
 5.45955422E-02
 1.59028300E-01
 1.03273601E-01
 3.19273495E-02
 1.19577919E-01
 2.72918383E-01
 1.29926773E-01
 1.11758077E-01
 9.22989082E-02
 2.05636267E-03
 4.16228717E-02
 7.64940818E-02
 3.18497100E-01
 1.06386030E-01
 2.88961847E-02
 5.19318014E-02
 1.00184889E-01
 1.31146516E-01
 8.28076630E-02
 1.63157103E-01
 2.46416597E-01
 2.14245840E-02
 4.65584704E-03
 2.96006194E-02
 1.12811773E-01
 5.26486222E-02
 1.25845229E-02
 1.10818933E-02
 2.14245840E-02
 4.65584704E-03
 2.77223324E-02
 8.65157551E-02
 3.23631225E-02
 1.84072126E-02
 8.36084620E-03
 2.08857007E-02
 4.26882518E-02
 1.02716674E-01
 1.60667023E-02
 9.84222389E-02
 5.69945201E-03
 5.38683347E-02
 7.56074421E-02
 1.44787991E-01
 6.25080188E-04
 1.02102190E-02
 8.51928748E-03
 2.65745346E-02
 2.16278713E-02
 8.58458944E-02
 7.73955361E-02
 4.11104847E-02
 2.69739150E-02
 3.08039068E-02
 1.04432757E-01
 6.31104433E-02
 3.08039068E-02
 1.19646882E-01
 4.01713412E-02
 2.50956280E-02
 2.32907588E-02
 4.76145755E-02
 3.75657400E-04
 9.18482344E-02
 5.14908765E-02
 3.98776573E-02
 1.08824508E-02
 3.73588840E-02
 1.54033569E-01
 7.44846724E-02
 6.67448743E-02
 3.18881739E-02
 1.07935200E-01
 4.20173228E-02
 4.18054856E-04
 1.32026781E-01
 4.85548454E-02
 8.23901569E-02
 1.37504300E-01
 1.30150463E-01
 9.83207778E-02
 1.04432757E-01
 2.74229902E-01
 1.39744553E-01
 5.48459805E-02
 1.17002454E-01
 7.20247597E-02
 4.76145755E-02
 7.98271976E-02
 1.42655898E-01
 1.34698405E-01
 8.49450484E-02
 3.73513409E-02
 1.03938756E-01
 1.84332090E-01
 1.09579270E-01
 1.06261363E-01
 7.23164185E-02
 9.76472389E-02
 5.40808433E-02
 7.53002607E-02
 4.67578720E-02
 6.31104433E-02
 1.39744553E-01
 6.51575109E-02
 2.64723724E-02
 3.75657400E-04
 6.92221618E-02
 8.07408586E-03
 1.54028220E-01
 3.99911343E-02
 6.76183321E-03
 1.25845229E-02
 3.08039068E-02
 5.48459805E-02
 9.20360631E-03
 1.84072126E-02
 9.18482344E-02
 5.77200157E-02
 1.00101335E-01
 4.78417266E-02
 4.29569073E-03
 1.10818933E-02
 1.19646882E-01
 6.11626113E-02
 1.22276484E-01
 1.62643854E-01
 1.40168949E-01
