 6.86367616E-02
 6.94263431E-02
 5.41206694E-02
 1.00898219E-02
 5.59244086E-02
 1.22714751E-01
 1.67328539E-01
 3.00713749E-01
 1.82486405E-02
 1.66694776E-02
 4.07694301E-02
 1.02472497E-01
 3.73623022E-02
 4.00701227E-02
 1.10550606E-01
 3.53587528E-01
 9.58689999E-02
 9.14623898E-02
 1.14895167E-01
 1.99845422E-01
 9.57092876E-02
 7.43528218E-02
 2.20159419E-01
 2.11419296E-01
 1.99157262E-01
 2.42880209E-01
 3.93543340E-01
 1.67949366E-01
 1.28073417E-01
 1.19588659E-01
 1.08926582E-01
 1.26963050E-01
 1.69643924E-01
 3.12537500E-01
 8.33766258E-02
 2.27035347E-02
 8.46430672E-02
 1.73259475E-01
 1.36990568E-01
 5.11455565E-02
 2.81540129E-01
 1.47935254E-01
 7.97150275E-03
 7.03964202E-03
 3.01152135E-02
 8.23667796E-02
 2.60035088E-02
 4.00701227E-02
 1.10550606E-01
 2.41933908E-03
 5.55617618E-04
 3.36839707E-02
 8.54698478E-02
 2.58612625E-02
 3.24317556E-02
 4.54162009E-02
 3.93655644E-02
 6.24027338E-02
 1.13837505E-01
 2.21400050E-02
 1.14280871E-01
 1.34518965E-01
 1.01509087E-01
 1.31420837E-01
 2.06478950E-01
 6.29216950E-02
 3.73953541E-02
 2.21531545E-02
 8.82266976E-02
 1.89464336E-02
 1.62715401E-01
 4.66463358E-02
 6.96484420E-02
 6.72142956E-02
 8.33896460E-02
 1.45376580E-01
 6.82186283E-02
 7.71349862E-02
 2.22067189E-01
 3.86207007E-02
 3.37524080E-02
 4.49410752E-02
 8.11363313E-02
 1.08925534E-02
 1.15952918E-01
 5.98530015E-02
 4.46724222E-02
 3.34249390E-03
 2.71848226E-02
 1.18268933E-01
 1.43634384E-01
 6.82429072E-02
 3.86920563E-02
 1.14964040E-01
 8.42012355E-02
 8.54189870E-03
 1.66835578E-01
 5.69731518E-02
 1.72787027E-01
 2.99088816E-01
 1.97598668E-01
 1.72993069E-01
 1.93835441E-01
 2.99209419E-01
 1.17054393E-01
 1.37741047E-01
 1.55527915E-01
 1.06316716E-01
 1.08181775E-01
 1.54485706E-01
 9.09099977E-02
 1.97931950E-01
 9.41569847E-02
 2.78117826E-02
 1.02469177E-01
 4.07194924E-01
 1.31844942E-01
 1.19011086E-01
 1.92283615E-01
 1.56395062E-01
 1.55547649E-01
 1.22732843E-01
 1.03272826E-01
 1.13697714E-01
 1.46317991E-01
 7.86738009E-02
 3.97537654E-02
 1.81542556E-02
 1.32862986E-01
 2.64577389E-02
 1.50453205E-01
 2.16247224E-01
 8.79353981E-03
 8.44171633E-03
 5.45955422E-02
 1.11758077E-01
 1.66479361E-02
 1.68834327E-02
 9.84222389E-02
 1.94045256E-02
 9.12842781E-02
 9.72118350E-02
 1.08489696E-02
 5.79187161E-02
 1.59028300E-01
 6.53676077E-04
 1.18467034E-01
 1.69700811E-01
 1.36205071E-01
 1.97365178E-02
 1.98976078E-02
 1.51755123E-02
 1.14479258E-03
 1.96353632E-02
 6.76183321E-03
 9.33776967E-03
 7.32531931E-02
 1.09796370E-03
 7.75783691E-04
 1.07208511E-02
 2.32551181E-02
 4.55817707E-02
 3.51865765E-02
 3.53117956E-02
 2.00319309E-01
 1.07164928E-02
 1.57079775E-02
 2.41558968E-02
 6.44508552E-02
 9.24168855E-02
 2.60281875E-02
 1.14896306E-01
 3.48340337E-02
 4.20930809E-02
 8.43414221E-02
 2.07708090E-01
 1.97832337E-01
 6.98249967E-02
 1.05487675E-01
 9.43680656E-02
 1.30110908E-01
 2.01727741E-01
 1.65347439E-01
 1.04676902E-01
 8.99881860E-02
 3.05470548E-02
 1.16843726E-01
 2.44103626E-01
 1.07389284E-01
 1.67726700E-01
 8.43754926E-02
 4.82225740E-04
 3.82587477E-04
 1.20533524E-02
 1.97220630E-02
 3.42579074E-02
 3.51865765E-02
 3.53117956E-02
 9.64451481E-04
 7.65174955E-04
 2.51084578E-02
 9.39153397E-03
 4.09513412E-06
 1.91585274E-02
 1.19792344E-02
 2.38487666E-02
 4.71702100E-02
 5.12252051E-02
 1.47513578E-02
 6.83721285E-02
 1.74457687E-03
 6.91209261E-03
 7.24712018E-02
 1.17057690E-01
 2.72198280E-02
 8.75268003E-04
 2.54432232E-02
 1.47094564E-01
 4.29831413E-02
 1.02073676E-01
 1.86493300E-01
 6.68452928E-03
 1.34138773E-02
 1.84060423E-02
 5.04314794E-02
 7.12996342E-02
 2.64212372E-02
 1.15165826E-01
 1.48716882E-02
 2.83303842E-02
 3.84399333E-02
 4.36691195E-02
 1.32979911E-02
 6.83696469E-02
 8.44345824E-04
 4.04983378E-02
 1.99045306E-04
 1.73085484E-03
 9.80107689E-02
 1.97064892E-02
 5.13738324E-02
 7.01982959E-03
 2.24888953E-02
 6.77853656E-02
 2.07075583E-02
 1.44712974E-01
 8.39484460E-03
 1.13560996E-01
 1.78482003E-01
 3.29321997E-02
 3.70857438E-02
 6.72419725E-02
 1.59184507E-01
 1.46431170E-01
 8.25194090E-02
 5.75921542E-03
 1.40663035E-02
 5.82254927E-02
 8.78092854E-02
 1.05259372E-01
 2.76440390E-02
 5.49614007E-02
 2.16459335E-03
 2.20663221E-02
 1.49932467E-01
 9.24970900E-02
 3.87781673E-02
 1.47697009E-01
 1.60825605E-01
 1.30275347E-01
 1.03215557E-01
 8.56485060E-02
 1.18832724E-01
 1.83038963E-01
 3.51313388E-02
 2.76264682E-06
 2.21633185E-02
 9.09543099E-02
 2.56308670E-02
 1.25079769E-01
 1.66698645E-01
 3.08250572E-02
 2.61161207E-02
 2.07863762E-02
 5.93538693E-02
 4.39942166E-02
 1.29760431E-02
 5.58477335E-02
 2.70395110E-03
 4.42838845E-02
 9.14633839E-02
 8.52211326E-02
 3.14811357E-02
 8.99073378E-02
 5.96233321E-02
 7.88483972E-02
 1.17035722E-01
 8.06309163E-03
 1.95438119E-04
 1.20909725E-04
 3.98015075E-05
 1.12407719E-04
 4.22029260E-02
 9.39143501E-03
 3.31651819E-02
 1.15514651E-02
 3.90876237E-04
 2.41819449E-04
 6.34055969E-03
 2.12304332E-03
 4.83427416E-02
 4.32006011E-02
 5.30213588E-02
 1.41998497E-01
 1.79563627E-03
 8.53489026E-03
 3.52583206E-03
 7.59859982E-03
 9.51962116E-02
 1.53086889E-02
 8.46843567E-02
 3.94193140E-03
 3.52613857E-03
 1.38883608E-02
 5.08641437E-02
 1.88307279E-01
 7.12861437E-02
 1.15267674E-01
 1.00699395E-01
 1.35993868E-01
 1.92084911E-01
 7.03388910E-02
 3.16754296E-03
 8.05358260E-02
 2.62418680E-02
 1.14456486E-01
 7.67036952E-02
 1.01853320E-01
 1.39526224E-01
 9.42837705E-02
 8.68338229E-05
 1.84021933E-04
 9.46226840E-03
 3.53714924E-03
 3.60618168E-02
 4.32006011E-02
 5.30213588E-02
 1.73667646E-04
 3.68043866E-04
 3.14464502E-02
 1.17700160E-02
 2.58733979E-06
 2.56699224E-02
 1.49586264E-02
 3.05275380E-02
 5.54716898E-02
 4.40060296E-02
 2.40773441E-02
 4.65605734E-02
 6.86268639E-04
 1.07154063E-02
 7.00380678E-02
 4.68102601E-02
 3.33279935E-02
 4.09620047E-04
 4.61381685E-02
 9.18422605E-02
 4.21131464E-02
 7.17574254E-02
 9.16022296E-02
 1.15714128E-04
 8.40056347E-03
 1.87423870E-03
 7.04175452E-03
 7.43796795E-02
 1.51515152E-02
 8.45765804E-02
 1.90142983E-02
 3.55839970E-02
 4.50707914E-02
 4.13186706E-02
 2.45670224E-02
 4.64562985E-02
 8.36086058E-03
 4.76426000E-02
 1.53406741E-03
 5.30280662E-03
 8.71080144E-02
 1.57341823E-02
 5.36736502E-02
 7.67785473E-03
 2.13428198E-02
 7.51342409E-02
 4.00082365E-02
 1.28951903E-01
 2.36116480E-02
 8.17426509E-02
 1.69063484E-01
 7.87032118E-04
 4.15159760E-03
 9.38900603E-03
 3.52167883E-02
 1.41096628E-01
 7.57575758E-02
 7.81737078E-03
 1.76946302E-02
 5.50915608E-02
 3.28678365E-02
 1.17881875E-01
 1.70497726E-02
 4.78994209E-02
 7.00912193E-03
 2.59215906E-02
 2.31569652E-02
 3.62037592E-02
 3.95519810E-02
 1.18791884E-01
 1.70855594E-01
 1.39177102E-01
 1.12181636E-01
 9.01572014E-02
 1.23966132E-01
 1.76370785E-01
 4.40477199E-02
 1.14943426E-06
 4.09450373E-02
 8.95828847E-02
 3.57066485E-02
 1.11944603E-01
 1.34471339E-01
 1.12697220E-02
 3.24004508E-02
 1.51515152E-02
 5.68181818E-02
 3.09917355E-02
 1.92524418E-02
 3.08039068E-02
 8.18828628E-03
 2.42132992E-02
 9.52857161E-02
 4.54834144E-02
 4.63936890E-02
 7.20636113E-02
 1.22666034E-02
 1.00723140E-01
 1.16174190E-01
 4.02530797E-02
 1.71705825E-04
 9.30147979E-05
 5.63122572E-05
 6.88509287E-05
 2.53214146E-02
 5.63486101E-03
 3.12332296E-02
 2.67655898E-02
 3.43411650E-04
 1.86029596E-04
 3.86919852E-03
 1.27101339E-03
 2.90049629E-02
 5.34685700E-02
 7.26628743E-02
 1.05653644E-01
 2.90618028E-03
 6.66474060E-03
 3.09748931E-03
 4.93798198E-03
 7.21891317E-02
 1.51514122E-02
 7.81366687E-02
 1.72153975E-04
 6.15604602E-03
 1.41003376E-02
 3.29275511E-02
 1.59648333E-01
 7.65501096E-02
 7.06636350E-02
 6.19436467E-02
 1.05258893E-01
 1.70280254E-01
 8.02527207E-02
 2.10727091E-03
 1.04187605E-01
 2.70162539E-02
 1.14128854E-01
 6.74922281E-02
 1.41531811E-01
 1.31122900E-01
 9.97959887E-02
 8.81430535E-05
 1.33144440E-04
 5.64191782E-03
 2.11470638E-03
 2.16373588E-02
 5.34685700E-02
 7.26628743E-02
 1.76286107E-04
 2.66288880E-04
 1.87969837E-02
 7.04684327E-03
 1.01502365E-06
 4.57049837E-02
 9.67490728E-03
 1.92473410E-02
 4.01256013E-02
 3.82189570E-02
 2.83902745E-02
 3.39865226E-02
 2.01165996E-03
 7.57799755E-03
 6.46895235E-02
 4.77326650E-02
 2.07573759E-02
 5.50205770E-04
 5.27845326E-02
 1.30646917E-01
 8.03504458E-02
 5.48697961E-02
 1.37802266E-01
 1.60666581E-04
 4.85901595E-03
 1.12697220E-03
 4.22614576E-03
 5.78512397E-02
 1.51515152E-02
 7.81367393E-02
 1.15910552E-02
 2.09877539E-02
 3.25569747E-02
 3.61570248E-02
 2.86250939E-02
 3.39343852E-02
 5.19928605E-03
 3.31746824E-02
 1.50415685E-03
 5.39395019E-03
 7.51137847E-02
 1.40509779E-02
 4.67626562E-02
 5.37012814E-03
 1.74742097E-02
 6.66061614E-02
 4.51863123E-02
 1.11255166E-01
 2.40571255E-02
 5.83377255E-02
 1.58659794E-01
 5.57423737E-04
 2.42815188E-03
 5.63486101E-03
 2.11307288E-02
 1.26972201E-01
 7.57575758E-02
 4.52001353E-03
 1.04911648E-02
 4.82093664E-02
 3.00525920E-02
 1.15852742E-01
 1.12782123E-02
 4.01439305E-02
 7.02255574E-03
 2.59903978E-02
 2.10666831E-02
 3.23858373E-02
 3.68560174E-02
 1.10553101E-01
 1.68648658E-01
 1.39060461E-01
 6.73090800E-02
 5.40957189E-02
 9.64187328E-02
 1.58715252E-01
 2.64288287E-02
 2.10638753E-06
 4.77084899E-02
 7.39903579E-02
 3.81390836E-02
 9.69256450E-02
 1.24917231E-01
 6.76183321E-03
 4.01014275E-02
 1.51515152E-02
 5.68181818E-02
 4.13223140E-02
 3.42787378E-02
 2.45429502E-02
 9.25728727E-03
 1.81257107E-02
 9.63210303E-02
 3.99833955E-02
 6.35800150E-02
 6.83070373E-02
 2.32425235E-02
 1.00723140E-01
 9.99224105E-02
 4.95385415E-02
 1.35610662E-04
 5.27570020E-05
 6.26406296E-05
 2.94801627E-05
 8.43881086E-03
 1.87828700E-03
 2.93012772E-02
 4.19797145E-02
 2.71221325E-04
 1.05514004E-04
 1.37747259E-03
 4.10611425E-04
 9.66499962E-03
 6.37365389E-02
 9.23043898E-02
 6.93087904E-02
 2.40582768E-03
 3.02887446E-03
 1.11687602E-03
 1.56752272E-03
 4.88844923E-02
 1.51222099E-02
 7.16768031E-02
 2.26765828E-03
 7.30366812E-03
 9.29633016E-03
 9.62200296E-03
 1.37058706E-01
 7.61744465E-02
 2.45428286E-02
 2.17108596E-02
 7.37050792E-02
 1.49341258E-01
 8.81851021E-02
 7.10313965E-03
 1.28797809E-01
 2.77927147E-02
 1.13774834E-01
 5.88647655E-02
 1.83012460E-01
 1.22331738E-01
 1.05942379E-01
 7.77511496E-05
 7.05658125E-05
 1.81190631E-03
 6.88213142E-04
 7.21183863E-03
 6.37365389E-02
 9.23043898E-02
 1.55502299E-04
 1.41131625E-04
 6.12819528E-03
 2.31556979E-03
 1.56690951E-06
 6.57400451E-02
 3.59657618E-03
 6.86289233E-03
 2.37450233E-02
 3.21001466E-02
 3.26228496E-02
 2.14124718E-02
 3.72188768E-03
 3.79227448E-03
 5.96903546E-02
 3.45257079E-02
 7.79211087E-03
 6.99607547E-04
 6.00657672E-02
 1.71342701E-01
 1.20301784E-01
 3.72820382E-02
 1.86723121E-01
 2.05201057E-04
 1.31427547E-03
 3.75657400E-04
 1.40871525E-03
 4.13223140E-02
 1.51515152E-02
 7.16968981E-02
 4.16697612E-03
 6.38512495E-03
 2.00350614E-02
 3.09917355E-02
 3.26821938E-02
 2.14124718E-02
 1.28736313E-03
 1.89780221E-02
 1.43994070E-03
 5.31190514E-03
 6.30638106E-02
 1.18785891E-02
 3.97093205E-02
 2.81663524E-03
 1.93597636E-02
 5.77710363E-02
 5.05470913E-02
 9.27250962E-02
 2.43086015E-02
 3.38381806E-02
 1.47812851E-01
 3.39799808E-04
 6.98390245E-04
 1.87828700E-03
 7.04357626E-03
 1.12847483E-01
 7.57575758E-02
 1.19868739E-03
 3.27506749E-03
 4.13223140E-02
 2.72351615E-02
 1.13824192E-01
 4.47370288E-03
 3.27875830E-02
 6.99159156E-03
 2.59445753E-02
 1.81928963E-02
 2.86578047E-02
 3.39412765E-02
 1.02002714E-01
 1.66337145E-01
 1.38875371E-01
 2.24305347E-02
 1.80313831E-02
 6.88705234E-02
 1.41059354E-01
 8.79795905E-03
 3.44198866E-07
 5.44703231E-02
 5.96499693E-02
 4.10463526E-02
 8.18900833E-02
 1.15534779E-01
 2.25394440E-03
 4.78024042E-02
 1.51515152E-02
 5.68181818E-02
 5.16528926E-02
 4.93050338E-02
 1.82819935E-02
 9.08772929E-03
 1.15736626E-02
 9.67914388E-02
 3.44833766E-02
 8.07663411E-02
 6.45504633E-02
 3.42184436E-02
 1.00723140E-01
 8.20920185E-02
 5.88240034E-02
 1.58909031E-04
 6.42708660E-05
 7.41557684E-05
 9.91291302E-06
 7.48244706E-03
 1.87828700E-03
 2.93012772E-02
 4.19797145E-02
 3.17818061E-04
 1.28541732E-04
 1.40050287E-03
 4.49745925E-04
 7.75227204E-03
 6.37365389E-02
 9.23043898E-02
 6.93087904E-02
 2.17134259E-03
 1.95150093E-03
 4.07559561E-04
 1.39475006E-03
 4.59343679E-02
 1.51515152E-02
 7.16968981E-02
 5.78389084E-03
 1.16161997E-02
 1.41589969E-03
 5.61818844E-03
 1.32458903E-01
 7.57575758E-02
 1.80310780E-02
 1.55019170E-02
 6.92225876E-02
 1.48114644E-01
 8.60910594E-02
 5.43105604E-03
 1.31149873E-01
 2.77100710E-02
 1.12980760E-01
 5.97032822E-02
 1.86751879E-01
 1.20649414E-01
 1.04818157E-01
 8.82556601E-05
 5.83142166E-05
 1.31099887E-03
 5.02203791E-04
 7.21204050E-03
 6.37365389E-02
 9.23043898E-02
 1.76511320E-04
 1.16628433E-04
 5.12638040E-03
 1.94355108E-03
 1.16318128E-06
 6.57400451E-02
 4.76481694E-03
 6.16282494E-03
 2.20068979E-02
 3.18525582E-02
 3.27307199E-02
 2.14124718E-02
 1.07098565E-03
 6.30254423E-03
 5.07957596E-02
 2.84942016E-02
 7.19545782E-03
 3.68663294E-04
 6.12202511E-02
 1.75683153E-01
 1.24867868E-01
 3.41857298E-02
 1.91957908E-01
 2.04966667E-04
 8.09152801E-04
 3.75657400E-04
 1.40871525E-03
 4.13223140E-02
 1.51515152E-02
 7.16968981E-02
 4.16650734E-03
 5.37487961E-03
 2.00350614E-02
 3.09917355E-02
 3.26821938E-02
 2.14124718E-02
 1.48224292E-03
 1.73505983E-02
 1.34849115E-03
 5.01020198E-03
 6.29676506E-02
 8.51658445E-03
 4.04467080E-02
 5.17037037E-03
 2.76231129E-02
 5.84151133E-02
 5.07386946E-02
 8.91207975E-02
 2.40225688E-02
 2.96212371E-02
 1.44795026E-01
 2.59392429E-04
 4.51815506E-04
 1.87828700E-03
 7.04357626E-03
 1.12847483E-01
 7.57575758E-02
 1.35950214E-03
 2.78191802E-03
 4.13223140E-02
 2.72351615E-02
 1.13824192E-01
 4.27738399E-04
 3.21676171E-02
 6.88984123E-03
 2.57424571E-02
 1.45621022E-02
 3.02075866E-02
 2.77840912E-02
 1.02436536E-01
 1.65418509E-01
 1.38181751E-01
 2.16589639E-02
 1.80337618E-02
 6.88705234E-02
 1.41059354E-01
 7.25481733E-03
 4.41312641E-06
 5.44703231E-02
 5.88628679E-02
 4.01274663E-02
 8.18608558E-02
 1.16305256E-01
 2.25394440E-03
 4.78024042E-02
 1.51515152E-02
 5.68181818E-02
 5.16528926E-02
 4.93050338E-02
 1.82819935E-02
 8.93627026E-03
 1.29601803E-02
 9.69774930E-02
 3.44833766E-02
 8.07663411E-02
 6.45504633E-02
 3.42184436E-02
 1.00723140E-01
 6.66652382E-02
 5.88240034E-02
 2.43089456E-04
 1.29044916E-04
 9.20038852E-05
 9.94433291E-06
 2.24523590E-02
 5.63486101E-03
 3.12332296E-02
 2.67655898E-02
 4.86178913E-04
 2.58089832E-04
 3.94058177E-03
 1.38882659E-03
 2.32668517E-02
 5.34685700E-02
 7.26628743E-02
 1.05653644E-01
 2.45592295E-03
 3.80439445E-03
 1.34007081E-03
 4.59112390E-03
 6.34585303E-02
 1.51515152E-02
 7.81367393E-02
 1.14348951E-02
 6.89845220E-03
 2.80810780E-03
 2.09542400E-02
 1.45440058E-01
 7.57575758E-02
 5.29054456E-02
 4.51719420E-02
 9.34405451E-02
 1.67588821E-01
 7.35745662E-02
 3.19056712E-03
 1.10101294E-01
 2.67231181E-02
 1.11717614E-01
 7.04385038E-02
 1.50588170E-01
 1.26545028E-01
 9.60075423E-02
 1.20772980E-04
 9.75060471E-05
 4.14005517E-03
 1.55683197E-03
 2.16379912E-02
 5.34685700E-02
 7.26628743E-02
 2.41545959E-04
 1.95012094E-04
 1.57932583E-02
 5.93109444E-03
 2.49831699E-07
 4.57049837E-02
 1.32107675E-02
 1.74154299E-02
 3.52319620E-02
 3.75498530E-02
 2.87730407E-02
 3.39343852E-02
 7.16045016E-03
 1.13678415E-02
 5.17044188E-02
 3.14503862E-02
 1.94521730E-02
 2.83917221E-04
 5.61162842E-02
 1.41591906E-01
 9.17797002E-02
 4.66207063E-02
 1.50536215E-01
 1.53353983E-04
 3.34116941E-03
 1.12697220E-03
 4.22614576E-03
 5.78512397E-02
 1.51515152E-02
 7.81367393E-02
 1.15764300E-02
 1.79520608E-02
 3.25569747E-02
 3.61570248E-02
 2.86250939E-02
 3.39343852E-02
 2.77971536E-03
 2.82828668E-02
 1.11711301E-03
 4.56843672E-03
 7.48544277E-02
 3.28524226E-03
 5.01523033E-02
 1.24935111E-02
 2.75074398E-02
 6.87373835E-02
 4.54815963E-02
 1.01310381E-01
 2.31806580E-02
 4.72641778E-02
 1.50251020E-01
 3.49710148E-04
 1.67586196E-03
 5.63486101E-03
 2.11307288E-02
 1.26972201E-01
 7.57575758E-02
 4.93544071E-03
 8.98658492E-03
 4.82093664E-02
 3.00525920E-02
 1.15852742E-01
 4.61398488E-04
 3.81836362E-02
 6.67571792E-03
 2.54435146E-02
 1.00712241E-02
 3.82942715E-02
 3.11312881E-02
 1.12075256E-01
 1.66039016E-01
 1.37001090E-01
 6.49809435E-02
 5.40978209E-02
 9.64187328E-02
 1.58715252E-01
 2.17725556E-02
 6.31041910E-06
 4.77084899E-02
 7.13572068E-02
 3.52953230E-02
 9.68260722E-02
 1.27788376E-01
 6.76183321E-03
 4.01014275E-02
 1.51515152E-02
 5.68181818E-02
 4.13223140E-02
 3.42787378E-02
 2.45429502E-02
 8.97984719E-03
 2.23516153E-02
 9.69264427E-02
 3.99833955E-02
 6.35800150E-02
 6.83070373E-02
 2.32425235E-02
 1.00723140E-01
 5.40698669E-02
 4.95385415E-02
 3.27269882E-04
 1.93818966E-04
 1.09159525E-04
 1.25725414E-05
 3.74214399E-02
 9.39143501E-03
 3.31651819E-02
 1.15514651E-02
 6.54539764E-04
 3.87637932E-04
 6.47927572E-03
 2.32271367E-03
 3.87797694E-02
 4.32006011E-02
 5.30213588E-02
 1.41998497E-01
 1.76768760E-03
 5.35968790E-03
 2.27099201E-03
 7.48582943E-03
 8.08840082E-02
 1.51515152E-02
 8.45765804E-02
 1.19788830E-02
 4.56685302E-03
 8.31495194E-03
 3.66622508E-02
 1.58430728E-01
 7.57575758E-02
 8.71116118E-02
 7.52492676E-02
 1.18477750E-01
 1.87210119E-01
 6.07883681E-02
 1.24424985E-02
 8.84868487E-02
 2.56668273E-02
 1.10390232E-01
 8.22561166E-02
 1.13318624E-01
 1.32673238E-01
 8.72581690E-02
 1.53290299E-04
 1.36697878E-04
 6.96859211E-03
 2.60951255E-03
 3.60633186E-02
 4.32006011E-02
 5.30213588E-02
 3.06580598E-04
 2.73395755E-04
 2.64590976E-02
 9.91474261E-03
 4.16386164E-07
 2.56699224E-02
 1.95413868E-02
 2.79031347E-02
 4.83121220E-02
 4.25790209E-02
 2.46006537E-02
 4.64562985E-02
 1.47980430E-02
 1.17037260E-02
 6.01242083E-02
 3.47908317E-02
 2.85987344E-02
 2.26856368E-03
 5.05233166E-02
 1.06574471E-01
 5.73809835E-02
 5.97165145E-02
 1.07786856E-01
 1.09407843E-04
 5.87606097E-03
 1.87828700E-03
 7.04357626E-03
 7.43801653E-02
 1.51515152E-02
 8.45765804E-02
 1.90016857E-02
 3.05349920E-02
 4.50788881E-02
 4.13223140E-02
 2.45679940E-02
 4.64562985E-02
 1.29138320E-03
 3.80993487E-02
 1.20915748E-03
 5.02662262E-03
 8.70269136E-02
 2.70066686E-04
 4.81905267E-02
 1.11463424E-02
 2.72621823E-02
 7.48541707E-02
 3.80618970E-02
 1.14680789E-01
 2.21312759E-02
 6.58842128E-02
 1.56102309E-01
 4.36194594E-04
 2.90134588E-03
 9.39143501E-03
 3.52178813E-02
 1.41096920E-01
 7.57575758E-02
 8.51904582E-03
 1.51941268E-02
 5.50964187E-02
 3.28700225E-02
 1.17881292E-01
 4.87653546E-04
 4.33488706E-02
 6.81404546E-03
 2.57558215E-02
 7.43794740E-03
 3.69126679E-02
 3.77126593E-02
 1.19109868E-01
 1.68117618E-01
 1.35644345E-01
 1.08302923E-01
 9.01618800E-02
 1.23966942E-01
 1.76371150E-01
 3.62902940E-02
 8.20771180E-06
 4.09466566E-02
 8.32225278E-02
 3.01644768E-02
 1.11920772E-01
 1.38876533E-01
 1.12697220E-02
 3.24004508E-02
 1.51515152E-02
 5.68181818E-02
 3.09917355E-02
 1.92524418E-02
 3.08039068E-02
 9.02342412E-03
 3.17430503E-02
 9.68099270E-02
 4.54834144E-02
 4.63936890E-02
 7.20636113E-02
 1.22666034E-02
 1.00723140E-01
 5.72592642E-02
 4.02530797E-02
 1.92334964E-02
 1.97020599E-02
 1.55006425E-02
 2.79081576E-03
 1.52502136E-02
 6.76183321E-03
 9.33776967E-03
 7.32531931E-02
 2.10400649E-03
 1.16687946E-03
 1.00705907E-02
 1.99630717E-02
 3.68114715E-02
 3.51865765E-02
 3.53117956E-02
 2.00319309E-01
 1.12326786E-02
 1.31299792E-02
 2.03295816E-02
 5.39270937E-02
 7.71771891E-02
 2.64212372E-02
 1.15165826E-01
 5.03652033E-02
 4.34910650E-02
 7.26594930E-02
 1.69730024E-01
 1.61674125E-01
 8.25194090E-02
 8.68305467E-02
 7.92988297E-02
 1.22864803E-01
 2.05573116E-01
 1.36794737E-01
 8.49527761E-02
 8.57826581E-02
 3.13438329E-02
 1.12015204E-01
 1.96931694E-01
 9.99970492E-02
 1.59489575E-01
 5.72744159E-02
 6.08203159E-04
 3.36124443E-04
 1.01066021E-02
 1.90000131E-02
 3.42602314E-02
 3.51865765E-02
 3.53117956E-02
 1.21640632E-03
 6.72248886E-04
 2.12149573E-02
 7.94743418E-03
 5.53020486E-07
 1.91585274E-02
 1.62484485E-02
 2.26208650E-02
 4.11076155E-02
 4.53271733E-02
 1.35421199E-02
 6.83696469E-02
 1.53747593E-02
 9.32189824E-03
 6.30441110E-02
 9.30726000E-02
 2.18510801E-02
 1.17423705E-03
 3.41922622E-02
 1.38313100E-01
 5.02188571E-02
 8.63238613E-02
 1.70639207E-01
 6.80891206E-03
 1.13934243E-02
 1.84072126E-02
 5.04320060E-02
 7.12997746E-02
 2.64212372E-02
 1.15165826E-01
 1.51204537E-02
 2.42894783E-02
 3.84422740E-02
 4.36701728E-02
 1.32982720E-02
 6.83696469E-02
 4.94468870E-03
 3.07880683E-02
 1.27178002E-03
 5.14774732E-03
 9.90892517E-02
 3.30417110E-02
 4.40504076E-02
 9.73977806E-03
 2.68260257E-02
 6.25361075E-02
 1.93872794E-02
 1.27642713E-01
 1.25689906E-02
 9.46064534E-02
 1.63562756E-01
 3.35761924E-02
 3.60928232E-02
 6.72426747E-02
 1.59184823E-01
 1.46431255E-01
 8.25194090E-02
 7.04720077E-03
 1.20804624E-02
 5.82268971E-02
 8.78099174E-02
 1.05259204E-01
 2.63604968E-02
 4.22400266E-02
 6.85910689E-03
 2.58318659E-02
 1.44432380E-01
 7.67689980E-02
 3.80154366E-02
 1.38734558E-01
 1.57253653E-01
 1.28957160E-01
 1.00260988E-01
 8.56573859E-02
 1.18832958E-01
 1.83039068E-01
 2.92222020E-02
 1.49972590E-05
 2.21637866E-02
 7.37797941E-02
 1.51431243E-02
 1.26966360E-01
 1.69869765E-01
 2.93012772E-02
 2.55447032E-02
 2.07863762E-02
 5.93538693E-02
 4.09466566E-02
 1.18332081E-02
 5.58477335E-02
 8.63381652E-03
 5.52216379E-02
 9.12129700E-02
 8.14116827E-02
 3.00525920E-02
 8.99073378E-02
 5.20044323E-02
 8.17054846E-02
 6.01021139E-02
 7.30120165E-03
 7.01909809E-02
 7.14713102E-02
 5.85125032E-02
 2.01460413E-02
 6.10280035E-02
 1.22714751E-01
 1.67328539E-01
 3.00713749E-01
 1.51402019E-02
 1.25795435E-02
 3.19857624E-02
 8.23600587E-02
 2.71551124E-02
 4.00701227E-02
 1.10550606E-01
 3.53587528E-01
 8.15221638E-02
 7.58967826E-02
 9.28298581E-02
 1.58388973E-01
 7.46078510E-02
 7.71349862E-02
 2.22067189E-01
 2.16956746E-01
 1.91343315E-01
 2.14650655E-01
 3.25315226E-01
 1.30993591E-01
 1.37741047E-01
 1.14282646E-01
 1.10127610E-01
 1.35637892E-01
 1.86576546E-01
 2.68675858E-01
 5.45234481E-02
 1.54876911E-02
 8.30182897E-02
 1.66512863E-01
 8.19171781E-02
 5.85079282E-02
 2.67003228E-01
 1.70055798E-01
 8.63854872E-03
 7.51949366E-03
 2.79341568E-02
 7.69350487E-02
 2.43746638E-02
 4.00701227E-02
 1.10550606E-01
 3.75343101E-03
 1.51532091E-03
 2.93218573E-02
 7.46063859E-02
 2.26035725E-02
 3.24317556E-02
 3.77257464E-02
 3.13886816E-02
 4.82008486E-02
 8.74556921E-02
 1.27552418E-02
 1.15952918E-01
 1.40996962E-01
 9.95418857E-02
 1.16414954E-01
 1.67967562E-01
 6.00608292E-02
 4.16767928E-02
 3.93016304E-02
 7.45339828E-02
 1.24726156E-02
 1.43366158E-01
 3.40395604E-02
 6.79368872E-02
 6.57705274E-02
 8.33959429E-02
 1.45379414E-01
 6.82193839E-02
 7.71349862E-02
 2.22067189E-01
 3.51975910E-02
 3.08648715E-02
 4.49536689E-02
 8.11419985E-02
 1.08940646E-02
 1.15952918E-01
 4.11207972E-02
 2.83108365E-02
 1.07160303E-02
 3.41760525E-02
 1.20356046E-01
 1.36038869E-01
 5.94915607E-02
 3.87416646E-02
 1.09440436E-01
 7.62702391E-02
 1.31144410E-02
 1.43532534E-01
 5.62805110E-02
 1.49780432E-01
 2.70358176E-01
 1.87696888E-01
 1.68718882E-01
 1.93839219E-01
 2.99211119E-01
 1.17054846E-01
 1.37741047E-01
 1.35724355E-01
 9.77683431E-02
 1.08189331E-01
 1.54489106E-01
 9.09090909E-02
 1.41284090E-01
 6.19121973E-02
 3.73013291E-02
 1.08943356E-01
 3.63495501E-01
 1.11692174E-01
 1.05721968E-01
 1.77139551E-01
 1.44177637E-01
 1.51793718E-01
 1.17158452E-01
 1.01753309E-01
 1.13698973E-01
 1.46318557E-01
 6.75250179E-02
 3.67147328E-02
 1.81567744E-02
 8.89944223E-02
 6.09763667E-03
 1.54016613E-01
 2.19256245E-01
 6.76183321E-03
 9.20360631E-03
 5.45955422E-02
 1.11758077E-01
 1.25845229E-02
 1.84072126E-02
 9.84222389E-02
 2.90984328E-02
 9.11989719E-02
 9.58971271E-02
 5.76970312E-03
 5.98234410E-02
 1.59028300E-01
 1.08122091E-02
 1.22276484E-01
 1.17945398E-01
 1.37220924E-01
