 5.10433694E-01
 3.53073512E-01
 2.58930817E-01
 2.40742625E-01
 1.96862166E-01
 1.73553719E-01
 2.08489857E-01
 2.93012772E-02
 3.38649345E-01
 1.88601531E-01
 1.12568446E-01
 1.13501942E-01
 8.09387276E-02
 4.78024042E-02
 4.95867769E-02
 0.00000000E+00
 2.16506425E-01
 8.69567399E-02
 3.37504097E-02
 6.68420444E-02
 5.10217509E-02
 1.62225875E-01
 0.00000000E+00
 1.91698366E-01
 7.42042080E-02
 4.17473195E-02
 1.65920165E-01
 1.69168948E-01
 0.00000000E+00
 1.73507300E-01
 6.44685033E-02
 4.41148192E-02
 1.87062964E-01
 0.00000000E+00
 2.20115674E-01
 1.14760597E-01
 7.37619897E-02
 0.00000000E+00
 3.54302563E-01
 1.93889677E-01
 0.00000000E+00
 4.01842651E-01
 3.51335092E-01
 1.97745479E-01
 1.17199182E-01
 1.14223967E-01
 7.97854164E-02
 4.78024042E-02
 4.95867769E-02
 1.84545217E-01
 7.29362570E-02
 3.34186916E-02
 5.04024036E-02
 2.63585031E-02
 7.36288505E-02
 7.54304748E-02
 1.33735585E-02
 1.07042303E-02
 5.72315524E-02
 8.12434539E-03
 0.00000000E+00
 7.25521829E-02
 2.44861434E-02
 4.16594079E-02
 1.89014848E-01
 6.27780735E-02
 2.06909680E-02
 1.38884581E-02
 1.26864100E-01
 1.97960791E-02
 0.00000000E+00
 2.48337706E-01
 2.57070864E-01
 1.17731125E-01
 4.99624343E-02
 6.86200851E-02
 4.84598047E-02
 1.60781367E-01
 0.00000000E+00
 1.08104559E-01
 3.47485500E-02
 1.55271726E-02
 4.76145755E-02
 7.51314801E-04
 0.00000000E+00
 1.77452240E-02
 1.07729910E-02
 1.35951123E-02
 7.92051942E-02
 0.00000000E+00
 4.75188127E-02
 5.60514348E-02
 7.30073588E-02
 0.00000000E+00
 4.77939871E-02
 2.95084264E-02
 0.00000000E+00
 3.65546582E-02
 0.00000000E+00
 0.00000000E+00
 2.39543062E-01
 1.15293438E-01
 6.86200851E-02
 1.67543201E-01
 1.60030053E-01
 0.00000000E+00
 1.10503035E-01
 5.32543279E-02
 4.76145755E-02
 1.59654395E-01
 0.00000000E+00
 5.21513192E-02
 6.07866637E-02
 7.91814474E-02
 0.00000000E+00
 1.84113253E-01
 2.29088699E-01
 0.00000000E+00
 2.08380902E-01
 0.00000000E+00
 0.00000000E+00
 1.96960967E-01
 8.03660929E-02
 4.84598047E-02
 1.60030053E-01
 8.12021967E-02
 2.81005326E-02
 7.51314801E-04
 4.14907176E-02
 9.06062116E-03
 0.00000000E+00
 2.17276205E-01
 1.73553719E-01
 4.78024042E-02
 1.60781367E-01
 0.00000000E+00
 4.78024042E-02
 7.36288505E-02
 0.00000000E+00
 1.54039159E-01
 0.00000000E+00
 0.00000000E+00
 2.08489857E-01
 4.95867769E-02
 0.00000000E+00
 4.95867769E-02
 0.00000000E+00
 0.00000000E+00
 2.93012772E-02
 3.31541785E-01
 1.75612053E-01
 9.46614411E-02
 7.70040280E-02
 5.60021758E-02
 5.33433509E-02
 1.21712998E-01
 7.43801653E-02
 1.66954369E-01
 6.15270472E-02
 2.17779920E-02
 1.59510917E-02
 1.48537860E-02
 4.60180316E-02
 1.11570248E-01
 0.00000000E+00
 6.66788213E-02
 9.55007916E-03
 3.34999883E-03
 5.35128072E-03
 3.03670981E-02
 7.18532199E-02
 0.00000000E+00
 4.39664374E-02
 1.53122390E-03
 3.31311386E-03
 5.01241363E-02
 1.14995108E-01
 0.00000000E+00
 4.19882996E-02
 8.00015456E-03
 2.77387218E-02
 1.31754026E-01
 0.00000000E+00
 7.28116416E-02
 7.65023956E-02
 3.20950813E-02
 0.00000000E+00
 1.80597473E-01
 1.94329590E-01
 0.00000000E+00
 2.56374967E-01
 1.75243376E-01
 6.41812737E-02
 2.26034538E-02
 1.66459240E-02
 1.27632847E-02
 4.60180316E-02
 1.11570248E-01
 6.06667996E-02
 1.20365596E-02
 9.55145944E-03
 6.32251398E-03
 2.72007842E-05
 4.73328325E-02
 3.98394623E-03
 2.31233436E-03
 2.15787368E-02
 4.45134930E-02
 3.13852781E-02
 0.00000000E+00
 4.89758670E-04
 1.07812742E-03
 4.76496470E-02
 1.59633064E-01
 8.07677569E-03
 6.87610902E-04
 3.95086091E-02
 8.26026003E-02
 8.32650481E-02
 0.00000000E+00
 2.33604102E-01
 9.44054805E-02
 2.25822387E-02
 1.12697220E-03
 7.51314801E-03
 2.62960180E-02
 7.06235913E-02
 0.00000000E+00
 2.11636866E-02
 9.49842179E-03
 1.86576509E-02
 3.94440270E-02
 2.98647633E-02
 0.00000000E+00
 1.07683822E-02
 2.12560989E-02
 1.21074456E-03
 1.60123485E-02
 0.00000000E+00
 3.63924239E-03
 5.45518946E-02
 9.75834577E-03
 0.00000000E+00
 3.02674891E-02
 4.65366078E-02
 0.00000000E+00
 1.84381635E-02
 0.00000000E+00
 0.00000000E+00
 7.64131689E-02
 1.66296838E-02
 7.51314801E-03
 5.63486101E-02
 1.09691961E-01
 0.00000000E+00
 1.44739441E-02
 6.27920692E-03
 3.94440270E-02
 1.33358377E-01
 0.00000000E+00
 6.41676381E-03
 4.34473918E-02
 1.59648550E-02
 0.00000000E+00
 5.96410790E-02
 1.71529606E-01
 0.00000000E+00
 1.43007504E-01
 0.00000000E+00
 0.00000000E+00
 5.68342714E-02
 1.27772779E-02
 2.62960180E-02
 1.09691961E-01
 1.70727076E-02
 1.47787964E-05
 2.98647633E-02
 2.51290603E-02
 3.05186214E-02
 0.00000000E+00
 1.49566446E-01
 5.33433509E-02
 4.60180316E-02
 7.06235913E-02
 0.00000000E+00
 4.60180316E-02
 4.73328325E-02
 0.00000000E+00
 8.64659135E-02
 0.00000000E+00
 0.00000000E+00
 1.21712998E-01
 1.11570248E-01
 0.00000000E+00
 1.11570248E-01
 0.00000000E+00
 0.00000000E+00
 7.43801653E-02
 2.30671436E-01
 8.98359827E-02
 2.82209615E-02
 2.02348947E-02
 1.50905040E-02
 7.51314801E-03
 4.50788881E-02
 7.88880541E-02
 8.57978848E-02
 1.69050465E-02
 1.99026249E-03
 1.04741713E-03
 1.01887519E-02
 4.78963186E-02
 1.04244929E-01
 0.00000000E+00
 1.25619443E-02
 1.98583642E-03
 1.43890151E-03
 1.61421712E-03
 3.52896324E-02
 5.39669046E-02
 0.00000000E+00
 1.75216593E-03
 8.12166271E-03
 9.07892907E-03
 1.78130046E-02
 9.20934002E-02
 0.00000000E+00
 6.63127592E-03
 6.28108232E-03
 3.05565145E-02
 1.02016896E-01
 0.00000000E+00
 1.58449558E-03
 4.90317854E-02
 4.89103408E-02
 0.00000000E+00
 3.40533209E-02
 9.96265334E-02
 0.00000000E+00
 1.21212779E-01
 8.96643338E-02
 1.69238913E-02
 2.89448087E-03
 1.78758729E-03
 7.50727234E-03
 4.78963186E-02
 1.04244929E-01
 1.65045324E-02
 4.63398051E-05
 1.19319197E-02
 7.89737778E-03
 1.76269974E-05
 7.70097671E-02
 5.04064782E-03
 9.08436296E-03
 2.82548632E-02
 4.55599817E-02
 6.13169082E-02
 0.00000000E+00
 3.92530666E-03
 5.51779874E-03
 5.20249858E-02
 7.63770113E-02
 6.64006793E-03
 3.44628780E-04
 7.31644624E-02
 5.10790855E-02
 7.89597536E-02
 0.00000000E+00
 1.42925444E-01
 2.80336298E-02
 2.97470091E-03
 4.57966998E-16
 0.00000000E+00
 2.93012772E-02
 5.37190083E-02
 0.00000000E+00
 1.54066655E-03
 1.21324698E-02
 2.25394440E-02
 4.13223140E-02
 6.14199850E-02
 0.00000000E+00
 4.82317858E-03
 3.06287502E-02
 2.03919384E-03
 2.07147651E-02
 0.00000000E+00
 1.97928200E-04
 5.88159798E-02
 1.25256915E-02
 0.00000000E+00
 3.22753971E-02
 7.65419909E-02
 0.00000000E+00
 4.78361190E-02
 0.00000000E+00
 0.00000000E+00
 2.01317391E-02
 1.83641320E-03
 0.00000000E+00
 1.52655666E-16
 8.79038317E-02
 0.00000000E+00
 7.89528004E-04
 8.02758022E-03
 4.13223140E-02
 6.57400451E-02
 0.00000000E+00
 7.86188517E-03
 4.69073604E-02
 2.06555340E-02
 0.00000000E+00
 5.13607823E-03
 8.13775068E-02
 0.00000000E+00
 1.13449602E-01
 0.00000000E+00
 0.00000000E+00
 1.64099222E-02
 7.51691720E-03
 2.93012772E-02
 8.79038317E-02
 1.37072004E-02
 1.13075837E-05
 6.14199850E-02
 3.75722902E-02
 6.49306624E-02
 0.00000000E+00
 1.29053981E-01
 7.51314801E-03
 4.78963186E-02
 5.37190083E-02
 0.00000000E+00
 4.78963186E-02
 7.70097671E-02
 0.00000000E+00
 6.32869761E-02
 0.00000000E+00
 0.00000000E+00
 4.50788881E-02
 1.04244929E-01
 0.00000000E+00
 1.04244929E-01
 0.00000000E+00
 0.00000000E+00
 7.88880541E-02
 1.94176165E-01
 6.66564387E-02
 1.69487113E-02
 1.21466763E-02
 9.05159064E-03
 4.50788881E-03
 3.94440270E-02
 9.69196093E-02
 6.42025980E-02
 1.01522764E-02
 1.23288017E-03
 6.42799054E-04
 6.10601981E-03
 6.07625845E-02
 1.49323817E-01
 0.00000000E+00
 5.88957638E-03
 1.43214111E-03
 6.64669796E-04
 8.42739809E-04
 3.09200899E-02
 5.36715073E-02
 0.00000000E+00
 7.64565715E-03
 9.31832717E-03
 1.14571396E-02
 1.52610303E-02
 9.38133687E-02
 0.00000000E+00
 2.82936566E-03
 4.05136778E-03
 2.83604723E-02
 9.40473764E-02
 0.00000000E+00
 2.62360990E-03
 6.75482266E-02
 5.22248675E-02
 0.00000000E+00
 2.89486673E-02
 1.44338566E-01
 0.00000000E+00
 1.08675463E-01
 6.65430283E-02
 1.01559001E-02
 1.75194709E-03
 1.07090406E-03
 4.50219660E-03
 6.07625845E-02
 1.49323817E-01
 9.88765205E-03
 3.15606229E-05
 7.19729822E-03
 4.73403116E-03
 1.70766230E-05
 1.37114951E-01
 3.46795226E-03
 5.49465539E-03
 2.03903217E-02
 3.91833398E-02
 7.15276857E-02
 0.00000000E+00
 4.35049592E-03
 1.26536608E-03
 4.27412244E-02
 6.23976219E-02
 3.94535592E-03
 3.14671332E-04
 8.27118514E-02
 6.97154999E-02
 1.43971584E-01
 0.00000000E+00
 1.92939271E-01
 1.68094299E-02
 1.73019789E-03
 3.05311332E-16
 0.00000000E+00
 2.66716754E-02
 5.37190083E-02
 0.00000000E+00
 8.98604625E-04
 7.14292522E-03
 1.62784874E-02
 3.61570248E-02
 7.15627348E-02
 0.00000000E+00
 2.64915648E-03
 2.15475401E-02
 1.99059247E-03
 2.06851615E-02
 0.00000000E+00
 8.91145542E-05
 5.02160781E-02
 1.58344874E-02
 0.00000000E+00
 2.89027477E-02
 8.41113049E-02
 0.00000000E+00
 5.07211016E-02
 0.00000000E+00
 0.00000000E+00
 1.20601861E-02
 1.07243495E-03
 2.03540888E-16
 1.52655666E-16
 8.41472577E-02
 0.00000000E+00
 4.26573505E-04
 4.73811354E-03
 3.61570248E-02
 6.01051841E-02
 0.00000000E+00
 4.46958648E-03
 4.00384408E-02
 2.06502197E-02
 0.00000000E+00
 4.38277859E-03
 7.26457914E-02
 0.00000000E+00
 1.03279772E-01
 0.00000000E+00
 0.00000000E+00
 9.84973840E-03
 4.51151778E-03
 2.66716754E-02
 8.41472577E-02
 8.23441383E-03
 1.08869383E-05
 7.15627348E-02
 3.33904003E-02
 7.36263577E-02
 0.00000000E+00
 1.19385489E-01
 4.50788881E-03
 6.07625845E-02
 5.37190083E-02
 0.00000000E+00
 6.07625845E-02
 1.37114951E-01
 0.00000000E+00
 5.83808574E-02
 0.00000000E+00
 0.00000000E+00
 3.94440270E-02
 1.49323817E-01
 0.00000000E+00
 1.49323817E-01
 0.00000000E+00
 0.00000000E+00
 9.69196093E-02
 1.57678538E-01
 4.34738632E-02
 5.67426879E-03
 4.06277631E-03
 3.01503504E-03
 1.50262960E-03
 3.38091660E-02
 1.14951165E-01
 4.26019271E-02
 3.39243257E-03
 4.70236092E-04
 2.48976842E-04
 2.02957503E-03
 7.36288505E-02
 1.94402705E-01
 0.00000000E+00
 8.38566040E-04
 9.47291394E-04
 4.52594999E-05
 1.34495845E-04
 2.64083215E-02
 5.36883080E-02
 0.00000000E+00
 1.37471592E-02
 1.06902065E-02
 9.04989252E-03
 3.69681211E-03
 9.39796430E-02
 0.00000000E+00
 1.10084041E-03
 1.68408688E-03
 2.59164186E-02
 8.54235917E-02
 0.00000000E+00
 3.62333580E-03
 8.67968378E-02
 5.56383961E-02
 0.00000000E+00
 2.38757619E-02
 1.91125393E-01
 0.00000000E+00
 9.58907805E-02
 4.34219905E-02
 3.38536364E-03
 6.05340510E-04
 3.56694550E-04
 1.49877870E-03
 7.36288505E-02
 1.94402705E-01
 3.27139637E-03
 1.06728928E-05
 2.45249478E-03
 1.57728113E-03
 1.15526969E-05
 1.97220135E-01
 1.97705179E-03
 1.82402792E-03
 1.24990916E-02
 3.28293879E-02
 8.17606670E-02
 0.00000000E+00
 4.79655346E-03
 3.15919814E-03
 3.30893953E-02
 6.53504971E-02
 1.15506761E-03
 2.88701840E-04
 9.25933397E-02
 8.92404734E-02
 2.12038203E-01
 0.00000000E+00
 2.45914232E-01
 5.58441142E-03
 4.83712535E-04
 1.52655666E-16
 2.03540888E-16
 2.40420736E-02
 5.37190083E-02
 0.00000000E+00
 2.54578382E-04
 2.14842484E-03
 1.00175307E-02
 3.09917355E-02
 8.17054846E-02
 0.00000000E+00
 6.20326874E-04
 1.23359858E-02
 1.93429802E-03
 2.06124766E-02
 0.00000000E+00
 4.29101477E-04
 4.12121022E-02
 1.92445413E-02
 0.00000000E+00
 2.53851440E-02
 9.19983052E-02
 0.00000000E+00
 5.34461860E-02
 0.00000000E+00
 0.00000000E+00
 3.97933056E-03
 3.05395831E-04
 4.07081776E-16
 1.52655666E-16
 8.03906837E-02
 0.00000000E+00
 4.03624631E-05
 1.44048455E-03
 3.09917355E-02
 5.44703231E-02
 0.00000000E+00
 1.32552866E-03
 3.29567592E-02
 2.06018242E-02
 0.00000000E+00
 3.59369027E-03
 6.35702462E-02
 0.00000000E+00
 9.27190706E-02
 0.00000000E+00
 0.00000000E+00
 3.28529315E-03
 1.50503872E-03
 2.40420736E-02
 8.03906837E-02
 2.75026333E-03
 7.22734216E-06
 8.17054846E-02
 2.88218477E-02
 8.18107272E-02
 0.00000000E+00
 1.09067854E-01
 1.50262960E-03
 7.36288505E-02
 5.37190083E-02
 0.00000000E+00
 7.36288505E-02
 1.97220135E-01
 0.00000000E+00
 5.41895125E-02
 0.00000000E+00
 0.00000000E+00
 3.38091660E-02
 1.94402705E-01
 0.00000000E+00
 1.94402705E-01
 0.00000000E+00
 0.00000000E+00
 1.14951165E-01
 1.57829393E-01
 4.34793450E-02
 5.68157545E-03
 4.08050569E-03
 2.87404737E-03
 1.50262960E-03
 3.38091660E-02
 1.14951165E-01
 4.29467366E-02
 3.40522342E-03
 4.87772057E-04
 2.93300285E-04
 1.65360792E-03
 7.36288505E-02
 1.94402705E-01
 0.00000000E+00
 8.27563627E-04
 1.52970042E-04
 5.53180540E-04
 2.57634015E-04
 2.56966506E-02
 5.37190083E-02
 0.00000000E+00
 1.77254462E-02
 1.54730590E-02
 3.43822980E-04
 3.10044050E-03
 9.60602828E-02
 0.00000000E+00
 1.97353289E-03
 1.23262180E-03
 2.52217815E-02
 8.19518440E-02
 0.00000000E+00
 2.74124091E-03
 8.88506020E-02
 5.59584028E-02
 0.00000000E+00
 2.52070073E-02
 1.95195597E-01
 0.00000000E+00
 9.50527993E-02
 4.34385179E-02
 3.38894445E-03
 4.72809492E-04
 2.74966340E-04
 1.50006239E-03
 7.36288505E-02
 1.94402705E-01
 3.30996034E-03
 1.92668244E-05
 2.12116723E-03
 1.35933924E-03
 7.70162340E-06
 1.97220135E-01
 8.64620189E-04
 2.14339914E-03
 1.20067004E-02
 3.22619015E-02
 8.16977640E-02
 0.00000000E+00
 7.53982450E-03
 6.58240763E-03
 4.05090155E-02
 7.13253928E-02
 7.81556509E-04
 8.94895278E-04
 9.36922505E-02
 9.15350635E-02
 2.18934990E-01
 0.00000000E+00
 2.50817837E-01
 5.61109886E-03
 3.38834672E-04
 1.52655666E-16
 2.03540888E-16
 2.40420736E-02
 5.37190083E-02
 0.00000000E+00
 3.18628250E-04
 1.78623018E-03
 1.00175307E-02
 3.09917355E-02
 8.17054846E-02
 0.00000000E+00
 3.05564303E-04
 1.12574814E-02
 1.99266297E-03
 2.11201646E-02
 0.00000000E+00
 2.96358042E-03
 3.65465005E-02
 1.66432821E-02
 0.00000000E+00
 2.47767470E-02
 9.21816396E-02
 0.00000000E+00
 5.36950187E-02
 0.00000000E+00
 0.00000000E+00
 4.00436447E-03
 2.17365755E-04
 4.07081776E-16
 1.52655666E-16
 8.03906837E-02
 0.00000000E+00
 1.02947246E-04
 1.20573768E-03
 3.09917355E-02
 5.44703231E-02
 0.00000000E+00
 1.19809061E-04
 3.20688473E-02
 2.11311960E-02
 0.00000000E+00
 6.22876285E-03
 5.78697496E-02
 0.00000000E+00
 9.05926974E-02
 0.00000000E+00
 0.00000000E+00
 3.04864140E-03
 1.50726644E-03
 2.40420736E-02
 8.03906837E-02
 2.11919200E-03
 1.39105014E-05
 8.17054846E-02
 2.88745322E-02
 8.07810495E-02
 0.00000000E+00
 1.04761936E-01
 1.50262960E-03
 7.36288505E-02
 5.37190083E-02
 0.00000000E+00
 7.36288505E-02
 1.97220135E-01
 0.00000000E+00
 5.20610295E-02
 0.00000000E+00
 0.00000000E+00
 3.38091660E-02
 1.94402705E-01
 0.00000000E+00
 1.94402705E-01
 0.00000000E+00
 0.00000000E+00
 1.14951165E-01
 1.94629527E-01
 6.66730752E-02
 1.69702314E-02
 1.21994327E-02
 8.62843414E-03
 4.50788881E-03
 3.94440270E-02
 9.69196093E-02
 6.52388552E-02
 1.01910948E-02
 1.28452831E-03
 7.74690060E-04
 4.97760248E-03
 6.07625845E-02
 1.49323817E-01
 0.00000000E+00
 1.08874212E-02
 9.13619881E-04
 7.77315878E-04
 3.03974437E-04
 2.87899116E-02
 5.37190083E-02
 0.00000000E+00
 1.95987194E-02
 9.51983143E-03
 4.26579953E-03
 4.64459501E-03
 9.99285192E-02
 0.00000000E+00
 3.56515549E-04
 2.68842450E-03
 2.60775575E-02
 8.37740596E-02
 0.00000000E+00
 1.43432584E-04
 7.27918356E-02
 5.30153654E-02
 0.00000000E+00
 3.33048385E-02
 1.53921805E-01
 0.00000000E+00
 1.06931146E-01
 6.65878651E-02
 1.01590324E-02
 1.34735473E-03
 8.20335134E-04
 4.50364103E-03
 6.07625845E-02
 1.49323817E-01
 9.99227117E-03
 3.90782429E-05
 6.18581732E-03
 4.06584736E-03
 1.27433139E-05
 1.37114951E-01
 1.37807713E-04
 6.37792877E-03
 1.87526025E-02
 3.74253538E-02
 7.13154383E-02
 0.00000000E+00
 1.28814292E-02
 3.39993369E-03
 5.20143257E-02
 7.72617063E-02
 2.95836235E-03
 1.94910747E-03
 8.46080444E-02
 7.55370334E-02
 1.60375324E-01
 0.00000000E+00
 2.04016363E-01
 1.68807825E-02
 1.28702593E-03
 3.05311332E-16
 0.00000000E+00
 2.66716754E-02
 5.37190083E-02
 0.00000000E+00
 1.06985085E-03
 6.03499534E-03
 1.62784874E-02
 3.61570248E-02
 7.15627348E-02
 0.00000000E+00
 1.40566528E-04
 1.82809949E-02
 2.25682727E-03
 2.20931609E-02
 0.00000000E+00
 7.95656438E-03
 3.65946950E-02
 8.98882453E-03
 0.00000000E+00
 2.73286919E-02
 8.40284495E-02
 0.00000000E+00
 5.13212592E-02
 0.00000000E+00
 0.00000000E+00
 1.21242879E-02
 7.97071920E-04
 2.03540888E-16
 1.52655666E-16
 8.41472577E-02
 0.00000000E+00
 5.86828061E-04
 4.00381212E-03
 3.61570248E-02
 6.01051841E-02
 0.00000000E+00
 1.03454001E-04
 3.74230246E-02
 2.21232704E-02
 0.00000000E+00
 1.24601151E-02
 5.53572920E-02
 0.00000000E+00
 9.76049801E-02
 0.00000000E+00
 0.00000000E+00
 9.13468922E-03
 4.51263617E-03
 2.66716754E-02
 8.41472577E-02
 6.32761602E-03
 1.42420892E-05
 7.15627348E-02
 3.36002579E-02
 7.06318080E-02
 0.00000000E+00
 1.06934874E-01
 4.50788881E-03
 6.07625845E-02
 5.37190083E-02
 0.00000000E+00
 6.07625845E-02
 1.37114951E-01
 0.00000000E+00
 5.18959966E-02
 0.00000000E+00
 0.00000000E+00
 3.94440270E-02
 1.49323817E-01
 0.00000000E+00
 1.49323817E-01
 0.00000000E+00
 0.00000000E+00
 9.69196093E-02
 2.31426974E-01
 8.98625995E-02
 2.82568229E-02
 2.03217637E-02
 1.43847023E-02
 7.51314801E-03
 4.50788881E-02
 7.88880541E-02
 8.75248306E-02
 1.69671525E-02
 2.07632991E-03
 1.26458946E-03
 8.30661399E-03
 4.78963186E-02
 1.04244929E-01
 0.00000000E+00
 2.09051524E-02
 1.76085528E-03
 5.86361967E-04
 2.56678416E-04
 3.18634492E-02
 5.37190083E-02
 0.00000000E+00
 1.65375030E-02
 5.03728883E-03
 3.27746237E-03
 3.42324749E-03
 1.02203660E-01
 0.00000000E+00
 2.71514500E-03
 3.61662112E-03
 2.55092098E-02
 8.51247945E-02
 0.00000000E+00
 3.18534674E-03
 5.61825953E-02
 4.99328664E-02
 0.00000000E+00
 4.18797674E-02
 1.11138712E-01
 0.00000000E+00
 1.19552844E-01
 8.97400528E-02
 1.69312610E-02
 2.22538040E-03
 1.37289887E-03
 7.51088052E-03
 4.78963186E-02
 1.04244929E-01
 1.66812102E-02
 6.40272409E-05
 1.02591685E-02
 6.79154198E-03
 6.80247810E-06
 7.70097671E-02
 7.06333588E-04
 1.05696170E-02
 2.51866924E-02
 4.29776341E-02
 6.12937644E-02
 0.00000000E+00
 1.88429879E-02
 7.40394732E-03
 5.45199237E-02
 7.88912304E-02
 5.58340100E-03
 2.94361834E-03
 7.34397815E-02
 5.90120133E-02
 9.92656764E-02
 0.00000000E+00
 1.55318398E-01
 2.81553190E-02
 2.23805771E-03
 4.57966998E-16
 0.00000000E+00
 2.93012772E-02
 5.37190083E-02
 0.00000000E+00
 1.83272057E-03
 1.02908618E-02
 2.25394440E-02
 4.13223140E-02
 6.14199850E-02
 0.00000000E+00
 3.69057460E-04
 2.57818266E-02
 2.10886416E-03
 2.09667264E-02
 0.00000000E+00
 1.25547155E-02
 5.17369557E-02
 1.36266161E-02
 0.00000000E+00
 3.13054420E-02
 7.78766350E-02
 0.00000000E+00
 4.85704232E-02
 0.00000000E+00
 0.00000000E+00
 2.02439244E-02
 1.37890847E-03
 0.00000000E+00
 1.52655666E-16
 8.79038317E-02
 0.00000000E+00
 1.06999126E-03
 6.80756759E-03
 4.13223140E-02
 6.57400451E-02
 0.00000000E+00
 1.89517392E-04
 4.38590177E-02
 2.10159141E-02
 0.00000000E+00
 1.67767632E-02
 6.81565813E-02
 0.00000000E+00
 1.07568883E-01
 0.00000000E+00
 0.00000000E+00
 1.52202594E-02
 7.51895274E-03
 2.93012772E-02
 8.79038317E-02
 1.05347663E-02
 1.74141909E-05
 6.14199850E-02
 3.86003804E-02
 6.13025996E-02
 0.00000000E+00
 1.10815899E-01
 7.51314801E-03
 4.78963186E-02
 5.37190083E-02
 0.00000000E+00
 4.78963186E-02
 7.70097671E-02
 0.00000000E+00
 5.17498542E-02
 0.00000000E+00
 0.00000000E+00
 4.50788881E-02
 1.04244929E-01
 0.00000000E+00
 1.04244929E-01
 0.00000000E+00
 0.00000000E+00
 7.88880541E-02
 3.33419222E-01
 1.76200357E-01
 9.47707161E-02
 7.72572756E-02
 5.55211517E-02
 5.33433509E-02
 1.21712998E-01
 7.43801653E-02
 1.71245653E-01
 6.28997551E-02
 2.20402521E-02
 1.65842109E-02
 1.35710552E-02
 4.60180316E-02
 1.11570248E-01
 0.00000000E+00
 8.14657787E-02
 1.82875509E-02
 1.17591770E-03
 8.55036439E-03
 2.87384746E-02
 7.06235913E-02
 0.00000000E+00
 3.33369174E-02
 2.34426676E-03
 6.50849299E-03
 6.10853015E-02
 1.22120156E-01
 0.00000000E+00
 3.44967426E-02
 4.17685487E-06
 1.46316510E-02
 1.01501533E-01
 0.00000000E+00
 7.08093253E-02
 7.64099664E-02
 3.84566863E-02
 0.00000000E+00
 1.72045939E-01
 1.84612378E-01
 0.00000000E+00
 2.37729282E-01
 1.75919669E-01
 6.42551740E-02
 2.20968993E-02
 1.63333221E-02
 1.27695873E-02
 4.60180316E-02
 1.11570248E-01
 6.22448179E-02
 1.22139203E-02
 8.28507308E-03
 5.48890904E-03
 8.29289250E-06
 4.73328325E-02
 1.62203412E-02
 8.11016981E-03
 2.08216859E-02
 4.15085858E-02
 3.03233182E-02
 0.00000000E+00
 1.53015655E-02
 5.16710963E-03
 4.91975903E-02
 1.49206498E-01
 3.98422540E-03
 1.05898755E-03
 3.54623950E-02
 8.16566088E-02
 9.25590529E-02
 0.00000000E+00
 2.21398450E-01
 9.46484850E-02
 2.20668225E-02
 1.12697220E-03
 7.51314801E-03
 2.62960180E-02
 7.06235913E-02
 0.00000000E+00
 2.17468974E-02
 8.20988115E-03
 1.86576509E-02
 3.94440270E-02
 2.98647633E-02
 0.00000000E+00
 3.37293123E-04
 2.18676653E-02
 2.07030311E-03
 2.06785830E-02
 0.00000000E+00
 1.60411247E-02
 5.40608872E-02
 1.63883621E-02
 0.00000000E+00
 2.70156229E-02
 5.00327238E-02
 0.00000000E+00
 2.93955473E-02
 0.00000000E+00
 0.00000000E+00
 7.68943100E-02
 1.63126306E-02
 7.51314801E-03
 5.63486101E-02
 1.09691961E-01
 0.00000000E+00
 1.56767968E-02
 5.43373169E-03
 3.94440270E-02
 1.33358377E-01
 0.00000000E+00
 6.80406487E-03
 4.31297211E-02
 2.07178247E-02
 0.00000000E+00
 2.99818281E-02
 1.54502096E-01
 0.00000000E+00
 1.31339647E-01
 0.00000000E+00
 0.00000000E+00
 5.60546285E-02
 1.27818824E-02
 2.62960180E-02
 1.09691961E-01
 1.49936599E-02
 2.85924575E-05
 2.98647633E-02
 3.27688045E-02
 3.12415916E-02
 0.00000000E+00
 1.17791355E-01
 5.33433509E-02
 4.60180316E-02
 7.06235913E-02
 0.00000000E+00
 4.60180316E-02
 4.73328325E-02
 0.00000000E+00
 7.00902300E-02
 0.00000000E+00
 0.00000000E+00
 1.21712998E-01
 1.11570248E-01
 0.00000000E+00
 1.11570248E-01
 0.00000000E+00
 0.00000000E+00
 7.43801653E-02
 5.14267981E-01
 3.55483084E-01
 2.60084218E-01
 2.40641765E-01
 1.96426367E-01
 1.73553719E-01
 2.08489857E-01
 2.93012772E-02
 3.47413429E-01
 1.94223866E-01
 1.15336610E-01
 1.13249791E-01
 7.97765977E-02
 4.78024042E-02
 4.95867769E-02
 0.00000000E+00
 2.39182686E-01
 1.05064824E-01
 4.55488771E-02
 6.99103359E-02
 5.05079828E-02
 1.60781367E-01
 0.00000000E+00
 1.87034141E-01
 8.06238622E-02
 5.33708393E-02
 1.67858536E-01
 1.66441984E-01
 0.00000000E+00
 1.64780697E-01
 5.08841493E-02
 2.06711251E-02
 1.38713660E-01
 0.00000000E+00
 2.15827983E-01
 1.10018473E-01
 8.52686303E-02
 0.00000000E+00
 3.39666729E-01
 1.72802063E-01
 0.00000000E+00
 3.76270610E-01
 3.54330782E-01
 1.98752623E-01
 1.17060729E-01
 1.13098629E-01
 7.92472593E-02
 4.78024042E-02
 4.95867769E-02
 1.91535160E-01
 7.53534020E-02
 3.30725591E-02
 4.74015017E-02
 2.47440319E-02
 7.36288505E-02
 9.91086579E-02
 2.77317910E-02
 1.60680954E-02
 5.24628078E-02
 4.10149802E-03
 0.00000000E+00
 6.05151436E-02
 2.77353268E-02
 4.63186015E-02
 1.75508275E-01
 5.42051280E-02
 8.20680315E-03
 7.43621095E-03
 1.19721431E-01
 1.66697758E-02
 0.00000000E+00
 2.18199179E-01
 2.58938622E-01
 1.17376525E-01
 4.99624343E-02
 6.86200851E-02
 4.84598047E-02
 1.60781367E-01
 0.00000000E+00
 1.12587178E-01
 3.38620475E-02
 1.55271726E-02
 4.76145755E-02
 7.51314801E-04
 0.00000000E+00
 3.92021582E-02
 1.82237773E-02
 1.05205009E-02
 8.03993967E-02
 0.00000000E+00
 2.64385667E-02
 5.18975134E-02
 7.82542862E-02
 0.00000000E+00
 3.49690855E-02
 1.59442469E-02
 0.00000000E+00
 5.94476684E-02
 0.00000000E+00
 0.00000000E+00
 2.39867557E-01
 1.13733248E-01
 6.86200851E-02
 1.67543201E-01
 1.60030053E-01
 0.00000000E+00
 1.11314271E-01
 4.90938213E-02
 4.76145755E-02
 1.59654395E-01
 0.00000000E+00
 6.54100129E-02
 5.74471002E-02
 8.04190175E-02
 0.00000000E+00
 1.40709389E-01
 1.91514837E-01
 0.00000000E+00
 1.76718781E-01
 0.00000000E+00
 0.00000000E+00
 1.96479935E-01
 7.95961289E-02
 4.84598047E-02
 1.60030053E-01
 7.99194453E-02
 2.57906406E-02
 7.51314801E-04
 5.06622665E-02
 7.89673270E-03
 0.00000000E+00
 1.46930597E-01
 1.73553719E-01
 4.78024042E-02
 1.60781367E-01
 0.00000000E+00
 4.78024042E-02
 7.36288505E-02
 0.00000000E+00
 1.61285789E-01
 0.00000000E+00
 0.00000000E+00
 2.08489857E-01
 4.95867769E-02
 0.00000000E+00
 4.95867769E-02
 0.00000000E+00
 0.00000000E+00
 2.93012772E-02
