 3.40173125E-01
 1.92560473E-01
 1.03027594E-01
 2.57000531E-02
 4.06710923E-02
 9.21217418E-02
 1.18301272E-01
 2.43712366E-01
 1.95733979E-01
 7.93787894E-02
 6.44251164E-03
 6.69821536E-02
 3.34068654E-02
 2.28604029E-02
 7.51266619E-02
 2.97025983E-01
 1.18091105E-01
 1.61549961E-02
 4.28657066E-02
 1.25682505E-01
 7.31508911E-02
 5.46390721E-02
 1.71431479E-01
 3.52873673E-02
 5.72167164E-02
 1.19266928E-01
 2.59211316E-01
 1.21613391E-01
 1.08555212E-01
 3.80782143E-02
 3.08513402E-02
 7.32885168E-02
 1.27983036E-01
 2.80514615E-01
 7.50385418E-02
 8.54054912E-03
 5.16214450E-02
 1.12162203E-01
 7.08880891E-02
 4.89948086E-02
 1.82630035E-01
 2.02568309E-01
 1.85545978E-01
 7.09395762E-02
 8.74746538E-04
 7.88631791E-02
 4.13919241E-02
 2.24845383E-02
 7.54985565E-02
 7.13105703E-02
 2.44930989E-02
 1.80253483E-02
 7.16523932E-02
 2.66782739E-02
 2.07663816E-02
 9.09750538E-03
 1.25650020E-02
 3.01241928E-02
 7.21264866E-02
 9.78720594E-03
 9.80149167E-02
 8.16733868E-02
 7.12265901E-02
 6.90535199E-02
 1.26710100E-01
 5.32445501E-02
 2.81184589E-02
 1.03043646E-02
 9.33396977E-04
 1.32942113E-02
 1.09364561E-01
 3.40563936E-02
 9.46798776E-02
 2.67433389E-03
 5.98072609E-02
 1.51013628E-01
 8.75419244E-02
 5.50763986E-02
 1.75161962E-01
 4.95622533E-03
 2.20303290E-02
 3.89159983E-02
 8.57698119E-02
 1.45120547E-02
 9.97309395E-02
 5.77693246E-02
 4.05463729E-02
 8.91698472E-03
 3.33838041E-02
 1.38197196E-01
 1.71084538E-01
 1.00760860E-01
 3.23587229E-02
 1.04093233E-01
 1.11615964E-01
 2.30906081E-02
 1.42053833E-01
 5.59180008E-02
 1.19789953E-01
 2.39064382E-01
 1.49750476E-02
 7.81016597E-02
 1.43036724E-01
 2.93266218E-01
 1.39850993E-01
 1.12709438E-01
 8.81751090E-02
 7.89484995E-02
 8.05693179E-02
 1.43152483E-01
 1.09589523E-01
 1.59577930E-01
 9.40712688E-02
 3.34944981E-02
 1.05685233E-01
 3.45364346E-01
 1.78348604E-01
 1.07989328E-01
 1.83720857E-01
 1.04538844E-01
 1.73289759E-01
 3.51733561E-02
 3.72806532E-02
 7.99434662E-02
 1.33800731E-01
 4.87508640E-02
 2.99978493E-02
 1.38663903E-02
 9.64003398E-02
 1.94993364E-02
 1.34473702E-01
 1.72631528E-01
 8.57851654E-02
 1.65495613E-02
 6.58164599E-02
 1.30684022E-01
 1.63652228E-02
 2.16306553E-02
 1.17424873E-01
 6.67858038E-02
 1.16798427E-01
 1.70186263E-01
 1.10580997E-01
 7.84656915E-02
 2.16435821E-01
 8.05407838E-02
 1.70144760E-01
 2.44185717E-01
 2.65675213E-01
 2.11107904E-01
 9.37400947E-02
 4.15347055E-02
 1.55000614E-02
 2.42451492E-02
 9.31249894E-04
 2.30602571E-02
 4.83012958E-02
 9.51402519E-02
 2.65369125E-02
 2.24650922E-03
 1.37411250E-02
 3.79574263E-02
 3.01606815E-02
 3.43175910E-02
 1.73347648E-01
 5.12473899E-02
 1.69535200E-03
 1.10240918E-02
 4.33805390E-02
 7.69114033E-02
 1.85730558E-02
 9.08578957E-02
 2.43248193E-02
 8.52179356E-03
 4.06276051E-02
 1.33441001E-01
 1.44644410E-01
 6.29972644E-02
 2.90596930E-02
 3.52505913E-02
 7.61060689E-02
 1.49601049E-01
 1.53464348E-01
 6.53094545E-03
 4.15260117E-02
 1.67335509E-02
 6.77097486E-02
 5.63573270E-02
 5.65513479E-02
 9.98571666E-02
 9.47044775E-03
 8.88543091E-02
 2.45093951E-02
 2.56685594E-03
 1.67189857E-02
 4.54211851E-02
 3.04235187E-02
 3.50420862E-02
 2.48278806E-02
 3.63138420E-03
 1.92715929E-02
 9.30747668E-03
 3.16597898E-04
 1.52914814E-02
 4.32757773E-03
 1.69261879E-02
 3.08887048E-02
 4.38663812E-02
 1.61421007E-02
 5.73933342E-02
 1.41923299E-02
 7.45019045E-03
 4.31848801E-02
 7.88576338E-02
 5.96613309E-02
 6.61082078E-04
 1.62355172E-02
 4.95650107E-02
 2.41846875E-02
 6.63382463E-02
 8.32777438E-02
 3.67592289E-02
 4.00305622E-03
 1.46727836E-02
 5.12546307E-02
 8.90828711E-02
 1.93659304E-02
 9.47216333E-02
 2.93201835E-03
 1.93090625E-02
 3.41677492E-02
 4.80979690E-02
 1.80584413E-02
 5.86103944E-02
 9.88002076E-03
 3.53801122E-02
 3.90371623E-04
 5.04081314E-03
 1.14118418E-01
 5.52091387E-02
 5.34157865E-02
 3.62924288E-03
 2.75710577E-02
 1.14560800E-01
 2.21882637E-02
 1.18774255E-01
 2.10592114E-02
 7.44813764E-02
 1.52445657E-01
 9.54634444E-03
 1.65956471E-02
 4.89389618E-02
 1.51196003E-01
 1.64133674E-01
 6.64674987E-02
 1.83209151E-02
 8.85159760E-03
 4.66808953E-02
 8.49638220E-02
 1.24179480E-01
 4.94144594E-02
 4.88867167E-02
 4.78192663E-03
 2.76019463E-02
 1.71894379E-01
 9.78952391E-02
 2.58111938E-02
 2.10189862E-01
 1.26376612E-01
 1.28651414E-01
 3.16390722E-02
 4.02091427E-02
 8.06606475E-02
 1.56049886E-01
 5.50018978E-02
 1.28551755E-03
 1.74892202E-02
 1.00209280E-01
 1.87291727E-02
 1.12549501E-01
 1.99107191E-01
 1.27225103E-02
 4.84810873E-02
 2.14363452E-02
 8.14719347E-02
 4.95529159E-02
 2.51835150E-02
 7.05814021E-02
 2.25418664E-02
 6.81262469E-02
 1.21705070E-01
 4.98482583E-02
 5.56725903E-02
 1.17423389E-01
 5.78438855E-02
 1.05073159E-01
 1.44271762E-01
 4.32852126E-02
 1.40603576E-01
 4.54205029E-02
 1.14409519E-02
 6.43257441E-03
 4.73400728E-02
 8.37545027E-03
 3.16343860E-02
 1.78299102E-02
 4.53179390E-02
 6.58169890E-03
 7.01310471E-03
 3.24942793E-03
 4.14650656E-02
 3.35669806E-02
 4.10115977E-02
 1.28565101E-01
 1.68926822E-02
 6.03099396E-03
 6.72127263E-04
 5.14541637E-03
 8.09105673E-02
 1.21024925E-02
 7.03900768E-02
 1.34479429E-02
 5.20235062E-04
 2.96191584E-03
 2.24817431E-02
 1.36708965E-01
 5.81707543E-02
 5.40932228E-02
 3.92260024E-02
 7.95811837E-02
 1.40458597E-01
 7.53642599E-02
 2.57923965E-03
 3.77760664E-02
 1.28401404E-02
 6.52378234E-02
 3.61388114E-02
 4.72908267E-02
 8.09777541E-02
 4.06394475E-02
 4.20456383E-02
 6.33480985E-03
 6.27527466E-03
 2.98694828E-03
 4.91630374E-02
 3.41722300E-02
 4.33400408E-02
 6.27430242E-03
 1.10268791E-04
 2.39561100E-02
 1.14835594E-02
 1.18526747E-04
 2.14543001E-02
 2.42124632E-03
 2.36788953E-02
 3.69741942E-02
 4.28016668E-02
 3.02047997E-02
 3.54057758E-02
 7.43900829E-05
 1.08248680E-02
 4.22891078E-02
 3.16859195E-02
 6.58999709E-02
 4.71660906E-04
 3.04930418E-02
 4.60658670E-02
 2.72538405E-02
 4.27489932E-02
 8.28915818E-02
 9.06940124E-03
 7.51705263E-03
 1.35847483E-03
 6.26885422E-03
 9.27954169E-02
 1.32059392E-02
 7.42072858E-02
 5.54196247E-03
 2.44905018E-02
 3.98854673E-02
 4.55885774E-02
 3.23539854E-02
 3.61265993E-02
 2.19063062E-03
 4.34689729E-02
 1.08080004E-03
 5.88295617E-03
 1.00780573E-01
 4.10876758E-03
 4.95385379E-02
 4.82195593E-03
 2.80854781E-02
 1.19796395E-01
 3.65401351E-02
 1.04613619E-01
 1.97550431E-02
 5.03635084E-02
 1.31162747E-01
 3.71329703E-03
 3.56429599E-03
 6.14409364E-03
 2.97268422E-02
 1.55691944E-01
 6.33008763E-02
 2.11611734E-03
 1.09169451E-02
 4.49578698E-02
 3.34583185E-02
 1.38213211E-01
 1.76505071E-03
 4.61121003E-02
 5.81457503E-03
 2.84272295E-02
 2.99295577E-02
 3.41676403E-02
 2.62468343E-02
 2.01335286E-01
 1.43668216E-01
 1.26180757E-01
 5.45379038E-02
 4.25466626E-02
 8.34678113E-02
 1.47267449E-01
 5.95165720E-02
 4.75934892E-04
 3.08764665E-02
 1.06106522E-01
 3.17794828E-02
 9.97531542E-02
 1.91423806E-01
 1.46788862E-02
 4.89186302E-02
 1.47126514E-02
 7.78106172E-02
 5.17644385E-02
 2.94266769E-02
 4.72004983E-02
 1.62825472E-02
 4.56476069E-02
 1.16950370E-01
 4.92634298E-02
 5.92463739E-02
 9.23152763E-02
 6.72805934E-02
 1.38301363E-01
 1.15622821E-01
 3.03656808E-02
 1.18128919E-01
 3.36853093E-02
 6.77490845E-03
 3.76090432E-03
 2.85145644E-02
 5.11941934E-03
 2.90570639E-02
 2.99286439E-02
 3.33414275E-02
 3.87519290E-03
 4.21108781E-03
 1.96765656E-03
 2.49237256E-02
 4.18075224E-02
 5.65791274E-02
 9.76154261E-02
 1.07001225E-02
 3.51231187E-03
 4.06891515E-04
 3.09760893E-03
 6.42411357E-02
 1.21926732E-02
 6.58148756E-02
 1.03733318E-02
 1.27158189E-03
 5.17241234E-06
 1.25228639E-02
 1.25284729E-01
 5.73860023E-02
 3.18004056E-02
 2.33500120E-02
 6.30566069E-02
 1.26810736E-01
 8.34667600E-02
 4.42282274E-04
 4.89346869E-02
 1.30863527E-02
 6.48077045E-02
 3.44313721E-02
 6.51009014E-02
 7.56936077E-02
 5.21446019E-02
 3.11796387E-02
 3.70388161E-03
 3.78399311E-03
 1.79616442E-03
 2.95439874E-02
 4.23000002E-02
 5.91913230E-02
 3.66777761E-03
 6.40390507E-05
 1.43229708E-02
 6.88365188E-03
 8.77244409E-05
 3.74842283E-02
 1.26743443E-03
 1.42038803E-02
 2.66779901E-02
 3.74188663E-02
 3.51469039E-02
 2.62319612E-02
 8.44189101E-04
 5.70039649E-03
 3.60058789E-02
 2.77091438E-02
 3.91012711E-02
 3.75438193E-04
 3.51039971E-02
 5.75446776E-02
 4.68035836E-02
 3.10069103E-02
 1.05995455E-01
 5.16795057E-03
 4.44576572E-03
 8.10175084E-04
 3.65241426E-03
 7.29426993E-02
 1.33393034E-02
 6.95865252E-02
 3.29871564E-03
 1.43239084E-02
 2.86392274E-02
 3.96686003E-02
 3.74509339E-02
 2.71884860E-02
 1.42958945E-03
 3.10457068E-02
 1.08842399E-03
 5.95444114E-03
 8.71523140E-02
 1.63915586E-03
 4.23420262E-02
 5.29189367E-03
 2.79709928E-02
 9.15732514E-02
 4.09654235E-02
 8.97610248E-02
 2.00318742E-02
 3.86311416E-02
 1.22405901E-01
 1.87922418E-03
 2.08704870E-03
 3.62536668E-03
 1.76708077E-02
 1.40578067E-01
 6.34174155E-02
 1.09918437E-03
 6.39333876E-03
 3.93658861E-02
 3.05512970E-02
 1.36043514E-01
 6.44128801E-04
 4.04511915E-02
 5.84070754E-03
 2.85085604E-02
 1.62604394E-02
 3.06182151E-02
 2.60271828E-02
 1.78834814E-01
 1.41432555E-01
 1.23987545E-01
 3.33498386E-02
 2.57545439E-02
 6.58879444E-02
 1.32840123E-01
 3.59644249E-02
 3.48665144E-04
 3.55215167E-02
 8.15795015E-02
 3.61670157E-02
 8.64083025E-02
 1.70095333E-01
 9.45543531E-03
 6.04608272E-02
 1.51626986E-02
 7.80932116E-02
 6.35270621E-02
 5.09510118E-02
 3.46829964E-02
 1.66180231E-02
 3.41215527E-02
 1.14993984E-01
 4.46084726E-02
 8.01933164E-02
 8.62053332E-02
 9.02878542E-02
 1.38792981E-01
 1.04573062E-01
 4.41023140E-02
 9.56538406E-02
 2.19516910E-02
 2.10894853E-03
 1.08684745E-03
 9.69601487E-03
 1.86480551E-03
 2.64810854E-02
 4.20231382E-02
 2.13582917E-02
 1.16745503E-03
 1.41180610E-03
 6.91967826E-04
 8.39098692E-03
 5.00452080E-02
 7.21401144E-02
 6.66811653E-02
 4.43856944E-03
 1.09461501E-03
 2.38296256E-04
 1.08671703E-03
 4.75779785E-02
 1.22989925E-02
 6.12545791E-02
 7.32547213E-03
 3.02466235E-03
 1.52398036E-03
 4.43794447E-03
 1.13055502E-01
 5.74250931E-02
 9.77073335E-03
 7.64306672E-03
 4.66372433E-02
 1.13056590E-01
 9.17949531E-02
 1.74971532E-03
 5.99028982E-02
 1.33461059E-02
 6.43778212E-02
 3.25417572E-02
 8.25805877E-02
 7.04468265E-02
 6.33993776E-02
 2.03102245E-02
 1.07109480E-03
 1.29530149E-03
 6.08623169E-04
 9.93307800E-03
 5.04251312E-02
 7.50364108E-02
 1.05088845E-03
 2.24349030E-05
 4.69664342E-03
 2.29076541E-03
 5.92368172E-05
 5.35067097E-02
 1.86330945E-04
 4.82737279E-03
 1.64628377E-02
 3.20634803E-02
 4.00928658E-02
 1.70638712E-02
 1.72220768E-03
 6.92430539E-04
 2.97575752E-02
 2.61718631E-02
 1.26216421E-02
 2.74742152E-04
 3.96664424E-02
 6.88151074E-02
 6.61436883E-02
 1.92672778E-02
 1.28716717E-01
 1.27003357E-03
 1.37543677E-03
 2.62199462E-04
 1.03725397E-03
 5.30987423E-02
 1.34719990E-02
 6.49675050E-02
 1.05155647E-03
 4.16114913E-03
 1.73980135E-02
 3.37520079E-02
 4.25457964E-02
 1.82551774E-02
 6.53896752E-04
 1.86517357E-02
 1.10331453E-03
 6.05026872E-03
 7.35436785E-02
 8.39366531E-04
 3.52194253E-02
 5.75278391E-03
 2.78061272E-02
 6.36129757E-02
 4.53720815E-02
 7.49034977E-02
 2.03086733E-02
 2.68766400E-02
 1.13579226E-01
 5.70050266E-05
 6.14396353E-04
 1.10799565E-03
 5.62068312E-03
 1.25472619E-01
 6.35331000E-02
 6.17842357E-05
 1.87920173E-03
 3.37774725E-02
 2.76469530E-02
 1.33874366E-01
 5.12290714E-04
 3.47932801E-02
 5.89570691E-03
 2.86162269E-02
 2.52821724E-03
 2.70168678E-02
 2.58081305E-02
 1.56391207E-01
 1.39207652E-01
 1.21802776E-01
 1.21661712E-02
 8.97155366E-03
 4.83171520E-02
 1.18421561E-01
 1.24174431E-02
 2.25041258E-04
 4.01644728E-02
 5.70702500E-02
 4.05652952E-02
 7.30865034E-02
 1.48786562E-01
 4.23487806E-03
 7.19978523E-02
 1.56116530E-02
 7.83746432E-02
 7.52833739E-02
 7.24607837E-02
 2.21749677E-02
 1.69360013E-02
 2.25893656E-02
 1.12994293E-01
 3.99567540E-02
 1.01128245E-01
 8.00987660E-02
 1.13278628E-01
 1.39282627E-01
 9.32684344E-02
 5.78311330E-02
 9.55786373E-02
 2.19535565E-02
 2.09871893E-03
 1.06244241E-03
 9.81535662E-03
 1.86982063E-03
 2.64897500E-02
 4.20164320E-02
 2.12136142E-02
 1.16618093E-03
 1.44384084E-03
 7.45286222E-04
 8.57799455E-03
 5.00395790E-02
 7.21256537E-02
 6.67470923E-02
 3.67363856E-03
 1.41364214E-03
 4.92927423E-04
 1.31598209E-03
 4.78839792E-02
 1.23014819E-02
 6.12808657E-02
 8.68786001E-03
 4.63469925E-03
 1.29076325E-03
 6.06636382E-03
 1.13815957E-01
 5.74750430E-02
 9.20926742E-03
 7.95460461E-03
 4.67745711E-02
 1.12639105E-01
 9.17824098E-02
 8.91922556E-04
 5.98664335E-02
 1.32586776E-02
 6.37366069E-02
 3.34172420E-02
 8.20496645E-02
 6.98878091E-02
 6.27573478E-02
 2.03059580E-02
 1.07281555E-03
 1.23508102E-03
 5.79036799E-04
 9.96680594E-03
 5.04186235E-02
 7.50201916E-02
 1.04104286E-03
 2.12678847E-05
 4.60453866E-03
 2.24864694E-03
 6.02199729E-05
 5.34806604E-02
 7.36106140E-04
 4.95670408E-03
 1.64275124E-02
 3.20321888E-02
 4.01001508E-02
 1.70975589E-02
 2.59574679E-03
 3.58916063E-04
 3.12831952E-02
 2.69635598E-02
 1.15992395E-02
 1.01146399E-04
 3.93956299E-02
 6.87133246E-02
 6.59889807E-02
 1.85159433E-02
 1.27319329E-01
 1.21861145E-03
 1.22507504E-03
 2.60069507E-04
 1.03433584E-03
 5.31355941E-02
 1.34740202E-02
 6.49847808E-02
 1.15397280E-03
 3.89811910E-03
 1.74395075E-02
 3.37831159E-02
 4.25457158E-02
 1.82854055E-02
 2.45733514E-05
 1.82965931E-02
 1.07984816E-03
 6.08580087E-03
 7.36310630E-02
 1.25715603E-03
 3.38669274E-02
 5.54398242E-03
 2.77232333E-02
 6.19842570E-02
 4.48314927E-02
 7.38398824E-02
 1.99890300E-02
 2.56221172E-02
 1.11045667E-01
 1.07194796E-05
 5.56706832E-04
 1.10610467E-03
 5.62700508E-03
 1.25503716E-01
 6.35463704E-02
 1.90070838E-04
 1.78230978E-03
 3.38104650E-02
 2.76780514E-02
 1.33907573E-01
 4.66649256E-04
 3.47943838E-02
 5.95170984E-03
 2.86996484E-02
 2.29142399E-03
 2.61758944E-02
 2.55360729E-02
 1.53983190E-01
 1.38112657E-01
 1.19139638E-01
 1.16685465E-02
 8.99894262E-03
 4.83477068E-02
 1.18449855E-01
 1.14788050E-02
 2.24112311E-04
 4.01632512E-02
 5.61241037E-02
 4.03892596E-02
 7.32164769E-02
 1.46386179E-01
 4.24760556E-03
 7.19830826E-02
 1.56131189E-02
 7.83944792E-02
 7.52791310E-02
 7.24092649E-02
 2.22406045E-02
 1.68484192E-02
 2.29525713E-02
 1.10523744E-01
 3.99853168E-02
 1.01095066E-01
 8.01277691E-02
 1.13255807E-01
 1.39321208E-01
 8.83819865E-02
 5.78233859E-02
 1.17898005E-01
 3.36884926E-02
 6.74304862E-03
 3.68718446E-03
 2.88640350E-02
 5.13288850E-03
 2.90816844E-02
 2.99155953E-02
 3.29063140E-02
 3.87326733E-03
 4.30486332E-03
 2.12589303E-03
 2.54751024E-02
 4.17957263E-02
 5.65465086E-02
 9.77891522E-02
 8.42211938E-03
 4.42326692E-03
 1.11382852E-03
 3.75956181E-03
 6.51345465E-02
 1.22069879E-02
 6.58944596E-02
 1.44707457E-02
 1.39135250E-03
 4.72028097E-03
 1.73284377E-02
 1.27591863E-01
 5.74606077E-02
 2.97185082E-02
 2.39663689E-02
 6.31583823E-02
 1.25400293E-01
 8.34647351E-02
 2.96179713E-03
 4.90059245E-02
 1.28281844E-02
 6.28842748E-02
 3.70068354E-02
 6.37805748E-02
 7.39743072E-02
 5.04411094E-02
 3.11664064E-02
 3.71082071E-03
 3.60193266E-03
 1.70648658E-03
 2.96348508E-02
 4.22851438E-02
 5.91527809E-02
 3.64358059E-03
 5.52956498E-05
 1.40408720E-02
 6.75387273E-03
 9.04095760E-05
 3.74183353E-02
 2.90206953E-03
 1.45466236E-02
 2.65139660E-02
 3.73101320E-02
 3.51668418E-02
 2.63290787E-02
 3.55362718E-03
 3.92039537E-03
 3.76245896E-02
 2.97320736E-02
 3.55894623E-02
 1.00990277E-04
 3.42768705E-02
 5.74420754E-02
 4.65917510E-02
 2.86908470E-02
 1.02223566E-01
 5.01544589E-03
 3.99066997E-03
 8.03511678E-04
 3.64220628E-03
 7.30409146E-02
 1.33454611E-02
 6.96347260E-02
 3.59855542E-03
 1.35241571E-02
 2.87563919E-02
 3.97575381E-02
 3.74549872E-02
 2.72704571E-02
 6.10925131E-04
 2.99645032E-02
 1.02958032E-03
 6.04288731E-03
 8.73896881E-02
 3.23789736E-04
 3.82500547E-02
 4.81171658E-03
 2.79333005E-02
 8.63352041E-02
 3.93862865E-02
 8.65688348E-02
 1.90835255E-02
 3.48603104E-02
 1.14817613E-01
 1.67641695E-03
 1.91187042E-03
 3.61819724E-03
 1.76817067E-02
 1.40659895E-01
 6.34573194E-02
 1.48111077E-03
 6.09708385E-03
 3.94603523E-02
 3.06418583E-02
 1.36140747E-01
 3.59661357E-03
 4.04724904E-02
 5.98170013E-03
 2.87303347E-02
 1.54674011E-02
 2.81166795E-02
 2.62575641E-02
 1.71526498E-01
 1.38103422E-01
 1.15992375E-01
 3.18450202E-02
 2.58256716E-02
 6.59669827E-02
 1.32913167E-01
 3.31309977E-02
 3.45019713E-04
 3.55225675E-02
 7.87193193E-02
 3.56518584E-02
 8.67661164E-02
 1.62887303E-01
 9.49012336E-03
 6.04253197E-02
 1.51674936E-02
 7.81529913E-02
 6.35252298E-02
 5.08201245E-02
 3.48633747E-02
 1.63588941E-02
 3.51918862E-02
 1.07572547E-01
 4.46904151E-02
 8.01131631E-02
 8.62857550E-02
 9.02460957E-02
 1.38909366E-01
 9.00610097E-02
 4.40921384E-02
 1.40207453E-01
 4.54192929E-02
 1.13852669E-02
 6.30806867E-03
 4.79085510E-02
 8.39526903E-03
 3.16731275E-02
 1.78199418E-02
 4.45864086E-02
 6.57699175E-03
 7.16669773E-03
 3.51177518E-03
 4.23684790E-02
 3.35558005E-02
 4.09751658E-02
 1.28814560E-01
 1.31507520E-02
 7.35180192E-03
 1.57935290E-03
 6.18656609E-03
 8.23776167E-02
 1.21117112E-02
 7.05041267E-02
 1.84491744E-02
 1.19342306E-03
 6.67702945E-03
 2.80590267E-02
 1.41215427E-01
 5.74446597E-02
 4.99768158E-02
 3.96308222E-02
 7.91004599E-02
 1.38036128E-01
 7.51163786E-02
 6.68869265E-03
 3.81953094E-02
 1.24182887E-02
 6.20311090E-02
 4.03507661E-02
 4.55447168E-02
 7.80414535E-02
 3.81651663E-02
 4.20192654E-02
 6.34595654E-03
 5.97010156E-03
 2.83659129E-03
 4.92974975E-02
 3.41552432E-02
 4.32926582E-02
 6.23616852E-03
 9.32440127E-05
 2.34774037E-02
 1.12627330E-02
 1.22970972E-04
 2.13648958E-02
 5.17643368E-03
 2.41547566E-02
 3.65201625E-02
 4.26770927E-02
 3.02761993E-02
 3.55526082E-02
 4.67168713E-03
 1.01278934E-02
 4.22464407E-02
 3.21263968E-02
 5.94498561E-02
 2.96377700E-04
 2.90627564E-02
 4.62320506E-02
 2.73182384E-02
 3.87846628E-02
 7.73059510E-02
 8.81078826E-03
 6.75703935E-03
 1.34691263E-03
 6.24941588E-03
 9.29385373E-02
 1.32163646E-02
 7.42815829E-02
 6.04301844E-03
 2.31493625E-02
 4.00685443E-02
 4.57294922E-02
 3.23678900E-02
 3.62487086E-02
 1.38590346E-03
 4.18064367E-02
 8.77670926E-04
 5.78896001E-03
 1.01058211E-01
 2.06442907E-03
 4.53669449E-02
 5.13141529E-03
 2.80364683E-02
 1.10770225E-01
 3.42651847E-02
 9.90742298E-02
 1.81907868E-02
 4.40624576E-02
 1.18536243E-01
 3.36949695E-03
 3.27137879E-03
 6.12964749E-03
 2.97315575E-02
 1.55809211E-01
 6.33675461E-02
 2.75956360E-03
 1.04185940E-02
 4.51077886E-02
 3.36046871E-02
 1.38371303E-01
 6.88362440E-03
 4.64186395E-02
 5.74982553E-03
 2.85301270E-02
 2.89923530E-02
 3.10323040E-02
 2.71337082E-02
 1.89307753E-01
 1.37625169E-01
 1.12833726E-01
 5.20119645E-02
 4.26474953E-02
 8.35784920E-02
 1.47369454E-01
 5.47686581E-02
 4.69674929E-04
 3.08860635E-02
 1.01347000E-01
 3.10142208E-02
 1.00208664E-01
 1.79567062E-01
 1.47308703E-02
 4.88741137E-02
 1.47213143E-02
 7.79107147E-02
 5.17795343E-02
 2.92479641E-02
 4.74735981E-02
 1.58723974E-02
 4.74111761E-02
 1.04559018E-01
 4.93937502E-02
 5.91450801E-02
 9.24383459E-02
 6.72554862E-02
 1.38496432E-01
 9.67955828E-02
 3.03704875E-02
 2.10084448E-01
 9.34769607E-02
 4.13189022E-02
 1.49031846E-02
 2.48701351E-02
 8.52909765E-04
 2.32293616E-02
 4.83059469E-02
 9.32399630E-02
 2.60503886E-02
 2.68469541E-03
 1.48483486E-02
 3.89970832E-02
 3.01972290E-02
 3.43694138E-02
 1.73631363E-01
 4.45242456E-02
 1.72757260E-03
 1.31720112E-02
 4.61060717E-02
 7.88602501E-02
 1.84115866E-02
 9.08840923E-02
 2.83337215E-02
 9.69637885E-03
 4.41859969E-02
 1.38848712E-01
 1.49226380E-01
 6.09284536E-02
 2.35313142E-02
 3.37864191E-02
 7.32262800E-02
 1.43955963E-01
 1.54803530E-01
 5.82595205E-03
 3.87498008E-02
 1.72738524E-02
 6.40813997E-02
 4.95704745E-02
 4.84880682E-02
 9.67049386E-02
 1.93512082E-02
 8.85771004E-02
 2.45201493E-02
 2.36401641E-03
 1.66393428E-02
 4.55256392E-02
 3.04539203E-02
 3.50884367E-02
 2.43265373E-02
 3.65864623E-03
 1.89550564E-02
 9.16098624E-03
 3.20783255E-04
 1.52240079E-02
 1.28108810E-03
 1.92317617E-02
 3.11387730E-02
 4.40231755E-02
 1.62199348E-02
 5.76324145E-02
 9.05507440E-03
 8.07992255E-03
 4.32154222E-02
 7.85736451E-02
 5.30935802E-02
 2.53721035E-04
 1.48487275E-02
 4.50066212E-02
 2.22136464E-02
 6.02555788E-02
 6.80817522E-02
 3.61601046E-02
 3.60558140E-03
 1.46808091E-02
 5.13442140E-02
 8.92145758E-02
 1.93765437E-02
 9.48195684E-02
 4.05408858E-03
 1.86094250E-02
 3.43081436E-02
 4.82595952E-02
 1.80481764E-02
 5.88123096E-02
 1.61856110E-02
 3.58698364E-02
 4.27188106E-04
 5.23806620E-03
 1.14582771E-01
 4.88867785E-02
 4.93202488E-02
 4.92382270E-03
 2.77630321E-02
 1.04564227E-01
 2.03360527E-02
 1.11186424E-01
 2.21304541E-02
 6.51301868E-02
 1.37880593E-01
 8.76674025E-03
 1.64732714E-02
 4.90226609E-02
 1.51581901E-01
 1.64331138E-01
 6.65503302E-02
 1.97339105E-02
 8.60378713E-03
 4.68257115E-02
 8.53151479E-02
 1.24348785E-01
 5.48665932E-02
 4.87585817E-02
 5.56863624E-03
 2.83229176E-02
 1.56700447E-01
 8.74097330E-02
 2.71779459E-02
 1.93414620E-01
 1.19439972E-01
 1.11924255E-01
 2.97386302E-02
 4.02796776E-02
 8.07536742E-02
 1.56225254E-01
 5.14247392E-02
 1.27052492E-03
 1.74553071E-02
 9.64713873E-02
 1.75634171E-02
 1.13416877E-01
 1.83475871E-01
 1.25527965E-02
 4.83070344E-02
 2.14349839E-02
 8.15955821E-02
 4.89848952E-02
 2.45817368E-02
 7.09668995E-02
 2.32103788E-02
 7.06642889E-02
 1.04992560E-01
 4.94377172E-02
 5.52212568E-02
 1.17580431E-01
 5.64405300E-02
 1.06301801E-01
 1.23967642E-01
 4.34069829E-02
 3.37724617E-01
 1.91052427E-01
 1.01785184E-01
 2.42237820E-02
 3.99327166E-02
 9.20263114E-02
 1.18149698E-01
 2.43772007E-01
 1.91222242E-01
 7.66601289E-02
 4.24300237E-03
 6.94923119E-02
 3.46056964E-02
 2.28335667E-02
 7.51368654E-02
 2.97352584E-01
 1.07645862E-01
 8.35903670E-03
 4.91066845E-02
 1.31242784E-01
 7.58708004E-02
 5.41517442E-02
 1.71292090E-01
 4.25303748E-02
 5.70173616E-02
 1.24136442E-01
 2.63822711E-01
 1.24785789E-01
 1.07065772E-01
 4.62422807E-02
 2.53146065E-02
 6.68335280E-02
 1.17566740E-01
 2.83503250E-01
 7.99857637E-02
 1.32013327E-02
 5.24669176E-02
 1.08880243E-01
 8.50877570E-02
 5.90775192E-02
 1.77376366E-01
 2.15808236E-01
 1.83690223E-01
 7.01652210E-02
 1.36336785E-03
 7.93837784E-02
 4.16334453E-02
 2.24633965E-02
 7.55005612E-02
 6.79525141E-02
 2.31870562E-02
 1.87795436E-02
 7.22821536E-02
 2.69034914E-02
 2.08639289E-02
 7.52178462E-04
 1.83860240E-02
 3.36076243E-02
 7.42228106E-02
 1.05532182E-02
 9.81465466E-02
 6.98858395E-02
 6.90415270E-02
 7.14816804E-02
 1.27498848E-01
 4.40962187E-02
 2.46678806E-02
 8.22320104E-03
 8.31285994E-03
 1.53621513E-02
 1.00459839E-01
 5.22786690E-02
 9.33338119E-02
 2.55217442E-03
 5.99323758E-02
 1.51379454E-01
 8.77231546E-02
 5.51104500E-02
 1.75337616E-01
 7.33384205E-03
 2.16561314E-02
 3.89657929E-02
 8.59570055E-02
 1.44952021E-02
 1.00008878E-01
 6.53139505E-02
 4.22938008E-02
 8.18538002E-03
 3.33092456E-02
 1.38635678E-01
 1.51444707E-01
 9.05821976E-02
 3.30409305E-02
 1.03055972E-01
 9.67774533E-02
 1.80495307E-02
 1.33633120E-01
 5.91234109E-02
 1.06641866E-01
 2.20926185E-01
 1.56281472E-02
 7.67816323E-02
 1.43321847E-01
 2.94019226E-01
 1.40139034E-01
 1.12798819E-01
 8.67545544E-02
 7.62366961E-02
 8.06644241E-02
 1.43470994E-01
 1.09852767E-01
 1.58329027E-01
 8.93976689E-02
 3.42506305E-02
 1.06657994E-01
 3.05399069E-01
 1.55688422E-01
 1.06353996E-01
 1.58863553E-01
 9.86807337E-02
 1.55508647E-01
 3.65439494E-02
 3.68306306E-02
 8.00707773E-02
 1.34070282E-01
 4.60889735E-02
 2.90129907E-02
 1.38091485E-02
 9.13581297E-02
 1.59120875E-02
 1.35387056E-01
 1.50322487E-01
 8.60571826E-02
 1.68255946E-02
 6.58797521E-02
 1.30840969E-01
 1.72074357E-02
 2.24612833E-02
 1.17930308E-01
 6.92105796E-02
 1.18183872E-01
 1.52265916E-01
 1.11339785E-01
 7.92058080E-02
 2.16756463E-01
 8.26561764E-02
 1.72011244E-01
 2.25147767E-01
 2.65982616E-01
