 8.93792740E-01
 9.52879013E-01
 1.15671675E+00
 7.64980407E-01
 6.82330348E-01
 5.64613648E-01
 6.13501223E-01
 7.84728921E-01
 8.64875077E-01
 0.00000000E+00
 8.07442617E-01
 9.45664764E-01
 1.34473657E+00
 5.60235284E-01
 5.05342602E-01
 4.00637380E-01
 6.65723010E-01
 8.38308060E-01
 7.96394398E-01
 1.08240347E+00
 1.69596373E+00
 2.49012114E-01
 3.59849564E-01
 5.77076498E-01
 6.93338945E-01
 0.00000000E+00
 9.07156817E-01
 1.44151532E+00
 4.79781278E-01
 3.56030762E-01
 4.12160871E-01
 6.33843389E-01
 0.00000000E+00
 9.65592215E-01
 1.69127305E+00
 1.95643999E-01
 3.69896177E-01
 6.54447932E-01
 0.00000000E+00
 9.69509789E-01
 1.70524916E+00
 3.87722315E-01
 5.90545309E-01
 0.00000000E+00
 9.54366179E-01
 1.55790668E+00
 3.53900933E-01
 0.00000000E+00
 7.78750633E-01
 9.51763964E-01
 0.00000000E+00
 8.14048471E-01
 0.00000000E+00
 6.74697959E-01
 6.78907792E-01
 1.00203773E+00
 6.72659712E-01
 4.61220253E-01
 1.28486124E-01
 2.61563276E-01
 6.32283129E-01
 7.67379204E-01
 0.00000000E+00
 3.89052555E-01
 4.36619714E-01
 1.06253055E+00
 3.76469216E-01
 1.66965462E-01
 2.31238367E-01
 4.46634946E-01
 7.34523052E-01
 2.78602295E-01
 5.30981863E-01
 1.52076894E+00
 3.05352307E-01
 1.84664028E-01
 1.39615802E-01
 4.68969859E-01
 0.00000000E+00
 4.85378208E-01
 1.21856477E+00
 2.65083912E+00
 1.46461102E-01
 2.03886626E-01
 2.90385647E-01
 0.00000000E+00
 5.88719244E-01
 1.69096302E+00
 1.68155915E-01
 3.16225459E-01
 2.92867806E-01
 0.00000000E+00
 6.24219488E-01
 1.77710080E+00
 3.96691320E-02
 1.98648600E-01
 0.00000000E+00
 6.61592872E-01
 1.62303848E+00
 6.38404445E-01
 0.00000000E+00
 3.77182723E-01
 1.10387716E+00
 0.00000000E+00
 5.12243400E-01
 0.00000000E+00
 4.57283959E-01
 3.49739254E-01
 7.17045555E-01
 6.62250134E-01
 2.89596794E-01
 1.85498930E-01
 1.21361428E-01
 5.15907635E-01
 6.89634095E-01
 0.00000000E+00
 3.53668716E-02
 2.01973220E-01
 4.89178747E-01
 3.73066092E-01
 7.63030582E-02
 7.66604221E-03
 3.04124967E-01
 6.54882005E-01
 2.75494050E-01
 2.70006034E-01
 8.39759289E-01
 2.89471188E-01
 1.28994706E-02
 2.06679273E-01
 3.04399876E-01
 0.00000000E+00
 5.35216604E-02
 5.24179955E-01
 2.20635313E+00
 5.05734377E-01
 1.20461005E-01
 7.25404040E-03
 0.00000000E+00
 4.86786821E-02
 1.06942758E+00
 8.98235603E-02
 2.34416633E-02
 2.96679518E-01
 0.00000000E+00
 1.30298886E-01
 1.26249469E+00
 1.30076407E-01
 2.75552531E-01
 0.00000000E+00
 2.88591962E-01
 1.30459929E+00
 1.03768106E-01
 0.00000000E+00
 3.86876094E-02
 1.47199582E+00
 0.00000000E+00
 2.11526641E-01
 0.00000000E+00
 4.48263390E-01
 2.63520702E-01
 6.01755395E-01
 6.21188013E-01
 7.69361117E-02
 6.14630473E-02
 6.80165680E-01
 2.36347949E-01
 5.16628262E-01
 0.00000000E+00
 7.10856753E-02
 4.10373765E-01
 1.70963436E-01
 3.54600893E-01
 3.47582421E-01
 2.32175604E-01
 1.55697701E-01
 6.10744880E-01
 3.72599271E-01
 6.78427395E-01
 2.09220613E-01
 3.46139818E-01
 1.95282953E-02
 1.46205229E-02
 1.64335277E-01
 0.00000000E+00
 3.51386476E-01
 3.88238407E-01
 8.87088633E-01
 1.49327055E-01
 2.17187824E-01
 1.59901211E-01
 0.00000000E+00
 3.64119476E-01
 1.70765674E-01
 8.83413288E-01
 1.48473069E-01
 1.69628799E-01
 0.00000000E+00
 2.42545437E-01
 1.28828390E-01
 6.56935547E-01
 3.71799479E-01
 0.00000000E+00
 1.20128547E-01
 7.22786072E-01
 2.66533928E-01
 0.00000000E+00
 1.72442983E-01
 1.83769154E+00
 0.00000000E+00
 1.23009981E-01
 0.00000000E+00
 5.72790508E-01
 4.45700084E-01
 8.21567918E-01
 2.81924315E-01
 2.50708664E-01
 3.62765548E-01
 5.82360435E-01
 8.27093773E-02
 4.13841037E-01
 0.00000000E+00
 1.60359847E-01
 8.07995288E-02
 5.27298426E-01
 1.41108604E-01
 7.72855648E-02
 5.38695804E-01
 5.54864055E-01
 5.47002330E-01
 6.52297402E-02
 2.70842738E-01
 6.08957565E-01
 1.39619877E-01
 1.43836996E-01
 7.94363784E-02
 2.65397911E-03
 0.00000000E+00
 9.66752868E-02
 1.84393417E-01
 9.91558840E-01
 4.05364905E-02
 5.16315611E-01
 7.49678018E-02
 0.00000000E+00
 7.93578380E-02
 2.25940604E-03
 1.29909491E+00
 2.80019714E-01
 2.92138169E-01
 0.00000000E+00
 7.82999116E-02
 3.91062358E-01
 4.68206130E-01
 1.47179941E-01
 0.00000000E+00
 4.96343258E-01
 1.22745109E+00
 1.81048767E+00
 0.00000000E+00
 9.09970307E-02
 1.40390333E+00
 0.00000000E+00
 2.89603081E-01
 0.00000000E+00
 6.88530800E-01
 6.27508534E-01
 1.03128980E+00
 2.27132371E+00
 8.98016500E-02
 6.71205384E-01
 7.63927439E-01
 1.04938755E-01
 4.31669134E-01
 0.00000000E+00
 3.62917520E-01
 2.25252271E-01
 8.60535616E-01
 6.07704993E-02
 8.74971793E-02
 2.21215553E-01
 7.87168730E-01
 4.44117392E-01
 1.84874163E-01
 8.07958358E-02
 9.59561753E-01
 5.06058063E-02
 4.62442036E-01
 2.99788663E-01
 5.13695403E-02
 0.00000000E+00
 1.35517608E-01
 8.09904206E-02
 1.19673108E+00
 2.32977220E-01
 1.98529351E-01
 8.97552429E-05
 0.00000000E+00
 1.44110376E-01
 1.96030253E-01
 1.38803399E+00
 1.04050561E+00
 2.28678784E-03
 0.00000000E+00
 2.96332902E-01
 5.80552969E-01
 3.77430647E-01
 7.62558666E-02
 0.00000000E+00
 7.10373970E-01
 1.46047497E+00
 1.18771422E-01
 0.00000000E+00
 2.98940943E-01
 1.89335658E+00
 0.00000000E+00
 4.35234667E-01
 0.00000000E+00
 7.69415910E-01
 7.56562818E-01
 1.16176839E+00
 2.34730381E+00
 1.35730620E-02
 1.74867012E-01
 7.48542040E-01
 2.71027411E-01
 4.65167525E-01
 0.00000000E+00
 4.84431276E-01
 4.02779556E-01
 1.03149457E+00
 4.66319393E-01
 3.12653992E-01
 3.30381078E-01
 9.24178188E-01
 5.38631815E-01
 3.02441428E-01
 2.24681793E-01
 1.06006195E+00
 1.05014925E-01
 1.12423150E-01
 6.13881660E-02
 1.38703948E-02
 0.00000000E+00
 2.55768073E-01
 2.27334245E-01
 1.26689334E+00
 3.45144560E-01
 3.32921141E-01
 9.04672445E-02
 0.00000000E+00
 2.03091093E-01
 2.15817592E-01
 1.27275603E+00
 3.25527440E-02
 2.54858762E-01
 0.00000000E+00
 3.12334958E-01
 4.97766904E-01
 6.71295518E-01
 1.70555475E-01
 0.00000000E+00
 6.84240299E-01
 1.26637032E+00
 6.85420345E-01
 0.00000000E+00
 3.94544060E-01
 7.05787939E-01
 0.00000000E+00
 5.23393724E-01
 0.00000000E+00
 8.01468790E-01
 7.87458956E-01
 1.14337730E+00
 2.22021218E+00
 5.30412240E-02
 8.96116367E-02
 7.08385996E-01
 3.63933537E-02
 6.05450844E-01
 0.00000000E+00
 5.08240012E-01
 3.83538821E-01
 9.02805866E-01
 2.58601943E+00
 3.42471012E-01
 2.82437737E-01
 1.64882377E-01
 6.16203354E-01
 2.97958915E-01
 1.22323699E-01
 7.83874704E-01
 1.62835058E-01
 3.61782209E-02
 1.59021579E-02
 2.19689620E-02
 0.00000000E+00
 3.03002830E-01
 2.26159701E-01
 1.11043951E+00
 2.99255262E-01
 4.21975419E-01
 1.55402308E-01
 0.00000000E+00
 2.37886697E-01
 1.86739122E-01
 1.08233681E+00
 9.94739662E-02
 1.79474326E-01
 0.00000000E+00
 3.28343537E-01
 4.14959493E-01
 8.51611683E-01
 1.65565243E+00
 0.00000000E+00
 6.58094127E-01
 1.07218272E+00
 6.65666805E+00
 0.00000000E+00
 4.90208834E-01
 7.28909949E-01
 0.00000000E+00
 6.11625643E-01
 0.00000000E+00
 8.96243360E-01
 9.21001039E-01
 1.21610132E+00
 2.05533174E+00
 1.28384726E-01
 1.61328119E-03
 5.65324711E-02
 1.64244145E-01
 7.26341651E-01
 0.00000000E+00
 7.16297333E-01
 6.88369337E-01
 1.13768209E+00
 2.49358342E+00
 5.72969947E-01
 4.30091156E-01
 6.97121551E-02
 6.99802817E-01
 5.66621994E-01
 5.00505289E-01
 1.06098481E+00
 1.61904137E-01
 1.72865758E-01
 1.56518769E-01
 2.19860978E-01
 0.00000000E+00
 5.09166306E-01
 4.52186999E-01
 1.11207746E+00
 8.28934211E-02
 7.01277226E-01
 2.02590570E-01
 0.00000000E+00
 3.89594160E-01
 2.77234581E-01
 8.77318443E-01
 2.84247255E-02
 1.12192747E-01
 0.00000000E+00
 4.26848490E-01
 3.83359019E-01
 9.33626068E-01
 2.70279840E-01
 0.00000000E+00
 6.77814817E-01
 8.80101840E-01
 4.93457428E-01
 0.00000000E+00
 5.96424973E-01
 7.08458190E-01
 0.00000000E+00
 7.01301317E-01
 0.00000000E+00
 9.77132874E-01
 1.01881474E+00
 1.20403808E+00
 1.68683040E+00
 3.94083283E-01
 2.61190181E-01
 3.78207356E-01
 6.08530795E-01
 8.25566797E-01
 0.00000000E+00
 9.16180277E-01
 9.61051829E-01
 1.26199111E+00
 2.07010169E+00
 3.26398284E-01
 3.08870746E-01
 1.56176093E-01
 7.82871809E-01
 8.48348166E-01
 8.81474813E-01
 1.25413193E+00
 2.27530994E+00
 9.49886750E-02
 3.38438927E-01
 4.65336743E-01
 0.00000000E+00
 7.60830979E-01
 7.38763337E-01
 1.10619892E+00
 3.91481276E-01
 3.45060113E-01
 3.09661507E-01
 0.00000000E+00
 6.42736785E-01
 5.33595375E-01
 8.15397392E-01
 1.55071134E-01
 6.23813590E-01
 0.00000000E+00
 6.40425588E-01
 5.44907407E-01
 7.79660442E-01
 1.17480347E-01
 0.00000000E+00
 7.81583741E-01
 8.25779492E-01
 2.04239815E-01
 0.00000000E+00
 7.56356868E-01
 7.72031551E-01
 0.00000000E+00
 8.23734458E-01
 0.00000000E+00
