 8.76467707E-01
 7.75727408E-01
 6.82460708E-01
 6.41423094E-01
 6.20383133E-01
 6.34924426E-01
 6.86220389E-01
 7.55885515E-01
 8.32949007E-01
 0.00000000E+00
 7.83010362E-01
 6.26709550E-01
 4.91098432E-01
 4.53917305E-01
 4.33794379E-01
 4.63064589E-01
 5.45643297E-01
 6.72118032E-01
 7.06200758E-01
 5.15394595E-01
 3.54466330E-01
 3.29805861E-01
 3.04737144E-01
 3.25281285E-01
 3.65960644E-01
 0.00000000E+00
 6.76647874E-01
 4.84830694E-01
 3.27382837E-01
 3.35197921E-01
 3.36137022E-01
 2.45330904E-01
 0.00000000E+00
 6.37426195E-01
 4.44365737E-01
 3.10391896E-01
 3.54826387E-01
 4.04759872E-01
 0.00000000E+00
 6.11192639E-01
 4.03365826E-01
 2.62167110E-01
 2.07041367E-01
 0.00000000E+00
 6.08348352E-01
 3.53267604E-01
 4.77913389E-02
 0.00000000E+00
 6.06579791E-01
 2.57108909E-01
 0.00000000E+00
 4.98318701E-01
 0.00000000E+00
 7.77934442E-01
 6.07702627E-01
 4.55158406E-01
 3.77778711E-01
 3.43681755E-01
 3.67069775E-01
 4.50014048E-01
 5.70083662E-01
 7.04921614E-01
 0.00000000E+00
 6.22268535E-01
 3.81985526E-01
 1.92749840E-01
 1.35755252E-01
 1.19537057E-01
 1.70842678E-01
 2.95337978E-01
 5.10964392E-01
 4.98943362E-01
 2.32720165E-01
 4.64195285E-02
 2.03009887E-02
 1.38432648E-02
 6.83842311E-02
 1.52193799E-01
 0.00000000E+00
 4.45639235E-01
 1.91285757E-01
 9.81634476E-03
 1.89194892E-02
 3.77085884E-02
 6.44485555E-02
 0.00000000E+00
 3.75318174E-01
 1.39895933E-01
 1.22538777E-02
 4.83333965E-02
 1.22271828E-01
 0.00000000E+00
 3.30672303E-01
 9.54970541E-02
 5.66265246E-03
 1.40593645E-01
 0.00000000E+00
 3.32202865E-01
 5.30536907E-02
 1.97381150E-01
 0.00000000E+00
 3.43104014E-01
 7.74936729E-04
 0.00000000E+00
 1.69896644E-01
 0.00000000E+00
 7.05582972E-01
 4.93443567E-01
 3.09749288E-01
 2.06365866E-01
 1.67593981E-01
 1.92255176E-01
 2.83173201E-01
 4.30207972E-01
 6.06100427E-01
 0.00000000E+00
 5.13166927E-01
 2.43540131E-01
 5.64100615E-02
 2.28621586E-03
 1.32393705E-03
 5.87148817E-02
 1.83474409E-01
 4.47762581E-01
 3.65383876E-01
 1.01434251E-01
 3.11983686E-02
 4.11701836E-02
 1.43814279E-02
 6.72885941E-02
 1.74839584E-01
 0.00000000E+00
 2.97822949E-01
 6.44852273E-02
 5.16294609E-02
 5.33627617E-02
 1.54181135E-02
 9.32877281E-02
 0.00000000E+00
 2.08376420E-01
 2.19086145E-02
 3.19322783E-02
 2.39116088E-02
 5.14605050E-02
 0.00000000E+00
 1.53454441E-01
 5.47603312E-03
 8.89995532E-03
 1.95421135E-01
 0.00000000E+00
 1.60134518E-01
 1.72218953E-02
 5.89325630E-02
 0.00000000E+00
 1.85254709E-01
 2.61173708E-02
 0.00000000E+00
 2.32466290E-02
 0.00000000E+00
 6.66778637E-01
 4.39235607E-01
 2.47593141E-01
 1.38730440E-01
 1.05787270E-01
 1.19130701E-01
 1.82447903E-01
 3.20701639E-01
 5.22727982E-01
 0.00000000E+00
 4.57739912E-01
 1.92511053E-01
 2.71013699E-02
 2.15906677E-02
 9.76987222E-03
 3.02653375E-02
 1.02802525E-01
 3.57556785E-01
 2.97142796E-01
 6.08381335E-02
 2.50059155E-02
 3.16332549E-02
 1.37952135E-02
 4.21156105E-02
 9.54770160E-02
 0.00000000E+00
 2.33365442E-01
 3.89940596E-02
 4.04991034E-02
 4.36345579E-02
 1.77120160E-02
 1.18824031E-01
 0.00000000E+00
 1.46095059E-01
 1.12727316E-02
 4.36068010E-02
 2.35268036E-02
 3.41424429E-02
 0.00000000E+00
 9.12273504E-02
 5.53979039E-03
 3.62084735E-03
 1.94793031E-01
 0.00000000E+00
 9.23865007E-02
 2.14157676E-02
 7.59067656E-02
 0.00000000E+00
 1.10384850E-01
 1.58869599E-02
 0.00000000E+00
 1.22420183E-01
 0.00000000E+00
 6.27907207E-01
 3.84876682E-01
 1.85213351E-01
 6.86132083E-02
 4.17311332E-02
 4.33462526E-02
 7.79589194E-02
 2.06886609E-01
 4.35778335E-01
 0.00000000E+00
 4.02161932E-01
 1.41136913E-01
 2.72915620E-03
 4.19579564E-02
 1.86934550E-02
 6.80237520E-04
 1.86515435E-02
 2.62609556E-01
 2.28650898E-01
 1.96567743E-02
 1.97192519E-02
 2.23489406E-02
 1.34258734E-02
 1.59520986E-02
 1.26383939E-02
 0.00000000E+00
 1.68551907E-01
 1.26484254E-02
 3.07247953E-02
 3.44179424E-02
 2.03683365E-02
 1.45060807E-01
 0.00000000E+00
 8.33103763E-02
 6.21455336E-04
 4.42669709E-02
 2.45849025E-02
 1.56049635E-02
 0.00000000E+00
 2.83850718E-02
 7.24405007E-03
 1.94459979E-02
 1.96817091E-01
 0.00000000E+00
 2.39822824E-02
 2.75782428E-02
 9.75709355E-02
 0.00000000E+00
 3.47767639E-02
 2.44019975E-03
 0.00000000E+00
 2.22578038E-01
 0.00000000E+00
 6.28771747E-01
 3.86843869E-01
 1.89145611E-01
 6.21994446E-02
 3.60909154E-02
 3.70874269E-02
 6.84883108E-02
 1.95738844E-01
 4.26313911E-01
 0.00000000E+00
 4.02845881E-01
 1.42750444E-01
 1.40105201E-03
 4.93566400E-02
 2.14561371E-02
 2.99042215E-03
 7.89104659E-03
 2.47736790E-01
 2.28551428E-01
 1.95125608E-02
 1.79152591E-02
 3.05513066E-02
 1.65969322E-02
 1.22665224E-02
 4.25702833E-04
 0.00000000E+00
 1.68505607E-01
 1.26779208E-02
 2.85509874E-02
 4.19565123E-02
 2.38672567E-02
 1.47525065E-01
 0.00000000E+00
 8.31955472E-02
 6.88818013E-04
 4.21916471E-02
 2.99952080E-02
 1.42274320E-02
 0.00000000E+00
 2.81917269E-02
 7.46668968E-03
 3.31969152E-02
 1.95944029E-01
 0.00000000E+00
 2.37244891E-02
 2.80000863E-02
 1.07326053E-01
 0.00000000E+00
 3.43900740E-02
 8.56415598E-03
 0.00000000E+00
 2.23140496E-01
 0.00000000E+00
 6.69380626E-01
 4.45155994E-01
 2.59417176E-01
 1.35353636E-01
 9.20292239E-02
 1.04225200E-01
 1.59541311E-01
 2.93560758E-01
 4.99553308E-01
 0.00000000E+00
 4.59810588E-01
 1.97394685E-01
 3.95555906E-02
 4.30220580E-02
 1.76884471E-02
 2.08677277E-02
 7.56384505E-02
 3.19916800E-01
 2.96876305E-01
 6.04799724E-02
 1.94809661E-02
 5.71919066E-02
 2.35175364E-02
 3.25404005E-02
 6.42941126E-02
 0.00000000E+00
 2.33274666E-01
 3.91980412E-02
 3.37962791E-02
 6.71110382E-02
 2.82479237E-02
 1.24867770E-01
 0.00000000E+00
 1.45821379E-01
 1.12476634E-02
 4.14580068E-02
 3.97964247E-02
 3.08972549E-02
 0.00000000E+00
 9.07351997E-02
 5.97335174E-03
 4.43735124E-02
 1.91697468E-01
 0.00000000E+00
 9.17068640E-02
 2.24000690E-02
 1.04169009E-01
 0.00000000E+00
 1.09330241E-01
 8.96002762E-03
 0.00000000E+00
 1.23966942E-01
 0.00000000E+00
 7.09980986E-01
 5.03448955E-01
 3.29655886E-01
 2.08456719E-01
 1.49973811E-01
 1.73868963E-01
 2.54171873E-01
 3.95475426E-01
 5.76173638E-01
 0.00000000E+00
 5.16756129E-01
 2.51995118E-01
 7.76334669E-02
 2.87462893E-02
 1.38207046E-02
 4.57613869E-02
 1.46741862E-01
 3.96671111E-01
 3.65173802E-01
 1.01383499E-01
 2.11616666E-02
 8.49744750E-02
 3.07833795E-02
 5.38098921E-02
 1.31934042E-01
 0.00000000E+00
 2.98024559E-01
 6.56721643E-02
 3.91278158E-02
 9.32939367E-02
 3.28022973E-02
 1.01153943E-01
 0.00000000E+00
 2.08439545E-01
 2.31649792E-02
 4.07626975E-02
 4.99766010E-02
 4.80862838E-02
 0.00000000E+00
 1.53278673E-01
 4.48001381E-03
 5.59953869E-02
 1.87379036E-01
 0.00000000E+00
 1.59689239E-01
 1.68000518E-02
 1.01063980E-01
 0.00000000E+00
 1.84270408E-01
 6.72002071E-03
 0.00000000E+00
 2.47933884E-02
 0.00000000E+00
 7.83607869E-01
 6.20555723E-01
 4.79221085E-01
 3.81178215E-01
 3.20901364E-01
 3.44168585E-01
 4.18984855E-01
 5.35631993E-01
 6.75476729E-01
 0.00000000E+00
 6.29988682E-01
 3.99832454E-01
 2.28715832E-01
 1.21098337E-01
 1.01618849E-01
 1.53103835E-01
 2.56569412E-01
 4.59051659E-01
 5.05876942E-01
 2.49250054E-01
 8.35416019E-02
 2.52521872E-02
 3.37423207E-03
 5.50533111E-02
 1.10037408E-01
 0.00000000E+00
 4.51668993E-01
 2.06319632E-01
 4.50021514E-02
 3.04147190E-02
 1.61813908E-02
 6.92400917E-02
 0.00000000E+00
 3.79510706E-01
 1.51256103E-01
 3.55998390E-03
 2.72566965E-03
 1.12298079E-01
 0.00000000E+00
 3.33590740E-01
 1.04451341E-01
 8.07145538E-02
 1.63607156E-01
 0.00000000E+00
 3.35109630E-01
 6.31801308E-02
 2.57987748E-01
 0.00000000E+00
 3.45987435E-01
 2.92734022E-02
 0.00000000E+00
 1.73553719E-01
 0.00000000E+00
 8.81094689E-01
 7.86182058E-01
 7.01255045E-01
 6.43551262E-01
 6.00349825E-01
 6.15115642E-01
 6.62464743E-01
 7.31276508E-01
 8.12153454E-01
 0.00000000E+00
 7.90898537E-01
 6.44840105E-01
 5.24861754E-01
 4.47658339E-01
 4.13494136E-01
 4.42637288E-01
 5.12397760E-01
 6.29611931E-01
 7.15564300E-01
 5.37418629E-01
 3.97195979E-01
 2.98996663E-01
 2.82912598E-01
 3.04372700E-01
 3.22082394E-01
 0.00000000E+00
 6.84521062E-01
 5.04007574E-01
 3.57251778E-01
 2.88623242E-01
 3.10513816E-01
 2.32890714E-01
 0.00000000E+00
 6.42926949E-01
 4.58557041E-01
 3.02073233E-01
 3.04257516E-01
 3.87741917E-01
 0.00000000E+00
 6.15142478E-01
 4.14484623E-01
 2.01378260E-01
 1.63335881E-01
 0.00000000E+00
 6.12458396E-01
 3.66300809E-01
 1.68386045E-02
 0.00000000E+00
 6.11010246E-01
 2.37429415E-01
 0.00000000E+00
 5.04132231E-01
 0.00000000E+00
