 4.05771118E-01
 2.43231431E-01
 1.55078366E-01
 1.23211223E-01
 1.01375751E-01
 1.22787192E-01
 2.43171418E-01
 2.43603660E-01
 7.75649347E-02
 1.01172623E-02
 5.20772828E-02
 7.38678179E-02
 2.14776686E-02
 1.55680615E-01
 1.00981119E-02
 7.38461730E-02
 1.17012623E-01
 1.74665168E-02
 1.45612259E-01
 1.23596528E-01
 5.20767216E-02
 1.17012623E-01
 2.85437532E-02
 1.01486369E-01
 7.38688635E-02
 1.74665168E-02
 1.22787192E-01
 2.14776686E-02
 1.45612259E-01
 2.43171418E-01
 2.55699677E-01
 9.20846842E-02
 9.62460317E-03
 3.46624276E-02
 6.79267304E-02
 2.14776686E-02
 1.93398364E-01
 9.28291412E-02
 3.32638692E-02
 1.05331792E-01
 1.77553675E-01
 1.57465473E-01
 4.26635041E-02
 1.08291001E-02
 1.05293491E-01
 1.40781492E-01
 1.47586789E-01
 9.66339855E-02
 3.38918185E-02
 1.77552553E-01
 1.47586789E-01
 7.46968352E-03
 6.77054951E-02
 1.57467564E-01
 9.66339855E-02
 2.14776686E-02
 4.26635041E-02
 1.93398364E-01
 2.39945990E-01
 8.58437911E-02
 4.03821768E-02
 3.25539897E-02
 1.40552729E-02
 1.49717430E-01
 8.00419580E-02
 2.87458061E-02
 4.82513522E-02
 8.94295691E-02
 1.15901543E-01
 3.00885077E-02
 5.28245944E-02
 5.09915543E-02
 1.18425069E-01
 4.34488021E-02
 9.38879903E-02
 1.18448537E-01
 7.88623973E-03
 1.14320103E-01
 1.46532525E-01
 8.12695412E-02
 7.38328394E-02
 1.15049558E-01
 1.45695813E-01
 9.43828518E-02
 1.94298514E-01
 1.54192137E-01
 1.42453514E-01
 1.41710686E-01
 7.66708946E-02
 1.28110896E-01
 6.35396301E-02
 1.08129543E-01
 8.40220413E-02
 5.52552327E-02
 1.21556512E-01
 2.28455481E-01
 2.89857073E-02
 1.11535912E-01
 2.26445797E-02
 5.50767053E-02
 1.31247120E-01
 3.83400548E-02
 1.42990489E-01
 1.95065779E-01
 4.48852974E-02
 1.69300495E-01
 2.45401842E-01
 8.01144495E-02
 8.02336159E-03
 5.08241693E-02
 7.34560594E-02
 2.14776686E-02
 8.04982651E-02
 6.41964912E-02
 1.38581017E-01
 1.97370813E-01
 1.63854445E-01
 4.26635041E-02
 7.91255403E-03
 1.38579906E-01
 1.40781492E-01
 1.47586789E-01
 5.07709826E-02
 1.97370147E-01
 1.47586789E-01
 7.34401319E-02
 1.63854223E-01
 2.14776686E-02
 9.64255061E-02
 2.81648396E-02
 1.01143991E-01
 1.75047448E-01
 1.56641956E-01
 2.73972084E-02
 2.57360602E-02
 4.68933616E-02
 1.10875025E-01
 1.00922375E-01
 4.68911398E-02
 1.15801827E-02
 1.74941075E-01
 1.10873692E-01
 1.56610101E-01
 7.97879680E-02
 1.07740753E-02
 1.50009190E-02
 6.91374300E-02
 6.34236388E-04
 2.94629436E-02
 2.56301069E-02
 3.32119780E-02
 1.86675128E-02
 9.62027534E-02
 8.18792598E-02
 9.94204712E-02
 2.11471254E-01
 1.87331014E-01
 2.27475833E-01
 1.77487350E-01
 1.92594007E-01
 1.27747078E-01
 2.33715544E-01
 6.46428359E-02
 2.42501476E-01
 1.55582787E-01
 1.58018896E-01
 7.48025647E-03
 7.38461730E-02
 1.17012623E-01
 1.74665168E-02
 1.45612259E-01
 7.41127705E-03
 1.38580742E-01
 1.40781492E-01
 1.47586789E-01
 9.66339855E-02
 7.38461730E-02
 1.40781492E-01
 3.26045787E-02
 1.07363506E-01
 1.17012623E-01
 1.47586789E-01
 1.07363506E-01
 1.74665168E-02
 9.66339855E-02
 1.45612259E-01
 1.55056632E-02
 1.00057780E-01
 1.40781492E-01
 1.47586789E-01
 9.99198214E-02
 4.68928119E-02
 1.15801827E-02
 1.40781492E-01
 1.15801827E-02
 8.62521810E-02
 1.47586789E-01
 1.72201082E-02
 8.21151533E-03
 9.38175645E-02
 1.44054863E-01
 5.59178929E-03
 4.05759538E-02
 1.13960083E-01
 7.23518736E-02
 1.07804730E-01
 1.31294690E-01
 2.08182163E-01
 2.51062684E-01
 4.53944325E-02
 2.69768263E-01
 8.43445199E-02
 7.30903483E-03
 1.88947409E-01
 1.29064500E-01
 1.31103792E-01
 1.56712511E-01
 1.25789938E-01
 5.05161950E-02
 1.17012623E-01
 2.85437532E-02
 5.04751515E-02
 1.97370648E-01
 1.47586789E-01
 1.17012623E-01
 1.47586789E-01
 1.07363506E-01
 2.85437532E-02
 2.95049977E-02
 1.74431500E-01
 1.47586789E-01
 7.46968352E-03
 1.74349413E-01
 1.10874695E-01
 5.91800113E-02
 1.47586789E-01
 5.91800113E-02
 7.92820116E-02
 4.81586468E-02
 1.44030050E-01
 5.66700928E-02
 9.35171137E-02
 1.31213593E-01
 4.43124935E-01
 2.87627260E-01
 1.02254514E-01
 7.33797918E-02
 1.74665168E-02
 7.33662576E-02
 1.63854390E-01
 1.74665168E-02
 6.61692034E-02
 1.56489421E-01
 9.66339855E-02
 1.56462352E-01
 4.14480374E-02
 1.22787192E-01
 2.14776686E-02
 1.45612259E-01
 2.14776686E-02
 4.26635041E-02
 1.45612259E-01
 2.14776686E-02
 4.26635041E-02
 4.26635041E-02
 2.22776580E-02
 2.43171418E-01
 1.93398364E-01
 2.59979987E-01
 1.43363525E-01
 7.85134334E-02
 7.93236327E-02
 5.22123746E-02
 2.22227742E-02
 1.07661548E-01
 1.43447503E-01
 5.37645207E-02
 4.13741699E-03
 9.88803802E-03
 8.17178830E-02
 1.87083595E-02
 7.90140759E-02
 4.10386325E-03
 4.41909706E-02
 8.53456359E-02
 6.01362301E-02
 8.41410485E-02
 7.96719291E-02
 9.84604754E-03
 8.53456359E-02
 7.59324686E-02
 5.22928390E-02
 8.17343451E-02
 6.01362301E-02
 2.22227742E-02
 1.87083595E-02
 8.41410485E-02
 1.07661548E-01
 1.56627863E-01
 4.68340962E-02
 6.17403132E-03
 2.22494783E-02
 7.73251313E-02
 1.87083595E-02
 1.37465772E-01
 4.70020531E-02
 4.54846003E-02
 7.77041416E-02
 1.21489734E-01
 2.52569022E-01
 4.43896654E-02
 7.17531638E-03
 7.77712491E-02
 1.14355080E-01
 1.23842758E-01
 1.42811904E-04
 2.29460712E-02
 1.21573715E-01
 1.23842758E-01
 3.41506728E-04
 7.71642025E-02
 2.52601946E-01
 1.42811904E-04
 1.87083595E-02
 4.43896654E-02
 1.37465772E-01
 1.55040289E-01
 4.78451432E-02
 2.02486741E-02
 1.48386015E-02
 2.98960617E-02
 9.23513900E-02
 3.74205527E-02
 4.12663484E-02
 6.23928709E-02
 8.73871594E-02
 1.20583137E-02
 3.97433867E-03
 6.68524602E-02
 1.13668902E-02
 6.38819502E-02
 3.40404247E-02
 9.34918645E-02
 6.39288873E-02
 4.13715275E-02
 9.83281257E-03
 8.59815796E-02
 4.00716971E-02
 3.86718565E-02
 8.48579605E-02
 1.08677972E-01
 7.56625089E-02
 1.52742853E-01
 1.30711060E-01
 1.47438718E-01
 1.26606593E-01
 5.33776284E-02
 1.44417402E-01
 2.51767679E-02
 8.50453706E-02
 8.13393141E-02
 4.60763505E-02
 1.01118112E-01
 2.52213096E-01
 7.02386241E-02
 1.23917315E-01
 6.63782684E-02
 4.41829643E-02
 9.85068610E-02
 6.92867553E-02
 1.04934271E-01
 2.48066582E-01
 7.16085819E-02
 9.26861558E-02
 1.43474993E-01
 5.39430288E-02
 5.48246224E-03
 1.06886111E-02
 8.14629172E-02
 1.87083595E-02
 5.43563050E-02
 4.45660039E-02
 9.82106197E-02
 1.33528827E-01
 2.56148572E-01
 4.43896654E-02
 5.46492737E-03
 9.82103707E-02
 1.14355080E-01
 1.23842758E-01
 1.06514945E-02
 1.33528678E-01
 1.23842758E-01
 8.14788921E-02
 2.56148522E-01
 1.87083595E-02
 4.70570335E-02
 4.51275841E-02
 7.50140511E-02
 1.19888588E-01
 2.52059090E-01
 4.43010316E-02
 1.40711942E-01
 1.11386064E-01
 1.76930924E-01
 7.50491209E-02
 1.11385566E-01
 3.87516998E-02
 1.19962821E-01
 1.76930625E-01
 2.52091040E-01
 8.83981112E-02
 2.77348156E-03
 2.75624170E-02
 6.58051286E-02
 1.18443286E-02
 2.96698048E-02
 2.94359096E-02
 5.11608552E-02
 3.31878763E-02
 4.68739411E-02
 8.35945803E-02
 2.14023319E-02
 1.36636254E-01
 1.26810065E-01
 1.60124440E-01
 2.37532023E-01
 1.58058630E-01
 7.95086053E-02
 2.36249014E-01
 7.00637300E-02
 2.38120452E-01
 1.10541327E-01
 7.99090136E-02
 5.74652992E-03
 4.41909706E-02
 8.53456359E-02
 6.01362301E-02
 8.41410485E-02
 5.74604592E-03
 9.82105513E-02
 1.14355080E-01
 1.23842758E-01
 1.42811904E-04
 4.41909706E-02
 1.14355080E-01
 8.38864707E-03
 6.20362494E-02
 8.53456359E-02
 1.23842758E-01
 6.20362494E-02
 6.01362301E-02
 1.42811904E-04
 8.41410485E-02
 8.96519180E-03
 7.44859158E-02
 1.14355080E-01
 1.23842758E-01
 7.44868838E-02
 1.11385927E-01
 3.87516998E-02
 1.14355080E-01
 3.87516998E-02
 4.67615848E-02
 1.23842758E-01
 1.00173086E-01
 7.03601709E-03
 5.40590760E-02
 8.93656370E-02
 1.23385717E-02
 1.43389427E-02
 5.33753857E-02
 2.84496069E-02
 5.39766463E-02
 7.42384394E-02
 5.93608692E-02
 1.43001678E-01
 2.07925503E-02
 1.79900497E-01
 7.11311888E-02
 1.72661498E-03
 1.00119114E-01
 1.16272498E-01
 1.17675664E-01
 1.41627882E-01
 8.17897747E-02
 1.08112743E-02
 8.53456359E-02
 7.59324686E-02
 1.08102956E-02
 1.33528786E-01
 1.23842758E-01
 8.53456359E-02
 1.23842758E-01
 6.20362494E-02
 7.59324686E-02
 2.71817624E-02
 1.19643262E-01
 1.23842758E-01
 3.41506728E-04
 1.19645219E-01
 1.76930842E-01
 5.65224680E-02
 1.23842758E-01
 5.65224680E-02
 7.83789011E-02
 3.09434229E-02
 8.93160116E-02
 4.30271025E-02
 7.72569633E-02
 7.40762455E-02
 1.73146006E-01
 1.10177157E-01
 5.30728056E-02
 8.14748105E-02
 6.01362301E-02
 8.14754306E-02
 2.56148559E-01
 6.01362301E-02
 7.56042692E-02
 2.52082877E-01
 1.42811904E-04
 2.52084117E-01
 5.42807080E-02
 2.22227742E-02
 1.87083595E-02
 8.41410485E-02
 1.87083595E-02
 4.43896654E-02
 8.41410485E-02
 1.87083595E-02
 4.43896654E-02
 4.43896654E-02
 1.46160674E-01
 1.07661548E-01
 1.37465772E-01
 1.72078781E-01
 1.00934439E-01
 2.33910140E-02
 1.57769623E-02
 1.95343817E-02
 4.83387250E-02
 1.55851252E-03
 1.00859810E-01
 9.08745652E-02
 3.22531062E-02
 4.64665785E-02
 6.01701934E-02
 1.16174380E-02
 2.39863821E-02
 3.22700699E-02
 4.67740033E-02
 9.40882081E-02
 8.90463269E-02
 4.76308747E-02
 1.61734663E-02
 4.64443391E-02
 9.40882081E-02
 1.44382835E-01
 1.96125605E-02
 6.01806882E-02
 8.90463269E-02
 4.83387250E-02
 1.16174380E-02
 4.76308747E-02
 1.55851252E-03
 1.22283746E-01
 7.85849494E-02
 3.83188703E-02
 6.40839927E-02
 5.38645310E-02
 1.16174380E-02
 1.23408113E-01
 7.84356906E-02
 3.62237999E-02
 2.89218955E-03
 5.11143808E-02
 2.71727215E-01
 3.90000683E-02
 3.95096065E-02
 2.92611691E-03
 6.08564989E-02
 7.93599543E-02
 3.69013542E-02
 6.48770007E-02
 5.11588595E-02
 7.93599543E-02
 1.39272653E-02
 5.37081735E-02
 2.71748204E-01
 3.69013542E-02
 1.16174380E-02
 3.90000683E-02
 1.23408113E-01
 9.92537294E-02
 4.43852869E-02
 6.75290685E-04
 2.45078177E-02
 5.72619047E-02
 5.78938015E-02
 3.34353390E-02
 5.96302786E-04
 4.07101235E-02
 6.05342928E-02
 3.09148755E-02
 1.50445694E-02
 4.26206380E-02
 1.40532749E-03
 5.00387837E-02
 4.67597195E-02
 6.62732312E-02
 5.01091894E-02
 7.10697828E-02
 3.30702621E-02
 4.99315386E-02
 6.73396637E-03
 9.92797683E-04
 7.84910167E-02
 1.07880806E-01
 4.48550273E-02
 7.94644723E-02
 8.10379697E-02
 1.56905659E-01
 8.13237810E-02
 6.30192381E-02
 1.64058580E-01
 7.32320774E-03
 4.24106945E-02
 8.04331965E-02
 2.91963551E-02
 5.93118908E-02
 2.13863508E-01
 6.39069381E-02
 1.31552927E-01
 6.15342193E-02
 7.29847578E-02
 1.90199713E-02
 6.65921174E-02
 2.27109019E-02
 1.92924907E-01
 6.59977469E-02
 1.81293472E-02
 1.00192177E-01
 8.86202779E-02
 3.25149670E-02
 4.66157977E-02
 6.01353186E-02
 1.16174380E-02
 8.92059065E-02
 7.26257095E-02
 2.76083973E-03
 5.41740293E-02
 2.72205247E-01
 3.90000683E-02
 3.25214549E-02
 2.75961921E-03
 6.08564989E-02
 7.93599543E-02
 4.65803373E-02
 5.41732970E-02
 7.93599543E-02
 6.01516421E-02
 2.72205003E-01
 1.16174380E-02
 7.71004246E-02
 3.17152253E-02
 3.41591111E-03
 5.08159424E-02
 2.71657465E-01
 3.28864825E-02
 1.77938130E-01
 1.53145724E-01
 2.84037747E-01
 3.42888699E-03
 1.53143283E-01
 6.91768446E-02
 5.08868631E-02
 2.84036282E-01
 2.71690112E-01
 8.81401403E-02
 3.54926758E-02
 1.63441670E-02
 4.48837299E-02
 2.24974379E-02
 6.60370089E-02
 7.23939070E-02
 3.61575598E-02
 6.97622858E-02
 1.66403522E-02
 6.16660393E-02
 3.21863808E-02
 6.35409304E-02
 7.33439540E-02
 8.76152100E-02
 2.94819597E-01
 1.14977742E-01
 2.87641995E-02
 2.03346296E-01
 5.43431844E-02
 2.00216365E-01
 2.20267572E-02
 2.44693668E-02
 3.28928494E-02
 4.67740033E-02
 9.40882081E-02
 8.90463269E-02
 4.76308747E-02
 3.28661132E-02
 2.76046527E-03
 6.08564989E-02
 7.93599543E-02
 3.69013542E-02
 4.67740033E-02
 6.08564989E-02
 9.37591198E-04
 5.13564026E-02
 9.40882081E-02
 7.93599543E-02
 5.13564026E-02
 8.90463269E-02
 3.69013542E-02
 4.76308747E-02
 4.04755760E-02
 4.17167596E-03
 6.08564989E-02
 7.93599543E-02
 4.11820353E-03
 1.53144975E-01
 6.91768446E-02
 6.08564989E-02
 6.91768446E-02
 1.65848085E-02
 7.93599543E-02
 9.20484152E-02
 2.29123397E-02
 2.49287661E-02
 6.56418029E-02
 4.78916279E-03
 6.15167461E-02
 6.22975271E-03
 5.01240991E-03
 1.66628906E-02
 5.40497151E-02
 1.37938320E-03
 6.19068888E-02
 3.24796102E-03
 1.05489872E-01
 6.65010105E-02
 1.79568041E-02
 5.86168903E-02
 8.42546987E-02
 8.58179169E-02
 1.05815807E-01
 1.84673467E-02
 4.67967781E-02
 9.40882081E-02
 1.44382835E-01
 4.67797480E-02
 5.41738047E-02
 7.93599543E-02
 9.40882081E-02
 7.93599543E-02
 5.13564026E-02
 1.44382835E-01
 6.94647615E-02
 5.04539814E-02
 7.93599543E-02
 1.39272653E-02
 5.04880418E-02
 2.84037298E-01
 2.28933692E-02
 7.93599543E-02
 2.28933692E-02
 8.87491671E-02
 3.41198410E-03
 6.55673648E-02
 1.49109746E-02
 3.50966390E-02
 5.38064242E-02
 4.84322822E-02
 2.06398015E-02
 2.04959281E-02
 6.01409680E-02
 8.90463269E-02
 6.01470122E-02
 2.72205172E-01
 8.90463269E-02
 5.19414383E-02
 2.71668764E-01
 3.69013542E-02
 2.71680852E-01
 4.79974291E-02
 4.83387250E-02
 1.16174380E-02
 4.76308747E-02
 1.16174380E-02
 3.90000683E-02
 4.76308747E-02
 1.16174380E-02
 3.90000683E-02
 3.90000683E-02
 1.48734276E-01
 1.55851252E-03
 1.23408113E-01
 1.47670394E-01
 7.20447168E-02
 2.24079148E-02
 1.40166990E-02
 4.39314638E-02
 8.92450218E-02
 6.46068637E-02
 7.19894758E-02
 6.66850909E-02
 2.69366661E-02
 5.82625413E-02
 4.80495795E-02
 3.70503753E-02
 2.31249178E-02
 2.69509279E-02
 2.75999528E-02
 7.67520847E-02
 5.70067867E-02
 3.57091853E-02
 1.43798067E-02
 5.82292309E-02
 7.67520847E-02
 1.41899150E-01
 4.39785425E-02
 4.80625320E-02
 5.70067867E-02
 8.92450218E-02
 3.70503753E-02
 3.57091853E-02
 6.46068637E-02
 8.59102353E-02
 6.67040092E-02
 2.72251286E-02
 6.70583032E-02
 4.44491971E-02
 3.70503753E-02
 9.54914903E-02
 6.65935270E-02
 7.05888269E-02
 2.84341855E-02
 7.16865424E-03
 2.69466602E-01
 2.45201830E-02
 2.86591346E-02
 2.84627092E-02
 5.02014890E-02
 6.18499730E-02
 4.38059993E-02
 6.77845185E-02
 7.23527504E-03
 6.18499730E-02
 2.72894921E-02
 4.43550397E-02
 2.69492507E-01
 4.38059993E-02
 3.70503753E-02
 2.45201830E-02
 9.54914903E-02
 7.70689449E-02
 3.04815206E-02
 3.35406707E-03
 3.17883448E-02
 3.61221095E-02
 4.18669414E-02
 2.62180659E-02
 5.69838330E-03
 3.71585703E-02
 4.93655423E-02
 3.97882275E-02
 9.68177777E-03
 3.72647807E-02
 9.66254433E-03
 3.89046178E-02
 4.77801788E-02
 5.35331833E-02
 3.89984920E-02
 4.54938891E-02
 4.13411799E-02
 3.70895837E-02
 4.65235717E-04
 2.87560511E-03
 7.10733872E-02
 1.03857395E-01
 2.61936504E-02
 5.62193968E-02
 5.77149935E-02
 1.31157947E-01
 5.49273307E-02
 8.22901380E-02
 1.31002908E-01
 1.81316667E-02
 3.41093698E-02
 6.24757870E-02
 3.58332665E-02
 4.24046673E-02
 2.05200509E-01
 6.05847055E-02
 1.05493672E-01
 5.69640773E-02
 1.14707901E-01
 1.02706661E-02
 3.84246560E-02
 7.90083853E-03
 1.51309516E-01
 3.59477954E-02
 1.10421196E-01
 7.16457762E-02
 6.38770883E-02
 2.72070404E-02
 5.84207767E-02
 4.80057533E-02
 3.70503753E-02
 6.47239811E-02
 1.04261014E-01
 2.32050227E-02
 1.01016742E-02
 2.70119165E-01
 2.45201830E-02
 2.72314879E-02
 2.32057024E-02
 5.02014890E-02
 6.18499730E-02
 5.83849559E-02
 1.01012664E-02
 6.18499730E-02
 4.80203956E-02
 2.70119029E-01
 3.70503753E-02
 6.59061278E-02
 6.49728216E-02
 2.89749341E-02
 6.85218335E-03
 2.69378949E-01
 6.66666073E-02
 1.06694890E-01
 1.23716188E-01
 3.00058798E-01
 2.90238292E-02
 1.23714828E-01
 6.91271709E-02
 6.92382492E-03
 3.00057982E-01
 2.69408234E-01
 6.00505980E-02
 2.10643445E-02
 2.41691313E-02
 4.01776052E-02
 1.74357982E-02
 6.80783847E-02
 7.47137521E-02
 3.33104025E-02
 7.06731642E-02
 1.43772636E-02
 5.01665980E-02
 1.37447707E-02
 6.43114216E-02
 6.14649141E-02
 7.69222227E-02
 3.11128934E-01
 9.14300776E-02
 2.78154522E-02
 2.05221101E-01
 4.94075129E-02
 1.99172422E-01
 1.52073015E-02
 2.26314235E-02
 2.74227150E-02
 2.75999528E-02
 7.67520847E-02
 5.70067867E-02
 3.57091853E-02
 2.74149020E-02
 2.32052436E-02
 5.02014890E-02
 6.18499730E-02
 4.38059993E-02
 2.75999528E-02
 5.02014890E-02
 6.51346468E-03
 4.06765559E-02
 7.67520847E-02
 6.18499730E-02
 4.06765559E-02
 5.70067867E-02
 4.38059993E-02
 3.57091853E-02
 2.76721460E-02
 2.94062835E-02
 5.02014890E-02
 6.18499730E-02
 2.93906574E-02
 1.23715746E-01
 6.91271709E-02
 5.02014890E-02
 6.91271709E-02
 1.43494918E-02
 6.18499730E-02
 5.90239150E-02
 2.58808477E-03
 3.53159631E-03
 4.65578529E-02
 6.36292412E-03
 6.87259804E-02
 3.23236048E-03
 5.81787275E-03
 1.43885328E-02
 4.14251394E-02
 3.14979005E-02
 5.81827907E-02
 2.25385971E-03
 9.15505253E-02
 4.10447784E-02
 4.64073659E-02
 4.85062623E-02
 7.57052395E-02
 7.77232495E-02
 6.54292575E-02
 1.54093011E-02
 5.85182124E-02
 7.67520847E-02
 1.41899150E-01
 5.85123684E-02
 1.01015417E-02
 6.18499730E-02
 7.67520847E-02
 6.18499730E-02
 4.06765559E-02
 1.41899150E-01
 6.98435074E-02
 6.65731189E-03
 6.18499730E-02
 2.72894921E-02
 6.66900004E-03
 3.00058533E-01
 9.00956840E-03
 6.18499730E-02
 9.00956840E-03
 4.88582913E-02
 1.20986152E-02
 4.64586021E-02
 1.80705471E-02
 1.38087107E-02
 4.11007515E-02
 6.84861841E-02
 6.19426527E-03
 4.45083118E-02
 4.80128605E-02
 5.70067867E-02
 4.80150290E-02
 2.70119120E-01
 5.70067867E-02
 4.32955012E-02
 2.69393164E-01
 4.38059993E-02
 2.69397501E-01
 3.62216519E-02
 8.92450218E-02
 3.70503753E-02
 3.57091853E-02
 3.70503753E-02
 2.45201830E-02
 3.57091853E-02
 3.70503753E-02
 2.45201830E-02
 2.45201830E-02
 1.02513566E-01
 6.46068637E-02
 9.54914903E-02
 1.23272594E-01
 4.30991208E-02
 2.14342102E-02
 1.22620724E-02
 6.83304248E-02
 1.30151319E-01
 1.30772240E-01
 4.30682601E-02
 4.23714124E-02
 2.15413088E-02
 7.00111538E-02
 3.59447491E-02
 6.24833127E-02
 2.22781639E-02
 2.15448789E-02
 8.42590235E-03
 5.94159614E-02
 2.49672464E-02
 2.37874959E-02
 1.25949732E-02
 6.99619784E-02
 5.94159614E-02
 1.39415465E-01
 6.83474666E-02
 3.59617572E-02
 2.49672464E-02
 1.30151319E-01
 6.24833127E-02
 2.37874959E-02
 1.30772240E-01
 4.95578978E-02
 5.47113212E-02
 1.61501758E-02
 7.00438870E-02
 3.50301055E-02
 6.24833127E-02
 6.75748676E-02
 5.46496000E-02
 1.04705445E-01
 5.38183473E-02
 3.66823718E-02
 2.67237556E-01
 1.00402978E-02
 1.78380833E-02
 5.38254874E-02
 3.95464791E-02
 4.43399917E-02
 5.07106445E-02
 7.07096886E-02
 3.65840210E-02
 4.43399917E-02
 4.06517190E-02
 3.49960219E-02
 2.67271572E-01
 5.07106445E-02
 6.24833127E-02
 1.00402978E-02
 6.75748676E-02
 5.73803536E-02
 2.06426344E-02
 2.64762755E-03
 3.62273935E-02
 1.40351549E-02
 2.58400813E-02
 2.10693778E-02
 1.39463648E-02
 3.02485489E-02
 3.61817109E-02
 4.79898858E-02
 3.54811615E-03
 3.15136356E-02
 1.78266696E-02
 2.78263069E-02
 4.83381161E-02
 4.05559627E-02
 2.79436496E-02
 1.97638214E-02
 4.95330401E-02
 2.42476287E-02
 1.99769401E-04
 1.19849886E-02
 5.93951664E-02
 9.50576523E-02
 5.35093934E-03
 3.17745321E-02
 3.39102548E-02
 1.04681097E-01
 2.87733361E-02
 7.60794355E-02
 9.31527810E-02
 3.00276564E-02
 2.57903671E-02
 4.58198825E-02
 4.35505338E-02
 2.67873422E-02
 1.97551412E-01
 5.76028141E-02
 8.13699056E-02
 5.18424053E-02
 1.52273849E-01
 3.51574774E-02
 1.31103777E-02
 3.33048845E-02
 1.15778015E-01
 8.93618770E-03
 1.93171094E-01
 4.30384249E-02
 3.90467289E-02
 2.18461242E-02
 7.01939620E-02
 3.58867860E-02
 6.24833127E-02
 4.00658783E-02
 1.35909402E-01
 4.91727579E-02
 3.39718046E-02
 2.68032708E-01
 1.00402978E-02
 2.18176226E-02
 4.91740271E-02
 3.95464791E-02
 4.43399917E-02
 7.01152356E-02
 3.39725661E-02
 4.43399917E-02
 3.59139288E-02
 2.68032454E-01
 6.24833127E-02
 5.45899294E-02
 9.80560783E-02
 5.44279780E-02
 3.70479882E-02
 2.67121629E-01
 1.00094377E-01
 3.54254858E-02
 9.42829062E-02
 3.16077601E-01
 5.43709749E-02
 9.42803678E-02
 6.90774972E-02
 3.68905354E-02
 3.16076078E-01
 2.67175915E-01
 3.60744921E-02
 1.40556172E-02
 2.33429272E-02
 3.02807794E-02
 1.54040065E-02
 6.39629318E-02
 7.03226699E-02
 3.01943787E-02
 7.09133229E-02
 1.22536734E-02
 3.85058368E-02
 3.97727446E-03
 5.65132504E-02
 4.29307345E-02
 6.36045436E-02
 3.15195241E-01
 6.72559356E-02
 2.62066476E-02
 2.06064577E-01
 4.46802075E-02
 1.99504487E-01
 4.60220036E-02
 2.08055774E-02
 2.18989909E-02
 8.42590235E-03
 5.94159614E-02
 2.49672464E-02
 2.37874959E-02
 2.18501287E-02
 4.91732056E-02
 3.95464791E-02
 4.43399917E-02
 5.07106445E-02
 8.42590235E-03
 3.95464791E-02
 1.39645206E-02
 2.99967091E-02
 5.94159614E-02
 4.43399917E-02
 2.99967091E-02
 2.49672464E-02
 5.07106445E-02
 2.37874959E-02
 1.48929102E-02
 5.45337116E-02
 3.95464791E-02
 4.43399917E-02
 5.44359871E-02
 9.42820110E-02
 6.90774972E-02
 3.95464791E-02
 6.90774972E-02
 1.21141750E-02
 4.43399917E-02
 3.08933756E-02
 8.94922043E-03
 7.38084360E-03
 3.37647409E-02
 1.41381075E-02
 6.90841947E-02
 8.12748476E-03
 1.65344063E-02
 1.23259541E-02
 2.88688131E-02
 5.00908554E-02
 4.47820403E-02
 1.87921186E-02
 7.42624793E-02
 6.94703891E-03
 8.08308650E-02
 3.87312420E-02
 6.72821203E-02
 7.07985898E-02
 3.01308554E-02
 1.23585139E-02
 7.02074929E-02
 5.94159614E-02
 1.39415465E-01
 7.01768515E-02
 3.39720732E-02
 4.43399917E-02
 5.94159614E-02
 4.43399917E-02
 2.99967091E-02
 1.39415465E-01
 7.02367699E-02
 3.70750500E-02
 4.43399917E-02
 4.06517190E-02
 3.70137672E-02
 3.16077064E-01
 4.87423239E-03
 4.43399917E-02
 4.87423239E-03
 1.19037919E-02
 1.55130765E-02
 3.36406773E-02
 1.92039775E-02
 3.36860561E-03
 2.84633282E-02
 7.49127964E-02
 1.07505435E-02
 6.85231149E-02
 3.58954709E-02
 2.49672464E-02
 3.59057582E-02
 2.68032618E-01
 2.49672464E-02
 3.46447253E-02
 2.67138999E-01
 5.07106445E-02
 2.67159574E-01
 2.54246668E-02
 1.30151319E-01
 6.24833127E-02
 2.37874959E-02
 6.24833127E-02
 1.00402978E-02
 2.37874959E-02
 6.24833127E-02
 1.00402978E-02
 1.00402978E-02
 5.62928565E-02
 1.30772240E-01
 6.75748676E-02
 1.23019411E-01
 4.38259573E-02
 2.10103858E-02
 1.15734043E-02
 6.81187262E-02
 1.30151319E-01
 1.30772240E-01
 4.39272181E-02
 4.22220676E-02
 2.14245535E-02
 6.99539584E-02
 3.59423845E-02
 6.24833127E-02
 2.14281537E-02
 2.13230913E-02
 8.42590235E-03
 5.94159614E-02
 2.49672464E-02
 2.37874959E-02
 1.12040638E-02
 6.98522720E-02
 5.94159614E-02
 1.39415465E-01
 6.79186039E-02
 3.59593825E-02
 2.49672464E-02
 1.30151319E-01
 6.24833127E-02
 2.37874959E-02
 1.30772240E-01
 4.90515325E-02
 5.61649943E-02
 1.53025270E-02
 6.86665508E-02
 3.54535027E-02
 6.24833127E-02
 6.75748676E-02
 5.63675159E-02
 1.04406756E-01
 5.35848366E-02
 3.65679810E-02
 2.67232826E-01
 1.00402978E-02
 1.61380630E-02
 5.33819123E-02
 3.95464791E-02
 4.43399917E-02
 5.07106445E-02
 6.79278697E-02
 3.63646081E-02
 4.43399917E-02
 4.06517190E-02
 3.58537473E-02
 2.67266823E-01
 5.07106445E-02
 6.24833127E-02
 1.00402978E-02
 6.75748676E-02
 4.97904409E-02
 1.64637777E-02
 9.01499388E-03
 4.52919895E-02
 1.90288771E-02
 2.33726560E-02
 2.04911184E-02
 9.85330091E-03
 3.40213704E-02
 4.05483719E-02
 4.95433883E-02
 5.99437988E-03
 3.44084209E-02
 2.05027705E-02
 2.62206464E-02
 5.31514483E-02
 4.25980398E-02
 2.63379891E-02
 2.16392844E-02
 5.01253341E-02
 2.37874959E-02
 1.35745272E-02
 1.58349260E-02
 5.98581008E-02
 8.74891465E-02
 7.52074602E-03
 3.86164312E-02
 3.07906014E-02
 7.76088893E-02
 8.61218811E-03
 2.04070209E-02
 7.83439592E-02
 3.06485466E-02
 3.28606337E-02
 6.32603394E-02
 3.51857471E-02
 3.20146570E-02
 2.20920664E-01
 7.15359987E-02
 8.79794914E-02
 5.49394917E-02
 1.40453559E-01
 2.68982857E-02
 2.17591396E-02
 2.44327367E-02
 1.33772847E-01
 2.02875269E-02
 1.68671195E-01
 4.37702281E-02
 3.88357147E-02
 2.17422099E-02
 7.01426875E-02
 3.58854208E-02
 6.24833127E-02
 3.99383687E-02
 1.34101735E-01
 4.91728740E-02
 3.39718742E-02
 2.68032685E-01
 1.00402978E-02
 2.15993401E-02
 4.91742929E-02
 3.95464791E-02
 4.43399917E-02
 7.00087542E-02
 3.39727256E-02
 4.43399917E-02
 3.59086091E-02
 2.68032401E-01
 6.24833127E-02
 5.60535359E-02
 9.76340499E-02
 5.42201494E-02
 3.69454391E-02
 2.67118899E-01
 9.98393579E-02
 3.90408184E-02
 9.42826741E-02
 3.16077462E-01
 5.39344099E-02
 9.42798363E-02
 6.90774972E-02
 3.66775726E-02
 3.16075760E-01
 2.67165276E-01
 2.67332509E-02
 6.12952777E-03
 2.64900598E-02
 3.42773785E-02
 9.96074476E-03
 7.06170758E-02
 6.95292065E-02
 3.13730220E-02
 7.20370199E-02
 1.07981177E-02
 3.95148626E-02
 1.30011627E-02
 5.13005037E-02
 2.95284055E-02
 6.43121625E-02
 2.88104938E-01
 3.80025205E-02
 2.50376620E-02
 2.09021441E-01
 4.30050064E-02
 2.17883881E-01
 3.49854094E-02
 2.04602690E-02
 2.18131708E-02
 8.42590235E-03
 5.94159614E-02
 2.49672464E-02
 2.37874959E-02
 2.17608945E-02
 4.91734053E-02
 3.95464791E-02
 4.43399917E-02
 5.07106445E-02
 8.42590235E-03
 3.95464791E-02
 1.39645206E-02
 2.99967091E-02
 5.94159614E-02
 4.43399917E-02
 2.99967091E-02
 2.49672464E-02
 5.07106445E-02
 2.37874959E-02
 1.42022935E-02
 5.43620713E-02
 3.95464791E-02
 4.43399917E-02
 5.42575186E-02
 9.42816115E-02
 6.90774972E-02
 3.95464791E-02
 6.90774972E-02
 1.21141750E-02
 4.43399917E-02
 1.38807592E-02
 1.79088554E-02
 8.63407702E-03
 3.30128008E-02
 2.08427729E-02
 6.89004938E-02
 1.22352281E-02
 1.67946840E-02
 1.21957202E-02
 2.87126465E-02
 4.91226055E-02
 3.11620242E-02
 5.23018536E-02
 5.90682463E-02
 4.74141659E-02
 8.77022845E-02
 5.06380437E-02
 6.13354044E-02
 7.36511990E-02
 4.26098353E-02
 1.18633587E-02
 7.01652719E-02
 5.94159614E-02
 1.39415465E-01
 7.01347765E-02
 3.39721930E-02
 4.43399917E-02
 5.94159614E-02
 4.43399917E-02
 2.99967091E-02
 1.39415465E-01
 6.92464596E-02
 3.69906081E-02
 4.43399917E-02
 4.06517190E-02
 3.69296171E-02
 3.16076825E-01
 4.87423239E-03
 4.43399917E-02
 4.87423239E-03
 1.05340026E-02
 2.62714560E-02
 3.28887373E-02
 2.83072069E-02
 5.26219766E-03
 2.83071616E-02
 7.06305358E-02
 2.98421975E-03
 6.83802340E-02
 3.58940927E-02
 2.49672464E-02
 3.59006740E-02
 2.68032578E-01
 2.49672464E-02
 3.49304870E-02
 2.67136243E-01
 5.07106445E-02
 2.67149406E-01
 4.73540623E-03
 1.30151319E-01
 6.24833127E-02
 2.37874959E-02
 6.24833127E-02
 1.00402978E-02
 2.37874959E-02
 6.24833127E-02
 1.00402978E-02
 1.00402978E-02
 3.85565366E-02
 1.30772240E-01
 6.75748676E-02
 1.46918974E-01
 7.42288654E-02
 2.11367714E-02
 1.19508925E-02
 4.32964340E-02
 8.92450218E-02
 6.46068637E-02
 7.45690746E-02
 6.62366507E-02
 2.65828396E-02
 5.80888189E-02
 4.80431978E-02
 3.70503753E-02
 2.05748781E-02
 2.62814648E-02
 2.75999528E-02
 7.67520847E-02
 5.70067867E-02
 3.57091853E-02
 1.02070728E-02
 5.78976513E-02
 7.67520847E-02
 1.41899150E-01
 4.26919525E-02
 4.80562281E-02
 5.70067867E-02
 8.92450218E-02
 3.70503753E-02
 3.57091853E-02
 6.46068637E-02
 8.44073941E-02
 7.10723062E-02
 2.46828416E-02
 6.29266901E-02
 4.57192567E-02
 3.70503753E-02
 9.54914903E-02
 7.17527247E-02
 6.96919464E-02
 2.77265325E-02
 7.51609904E-03
 2.69453838E-01
 2.45201830E-02
 2.35590550E-02
 2.71237830E-02
 5.02014890E-02
 6.18499730E-02
 4.38059993E-02
 5.94390508E-02
 7.89843422E-03
 6.18499730E-02
 2.72894921E-02
 4.69282196E-02
 2.69479899E-01
 4.38059993E-02
 3.70503753E-02
 2.45201830E-02
 9.54914903E-02
 5.41189423E-02
 1.86123860E-02
 2.10152695E-02
 5.81175950E-02
 5.08150966E-02
 3.44646658E-02
 2.49334179E-02
 4.00386039E-03
 4.43541836E-02
 5.99918145E-02
 4.36241647E-02
 1.58280753E-02
 4.17866942E-02
 1.15797261E-02
 3.77543088E-02
 6.15046791E-02
 5.71619491E-02
 3.78481830E-02
 5.08817792E-02
 4.22855736E-02
 3.57091853E-02
 4.12979338E-02
 2.51322789E-02
 5.63730610E-02
 7.28617876E-02
 2.24086195E-02
 4.87711660E-02
 1.65333862E-02
 3.80079494E-02
 2.09870746E-02
 9.20088257E-03
 7.76048611E-02
 2.36941967E-02
 4.58658255E-02
 9.92621158E-02
 1.93888173E-02
 4.82785124E-02
 2.53505779E-01
 7.86266349E-02
 1.10185612E-01
 4.45855191E-02
 8.60126859E-02
 9.76772260E-03
 5.91195257E-02
 1.34567212E-02
 1.96049589E-01
 6.24944260E-02
 5.18208115E-02
 7.38432310E-02
 6.32457423E-02
 2.68931296E-02
 5.82656523E-02
 4.80020914E-02
 3.70503753E-02
 6.43327295E-02
 9.88429476E-02
 2.32054118E-02
 1.01014408E-02
 2.70119087E-01
 2.45201830E-02
 2.65665656E-02
 2.32066077E-02
 5.02014890E-02
 6.18499730E-02
 5.80594669E-02
 1.01007232E-02
 6.18499730E-02
 4.80064515E-02
 2.70118848E-01
 3.70503753E-02
 7.03010375E-02
 6.37101297E-02
 2.83471125E-02
 7.16243221E-03
 2.69371625E-01
 6.58841041E-02
 1.17531024E-01
 1.23715410E-01
 3.00058331E-01
 2.76939847E-02
 1.23713018E-01
 6.91271709E-02
 7.57480306E-03
 3.00056896E-01
 2.69380346E-01
 3.11204071E-02
 3.10983152E-03
 3.34099519E-02
 5.20470561E-02
 7.22260426E-04
 8.67742873E-02
 7.00123844E-02
 3.62195516E-02
 7.09326115E-02
 1.43494918E-02
 5.28176071E-02
 3.85873526E-02
 4.11392978E-02
 1.06674134E-02
 6.81542340E-02
 2.18862235E-01
 7.24228412E-03
 2.30302476E-02
 2.07802727E-01
 3.60228829E-02
 2.44004781E-01
 1.12377200E-02
 2.15956178E-02
 2.71631823E-02
 2.75999528E-02
 7.67520847E-02
 5.70067867E-02
 3.57091853E-02
 2.71382815E-02
 2.32058912E-02
 5.02014890E-02
 6.18499730E-02
 4.38059993E-02
 2.75999528E-02
 5.02014890E-02
 6.51346468E-03
 4.06765559E-02
 7.67520847E-02
 6.18499730E-02
 4.06765559E-02
 5.70067867E-02
 4.38059993E-02
 3.57091853E-02
 2.56005346E-02
 2.88872181E-02
 5.02014890E-02
 6.18499730E-02
 2.88374165E-02
 1.23714451E-01
 6.91271709E-02
 5.02014890E-02
 6.91271709E-02
 1.43494918E-02
 6.18499730E-02
 6.54636741E-03
 2.59274699E-02
 1.77838942E-03
 4.33718615E-02
 2.77253476E-02
 6.92256917E-02
 1.43880066E-02
 6.87788856E-03
 1.43494918E-02
 4.07891299E-02
 3.41090165E-02
 1.75972971E-02
 9.75173432E-02
 4.14830150E-02
 1.13816058E-01
 4.90498908E-02
 8.05746812E-02
 5.66772661E-02
 7.97890754E-02
 9.30349905E-02
 1.39239073E-02
 5.83903061E-02
 7.67520847E-02
 1.41899150E-01
 5.83807926E-02
 1.01011531E-02
 6.18499730E-02
 7.67520847E-02
 6.18499730E-02
 4.06765559E-02
 1.41899150E-01
 6.68727197E-02
 6.91312449E-03
 6.18499730E-02
 2.72894921E-02
 6.93215150E-03
 3.00057756E-01
 9.00956840E-03
 6.18499730E-02
 9.00956840E-03
 1.93189113E-02
 4.53557435E-02
 4.32726107E-02
 4.61292915E-02
 7.49744610E-03
 4.04647420E-02
 5.81965360E-02
 2.33658384E-02
 4.40796931E-02
 4.80091404E-02
 5.70067867E-02
 4.80015600E-02
 2.70118991E-01
 5.70067867E-02
 4.41527386E-02
 2.69385723E-01
 4.38059993E-02
 2.69370563E-01
 2.61340694E-02
 8.92450218E-02
 3.70503753E-02
 3.57091853E-02
 3.70503753E-02
 2.45201830E-02
 3.57091853E-02
 3.70503753E-02
 2.45201830E-02
 2.45201830E-02
 4.93046066E-02
 6.46068637E-02
 9.54914903E-02
 1.70834987E-01
 1.04559331E-01
 2.12765706E-02
 1.23364289E-02
 1.84768246E-02
 4.83387250E-02
 1.55851252E-03
 1.05145774E-01
 9.00933864E-02
 3.16387097E-02
 4.61622297E-02
 6.01644944E-02
 1.16174380E-02
 1.97446289E-02
 3.11244548E-02
 4.67740033E-02
 9.40882081E-02
 8.90463269E-02
 4.76308747E-02
 9.22389785E-03
 4.58738005E-02
 9.40882081E-02
 1.44382835E-01
 1.74699065E-02
 6.01761503E-02
 8.90463269E-02
 4.83387250E-02
 1.16174380E-02
 4.76308747E-02
 1.55851252E-03
 1.19796158E-01
 8.58347326E-02
 3.40899836E-02
 5.72029260E-02
 5.59796453E-02
 1.16174380E-02
 1.23408113E-01
 8.70076191E-02
 3.46614423E-02
 1.66339658E-03
 5.17230783E-02
 2.71715817E-01
 3.90000683E-02
 3.10261002E-02
 6.34886813E-04
 6.08564989E-02
 7.93599543E-02
 3.69013542E-02
 5.09778638E-02
 5.22999367E-02
 7.93599543E-02
 1.39272653E-02
 5.79934814E-02
 2.71739128E-01
 3.69013542E-02
 1.16174380E-02
 3.90000683E-02
 1.23408113E-01
 5.23079472E-02
 1.55851129E-02
 3.49305738E-02
 7.20922177E-02
 8.29843219E-02
 4.55566755E-02
 1.99220373E-02
 2.45863446E-02
 5.62395240E-02
 8.03667735E-02
 3.80154466E-02
 3.48334155E-02
 5.45867887E-02
 2.22283935E-03
 4.95482766E-02
 7.53608967E-02
 7.49789512E-02
 4.96186823E-02
 8.19586030E-02
 3.55301772E-02
 4.76308747E-02
 4.31035169E-02
 2.04909320E-02
 5.17853204E-02
 5.66861062E-02
 1.16076238E-02
 5.85139301E-02
 2.18560962E-02
 1.42215350E-02
 5.51812289E-02
 2.61413962E-02
 8.67305065E-02
 2.43142001E-03
 6.63459992E-02
 1.30232929E-01
 7.69865748E-03
 7.90212604E-02
 2.81712019E-01
 7.07933209E-02
 1.35680131E-01
 2.16764295E-02
 3.64764808E-02
 4.44349822E-02
 9.23866680E-02
 4.94222224E-02
 2.52194717E-01
 9.79114251E-02
 5.46089700E-02
 1.03833780E-01
 8.75474164E-02
 3.19759403E-02
 4.63477517E-02
 6.01323838E-02
 1.16174380E-02
 8.84675692E-02
 6.36081866E-02
 2.75974383E-03
 5.41733718E-02
 2.72205028E-01
 3.90000683E-02
 3.13457488E-02
 2.75707717E-03
 6.08564989E-02
 7.93599543E-02
 4.59973541E-02
 5.41717718E-02
 7.93599543E-02
 6.01419024E-02
 2.72204494E-01
 1.16174380E-02
 8.43836314E-02
 2.95695023E-02
 2.33785764E-03
 5.13520343E-02
 2.71651595E-01
 3.14098078E-02
 1.95973175E-01
 1.53143532E-01
 2.84036432E-01
 1.07747465E-03
 1.53138199E-01
 6.91768446E-02
 5.20528295E-02
 2.84033232E-01
 2.71670633E-01
 2.71839514E-02
 1.84328277E-02
 4.25633949E-02
 7.11568642E-02
 2.04598636E-02
 1.09710284E-01
 7.26679603E-02
 5.18548510E-02
 7.48873488E-02
 1.65848085E-02
 7.25936135E-02
 3.24355833E-02
 4.65396086E-02
 3.10416678E-03
 8.98506901E-02
 1.51673095E-01
 3.40360309E-02
 4.17814078E-02
 2.16754896E-01
 3.22248074E-02
 2.79335832E-01
 5.49072465E-02
 2.27497093E-02
 3.24439479E-02
 4.67740033E-02
 9.40882081E-02
 8.90463269E-02
 4.76308747E-02
 3.23457233E-02
 2.75863101E-03
 6.08564989E-02
 7.93599543E-02
 3.69013542E-02
 4.67740033E-02
 6.08564989E-02
 9.37591198E-04
 5.13564026E-02
 9.40882081E-02
 7.93599543E-02
 5.13564026E-02
 8.90463269E-02
 3.69013542E-02
 4.76308747E-02
 3.70362609E-02
 3.27387300E-03
 6.08564989E-02
 7.93599543E-02
 3.07742370E-03
 1.53141307E-01
 6.91768446E-02
 6.08564989E-02
 6.91768446E-02
 1.65848085E-02
 7.93599543E-02
 7.09202998E-03
 3.72045141E-02
 5.24552831E-03
 5.38318602E-02
 4.25329247E-02
 7.17893356E-02
 1.66618382E-02
 2.25743452E-03
 1.65848085E-02
 4.96878085E-02
 3.54780193E-02
 5.14738217E-03
 1.39481594E-01
 1.59238261E-02
 9.29250517E-02
 3.21140424E-02
 1.16866975E-01
 5.19845484E-02
 7.42191547E-02
 1.35558814E-01
 1.59957014E-02
 4.65737928E-02
 9.40882081E-02
 1.44382835E-01
 4.65248416E-02
 5.41727041E-02
 7.93599543E-02
 9.40882081E-02
 7.93599543E-02
 5.13564026E-02
 1.44382835E-01
 6.45214709E-02
 5.08999521E-02
 7.93599543E-02
 1.39272653E-02
 5.09978545E-02
 2.84035097E-01
 2.28933692E-02
 7.93599543E-02
 2.28933692E-02
 3.18862234E-02
 6.63950889E-02
 5.37574221E-02
 6.87063777E-02
 1.89140223E-02
 4.94445175E-02
 4.91708204E-02
 4.68653796E-02
 1.97829006E-02
 6.01380372E-02
 8.90463269E-02
 6.01364350E-02
 2.72204805E-01
 8.90463269E-02
 5.33674932E-02
 2.71662902E-01
 3.69013542E-02
 2.71659698E-01
 5.82643462E-02
 4.83387250E-02
 1.16174380E-02
 4.76308747E-02
 1.16174380E-02
 3.90000683E-02
 4.76308747E-02
 1.16174380E-02
 3.90000683E-02
 3.90000683E-02
 6.00526765E-02
 1.55851252E-03
 1.23408113E-01
 2.58679589E-01
 1.43634619E-01
 7.63547520E-02
 7.62909300E-02
 5.12729035E-02
 2.22227742E-02
 1.07661548E-01
 1.44274259E-01
 4.79397020E-02
 2.62414139E-04
 7.61446764E-03
 8.23900209E-02
 1.87083595E-02
 7.51414497E-02
 4.11722697E-04
 4.41909706E-02
 8.53456359E-02
 6.01362301E-02
 8.41410485E-02
 7.38247401E-02
 7.23016032E-03
 8.53456359E-02
 7.59324686E-02
 5.04828711E-02
 8.24505336E-02
 6.01362301E-02
 2.22227742E-02
 1.87083595E-02
 8.41410485E-02
 1.07661548E-01
 1.54027066E-01
 4.73762848E-02
 1.85666858E-03
 1.61840729E-02
 7.92040735E-02
 1.87083595E-02
 1.37465772E-01
 4.86555658E-02
 5.71342377E-02
 8.54541473E-02
 1.26036875E-01
 2.53913298E-01
 4.43896654E-02
 5.69936078E-04
 8.68024210E-02
 1.14355080E-01
 1.23842758E-01
 1.42811904E-04
 1.12516932E-02
 1.26805490E-01
 1.23842758E-01
 3.41506728E-04
 8.07841383E-02
 2.54034323E-01
 1.42811904E-04
 1.87083595E-02
 4.43896654E-02
 1.37465772E-01
 1.08232814E-01
 5.22798030E-03
 2.33924708E-02
 6.19999935E-02
 5.35052861E-02
 8.24816891E-02
 7.10217234E-03
 8.84513598E-02
 9.55016371E-02
 1.15664291E-01
 2.24080775E-03
 2.60810727E-02
 9.58990300E-02
 6.43666683E-03
 6.09238161E-02
 6.54559673E-02
 1.12140630E-01
 6.09707532E-02
 5.29274506E-02
 3.97015063E-03
 8.41410485E-02
 1.20722953E-01
 2.55327089E-02
 4.22106601E-03
 4.06188967E-02
 2.88078097E-02
 5.86407386E-02
 6.42719460E-02
 5.11516497E-03
 8.75382308E-02
 4.48363659E-02
 2.00685355E-02
 3.88681391E-02
 1.04745513E-01
 1.00808212E-01
 9.22858912E-02
 1.14739833E-01
 2.85236002E-01
 2.66892990E-02
 8.24724569E-02
 3.45115588E-02
 1.03636395E-02
 1.48198293E-01
 8.28557179E-02
 1.60185792E-01
 3.03093723E-01
 7.37099839E-02
 1.65044001E-01
 1.43910050E-01
 4.95022503E-02
 2.76091117E-03
 9.09997656E-03
 8.19186353E-02
 1.87083595E-02
 4.83694118E-02
 5.14760990E-02
 9.82101792E-02
 1.33528563E-01
 2.56148484E-01
 4.43896654E-02
 7.64321141E-04
 9.82093339E-02
 1.14355080E-01
 1.23842758E-01
 7.92908317E-03
 1.33528055E-01
 1.23842758E-01
 8.22231086E-02
 2.56148315E-01
 1.87083595E-02
 4.79271462E-02
 5.40091411E-02
 8.04571533E-02
 1.23065857E-01
 2.52970526E-01
 5.62748180E-02
 1.54532132E-01
 1.11385183E-01
 1.76930395E-01
 8.44503333E-02
 1.11383493E-01
 3.87516998E-02
 1.25407644E-01
 1.76929381E-01
 2.53579473E-01
 1.79618085E-02
 7.01966339E-02
 7.72982987E-02
 1.04079936E-01
 7.96260086E-02
 7.87157038E-02
 4.29271380E-02
 9.13419077E-02
 4.43188871E-02
 4.67615848E-02
 1.08910571E-01
 2.34705064E-02
 7.56454962E-02
 5.85344244E-03
 8.96275135E-02
 7.51889263E-02
 7.24018471E-02
 9.92554141E-02
 2.46740183E-01
 3.52732382E-02
 2.96916974E-01
 1.74262874E-01
 7.82512270E-02
 3.06887054E-03
 4.41909706E-02
 8.53456359E-02
 6.01362301E-02
 8.41410485E-02
 1.80946046E-03
 9.82098053E-02
 1.14355080E-01
 1.23842758E-01
 1.42811904E-04
 4.41909706E-02
 1.14355080E-01
 8.38864707E-03
 6.20362494E-02
 8.53456359E-02
 1.23842758E-01
 6.20362494E-02
 6.01362301E-02
 1.42811904E-04
 8.41410485E-02
 5.64961855E-03
 7.98412345E-02
 1.14355080E-01
 1.23842758E-01
 8.23600547E-02
 1.11384435E-01
 3.87516998E-02
 1.14355080E-01
 3.87516998E-02
 4.67615848E-02
 1.23842758E-01
 1.90818971E-03
 7.21864108E-02
 1.12794241E-02
 6.36978458E-02
 8.12415367E-02
 4.11524966E-02
 4.49276553E-02
 5.16491087E-03
 4.67615848E-02
 6.02676218E-02
 1.36226228E-02
 1.69746431E-02
 1.48608652E-01
 1.74598021E-02
 9.41621507E-02
 4.10936387E-02
 1.21816392E-01
 5.92906435E-02
 4.07840271E-02
 1.41211845E-01
 7.96432222E-02
 9.24176313E-03
 8.53456359E-02
 7.59324686E-02
 8.49420636E-03
 1.33528338E-01
 1.23842758E-01
 8.53456359E-02
 1.23842758E-01
 6.20362494E-02
 7.59324686E-02
 2.28886573E-02
 1.22782284E-01
 1.23842758E-01
 3.41506728E-04
 1.24277397E-01
 1.76929947E-01
 5.65224680E-02
 1.23842758E-01
 5.65224680E-02
 2.95009357E-02
 1.00007274E-01
 6.36482204E-02
 1.04690602E-01
 5.31535805E-02
 6.01054279E-02
 3.01633044E-02
 6.32855152E-03
 5.24459716E-02
 8.19361735E-02
 6.01362301E-02
 8.21710236E-02
 2.56148409E-01
 6.01362301E-02
 7.68579373E-02
 2.53005603E-01
 1.42811904E-04
 2.53475303E-01
 3.45192204E-02
 2.22227742E-02
 1.87083595E-02
 8.41410485E-02
 1.87083595E-02
 4.43896654E-02
 8.41410485E-02
 1.87083595E-02
 4.43896654E-02
 4.43896654E-02
 9.29617008E-02
 1.07661548E-01
 1.37465772E-01
 4.04545775E-01
 2.40297661E-01
 1.50374129E-01
 1.19519934E-01
 1.00181036E-01
 1.22787192E-01
 2.43171418E-01
 2.40518871E-01
 7.00463401E-02
 1.62447627E-02
 5.57280673E-02
 7.50418866E-02
 2.14776686E-02
 1.49621342E-01
 1.67936728E-02
 7.38461730E-02
 1.17012623E-01
 1.74665168E-02
 1.45612259E-01
 1.18199157E-01
 5.60473260E-02
 1.17012623E-01
 2.85437532E-02
 9.97567927E-02
 7.51145113E-02
 1.74665168E-02
 1.22787192E-01
 2.14776686E-02
 1.45612259E-01
 2.43171418E-01
 2.53248991E-01
 8.62171427E-02
 2.16128193E-04
 4.20450065E-02
 7.03161602E-02
 2.14776686E-02
 1.93398364E-01
 8.66595639E-02
 4.83010585E-02
 1.17586793E-01
 1.84855244E-01
 1.59813610E-01
 4.26635041E-02
 1.28944570E-03
 1.18684613E-01
 1.40781492E-01
 1.47586789E-01
 9.66339855E-02
 4.46865593E-02
 1.85493762E-01
 1.47586789E-01
 7.46968352E-03
 7.11646469E-02
 1.59958860E-01
 9.66339855E-02
 2.14776686E-02
 4.26635041E-02
 1.93398364E-01
 1.98219915E-01
 3.18260834E-02
 1.66967376E-02
 7.72896909E-02
 4.80100772E-03
 1.44782580E-01
 3.02465104E-02
 9.47806461E-02
 1.02511406E-01
 1.26191537E-01
 1.03451656E-01
 2.22685052E-02
 1.05437178E-01
 3.16285886E-02
 1.06807289E-01
 8.15541577E-02
 1.26065952E-01
 1.06830758E-01
 5.35758328E-03
 1.03770913E-01
 1.45612259E-01
 2.12261153E-01
 5.84652886E-02
 5.20446905E-02
 9.19130511E-02
 7.54444976E-02
 7.18800297E-02
 5.68082150E-02
 1.09730921E-02
 7.69226399E-02
 9.87635642E-02
 5.21105013E-02
 9.85824668E-02
 9.46289161E-02
 4.61179011E-02
 1.95440858E-01
 1.01687167E-01
 1.88928897E-01
 8.86658862E-02
 6.41651861E-03
 1.51132247E-01
 2.09107720E-02
 1.79522793E-01
 4.05203598E-02
 2.02081891E-01
 2.07570143E-01
 1.65350221E-02
 2.31958285E-01
 2.43141140E-01
 7.53539078E-02
 1.23412951E-02
 5.33927814E-02
 7.42753500E-02
 2.14776686E-02
 7.30473516E-02
 6.59080686E-02
 1.38578370E-01
 1.97369225E-01
 1.63853916E-01
 4.26635041E-02
 1.47320720E-02
 1.38573624E-01
 1.40781492E-01
 1.47586789E-01
 5.48137173E-02
 1.97366377E-01
 1.47586789E-01
 7.47060831E-02
 1.63852967E-01
 2.14776686E-02
 9.19041016E-02
 3.76859231E-02
 1.09779857E-01
 1.80184672E-01
 1.58280537E-01
 4.22990354E-02
 2.91592148E-02
 4.68880666E-02
 1.10871848E-01
 1.14561411E-01
 4.68785745E-02
 1.15801827E-02
 1.83026544E-01
 1.10866153E-01
 1.59142003E-01
 4.82902776E-02
 6.77966210E-02
 8.29357950E-02
 1.14114995E-01
 8.06520479E-02
 2.57764065E-02
 9.04906932E-03
 9.87331819E-02
 1.17584898E-02
 8.62521810E-02
 1.21795662E-01
 3.96365979E-02
 5.44807562E-02
 2.02352175E-02
 3.05246883E-02
 2.44122101E-02
 6.34366404E-02
 1.13432512E-01
 1.97914294E-01
 2.70207327E-02
 2.16697018E-01
 2.17842643E-01
 1.54343036E-01
 1.16153140E-02
 7.38461730E-02
 1.17012623E-01
 1.74665168E-02
 1.45612259E-01
 1.33942065E-02
 1.38576231E-01
 1.40781492E-01
 1.47586789E-01
 9.66339855E-02
 7.38461730E-02
 1.40781492E-01
 3.26045787E-02
 1.07363506E-01
 1.17012623E-01
 1.47586789E-01
 1.07363506E-01
 1.74665168E-02
 9.66339855E-02
 1.45612259E-01
 8.15394261E-03
 1.08327895E-01
 1.40781492E-01
 1.47586789E-01
 1.11885680E-01
 4.68837885E-02
 1.15801827E-02
 1.40781492E-01
 1.15801827E-02
 8.62521810E-02
 1.47586789E-01
 8.42912444E-03
 7.65251218E-02
 3.72431412E-02
 1.10110209E-01
 8.70104836E-02
 6.74667951E-03
 8.62521810E-02
 3.06715220E-02
 8.62521810E-02
 1.06286479E-01
 9.99129713E-03
 2.36418123E-02
 1.57202785E-01
 3.06465613E-03
 1.02449753E-01
 9.52862579E-02
 1.12579438E-01
 4.07342425E-03
 6.62048189E-02
 1.18511863E-01
 1.23008482E-01
 5.29786873E-02
 1.17012623E-01
 2.85437532E-02
 5.40419781E-02
 1.97367941E-01
 1.47586789E-01
 1.17012623E-01
 1.47586789E-01
 1.07363506E-01
 2.85437532E-02
 3.50679106E-02
 1.79356484E-01
 1.47586789E-01
 7.46968352E-03
 1.81483066E-01
 1.10869281E-01
 5.91800113E-02
 1.47586789E-01
 5.91800113E-02
 5.35548429E-02
 1.09765826E-01
 1.10085396E-01
 1.15682170E-01
 6.11159085E-02
 1.06205382E-01
 1.03973551E-01
 6.79665903E-02
 1.01371704E-01
 7.41697188E-02
 1.74665168E-02
 7.45169814E-02
 1.63853488E-01
 1.74665168E-02
 6.79348243E-02
 1.58069275E-01
 9.66339855E-02
 1.58763800E-01
 7.18713150E-03
 1.22787192E-01
 2.14776686E-02
 1.45612259E-01
 2.14776686E-02
 4.26635041E-02
 1.45612259E-01
 2.14776686E-02
 4.26635041E-02
 4.26635041E-02
 1.50022586E-01
 2.43171418E-01
 1.93398364E-01
