 5.09852610E-02
 1.52876693E-01
 1.84786399E-01
 1.26460045E-01
 1.48865640E-02
 1.19863997E-01
 2.41675210E-01
 5.91343322E-02
 4.01356237E-01
 2.03802229E-01
 1.68351576E-01
 1.12695425E-01
 1.99071845E-02
 1.20598332E-01
 4.48875447E-01
 7.62991815E-02
 1.19532054E-01
 1.82238224E-02
 1.46650150E-01
 9.57423044E-02
 3.15050309E-01
 1.19985703E-01
 2.96857304E-02
 8.66234803E-02
 1.63142550E-01
 1.86029773E-02
 1.20206808E-01
 2.12016267E-02
 1.47724994E-01
 2.44123518E-01
 6.50808754E-01
 6.93626820E-01
 6.61808463E-01
 5.27283237E-01
 2.36293198E-01
 1.96373390E-02
 1.93415627E-01
 5.07095797E-01
 9.82992614E-01
 4.88473582E-01
 4.06826255E-01
 2.31724528E-01
 4.24082837E-02
 5.64626017E-02
 9.73251472E-01
 1.43818318E-01
 1.49568812E-01
 9.79950466E-02
 8.67017769E-02
 6.96434102E-01
 1.50038287E-01
 8.30146077E-03
 9.32700054E-02
 3.30877709E-01
 9.80741124E-02
 2.15579897E-02
 4.44877499E-02
 1.98992172E-01
 1.53073614E+00
 1.75874262E+00
 1.78253090E+00
 1.24922463E+00
 4.40352264E-01
 8.52040705E-02
 1.17065675E+00
 1.90303018E+00
 1.29509283E+00
 8.18592331E-01
 1.16641123E-01
 2.77208320E-01
 1.43963724E+00
 2.22810755E-01
 4.13714995E-02
 3.89862431E-01
 9.98279394E-01
 4.46412566E-02
 1.40422759E-01
 1.91378185E-01
 1.32596846E-01
 2.13890011E-01
 2.13279658E-01
 1.78251707E-01
 3.28777091E-01
 5.36079357E-01
 4.98655876E-01
 5.26647514E-01
 6.19475055E-01
 2.46329387E+00
 7.00352413E-01
 1.05888162E+00
 6.05446225E-01
 7.13984159E-01
 7.46003819E-01
 2.23365997E-01
 5.41381872E-02
 2.98554905E-01
 2.79646233E-01
 6.26762021E-01
 1.99382723E-01
 2.05913722E-01
 1.94398795E-01
 2.42114908E-01
 3.31743893E-01
 1.04216053E+00
 3.01082311E-01
 5.42471329E-02
 1.28222137E-01
 3.15930475E-01
 8.13471400E-02
 2.04512134E-03
 5.72658753E-02
 2.03842941E-02
 5.12105119E-02
 3.90812120E-02
 1.38674846E-01
 1.98271113E-01
 1.64413414E-01
 4.35701116E-02
 1.50939448E-03
 1.38484464E-01
 1.41571565E-01
 1.47958634E-01
 4.68535507E-02
 1.98104058E-01
 1.48164570E-01
 7.26575411E-02
 1.63841228E-01
 2.21534676E-02
 1.35859157E-01
 4.38975987E-01
 7.71834397E-02
 6.92978585E-02
 1.22068464E-01
 8.47524279E-02
 1.77619333E-01
 4.73245896E-02
 1.11580258E-01
 8.64340325E-02
 4.74703418E-02
 1.12327044E-02
 1.65601475E-01
 1.11476256E-01
 1.52131663E-01
 2.25734591E+00
 5.46032744E-01
 3.78926449E-02
 1.21182100E-02
 2.12086407E-02
 2.59898620E-01
 3.28218315E-01
 1.68823455E-01
 1.29531104E-01
 1.23412537E-01
 3.25615060E-02
 3.93813258E+00
 2.40553186E-01
 1.20230446E+00
 3.76078755E+00
 4.69646646E-01
 2.70335750E+00
 3.27054318E-01
 9.32993442E-01
 3.49866029E-01
 3.70166222E+00
 1.38935224E-01
 1.64836609E-01
 7.79089549E-03
 7.35652008E-02
 1.17825541E-01
 1.83077314E-02
 1.45666148E-01
 3.86748470E-02
 1.38144895E-01
 1.39470989E-01
 1.47465923E-01
 9.73050819E-02
 7.29178130E-02
 1.39364050E-01
 3.29532690E-02
 1.07556162E-01
 1.16883120E-01
 1.47402404E-01
 1.07470625E-01
 1.79336242E-02
 9.70075397E-02
 1.45914626E-01
 3.27770201E-02
 6.66566573E-02
 1.39227689E-01
 1.47434495E-01
 4.31096352E-03
 4.50677201E-02
 1.08515911E-02
 1.36827281E-01
 1.04604842E-02
 8.69650824E-02
 1.45752597E-01
 2.34848465E+00
 3.87982831E-01
 2.44530677E-01
 2.34180612E-01
 5.74914175E-01
 3.57125617E-01
 4.76122861E-02
 6.16323597E-01
 5.44797047E-01
 4.55808580E-01
 4.66914721E-01
 5.11619409E-02
 4.88931197E-01
 2.25067733E-01
 3.99903714E-01
 5.86492402E-01
 6.50680011E-01
 4.67597487E-01
 6.16244093E-01
 5.05368479E-01
 1.48661327E-01
 4.15655997E-02
 1.15616565E-01
 2.84478656E-02
 2.20972901E-02
 1.95292415E-01
 1.45353784E-01
 1.13500358E-01
 1.44857923E-01
 1.07056587E-01
 2.73280837E-02
 2.06224815E-02
 1.52256348E-01
 1.44203505E-01
 7.84657606E-03
 1.12022452E-01
 1.06062188E-01
 5.94258015E-02
 1.40515161E-01
 5.94540009E-02
 2.17890488E+00
 2.01724486E-01
 2.33618906E-01
 3.18317912E-01
 2.77921745E-01
 4.58766889E-01
 6.53720624E-01
 7.89150509E-01
 1.10847200E-01
 6.97409676E-02
 1.59963018E-02
 6.11640797E-02
 1.61076770E-01
 1.44938114E-02
 4.42500833E-02
 1.46818047E-01
 9.71624967E-02
 1.29177827E-01
 1.23942872E+00
 1.24747437E-01
 1.91624749E-02
 1.41177366E-01
 2.01952952E-02
 3.59852887E-02
 1.37682846E-01
 2.04452003E-02
 3.44481753E-02
 3.32735769E-02
 1.24708714E+00
 2.36443008E-01
 1.64334774E-01
 1.14205423E-01
 3.16924577E-01
 5.38292174E-01
 3.79872963E-01
 1.04277478E-01
 2.00862363E-02
 1.06879515E-01
 4.67002506E-02
 2.31606765E-01
 1.55736127E-01
 8.34512102E-02
 1.10705984E-01
 1.94434707E-02
 1.35944906E-01
 3.07185462E-01
 4.54383206E-02
 8.67631007E-02
 6.08422252E-02
 8.50289384E-02
 1.03003137E-01
 1.74227564E-01
 8.67351082E-02
 7.67039340E-02
 5.23162493E-02
 1.44480438E-01
 6.10479276E-02
 1.95299322E-02
 1.88167251E-02
 8.60620950E-02
 1.07923942E-01
 5.90508697E-01
 8.69585055E-01
 1.21435304E+00
 8.86668172E-01
 3.85903362E-01
 1.94532684E-02
 1.38669454E-01
 1.48215562E-01
 6.14983616E-01
 3.95645763E-01
 3.08888989E-01
 3.10438027E-01
 4.51065770E-02
 1.21596093E-01
 6.95370452E-01
 1.16745704E-01
 1.25711053E-01
 5.53061347E-04
 6.94664025E-02
 4.88729757E-01
 1.26126613E-01
 9.99022699E-04
 7.52279373E-02
 3.77015551E-01
 1.73544436E-04
 1.82751149E-02
 4.31573748E-02
 1.43401403E-01
 1.58820168E+00
 2.18036307E+00
 2.76334466E+00
 1.93234869E+00
 7.69055481E-01
 4.00548377E-02
 6.51295426E-01
 1.12217855E+00
 9.27329461E-01
 5.71888502E-01
 1.32094608E-01
 1.04410217E-01
 4.76360999E-01
 4.39680052E-01
 3.26423147E-01
 3.01782560E-01
 4.94883387E-01
 3.16788350E-01
 2.00256025E-01
 1.39390979E-01
 5.13978790E-02
 2.43897095E-01
 2.86323428E-01
 1.34286231E-01
 2.02540815E-01
 7.42836463E-01
 9.82318510E-01
 9.72012589E-01
 3.51102205E-01
 2.48638570E+00
 1.43484432E+00
 1.42427631E+00
 6.58092197E-01
 7.35078183E-01
 9.21138036E-01
 4.27111515E-01
 2.41632336E-01
 6.92618086E-02
 1.11572060E-01
 3.72100157E-01
 5.60525247E-01
 1.67383912E-01
 1.28003681E+00
 1.28194853E+00
 3.32508056E-01
 8.49811715E-01
 2.15175118E-01
 1.56611389E-01
 1.02514763E-01
 3.20215095E-01
 5.76110955E-02
 2.62418026E-02
 9.48977000E-02
 1.92531242E-02
 1.51965041E-01
 1.42630977E-01
 1.17100442E-01
 1.45196315E-01
 2.61057315E-01
 4.38397170E-02
 3.17945463E-03
 9.86035954E-02
 1.15152845E-01
 1.23740613E-01
 1.16396348E-02
 1.34102926E-01
 1.23763837E-01
 8.10709308E-02
 2.56929880E-01
 1.82157899E-02
 3.97539494E-02
 4.78430790E-01
 2.00081438E-01
 1.95322938E-01
 2.78494320E-01
 1.45835265E-01
 2.28090589E-01
 1.48948684E-01
 2.00259440E-01
 7.94614013E-02
 1.13159710E-01
 3.89906820E-02
 1.20369364E-01
 1.78716943E-01
 2.50456107E-01
 1.07764183E-01
 5.89932757E-01
 4.27435861E-01
 1.64970029E-01
 2.88375023E-01
 5.35313447E-01
 2.20442698E-01
 1.66769993E-01
 3.45366312E-01
 2.39287744E-01
 9.82114646E-02
 3.22449534E+00
 2.01889108E+00
 1.00037180E-02
 7.44299739E-01
 2.72639984E+00
 1.00208282E+00
 5.13263017E-01
 4.41430490E-01
 6.59200379E-01
 1.56751816E+00
 7.34923129E-02
 1.09197522E-01
 1.95177585E-02
 4.36358004E-02
 8.46690478E-02
 6.04630506E-02
 8.45084742E-02
 6.17688262E-02
 9.79564725E-02
 1.13405622E-01
 1.23293534E-01
 7.97289806E-04
 4.29397948E-02
 1.13238385E-01
 8.84741760E-03
 6.25132516E-02
 8.31508768E-02
 1.23097536E-01
 6.23684930E-02
 5.96333508E-02
 5.41743618E-04
 8.49318192E-02
 6.69881829E-02
 4.57324249E-02
 1.13153353E-01
 1.23638538E-01
 3.93299058E-02
 1.08097229E-01
 3.83567698E-02
 1.10978800E-01
 3.80930283E-02
 4.72114353E-02
 1.21962470E-01
 5.57690324E-01
 3.05166612E-01
 1.38638695E-01
 1.39439701E-01
 4.20198663E-01
 3.58743274E-02
 2.27699774E-01
 4.22862554E-01
 3.48662185E-01
 3.09255126E-01
 1.00640374E-02
 3.69895401E-01
 3.33001698E-01
 9.77325391E-02
 2.68088954E-01
 4.27182012E-01
 5.44107558E-01
 2.81706504E-01
 5.15172281E-01
 3.80075281E-01
 1.36192333E-01
 1.72490253E-02
 8.44157658E-02
 7.48889287E-02
 4.21067923E-02
 1.32386011E-01
 1.22181176E-01
 8.26635383E-02
 1.21981853E-01
 6.20034694E-02
 7.27379676E-02
 1.35591292E-01
 1.03390346E-01
 1.21233271E-01
 6.66404833E-04
 5.09520223E-02
 1.71299966E-01
 5.59903385E-02
 1.17552997E-01
 5.55899986E-02
 6.36731276E-01
 1.84612930E-01
 1.38407474E-01
 2.58353845E-01
 9.19522426E-02
 3.10216334E-01
 2.90163574E-03
 5.84343348E-01
 7.18358291E-02
 7.94071235E-02
 5.85699980E-02
 6.92675055E-02
 2.52698586E-01
 5.66343965E-02
 3.51734209E-02
 2.45227204E-01
 1.39118536E-03
 2.21933147E-01
 5.01351512E-01
 3.00656692E-02
 1.77847541E-02
 8.06823779E-02
 1.68276571E-02
 5.00381183E-02
 7.79309280E-02
 1.58592487E-02
 5.17411019E-02
 5.23818416E-02
 1.23623671E+00
 1.08848262E-01
 1.11937124E-01
 1.11587804E-01
 1.22786728E-01
 4.87306948E-01
 4.02270299E-01
 1.23221516E-01
 5.00131765E-02
 1.23645098E-03
 1.98285162E-01
 1.50484819E-01
 7.47741034E-03
 3.51615226E-02
 6.04131202E-02
 1.14229673E-02
 1.00459705E-01
 3.22238430E-02
 4.80948122E-02
 9.57956553E-02
 9.01730009E-02
 4.81980863E-02
 4.84855312E-02
 4.98490098E-02
 9.55147127E-02
 1.45906366E-01
 2.01826519E-02
 6.01829371E-02
 9.02303796E-02
 5.14667020E-02
 1.15636734E-02
 4.90498937E-02
 8.62653120E-04
 5.43311530E-03
 3.71031905E-01
 9.71875405E-01
 7.62560614E-01
 3.35620598E-01
 1.11498274E-02
 1.25823503E-01
 2.65690778E-01
 1.49011489E-01
 4.71559307E-02
 7.62207431E-02
 2.73990201E-01
 3.91161165E-02
 1.92488158E-01
 1.31177477E-03
 6.20088635E-02
 8.04246602E-02
 3.67560708E-02
 1.29453949E-01
 4.81968417E-02
 8.06943178E-02
 1.50558655E-02
 5.13933745E-02
 2.73703770E-01
 3.73259679E-02
 1.08846128E-02
 3.75130092E-02
 1.29412758E-01
 9.44104247E-01
 1.79003009E+00
 2.77829859E+00
 2.01958607E+00
 8.50486038E-01
 1.08870260E-01
 2.78061977E-01
 2.54347606E-01
 7.45482165E-01
 4.60785778E-01
 1.44616184E-01
 2.48037765E-02
 4.29168603E-01
 3.54095822E-01
 2.70985208E-01
 4.59875135E-01
 1.10844855E-02
 2.57155292E-01
 3.04733962E-01
 3.13377675E-02
 4.37454945E-03
 3.70234356E-01
 3.45174079E-01
 5.64566685E-02
 4.71596284E-02
 4.52677354E-01
 2.00785710E+00
 8.71331873E-01
 1.38648731E-01
 4.73145417E+00
 1.07358417E+00
 3.67714788E+00
 3.69526315E-01
 4.83939010E-01
 7.74860195E-01
 3.91996409E-01
 3.45016551E-01
 3.10822699E-01
 1.56599254E-01
 4.94494952E-01
 7.90519543E-01
 1.08668125E+00
 1.05284624E+00
 1.02128813E+00
 2.70666980E-01
 4.02453185E-01
 1.55352687E-01
 9.97415101E-02
 2.52955939E-01
 4.68789515E-01
 4.18841409E-02
 5.33908511E-02
 5.87042960E-02
 1.15336777E-02
 2.57703482E-01
 2.94785919E-01
 3.45177939E-03
 5.56173797E-02
 2.74499122E-01
 3.87679785E-02
 3.74080456E-02
 2.91647699E-03
 6.17531306E-02
 7.96175780E-02
 7.93953589E-03
 5.54959992E-02
 7.96105828E-02
 7.24891488E-02
 2.74187855E-01
 1.13383879E-02
 3.70810490E-01
 7.77750394E-01
 2.02512541E-02
 4.11395244E-02
 2.70120313E-01
 3.59951024E-01
 2.59495634E-01
 1.54889040E-01
 2.86801374E-01
 1.37057358E-01
 1.54831107E-01
 6.99757505E-02
 1.31772050E-01
 2.86863802E-01
 2.96693912E-01
 2.91632864E-01
 6.78756194E-01
 4.08904846E-01
 9.67697614E-02
 2.42192119E-01
 2.33606266E-01
 4.75448187E-01
 3.08571467E-01
 2.30448627E-02
 1.27716862E-02
 4.10477548E-01
 2.34853835E+00
 2.57406890E+00
 7.92242724E-02
 2.78213341E+00
 2.11279776E+00
 2.30664459E+00
 4.58899435E+00
 1.17085602E+00
 1.60192290E+00
 1.58064884E+00
 3.04456988E-01
 1.20894769E-01
 6.76135915E-02
 4.62275590E-02
 9.31003289E-02
 8.93453263E-02
 4.80229157E-02
 7.69369244E-02
 2.76454191E-03
 6.04510912E-02
 7.91111832E-02
 3.65498464E-02
 4.54178963E-02
 6.01830306E-02
 1.37980753E-03
 5.18193623E-02
 9.10005388E-02
 7.87741999E-02
 5.16984131E-02
 8.80921310E-02
 3.67655288E-02
 4.85065200E-02
 2.29536239E-01
 7.33208294E-02
 6.01495565E-02
 7.92018657E-02
 9.25823335E-02
 1.48043755E-01
 6.89490591E-02
 5.87481416E-02
 6.87473763E-02
 1.68137729E-02
 7.77523659E-02
 6.75315998E-01
 2.14023029E-01
 9.28280274E-03
 4.40318868E-02
 1.28337369E-01
 3.37105499E-01
 4.43464441E-01
 6.27304677E-02
 1.56975537E-02
 8.74048717E-02
 1.36673229E+00
 8.75076884E-01
 2.56634594E-01
 6.23687641E-01
 1.82567124E-01
 3.39002859E-01
 3.92142776E-02
 6.65669631E-02
 3.71382013E-01
 5.98068226E-01
 1.23015822E-01
 6.55748332E-02
 9.32120872E-02
 1.42902192E-01
 6.93318895E-02
 5.29351607E-02
 7.81759265E-02
 9.12980651E-02
 7.78230538E-02
 5.13494283E-02
 1.39697239E-01
 2.73843718E-01
 1.09667146E-02
 7.72574049E-02
 1.43065120E-02
 6.37414840E-04
 2.75456612E-01
 2.23102443E-02
 7.43181019E-02
 2.18264788E-02
 8.05856392E-01
 1.59547073E-01
 4.21344751E-02
 1.05222643E-01
 1.51991825E-01
 8.36648862E-02
 3.04915709E-01
 2.11073817E-01
 5.58802973E-02
 5.46261306E-02
 8.75160102E-02
 5.22215690E-02
 2.68250320E-01
 8.52078340E-02
 1.99094455E-02
 2.57759701E-01
 3.53073973E-02
 2.49068700E-01
 6.21530841E-01
 3.48562609E-02
 7.75657520E-03
 4.52550389E-02
 7.06751862E-03
 4.31526892E-02
 4.33780890E-02
 4.74782409E-03
 4.48843875E-02
 4.64930700E-02
 6.09980520E-01
 1.03027041E-02
 1.02611796E-01
 4.76216386E-02
 3.18059581E-01
 5.90402772E-01
 4.20505688E-01
 1.03172922E-01
 9.12029180E-02
 6.49106633E-02
 7.96048654E-02
 2.70438597E-02
 6.37965041E-02
 8.31574406E-02
 3.80362767E-02
 3.70200786E-02
 4.95711507E-02
 3.03830076E-02
 2.85892647E-02
 7.82044243E-02
 5.77823629E-02
 3.62291120E-02
 2.11704519E-02
 6.48342647E-02
 7.79820816E-02
 1.43356151E-01
 3.26781442E-02
 4.69550973E-02
 5.77943092E-02
 9.34577231E-02
 3.76375159E-02
 3.66781982E-02
 6.64261700E-02
 1.16328476E-01
 7.09630975E-01
 1.18554161E+00
 7.92352319E-01
 3.35733996E-01
 3.67630887E-02
 9.80570030E-02
 2.37092615E-01
 9.34171172E-03
 1.00867219E-01
 3.94243581E-02
 2.51632370E-01
 2.44513175E-02
 8.24854438E-02
 3.46998929E-02
 5.11707238E-02
 6.27185564E-02
 4.37158736E-02
 8.21157661E-02
 2.59210750E-03
 6.28522147E-02
 2.86097006E-02
 6.62116853E-02
 2.69308841E-01
 4.42863673E-02
 3.70765915E-02
 2.31631472E-02
 1.01090974E-01
 7.84712781E-01
 1.84804489E+00
 2.60875936E+00
 1.86676281E+00
 7.33837179E-01
 5.78236274E-02
 7.29222799E-01
 9.42453623E-02
 1.25290552E-01
 1.75453408E-01
 7.37060181E-02
 8.71060235E-03
 5.48632768E-01
 4.02862612E-01
 2.95956745E-01
 4.26943678E-01
 1.43631086E-01
 2.77577069E-01
 2.64524223E-01
 1.04118711E-04
 1.03166472E-02
 4.95724080E-01
 4.36083722E-01
 1.70715425E-01
 4.22596198E-03
 8.11560100E-01
 2.59281478E+00
 1.02579142E+00
 1.29425548E-01
 1.33278858E+00
 7.72140537E-01
 3.83353900E-01
 9.90946173E-02
 2.34474503E-01
 4.42195202E-01
 1.79540939E-01
 2.27078039E+00
 1.74007735E+00
 2.16292926E-01
 5.61962233E-01
 3.52889467E-01
 9.18727696E-01
 9.73405224E-01
 8.74627840E-01
 3.91456050E-01
 1.44465217E-01
 2.76055463E+00
 4.22356886E-02
 1.78824426E-01
 4.13937988E-01
 4.19177079E-02
 6.83893465E-02
 4.56663003E-02
 3.71021167E-02
 6.27039572E-03
 2.39628626E-01
 2.27527398E-02
 1.15102072E-02
 2.72970096E-01
 2.42932040E-02
 1.38638563E-01
 2.31388469E-02
 5.09701308E-02
 6.21153759E-02
 3.76815122E-02
 1.14843335E-02
 6.20588244E-02
 8.01055215E-02
 2.72739857E-01
 3.72420098E-02
 2.73494890E-01
 7.53442885E-01
 5.72766091E-02
 9.73880701E-03
 2.66095662E-01
 5.42971426E-02
 1.60379698E-01
 1.25167341E-01
 3.03256095E-01
 3.00062960E-01
 1.25478684E-01
 6.99236898E-02
 2.00402397E-01
 3.03658507E-01
 3.33306341E-01
 2.23059346E-01
 5.76865680E-01
 3.88379879E-01
 1.11321359E-01
 3.38394706E-01
 5.49033419E-02
 3.66756024E-01
 5.95916259E-01
 8.79663868E-02
 1.27186744E-02
 5.16132313E-01
 3.53857683E+00
 2.11243115E+00
 2.69237434E-01
 6.84144475E+01
 9.96839862E-01
 3.01105759E+00
 5.80021772E+00
 1.17867501E+00
 1.49278832E+00
 4.37150202E+01
 1.03419333E+01
 2.41477369E-01
 2.00355042E-01
 2.72854975E-02
 7.60568696E-02
 5.71315704E-02
 3.59694339E-02
 1.68153773E-03
 2.22936287E-02
 4.98886054E-02
 6.16132143E-02
 4.36417259E-02
 2.67888276E-02
 4.96497639E-02
 6.09403610E-03
 4.11167153E-02
 7.42603881E-02
 6.12619293E-02
 4.10192123E-02
 5.60909469E-02
 4.38611436E-02
 3.61353930E-02
 4.59995862E-01
 3.71536386E-01
 4.96500691E-02
 6.16293655E-02
 2.25393025E-02
 1.20245264E-01
 6.89525371E-02
 4.84454970E-02
 6.88143293E-02
 1.45714478E-02
 6.01595157E-02
 9.78870005E-01
 4.07488180E-01
 2.77712453E-01
 1.23589995E-01
 3.41777814E-02
 3.04372563E-01
 4.78799804E-01
 1.84407569E-02
 1.40844756E-02
 5.51769581E-02
 4.95689522E+00
 1.52343476E+00
 3.35802617E-01
 7.58182050E-01
 1.81753996E-01
 4.75511539E-01
 1.26411484E+00
 2.89426735E-01
 3.61708552E-01
 3.50762884E-02
 1.74224076E-01
 1.60634560E-01
 7.60477273E-02
 1.40555907E-01
 3.86425756E-02
 9.81510516E-03
 6.09156625E-02
 7.43020692E-02
 6.05957619E-02
 4.06865036E-02
 1.37484329E-01
 3.81761791E-01
 1.97380590E-01
 6.01460430E-02
 2.75840283E-02
 4.33920184E-02
 2.91849980E-01
 8.54555518E-03
 5.76211578E-02
 7.99229555E-03
 8.82152940E-01
 2.80336197E-01
 1.27229510E-01
 1.30827696E-02
 1.43548745E-01
 5.09713651E-02
 3.46673794E-02
 4.79174753E-01
 9.86860112E-02
 1.38782113E-02
 5.57953627E-02
 5.40412352E-02
 2.66405947E-01
 5.40070003E-02
 6.65516172E-02
 1.98334143E-01
 4.23272548E-02
 2.75127111E-01
 5.53361186E-01
 7.11123381E-02
 3.11712685E-02
 3.45942458E-02
 2.97250273E-02
 2.79101727E-02
 3.33595689E-02
 2.57936722E-02
 2.90804848E-02
 3.06850513E-02
 4.25662116E-01
 5.04133177E-02
 7.77338134E-02
 4.06829683E-01
 1.14480704E-02
 1.80952366E-01
 1.31482371E-01
 1.92084177E-02
 1.32418511E-01
 1.31100422E-01
 2.90265207E-02
 6.75570396E-02
 4.88795559E-02
 8.84723755E-02
 2.98635293E-02
 6.26336618E-02
 1.03339881E-01
 2.52922048E-02
 9.06943412E-03
 6.05999378E-02
 2.53677942E-02
 2.42525428E-02
 5.64140434E-02
 7.78891396E-02
 6.04357304E-02
 1.40802824E-01
 6.59534149E-02
 3.43605609E-02
 2.53323080E-02
 1.35479850E-01
 6.37306757E-02
 2.42977503E-02
 1.33769053E-01
 6.11501068E-01
 8.39603175E-03
 3.83934827E-01
 2.13686082E-01
 1.33293050E-01
 6.23937508E-02
 7.02710996E-02
 2.56145004E-02
 1.56951094E-01
 1.07937035E-01
 7.06500838E-02
 2.57378594E-01
 9.77407280E-03
 1.79556779E-01
 6.16865288E-02
 4.03230197E-02
 4.49972642E-02
 5.06798875E-02
 1.58439600E-01
 4.95860114E-02
 4.49940654E-02
 4.21763037E-02
 4.00323029E-02
 2.66179799E-01
 5.12512282E-02
 6.32903668E-02
 8.79814384E-03
 7.27432469E-02
 5.26565255E-01
 4.95972780E-01
 1.05239603E+00
 8.83201504E-01
 3.40716396E-01
 6.73367824E-03
 1.80579371E-01
 2.90676238E-01
 3.22348816E-02
 1.67220588E-01
 9.49799654E-02
 1.47761061E-01
 3.55372988E-01
 1.21465174E-01
 1.23306053E-01
 2.80653425E-01
 8.97956645E-02
 1.01222520E-01
 1.86750211E-01
 3.01522559E-02
 1.62676712E-02
 7.30099846E-01
 6.35182294E-01
 3.74977825E-01
 2.47924056E-02
 5.64181206E-01
 2.43379745E+00
 8.63938634E-01
 5.48461035E-01
 1.18628158E+00
 5.46501939E-01
 2.01237273E+00
 4.16023521E-01
 2.31892089E-01
 3.91236687E-02
 1.27121987E-01
 1.53315510E+00
 1.33541549E+00
 2.59230080E-01
 1.90947610E-01
 6.08279897E-01
 2.07877290E-01
 3.73375542E-01
 2.92807708E-01
 7.32034481E-02
 7.71575781E-02
 2.36747105E+00
 3.85699846E-01
 1.05189459E-02
 1.62727759E-01
 3.32394863E-02
 7.81763685E-02
 3.43574616E-02
 6.26869350E-02
 4.13884303E-02
 2.20561674E-01
 4.89758850E-02
 3.26283866E-02
 2.71438728E-01
 9.80698650E-03
 4.00367169E-02
 5.03575065E-02
 4.01782944E-02
 4.45992293E-02
 3.61578797E-02
 3.32448305E-02
 4.44924862E-02
 4.80611587E-02
 2.71062166E-01
 6.31654340E-02
 5.21245378E-02
 3.40145781E-01
 7.70725289E-02
 5.03151675E-02
 2.65508470E-01
 9.89840707E-02
 1.32716266E-01
 9.54218612E-02
 3.19722176E-01
 6.75827499E-02
 9.38381271E-02
 6.98701006E-02
 3.27829092E-02
 3.19113908E-01
 2.91559991E-01
 1.29049484E-01
 1.21279189E-01
 6.89897306E-02
 5.31177661E-02
 4.87915462E-02
 1.18882598E-01
 2.15621953E-02
 2.94335068E-01
 1.89957457E-01
 2.06977119E-03
 2.70036472E-01
 1.81576984E+01
 9.52769885E-01
 3.44353948E-01
 1.31727907E+01
 6.35759488E-02
 1.83806223E+00
 6.00746607E+01
 2.23913583E+00
 1.52578964E+00
 1.45911990E+00
 1.36289198E+01
 1.35416639E-01
 9.54049022E-02
 8.32964237E-03
 5.90006456E-02
 2.48942663E-02
 2.39084264E-02
 2.83421698E-03
 1.82091345E-02
 3.93174987E-02
 4.41014178E-02
 5.07376260E-02
 8.14518437E-03
 3.91075422E-02
 1.35722755E-02
 3.04070779E-02
 5.75061422E-02
 4.37346241E-02
 3.03328231E-02
 2.40623465E-02
 5.09610616E-02
 2.37551844E-02
 2.41079193E-01
 1.98603273E-01
 3.91413602E-02
 4.40419684E-02
 2.56757970E-03
 1.50214506E-01
 6.89545284E-02
 3.81329020E-02
 6.88796975E-02
 1.23287998E-02
 4.25495285E-02
 7.12931846E-01
 2.47887912E-01
 8.92093963E-02
 1.74327758E-02
 6.07556928E-02
 1.12304652E-01
 1.70067307E-01
 3.94870152E-02
 8.09423634E-03
 1.47543571E-02
 1.04962973E+01
 1.24521121E+00
 2.89059963E-01
 6.84798453E-01
 2.44969921E-01
 2.09942280E-01
 1.53164276E+00
 6.29603313E-02
 6.85853063E-01
 1.58891807E-01
 8.90972695E-02
 1.12720767E-01
 5.88702141E-02
 1.38206698E-01
 5.05431818E-02
 1.57802252E-02
 4.36414263E-02
 5.72920526E-02
 4.33539770E-02
 3.00166002E-02
 1.35268074E-01
 2.18911487E-01
 1.21790834E-01
 4.30198075E-02
 4.08735566E-02
 1.49298747E-03
 3.43157537E-01
 5.22896147E-03
 4.09085023E-02
 5.85196982E-03
 6.13765982E-01
 1.87272750E-01
 1.94860495E-02
 2.51335513E-02
 3.80135973E-02
 9.90552557E-03
 2.35193966E-02
 3.54801355E-01
 9.58200745E-02
 2.10568533E-02
 2.40508021E-02
 4.15555567E-02
 2.70457117E-01
 2.27812661E-02
 2.20838560E-02
 2.34562562E-01
 4.93510693E-02
 2.72581362E-01
 3.67833233E-01
 1.07392265E-01
 5.46011119E-02
 2.39271039E-02
 5.23972526E-02
 1.26555475E-02
 2.33352821E-02
 4.68531931E-02
 1.32640683E-02
 1.48656093E-02
 2.41261740E-01
 1.11167563E-01
 5.28436580E-02
 5.83598927E-01
 2.16409376E-01
 3.21253659E-02
 9.20791704E-03
 6.66471256E-02
 1.32480792E-01
 1.31205644E-01
 2.42467379E-01
 1.75088794E-01
 2.19940734E-02
 7.20564033E-02
 3.58581967E-02
 6.26786139E-02
 1.93877204E-01
 1.88508881E-01
 9.02684891E-03
 6.05593096E-02
 2.53006226E-02
 2.42291377E-02
 1.24531354E-01
 1.77817397E-01
 6.03959125E-02
 1.40790033E-01
 9.42663086E-02
 2.74503909E-03
 2.52572689E-02
 1.35557181E-01
 6.37883659E-02
 2.42612583E-02
 1.33913647E-01
 9.63824234E-01
 3.99269154E-01
 3.81177453E-02
 6.49174927E-02
 3.94605297E-02
 6.24422928E-02
 7.02143211E-02
 4.49856809E-01
 3.71119651E-01
 5.48029038E-02
 3.82288780E-02
 2.69266504E-01
 9.74269546E-03
 3.58683447E-01
 3.84631927E-01
 4.02919383E-02
 4.49541073E-02
 5.06959593E-02
 2.93099617E-01
 2.47118104E-01
 4.49446300E-02
 4.22037932E-02
 1.57826356E-02
 1.92981501E-01
 5.12662868E-02
 6.33611601E-02
 8.77411596E-03
 7.26388492E-02
 1.10166428E+00
 1.81911231E-01
 3.74926531E-01
 4.64426616E-01
 1.68599252E-01
 4.03446892E-02
 4.79230433E-01
 5.67978755E-01
 9.56098353E-02
 2.78973050E-01
 1.36384551E-01
 3.66878859E-01
 6.19268389E-01
 5.47026953E-02
 1.78401307E-02
 5.62422315E-02
 2.90553968E-01
 3.80584904E-03
 8.54990982E-02
 5.04240287E-02
 2.53649678E-02
 2.61024002E-01
 7.19300642E-01
 4.04830932E-01
 1.47376412E-01
 7.80453112E-02
 1.11374863E+00
 5.01385910E-01
 1.64635155E+00
 1.03550992E+00
 1.12986367E+00
 1.65079631E+00
 6.62242070E-01
 4.86658790E-01
 3.09387045E+00
 3.05626998E-01
 6.76327505E-01
 1.03312126E+00
 4.00932990E+00
 3.84043228E-02
 5.75234576E-01
 2.27073537E-01
 6.54453789E-02
 3.14225181E-02
 1.52499465E+00
 2.89003005E-01
 1.61321633E+00
 1.73267410E-02
 1.83005021E-01
 4.98224391E-02
 1.44772686E-02
 4.97232604E-02
 4.36070603E-02
 6.27316037E-02
 1.55916051E-01
 1.86651195E-01
 5.00103730E-02
 3.33026690E-02
 2.71232449E-01
 9.78011528E-03
 1.06125112E-02
 5.04744039E-02
 4.01502147E-02
 4.45628864E-02
 5.35789383E-02
 3.33769379E-02
 4.44528519E-02
 4.25745211E-02
 2.71037027E-01
 6.32264948E-02
 3.92425876E-01
 7.97224697E-02
 1.73641058E-02
 5.96616813E-03
 2.83849957E-01
 3.27066888E-01
 6.64442953E-02
 9.34041356E-02
 3.18578447E-01
 9.25671952E-03
 9.36306673E-02
 6.98582825E-02
 1.75056086E-03
 3.19058223E-01
 2.80748927E-01
 4.91698088E-01
 2.49298292E-01
 4.72081315E-03
 5.76711892E-02
 4.65402099E-01
 2.69442071E-01
 1.70584272E-01
 1.64273696E-01
 1.72955318E-01
 1.10386804E-03
 1.56252053E-01
 3.84277225E+01
 1.43989528E+00
 3.96270379E-01
 1.18875639E+01
 1.86863509E-02
 1.42504256E+00
 6.91535803E+00
 2.48349196E+03
 1.79962650E+00
 1.28223970E+00
 4.86745153E+01
 1.55802025E-02
 4.15934431E-02
 8.29256967E-03
 5.89664794E-02
 2.48299951E-02
 2.38850447E-02
 4.73911038E-02
 4.74205022E-02
 3.92934377E-02
 4.40669448E-02
 5.07559211E-02
 8.10451047E-03
 3.90811832E-02
 1.35873619E-02
 3.03820288E-02
 5.74700445E-02
 4.36967591E-02
 3.03065920E-02
 2.39886114E-02
 5.09829294E-02
 2.37153572E-02
 3.44896289E-03
 9.20020893E-02
 3.91168482E-02
 4.40030042E-02
 1.02176447E-01
 9.23587147E-02
 6.89461251E-02
 3.81100493E-02
 6.88715416E-02
 1.23219896E-02
 4.25052786E-02
 4.15633517E-01
 2.51562973E-01
 4.58148368E-02
 6.34491965E-02
 3.09616375E-01
 2.00666283E-01
 9.40386711E-03
 8.54971586E-02
 2.22704307E-02
 1.28902575E-02
 4.08148001E+01
 1.65551650E+00
 2.97402330E-01
 7.73481679E-01
 2.50411413E+00
 1.68139904E+00
 4.66946720E-01
 6.59145088E-01
 4.87809156E-01
 9.72222796E-02
 1.05027683E-02
 8.05432715E-02
 5.88364097E-02
 1.38199610E-01
 8.04664100E-02
 3.34194019E-02
 4.36081910E-02
 5.72552869E-02
 4.33209488E-02
 2.99915807E-02
 1.35264581E-01
 6.28197877E-02
 5.79310596E-02
 4.29866494E-02
 4.08957284E-02
 5.79933185E-02
 3.08290358E-01
 5.26004643E-03
 4.08896199E-02
 5.88440452E-03
 3.54734363E-01
 1.61446226E-01
 6.23840986E-02
 1.51689334E-01
 1.47358196E-01
 1.83235007E-02
 4.62176035E-02
 3.49646502E-01
 6.86671860E-02
 3.15475673E-02
 2.39923922E-02
 3.20689710E-02
 2.64558247E-01
 2.27345422E-02
 3.21483273E-02
 2.55542927E-01
 4.93713422E-02
 2.53673592E-01
 1.90640632E-01
 1.07456777E-01
 5.46452991E-02
 2.39120904E-02
 5.24371752E-02
 1.26227781E-02
 2.33326468E-02
 4.68842570E-02
 1.32180244E-02
 1.48158796E-02
 1.18746648E-01
 1.11261629E-01
 5.28902200E-02
 7.31238117E-01
 3.28686238E-01
 1.92623066E-02
 1.61890824E-02
 3.32059856E-02
 9.13497620E-02
 6.51612498E-02
 6.55002809E-01
 3.16681892E-01
 2.53738314E-02
 5.92055287E-02
 4.76057949E-02
 3.71288944E-02
 4.91411583E-01
 4.87297495E-01
 2.84813895E-02
 7.81007624E-02
 5.76149825E-02
 3.61717318E-02
 3.27288691E-01
 3.45046922E-01
 7.78814256E-02
 1.43320563E-01
 1.51378247E-01
 5.78641556E-02
 5.76060231E-02
 9.36413090E-02
 3.77797911E-02
 3.65837065E-02
 6.67770961E-02
 1.24446785E+00
 5.76431301E-01
 2.20149605E-02
 8.26254610E-03
 6.59636313E-02
 3.68811216E-02
 9.79170832E-02
 1.22234681E+00
 5.67832769E-01
 2.50159463E-02
 7.81675154E-03
 2.70632660E-01
 2.43739502E-02
 9.56746104E-01
 9.38778304E-01
 5.10898794E-02
 6.26097748E-02
 4.37557874E-02
 6.87279662E-01
 5.56511489E-01
 6.27256758E-02
 2.86751987E-02
 1.67947656E-01
 6.25023211E-02
 4.43224112E-02
 3.72539221E-02
 2.31109357E-02
 1.00819063E-01
 1.34681724E+00
 2.71102763E-01
 6.15973882E-01
 6.34229084E-01
 2.25446255E-01
 8.34063605E-02
 1.48919083E+00
 6.48638216E-01
 3.25087728E-01
 4.00631491E-01
 1.61281138E-01
 1.13885693E+00
 1.27535886E+00
 7.04126622E-02
 1.26247135E-02
 5.38737659E-01
 7.07177159E-01
 4.57102951E-03
 1.36064636E-01
 2.29064059E-01
 3.76135392E-02
 1.69557405E-01
 7.16522034E-01
 2.56889546E-01
 5.15874043E-01
 9.58539011E-01
 1.03638999E+00
 3.43443842E+00
 7.79815083E-01
 1.47120304E+00
 6.62720876E-01
 7.43534948E-01
 7.91775028E-01
 1.12033127E+00
 2.77739496E+00
 2.73676433E+00
 3.32874448E-01
 8.62228457E-01
 3.49941495E+00
 4.82744280E-01
 3.09479274E-01
 5.43238796E-01
 3.67727312E-01
 1.60510431E-01
 1.06842773E-02
 4.64794745E-01
 1.67727319E-01
 3.16741898E-01
 8.10227189E-02
 8.34521193E-02
 7.90173153E-02
 3.66939011E-03
 6.89943567E-02
 3.72102091E-02
 4.08409790E-01
 1.08108528E-01
 2.31553998E-02
 1.11354117E-02
 2.72886324E-01
 2.42280630E-02
 9.27424665E-02
 5.47775870E-02
 5.08974175E-02
 6.20254157E-02
 1.00110243E-01
 7.57837960E-03
 6.19597819E-02
 3.52635954E-02
 2.66454955E-01
 3.73934657E-02
 2.36886085E-01
 2.28328260E-01
 1.82076281E-01
 1.32798415E-01
 3.12349280E-01
 7.45855979E-01
 9.74320420E-02
 1.24441003E-01
 3.02976481E-01
 1.58094609E-01
 6.29318931E-02
 6.98882951E-02
 7.23103957E-02
 2.66467239E-01
 2.44756799E-01
 2.29031839E-01
 2.19772178E-01
 1.36225648E-01
 6.21256553E-02
 1.25658746E+00
 3.23834968E-01
 1.90790131E-01
 1.58063952E-01
 1.65108127E-02
 1.49704739E-02
 4.24353027E-02
 5.00784129E-02
 1.74106439E+00
 2.75450924E-01
 7.62101689E+00
 4.89592199E-02
 5.18104176E-02
 3.74455973E-01
 2.36342817E+00
 2.54256236E+00
 2.35117495E+00
 5.93605292E+00
 4.26749935E-02
 9.82438096E-02
 2.71934084E-02
 7.59718428E-02
 5.69722969E-02
 3.59120386E-02
 7.34605375E-02
 2.21579857E-02
 4.98276224E-02
 6.15286835E-02
 4.36888275E-02
 2.66868659E-02
 4.95822469E-02
 6.13093775E-03
 4.10537887E-02
 7.41711292E-02
 6.11686921E-02
 4.09532043E-02
 5.59083740E-02
 4.39179844E-02
 3.60318264E-02
 6.57831688E-02
 1.69315190E-01
 4.95883912E-02
 6.15326946E-02
 1.19864320E-01
 1.20599296E-01
 6.89273238E-02
 4.83895118E-02
 6.87897806E-02
 1.45538677E-02
 6.00496397E-02
 4.14503603E-01
 4.63397437E-01
 1.03651354E-01
 1.04857532E-01
 3.46632922E-01
 2.53314019E-01
 3.39236179E-02
 1.66245614E-01
 1.46027514E-02
 5.57634579E-02
 1.47534051E+01
 2.20240809E+00
 3.33792966E-01
 1.26084693E-01
 3.06260812E+00
 4.56323044E-01
 3.03891495E-01
 8.84774982E-02
 4.83695037E-01
 4.39833723E-01
 3.51201819E-02
 9.97749517E-02
 7.59642480E-02
 1.40537138E-01
 8.09061876E-02
 9.77188240E-03
 6.08349229E-02
 7.42107105E-02
 6.05162556E-02
 4.06237868E-02
 1.37476459E-01
 1.05514855E-01
 7.66399039E-02
 6.00665923E-02
 2.76346993E-02
 4.06262660E-02
 2.92248475E-01
 8.46926874E-03
 5.75853823E-02
 7.91254277E-03
 3.03283320E-01
 2.30006170E-01
 1.04009986E-01
 1.44175894E-01
 1.80249981E-01
 6.23413534E-02
 1.04792196E-01
 3.00139499E-01
 4.96009770E-02
 3.33991947E-02
 5.56539888E-02
 4.15402422E-02
 2.66459450E-01
 5.39018740E-02
 3.15367816E-02
 2.37399320E-01
 4.23798890E-02
 2.50310881E-01
 8.92345716E-02
 7.12684693E-02
 3.12794215E-02
 3.45604285E-02
 2.98209478E-02
 2.78279802E-02
 3.33621077E-02
 2.58644629E-02
 2.89589969E-02
 3.05511870E-02
 5.81581489E-02
 5.06367737E-02
 7.78925545E-02
 5.54563994E-01
 2.35874687E-01
 4.32999918E-03
 4.28372930E-02
 6.67280732E-04
 5.01912590E-02
 9.27266659E-04
 2.03342721E-01
 2.18008738E-01
 2.19559321E-02
 4.22714002E-02
 6.07171489E-02
 1.15609315E-02
 7.53332015E-02
 7.28975008E-02
 4.79481603E-02
 9.56532633E-02
 8.99509321E-02
 4.81238381E-02
 1.03500399E-01
 8.60703360E-02
 9.53782905E-02
 1.45851705E-01
 6.69048488E-02
 2.84401431E-02
 8.99779645E-02
 5.16920106E-02
 1.17494818E-02
 4.89173719E-02
 4.15861637E-04
 8.82283012E-01
 3.47167562E-01
 1.81712347E-03
 5.08786730E-02
 9.32992324E-02
 1.13005669E-02
 1.25640990E-01
 2.83179598E-01
 5.74560634E-01
 1.82524359E-02
 6.19592264E-02
 2.74682125E-01
 3.90151210E-02
 1.42649404E-01
 8.21007385E-02
 6.18947979E-02
 8.02778495E-02
 3.68087672E-02
 2.38208137E-01
 2.36756024E-02
 8.05197099E-02
 1.51367336E-02
 4.05602797E-02
 2.11132954E-01
 3.73708350E-02
 1.11217618E-02
 3.74591271E-02
 1.29028362E-01
 5.17297609E-01
 2.61036087E-01
 7.35388782E-01
 7.31194292E-01
 2.58057298E-01
 1.26504279E-01
 1.92277368E-01
 1.30246080E+00
 4.68726708E-01
 4.70878429E-01
 1.69063601E-01
 2.90235991E-01
 1.89951029E-01
 2.34496725E-02
 4.49277239E-02
 1.79008573E-01
 1.41052724E-01
 3.20281556E-02
 7.70218170E-02
 1.09526547E-02
 4.98775939E-02
 1.31647220E+00
 5.41558556E-01
 2.08002011E-02
 2.52497620E+00
 6.15949177E-01
 2.79287990E-01
 1.48082815E+00
 2.08770152E-01
 8.69993026E-01
 8.23239306E-02
 1.56005115E+00
 7.13267834E-01
 1.22391187E+00
 2.36929548E+00
 2.16429179E+00
 3.85844737E-01
 1.90604204E+00
 3.02416443E+00
 1.48687368E-01
 1.50683190E+00
 4.73669309E-01
 4.44867733E-01
 2.63713498E-01
 4.09376848E-01
 2.65362267E+00
 1.53230075E-02
 2.76075144E-01
 3.73238559E-02
 4.41978178E-02
 2.98787346E-02
 4.68841404E-02
 5.97747003E-02
 1.16706475E-02
 3.23124495E-01
 6.15577029E-02
 2.73456421E-03
 5.50144079E-02
 2.74344126E-01
 3.86852053E-02
 5.76474256E-03
 3.23101469E-03
 6.16511593E-02
 7.94994339E-02
 2.59621214E-02
 5.54808094E-02
 7.94786223E-02
 6.80190837E-02
 2.74228129E-01
 1.15379474E-02
 4.89321480E-02
 5.74246436E-02
 3.26164027E-03
 5.38078197E-02
 2.72326290E-01
 4.95586731E-01
 4.41760320E-01
 1.53555729E-01
 2.86196076E-01
 7.41092064E-02
 1.55508742E-01
 6.99168705E-02
 9.58270723E-02
 2.87469364E-01
 2.87940441E-01
 1.01744047E-01
 1.98407037E-01
 3.48904386E-01
 1.87400828E-01
 8.33887908E-01
 4.49348790E-02
 2.44837605E-01
 2.46452314E-01
 9.23750429E-02
 1.72873643E-02
 1.92969028E-01
 4.31682524E+00
 2.98248021E+00
 1.31909163E-01
 1.30704135E+00
 2.40429361E-02
 4.27811020E-02
 7.86395464E-01
 3.52634844E+00
 4.87982277E+00
 1.08909292E-02
 3.10602322E-01
 6.67848531E-02
 3.91469425E-02
 4.61059654E-02
 9.29877446E-02
 8.91357788E-02
 4.79484997E-02
 9.52264908E-02
 3.12121256E-03
 6.03681276E-02
 7.90017877E-02
 3.66153849E-02
 4.52814020E-02
 6.00897781E-02
 1.33222553E-03
 5.17348435E-02
 9.08835085E-02
 7.86527455E-02
 5.16095312E-02
 8.78522441E-02
 3.68456726E-02
 4.83604198E-02
 1.22207670E-01
 1.71297981E-02
 6.00665331E-02
 7.90744609E-02
 1.28998646E-01
 1.48860754E-01
 6.89070434E-02
 5.86758008E-02
 6.87063407E-02
 1.67892096E-02
 7.76073794E-02
 2.86649328E-01
 2.63483446E-01
 2.27918373E-01
 1.86078524E-01
 2.97311755E-01
 2.15835541E-01
 5.54157982E-02
 1.75848913E-01
 1.67467531E-02
 5.59110896E-02
 1.65104895E+01
 1.14625785E+00
 3.70107269E-01
 2.33842343E-01
 2.74335556E+00
 6.32358459E-01
 2.29037486E-01
 1.43023520E-01
 4.41056312E-01
 4.89026125E-01
 5.79485192E-02
 4.93662317E-02
 9.31028532E-02
 1.42875081E-01
 7.87455534E-02
 5.29930934E-02
 7.80729813E-02
 9.11773755E-02
 7.77231857E-02
 5.12654593E-02
 1.39688487E-01
 1.44654462E-01
 4.29963552E-02
 7.71583723E-02
 1.43645437E-02
 1.80754603E-02
 2.76191996E-01
 2.22113670E-02
 7.42932796E-02
 2.17227933E-02
 1.75107981E-01
 4.91080884E-02
 1.85931376E-01
 8.41409677E-02
 1.58219314E-01
 6.26913104E-02
 2.91428393E-01
 2.86240064E-01
 2.99171972E-02
 5.86042567E-02
 8.73368236E-02
 5.18905450E-02
 2.68360510E-01
 8.50910459E-02
 3.21310186E-02
 2.65848590E-01
 3.53814946E-02
 2.48691534E-01
 3.83392760E-02
 3.50541481E-02
 7.89615840E-03
 4.52173719E-02
 7.18765100E-03
 4.30425740E-02
 4.33997163E-02
 4.82848555E-03
 4.47096614E-02
 4.62955147E-02
 2.45729583E-03
 1.00281713E-02
 1.02908121E-01
 5.66321141E-01
 3.03915592E-01
 2.90770937E-01
 1.68783752E-01
 8.07176607E-02
 1.99242695E-02
 1.06564177E-01
 1.97216141E-01
 3.58275206E-01
 8.65379238E-02
 6.05090469E-02
 6.48683389E-02
 1.94806204E-02
 1.96638056E-02
 2.51488506E-01
 4.53267663E-02
 8.66668431E-02
 6.07335067E-02
 8.49078171E-02
 8.94844197E-02
 1.31405715E-01
 8.66350766E-02
 7.67751531E-02
 7.06243852E-02
 1.14434812E-01
 6.09110335E-02
 1.93178962E-02
 1.89077834E-02
 8.58701195E-02
 1.07430383E-01
 7.66182396E-01
 3.66651072E-01
 4.27973424E-01
 1.99997438E-01
 1.97824751E-02
 1.94859860E-02
 1.38555512E-01
 1.55919364E-01
 8.61188052E-01
 8.40674158E-02
 2.39116397E-02
 2.19977711E-01
 4.50057558E-02
 1.08399889E-01
 5.85076986E-01
 1.16507398E-01
 1.25490021E-01
 4.42534819E-04
 4.30274388E-02
 4.03972659E-01
 1.25867578E-01
 1.07811298E-03
 3.91738364E-02
 3.17961915E-01
 5.82311767E-05
 1.83856807E-02
 4.31341883E-02
 1.43026736E-01
 5.05102397E-01
 3.12774974E-02
 9.45083346E-02
 1.68917305E-01
 5.14223190E-02
 1.48124628E-01
 2.87641125E-01
 1.64948061E+00
 2.12634855E-01
 2.84595897E-01
 5.35229139E-02
 5.90882298E-01
 1.07178573E+00
 1.94630254E-03
 6.19954037E-02
 3.41577440E-01
 6.76470372E-01
 5.34616981E-02
 1.05791280E-01
 1.43092425E-01
 8.75888156E-02
 7.59799949E-01
 5.70303150E-01
 1.53011580E-01
 2.27666108E+00
 4.24300585E-01
 2.79183701E+00
 1.19534336E+00
 2.12613449E+00
 1.95477209E+00
 2.19070710E-01
 1.47232437E+00
 2.25956452E-03
 3.71477828E-01
 8.13259750E-01
 7.75137629E-01
 2.08138521E-02
 1.40367010E+00
 1.76436918E+00
 2.08775549E-01
 1.70859308E+00
 7.27172389E-01
 3.00081468E-01
 6.47583384E-01
 3.42282558E-02
 1.96206986E+00
 2.01926875E+01
 6.02286480E-01
 1.57190533E-01
 5.20822729E-02
 3.19718858E-02
 2.80224597E-02
 7.59081766E-02
 1.92920580E-02
 3.34086001E-01
 1.50898654E-01
 9.69796371E-02
 1.32998446E-01
 2.57082513E-01
 4.37819557E-02
 4.80951325E-03
 9.82825338E-02
 1.14975665E-01
 1.23588782E-01
 6.18440228E-03
 1.33752228E-01
 1.23594463E-01
 8.40260301E-02
 2.56909589E-01
 1.83146683E-02
 7.47498137E-02
 4.80644248E-02
 2.24552503E-02
 8.77219431E-02
 2.41101320E-01
 5.11311034E-01
 3.50147790E-01
 1.09587266E-01
 1.76951104E-01
 9.50168880E-02
 1.12973227E-01
 3.89955188E-02
 1.30919255E-01
 1.78905548E-01
 2.56514408E-01
 1.34677835E-01
 2.89033943E-01
 4.01623051E-01
 1.95869426E-01
 8.43220077E-01
 4.17667874E-02
 1.89247094E-01
 2.55860565E-01
 5.83783079E-02
 4.79362256E-02
 2.06326142E-01
 6.96317808E+01
 1.02819597E+00
 1.62932038E+01
 2.37804788E-01
 1.81835129E+00
 3.54922154E-01
 1.31140836E+00
 2.41893748E+00
 1.96967271E+00
 1.64435488E-01
 1.33505138E+00
 1.76588628E-01
 1.27086292E-02
 4.35477751E-02
 8.45962512E-02
 6.03610318E-02
 8.43919810E-02
 1.72733665E-01
 9.76726014E-02
 1.13260803E-01
 1.23155209E-01
 6.74901165E-04
 4.28360955E-02
 1.13077201E-01
 8.80032188E-03
 6.24234557E-02
 8.30673851E-02
 1.22947236E-01
 6.22736750E-02
 5.95148425E-02
 3.93067347E-04
 8.47194492E-02
 2.00768344E-01
 5.90635906E-02
 1.12987585E-01
 1.23459891E-01
 2.59435149E-01
 1.08005333E-01
 3.83738754E-02
 1.10830214E-01
 3.81198133E-02
 4.71168677E-02
 1.21762979E-01
 4.21658328E-01
 2.55448775E-01
 3.17694643E-01
 2.46639484E-01
 4.93514995E-01
 1.92545205E-01
 1.19852125E-01
 2.00508494E-01
 4.70013470E-02
 6.50950772E-02
 1.70451319E+01
 8.70395466E-02
 2.16592040E+00
 2.26767647E+00
 2.06161076E+00
 1.22606886E-01
 5.69122503E-02
 3.00852093E-01
 3.10547933E-01
 3.24498733E-01
 1.50712696E-01
 1.39210269E-02
 8.43436563E-02
 7.49736087E-02
 1.07641768E-01
 1.32074586E-01
 1.22050573E-01
 8.25922440E-02
 1.21856434E-01
 6.19147281E-02
 7.28577922E-02
 1.64650935E-01
 1.09940881E-01
 1.21092956E-01
 7.11752672E-04
 7.92331953E-02
 1.71549664E-01
 5.58461778E-02
 1.17521219E-01
 5.54336790E-02
 2.38070540E-01
 4.21546680E-02
 2.46941049E-01
 2.03816127E-01
 1.65993840E-01
 7.22757207E-02
 5.29428332E-01
 1.87164651E-01
 7.33654066E-02
 7.93407780E-02
 5.84969632E-02
 4.95502840E-02
 2.52733351E-01
 5.66281355E-02
 3.22820825E-02
 2.45370084E-01
 1.26179284E-03
 1.82873909E-01
 9.49825261E-03
 2.98846288E-02
 1.78338277E-02
 8.06173153E-02
 1.68958732E-02
 4.99218813E-02
 7.79466506E-02
 1.58690957E-02
 5.15532058E-02
 5.22003152E-02
 2.66627260E-02
 1.08617689E-01
 1.12462153E-01
 3.94655431E-01
 2.96514348E-01
 5.35301128E-01
 3.31065062E-01
 1.68435897E-01
 1.19802382E-01
 2.41481530E-01
 9.94599387E-02
 3.35313802E-01
 1.01805525E-01
 1.42886769E-02
 5.28982398E-02
 1.99209609E-02
 3.43013463E-02
 3.30767280E-01
 7.61340499E-02
 1.19361928E-01
 1.81707195E-02
 1.46523951E-01
 7.22423006E-02
 2.39581826E-01
 1.19775195E-01
 2.96910591E-02
 9.03009864E-02
 1.30137672E-01
 1.85157997E-02
 1.20109946E-01
 2.11501346E-02
 1.47528278E-01
 2.43744086E-01
 2.36369000E-01
 1.99851414E-01
 7.64741988E-01
 3.78908566E-01
 6.76101257E-02
 1.96703573E-02
 1.93355402E-01
 1.90045436E-01
 8.50163355E-01
 1.16406683E-01
 4.55610165E-02
 1.13761299E-01
 4.23875137E-02
 2.27157625E-01
 7.39809781E-01
 1.43580370E-01
 1.49367551E-01
 9.78216128E-02
 1.33000480E-01
 5.47541233E-01
 1.49789136E-01
 8.33870818E-03
 8.61235486E-02
 2.66153123E-01
 9.78720788E-02
 2.15178253E-02
 4.43507726E-02
 1.98625757E-01
 5.48227360E-02
 3.75730982E-02
 8.44754278E-01
 3.50249085E-01
 1.57199322E-01
 1.79163028E-01
 6.21845507E-01
 1.48780943E+00
 7.76850804E-03
 1.08832140E-01
 1.10776564E-01
 5.95622715E-01
 1.14054297E+00
 2.81095520E-02
 1.08687020E-01
 3.92407648E-01
 7.33473138E-01
 1.04702154E-01
 8.76025513E-02
 7.58101497E-02
 1.50407507E-01
 7.19465569E-01
 5.09298653E-01
 4.62360565E-02
 4.89875370E-01
 1.92535657E+00
 2.34561282E+00
 6.24921991E-01
 1.56902751E+00
 1.72722572E+00
 1.88053770E-01
 9.80204314E-01
 2.57826375E-01
 3.35431837E-01
 7.03999752E-01
 5.39044936E-01
 2.59837766E-01
 4.89176955E-01
 3.35558155E-01
 6.32372569E+00
 1.10604752E+00
 2.33945359E-01
 4.31570580E-01
 1.03393075E+00
 2.97039861E-01
 7.24088270E-01
 6.80423829E+00
 7.38039963E-01
 1.61549447E-01
 1.15805165E-01
 1.96776227E-01
 7.16250735E-02
 3.36016739E-02
 2.03938310E-02
 1.92964385E-01
 1.25128381E-01
 4.99681890E-02
 1.44963699E-01
 1.46793134E-01
 4.35160701E-02
 2.65041068E-02
 1.38244102E-01
 1.41415642E-01
 1.47818897E-01
 6.19875373E-02
 1.97779476E-01
 1.47992186E-01
 7.81973983E-02
 1.63882181E-01
 2.20982886E-02
 6.67775721E-02
 4.48230388E-02
 3.05925156E-01
 6.84541891E-02
 7.54997632E-02
 1.98286036E-01
 1.46233942E-01
 1.27866305E-01
 6.77306176E-03
 1.35872983E-01
 4.74106728E-02
 1.12524124E-02
 1.95621705E-01
 1.11591678E-01
 1.63458340E-01
 1.10440794E-01
 2.68258429E-01
 7.43221778E-01
 3.87917574E-01
 2.99362555E-01
 4.48228215E-02
 3.22430775E-01
 2.53576262E-01
 8.87232460E-03
 8.80619289E-02
 2.12741204E-01
 2.14119264E+00
 1.31022371E+00
 1.94940462E+00
 8.38379164E-01
 7.99346698E-01
 4.76726192E-01
 1.03211939E+00
 1.85283679E-01
 2.16542826E+00
 5.23870662E-01
 7.76050979E-01
 2.25595098E-01
 6.67287780E-03
 7.34382136E-02
 1.17680586E-01
 1.82579545E-02
 1.45549421E-01
 1.52746813E-01
 1.36981119E-01
 1.39355388E-01
 1.47343005E-01
 9.71511340E-02
 7.27589717E-02
 1.39229159E-01
 3.29098434E-02
 1.07467842E-01
 1.16696691E-01
 1.47256088E-01
 1.07374469E-01
 1.78735737E-02
 9.68261202E-02
 1.45691679E-01
 1.53307558E-01
 6.89063397E-02
 1.39083038E-01
 1.47284679E-01
 2.21771063E-01
 4.32017669E-02
 1.08830174E-02
 1.36700395E-01
 1.05092894E-02
 8.68379838E-02
 1.45594938E-01
 2.96340783E-01
 1.38629064E-01
 1.95597971E-01
 2.04761867E-01
 3.97823521E-01
 8.64577613E-02
 8.67525686E-02
 1.35812075E-01
 8.66589607E-02
 4.14032542E-03
 2.62004511E-01
 6.28613693E-01
 1.10834929E+00
 1.19944745E+00
 9.03854946E-01
 1.90609931E-01
 3.26898130E-01
 6.66820508E-01
 5.07344791E-01
 4.17223877E-01
 1.72268710E-01
 4.17578407E-02
 1.15486528E-01
 2.84810725E-02
 4.59999428E-02
 1.94466097E-01
 1.45250988E-01
 1.13402690E-01
 1.44776981E-01
 1.06965730E-01
 2.74102509E-02
 6.75324858E-02
 1.52842944E-01
 1.44106221E-01
 7.84508666E-03
 2.30471075E-02
 1.05146749E-01
 5.93123356E-02
 1.40551971E-01
 5.93095149E-02
 1.30926926E-01
 5.55225719E-03
 2.03874318E-01
 1.60967383E-01
 1.02226765E-01
 2.75248890E-03
 8.27984146E-01
 7.50730300E-01
 1.17109441E-01
 6.92131303E-02
 1.59766470E-02
 3.94882664E-02
 1.60976349E-01
 1.45434253E-02
 3.19959866E-02
 1.46137811E-01
 9.69879338E-02
 8.62269619E-02
 4.62715360E-02
 1.24668060E-01
 1.91702657E-02
 1.41123738E-01
 2.01613355E-02
 3.60229262E-02
 1.37723399E-01
 2.04535292E-02
 3.45480148E-02
 3.34098654E-02
 1.03318845E-01
 2.36382687E-01
 1.65035465E-01
