 2.59779777E-01
 2.46941238E-01
 5.96766374E-02
 4.50140637E-02
 7.25602440E-02
 1.21307487E-01
 2.42793959E-01
 1.08509435E-01
 3.37795315E-02
 7.06274620E-03
 4.22163849E-02
 7.12181154E-02
 2.10606502E-02
 2.15673697E-01
 2.12980354E-02
 7.46680022E-02
 1.17958108E-01
 1.77891701E-02
 1.46226464E-01
 1.73095900E-01
 5.93474081E-02
 1.17475692E-01
 2.86219949E-02
 1.17284946E-01
 7.70163576E-02
 1.73134930E-02
 1.22844746E-01
 2.14689324E-02
 1.45868867E-01
 2.43327135E-01
 3.44280844E-02
 1.00756021E-01
 1.78885079E-01
 1.88692219E-01
 1.23226663E-01
 2.10806039E-02
 1.94449552E-01
 1.75033239E-01
 1.18583877E-01
 6.90588261E-02
 1.56076320E-01
 1.50137613E-01
 4.33559967E-02
 1.33000228E-01
 1.24942645E-01
 1.40755326E-01
 1.47568878E-01
 9.72404266E-02
 6.79994322E-02
 1.89015613E-01
 1.46740460E-01
 8.28963891E-03
 3.30559680E-02
 1.61521852E-01
 9.70599784E-02
 2.27039971E-02
 4.25171481E-02
 1.92056891E-01
 3.50432246E-01
 1.54046982E-01
 5.72774171E-01
 3.97935018E-01
 1.29085767E-01
 1.22360610E-01
 1.75831951E-01
 7.84039177E-02
 7.26211250E-02
 5.93347846E-02
 1.28850704E-01
 5.56398110E-01
 1.62190116E-01
 6.95789986E-02
 1.29493977E-01
 4.37868548E-01
 8.67144093E-02
 1.29763321E-01
 2.17244437E-01
 1.74708012E-01
 2.04201926E-01
 3.94254226E-01
 7.60895469E-01
 4.92409252E-01
 5.33212491E-01
 1.17571029E+00
 2.70800356E+00
 4.68882019E+00
 1.04474891E-01
 2.91673365E-01
 3.56803072E-01
 4.35260917E-01
 1.32971490E+01
 2.24942010E+01
 8.93924989E+01
 1.34827551E+01
 2.78328528E-01
 1.56244952E-01
 7.94714441E-01
 9.17899075E-01
 1.12278048E-01
 3.05522051E-01
 6.53095303E-01
 7.20589381E-02
 5.82413742E-01
 5.82673704E-01
 2.57102236E-01
 1.92852241E+00
 2.51587633E-01
 3.81832866E-01
 1.11378659E-01
 1.97387524E-02
 5.12992002E-02
 2.09047790E-02
 1.11656724E-01
 1.67517273E-02
 1.40068841E-01
 1.98876095E-01
 1.64679188E-01
 4.32703810E-02
 6.25799761E-02
 1.40012840E-01
 1.41202642E-01
 1.47967106E-01
 8.59394242E-03
 1.98121185E-01
 1.47468720E-01
 5.92332562E-02
 1.63782817E-01
 2.22422764E-02
 1.09941366E-01
 5.74731548E-01
 1.38516576E-01
 3.26270954E-02
 1.10393156E-01
 3.72163448E-02
 1.38796620E-01
 4.68844824E-02
 1.11105444E-01
 4.35211003E-02
 4.59365623E-02
 1.07481193E-02
 8.63040806E-02
 1.09088657E-01
 1.25506901E-01
 9.18366680E+01
 7.20015459E-01
 4.45004692E-02
 2.40692286E-02
 3.75852272E-01
 4.51832846E-01
 6.65479759E-02
 6.97029459E-01
 3.65411507E-01
 7.51462430E-02
 4.07894001E-01
 4.26529989E+00
 2.17718316E+00
 6.29905872E-01
 1.34636202E-01
 1.81471298E-01
 7.83270862E-02
 8.10782703E-01
 1.46014977E+00
 8.34667372E-01
 1.68842233E-01
 3.26868597E+00
 1.41986301E-01
 1.26618549E-02
 7.57357136E-02
 1.18666063E-01
 1.77533973E-02
 1.46732381E-01
 8.86395720E-02
 1.40266788E-01
 1.42080202E-01
 1.48184968E-01
 9.73844750E-02
 7.48375907E-02
 1.41613189E-01
 3.28560422E-02
 1.07964097E-01
 1.16791857E-01
 1.47366403E-01
 1.07876992E-01
 1.65754027E-02
 9.70444954E-02
 1.45421741E-01
 1.49950615E-02
 1.08878005E-01
 1.42251612E-01
 1.48191555E-01
 9.46643321E-02
 4.66695469E-02
 1.07598170E-02
 1.39242405E-01
 1.02219451E-02
 8.69762867E-02
 1.44659778E-01
 6.06607543E-01
 7.18677390E-02
 1.28943045E-01
 1.11297248E-02
 6.87274297E-01
 3.06462163E-01
 3.19859853E-02
 7.08751414E-01
 5.40229242E-01
 5.11698730E-01
 1.81996078E-01
 9.45330888E-01
 1.96677907E+00
 2.81305626E-01
 4.17972139E-01
 4.22727757E-01
 9.87479628E-01
 6.99905399E-01
 4.16633468E-01
 8.68498334E-01
 1.46549982E-01
 5.39447801E-02
 1.19071648E-01
 2.89843421E-02
 6.49472922E-03
 1.99168388E-01
 1.48563088E-01
 1.17825168E-01
 1.48294355E-01
 1.08120038E-01
 2.80725107E-02
 1.38402214E-02
 1.79305660E-01
 1.48342492E-01
 9.06352885E-03
 5.74294348E-02
 1.10450991E-01
 6.02303757E-02
 1.45864020E-01
 6.02737320E-02
 7.68143232E-01
 1.38992181E-01
 1.15639758E-02
 3.24427890E-01
 2.26604515E-01
 5.10562079E-01
 5.78796645E-01
 9.35160743E-01
 1.09581314E-01
 7.63924679E-02
 1.83038108E-02
 5.59147252E-02
 1.65077935E-01
 1.78216331E-02
 4.85458595E-02
 1.59576386E-01
 9.74513848E-02
 1.18325635E-01
 2.18734466E+00
 1.20601411E-01
 2.25127671E-02
 1.49362393E-01
 2.35994418E-02
 4.69117557E-02
 1.49995380E-01
 2.43430944E-02
 4.80528480E-02
 4.98577838E-02
 1.67493698E+00
 2.46772053E-01
 2.12207031E-01
 1.59003834E-01
 6.10594440E-03
 3.65544306E-01
 2.27500426E-01
 5.38188219E-02
 2.09760203E-02
 1.07406434E-01
 2.79926268E-03
 3.37987830E-02
 3.08218768E-02
 1.06247437E-02
 8.88159695E-02
 1.88835888E-02
 1.22768218E-01
 6.35207531E-03
 4.45824544E-02
 8.57401845E-02
 6.03832275E-02
 8.47199358E-02
 1.33532048E-01
 3.00439752E-03
 8.57003271E-02
 7.60140464E-02
 6.93696628E-02
 8.51435307E-02
 5.99899214E-02
 2.28922168E-02
 1.82892017E-02
 8.44044752E-02
 1.08395228E-01
 4.42463376E-02
 2.51017981E-01
 8.78217063E-01
 5.88462634E-01
 2.87575174E-01
 1.88259997E-02
 1.38817552E-01
 2.44942304E-01
 2.20424606E-01
 1.47118173E-01
 1.62898323E-01
 2.66199127E-01
 4.39073291E-02
 9.49622847E-02
 9.78338707E-02
 1.14403816E-01
 1.23822344E-01
 4.79346462E-04
 1.31463360E-01
 1.34139954E-01
 1.23231974E-01
 9.81945333E-04
 4.11709231E-02
 2.58159350E-01
 6.24330346E-04
 1.73989641E-02
 4.46050958E-02
 1.36014295E-01
 5.24158322E-01
 8.53962608E-01
 1.77559209E+00
 1.08637645E+00
 4.30011457E-01
 3.63130728E-02
 3.39965843E-01
 2.47474081E-01
 1.90212327E-01
 7.44966445E-02
 2.16281074E-02
 5.36831311E-01
 2.54020645E-01
 1.90856592E-01
 1.71243180E-01
 6.15374974E-01
 2.01666502E-01
 1.72679916E-01
 2.73339230E-01
 1.09939181E-01
 2.05949111E-01
 4.22240323E-01
 6.17378487E-01
 1.63998278E-01
 3.39827908E-01
 1.45648775E+00
 3.27854156E+00
 5.58840004E+00
 4.40362522E-01
 3.67016364E-01
 4.16038967E-01
 8.50040868E-02
 5.57362079E+00
 3.12743760E+00
 6.44694574E+00
 5.08729446E+00
 8.32944289E-01
 1.96882248E+00
 2.45343975E-01
 7.99426241E-02
 5.73775376E-01
 4.39037958E-01
 2.09390197E+00
 2.99637948E+00
 4.73085961E-01
 3.67688562E-01
 1.78853583E-01
 3.46508769E+00
 2.49133877E-01
 4.50104666E-01
 4.90431863E-02
 2.24010575E-02
 9.38857840E-02
 1.89405549E-02
 1.28419336E-01
 1.35595457E-01
 1.12241804E-01
 1.42267140E-01
 2.59834955E-01
 4.39707670E-02
 4.77130548E-02
 9.89712852E-02
 1.14665073E-01
 1.24066170E-01
 3.51762714E-02
 1.34030635E-01
 1.23860317E-01
 7.36760979E-02
 2.55940067E-01
 1.77329211E-02
 2.58048349E-01
 7.44231400E-01
 1.83937133E-01
 1.86405036E-01
 2.76503273E-01
 1.03666565E-01
 2.19258843E-01
 1.38030530E-01
 1.93372797E-01
 1.10511093E-02
 1.10421178E-01
 3.81148566E-02
 6.76438584E-02
 1.75395002E-01
 2.33504623E-01
 7.41794342E-02
 7.41456698E-01
 6.29237739E-01
 3.10857987E-01
 2.92185961E-01
 5.53015384E-01
 1.57906736E-01
 5.24103885E-01
 2.73875273E-01
 1.16210595E-01
 3.62643328E-01
 3.04704377E+01
 2.77759288E+01
 1.24201974E+00
 2.95323194E-01
 1.12905777E+00
 1.73162686E-01
 7.60974960E-01
 5.36325551E-01
 7.15561185E-01
 2.02213937E-01
 3.57882160E-01
 9.85390728E-02
 1.39995209E-02
 4.53485224E-02
 8.66808175E-02
 6.05673154E-02
 8.50239979E-02
 9.54623251E-02
 9.96466216E-02
 1.15390993E-01
 1.24274856E-01
 8.49706357E-04
 4.47764901E-02
 1.14957946E-01
 8.54683585E-03
 6.26064294E-02
 8.55747270E-02
 1.23979955E-01
 6.24566385E-02
 5.92572459E-02
 3.39838630E-04
 8.40007809E-02
 4.69592979E-02
 5.83070721E-02
 1.15614376E-01
 1.24494590E-01
 1.05656700E-01
 1.12519685E-01
 3.81464660E-02
 1.13111315E-01
 3.75526417E-02
 4.72018725E-02
 1.21184055E-01
 2.71937850E-01
 3.43172145E-01
 4.12326601E-01
 1.89505166E-01
 4.19709757E-01
 2.88381508E-03
 1.68869650E-01
 5.38797935E-01
 3.30458539E-01
 3.78073946E-01
 1.01604672E-01
 6.29975556E-01
 1.41895875E+01
 5.57394512E-01
 3.43894892E-01
 2.86422360E-01
 2.59773937E+00
 6.53853883E-01
 2.88581431E-01
 9.68084894E-01
 1.54940899E-01
 1.70722153E-02
 8.67358981E-02
 7.68811664E-02
 6.43004589E-02
 1.34934700E-01
 1.24618986E-01
 8.57079267E-02
 1.24549488E-01
 6.26646641E-02
 7.59237465E-02
 1.73292485E-01
 1.08679806E-01
 1.24597786E-01
 1.57152675E-03
 1.25017813E-02
 1.78226035E-01
 5.75356934E-02
 1.22092276E-01
 5.74431593E-02
 1.13591954E-01
 3.25793985E-01
 1.88197206E-01
 1.47537395E-01
 3.24431574E-02
 3.77159099E-01
 5.66357807E-01
 9.44308566E-01
 8.01841147E-02
 8.13396615E-02
 6.09896383E-02
 6.57749073E-02
 2.57779789E-01
 6.03106250E-02
 2.01799973E-02
 2.51551196E-01
 4.33046351E-04
 2.18883851E-01
 1.32264570E-01
 1.68500650E-02
 1.90856044E-02
 8.72040072E-02
 1.86103592E-02
 4.09059764E-02
 8.77278398E-02
 1.84942083E-02
 4.01040252E-02
 3.81289250E-02
 1.19708084E-01
 1.05850773E-01
 1.53350865E-01
 3.50070083E-01
 1.14251054E-01
 2.98904222E-01
 2.28122976E-01
 6.58963920E-02
 4.95215549E-02
 1.29438036E-03
 1.04019806E-02
 2.60563089E-03
 1.60818400E-02
 3.75125989E-02
 6.30973959E-02
 1.15378372E-02
 6.51568340E-02
 4.66200713E-02
 4.71845052E-02
 9.45069209E-02
 8.94138560E-02
 4.80590008E-02
 7.61636226E-02
 5.48889620E-02
 9.44711087E-02
 1.44672853E-01
 3.87764132E-02
 5.86288546E-02
 8.89739262E-02
 4.71599229E-02
 1.08894654E-02
 4.78412036E-02
 2.74133978E-03
 4.77799566E-01
 1.05041969E-01
 6.03178076E-01
 4.20916313E-01
 2.23456009E-01
 1.14041554E-02
 1.25052644E-01
 1.03231114E-01
 1.52326497E-01
 3.01689767E-02
 7.06850469E-02
 2.78144930E-01
 3.85775467E-02
 1.21272179E-01
 3.13188323E-02
 6.09191121E-02
 7.93490505E-02
 3.67469242E-02
 1.84219682E-01
 3.46515633E-02
 7.88375496E-02
 1.44520424E-02
 1.45510793E-02
 2.68208833E-01
 3.63841825E-02
 1.02618042E-02
 3.92300659E-02
 1.21910679E-01
 8.62666972E-02
 5.42982809E-01
 1.57792017E+00
 9.59209760E-01
 4.23329386E-01
 1.26553971E-02
 3.37042367E-01
 3.86556743E-01
 2.43364678E-01
 7.20470775E-02
 2.92650268E-02
 4.24116004E-01
 2.44947792E-01
 1.07482269E-01
 1.15010696E-01
 6.54312085E-01
 2.43380488E-01
 1.17217672E-01
 2.86565064E-01
 7.29471744E-02
 2.01531666E-01
 7.46755927E-01
 7.82103641E-01
 2.84055895E-01
 3.83503769E-01
 4.58070337E-01
 3.43151756E-01
 3.78098498E+00
 5.78442996E-01
 3.13314330E-01
 3.33478892E-01
 2.81240129E-01
 5.66311453E-01
 3.70544220E-01
 2.01731678E+00
 1.32089096E+00
 4.93850543E+00
 1.23180034E+01
 4.43100269E-01
 1.30628516E-01
 1.17565394E+00
 1.36781312E+00
 1.67434141E+00
 2.67511677E+00
 3.57375111E-01
 3.35525698E-01
 1.22727186E-01
 1.86134565E+00
 3.93877725E-01
 6.73132841E-01
 4.26831500E-02
 5.25298431E-02
 5.94163859E-02
 1.15001817E-02
 1.61971929E-01
 2.98252558E-01
 3.03792155E-03
 5.47311802E-02
 2.73449950E-01
 3.86310125E-02
 1.79849919E-02
 2.78915090E-03
 6.09913692E-02
 7.95057752E-02
 3.69200716E-02
 5.38814545E-02
 7.93031388E-02
 6.41766951E-02
 2.71564969E-01
 1.06898354E-02
 6.63014066E-01
 1.19605284E+00
 2.31245001E-02
 4.02753781E-02
 2.70948515E-01
 1.76569892E-01
 2.69813689E-01
 1.54410795E-01
 2.85813256E-01
 2.51771735E-02
 1.52271770E-01
 6.87164219E-02
 6.83718867E-02
 2.82300306E-01
 2.77182012E-01
 2.52756474E-01
 1.15764762E+00
 5.23485917E-01
 1.99283909E-01
 5.75723612E-02
 4.21167056E-01
 2.65578159E-01
 1.17351889E-01
 6.07477252E-03
 1.50924309E-02
 1.63262925E-01
 1.71174562E+00
 1.03975558E+01
 3.18765194E+00
 3.89611603E-01
 1.33481267E+00
 5.28202499E-02
 1.99408867E+00
 2.11607870E+00
 1.52395231E+00
 3.69514768E-01
 1.09548645E+00
 1.23887605E-01
 8.93793471E-02
 4.79930413E-02
 9.57192650E-02
 8.97928727E-02
 4.82026256E-02
 8.59224840E-02
 2.95415895E-03
 6.14865353E-02
 7.97095917E-02
 3.62987351E-02
 4.73605764E-02
 6.10335129E-02
 1.04144550E-03
 5.18599744E-02
 9.44777682E-02
 7.92795091E-02
 5.17204698E-02
 8.81779649E-02
 3.66741946E-02
 4.75636557E-02
 2.40148869E-01
 1.16522142E-01
 6.15753342E-02
 7.97726530E-02
 1.10002710E-01
 1.54078221E-01
 6.88392988E-02
 6.01823118E-02
 6.81207122E-02
 1.67991845E-02
 7.72768486E-02
 2.81512928E-01
 3.63837285E-01
 5.49265593E-01
 2.77814072E-01
 4.33760827E-02
 2.94414601E-01
 2.94054295E-01
 2.01023129E-01
 1.57377054E-02
 1.67456773E-01
 1.48198645E-01
 8.29567175E-01
 1.30045938E+00
 1.19622414E+00
 2.31780747E-01
 2.32317719E-01
 7.51774113E-01
 3.73799989E-01
 1.74254641E-01
 9.15209991E-01
 1.56545530E-01
 8.31516712E-02
 9.55748988E-02
 1.46145898E-01
 7.83538242E-02
 5.47178681E-02
 7.99462776E-02
 9.43820103E-02
 7.97512791E-02
 5.19145056E-02
 1.44679674E-01
 3.45008765E-01
 1.92755989E-02
 7.97857935E-02
 1.50621743E-02
 1.10170905E-02
 2.86320822E-01
 2.36339854E-02
 7.79699143E-02
 2.35511250E-02
 1.00753491E-01
 3.37521652E-01
 2.75460325E-01
 8.22521711E-02
 1.69679367E-01
 1.67090491E-01
 1.78055495E+00
 1.81443179E-01
 7.12042858E-02
 4.97096335E-02
 9.00797066E-02
 5.19333932E-02
 2.73679796E-01
 8.91587779E-02
 4.97150978E-02
 2.52236750E-01
 3.67545306E-02
 2.54805045E-01
 1.81623545E-01
 5.69319311E-02
 1.34256221E-02
 4.97685785E-02
 1.37396172E-02
 3.64072980E-02
 5.01829203E-02
 1.40291464E-02
 3.57842532E-02
 3.46764437E-02
 7.83686447E-02
 5.65393613E-03
 1.35722947E-01
 4.36694668E-01
 1.51125296E-01
 3.31302052E-01
 2.28126572E-01
 3.89223158E-02
 9.07327196E-02
 6.50532916E-02
 8.81437376E-02
 7.28538880E-02
 1.17783399E-02
 4.99482447E-02
 5.09664684E-02
 3.71307170E-02
 2.05787867E-02
 4.02852633E-02
 2.79035691E-02
 7.71008882E-02
 5.72316396E-02
 3.60348726E-02
 3.55895515E-02
 6.66824219E-02
 7.70513451E-02
 1.42177341E-01
 5.08179180E-02
 4.58861360E-02
 5.69106006E-02
 8.78007479E-02
 3.62719769E-02
 3.59351592E-02
 6.32659625E-02
 6.62854045E-01
 2.24725653E-01
 6.77272631E-01
 4.14882154E-01
 2.09532206E-01
 3.70272243E-02
 9.71246941E-02
 2.53689075E-01
 2.09392895E-01
 2.33583129E-03
 2.55934221E-02
 2.76124637E-01
 2.41306990E-02
 2.27756477E-02
 5.47014791E-02
 5.02792016E-02
 6.18170162E-02
 4.37430338E-02
 1.09071494E-01
 8.93070148E-03
 6.13987518E-02
 2.77753001E-02
 3.00122884E-02
 2.64870114E-01
 4.33429086E-02
 3.52394296E-02
 2.46670633E-02
 9.41785991E-02
 5.42794362E-01
 1.51391098E-01
 1.47713418E+00
 8.83269856E-01
 3.54235293E-01
 3.33641301E-04
 5.14239760E-01
 3.97489676E-01
 1.29440978E-01
 4.70189447E-02
 3.96974651E-02
 2.54154060E-01
 2.22925700E-01
 8.24166132E-02
 9.37104694E-02
 4.85352936E-01
 2.23127440E-01
 9.68120910E-02
 2.10972863E-01
 5.33255281E-02
 1.27785157E-01
 9.53493803E-01
 9.22614572E-01
 3.38738025E-01
 2.81871426E-01
 8.37123443E-01
 1.90764470E-01
 3.59423071E+00
 2.13627572E-01
 2.20492475E+00
 7.94150804E-01
 6.83405508E-01
 6.67483224E-01
 5.04694051E-01
 8.19215511E-01
 4.10062315E-01
 1.05985540E+00
 2.50100682E-01
 2.62740268E+00
 6.85214416E-02
 3.56008104E-02
 5.02205262E-01
 1.10883172E+00
 3.61656897E+00
 4.59692933E-01
 2.33808469E-01
 4.51475721E-01
 2.62711384E+00
 4.02057045E-01
 7.64975956E-01
 4.21391829E-02
 6.76719541E-02
 4.58275735E-02
 3.71231714E-02
 2.37917183E-02
 2.36593097E-01
 2.30044376E-02
 1.05145771E-02
 2.71506798E-01
 2.41766138E-02
 3.36399397E-02
 2.31207606E-02
 5.03293682E-02
 6.19686604E-02
 2.15692587E-02
 9.73247852E-03
 6.17965564E-02
 6.06286643E-02
 2.69344993E-01
 3.59263945E-02
 7.24986875E-01
 1.46275094E+00
 5.82525248E-02
 9.94312953E-03
 2.66101794E-01
 1.11527884E-01
 1.54612716E-01
 1.25049008E-01
 3.02276523E-01
 9.29759744E-02
 1.23168688E-01
 6.87340570E-02
 8.00744687E-02
 2.98458844E-01
 2.92599456E-01
 4.78473618E-01
 1.62943676E+00
 4.12412186E-01
 1.60530342E-01
 3.78652988E-01
 2.57927419E-01
 2.07668678E-01
 8.12774619E-02
 2.08794539E-02
 1.37504128E-02
 3.49521511E-02
 3.20412029E-01
 5.32177677E+00
 6.84325097E-03
 5.71240112E-01
 1.06424489E+00
 2.80767960E-01
 3.67338329E+00
 5.26009113E+00
 2.32301432E+00
 6.33558987E-03
 5.13901713E-01
 3.10968016E-01
 3.60854876E-01
 2.84434315E-02
 7.80494694E-02
 5.75264133E-02
 3.61940443E-02
 2.74484319E-02
 2.30270584E-02
 5.07525204E-02
 6.21786381E-02
 4.32777028E-02
 2.79474098E-02
 5.03630586E-02
 6.46701268E-03
 4.11091682E-02
 7.68022947E-02
 6.17956140E-02
 4.09800097E-02
 5.62876709E-02
 4.35856632E-02
 3.57836326E-02
 6.03624932E-01
 6.94261235E-01
 5.08432290E-02
 6.22097874E-02
 2.92742940E-02
 1.25428157E-01
 6.88751149E-02
 4.96579858E-02
 6.82600288E-02
 1.45501716E-02
 6.00184633E-02
 3.82083378E-01
 5.15446144E-01
 5.48138618E-01
 2.83479193E-01
 6.71332808E-02
 2.18558012E-01
 3.18471822E-01
 1.24249043E-01
 1.40590075E-02
 1.14962479E-01
 6.08056729E-01
 1.18292742E+00
 9.29348607E-01
 2.42027810E+00
 1.79203830E-01
 3.25934190E-01
 1.32299884E+00
 2.26837193E+00
 1.20645061E-01
 4.04468069E-01
 2.39888933E-01
 2.61783174E-01
 7.79588118E-02
 1.43542026E-01
 5.91471591E-02
 1.02743698E-02
 6.23149684E-02
 7.68022924E-02
 6.21354609E-02
 4.11599016E-02
 1.42036014E-01
 5.17652712E-01
 3.96091340E-01
 6.21445642E-02
 2.84340509E-02
 7.30545762E-03
 3.02895742E-01
 9.56456850E-03
 6.04894945E-02
 9.34680079E-03
 2.44356072E-01
 2.49696369E-01
 2.80030430E-01
 1.27432242E-01
 1.16975301E-01
 1.14765009E-01
 1.24423968E+00
 1.97692402E+00
 1.24825083E-01
 1.84049372E-02
 5.77577823E-02
 4.92197734E-02
 2.71393498E-01
 5.70663780E-02
 1.16966953E-01
 1.38558620E-01
 4.37074562E-02
 2.71701465E-01
 6.01051676E-02
 1.00754025E-01
 4.01892897E-02
 3.69830322E-02
 4.07183429E-02
 2.24170131E-02
 3.71539318E-02
 4.14076320E-02
 2.18808628E-02
 2.11748070E-02
 1.24252101E-01
 7.61662498E-02
 1.06023059E-01
 4.87655659E-01
 1.75286568E-01
 1.05678843E-01
 7.34811361E-02
 3.95502340E-02
 1.31957639E-01
 1.31423776E-01
 1.72672817E-02
 4.69248880E-02
 2.69161855E-02
 7.40400949E-02
 3.49519656E-02
 6.27322197E-02
 1.46823303E-02
 3.24374742E-02
 8.61553758E-03
 5.96882679E-02
 2.50374286E-02
 2.40068091E-02
 1.81989721E-02
 7.75744945E-02
 5.96249417E-02
 1.39680403E-01
 7.05904905E-02
 3.34401658E-02
 2.48352231E-02
 1.28455475E-01
 6.16631202E-02
 2.40252451E-02
 1.29296275E-01
 7.76784950E-01
 3.19075270E-01
 2.36961804E-01
 1.00599893E-01
 9.30026476E-02
 6.26592511E-02
 6.91866700E-02
 2.70808470E-03
 7.46183617E-02
 6.42754932E-02
 4.27427746E-02
 2.66372251E-01
 9.67786042E-03
 1.45496455E-03
 7.50780290E-02
 3.96349175E-02
 4.42779531E-02
 5.07412581E-02
 8.02046385E-02
 5.07209035E-02
 4.39530096E-02
 4.11040402E-02
 3.00407838E-02
 2.62132572E-01
 5.03036737E-02
 6.02253631E-02
 1.00985123E-02
 6.64377790E-02
 8.64886153E-01
 2.04445638E-01
 5.86036140E-01
 3.33900346E-01
 1.27591338E-01
 1.19934970E-02
 1.38780305E-01
 1.72978604E-01
 2.36252314E-02
 1.44099325E-03
 4.23398836E-02
 1.78856983E-01
 1.25173680E-01
 1.55808964E-02
 2.87115070E-02
 3.73237802E-01
 1.57362531E-01
 3.25553093E-02
 1.54379494E-01
 1.84704551E-02
 5.40193311E-02
 9.99260860E-01
 9.31822334E-01
 5.46389122E-01
 2.72145392E-01
 8.23022695E-01
 4.29751612E-02
 4.59799859E+00
 7.90389395E-02
 5.14260849E-02
 6.36115394E-01
 2.36430314E-01
 9.26866041E-01
 6.99777931E-01
 9.83007909E-02
 2.25105932E-01
 9.40214068E-01
 1.59879659E-01
 2.04881313E+00
 5.66133029E-02
 9.22552801E-02
 8.49710474E+00
 3.38503397E-01
 5.39740942E+00
 6.71016135E-01
 4.55063795E-02
 3.74963242E-01
 1.04986843E+00
 1.31713670E-01
 4.40345438E-01
 3.14175403E-02
 7.67210934E-02
 3.42634643E-02
 6.27549535E-02
 3.05455631E-02
 1.94867366E-01
 4.97866960E-02
 3.41558751E-02
 2.69416705E-01
 9.71633181E-03
 2.31254885E-03
 4.90402002E-02
 3.96630474E-02
 4.44246061E-02
 5.87281754E-02
 3.44328378E-02
 4.42830403E-02
 3.95825776E-02
 2.67123606E-01
 6.11715296E-02
 2.31441466E-01
 8.98985503E-01
 7.31031540E-02
 4.80260957E-02
 2.65297007E-01
 4.24454203E-02
 7.91757538E-02
 9.42192555E-02
 3.17872894E-01
 1.40692930E-02
 9.40544761E-02
 6.87511581E-02
 1.31645073E-02
 3.14622723E-01
 2.72991459E-01
 8.44746777E-02
 1.03643957E+00
 1.10734611E-01
 7.64478877E-03
 2.98227693E-01
 2.42962666E-01
 1.68966502E-02
 1.74784315E-02
 5.12549213E-02
 6.70029423E-03
 6.46818866E-02
 1.18765640E+00
 1.78644006E+00
 2.65839160E-01
 1.29271127E+00
 6.54696076E-01
 3.53315167E-01
 6.19231860E+00
 6.67059769E-01
 6.13541749E+00
 1.12174293E-01
 1.27813730E+00
 1.99245874E-01
 2.10198113E-01
 8.88636251E-03
 6.03727152E-02
 2.52473945E-02
 2.41813653E-02
 4.76627401E-03
 1.47521321E-02
 4.00140598E-02
 4.46405761E-02
 5.02588071E-02
 8.52676521E-03
 3.96881734E-02
 1.39777783E-02
 3.03547481E-02
 5.91198390E-02
 4.43046914E-02
 3.02359860E-02
 2.43852394E-02
 5.04991644E-02
 2.39998956E-02
 3.71057448E-01
 4.30198269E-01
 4.01065189E-02
 4.46395364E-02
 1.99965369E-02
 1.65147252E-01
 6.89103820E-02
 3.91292987E-02
 6.83988691E-02
 1.23008066E-02
 4.27535664E-02
 2.39292177E-01
 4.04352306E-01
 2.39439397E-01
 1.05031113E-01
 7.36504385E-02
 9.14089831E-02
 1.11647391E-01
 3.93141492E-02
 9.58094923E-03
 5.75294329E-02
 4.80615430E-01
 7.32515709E-01
 8.25189259E-01
 2.91574038E+00
 2.61935001E-01
 1.70060390E-01
 8.51703792E-01
 3.12731474E-01
 5.29198097E-01
 2.41187611E-01
 1.44411707E-01
 1.87894728E-01
 6.03355469E-02
 1.40936548E-01
 6.13616922E-02
 1.36907238E-02
 4.46762865E-02
 5.92154365E-02
 4.45123441E-02
 3.04016189E-02
 1.39390789E-01
 3.33562108E-01
 2.69339027E-01
 4.44957558E-02
 4.18119445E-02
 1.71576347E-02
 3.60399919E-01
 4.50981863E-03
 4.30023347E-02
 4.86221456E-03
 1.06067770E-01
 2.43488659E-01
 1.00384269E-01
 1.10122283E-01
 3.34446073E-02
 5.75141270E-02
 1.43461737E+00
 6.93795306E-01
 1.19079924E-01
 2.72194044E-03
 2.54222720E-02
 3.93926313E-02
 2.75904334E-01
 2.49608110E-02
 6.58098051E-02
 1.91912446E-01
 5.06626562E-02
 2.74398407E-01
 9.93364009E-02
 1.44593434E-01
 6.69636635E-02
 2.41924951E-02
 6.77077996E-02
 8.41996817E-03
 2.41199934E-02
 6.87970170E-02
 7.97078120E-03
 7.66753409E-03
 1.70148263E-01
 1.46710639E-01
 7.63086721E-02
 4.07960751E-01
 1.03660088E-01
 1.72651216E-02
 6.26854620E-03
 6.71605807E-02
 1.31991615E-01
 1.31481320E-01
 1.20468355E-01
 4.30412188E-02
 3.17640548E-02
 7.68813324E-02
 3.41253998E-02
 6.27559765E-02
 4.30017335E-02
 7.43711050E-02
 8.59672989E-03
 5.96709445E-02
 2.50063805E-02
 2.39942903E-02
 3.65006838E-02
 1.03100330E-01
 5.96078295E-02
 1.39677079E-01
 7.75612692E-02
 2.43049027E-02
 2.48068619E-02
 1.28492728E-01
 6.16881730E-02
 2.40133545E-02
 1.29357766E-01
 6.17972563E-01
 1.76332869E-01
 8.13439445E-03
 5.83560573E-02
 3.80245636E-02
 6.26845330E-02
 6.91567139E-02
 2.08658373E-01
 6.67947911E-02
 7.39780681E-02
 4.84304240E-02
 2.64744382E-01
 9.66519761E-03
 5.79530718E-02
 1.58768805E-01
 3.96253544E-02
 4.42619660E-02
 5.07494123E-02
 1.16743987E-01
 1.01692996E-01
 4.39400507E-02
 4.11138201E-02
 1.61509816E-02
 2.43899875E-01
 5.03125623E-02
 6.02476288E-02
 1.00849042E-02
 6.64236646E-02
 7.60933188E-01
 2.00829223E-01
 5.89534188E-02
 2.51986215E-02
 4.44931880E-03
 3.93792926E-02
 2.92408826E-01
 2.74547332E-02
 2.02113905E-01
 8.02278611E-02
 1.86315569E-02
 3.43018654E-01
 3.50853899E-01
 9.18334244E-02
 9.30622716E-02
 4.33846910E-01
 2.72783661E-01
 9.71357712E-02
 1.52463114E-01
 5.73514768E-02
 2.30210012E-02
 7.33216654E-01
 9.78296301E-01
 7.14996308E-01
 2.67916020E-01
 1.57221527E-02
 2.59015287E+00
 9.04333450E-01
 5.93090179E-02
 1.47103084E+00
 6.72654004E-01
 2.41674155E+00
 9.20086112E-01
 7.93597542E-01
 2.96161467E+00
 5.28812930E-01
 2.99226926E-01
 1.32959777E-01
 7.59464187E-01
 1.65146917E-01
 1.84456683E-03
 5.59332776E+00
 1.03789289E+00
 3.17148013E-01
 9.66327516E-02
 6.64450392E-01
 2.95640186E-01
 1.68359993E+00
 1.68708039E-01
 1.21687797E-01
 5.95915218E-02
 2.25498968E-02
 5.17071356E-02
 6.27794492E-02
 3.92260702E-02
 1.65631431E-01
 4.99369394E-02
 3.42734506E-02
 2.69387261E-01
 9.70366624E-03
 1.70165749E-02
 4.90617403E-02
 3.96532550E-02
 4.44083461E-02
 6.75385367E-02
 3.44713189E-02
 4.42676839E-02
 3.66804418E-02
 2.67123236E-01
 6.11954747E-02
 3.67694741E-01
 2.63567714E-01
 1.08299602E-01
 5.99177550E-02
 3.00071175E-01
 9.67666477E-02
 2.07523683E-02
 9.39394708E-02
 3.17737170E-01
 4.34426550E-02
 9.40366138E-02
 6.87546091E-02
 3.07633069E-02
 3.14647888E-01
 2.67221572E-01
 7.35050703E-01
 4.40538922E-01
 1.30591519E-01
 4.63462428E-02
 8.13624583E-02
 4.21715727E-01
 2.18165177E-01
 7.63455652E-02
 3.37776699E-02
 7.86310755E-02
 9.96941555E-02
 9.75685953E-01
 1.24220472E+00
 2.36568568E-01
 7.21607736E-01
 8.98216720E-01
 4.29900247E-01
 2.41584916E+00
 3.48160850E-01
 7.14414627E+00
 2.37090714E+00
 3.26057476E+00
 2.32555534E-02
 9.28921756E-02
 8.86335194E-03
 6.03503569E-02
 2.52138003E-02
 2.41681688E-02
 5.06566929E-02
 5.05149953E-02
 4.00028912E-02
 4.46238272E-02
 5.02679928E-02
 8.50905727E-03
 3.96798990E-02
 1.39859308E-02
 3.03423312E-02
 5.91048143E-02
 4.42909195E-02
 3.02242759E-02
 2.43676457E-02
 5.05062407E-02
 2.39915752E-02
 7.28570238E-02
 1.96139417E-01
 4.00952904E-02
 4.46222503E-02
 1.11452326E-01
 9.40138306E-02
 6.89147082E-02
 3.91309572E-02
 6.84091703E-02
 1.22976410E-02
 4.27578454E-02
 1.71765803E-01
 3.94512909E-01
 3.41745583E-02
 1.78355197E-02
 1.96791802E-01
 2.34213705E-01
 8.62813171E-03
 2.82500336E-02
 5.32835849E-02
 5.08644126E-02
 5.34030125E-01
 8.95640865E-01
 1.17624924E+00
 4.18314893E+00
 1.21321280E+01
 2.30704390E+00
 1.65587546E+00
 7.87794661E-01
 3.25187245E-01
 2.30373320E-01
 1.27844056E-02
 1.18135900E-01
 6.03138076E-02
 1.40929314E-01
 8.83309248E-02
 3.51118791E-02
 4.46582186E-02
 5.92010112E-02
 4.44962507E-02
 3.03890409E-02
 1.39393025E-01
 2.01145969E-02
 1.30289048E-01
 4.44803015E-02
 4.18207039E-02
 7.10525800E-02
 3.17760714E-01
 4.52757822E-03
 4.30078894E-02
 4.88177568E-03
 2.16665352E-01
 2.46585031E-01
 2.25582734E-02
 3.25981594E-02
 1.53454381E-01
 5.08754873E-02
 2.50178940E+00
 8.67157335E-01
 6.50504877E-02
 1.96876106E-02
 2.53877525E-02
 3.12110708E-02
 2.68808356E-01
 2.49415319E-02
 4.19219376E-02
 2.36578588E-01
 5.06731175E-02
 2.58078802E-01
 1.94670590E-01
 1.44639178E-01
 6.69972987E-02
 2.41680152E-02
 6.77413403E-02
 8.41391084E-03
 2.40949170E-02
 6.88323234E-02
 7.96571001E-03
 7.67487505E-03
 1.44883183E-01
 1.46805384E-01
 7.62376416E-02
 4.62089487E-01
 9.44557628E-02
 1.58167824E-02
 1.89823187E-03
 3.95602276E-02
 9.08134258E-02
 6.51911607E-02
 2.77885783E-01
 5.63498658E-02
 3.50670611E-02
 6.37050303E-02
 4.67489153E-02
 3.71884261E-02
 1.69828850E-01
 1.61402687E-01
 2.78570999E-02
 7.70580598E-02
 5.71557044E-02
 3.60038658E-02
 1.29043665E-01
 1.40444876E-01
 7.70092120E-02
 1.42168710E-01
 8.45574840E-02
 1.94223025E-02
 5.68427854E-02
 8.78909977E-02
 3.63335175E-02
 3.59059585E-02
 6.34153255E-02
 7.13913534E-01
 1.11962097E-01
 1.47251966E-02
 3.60243774E-02
 5.32451429E-02
 3.70889549E-02
 9.70505350E-02
 4.76696321E-01
 1.76287939E-01
 4.41898064E-02
 1.88965889E-03
 2.67766112E-01
 2.41008898E-02
 3.20559837E-01
 2.96413475E-01
 5.02563021E-02
 6.17787754E-02
 4.37635449E-02
 2.95643750E-01
 1.56217319E-01
 6.13694742E-02
 2.77971818E-02
 3.73074657E-02
 2.12042518E-01
 4.33657775E-02
 3.52931260E-02
 2.46338619E-02
 9.41498025E-02
 8.80841832E-01
 1.51682077E-01
 6.57676488E-02
 5.89453467E-02
 1.86912209E-02
 8.18325350E-02
 7.36750096E-01
 5.57877085E-02
 1.97534271E-01
 6.44574865E-02
 1.01180504E-02
 7.21498967E-01
 5.75767379E-01
 1.01376954E-01
 1.05057240E-01
 6.52091971E-01
 3.74556584E-01
 1.08210136E-01
 2.00176095E-01
 1.04776138E-01
 3.48070208E-02
 1.20856549E+00
 1.03942365E+00
 7.00723208E-01
 3.06455423E-05
 7.98626940E-01
 3.81037329E+00
 6.71635400E-01
 1.55888178E+00
 1.84608610E+00
 6.76997932E-02
 2.41736769E+00
 1.02279251E+00
 1.71604411E+00
 3.87270680E+00
 3.04235845E+00
 8.73294674E-01
 1.95478703E-01
 7.90670108E-01
 6.63573695E-01
 9.24704754E-03
 2.44540430E+00
 1.08913346E+00
 2.75717785E-01
 4.36263648E-01
 3.25954118E+00
 8.40085354E-03
 3.13208697E+00
 9.07398141E-02
 8.46733813E-02
 1.84876683E-01
 6.72795483E-02
 8.89886921E-02
 3.71828200E-02
 1.88344609E-01
 1.10404244E-01
 2.32720359E-02
 1.02870247E-02
 2.71453322E-01
 2.41466648E-02
 6.23198011E-02
 3.52073005E-02
 5.03057227E-02
 6.19294903E-02
 7.90757771E-02
 2.42510000E-03
 6.17600799E-02
 4.15735694E-02
 2.66940680E-01
 3.59846927E-02
 2.57712171E-01
 1.06182635E-01
 3.94250442E-01
 2.58971037E-01
 3.52143815E-01
 3.11697592E-01
 9.74241578E-02
 1.24563927E-01
 3.02062532E-01
 9.86305234E-02
 9.91061062E-02
 6.87444049E-02
 3.48125965E-02
 2.84103638E-01
 2.54558050E-01
 4.65582210E-01
 4.64550934E-01
 4.08222275E-01
 2.38453639E-01
 4.91089479E-01
 3.83934925E-01
 2.24583639E-01
 1.10430163E-01
 1.80126141E-02
 1.46109552E-02
 8.59262330E-02
 1.20707086E-01
 2.24396889E+00
 7.56911287E-01
 2.20006134E+00
 4.64483242E-01
 6.92626487E-01
 3.88873273E-01
 9.65230394E-01
 1.68654633E+00
 3.52052992E+01
 7.15748212E+01
 4.23116807E-03
 1.99589193E-01
 2.83848487E-02
 7.79920337E-02
 5.74436224E-02
 3.61613038E-02
 7.47160172E-02
 2.38533250E-02
 5.07249045E-02
 6.21382204E-02
 4.33012618E-02
 2.79047397E-02
 5.03440955E-02
 6.48726860E-03
 4.10780618E-02
 7.67668733E-02
 6.17640071E-02
 4.09509354E-02
 5.62522699E-02
 4.36031047E-02
 3.57648294E-02
 2.53341770E-02
 3.72276527E-01
 5.08156189E-02
 6.21681130E-02
 1.23179235E-01
 1.24470432E-01
 6.88880788E-02
 4.96687245E-02
 6.82908635E-02
 1.45419359E-02
 6.00403685E-02
 1.29165297E-02
 8.91903338E-01
 7.68174584E-02
 9.06078015E-02
 2.30436936E-01
 2.49452717E-01
 3.82453926E-02
 8.21881745E-02
 1.44254486E-02
 9.96097220E-03
 8.02271225E-01
 1.57479361E+00
 1.43573963E+01
 1.02070668E+00
 2.68277026E+00
 8.52181866E-01
 1.83630758E+00
 4.52761752E-01
 3.35886554E-01
 7.95963359E-01
 2.08654208E-02
 1.66552781E-01
 7.79035067E-02
 1.43521827E-01
 8.59538356E-02
 9.70650624E-03
 6.22709357E-02
 7.67688663E-02
 6.20972515E-02
 4.11284373E-02
 1.42044208E-01
 2.08507455E-03
 2.06367482E-01
 6.21086398E-02
 2.84521878E-02
 4.63265268E-02
 3.02099261E-01
 9.51949572E-03
 6.05155588E-02
 9.29572816E-03
 2.21427957E-01
 5.02218325E-01
 9.42884427E-02
 7.96192353E-03
 1.37890970E-01
 9.82113729E-03
 6.21831858E+00
 1.29210103E+00
 3.27283885E-02
 1.09795516E-02
 5.76736182E-02
 4.26370831E-02
 2.71227551E-01
 5.70273577E-02
 6.66198172E-02
 1.97112369E-01
 4.37345201E-02
 2.58606850E-01
 1.79035456E-01
 1.00864433E-01
 4.02732443E-02
 3.69179928E-02
 4.08019910E-02
 2.24079520E-02
 3.70869315E-02
 4.14963770E-02
 2.18747230E-02
 2.12047271E-02
 4.84285871E-02
 7.64014476E-02
 1.05832614E-01
 4.35223756E-01
 3.87920923E-02
 1.69102044E-02
 8.54387888E-03
 1.24581824E-02
 4.96206939E-02
 1.12253437E-03
 1.44533468E-01
 2.05743442E-01
 3.78769114E-02
 5.02281904E-02
 5.94750467E-02
 1.16114196E-02
 6.72422204E-02
 6.01590929E-02
 4.71236492E-02
 9.44507796E-02
 8.93159824E-02
 4.80182357E-02
 8.40659737E-02
 6.49234592E-02
 9.44162294E-02
 1.44660712E-01
 4.57400517E-02
 5.21365850E-02
 8.88896848E-02
 4.72744946E-02
 1.09693394E-02
 4.78033180E-02
 2.55091384E-03
 6.48305643E-01
 4.50722254E-02
 2.63865041E-02
 1.67218907E-02
 6.74599475E-02
 1.14835179E-02
 1.24955225E-01
 1.64695150E-01
 5.57224384E-01
 1.34050751E-02
 4.52584205E-02
 2.70985037E-01
 3.85415005E-02
 1.25415022E-01
 5.84284941E-02
 6.08905996E-02
 7.93015207E-02
 3.67745268E-02
 2.00007555E-01
 1.45711397E-02
 7.88047561E-02
 1.44760784E-02
 7.59057436E-04
 2.55310640E-01
 3.64159727E-02
 1.03294667E-02
 3.91874376E-02
 1.21885261E-01
 5.92673134E-01
 1.47407325E-01
 5.04470821E-02
 7.94433043E-02
 2.85254657E-02
 1.24302812E-01
 6.34817107E-02
 7.53778549E-01
 1.26259101E-01
 8.72941343E-03
 1.48948600E-02
 1.84367676E-01
 2.98340530E-02
 1.37790706E-02
 5.88528543E-02
 3.20314835E-01
 1.30861620E-02
 6.08823027E-02
 6.40085151E-02
 2.80414391E-03
 4.65962037E-02
 1.47008537E+00
 9.43455005E-01
 6.44199500E-01
 9.73576548E+00
 1.47959034E+00
 1.03736611E+00
 1.17646633E+00
 9.50426995E-02
 5.82486770E-01
 2.57406765E-01
 1.60488398E+00
 2.55406194E+00
 3.63701523E+00
 7.31656832E+00
 4.38450055E+00
 3.99373819E-01
 4.91069064E-01
 8.26477035E-01
 3.87493305E-01
 3.96250482E-01
 1.36529298E+00
 9.19588993E-01
 4.07732710E-01
 1.56050606E-01
 7.35230428E-01
 7.16109862E-02
 7.17965368E+01
 9.85150238E-02
 1.83810688E-01
 7.10925388E-03
 3.29977681E-02
 6.29935468E-02
 1.15765350E-02
 2.01972611E-01
 5.25626545E-02
 2.54565185E-03
 5.43499474E-02
 2.73348827E-01
 3.85945138E-02
 2.97351657E-02
 2.72702214E-03
 6.09615160E-02
 7.94565120E-02
 4.39122172E-02
 5.37682452E-02
 7.92583361E-02
 6.20288270E-02
 2.71567161E-01
 1.07644408E-02
 7.42324958E-02
 2.20276353E-01
 4.76896903E-02
 7.91390282E-02
 2.78136930E-01
 2.56268538E-01
 2.20821108E-01
 1.53491703E-01
 2.85358610E-01
 1.68624216E-03
 1.52235729E-01
 6.87336640E-02
 5.44728203E-02
 2.82396783E-01
 2.73044434E-01
 3.33360262E-02
 8.30770848E-01
 3.76086512E-01
 2.05372242E-01
 3.00927701E-01
 2.30722285E-01
 2.93840123E-01
 1.82123390E-01
 1.70334215E-01
 1.68177935E-02
 1.24550042E-01
 7.54229005E-01
 3.58519803E+00
 5.65571216E+00
 9.57889998E-01
 5.46398581E-01
 7.36254652E-01
 5.01009139E-01
 1.62399533E+00
 5.34993807E-01
 3.69618027E-01
 4.04605286E-01
 1.48601468E-02
 3.81443547E-02
 4.79128212E-02
 9.56396079E-02
 8.96848781E-02
 4.81594703E-02
 1.00154057E-01
 2.19587353E-03
 6.14503288E-02
 7.96586141E-02
 3.63313406E-02
 4.73068859E-02
 6.10116779E-02
 1.01468448E-03
 5.18183673E-02
 9.44348243E-02
 7.92430159E-02
 5.16821020E-02
 8.81479335E-02
 3.66969552E-02
 4.75425783E-02
 2.23259492E-02
 1.36539346E-02
 6.15394470E-02
 7.97201730E-02
 1.37645135E-01
 1.53697420E-01
 6.88608844E-02
 6.02098188E-02
 6.81719921E-02
 1.67875570E-02
 7.73284738E-02
 1.59590318E-02
 5.40304127E-01
 2.85102653E-01
 2.21624712E-01
 1.71998331E-01
 1.92151215E-01
 6.40046750E-02
 1.34626040E-01
 1.64690402E-02
 3.56532356E-02
 8.83473235E-01
 1.61756518E+00
 7.86335888E-01
 1.36785478E-01
 2.22752926E+00
 7.67038621E-01
 4.21414416E+00
 8.56038862E-01
 3.28156799E-01
 1.03260676E+00
 2.89129524E-02
 5.45528070E-02
 9.54992492E-02
 1.46114741E-01
 8.43959895E-02
 5.41693800E-02
 7.98898462E-02
 9.43427204E-02
 7.97043853E-02
 5.18725105E-02
 1.44695811E-01
 2.42209014E-02
 3.74764769E-02
 7.97433211E-02
 1.50788290E-02
 2.32286573E-02
 2.85688848E-01
 2.35725372E-02
 7.80290242E-02
 2.34786870E-02
 3.04136506E-01
 2.49118673E-01
 2.24291878E-01
 1.03863424E-01
 7.87255319E-02
 3.54708967E-02
 1.62667730E+01
 1.95842211E+00
 4.06507119E-04
 5.55122253E-02
 8.99717616E-02
 5.37948939E-02
 2.73523666E-01
 8.91251101E-02
 9.13029645E-02
 2.63758462E-01
 3.67924412E-02
 2.58591107E-01
 1.89313371E-01
 5.70712470E-02
 1.35373000E-02
 4.96741753E-02
 1.38507456E-02
 3.64073865E-02
 5.00849642E-02
 1.41484347E-02
 3.57891472E-02
 3.47394706E-02
 4.80511058E-02
 5.96420503E-03
 1.35443281E-01
 4.19747162E-01
 6.63939475E-02
 1.05251458E-01
 7.88767781E-02
 5.23826763E-02
 2.08791960E-02
 1.07225528E-01
 2.54121349E-01
 9.29505599E-02
 1.28948631E-01
 8.48596808E-02
 5.75006743E-02
 1.89168974E-02
 1.05563931E-01
 1.84305437E-03
 4.45391941E-02
 8.57047231E-02
 6.03384023E-02
 8.46579118E-02
 1.28550726E-01
 7.26997658E-03
 8.56645891E-02
 7.60573084E-02
 7.11669228E-02
 8.11949464E-02
 5.99569217E-02
 2.27710711E-02
 1.83374668E-02
 8.43471795E-02
 1.08194106E-01
 4.76645276E-01
 1.05938224E-01
 6.04226876E-02
 2.22891678E-02
 7.60066395E-02
 1.88613857E-02
 1.38740513E-01
 2.68054376E-01
 3.38128637E-01
 1.71539263E-01
 2.74902857E-02
 2.03899101E-01
 4.38826070E-02
 6.06768298E-02
 8.87877924E-02
 1.14346755E-01
 1.23759631E-01
 4.24680367E-04
 1.21573657E-01
 1.25650184E-01
 1.23189023E-01
 9.96146211E-04
 3.76681637E-02
 2.50406347E-01
 5.70953463E-04
 1.74673698E-02
 4.45746186E-02
 1.36001955E-01
 3.28973772E-01
 2.77885329E-01
 1.14716804E-02
 4.40698065E-02
 1.57128615E-03
 1.45845381E-01
 1.81670491E-01
 4.96822888E-01
 3.41439698E-01
 1.31488754E-01
 8.01239083E-02
 1.86781245E-02
 1.69679555E-01
 6.81364319E-04
 5.72870527E-02
 1.52201181E-01
 1.33743391E-01
 5.83482893E-02
 2.97758141E-02
 1.25400271E-03
 8.20753631E-02
 8.48822651E-01
 7.28666947E-01
 3.56618595E-03
 2.25034898E-01
 1.22059799E+00
 5.23756998E-01
 1.02216105E+00
 8.27059549E-01
 1.06963978E-02
 2.23777114E-01
 9.01681060E-01
 6.13810554E+00
 4.08191597E+00
 1.36072155E+01
 1.02885435E+01
 1.70749707E+00
 2.71084601E-01
 6.70121781E-01
 8.22359620E-02
 6.93849152E-01
 1.24107377E+00
 9.71811274E-01
 1.65838240E+00
 9.54503085E-01
 4.83253851E-01
 3.95532011E-01
 2.77245244E+00
 1.28463122E-01
 3.85525725E-03
 1.01158958E-01
 5.21875361E-02
 1.01442744E-01
 1.89733754E-02
 2.57863707E-01
 6.00058064E-02
 9.79273432E-02
 1.33614423E-01
 2.56999868E-01
 4.39458068E-02
 2.82739310E-02
 9.88415684E-02
 1.14600747E-01
 1.23998402E-01
 2.34883135E-02
 1.33873458E-01
 1.23797764E-01
 7.77333687E-02
 2.55947118E-01
 1.78057282E-02
 1.81632696E-02
 1.60703195E-01
 2.87767476E-01
 2.45745804E-01
 2.91675450E-01
 3.62135681E-01
 1.71332599E-01
 1.09746473E-01
 1.76562996E-01
 2.77990207E-02
 1.10446853E-01
 3.81655747E-02
 9.11710481E-02
 1.75556759E-01
 2.41851396E-01
 1.94044944E-01
 6.49058597E-02
 7.78645788E-02
 8.78868537E-02
 3.97880341E-01
 6.00592085E-02
 1.75757805E-01
 2.16849396E-01
 1.61032077E-01
 4.68517288E-02
 1.69551828E-01
 2.91441682E-01
 1.77935611E+00
 9.57491588E-01
 4.69125870E-01
 1.70095976E+00
 9.75711552E-02
 6.48897502E-01
 9.94928293E-01
 4.74638910E-01
 4.79156905E-01
 8.48772037E-01
 1.39397975E-01
 3.74880389E-02
 4.52873783E-02
 8.66272832E-02
 6.05186474E-02
 8.49540663E-02
 1.93212663E-01
 9.78162359E-02
 1.15313326E-01
 1.24204356E-01
 7.89795992E-04
 4.47408329E-02
 1.14895309E-01
 8.51917932E-03
 6.25625214E-02
 8.55601695E-02
 1.23920859E-01
 6.24170589E-02
 5.92743160E-02
 2.97201410E-04
 8.39715189E-02
 1.28889209E-01
 1.61091593E-01
 1.15537247E-01
 1.24421001E-01
 3.00553142E-01
 1.09651218E-01
 3.82032392E-02
 1.13178954E-01
 3.76392533E-02
 4.71596168E-02
 1.21287397E-01
 5.42781879E-02
 7.22448656E-02
 1.57261071E-01
 1.51432979E-01
 3.72791312E-01
 6.75818635E-02
 5.11611239E-02
 1.68770205E-01
 4.64226698E-02
 5.02631810E-02
 7.30570514E-01
 6.26465350E-01
 5.35776665E-02
 1.56600612E+00
 1.28111535E+00
 2.11801109E-01
 1.67381645E+00
 1.97622243E+00
 2.40673640E-01
 1.00604381E+00
 8.30065036E-02
 1.22182169E-02
 8.66803291E-02
 7.69188926E-02
 1.20652959E-01
 1.33862860E-01
 1.24540513E-01
 8.56936825E-02
 1.24476636E-01
 6.26205056E-02
 7.59966919E-02
 3.08128619E-02
 1.66655876E-01
 1.24537735E-01
 1.57250217E-03
 1.00307269E-01
 1.76496752E-01
 5.74510059E-02
 1.22207683E-01
 5.73493476E-02
 2.23970188E-01
 4.13781147E-02
 1.52979716E-01
 3.97574259E-02
 3.92859775E-02
 5.00655798E-02
 6.02182566E+00
 4.23131269E-01
 4.89016282E-02
 8.81049277E-02
 6.09388026E-02
 5.01969448E-02
 2.57478899E-01
 6.03218496E-02
 8.23010390E-02
 2.65007445E-01
 3.69303510E-04
 1.87848940E-01
 1.21050948E-01
 1.66852855E-02
 1.91805339E-02
 8.70684802E-02
 1.87535614E-02
 4.09415803E-02
 8.75959718E-02
 1.86517957E-02
 4.01656986E-02
 3.83109021E-02
 1.01065725E-01
 1.05469311E-01
 1.52952344E-01
 3.48007941E-01
 2.26351091E-01
 4.11923067E-01
 2.68255165E-01
 1.49001658E-01
 1.21256247E-01
 2.42671275E-01
 2.86083925E-01
 4.87107652E-02
 2.02911580E-01
 7.50629516E-02
 3.24022692E-02
 2.10452073E-02
 1.89009002E-01
 9.95104232E-03
 7.46140818E-02
 1.17904255E-01
 1.77752350E-02
 1.46164035E-01
 1.59796191E-01
 5.17336435E-02
 1.17435712E-01
 2.86592007E-02
 1.14582716E-01
 7.32192954E-02
 1.73142299E-02
 1.22759132E-01
 2.14369569E-02
 1.45812182E-01
 2.43183877E-01
 1.42166734E-01
 6.01117727E-02
 5.23430233E-01
 2.56333240E-01
 2.90516388E-02
 2.10649356E-02
 1.94387461E-01
 1.79554517E-01
 8.86209886E-02
 3.21456970E-01
 7.76629010E-02
 7.29191668E-02
 4.33242764E-02
 7.97736836E-02
 1.02364663E-01
 1.40720159E-01
 1.47531451E-01
 9.71610907E-02
 4.14073499E-02
 1.73956869E-01
 1.46734680E-01
 8.27224492E-03
 3.85727553E-02
 1.54102810E-01
 9.69897310E-02
 2.26183953E-02
 4.24994462E-02
 1.92052449E-01
 1.06421006E-01
 3.20427681E-02
 7.58086080E-01
 3.85214863E-01
 1.72289142E-01
 1.77084366E-01
 8.15110500E-02
 1.51212447E-01
 5.80090958E-01
 2.75428295E-01
 2.35171277E-01
 5.67947285E-02
 1.15124081E-01
 2.92320504E-02
 1.05301734E-01
 6.18057855E-02
 1.20336696E-01
 1.05513761E-01
 4.71629275E-02
 1.05948652E-01
 1.42383117E-01
 6.75335216E-01
 5.85863193E-01
 2.13658057E+00
 6.33300490E-01
 1.53450914E+00
 4.37885431E-01
 1.14112332E+00
 4.28911525E-01
 1.47245127E-03
 3.55731173E-02
 5.11546456E-01
 4.59836524E-01
 1.25968934E+00
 3.09300193E+00
 2.60955274E+00
 4.73679871E+00
 3.94099801E-01
 1.50412163E-01
 6.47888482E-01
 8.17875507E-01
 6.23860309E-01
 7.23540915E-01
 1.69898576E+00
 1.32007235E+00
 1.55225276E-01
 4.78691829E-01
 1.31483165E+00
 5.27578385E-02
 4.74255860E-02
 3.73081965E-02
 2.38787267E-02
 6.46269113E-02
 2.08926549E-02
 1.90492126E-01
 8.30681338E-02
 7.25474459E-02
 1.58353793E-01
 1.51257059E-01
 4.32403839E-02
 2.40972910E-02
 1.39900140E-01
 1.41153720E-01
 1.47917876E-01
 3.16866523E-02
 1.98010478E-01
 1.47436708E-01
 6.70430320E-02
 1.63824283E-01
 2.21657255E-02
 2.85866011E-01
 2.80851165E-01
 9.15549456E-03
 1.19624773E-01
 1.37095696E-01
 1.94814417E-01
 6.04540542E-02
 8.75244245E-02
 3.06724567E-02
 3.34517150E-02
 4.59992317E-02
 1.08099385E-02
 1.32692121E-01
 1.09254356E-01
 1.41339625E-01
 6.72495542E-01
 3.46711566E-01
 2.09790698E-01
 6.94656320E-02
 1.44462448E-01
 2.06408123E-02
 2.94991355E-01
 1.29990888E-01
 7.28902063E-02
 8.61733321E-02
 1.33172284E-01
 5.41242769E-01
 8.06192562E-01
 8.98702788E-01
 2.67177750E-02
 7.30913385E-01
 1.16537910E-01
 6.03074807E-01
 2.25787798E+00
 1.03483833E+00
 4.57097042E-02
 1.90812952E+00
 9.93324205E-02
 1.12959538E-01
 7.56580749E-02
 1.18599140E-01
 1.77421711E-02
 1.46656411E-01
 1.60060054E-01
 1.40177385E-01
 1.42014116E-01
 1.48132965E-01
 9.73045502E-02
 7.48018608E-02
 1.41566994E-01
 3.28254437E-02
 1.07914505E-01
 1.16810439E-01
 1.47355444E-01
 1.07829147E-01
 1.66252690E-02
 9.69741656E-02
 1.45400529E-01
 9.93996465E-02
 3.08654761E-01
 1.42191690E-01
 1.48146741E-01
 2.37375957E-01
 4.67523763E-02
 1.08270210E-02
 1.39366536E-01
 1.03248877E-02
 8.69200593E-02
 1.44827399E-01
 3.43306817E-01
 3.61604567E-01
 6.39113744E-02
 1.26546250E-01
 2.92846851E-01
 9.90085460E-04
 8.62483848E-02
 1.12197284E-01
 8.56895347E-02
 1.47052079E-02
 3.75553161E-01
 1.51747280E-01
 8.91780299E-03
 7.09810090E-01
 5.43104417E-01
 1.14955755E-01
 4.77725696E-01
 5.63901911E+00
 5.16272745E-01
 1.53266051E+00
 7.26688969E-02
 1.13282476E-01
 1.19003247E-01
 2.90269500E-02
 4.80257823E-02
 1.99213563E-01
 1.48511721E-01
 1.17833439E-01
 1.48268861E-01
 1.08065549E-01
 2.81694851E-02
 1.32815235E-01
 2.97350287E-01
 1.48322007E-01
 9.01886449E-03
 2.56940491E-02
 1.10765312E-01
 6.01614478E-02
 1.46044223E-01
 6.01798692E-02
 3.78178347E-01
 2.95206143E-01
 1.27094278E-01
 4.72545932E-02
 2.50595972E-02
 1.48558003E-02
 3.14295761E-01
 1.71740334E+00
 8.13412373E-02
 9.46098257E-02
 1.82900310E-02
 4.37378818E-02
 1.65177111E-01
 1.78594396E-02
 1.04734679E-01
 1.95943016E-01
 9.73600032E-02
 9.40891609E-02
 1.12742813E-01
 1.20459021E-01
 2.24171732E-02
 1.49214036E-01
 2.34239921E-02
 4.68002180E-02
 1.49855766E-01
 2.41244011E-02
 4.78936812E-02
 4.96033556E-02
 1.56228965E-01
 2.46408141E-01
 2.11700590E-01
