 1.84949794E-01
 2.26283957E-01
 1.71286047E-01
 1.36281016E-01
 1.06248762E-01
 1.23474595E-01
 2.43563651E-01
 1.69116514E-01
 3.57959655E-02
 1.19671477E-02
 3.91707964E-02
 6.87323898E-02
 2.21433752E-02
 2.14248342E-01
 4.27622239E-02
 7.29866438E-02
 1.15629392E-01
 1.67771396E-02
 1.45391107E-01
 1.62327101E-01
 7.09521292E-02
 1.15031959E-01
 2.72215891E-02
 1.14865881E-01
 7.85569427E-02
 1.61945266E-02
 1.25363600E-01
 2.27959005E-02
 1.44938444E-01
 2.44490925E-01
 1.84770988E-01
 6.00353416E-02
 4.36457235E-02
 6.86226033E-03
 5.71202950E-02
 2.27663694E-02
 1.93887232E-01
 5.38593134E-02
 1.14822911E-01
 5.95654181E-02
 1.50262706E-01
 1.47201944E-01
 4.29799084E-02
 1.31197740E-01
 1.68555926E-01
 1.38219125E-01
 1.45296026E-01
 9.62739066E-02
 4.74519377E-02
 2.12484269E-01
 1.44213351E-01
 8.09445410E-03
 3.82816661E-02
 1.66706065E-01
 9.59833760E-02
 2.49707633E-02
 4.20479244E-02
 1.91506495E-01
 4.20456234E-01
 1.54681614E-01
 1.87239305E-01
 1.09194617E-01
 7.10066639E-02
 1.59464574E-01
 9.43124261E-02
 5.88344763E-03
 6.16196123E-02
 7.56683947E-03
 1.41887319E-01
 2.81593366E-01
 5.82144546E-03
 5.35848234E-02
 1.18107408E-01
 7.14824099E-02
 8.18695823E-02
 1.17835015E-01
 4.42947451E-02
 1.11021612E-01
 1.46364495E-01
 1.06094050E-01
 2.99487906E+00
 7.27132114E-01
 5.74936504E-01
 7.89657809E-01
 3.31732440E+00
 2.38892441E-01
 9.75519926E-01
 6.57424381E-01
 4.06628770E-01
 2.36502213E+00
 3.80919412E+00
 2.25568998E-01
 3.91590666E-01
 6.74515479E-01
 3.27936085E+00
 6.61099562E-01
 3.96750713E-01
 1.30186728E+00
 1.44705490E+00
 1.99099450E-01
 8.17787410E-01
 1.92100938E-01
 1.09487061E+00
 5.94069409E-01
 2.43573327E-01
 1.56837263E+00
 1.43344084E-01
 1.90451442E-01
 5.26937773E-02
 1.40065290E-02
 6.05283801E-02
 2.22613719E-02
 6.80062645E-02
 3.73767434E-02
 1.37987153E-01
 1.96085180E-01
 1.62839744E-01
 4.24826137E-02
 8.82296067E-03
 1.37939230E-01
 1.39533431E-01
 1.46400783E-01
 4.92866880E-02
 1.95134074E-01
 1.45789060E-01
 6.91790529E-02
 1.61670506E-01
 2.40873964E-02
 1.05442326E-01
 1.95512278E-01
 2.23611676E-02
 9.95237700E-02
 1.30664032E-01
 4.85029699E-02
 3.05913603E-02
 4.45934433E-02
 1.08553057E-01
 9.83060538E-02
 4.35434694E-02
 9.15005035E-03
 1.66863385E-01
 1.06046454E-01
 1.47190159E-01
 5.25468553E+00
 5.71002912E-01
 3.22131287E-01
 1.55388965E-01
 4.71770979E-02
 3.27820008E-01
 4.06560773E-02
 5.92303030E-03
 2.45857421E-01
 6.90615338E-02
 9.02790012E-02
 2.77066647E+00
 5.22867201E-02
 3.38769344E-01
 2.19009918E+00
 4.34017962E-02
 2.19419290E+00
 6.95017318E-01
 3.00230454E+00
 5.06389202E-01
 1.09327202E+00
 1.10436595E+00
 1.80734571E-01
 1.12248412E-02
 7.31640005E-02
 1.15695602E-01
 1.67406882E-02
 1.45471540E-01
 3.04134590E-02
 1.38234194E-01
 1.39905834E-01
 1.46568345E-01
 9.62882658E-02
 7.23122567E-02
 1.39359420E-01
 3.31197702E-02
 1.07215827E-01
 1.13515981E-01
 1.45503385E-01
 1.07128763E-01
 1.52149907E-02
 9.58512571E-02
 1.44244212E-01
 6.43193375E-02
 5.96520274E-02
 1.37893106E-01
 1.45012196E-01
 1.91568305E-02
 4.35241846E-02
 8.97432537E-03
 1.34229239E-01
 8.25541153E-03
 8.55346693E-02
 1.40501484E-01
 3.90224009E-01
 3.49647192E-01
 2.56657740E-01
 2.39475347E-01
 1.02118754E-01
 2.96130061E-01
 1.02719299E-01
 1.79827165E-01
 4.17038720E-01
 1.89374531E-01
 5.50546846E+00
 2.94381808E-01
 4.45179368E-01
 6.60479109E+00
 4.14238904E-01
 1.88999599E+00
 8.21714982E-01
 3.14187035E-01
 1.01084386E+00
 4.26688482E-01
 1.56451818E-01
 3.75627761E-02
 1.15189160E-01
 2.72357483E-02
 2.64767060E-02
 1.95729980E-01
 1.46208629E-01
 1.13747461E-01
 1.45804491E-01
 1.07273869E-01
 2.59352231E-02
 3.63040694E-02
 1.44341483E-01
 1.43644553E-01
 8.31314145E-03
 1.20168686E-01
 1.05842418E-01
 5.88406470E-02
 1.40356448E-01
 5.88983765E-02
 6.34634611E-01
 1.37731514E-01
 2.38845858E-01
 5.14804357E-02
 2.18597763E-01
 1.87430149E-01
 3.02302926E-01
 8.75543137E-01
 1.14936542E-01
 6.74015457E-02
 1.64508930E-02
 6.28957885E-02
 1.62487735E-01
 1.57176309E-02
 3.74763205E-02
 1.43243632E-01
 9.57605391E-02
 1.33484598E-01
 1.95929529E+00
 1.24397481E-01
 2.40219555E-02
 1.47042633E-01
 2.55345145E-02
 4.44281433E-02
 1.48183001E-01
 2.72855218E-02
 4.61212465E-02
 4.84823764E-02
 1.61103570E+00
 2.47421028E-01
 2.07850028E-01
 5.50912727E-02
 7.42763248E-02
 2.01670013E-02
 2.62028645E-02
 3.49333276E-02
 2.28955306E-02
 1.08036807E-01
 1.62270188E-01
 1.03830166E-02
 2.48199071E-03
 6.89690025E-03
 8.18385756E-02
 1.81462707E-02
 1.59156374E-01
 2.37226921E-02
 4.37022093E-02
 8.46720939E-02
 5.95465249E-02
 8.39788794E-02
 1.33448162E-01
 7.66494183E-03
 8.46146704E-02
 7.52824316E-02
 6.91808668E-02
 8.60437985E-02
 5.90484673E-02
 2.51214971E-02
 1.73474614E-02
 8.35895866E-02
 1.09322667E-01
 2.53849986E-01
 9.11975639E-02
 1.91079522E-01
 8.34240287E-02
 1.11025754E-01
 1.78484207E-02
 1.37503710E-01
 8.50085933E-02
 1.31724484E-01
 8.00121851E-02
 1.25501055E-01
 2.52067864E-01
 4.38412384E-02
 1.68445471E-01
 1.32078674E-01
 1.12340415E-01
 1.22110184E-01
 1.34515087E-05
 1.32459807E-01
 1.52714990E-01
 1.21323575E-01
 4.06539863E-04
 4.09107226E-02
 2.59535296E-01
 1.34597325E-04
 1.59927997E-02
 4.45724575E-02
 1.34488864E-01
 5.67678119E-01
 4.55769205E-02
 1.24036990E-01
 4.82999504E-03
 3.19935649E-03
 1.13522611E-01
 6.08503802E-02
 3.15628310E-02
 6.08622845E-02
 1.84325266E-02
 4.68428678E-02
 2.81550963E-01
 9.39979787E-02
 1.41484697E-01
 1.39992613E-01
 5.74450614E-02
 4.36743326E-02
 1.40637997E-01
 1.26367886E-02
 1.69722195E-02
 9.48576247E-02
 2.86743412E-01
 2.56648428E+00
 2.99791494E+00
 1.86450845E-01
 1.12528045E+00
 4.45842441E+00
 2.69514800E+00
 5.48861176E-01
 4.10009476E-01
 1.85160046E+00
 2.47120247E+00
 2.77890915E+01
 7.84008846E-02
 4.04007293E-01
 5.72568283E-01
 1.84913948E+00
 1.01193819E+01
 3.27317467E-01
 1.94017415E-01
 7.67727838E+00
 2.63298954E-01
 5.96131622E-01
 5.89786305E-01
 8.60827688E-01
 3.81873781E-01
 1.13987591E+01
 1.92007418E+00
 7.92495027E-02
 1.82061101E-01
 9.98325245E-03
 1.26914666E-02
 8.03938382E-02
 1.80817401E-02
 1.46108927E-01
 2.60305316E-02
 1.01939272E-01
 1.35346167E-01
 2.55598120E-01
 4.43336853E-02
 1.35623067E-02
 9.66910943E-02
 1.13185285E-01
 1.23114850E-01
 7.75999947E-04
 1.31805826E-01
 1.22883715E-01
 8.09945861E-02
 2.52878593E-01
 1.65037779E-02
 8.12140123E-02
 2.12692987E-01
 6.48044275E-02
 1.13495973E-01
 2.48929505E-01
 1.41694740E-01
 2.17036295E-03
 1.17973971E-01
 1.80049944E-01
 1.09671627E-01
 1.06271838E-01
 3.59040125E-02
 1.35586783E-01
 1.71123294E-01
 2.46766636E-01
 3.68738792E-01
 5.89221727E-01
 1.84419064E-01
 1.05677145E-01
 2.99228843E-02
 3.22864924E-01
 2.97096590E-02
 2.80154267E-01
 1.77772348E-01
 9.46637175E-02
 2.86327754E-01
 4.76810495E+00
 6.24964631E-01
 4.92333454E-02
 2.64430186E+00
 9.79435889E-01
 2.90563527E+00
 7.37678387E-01
 2.24547300E-01
 2.41227577E+00
 9.72558620E-01
 1.54710360E+00
 1.11008755E-01
 3.47996822E-03
 4.38780851E-02
 8.48538707E-02
 5.95446585E-02
 8.40311487E-02
 6.20857106E-02
 9.65898155E-02
 1.13462671E-01
 1.23284731E-01
 3.23698207E-04
 4.34094647E-02
 1.12942958E-01
 8.86616372E-03
 6.16902271E-02
 8.37677229E-02
 1.22904557E-01
 6.15041523E-02
 5.79540318E-02
 9.52030678E-04
 8.30412435E-02
 7.21044822E-02
 7.73454400E-02
 1.12100707E-01
 1.21847068E-01
 4.22217499E-02
 1.06138115E-01
 3.56296705E-02
 1.09047926E-01
 3.48152988E-02
 4.63725333E-02
 1.17696074E-01
 1.68018961E-01
 2.15972180E-01
 1.88772708E-01
 1.67379696E-01
 2.31620213E-01
 5.38381373E-02
 9.19398679E-02
 1.22375988E-01
 2.70860423E-01
 2.36793299E-02
 1.83023889E+00
 1.24439768E-01
 2.45970021E-01
 3.89067430E+00
 3.62079541E-01
 2.05884905E+00
 1.21092816E+00
 1.49684211E-01
 1.44909118E+00
 5.57076961E-01
 1.33019073E-01
 1.06679203E-02
 8.48372203E-02
 7.55325946E-02
 4.35329001E-02
 1.32087043E-01
 1.23385094E-01
 8.38391692E-02
 1.23260813E-01
 6.15993550E-02
 7.45713561E-02
 1.31978982E-01
 1.15327983E-01
 1.20736652E-01
 5.97169880E-04
 4.64758491E-02
 1.71154614E-01
 5.62089458E-02
 1.17498176E-01
 5.60947541E-02
 1.48034555E-01
 5.48894242E-02
 1.66896380E-01
 2.94817204E-01
 6.45297820E-02
 2.69194923E-02
 1.71453839E-02
 1.05094866E+00
 7.31230794E-02
 7.96841451E-02
 5.92794301E-02
 6.83035641E-02
 2.53630715E-01
 5.84023909E-02
 3.26535988E-02
 2.46010897E-01
 2.89243072E-04
 2.20810649E-01
 1.64213315E-01
 2.09003211E-02
 1.77694401E-02
 8.52274981E-02
 1.70506740E-02
 4.26155149E-02
 8.61117833E-02
 1.63950548E-02
 4.12851279E-02
 3.86870422E-02
 1.41265729E+01
 1.06806807E-01
 1.47755652E-01
 1.40421865E-01
 8.81113001E-02
 4.66415280E-02
 1.86731106E-02
 8.47342873E-03
 4.76403110E-02
 1.92557048E-03
 2.30986588E-01
 6.63687811E-02
 4.20751373E-02
 4.96252755E-02
 5.82845722E-02
 1.12902272E-02
 1.20060306E-01
 3.82095761E-02
 4.62080465E-02
 9.32213559E-02
 8.82769076E-02
 4.75643423E-02
 8.14707290E-02
 4.95863126E-02
 9.31460902E-02
 1.43279470E-01
 3.84973469E-02
 5.78023936E-02
 8.76974912E-02
 4.49935470E-02
 1.05342493E-02
 4.73005768E-02
 3.57306201E-03
 5.78604717E-02
 5.25733989E-02
 1.02581981E-01
 5.74989161E-03
 7.56387170E-02
 1.12849167E-02
 1.22931060E-01
 3.38161259E-01
 1.25120175E-02
 2.29847128E-02
 4.34425708E-02
 2.67018839E-01
 3.86539584E-02
 2.30650681E-01
 1.57979881E-02
 5.95891858E-02
 7.80524544E-02
 3.69465046E-02
 1.93911759E-01
 4.18141581E-02
 7.73699473E-02
 1.37797887E-02
 1.47449078E-02
 2.64666592E-01
 3.65106446E-02
 9.89852642E-03
 3.93910772E-02
 1.19346672E-01
 2.20831157E-01
 1.67745205E-02
 1.25899544E-01
 4.01339538E-02
 9.79920475E-03
 8.49844289E-02
 2.75922847E-01
 2.85969574E-02
 4.54113382E-02
 3.16467586E-02
 3.74643475E-04
 2.02554754E-01
 1.27575019E-01
 8.04906095E-02
 9.71513069E-02
 1.98424183E-02
 2.04527706E-02
 9.83641510E-02
 6.66954737E-02
 2.80691376E-02
 6.43282152E-02
 6.63981763E-01
 2.24523181E+00
 1.05626946E+01
 7.05033363E-01
 1.57874405E-01
 4.09201990E-01
 2.51686284E+00
 4.37650790E-01
 4.06625482E-01
 2.61730172E-01
 2.66673677E+00
 3.87031880E-01
 9.56659667E-01
 2.08705512E-01
 4.00416249E-01
 1.64905659E+00
 6.57136215E+00
 4.46973231E-01
 1.70534466E-01
 3.21375168E+00
 1.44931266E+00
 4.44404770E-01
 4.09645449E-01
 1.07108762E-01
 2.62383572E-01
 5.75751464E-01
 1.54800318E+00
 1.55585575E-01
 2.49551913E-01
 3.86975229E-02
 4.95559329E-02
 5.89804289E-02
 1.13057655E-02
 2.38357047E-01
 1.47827692E-01
 2.08313193E-03
 5.29191579E-02
 2.70128876E-01
 3.88220908E-02
 2.99580531E-02
 1.75011779E-03
 5.97614254E-02
 7.85672685E-02
 8.84157421E-03
 5.17888215E-02
 7.83269228E-02
 6.87221912E-02
 2.67617515E-01
 1.03313366E-02
 1.87382486E-01
 3.54987520E-01
 1.63371800E-02
 4.31809579E-02
 2.68118892E-01
 3.32436033E-01
 2.49499069E-02
 1.50399517E-01
 2.81024882E-01
 1.20438442E-01
 1.48043376E-01
 6.59626456E-02
 1.21205518E-01
 2.76690001E-01
 2.83660203E-01
 2.24870492E-01
 5.80432645E-01
 1.27113196E-01
 1.00459608E-01
 8.93974498E-02
 9.09122226E-02
 1.62811694E-01
 6.59647012E-01
 6.46690849E-02
 1.51210112E-02
 5.22627315E-01
 9.84337670E+00
 8.56831077E-01
 4.53959102E-02
 4.76356226E+00
 8.70856211E-01
 4.11435211E+00
 1.25334752E+00
 3.78502429E-01
 1.21596475E-01
 9.95463066E-01
 1.43638020E+00
 1.34794393E-01
 4.46051720E-02
 4.63860202E-02
 9.34609147E-02
 8.82915495E-02
 4.75984621E-02
 8.95126497E-02
 1.34132890E-03
 5.98413183E-02
 7.86242808E-02
 3.72059925E-02
 4.58587470E-02
 5.93101354E-02
 1.51714132E-03
 5.11017318E-02
 9.22590719E-02
 7.81130518E-02
 5.09291716E-02
 8.63599292E-02
 3.76631499E-02
 4.69811148E-02
 2.60572583E-01
 2.85137754E-02
 5.95031987E-02
 7.79118677E-02
 1.19247400E-01
 1.48030099E-01
 6.56220631E-02
 5.78110393E-02
 6.46341211E-02
 1.64469588E-02
 7.47779996E-02
 1.98531739E-01
 1.26869292E-01
 7.49347202E-02
 9.25196254E-02
 5.28159732E-01
 2.41985002E-01
 2.52043248E-01
 4.35208642E-01
 1.45540406E-02
 2.18224116E-01
 6.15396323E-01
 1.83832063E-01
 1.73449493E-01
 1.05828557E+00
 3.58963027E-01
 1.68166483E+00
 1.21450212E+00
 8.98237327E-02
 2.61608791E+00
 8.07515297E-01
 1.27259358E-01
 5.65013571E-02
 9.33888231E-02
 1.43668937E-01
 7.93920037E-02
 5.15009858E-02
 7.86225732E-02
 9.22600334E-02
 7.83898310E-02
 5.10135922E-02
 1.42287050E-01
 2.86188724E-01
 2.79215324E-02
 7.69485897E-02
 1.38093268E-02
 2.00617341E-02
 2.76935705E-01
 2.28901233E-02
 7.45916622E-02
 2.28015692E-02
 1.73104588E-01
 1.31878513E-02
 9.19802639E-02
 4.89513070E-01
 1.40815958E-01
 2.22812133E-01
 1.82745846E+00
 1.79063629E+00
 5.99749697E-02
 5.51104088E-02
 8.78768028E-02
 4.75639113E-02
 2.67942914E-01
 8.67447851E-02
 2.86001143E-02
 2.58945032E-01
 3.61834055E-02
 2.41163148E-01
 2.29778370E-01
 5.23241307E-02
 1.26292523E-02
 4.84002399E-02
 1.29480088E-02
 3.74895259E-02
 4.90550741E-02
 1.28987832E-02
 3.73882138E-02
 3.59023366E-02
 1.16724665E-01
 4.23043213E-03
 1.29043013E-01
 2.08115578E-01
 1.21290226E-01
 2.99227170E-02
 1.51037867E-02
 3.46382844E-02
 8.84306185E-02
 6.42386181E-02
 1.03928625E-01
 3.01202890E-02
 6.13980876E-02
 7.52663076E-02
 4.15125282E-02
 3.66363242E-02
 1.16480560E-01
 3.31418794E-02
 2.71314025E-02
 7.59296909E-02
 5.64119338E-02
 3.56684020E-02
 7.30825590E-02
 6.15509485E-02
 7.58395911E-02
 1.40824824E-01
 5.72691282E-02
 4.53898244E-02
 5.59881670E-02
 8.52042815E-02
 3.56551602E-02
 3.55291265E-02
 6.23533682E-02
 2.06340064E-01
 1.64408690E-01
 7.80694699E-02
 7.87089990E-03
 6.22722072E-02
 3.66117132E-02
 9.49787370E-02
 1.29050135E-01
 3.57147277E-03
 9.75145426E-02
 2.80072824E-02
 2.55380560E-01
 2.42803847E-02
 2.14620321E-01
 4.09252230E-02
 4.91831687E-02
 6.07280801E-02
 4.38571678E-02
 1.83322449E-01
 1.84032755E-03
 6.01668904E-02
 2.69447730E-02
 1.56684374E-02
 2.61693355E-01
 4.33770274E-02
 3.44892256E-02
 2.49024427E-02
 9.15762399E-02
 8.70524009E-02
 1.54233388E-01
 1.44784873E-01
 8.38622175E-04
 8.09888183E-03
 5.79735797E-02
 5.55080191E-02
 1.96911121E-02
 1.22483467E-01
 7.24960486E-02
 7.78510515E-04
 2.21820357E-01
 1.19134168E-01
 6.15596777E-02
 7.96190747E-02
 1.38876186E-02
 1.29151885E-02
 8.15157203E-02
 5.08997950E-02
 2.66008912E-02
 4.50051263E-02
 9.04128307E-01
 2.23846273E+00
 2.02753139E+01
 6.66533480E-01
 6.52519775E-01
 3.27363996E-01
 1.97364494E+00
 8.07437046E-01
 2.66273465E+00
 1.04696283E+00
 4.70244611E-01
 1.00215187E+00
 5.84163085E+00
 1.50054897E-01
 2.91717331E-01
 1.20134870E+00
 9.71872625E-02
 3.21969330E+00
 1.71989659E+00
 9.22196182E-03
 7.93948426E-01
 2.49823690E-02
 3.12699627E-01
 1.38244739E+00
 1.00921871E-01
 2.05088649E+00
 6.17060890E+00
 8.37122163E-02
 2.61459032E-01
 3.30716621E-02
 6.12653370E-02
 4.65868236E-02
 3.66602092E-02
 2.56082755E-02
 1.34445321E-01
 2.42538824E-02
 8.57838749E-03
 2.67619637E-01
 2.43811926E-02
 1.18130586E-01
 2.35062882E-02
 4.93099933E-02
 6.11651293E-02
 2.96967806E-02
 8.07114603E-03
 6.09532874E-02
 7.42320941E-02
 2.64925137E-01
 3.53031015E-02
 8.87515532E-02
 4.60432985E-01
 4.06708240E-02
 1.00835032E-04
 2.65351991E-01
 1.16898611E-01
 4.46819830E-02
 1.20182510E-01
 2.96231534E-01
 2.63207836E-01
 1.20001676E-01
 6.61306478E-02
 1.80497434E-01
 2.92657311E-01
 3.17320486E-01
 2.97869844E-01
 5.77849629E-01
 2.20913602E-02
 1.28087569E-02
 6.51133281E-01
 2.88926841E-02
 1.75210852E-01
 8.42629392E-01
 8.00395780E-02
 1.36342894E-02
 6.06257181E-01
 1.65749824E+01
 9.75677534E-01
 1.62024904E-01
 4.18311914E+01
 3.28025820E-01
 5.71365100E+00
 1.76061089E+00
 3.89188088E-01
 1.11022442E-01
 3.43983815E+00
 9.48903973E-01
 1.80342606E-01
 1.53701283E-01
 2.72283075E-02
 7.60682029E-02
 5.64212010E-02
 3.56979683E-02
 5.67554648E-02
 2.39334575E-02
 4.93890459E-02
 6.12244571E-02
 4.40423896E-02
 2.67857866E-02
 4.89319092E-02
 5.83279825E-03
 4.05120182E-02
 7.47772368E-02
 6.07765570E-02
 4.03532181E-02
 5.49432171E-02
 4.43986903E-02
 3.52984333E-02
 3.43200709E-01
 2.82901512E-01
 4.91385358E-02
 6.06200538E-02
 1.40159453E-01
 1.20016421E-01
 6.58439474E-02
 4.77034285E-02
 6.49989642E-02
 1.42331900E-02
 5.78671821E-02
 4.34045730E-02
 3.51516363E-01
 1.17528050E-01
 2.96515653E-02
 7.10582403E-01
 2.01827167E-01
 2.73076741E-01
 3.45641805E-01
 1.32517494E-02
 1.66861101E-01
 2.52143190E-01
 1.22483507E+00
 3.05597919E-01
 6.77298949E-01
 2.69382961E-01
 1.68876185E+00
 2.14901339E+01
 6.60803959E-01
 2.58245374E+00
 2.67037010E-01
 1.39367156E-01
 1.37937912E-01
 7.59959947E-02
 1.41151762E-01
 6.52436602E-03
 7.51132579E-03
 6.11793759E-02
 7.48253475E-02
 6.09809315E-02
 4.04269640E-02
 1.39697710E-01
 3.16862468E-01
 1.55419455E-01
 5.98144457E-02
 2.69241483E-02
 1.08333544E-01
 2.92798770E-01
 9.05241856E-03
 5.76776828E-02
 8.79784920E-03
 4.15525131E-02
 1.85538420E-01
 3.06309140E-02
 5.52170030E-01
 1.10043501E-01
 1.71532510E-01
 1.52464741E+00
 1.43070788E+00
 8.79392731E-02
 1.95970921E-02
 5.61646711E-02
 6.34166828E-02
 2.64864040E-01
 5.53223363E-02
 4.61790801E-02
 2.09471638E-01
 4.30806999E-02
 2.95812402E-01
 1.69572734E-01
 9.49337392E-02
 3.86723294E-02
 3.60546826E-02
 3.93003177E-02
 2.34106330E-02
 3.63718869E-02
 3.89855256E-02
 2.33517772E-02
 2.24064564E-02
 1.45500903E-01
 7.42362838E-02
 9.96455947E-02
 3.00808135E-01
 1.28182487E-01
 1.87329871E-02
 7.63023025E-03
 6.71969490E-02
 1.29227513E-01
 1.30413492E-01
 1.39666115E-01
 1.90515081E-02
 4.93952125E-02
 8.21077280E-02
 3.10080461E-02
 6.19863463E-02
 1.44581453E-01
 2.79845342E-02
 8.05151521E-03
 5.86351352E-02
 2.45418873E-02
 2.37707671E-02
 8.37036615E-02
 7.34642376E-02
 5.85302779E-02
 1.38369702E-01
 8.23828836E-02
 3.29930823E-02
 2.42742297E-02
 1.25420882E-01
 6.07794446E-02
 2.37562485E-02
 1.28288301E-01
 4.04889858E-01
 2.23591577E-01
 1.04324035E-02
 5.99013359E-02
 3.60951058E-02
 6.19421637E-02
 6.70224622E-02
 2.46199913E-01
 5.58595139E-02
 1.09229136E-01
 6.17439368E-02
 2.56325596E-01
 9.90486399E-03
 2.62130276E-01
 6.58776322E-02
 3.87756881E-02
 4.34014841E-02
 5.07686363E-02
 2.10905393E-01
 4.53929719E-02
 4.29619426E-02
 4.01109453E-02
 3.84176684E-03
 2.58755827E-01
 5.02440716E-02
 5.90819066E-02
 1.04135560E-02
 6.38052967E-02
 4.58786331E-01
 2.33572960E-01
 1.01695986E-02
 5.37252944E-02
 2.43620531E-02
 3.09599193E-02
 3.29134219E-01
 7.10083407E-02
 1.22117377E-01
 6.68068253E-02
 1.67250058E-02
 3.71701192E-01
 5.61261545E-02
 8.71308467E-03
 3.11959283E-02
 7.07641983E-02
 1.33615119E-02
 3.36386491E-02
 8.69809410E-03
 3.62076248E-02
 2.56842201E-02
 1.04263864E+00
 1.90110692E+00
 7.85890163E+00
 4.69125303E-01
 4.30161455E-01
 7.89131407E-02
 3.73752030E-01
 8.18510334E-01
 1.56384254E+01
 4.46801181E-01
 1.06513103E+01
 1.32050982E+00
 9.53729192E+00
 8.97571519E-01
 1.38527762E-01
 1.15715099E+00
 7.37142123E-03
 4.96766574E+00
 8.86487232E-01
 1.37401343E-01
 6.95010347E-01
 2.17650458E-01
 1.78624621E-01
 2.46024032E-01
 2.49087590E-01
 2.10951165E+00
 1.61196143E-01
 5.24529622E-02
 1.42573010E-01
 2.36850139E-02
 7.07200752E-02
 3.49435903E-02
 6.20185287E-02
 6.52994248E-02
 1.51002524E-01
 4.94017844E-02
 3.50529428E-02
 2.65348868E-01
 9.93808741E-03
 2.18042450E-02
 4.93377696E-02
 3.88568878E-02
 4.37604036E-02
 4.25232945E-02
 3.59958657E-02
 4.35772667E-02
 4.27850063E-02
 2.62117908E-01
 6.02777367E-02
 7.15545462E-02
 3.03587232E-01
 5.74647896E-02
 3.88595336E-02
 2.64095578E-01
 1.45945491E-01
 4.29875581E-03
 9.23593250E-02
 3.12880379E-01
 3.51994449E-02
 9.08083585E-02
 6.62987474E-02
 1.67403198E-02
 3.07934330E-01
 2.76315613E-01
 2.43017434E-01
 3.12866120E-01
 1.67049956E-02
 3.81423262E-02
 1.26937917E-01
 2.57178497E-02
 4.29047137E-02
 4.26692046E-01
 1.08941961E-01
 8.06547570E-03
 3.27470505E-01
 4.50573422E+00
 1.23691604E-01
 2.09494685E-01
 5.75506244E+00
 2.12318005E-01
 3.71615182E+00
 3.57424068E+00
 1.97828763E-01
 1.03994627E-01
 9.49019142E+00
 9.47902842E-01
 1.46637124E-01
 7.19686199E-02
 8.06746300E-03
 5.86727064E-02
 2.45459970E-02
 2.37958339E-02
 2.48710701E-02
 2.52112147E-02
 3.89351563E-02
 4.38221398E-02
 5.08796464E-02
 7.70994477E-03
 3.85521957E-02
 1.31836579E-02
 2.99210697E-02
 5.72931320E-02
 4.34381381E-02
 2.97761752E-02
 2.35235539E-02
 5.11349139E-02
 2.36149435E-02
 2.66711407E-01
 1.53969432E-01
 3.87726460E-02
 4.33264031E-02
 4.13125266E-02
 1.40306069E-01
 6.60659860E-02
 3.75952235E-02
 6.53640999E-02
 1.20190085E-02
 4.09566485E-02
 5.16674932E-02
 1.91300612E-01
 4.57589392E-02
 7.18275347E-03
 3.62873143E-01
 1.01081735E-01
 9.39037316E-02
 2.63927156E-01
 7.99499008E-03
 1.20310722E-01
 2.70713174E-01
 7.74830664E+00
 2.53580802E-01
 2.76082451E-01
 4.01599715E-01
 3.87321075E+00
 5.77842183E-01
 2.73442931E-01
 1.86540891E+00
 1.90668876E-01
 1.03915417E-01
 1.04845747E-01
 5.86005717E-02
 1.38634183E-01
 4.05916573E-02
 2.20727265E-02
 4.37340228E-02
 5.73885319E-02
 4.35702578E-02
 2.98392928E-02
 1.37108336E-01
 2.51870877E-01
 1.08181840E-01
 4.26792118E-02
 4.00394373E-02
 2.10596533E-02
 3.37773673E-01
 4.78576178E-03
 4.07645668E-02
 5.20566906E-03
 5.12668516E-02
 1.24841115E-01
 7.09162432E-03
 2.92728170E-01
 4.23334819E-02
 1.25097306E-01
 1.55334254E+00
 8.08316054E-01
 1.00063496E-01
 2.22445910E-02
 2.44485754E-02
 4.36401498E-02
 2.66589099E-01
 2.38974482E-02
 3.18165522E-02
 2.37048587E-01
 4.99785186E-02
 2.78333846E-01
 1.56933413E-01
 1.37548971E-01
 6.47185498E-02
 2.37077425E-02
 6.56553916E-02
 9.33111029E-03
 2.36877721E-02
 6.50726022E-02
 9.31722292E-03
 8.91459061E-03
 1.74263756E-01
 1.44251576E-01
 7.02489375E-02
 2.83516682E-01
 1.17233294E-01
 4.33813369E-02
 2.26778350E-02
 7.22849159E-02
 1.29245410E-01
 1.30441624E-01
 2.02858753E-01
 6.06169352E-02
 4.04059073E-02
 7.67173721E-02
 3.28054289E-02
 6.19968155E-02
 1.16594052E-01
 8.38829588E-02
 8.04720834E-03
 5.86322941E-02
 2.45347709E-02
 2.37665073E-02
 6.95457163E-02
 1.07690878E-01
 5.85276029E-02
 1.38373617E-01
 7.92249850E-02
 2.04630465E-02
 2.42738222E-02
 1.25441038E-01
 6.07887884E-02
 2.37565844E-02
 1.28313903E-01
 3.70267860E-01
 2.01657574E-01
 5.98214051E-02
 9.00659037E-02
 2.59085251E-02
 6.19517671E-02
 6.70135547E-02
 3.72853501E-01
 1.39196260E-01
 9.12097156E-02
 5.09278494E-02
 2.59945137E-01
 9.90314026E-03
 2.06009397E-01
 1.78043763E-01
 3.87812127E-02
 4.34043083E-02
 5.07708846E-02
 1.82490482E-01
 1.14156117E-01
 4.29713123E-02
 4.01108018E-02
 1.02002014E-02
 2.33537733E-01
 5.02474483E-02
 5.90822078E-02
 1.04090057E-02
 6.38319003E-02
 4.58937654E-01
 2.47306130E-01
 9.75966459E-02
 1.10975676E-01
 4.44849769E-02
 3.30282331E-02
 6.07718288E-01
 2.72300872E-01
 1.79660062E-01
 9.44984102E-02
 7.99488960E-03
 3.53319643E-01
 2.55909785E-01
 4.85532553E-02
 6.56604905E-02
 8.34509554E-02
 1.49034512E-01
 6.82645445E-02
 1.09876133E-03
 1.38897273E-02
 2.19216028E-02
 4.85093398E-01
 1.89514680E+00
 8.88790054E+00
 3.25934039E-01
 2.10915511E-01
 3.66797788E+00
 9.61796822E-01
 9.18583740E-01
 1.75724802E+00
 4.38228622E-01
 2.51357749E-02
 1.19895130E+00
 3.43958270E+00
 3.16783450E-01
 1.63803700E-01
 7.36171701E-01
 4.76132416E-01
 6.53922988E-01
 5.32921204E-01
 1.23270851E-01
 8.48670819E+00
 6.13218704E-01
 9.63235395E-02
 1.30876896E+00
 3.52273819E+01
 3.09042978E+00
 3.76397186E-02
 6.29768461E-03
 4.87551306E-02
 8.09010565E-03
 6.13866763E-02
 3.80213804E-02
 6.20288316E-02
 1.83662005E-01
 1.66953438E-01
 4.90648146E-02
 3.48584719E-02
 2.65421463E-01
 9.93449316E-03
 1.44683949E-02
 4.94064257E-02
 3.88608577E-02
 4.37596220E-02
 4.69070463E-02
 3.60389072E-02
 4.35792207E-02
 4.13802669E-02
 2.62116457E-01
 6.02831938E-02
 4.62282984E-02
 1.15425848E-01
 2.61847128E-02
 2.01225542E-02
 2.70289290E-01
 3.83448374E-01
 2.76985467E-02
 9.30541706E-02
 3.13309733E-01
 2.04765231E-02
 9.06984414E-02
 6.63184715E-02
 7.96498807E-03
 3.07886386E-01
 2.73522775E-01
 3.31228638E-01
 1.18050828E-01
 3.52467654E-02
 4.24491580E-02
 3.38840804E-01
 1.89361816E-01
 7.70835480E-02
 3.80410648E-01
 9.87102797E-02
 4.86544756E-02
 2.86336168E-01
 2.21182434E+00
 9.52255469E-02
 1.71602532E-01
 1.99281903E+00
 4.52877893E-02
 2.76385249E+00
 2.17182412E+01
 2.09997714E-01
 2.25399575E-02
 1.92754839E-01
 9.94225066E-01
 8.10930352E-02
 1.60318513E-02
 8.06449143E-03
 5.86713541E-02
 2.45407188E-02
 2.37915931E-02
 5.51204650E-02
 4.96150280E-02
 3.89412343E-02
 4.38224870E-02
 5.08801265E-02
 7.72008699E-03
 3.85646765E-02
 1.31880621E-02
 2.99201174E-02
 5.73092573E-02
 4.34452348E-02
 2.97772587E-02
 2.35488512E-02
 5.11299176E-02
 2.36229969E-02
 1.35115682E-01
 4.15734037E-02
 3.87834856E-02
 4.33336184E-02
 1.19498883E-01
 9.12219323E-02
 6.60903958E-02
 3.76296768E-02
 6.53987856E-02
 1.20193073E-02
 4.10021893E-02
 6.02431852E-02
 1.02811257E-01
 1.43340108E-02
 4.33594946E-02
 4.58758085E-02
 6.85010211E-02
 1.07378603E-02
 3.22318998E-01
 3.01421224E-02
 1.55863930E-01
 3.73717281E-01
 4.37017638E+00
 2.87662785E-01
 2.61780578E-01
 1.88533857E+00
 7.55684080E-01
 1.32877089E+00
 2.17758148E+00
 1.75451782E+00
 3.90448170E-01
 4.87254304E-02
 7.13278965E-02
 5.85995056E-02
 1.38639484E-01
 8.78872881E-02
 3.67253876E-02
 4.37376636E-02
 5.74050400E-02
 4.35778443E-02
 2.98405413E-02
 1.37133942E-01
 1.40861556E-01
 4.06513866E-02
 4.27022358E-02
 4.00347775E-02
 7.42344909E-02
 3.08214639E-01
 4.78448800E-03
 4.08258317E-02
 5.20569201E-03
 1.79070525E-01
 5.73255998E-02
 4.35875067E-02
 1.02242121E-01
 5.52373340E-02
 1.60784939E-01
 1.94587846E+00
 1.02571810E+00
 7.90167502E-02
 3.33560196E-02
 2.44567882E-02
 2.91122449E-02
 2.61718109E-01
 2.39349528E-02
 1.06219408E-02
 2.59515140E-01
 4.99874623E-02
 2.48995609E-01
 2.11066370E-01
 1.37570397E-01
 6.47269670E-02
 2.37074031E-02
 6.56608380E-02
 9.32950653E-03
 2.36914962E-02
 6.50628021E-02
 9.31452123E-03
 8.93078119E-03
 1.76965988E-01
 1.44287314E-01
 7.02789701E-02
 3.41726137E-01
 1.57765200E-01
 4.47682718E-02
 3.04883825E-02
 5.00457962E-02
 8.84742246E-02
 6.43068071E-02
 4.40952501E-01
 1.43823899E-01
 4.28089613E-02
 6.41207611E-02
 4.52308430E-02
 3.66616611E-02
 2.34096776E-01
 1.93871315E-01
 2.71231326E-02
 7.59252956E-02
 5.63979988E-02
 3.56583049E-02
 1.51569590E-01
 1.60046129E-01
 7.58356015E-02
 1.40837119E-01
 8.81238068E-02
 9.19741386E-03
 5.59937444E-02
 8.52558431E-02
 3.56780728E-02
 3.55322717E-02
 6.24174154E-02
 4.73972200E-01
 2.37465707E-01
 7.15950618E-02
 9.92639659E-02
 3.14144817E-02
 3.66349032E-02
 9.49580474E-02
 8.04484953E-01
 2.24381326E-01
 6.02503654E-02
 5.63718967E-03
 2.62874355E-01
 2.42780562E-02
 4.50559816E-01
 3.63433978E-01
 4.92018523E-02
 6.07398387E-02
 4.38627083E-02
 3.40964068E-01
 1.99714253E-01
 6.01978787E-02
 2.69424485E-02
 4.63813624E-02
 1.88850912E-01
 4.33864278E-02
 3.44874192E-02
 2.48896538E-02
 9.16562311E-02
 5.98703160E-01
 3.29800914E-01
 1.08218092E-01
 1.30377572E-01
 3.81824998E-02
 6.41830068E-02
 1.29248056E+00
 4.86006920E-01
 1.80119423E-01
 8.64650255E-02
 2.33595417E-03
 7.59431495E-01
 6.00802681E-01
 6.36169223E-02
 8.08842922E-02
 3.81311907E-01
 3.48921670E-01
 8.28061267E-02
 9.17316305E-02
 9.97981769E-02
 3.37132891E-02
 7.91550795E-01
 2.12341671E+00
 5.01327091E+01
 8.51989436E-02
 1.78237271E+00
 1.15298152E+01
 4.19810849E-01
 2.47809134E+00
 1.58563674E+00
 1.11741589E-01
 5.23893429E-01
 1.23611569E+00
 4.81327241E-01
 2.69912006E-01
 4.84556317E-01
 1.78206230E+00
 1.34681392E+00
 6.66392998E-01
 1.45022273E+00
 8.12163565E-01
 3.22403497E+00
 1.82617497E+00
 5.00104365E-02
 9.26090881E-01
 3.31959120E+00
 1.95746545E+00
 3.19907532E-01
 9.66806158E-02
 7.27061372E-02
 5.53714076E-03
 3.81685487E-02
 5.41871687E-02
 3.66851308E-02
 3.81813327E-01
 1.49725894E-01
 2.34074013E-02
 9.06966430E-03
 2.67803809E-01
 2.43735791E-02
 4.23264682E-02
 3.99340365E-02
 4.93242608E-02
 6.11665367E-02
 6.65632325E-02
 1.79455612E-03
 6.09626554E-02
 4.22891593E-02
 2.61666988E-01
 3.53152396E-02
 1.14745142E-01
 8.18352447E-02
 3.67745996E-02
 4.62720296E-02
 2.80648691E-01
 7.00611536E-01
 1.40891997E-02
 1.21929875E-01
 2.97310963E-01
 5.91810417E-02
 8.70385463E-02
 6.61897971E-02
 1.31909158E-02
 2.72857464E-01
 2.52915865E-01
 4.16169972E-02
 1.93550060E-01
 4.86791486E-03
 2.65047714E-03
 9.07315245E-01
 2.96758139E-01
 7.50001292E-02
 2.02424228E-01
 1.10184103E-02
 1.42598866E-02
 1.79473678E-01
 8.07417564E-02
 1.41384528E+00
 2.37427448E-01
 2.54535655E+00
 1.97571504E-01
 1.12120907E+00
 3.08619552E-02
 8.65914815E-01
 1.24725273E-01
 1.42292072E+00
 7.00300298E-01
 8.79293962E-02
 3.78752095E-02
 2.72239036E-02
 7.60681459E-02
 5.64124900E-02
 3.56878160E-02
 9.19287729E-02
 2.38712755E-02
 4.94095759E-02
 6.12291384E-02
 4.40424841E-02
 2.68204155E-02
 4.89715045E-02
 5.84460450E-03
 4.05109828E-02
 7.48290017E-02
 6.08007992E-02
 4.03579590E-02
 5.50237302E-02
 4.43830020E-02
 3.53233139E-02
 1.57647171E-01
 5.01211506E-02
 4.91728992E-02
 6.06445141E-02
 1.58699834E-01
 1.20232100E-01
 6.59171501E-02
 4.78079508E-02
 6.51029922E-02
 1.42341575E-02
 5.80041012E-02
 6.45154975E-03
 1.94062041E-01
 4.28355501E-02
 6.68951106E-02
 3.10673169E-02
 1.00879680E-01
 2.24979934E-02
 3.37096784E-01
 1.37986555E-02
 1.61286409E-01
 6.63844281E-01
 6.63439292E+00
 3.83593109E-01
 1.31516514E+00
 1.59242351E+00
 1.22399583E+00
 1.35950643E+00
 1.25859108E-01
 2.22281568E+00
 6.33615118E-01
 3.63344894E-02
 6.85798251E-02
 7.59965682E-02
 1.41168188E-01
 9.36132867E-02
 7.55644120E-03
 6.11935361E-02
 7.48780977E-02
 6.10064752E-02
 4.04320721E-02
 1.39774867E-01
 1.09622026E-01
 1.56248024E-02
 5.98854380E-02
 2.69090961E-02
 6.70414149E-02
 2.92987511E-01
 9.05628902E-03
 5.78611197E-02
 8.79633331E-03
 2.52160014E-01
 4.83823153E-02
 6.67760949E-02
 1.07854696E-01
 5.70423988E-02
 1.65802717E-01
 2.58593606E+00
 3.41380218E+00
 4.56262110E-02
 4.25387347E-02
 5.61952753E-02
 3.80917021E-02
 2.64917182E-01
 5.54388569E-02
 3.91399268E-02
 2.55888447E-01
 4.31075478E-02
 2.44751166E-01
 2.73794256E-01
 9.49896214E-02
 3.86929818E-02
 3.60555312E-02
 3.93127842E-02
 2.34072704E-02
 3.63836999E-02
 3.89566015E-02
 2.33423401E-02
 2.24515657E-02
 1.53632364E-01
 7.43294894E-02
 9.97329799E-02
 3.25857540E-01
 1.19731095E-01
 4.52985957E-02
 3.77860884E-02
 2.76316619E-02
 4.76961818E-02
 1.83893066E-03
 3.46956780E-01
 5.43477101E-02
 4.39757165E-02
 5.07798588E-02
 5.79056768E-02
 1.13223379E-02
 9.62022655E-02
 4.66505797E-02
 4.62020153E-02
 9.32209107E-02
 8.82660397E-02
 4.75519840E-02
 8.03425593E-02
 5.80178511E-02
 9.31461667E-02
 1.43300881E-01
 4.59199579E-02
 4.94315190E-02
 8.77181197E-02
 4.50646400E-02
 1.05639053E-02
 4.73093825E-02
 3.48758461E-03
 4.29306717E-01
 1.15880218E-01
 8.16535823E-02
 1.07432861E-01
 3.72648830E-02
 1.13142001E-02
 1.22906632E-01
 5.70590843E-01
 2.54507382E-01
 2.68062620E-02
 4.11491319E-02
 2.66300711E-01
 3.86548149E-02
 1.82872832E-01
 3.26952715E-02
 5.96238408E-02
 7.80775282E-02
 3.69537304E-02
 1.91713554E-01
 2.49699177E-02
 7.74263913E-02
 1.37727604E-02
 1.82978441E-04
 2.47879878E-01
 3.65250916E-02
 9.89099479E-03
 3.93711923E-02
 1.19480300E-01
 3.88554913E-01
 5.25392722E-02
 9.24824783E-02
 1.33952329E-01
 2.65974635E-02
 9.53409524E-02
 8.21916882E-01
 3.29448334E-01
 1.16008271E-01
 3.96271972E-02
 2.90534386E-04
 2.78566251E-01
 2.35506769E-03
 1.04849964E-02
 5.50781899E-02
 1.44780373E-01
 2.03074236E-02
 5.61361291E-02
 5.25733397E-03
 5.70754194E-03
 4.55018439E-02
 7.04970839E-01
 1.50487396E+00
 1.87541261E+00
 4.75850333E-01
 1.45141612E+00
 1.02088246E+00
 1.19399488E+00
 9.69922415E-01
 3.10564429E-01
 1.23569301E-01
 2.92694740E-01
 9.19926636E-01
 1.42326965E-01
 2.51678183E-01
 4.88436787E-01
 3.03925323E+00
 9.61694079E-01
 7.14444488E-01
 8.29273181E-01
 9.96796390E-01
 1.31817240E+00
 5.67510814E+00
 4.28609801E-02
 1.91424409E+00
 1.15911701E+00
 7.43653395E-01
 1.98920769E-01
 2.20196076E-01
 1.32925987E-01
 3.43194063E-02
 4.70481865E-02
 5.96512477E-02
 1.13373234E-02
 4.02798738E-01
 5.55585980E-02
 2.25397254E-03
 5.30045110E-02
 2.70186386E-01
 3.88146838E-02
 8.65181625E-03
 2.02411890E-03
 5.97891339E-02
 7.85758675E-02
 2.15208909E-02
 5.19640409E-02
 7.83483790E-02
 6.47860783E-02
 2.67731768E-01
 1.03445095E-02
 3.16881143E-01
 1.20965937E-01
 7.55646834E-03
 4.82511417E-02
 2.69517695E-01
 6.62232079E-01
 2.10353040E-01
 1.50809194E-01
 2.81310334E-01
 7.77380460E-02
 1.48711230E-01
 6.60611869E-02
 9.59347457E-02
 2.77168177E-01
 2.75917133E-01
 1.92226233E-01
 2.63726013E-01
 1.48138082E-01
 7.89083531E-02
 8.59151375E-01
 3.41153201E-02
 9.62648556E-02
 3.31493025E-01
 1.02518011E-01
 1.63699958E-02
 2.58394262E-01
 6.68635839E-01
 1.58787237E+00
 8.24799860E-02
 2.81386700E+00
 2.21395806E-01
 7.81426082E-01
 7.12710008E-01
 3.31488276E+00
 1.01313061E+00
 7.97944324E-01
 3.10840605E-01
 1.19344144E-01
 2.22203391E-02
 4.63861985E-02
 9.34674863E-02
 8.82889038E-02
 4.75858250E-02
 1.24846259E-01
 1.46583137E-03
 5.98793613E-02
 7.86381481E-02
 3.72039064E-02
 4.59234652E-02
 5.93797150E-02
 1.49980917E-03
 5.11030433E-02
 9.23509941E-02
 7.81583738E-02
 5.09395601E-02
 8.65018158E-02
 3.76358326E-02
 4.70237900E-02
 2.29521906E-01
 1.66560464E-02
 5.95635443E-02
 7.79573232E-02
 1.90070074E-01
 1.48419187E-01
 6.57440195E-02
 5.79871762E-02
 6.48074473E-02
 1.64486974E-02
 7.50066832E-02
 5.50341349E-02
 7.43066573E-02
 9.97721382E-02
 1.07539897E-01
 1.24693735E-01
 2.81449164E-02
 3.28719195E-02
 1.89320357E-01
 1.56323633E-02
 6.74483308E-02
 8.07322955E-01
 1.40490936E+01
 1.24422446E+00
 1.70568733E+00
 1.20842699E+00
 3.83645066E-01
 1.61448130E+00
 2.11974098E-01
 3.22772355E+00
 8.09317444E-01
 3.86893322E-02
 4.33241251E-02
 9.33960649E-02
 1.43697181E-01
 9.70013186E-02
 5.15977336E-02
 7.86515688E-02
 9.23533250E-02
 7.84370411E-02
 5.10243797E-02
 1.42416204E-01
 1.08041299E-01
 5.47121179E-02
 7.70701058E-02
 1.37824568E-02
 5.51314813E-02
 2.77262479E-01
 2.28966647E-02
 7.48967815E-02
 2.27966462E-02
 3.20598488E-01
 8.82985221E-02
 1.07208402E-01
 1.03333385E-01
 5.22963988E-03
 7.10873997E-02
 3.35018201E+00
 2.39513970E-01
 1.71437117E-02
 5.92220449E-02
 8.79377510E-02
 4.78515089E-02
 2.68034553E-01
 8.69456584E-02
 5.77568210E-02
 2.67399988E-01
 3.62281693E-02
 2.42084613E-01
 3.34944847E-01
 5.24032727E-02
 1.26560047E-02
 4.84047691E-02
 1.29623268E-02
 3.74863282E-02
 4.90758417E-02
 1.28513559E-02
 3.73702437E-02
 3.59717079E-02
 1.30318305E-01
 4.36242295E-03
 1.29184161E-01
 4.27130629E-01
 1.66682535E-01
 1.43800556E-01
 1.25640323E-01
 6.83421336E-02
 2.28280150E-02
 1.07940108E-01
 3.97352391E-01
 9.12637772E-02
 4.14095070E-02
 3.02860669E-02
 7.40537018E-02
 1.81804826E-02
 1.35788295E-01
 3.18471829E-02
 4.37036992E-02
 8.46778982E-02
 5.95512120E-02
 8.39636951E-02
 1.30018793E-01
 9.80933950E-03
 8.46209720E-02
 7.53128097E-02
 7.42491225E-02
 8.23390245E-02
 5.90807719E-02
 2.50252276E-02
 1.73928100E-02
 8.36029119E-02
 1.09234024E-01
 4.91329684E-01
 9.38954339E-02
 1.37470559E-01
 1.15872927E-01
 4.40793235E-02
 1.78933228E-02
 1.37467378E-01
 5.56101459E-01
 3.35492944E-01
 1.96323932E-03
 7.86446837E-02
 2.36496864E-01
 4.38546865E-02
 1.21562157E-01
 1.48433639E-01
 1.12405239E-01
 1.22156800E-01
 2.29413644E-05
 1.25483891E-01
 1.57201030E-01
 1.21412525E-01
 3.92428994E-04
 3.08069375E-02
 2.52156552E-01
 1.31068511E-04
 1.60764651E-02
 4.45568704E-02
 1.34609020E-01
 5.41279364E-01
 1.21856882E-01
 2.95491600E-01
 2.26929816E-01
 7.49885823E-02
 1.21826759E-01
 8.00578453E-01
 4.11205344E-01
 1.51683554E-01
 4.54686621E-02
 5.38276832E-02
 1.59041788E-01
 2.17466707E-01
 4.62037333E-03
 5.77109923E-02
 7.86937034E-02
 1.70997307E-01
 5.80309122E-02
 7.90257584E-03
 7.90616151E-03
 7.99844332E-02
 1.07501783E+00
 1.61445758E+00
 2.66871446E-01
 1.41238485E+00
 1.59859190E+00
 5.21693927E-01
 1.05701045E+00
 4.67350676E-01
 1.64789819E-01
 1.10889088E-01
 1.31594131E-01
 1.83413465E+00
 4.44902865E-01
 8.72417363E-02
 4.00348074E-01
 5.46236451E+00
 2.14011033E+00
 6.45808158E-01
 6.61184892E-01
 2.66686682E+00
 1.50735110E+00
 9.11394069E-02
 3.13940304E-01
 7.35790258E+00
 1.34337006E+00
 1.40145482E+00
 1.49053773E+01
 2.80318458E-01
 9.50040482E-02
 2.08399115E-02
 1.93133040E-02
 7.80668194E-02
 1.81202984E-02
 3.60791767E-01
 7.44365557E-02
 9.74681128E-02
 1.32638836E-01
 2.54731159E-01
 4.43276009E-02
 6.08982791E-02
 9.71981019E-02
 1.13213476E-01
 1.23121947E-01
 2.92849292E-02
 1.32090824E-01
 1.22906613E-01
 9.08191816E-02
 2.53034893E-01
 1.65928977E-02
 3.21824255E-01
 3.79675305E-02
 4.30705118E-02
 1.00300771E-01
 2.44322852E-01
 5.72227453E-01
 1.99694339E-01
 1.09086277E-01
 1.74753514E-01
 2.05056922E-01
 1.07421129E-01
 3.60202025E-02
 1.93426641E-01
 1.71874934E-01
 2.66842988E-01
 3.15810821E-01
 2.26959564E-01
 2.07281339E-01
 9.20758699E-02
 7.91899039E-01
 2.26217177E-02
 1.17656734E-01
 4.44262672E-01
 8.15704816E-02
 4.56684193E-02
 3.33092692E-01
 9.04245728E-01
 5.31249445E-01
 5.57697427E-01
 5.59847648E-01
 1.01979188E+00
 9.68332523E-01
 1.10605275E+00
 2.41854510E+01
 1.86998598E+00
 5.58046129E-01
 2.54769198E+00
 1.99470175E-01
 8.69571676E-03
 4.38859252E-02
 8.48667998E-02
 5.95551825E-02
 8.40174203E-02
 1.94158370E-01
 9.63937047E-02
 1.13500240E-01
 1.23294926E-01
 3.22012571E-04
 4.34780448E-02
 1.13015601E-01
 8.84517721E-03
 6.16963118E-02
 8.38654245E-02
 1.22940155E-01
 6.15221716E-02
 5.80807467E-02
 9.05787637E-04
 8.31242803E-02
 2.49575940E-01
 6.70961652E-02
 1.12224891E-01
 1.21935494E-01
 3.07405469E-01
 1.05899613E-01
 3.57653209E-02
 1.09438039E-01
 3.49994249E-02
 4.63847973E-02
 1.18096965E-01
 2.11983349E-01
 7.11245181E-02
 1.60522496E-01
 1.50478279E-01
 4.09492261E-01
 2.46066333E-02
 8.40962718E-02
 1.41411766E-01
 4.46276938E-02
 3.46113714E-02
 8.68515679E-01
 3.51441284E-01
 1.23046390E+00
 8.57712112E-01
 8.13195287E-01
 3.08511941E-01
 1.12911180E+00
 4.55713934E-01
 1.21944298E+00
 3.90308765E-01
 1.22724440E-01
 1.40541886E-02
 8.48529882E-02
 7.55669437E-02
 1.19917503E-01
 1.31934214E-01
 1.23412279E-01
 8.39437182E-02
 1.23296665E-01
 6.16176329E-02
 7.46683312E-02
 1.11046332E-01
 1.08903890E-01
 1.20930187E-01
 5.49530615E-04
 1.06887696E-01
 1.71072805E-01
 5.62311944E-02
 1.18008572E-01
 5.61138417E-02
 1.58929860E-01
 8.85169330E-02
 1.49947657E-01
 8.62341596E-02
 2.35607739E-02
 3.76726722E-02
 2.52907802E+00
 7.05883629E-01
 5.89852585E-02
 7.83846431E-02
 5.93449082E-02
 4.79002684E-02
 2.53636867E-01
 5.85792695E-02
 6.13246095E-02
 2.43570596E-01
 2.71136615E-04
 1.79890538E-01
 2.12152442E-01
 2.07671119E-02
 1.78508245E-02
 8.52358036E-02
 1.72073551E-02
 4.25872070E-02
 8.61630205E-02
 1.65350118E-02
 4.13173021E-02
 3.89152292E-02
 4.56827432E-02
 1.06634376E-01
 1.47790304E-01
 4.32896575E-01
 2.69727406E-01
 2.99703623E-01
 2.13854790E-01
 1.32223792E-01
 1.23412042E-01
 2.43486005E-01
 3.37207867E-01
 1.37342513E-02
 5.87177621E-02
 1.11178513E-02
 5.94055722E-02
 2.21037242E-02
 1.58185455E-01
 3.86167647E-02
 7.30107734E-02
 1.15674111E-01
 1.68037317E-02
 1.45379058E-01
 1.33948152E-01
 6.71427422E-02
 1.15111894E-01
 2.72955741E-02
 1.08456255E-01
 7.51188637E-02
 1.62553519E-02
 1.25252692E-01
 2.27452460E-02
 1.44957188E-01
 2.44422540E-01
 3.11769891E-01
 1.46983617E-01
 3.00914372E-01
 1.48569756E-01
 5.08060836E-03
 2.27019347E-02
 1.93840522E-01
 2.82873944E-01
 2.14191122E-01
 3.41365864E-02
 9.40514155E-02
 1.28506631E-01
 4.29586185E-02
 1.86102846E-02
 1.60335926E-01
 1.38324012E-01
 1.45387351E-01
 9.62652230E-02
 9.73994666E-03
 2.04994776E-01
 1.44370919E-01
 8.04562394E-03
 5.13121201E-02
 1.59815765E-01
 9.60001300E-02
 2.48072138E-02
 4.20829834E-02
 1.91613882E-01
 2.84031882E-01
 2.07120440E-01
 5.59509130E-01
 3.17817099E-01
 1.42667049E-01
 1.63646239E-01
 3.45031421E-01
 2.65615126E-01
 2.15707738E-01
 7.12563423E-02
 1.67226826E-01
 2.09212827E-02
 1.81484221E-01
 3.12987867E-02
 1.04770242E-01
 6.33539924E-02
 1.64607858E-01
 1.04491971E-01
 5.81292667E-03
 9.23196997E-02
 1.39237068E-01
 8.92642494E-01
 2.09661132E+00
 1.32073173E-01
 1.24771516E+00
 1.27303316E+00
 3.05171983E-01
 8.58642504E-01
 1.81021689E-02
 1.31350042E-01
 1.96208360E-02
 1.68286527E-02
 2.11241028E+00
 5.84221643E-01
 6.37658870E-01
 2.72279880E-01
 1.20572196E+00
 6.83092167E+00
 3.81010585E-01
 2.60619805E+00
 3.13967439E+00
 3.72934415E-01
 6.38927867E-05
 7.20590948E-01
 1.58838357E+00
 1.05513690E+00
 1.98857183E+00
 1.87013829E+00
 2.07914696E-01
 9.63911328E-02
 6.45681887E-02
 6.85231083E-03
 5.81085334E-02
 2.22136755E-02
 1.75268407E-01
 1.01830806E-01
 1.14809505E-01
 1.82188201E-01
 1.58241569E-01
 4.24791070E-02
 1.09170904E-01
 1.37970877E-01
 1.39581733E-01
 1.46444631E-01
 1.09688901E-01
 1.95222831E-01
 1.45873548E-01
 8.95939724E-02
 1.61755233E-01
 2.39495908E-02
 2.38340022E-02
 6.69082020E-03
 4.60923870E-02
 8.52603384E-02
 1.25833983E-01
 1.66416255E-01
 9.89974190E-02
 1.88572395E-03
 8.06843132E-02
 3.00256932E-01
 4.37303714E-02
 9.27651010E-03
 2.88833669E-01
 1.06293016E-01
 1.88491155E-01
 9.86093936E-02
 1.06951986E-01
 3.11927558E-01
 1.35578608E-01
 1.76324916E-01
 6.70322757E-02
 1.50981211E-01
 5.07814404E-01
 3.04171177E-02
 8.40274364E-02
 3.74870753E-01
 4.29527637E-01
 1.03946109E+00
 1.39208382E+00
 4.97211393E-01
 4.03245641E-01
 9.85158169E-01
 7.96790511E-01
 5.18656758E-01
 5.69357194E+00
 1.40174559E+00
 1.03037102E+00
 1.55821194E-01
 4.20288819E-03
 7.32051476E-02
 1.15756196E-01
 1.67731871E-02
 1.45462333E-01
 1.18115449E-01
 1.38255818E-01
 1.39964478E-01
 1.46617741E-01
 9.62787563E-02
 7.24462759E-02
 1.39462466E-01
 3.30884666E-02
 1.07211336E-01
 1.13741872E-01
 1.45629659E-01
 1.07133204E-01
 1.53503889E-02
 9.58770803E-02
 1.44362567E-01
 1.40385919E-02
 9.09005375E-02
 1.38076001E-01
 1.45154179E-01
 1.56764607E-01
 4.37403944E-02
 9.11730899E-03
 1.34750495E-01
 8.45498312E-03
 8.55620799E-02
 1.41015195E-01
 8.23848075E-02
 1.36938468E-02
 1.14779540E-01
 1.54208530E-01
 2.31181173E-01
 9.09307868E-03
 8.33392700E-02
 7.29784898E-02
 8.26688933E-02
 3.56810047E-02
 4.39914580E-01
 8.17139459E+00
 6.47706574E-01
 3.61840865E-01
 2.35757900E-01
 2.53942188E-01
 2.82635868E+00
 1.23627107E+00
 7.43982410E-01
 1.08816491E+00
 1.09758811E-01
 4.67701890E-02
 1.15317000E-01
 2.73334377E-02
 2.45555287E-02
 1.95824920E-01
 1.46321198E-01
 1.14019608E-01
 1.45958930E-01
 1.07275399E-01
 2.61110391E-02
 5.79955896E-02
 1.63238732E-01
 1.43933638E-01
 8.22544616E-03
 1.78129234E-02
 1.06161756E-01
 5.88464869E-02
 1.41000917E-01
 5.88766116E-02
 2.36428934E-01
 1.10186198E-01
 1.52986020E-01
 2.26093736E-02
 2.11130469E-02
 3.32120411E-02
 1.27654608E-01
 1.77573589E+00
 9.39353349E-02
 7.04570729E-02
 1.65469813E-02
 4.85717568E-02
 1.62566761E-01
 1.58991867E-02
 8.00748478E-02
 1.49524829E-01
 9.58049153E-02
 1.04651944E-01
 1.24232140E-01
 1.24212794E-01
 2.39109024E-02
 1.47052526E-01
 2.52892930E-02
 4.44819369E-02
 1.48256966E-01
 2.69658379E-02
 4.61041692E-02
 4.83240810E-02
 7.65204290E-02
 2.47229819E-01
 2.07773679E-01
