 4.74562809E-02
 4.21404802E-01
 8.24094416E-01
 5.66071002E-01
 3.37042700E-01
 4.20576139E-02
 2.28876267E-01
 4.11250241E-02
 3.99919160E-01
 5.28382437E-01
 5.15170224E-01
 3.14368063E-01
 3.50632538E-03
 6.06312717E-02
 2.93773180E-01
 3.34746241E-01
 3.30618602E-01
 1.65050655E-01
 0.00000000E+00
 1.06214460E-01
 3.61036470E-01
 3.28530061E-01
 2.71289328E-02
 1.79116975E-01
 2.58774663E-01
 1.63250704E-01
 4.48923915E-02
 3.64168259E-03
 0.00000000E+00
 2.28672730E-01
 3.51498312E-01
 1.07380299E+00
 1.65971657E+00
 1.15504103E+00
 5.27698108E-01
 4.37078676E-03
 0.00000000E+00
 1.47137590E-01
 7.82293632E-01
 8.10878904E-01
 6.05100585E-01
 4.86866516E-02
 0.00000000E+00
 1.30418662E-01
 3.41198644E-01
 1.08494519E-01
 1.93697072E-03
 0.00000000E+00
 2.34194721E-01
 2.99153930E-01
 9.39483533E-04
 0.00000000E+00
 2.14308309E-01
 1.55787456E-01
 0.00000000E+00
 6.32364871E-03
 0.00000000E+00
 0.00000000E+00
 5.14533954E-01
 1.44236637E+00
 2.42180731E+00
 1.56796728E+00
 5.86478728E-01
 0.00000000E+00
 5.01383459E-02
 8.24794271E-01
 9.62079250E-01
 5.29454491E-01
 0.00000000E+00
 1.05023534E-01
 2.10316742E-01
 1.68207378E-01
 0.00000000E+00
 1.70556744E-01
 2.93509495E-02
 0.00000000E+00
 1.18857263E-01
 0.00000000E+00
 0.00000000E+00
 9.74688271E+00
 5.03878307E+02
 1.00560658E+01
 7.15877144E-01
 2.72297307E+00
 1.86822423E+00
 1.60137118E-01
 3.37870054E+00
 5.24632470E+01
 0.00000000E+00
 1.60947476E+01
 4.73714832E+00
 1.12227329E+01
 1.54410849E+01
 0.00000000E+00
 7.18254696E+00
 1.27335676E+00
 0.00000000E+00
 1.28312607E-01
 0.00000000E+00
 3.30796824E+02
 1.99560790E+00
 0.00000000E+00
 3.38254463E+00
 0.00000000E+00
 0.00000000E+00
 4.28571226E+00
 1.51049861E-01
 2.81312620E-01
 5.05171052E-01
 4.96632409E-01
 3.06117198E-01
 3.50098495E-03
 1.09959081E-01
 2.21587982E-01
 1.85835182E-01
 2.43453827E-01
 1.72527347E-01
 0.00000000E+00
 2.80919247E-01
 1.81763429E-01
 1.08558747E-01
 2.38782650E-03
 3.63077924E-01
 2.38510993E-01
 1.70474079E-03
 2.59547365E-01
 1.74484339E-01
 4.21625205E-03
 7.36411807E-02
 5.43276837E-01
 7.62032917E-01
 5.66555506E-01
 6.57764495E-02
 1.99870214E-01
 2.07203362E-01
 9.57069328E-02
 2.69139232E-01
 3.16610520E-01
 9.27531961E-02
 1.88447957E-03
 3.05518641E-01
 2.71373022E-01
 1.48796911E-01
 2.64871915E+00
 6.84823255E-01
 1.11274660E+00
 5.85794699E-01
 2.30552432E-01
 1.44405465E-01
 7.39538378E-02
 4.50376054E-01
 6.23531903E-02
 0.00000000E+00
 2.20804570E-01
 3.02426616E+00
 5.80999924E+00
 2.10075821E+01
 6.36555053E+00
 2.91311215E+00
 1.51773546E+01
 1.42151391E+01
 5.78295326E-01
 0.00000000E+00
 3.63403378E+00
 8.72611136E+00
 6.35242559E-02
 3.07494456E-01
 3.37766767E-01
 3.32154939E-01
 1.65479103E-01
 0.00000000E+00
 2.70287294E-01
 1.83407970E-01
 1.10245585E-01
 3.32006382E-03
 0.00000000E+00
 3.30945261E-01
 1.06359848E-01
 1.23329678E-01
 0.00000000E+00
 3.23935486E-01
 2.21838732E-06
 0.00000000E+00
 1.61946055E-01
 0.00000000E+00
 0.00000000E+00
 1.35418465E-01
 3.65862847E-01
 1.10077408E-01
 2.75403344E-03
 2.94610614E-01
 9.34432951E-02
 3.01575372E-03
 1.05741136E-01
 1.33697839E-03
 0.00000000E+00
 9.99714149E-04
 1.49294919E+01
 4.46494311E-01
 1.30670070E-01
 0.00000000E+00
 4.20203564E-01
 1.12691890E-02
 0.00000000E+00
 7.77131242E-02
 0.00000000E+00
 0.00000000E+00
 7.36541654E+00
 3.21290755E+00
 0.00000000E+00
 4.32199197E+00
 0.00000000E+00
 0.00000000E+00
 5.59065159E+00
 0.00000000E+00
 0.00000000E+00
 0.00000000E+00
 1.11200843E-01
 3.77291200E-01
 3.30760303E-01
 2.78028190E-02
 3.56529790E-01
 2.39937639E-01
 2.73812129E-03
 3.24943792E-01
 1.41977234E-04
 0.00000000E+00
 2.50127055E-02
 2.42491048E-01
 3.28729506E-01
 1.49821661E-03
 0.00000000E+00
 2.90030116E-01
 2.71215855E-01
 0.00000000E+00
 1.19456492E-03
 0.00000000E+00
 5.29258181E-01
 1.93174236E-01
 0.00000000E+00
 1.92276404E-01
 0.00000000E+00
 0.00000000E+00
 5.06129415E-01
 0.00000000E+00
 1.82994992E-01
 2.66741878E-01
 1.64719092E-01
 2.59017743E-01
 1.73396976E-01
 1.63384106E-01
 2.19896115E-01
 1.42391305E-01
 0.00000000E+00
 1.53040402E-01
 4.34174866E+00
 4.66364990E-02
 5.95689514E-03
 0.00000000E+00
 7.12129328E-03
 0.00000000E+00
 0.00000000E+00
 1.15296888E-02
 0.00000000E+00
 0.00000000E+00
 0.00000000E+00
 2.37981598E-01
 0.00000000E+00
 4.02607291E-01
 1.03963985E-02
 4.74672249E-01
 1.27353614E-01
 8.11820310E-02
 3.34661078E-01
 4.58499703E-01
 4.88833137E-01
 1.06012670E-01
 1.93856619E-01
 2.52121559E-01
 1.59396843E-01
 1.96538299E-01
 2.61220372E-01
 5.68114801E-02
 1.00443312E-01
 2.44464786E-01
 1.95371984E-01
 0.00000000E+00
 3.10229201E-01
 1.47452194E-01
 2.42195650E-01
 8.13561127E-02
 6.66490337E-02
 1.18961926E-01
 1.93303073E-01
 3.32787640E-01
 1.95560859E-01
 0.00000000E+00
 4.56307847E-01
 2.80346748E-01
 4.77685876E-01
 1.25639013E+00
 8.12170578E-01
 3.47017665E-01
 1.96935927E-01
 0.00000000E+00
 5.24841866E-01
 5.32314407E-01
 5.68840462E-01
 6.12766854E-01
 1.43340440E-01
 0.00000000E+00
 2.22400766E-01
 2.91642082E-01
 7.76277678E-02
 2.49759593E-01
 0.00000000E+00
 7.29390920E-02
 4.01042433E-01
 2.47359480E-01
 0.00000000E+00
 4.61919350E-02
 2.23715007E-01
 0.00000000E+00
 1.96395477E-01
 0.00000000E+00
 0.00000000E+00
 5.10494973E-01
 4.39523921E-01
 1.82826437E+00
 1.24927436E+00
 5.46795754E-01
 0.00000000E+00
 9.61056831E-01
 4.70790917E-01
 6.98777838E-01
 6.51850634E-01
 0.00000000E+00
 2.39464841E-01
 3.15935994E-01
 1.42924208E-01
 0.00000000E+00
 1.80218232E-03
 3.24300113E-01
 0.00000000E+00
 1.24815050E-01
 0.00000000E+00
 0.00000000E+00
 1.20214759E+01
 6.92711169E+00
 5.70770003E+00
 3.84940626E-01
 1.92002749E+00
 1.21532580E+00
 2.57689802E-01
 4.07761725E+00
 8.74331452E+01
 0.00000000E+00
 3.12056974E+01
 2.13093083E+00
 1.28597549E+01
 8.04394260E+00
 0.00000000E+00
 1.29517225E+00
 5.24575239E-01
 0.00000000E+00
 6.51172993E+00
 0.00000000E+00
 5.54270384E-01
 6.30678202E+00
 0.00000000E+00
 1.03798729E+00
 0.00000000E+00
 0.00000000E+00
 3.82225607E+00
 6.91961595E-01
 3.95080190E-02
 2.74212654E-01
 2.91122515E-01
 1.68245205E-01
 1.96507411E-01
 2.69588288E-01
 1.61515744E-02
 1.74200357E-02
 3.09135521E-01
 2.50665869E-01
 0.00000000E+00
 3.11087642E-02
 1.65741080E-02
 7.79410915E-02
 2.51160695E-01
 1.54306086E-01
 3.06227374E-01
 2.49539134E-01
 1.23282722E-01
 2.51870880E-01
 1.95269006E-01
 9.31501993E-01
 2.41647519E-01
 7.29844865E-01
 6.90960979E-01
 1.25777322E-01
 2.26945551E-01
 1.90990074E-01
 2.39449800E-01
 4.22557902E-01
 2.35726541E-01
 2.40378240E-01
 1.32734459E-01
 4.10264348E-01
 4.25416281E-01
 2.12949136E-01
 1.34669506E+00
 3.00498120E-01
 1.18159111E+00
 8.73570118E-01
 1.55656926E-01
 1.13122099E-01
 1.26967048E-01
 7.18337156E-01
 1.63470046E-01
 0.00000000E+00
 6.58072923E-01
 1.75877453E+00
 8.36696652E+00
 1.50056457E+01
 1.09650434E+01
 3.37933168E+00
 1.42910220E+01
 1.10152349E+00
 9.15205751E+00
 0.00000000E+00
 6.42703227E+00
 4.79312747E+00
 3.61387794E-01
 3.22264191E-02
 1.00999980E-01
 2.44308555E-01
 1.95333876E-01
 0.00000000E+00
 2.05826691E-02
 1.65663617E-02
 7.80457134E-02
 2.50948856E-01
 0.00000000E+00
 1.00070370E-01
 7.65075089E-02
 6.73947249E-02
 0.00000000E+00
 2.39781478E-01
 2.48558458E-01
 0.00000000E+00
 1.92800593E-01
 0.00000000E+00
 0.00000000E+00
 4.22237679E-01
 2.43041322E-01
 7.75576101E-02
 2.49294210E-01
 1.33041462E-01
 2.41426930E-01
 1.32730297E-01
 7.54009541E-02
 1.33665673E-01
 0.00000000E+00
 2.44923474E-01
 4.28564415E-01
 3.81013032E-01
 1.37455121E-01
 0.00000000E+00
 4.80508950E-01
 2.34912695E-01
 0.00000000E+00
 3.12504523E-01
 0.00000000E+00
 0.00000000E+00
 1.62101381E+01
 3.80659937E+00
 0.00000000E+00
 4.79438494E+00
 0.00000000E+00
 0.00000000E+00
 1.71035279E+01
 0.00000000E+00
 0.00000000E+00
 0.00000000E+00
 3.64500904E-01
 1.47523820E-01
 2.42395680E-01
 8.20752378E-02
 1.21419613E-01
 3.06123963E-01
 2.49313128E-01
 2.40352135E-01
 2.48513388E-01
 0.00000000E+00
 8.28072621E-02
 1.82405313E-01
 4.00654333E-01
 2.46006299E-01
 0.00000000E+00
 3.43306021E-01
 4.27278562E-01
 0.00000000E+00
 2.44054815E-01
 0.00000000E+00
 1.05372864E-01
 4.03355595E-01
 0.00000000E+00
 4.90860140E-01
 0.00000000E+00
 0.00000000E+00
 1.53988497E-01
 0.00000000E+00
 8.03886099E-02
 1.23401786E-01
 1.94493851E-01
 1.14614794E-01
 2.50942282E-01
 1.94552033E-01
 1.63301094E-02
 2.17138599E-01
 0.00000000E+00
 2.33807611E-01
 1.50220101E-01
 3.32126252E-01
 1.96547554E-01
 0.00000000E+00
 1.96716059E-01
 0.00000000E+00
 0.00000000E+00
 1.99412432E-01
 0.00000000E+00
 0.00000000E+00
 0.00000000E+00
 4.59976120E-01
 0.00000000E+00
 8.12480935E-01
 6.51638827E-01
 2.63623979E-01
 6.48756993E-01
 3.09099706E-01
 6.21304829E-01
 6.67169726E-01
 8.35304532E-01
 1.23145336E-01
 1.60451317E-01
 2.33003738E-01
 1.57082900E-01
 4.69023302E-01
 4.84330452E-01
 1.42093667E-01
 1.82872961E-01
 6.80341580E-02
 5.78225108E-02
 0.00000000E+00
 7.74323255E-01
 2.51832420E-01
 6.96338980E-02
 4.13631400E-01
 3.50503884E-01
 1.69027871E-01
 5.60365787E-02
 6.15799033E-01
 4.67206050E-01
 0.00000000E+00
 6.63797808E-01
 1.17630272E+00
 7.71171737E-01
 7.47135605E-02
 2.97829715E-01
 1.76908994E-01
 4.68551128E-01
 0.00000000E+00
 1.14049011E+00
 2.91536665E-01
 2.36607081E-01
 3.19798261E-01
 3.85478581E-01
 0.00000000E+00
 5.20262198E-01
 2.69721515E-01
 3.05812272E-02
 3.15029890E-01
 0.00000000E+00
 5.61715633E-01
 2.75820261E-01
 3.11838293E-01
 0.00000000E+00
 2.68261777E-01
 4.12088842E-01
 0.00000000E+00
 4.64511016E-01
 0.00000000E+00
 0.00000000E+00
 2.06267589E+00
 1.73910868E+00
 3.70162924E-01
 2.36432527E-01
 2.34697532E-02
 0.00000000E+00
 2.07013102E+00
 9.73169850E-02
 1.06021935E-01
 3.97993318E-01
 0.00000000E+00
 6.77729400E-01
 2.99058321E-01
 2.69075021E-01
 0.00000000E+00
 4.41760219E-01
 3.69804082E-01
 0.00000000E+00
 5.19728205E-02
 0.00000000E+00
 0.00000000E+00
 6.51592240E+01
 1.17076903E+01
 2.33950088E-01
 5.75190578E-01
 2.51485161E+00
 3.20921799E+00
 1.51358926E-01
 4.02908032E+00
 6.51158499E+01
 0.00000000E+00
 1.47208551E+01
 6.27647203E+00
 1.60341438E+01
 1.74927550E+00
 0.00000000E+00
 5.35290935E+00
 2.04822355E-01
 0.00000000E+00
 1.56105135E+01
 0.00000000E+00
 2.18920834E+00
 3.14468159E+00
 0.00000000E+00
 7.15912523E+00
 0.00000000E+00
 0.00000000E+00
 1.33859405E+01
 1.18613797E+00
 3.87087018E-01
 1.28516489E-01
 2.26984005E-01
 1.60281432E-01
 4.69016645E-01
 4.97805977E-01
 6.95394370E-02
 4.08320197E-02
 1.95090189E-01
 4.34366928E-01
 0.00000000E+00
 1.65308413E-01
 3.91695852E-02
 3.06867875E-02
 3.16889887E-01
 2.30209994E-01
 1.95458843E-01
 3.14754323E-01
 1.58275171E-01
 4.33888563E-01
 4.65731678E-01
 1.84318116E+00
 2.35581068E-01
 3.00859855E-01
 3.31997119E-01
 3.92074301E-01
 4.68877404E-01
 2.53478176E-01
 4.38327084E-01
 7.22958902E-01
 2.14800019E-01
 4.36848313E-01
 2.32721593E-01
 3.07688487E-01
 7.24808822E-01
 3.93052018E-01
 2.89653326E+00
 6.57045792E-01
 3.59877441E-01
 4.49746542E-01
 5.80686627E-01
 1.88365857E-01
 3.47003546E-01
 8.27696499E-01
 2.04937974E-01
 0.00000000E+00
 8.22428765E-01
 1.76192053E+00
 8.83909825E+00
 9.69980657E+00
 1.64980001E+01
 3.51981801E+00
 1.40193874E+01
 2.75050736E-01
 1.24466077E+01
 0.00000000E+00
 2.56304651E+01
 1.95963655E+00
 8.10801908E-01
 2.63434993E-01
 1.82587489E-01
 6.84084122E-02
 5.78261649E-02
 0.00000000E+00
 3.01098661E-01
 3.94864496E-02
 3.07884985E-02
 3.16559325E-01
 0.00000000E+00
 1.80150802E-01
 3.04595205E-02
 1.57842515E-01
 0.00000000E+00
 6.86969835E-02
 3.15242954E-01
 0.00000000E+00
 5.67165328E-02
 0.00000000E+00
 0.00000000E+00
 1.17400637E+00
 2.81792994E-02
 3.05931234E-02
 3.14421864E-01
 5.59680431E-02
 4.38489385E-01
 2.32770632E-01
 3.01841499E-02
 2.32825592E-01
 0.00000000E+00
 3.10719477E-01
 1.63959762E+00
 8.73754672E-02
 1.46191069E-01
 0.00000000E+00
 2.12972922E-01
 4.50932896E-01
 0.00000000E+00
 3.13569995E-01
 0.00000000E+00
 0.00000000E+00
 9.50394792E+01
 3.42705614E+00
 0.00000000E+00
 4.24297367E+00
 0.00000000E+00
 0.00000000E+00
 1.06129845E+01
 0.00000000E+00
 0.00000000E+00
 0.00000000E+00
 9.59351018E-01
 3.03384491E-01
 7.00371240E-02
 4.14639463E-01
 3.15371459E-01
 1.94764101E-01
 3.14286802E-01
 6.85979390E-02
 3.15014271E-01
 0.00000000E+00
 4.13212483E-01
 9.33743788E-01
 1.72837924E-01
 3.09934200E-01
 0.00000000E+00
 1.36720821E-01
 7.27816678E-01
 0.00000000E+00
 3.09528801E-01
 0.00000000E+00
 1.00271772E+00
 1.91898918E-01
 0.00000000E+00
 4.12221090E-01
 0.00000000E+00
 0.00000000E+00
 3.21789492E+00
 0.00000000E+00
 4.06755262E-01
 1.80879560E-01
 5.73651428E-02
 1.84170491E-01
 4.32696694E-01
 5.86858001E-02
 3.83677994E-01
 4.38186446E-01
 0.00000000E+00
 4.48477669E-01
 1.56691509E-01
 6.12864905E-01
 4.66885455E-01
 0.00000000E+00
 4.65797674E-01
 0.00000000E+00
 0.00000000E+00
 4.64490610E-01
 0.00000000E+00
 0.00000000E+00
 0.00000000E+00
 6.62206062E-01
 0.00000000E+00
 6.27784392E-01
 7.57245528E-01
 1.59572638E-01
 6.61892920E-01
 3.24739392E-01
 6.76265818E-01
 6.41881364E-01
 6.57410261E-01
 4.32083308E-02
 4.89976111E-02
 3.33171780E-01
 3.00777882E-01
 6.05915582E-01
 1.65591053E-01
 5.96164537E-02
 1.16031807E-01
 8.27651364E-02
 9.47655655E-02
 0.00000000E+00
 6.69840744E-01
 3.76156111E-01
 8.37615675E-02
 4.23882736E-01
 3.26172203E-01
 3.17991210E-01
 9.30787219E-02
 6.71183370E-01
 6.04430489E-01
 0.00000000E+00
 6.39720462E-01
 1.01860543E+00
 1.06812403E+00
 1.32913274E-01
 5.39492433E-01
 3.67756233E-01
 6.04773151E-01
 0.00000000E+00
 8.65566280E-01
 5.48220460E-01
 4.82694692E-01
 3.03317649E-01
 4.97055198E-01
 0.00000000E+00
 1.42139491E-01
 4.57207350E-01
 5.88024282E-02
 3.09791245E-01
 0.00000000E+00
 5.61914137E-01
 2.09671457E-01
 3.06708814E-01
 0.00000000E+00
 3.75251934E-01
 5.35773490E-01
 0.00000000E+00
 5.98933239E-01
 0.00000000E+00
 0.00000000E+00
 2.03789936E+00
 2.50263955E+00
 6.13488609E-01
 4.78459451E-01
 1.49801056E-02
 0.00000000E+00
 2.02390059E+00
 2.29211952E-01
 2.12313046E-01
 4.33232661E-01
 0.00000000E+00
 3.23887093E-01
 2.84869035E-01
 4.62364438E-01
 0.00000000E+00
 3.62738891E-01
 2.93828713E-01
 0.00000000E+00
 1.83543735E-02
 0.00000000E+00
 0.00000000E+00
 3.09955454E+01
 1.43505442E+01
 1.29791262E+00
 7.52110981E-01
 4.30957019E+00
 1.62235461E+00
 2.71029223E-01
 4.60526548E+00
 4.70034905E-01
 0.00000000E+00
 2.19894631E-01
 1.62028446E+01
 1.90277561E+01
 7.00777273E-01
 0.00000000E+00
 9.82337274E-01
 1.55411329E+01
 0.00000000E+00
 5.29276133E+01
 0.00000000E+00
 3.97308457E+00
 3.88173299E+01
 0.00000000E+00
 2.12090387E+00
 0.00000000E+00
 0.00000000E+00
 4.39545451E+00
 1.05781903E+00
 3.31844078E-01
 3.83288073E-02
 3.41801032E-01
 3.06712000E-01
 6.05964626E-01
 2.83697377E-01
 3.91738743E-01
 7.19010503E-02
 1.14932630E-01
 5.64052758E-01
 0.00000000E+00
 3.69521927E-02
 7.29770888E-02
 5.77803642E-02
 3.10964149E-01
 3.15489204E-01
 1.16582008E-01
 3.08931378E-01
 2.95260697E-01
 5.62487378E-01
 6.02111565E-01
 1.66736458E+00
 2.74652387E-02
 5.04041709E-01
 2.85922809E-01
 5.09172301E-01
 5.81397629E-02
 3.34965966E-01
 2.39136322E-01
 9.24373654E-01
 4.95614503E-01
 2.38635360E-01
 9.56540420E-02
 3.18828264E-01
 9.25528652E-01
 4.94277899E-01
 3.00953525E+00
 8.15079100E-01
 4.12807254E-01
 4.26536224E-01
 3.49956526E-01
 6.67208320E-02
 2.50771855E-01
 9.34556945E-01
 1.27751309E-01
 0.00000000E+00
 8.59354078E-01
 4.75005550E+00
 9.77755018E+00
 8.08241093E+00
 2.48621755E+01
 2.70720414E+00
 1.50270471E+01
 2.31055401E+00
 2.99272046E+01
 0.00000000E+00
 5.86766600E+00
 9.71715229E-01
 8.54113858E-01
 4.17185046E-01
 1.15453412E-01
 8.29134898E-02
 9.48512909E-02
 0.00000000E+00
 2.54539196E-01
 7.27575064E-02
 5.77434290E-02
 3.10544194E-01
 0.00000000E+00
 1.14208674E-01
 5.66662335E-02
 2.70540504E-01
 0.00000000E+00
 8.30084871E-02
 3.08834391E-01
 0.00000000E+00
 9.34141425E-02
 0.00000000E+00
 0.00000000E+00
 1.52250798E+00
 2.58339227E-01
 5.89920218E-02
 3.09299547E-01
 6.17564735E-02
 2.40001393E-01
 9.58094454E-02
 5.99982585E-02
 9.57075505E-02
 0.00000000E+00
 3.07260581E-01
 2.43358774E+00
 7.98532181E-01
 3.44160022E-01
 0.00000000E+00
 5.03611979E-03
 3.95456209E-01
 0.00000000E+00
 5.51999097E-02
 0.00000000E+00
 0.00000000E+00
 9.99296627E-02
 2.39397171E+00
 0.00000000E+00
 3.33828069E+00
 0.00000000E+00
 0.00000000E+00
 9.05423543E-01
 0.00000000E+00
 0.00000000E+00
 0.00000000E+00
 1.06017505E+00
 5.63985060E-01
 8.39786953E-02
 4.24734122E-01
 4.51340735E-01
 1.16197999E-01
 3.08348861E-01
 8.28956859E-02
 3.08575370E-01
 0.00000000E+00
 4.23431186E-01
 1.34666690E+00
 1.67184303E-01
 3.04917816E-01
 0.00000000E+00
 4.70502382E-02
 9.28160772E-01
 0.00000000E+00
 3.06293282E-01
 0.00000000E+00
 1.58633361E+00
 2.94660167E-01
 0.00000000E+00
 2.42656033E-01
 0.00000000E+00
 0.00000000E+00
 1.68215775E+00
 0.00000000E+00
 4.53058904E-01
 3.76705023E-01
 9.46193199E-02
 3.38343341E-01
 5.60474913E-01
 9.56346196E-02
 6.32882342E-01
 6.56348319E-01
 0.00000000E+00
 5.84016537E-01
 2.94475965E-01
 6.66823015E-01
 6.03238127E-01
 0.00000000E+00
 6.01296035E-01
 0.00000000E+00
 0.00000000E+00
 5.96755629E-01
 0.00000000E+00
 0.00000000E+00
 0.00000000E+00
 6.36347728E-01
 0.00000000E+00
 3.87260833E-01
 8.08376446E-01
 1.55663120E-01
 7.35137564E-01
 3.60421854E-01
 7.31233664E-01
 6.16589944E-01
 7.25707273E-01
 6.02179853E-02
 2.37703536E-02
 4.85118899E-01
 4.61753929E-01
 7.42823370E-01
 9.50297681E-02
 3.36512963E-02
 4.91831758E-02
 9.74977385E-02
 1.31712360E-01
 0.00000000E+00
 7.14492903E-01
 4.94012342E-01
 9.78906137E-02
 4.34134972E-01
 3.51657301E-01
 4.64801145E-01
 1.30123593E-01
 7.26571528E-01
 7.41662075E-01
 0.00000000E+00
 6.15642315E-01
 7.49040169E-01
 1.25586947E+00
 3.91959000E-01
 9.01744276E-01
 5.98832758E-01
 7.41008813E-01
 0.00000000E+00
 1.08455137E+00
 6.10353275E-01
 5.55666283E-01
 1.82858916E-01
 6.43334708E-01
 0.00000000E+00
 2.62549707E-01
 6.66375858E-01
 8.70257380E-02
 3.04552402E-01
 0.00000000E+00
 8.62214216E-01
 1.56571361E-01
 3.01579397E-01
 0.00000000E+00
 5.82747687E-01
 6.55081552E-01
 0.00000000E+00
 7.33349741E-01
 0.00000000E+00
 0.00000000E+00
 1.82953114E+00
 3.02841720E+00
 1.04381042E+00
 8.32805099E-01
 9.09092997E-02
 0.00000000E+00
 2.70266709E+00
 5.39758259E-01
 2.02373217E-01
 3.98601977E-01
 0.00000000E+00
 7.44439006E-01
 3.96841615E-01
 5.36264028E-01
 0.00000000E+00
 7.51728880E-01
 2.94236291E-01
 0.00000000E+00
 6.90687673E-02
 0.00000000E+00
 0.00000000E+00
 2.30497864E+01
 1.50835941E+01
 2.02705648E+00
 8.79138942E-01
 8.21343166E+00
 1.41671372E-01
 7.33193275E-01
 2.62725935E+00
 1.60357889E+00
 0.00000000E+00
 3.61945309E+00
 1.43517260E+02
 1.07992091E+01
 1.27432353E-01
 0.00000000E+00
 3.73855972E+00
 9.93394426E+00
 0.00000000E+00
 8.00300792E+00
 0.00000000E+00
 6.42216740E+00
 1.57653907E+01
 0.00000000E+00
 2.60198117E+00
 0.00000000E+00
 0.00000000E+00
 1.98700111E+00
 6.97796275E-01
 8.31203124E-02
 5.87787314E-02
 4.52484741E-01
 4.51776590E-01
 7.42927931E-01
 2.31266875E-01
 6.35158908E-01
 1.84646442E-01
 3.47666525E-02
 6.93751400E-01
 0.00000000E+00
 6.76594058E-02
 1.85134868E-01
 8.48764269E-02
 3.05037965E-01
 4.96445712E-01
 3.76992599E-02
 3.03108192E-01
 4.64254358E-01
 6.91091004E-01
 7.38492635E-01
 1.02658460E+00
 5.69068038E-01
 7.21117406E-01
 2.48176598E-01
 6.23499456E-01
 2.60245817E-01
 7.64971640E-01
 3.99328305E-02
 1.12579872E+00
 4.56117797E-01
 4.04150027E-02
 4.14161474E-02
 1.36732510E-01
 1.12624341E+00
 6.60442496E-01
 2.44071443E+00
 4.00558367E-01
 5.19143050E-01
 4.35427448E-01
 6.15815311E-01
 9.82808822E-02
 1.30052510E-01
 4.97037151E-01
 5.38129925E-02
 0.00000000E+00
 5.65279689E-01
 6.73407305E+00
 1.47625211E+01
 7.54881020E+00
 3.56003617E+01
 1.96662063E+00
 2.29879251E+01
 3.58823938E+00
 4.35112565E+00
 0.00000000E+00
 2.72921975E-01
 1.63255296E+00
 4.22717198E-01
 2.53643436E-01
 4.83120987E-02
 9.74200851E-02
 1.31880022E-01
 0.00000000E+00
 1.20270523E-01
 1.85012229E-01
 8.47007557E-02
 3.04528655E-01
 0.00000000E+00
 4.82611438E-02
 8.28748495E-02
 3.83244609E-01
 0.00000000E+00
 9.73205236E-02
 3.02425956E-01
 0.00000000E+00
 1.30111790E-01
 0.00000000E+00
 0.00000000E+00
 9.16758426E-01
 9.33598009E-02
 8.73926643E-02
 3.04177213E-01
 3.56188055E-01
 4.15082931E-02
 4.11526188E-02
 8.98122972E-02
 4.14043868E-02
 0.00000000E+00
 3.03803075E-01
 1.78230434E+00
 5.58874541E-01
 5.02108791E-01
 0.00000000E+00
 1.12164932E-01
 3.15324797E-01
 0.00000000E+00
 2.09702836E-01
 0.00000000E+00
 0.00000000E+00
 3.80992281E-01
 2.07617510E+00
 0.00000000E+00
 3.27303326E+00
 0.00000000E+00
 0.00000000E+00
 6.10197406E-01
 0.00000000E+00
 0.00000000E+00
 0.00000000E+00
 8.75914389E-01
 6.33998746E-01
 9.79214587E-02
 4.34829540E-01
 5.34608266E-01
 3.76267822E-02
 3.02410803E-01
 9.71938447E-02
 3.02136697E-01
 0.00000000E+00
 4.33649410E-01
 1.18512910E+00
 1.22743368E-01
 2.99901890E-01
 0.00000000E+00
 6.39911535E-02
 1.12849209E+00
 0.00000000E+00
 3.03059424E-01
 0.00000000E+00
 1.29419409E+00
 2.03943418E-01
 0.00000000E+00
 2.65396824E-01
 0.00000000E+00
 0.00000000E+00
 3.33200180E+00
 0.00000000E+00
 4.04285393E-01
 5.08953102E-01
 1.31875754E-01
 4.74927036E-01
 6.88255546E-01
 1.32583015E-01
 6.89901541E-01
 7.45754252E-01
 0.00000000E+00
 6.83757566E-01
 1.36326382E-01
 7.20783953E-01
 7.39595472E-01
 0.00000000E+00
 7.36792979E-01
 0.00000000E+00
 0.00000000E+00
 7.29002157E-01
 0.00000000E+00
 0.00000000E+00
 0.00000000E+00
 6.10488374E-01
 0.00000000E+00
 4.93437295E-01
 9.20232271E-01
 3.01871105E-01
 8.21262415E-01
 3.88270685E-01
 7.31264220E-01
 6.16594770E-01
 9.07234909E-01
 1.92831482E-01
 4.67581291E-02
 4.99164826E-01
 4.66842518E-01
 7.42861592E-01
 2.09716844E-01
 7.06502532E-02
 4.91984340E-02
 9.75072937E-02
 1.31718561E-01
 0.00000000E+00
 7.83398183E-01
 5.56721476E-01
 9.78844338E-02
 4.34127686E-01
 3.74718512E-01
 4.85780798E-01
 1.30136081E-01
 7.26628965E-01
 7.41691816E-01
 0.00000000E+00
 6.15687406E-01
 9.61813760E-01
 1.48007526E+00
 6.85141330E-01
 1.07446179E+00
 6.54699840E-01
 7.41036616E-01
 0.00000000E+00
 1.44861916E+00
 3.44283697E-01
 5.09572284E-01
 1.54738515E-01
 6.53497643E-01
 0.00000000E+00
 4.92803519E-01
 4.56822440E-01
 8.70275025E-02
 3.04572063E-01
 0.00000000E+00
 1.00066663E+00
 3.03801252E-02
 3.01616837E-01
 0.00000000E+00
 6.29131378E-01
 6.97413178E-01
 0.00000000E+00
 7.33322041E-01
 0.00000000E+00
 0.00000000E+00
 2.13891227E+00
 3.28448966E+00
 1.36466044E+00
 1.02176521E+00
 1.51409544E-01
 0.00000000E+00
 3.27913625E+00
 9.09046547E-01
 1.88309300E-01
 3.88540110E-01
 0.00000000E+00
 1.15844320E+00
 4.95500012E-02
 5.58790015E-01
 0.00000000E+00
 1.00688963E+00
 8.00825578E-02
 0.00000000E+00
 1.55563001E-01
 0.00000000E+00
 0.00000000E+00
 1.09549833E+01
 1.40011331E+01
 2.22512730E+00
 9.14839318E-01
 1.07604713E+01
 2.14662087E+00
 1.19332996E+00
 9.58582017E-01
 3.31738552E-01
 0.00000000E+00
 4.91738807E-01
 2.66499538E+01
 6.64530790E+00
 2.50744376E+01
 0.00000000E+00
 6.71916666E+00
 1.30225769E+00
 0.00000000E+00
 2.70268392E+00
 0.00000000E+00
 1.14780723E+01
 6.30003556E+00
 0.00000000E+00
 5.04542672E+00
 0.00000000E+00
 0.00000000E+00
 3.50801808E+00
 5.73530999E-01
 3.88221997E-02
 4.64580576E-02
 4.59316642E-01
 4.53110065E-01
 7.42965261E-01
 2.65883320E-01
 6.20101662E-01
 1.84632704E-01
 3.47662615E-02
 6.93769829E-01
 0.00000000E+00
 5.96166860E-02
 1.85101297E-01
 8.48657929E-02
 3.05041781E-01
 4.91589796E-01
 3.77249505E-02
 3.03124010E-01
 4.62630367E-01
 6.91073971E-01
 7.38501376E-01
 7.77090946E-01
 8.13939441E-01
 6.96439693E-01
 2.34549249E-01
 6.26115347E-01
 1.90811049E-01
 7.34669374E-01
 3.99596771E-02
 1.12581421E+00
 4.72455474E-01
 4.04758381E-02
 4.13905329E-02
 1.46702243E-01
 1.12619501E+00
 6.57095253E-01
 2.11277691E+00
 7.11260783E-03
 5.44726655E-01
 4.51658741E-01
 8.20257183E-01
 3.86560414E-02
 1.05921671E-01
 3.92393162E-01
 9.67600152E-02
 0.00000000E+00
 4.97707635E-01
 8.50998175E+00
 2.64688984E+01
 7.31073770E+00
 4.37679776E+01
 1.83592622E+00
 4.14320467E+01
 4.55216462E+00
 2.65497236E+00
 0.00000000E+00
 6.37393204E-01
 1.73847756E+00
 2.21837397E-01
 1.06157944E-01
 4.83339618E-02
 9.74320075E-02
 1.31884231E-01
 0.00000000E+00
 9.77653931E-02
 1.84971213E-01
 8.46869118E-02
 3.04530497E-01
 0.00000000E+00
 4.83235178E-02
 8.28482241E-02
 3.83253319E-01
 0.00000000E+00
 9.73275025E-02
 3.02429161E-01
 0.00000000E+00
 1.30104940E-01
 0.00000000E+00
 0.00000000E+00
 5.12785811E-01
 3.90103742E-01
 8.73998418E-02
 3.04203814E-01
 4.01685478E-01
 4.15842265E-02
 4.11222827E-02
 8.98428453E-02
 4.13578429E-02
 0.00000000E+00
 3.03887023E-01
 1.20467898E+00
 7.72194413E-02
 4.63776720E-01
 0.00000000E+00
 1.20157161E-01
 2.92501511E-01
 0.00000000E+00
 2.94593079E-01
 0.00000000E+00
 0.00000000E+00
 6.75908933E-01
 2.11118617E+00
 0.00000000E+00
 3.19461617E+00
 0.00000000E+00
 0.00000000E+00
 3.38909949E+00
 0.00000000E+00
 0.00000000E+00
 0.00000000E+00
 7.55239320E-01
 5.45383851E-01
 9.79082759E-02
 4.34818779E-01
 5.21005983E-01
 3.76649232E-02
 3.02429664E-01
 9.71882147E-02
 3.02145624E-01
 0.00000000E+00
 4.33644189E-01
 9.41668940E-01
 5.61341194E-02
 2.99962064E-01
 0.00000000E+00
 9.16900351E-02
 1.12840982E+00
 0.00000000E+00
 3.03166659E-01
 0.00000000E+00
 9.36939609E-01
 9.36900658E-02
 0.00000000E+00
 2.75682427E-01
 0.00000000E+00
 0.00000000E+00
 7.82988277E+01
 0.00000000E+00
 3.63944049E-01
 4.79368463E-01
 1.31888970E-01
 4.70299767E-01
 6.88222506E-01
 1.32578461E-01
 6.08121299E-01
 6.85781308E-01
 0.00000000E+00
 6.74279362E-01
 1.47658501E-02
 7.20860092E-01
 7.39624186E-01
 0.00000000E+00
 7.36801089E-01
 0.00000000E+00
 0.00000000E+00
 7.28918082E-01
 0.00000000E+00
 0.00000000E+00
 0.00000000E+00
 6.10548190E-01
 0.00000000E+00
 1.07662623E+00
 1.16608815E+00
 5.96913195E-01
 9.19482249E-01
 4.08021776E-01
 6.76347262E-01
 6.41900467E-01
 1.25071165E+00
 3.99726782E-01
 1.17994953E-01
 3.75299868E-01
 3.16021411E-01
 6.06007055E-01
 6.06612085E-01
 3.30191779E-01
 1.16088860E-01
 8.27914263E-02
 9.47785190E-02
 0.00000000E+00
 9.34800255E-01
 5.38810483E-01
 8.37409776E-02
 4.23859520E-01
 4.14808903E-01
 3.72403708E-01
 9.31121821E-02
 6.71349900E-01
 6.04508845E-01
 0.00000000E+00
 6.39856856E-01
 1.91806552E+00
 1.88762414E+00
 1.00983412E+00
 1.05603418E+00
 5.34803076E-01
 6.04836124E-01
 0.00000000E+00
 2.05548356E+00
 1.67069957E-01
 3.44344929E-01
 2.18938633E-01
 5.27537180E-01
 0.00000000E+00
 1.02759627E+00
 8.63660167E-02
 5.88046454E-02
 3.09850712E-01
 0.00000000E+00
 1.09443623E+00
 1.17623680E-01
 3.06821398E-01
 0.00000000E+00
 5.53638807E-01
 6.45573101E-01
 0.00000000E+00
 5.98858184E-01
 0.00000000E+00
 0.00000000E+00
 3.36152210E+00
 3.50128338E+00
 1.59247581E+00
 1.05520346E+00
 1.99776527E-01
 0.00000000E+00
 3.91149907E+00
 1.23009780E+00
 1.43534675E-01
 3.87066434E-01
 0.00000000E+00
 1.87319526E+00
 6.47428582E-01
 5.53552349E-01
 0.00000000E+00
 1.31393213E+00
 2.82275639E-01
 0.00000000E+00
 3.03711418E-01
 0.00000000E+00
 0.00000000E+00
 1.36664133E+01
 1.25671043E+01
 2.10289957E+00
 8.60396727E-01
 1.19409397E+01
 3.47975227E+00
 5.38090037E+00
 7.20602108E+00
 5.31085370E-01
 0.00000000E+00
 1.28719229E+00
 1.45020660E+01
 5.21246006E+00
 3.61595545E+01
 0.00000000E+00
 1.16045028E+01
 2.66049708E-01
 0.00000000E+00
 1.62452583E-01
 0.00000000E+00
 5.03746236E+01
 3.32745179E+00
 0.00000000E+00
 1.59816692E+01
 0.00000000E+00
 0.00000000E+00
 1.02212115E+01
 9.08209102E-01
 1.20802272E-01
 7.44545504E-02
 3.61764394E-01
 3.10516213E-01
 6.06053689E-01
 4.47402384E-01
 3.57219606E-01
 7.18412966E-02
 1.14944029E-01
 5.64088843E-01
 0.00000000E+00
 1.23060209E-01
 7.28596930E-02
 5.77447411E-02
 3.10976330E-01
 3.67196407E-01
 1.16668062E-01
 3.08979377E-01
 3.12549529E-01
 5.62428846E-01
 6.02135685E-01
 1.36672853E+00
 3.96422057E-01
 4.31694666E-01
 2.46076308E-01
 5.16662510E-01
 2.70447859E-01
 2.65516050E-01
 2.39235938E-01
 9.24404498E-01
 3.22653639E-01
 2.38828932E-01
 9.57346678E-02
 2.14837346E-01
 9.25390662E-01
 5.29256599E-01
 2.69460030E+00
 9.34365187E-02
 4.84916102E-01
 4.72441435E-01
 1.15081106E+00
 7.25880154E-02
 1.82462382E-01
 2.71960693E-01
 2.51992463E-01
 0.00000000E+00
 4.44618498E-01
 1.33586053E+01
 3.85390992E+01
 7.75358325E+00
 1.48703084E+01
 3.89428297E+00
 1.99656292E+00
 1.54230472E+01
 1.60873737E+00
 0.00000000E+00
 8.90232922E-01
 5.28983108E+01
 4.90477249E-01
 1.62331037E-01
 1.15529899E-01
 8.29470133E-02
 9.48585003E-02
 0.00000000E+00
 1.87295065E-01
 7.26183024E-02
 5.76983325E-02
 3.10550430E-01
 0.00000000E+00
 1.14403860E-01
 5.65836164E-02
 2.70557262E-01
 0.00000000E+00
 8.30284035E-02
 3.08844256E-01
 0.00000000E+00
 9.33940546E-02
 0.00000000E+00
 0.00000000E+00
 7.90961699E-01
 2.54564739E-01
 5.90111120E-02
 3.09379694E-01
 1.97721084E-01
 2.40236804E-01
 9.59015525E-02
 6.00905451E-02
 9.58376647E-02
 0.00000000E+00
 3.07511815E-01
 1.42611898E+00
 8.53013685E-02
 2.37697523E-01
 0.00000000E+00
 8.50943156E-03
 3.22381373E-01
 0.00000000E+00
 2.29817426E-01
 0.00000000E+00
 0.00000000E+00
 4.00614292E-01
 1.90093440E+00
 0.00000000E+00
 3.41526139E+00
 0.00000000E+00
 0.00000000E+00
 5.62187135E+00
 0.00000000E+00
 0.00000000E+00
 0.00000000E+00
 8.41669279E-01
 4.10809403E-01
 8.39373116E-02
 4.24700642E-01
 4.10675124E-01
 1.16320300E-01
 3.08405911E-01
 8.28779080E-02
 3.08602334E-01
 0.00000000E+00
 4.23415857E-01
 9.05439599E-01
 1.42167179E-01
 3.05098320E-01
 0.00000000E+00
 1.29837693E-01
 9.27932581E-01
 0.00000000E+00
 3.06614267E-01
 0.00000000E+00
 9.54047100E-01
 2.57604183E-01
 0.00000000E+00
 2.61000402E-01
 0.00000000E+00
 0.00000000E+00
 3.17029258E+00
 0.00000000E+00
 3.79896225E-01
 3.25528850E-01
 9.46558073E-02
 3.24503527E-01
 5.60371821E-01
 9.56222783E-02
 4.84272231E-01
 5.52544926E-01
 0.00000000E+00
 5.55710580E-01
 7.82237666E-02
 6.67047050E-01
 6.03316942E-01
 0.00000000E+00
 6.01321940E-01
 0.00000000E+00
 0.00000000E+00
 5.96529914E-01
 0.00000000E+00
 0.00000000E+00
 0.00000000E+00
 6.36528552E-01
 0.00000000E+00
 1.44448173E+00
 1.34635121E+00
 8.57563395E-01
 9.97051893E-01
 4.20886103E-01
 6.21423531E-01
 6.67209269E-01
 1.10725843E+00
 2.83609573E-01
 1.79149580E-01
 2.45362885E-01
 1.63162709E-01
 4.69137100E-01
 5.94916848E-01
 2.14493641E-01
 1.82986843E-01
 6.80740157E-02
 5.78346853E-02
 0.00000000E+00
 8.40683827E-01
 2.95328640E-01
 6.95961646E-02
 4.13590441E-01
 3.72889270E-01
 1.83629211E-01
 5.60856729E-02
 6.16066951E-01
 4.67318536E-01
 0.00000000E+00
 6.64026998E-01
 2.44267659E+00
 2.16365777E+00
 1.26552322E+00
 9.96160404E-01
 4.01071705E-01
 4.68622023E-01
 0.00000000E+00
 1.68550745E+00
 3.02087912E-02
 1.99359960E-01
 2.95310325E-01
 3.97506962E-01
 0.00000000E+00
 7.41683974E-01
 1.24567178E-01
 3.05797939E-02
 3.15129803E-01
 0.00000000E+00
 6.94196089E-01
 1.88638892E-01
 3.12026368E-01
 0.00000000E+00
 3.12709628E-01
 4.41421930E-01
 0.00000000E+00
 4.64399339E-01
 0.00000000E+00
 0.00000000E+00
 3.93294961E+00
 3.50993862E+00
 1.74315868E+00
 1.04230702E+00
 2.32682963E-01
 0.00000000E+00
 3.12374148E+00
 5.85044288E-01
 8.93755723E-02
 3.79952826E-01
 0.00000000E+00
 1.45411843E+00
 2.44362318E-01
 5.94188353E-01
 0.00000000E+00
 9.35792429E-01
 2.12588401E-02
 0.00000000E+00
 2.20942084E-01
 0.00000000E+00
 0.00000000E+00
 1.42052134E+01
 1.20166120E+01
 2.20107491E+00
 5.85453952E-01
 1.16295261E+01
 3.59413108E+01
 7.93324281E-01
 6.58316863E+00
 3.75159853E-02
 0.00000000E+00
 1.38826909E+00
 8.39032035E+00
 3.98067682E+00
 1.17002059E+01
 0.00000000E+00
 1.29033035E+01
 9.48467887E-01
 0.00000000E+00
 6.96737616E-02
 0.00000000E+00
 2.60438860E+01
 1.88781320E+00
 0.00000000E+00
 2.44456028E+01
 0.00000000E+00
 0.00000000E+00
 1.14077255E+02
 1.22257281E+00
 3.76960083E-01
 1.84839480E-01
 2.57872836E-01
 1.65795834E-01
 4.69126871E-01
 5.24593274E-01
 8.97073647E-02
 4.09625052E-02
 1.95130137E-01
 4.34395068E-01
 0.00000000E+00
 1.82070414E-01
 3.93930485E-02
 3.06212130E-02
 3.16911410E-01
 2.40121980E-01
 1.95617235E-01
 3.14835231E-01
 1.61566791E-01
 4.33778626E-01
 4.65768375E-01
 1.91557720E+00
 2.14878544E-01
 1.88096495E-01
 2.70317425E-01
 4.02959611E-01
 5.22057720E-01
 2.12921582E-01
 4.38524905E-01
 7.22984293E-01
 1.81783991E-01
 4.37189377E-01
 2.32862276E-01
 2.88365810E-01
 7.24590870E-01
 3.99615019E-01
 3.18212378E+00
 4.10335047E-01
 4.38858794E-01
 5.01491995E-01
 1.20495782E+00
 1.32399468E-01
 2.63142248E-01
 3.40017890E-02
 3.78402314E-01
 0.00000000E+00
 3.20092724E-01
 1.77868238E+01
 3.08101574E+01
 1.18360723E+01
 2.34062434E+00
 1.73537337E+00
 2.24116941E+00
 1.30247766E+01
 8.12541526E-01
 0.00000000E+00
 2.52153977E+00
 2.21688412E+00
 7.31468413E-01
 2.18197257E-01
 1.82733131E-01
 6.84605456E-02
 5.78291522E-02
 0.00000000E+00
 2.67474938E-01
 3.97453883E-02
 3.07073958E-02
 3.16570901E-01
 0.00000000E+00
 1.80489556E-01
 3.03172555E-02
 1.57854828E-01
 0.00000000E+00
 6.87284795E-02
 3.15259808E-01
 0.00000000E+00
 5.66838167E-02
 0.00000000E+00
 0.00000000E+00
 1.01351970E+00
 1.19646564E-01
 3.06208676E-02
 3.14556012E-01
 1.26024114E-02
 4.38894421E-01
 2.32925978E-01
 3.03390256E-02
 2.33026591E-01
 0.00000000E+00
 3.11137169E-01
 1.54334315E+00
 3.13955555E-01
 3.12120588E-02
 0.00000000E+00
 1.67044278E-01
 2.95468705E-01
 0.00000000E+00
 3.83493584E-01
 0.00000000E+00
 0.00000000E+00
 8.65994575E-01
 2.24952644E+00
 0.00000000E+00
 1.14361695E+01
 0.00000000E+00
 0.00000000E+00
 6.13331790E+01
 0.00000000E+00
 0.00000000E+00
 0.00000000E+00
 9.11484892E-01
 2.76033974E-01
 6.99650933E-02
 4.14581673E-01
 2.94710745E-01
 1.94981061E-01
 3.14382660E-01
 6.85668325E-02
 3.15059508E-01
 0.00000000E+00
 4.13187498E-01
 8.35716050E-01
 2.28581670E-01
 3.10235003E-01
 0.00000000E+00
 1.79358848E-01
 7.27467365E-01
 0.00000000E+00
 3.10062553E-01
 0.00000000E+00
 9.08023253E-01
 4.61628329E-01
 0.00000000E+00
 2.07335462E-01
 0.00000000E+00
 0.00000000E+00
 1.75382281E+00
 0.00000000E+00
 3.90305911E-01
 1.71615625E-01
 5.74206823E-02
 1.76823436E-01
 4.32518259E-01
 5.86674252E-02
 3.49223539E-01
 4.19189531E-01
 0.00000000E+00
 4.33342894E-01
 1.20332313E-01
 6.13230996E-01
 4.67004601E-01
 0.00000000E+00
 4.65843482E-01
 0.00000000E+00
 0.00000000E+00
 4.64158618E-01
 0.00000000E+00
 0.00000000E+00
 0.00000000E+00
 6.62509734E-01
 0.00000000E+00
 1.11699853E+00
 9.55207835E-01
 6.10516950E-01
 5.17397296E-01
 1.30298407E-01
 3.34756386E-01
 4.58537781E-01
 6.25718119E-01
 8.93543023E-02
 8.12284383E-02
 8.60902484E-02
 1.02467877E-01
 1.96634857E-01
 7.83934002E-02
 1.09271237E-01
 1.00420144E-01
 2.44464733E-01
 1.95388274E-01
 0.00000000E+00
 1.99787812E-01
 1.79370900E-01
 2.42311452E-01
 8.13124932E-02
 2.97599172E-02
 1.29664908E-01
 1.93395083E-01
 3.32845866E-01
 1.95603656E-01
 0.00000000E+00
 4.56415422E-01
 1.71242143E+00
 1.45847783E+00
 9.19578928E-01
 4.80825783E-01
 7.71891542E-02
 1.96964462E-01
 0.00000000E+00
 7.99622337E-01
 1.39716692E-01
 1.67956518E-02
 2.79547921E-01
 2.57629633E-01
 0.00000000E+00
 1.44775640E-01
 3.96532940E-01
 7.76630596E-02
 2.49845771E-01
 0.00000000E+00
 1.49233879E-01
 4.64704442E-01
 2.47516307E-01
 0.00000000E+00
 1.20763042E-01
 2.02419676E-01
 0.00000000E+00
 1.96084630E-01
 0.00000000E+00
 0.00000000E+00
 2.59610302E+00
 2.19889096E+00
 1.15713785E+00
 5.28817764E-01
 3.63714326E-02
 0.00000000E+00
 1.49320301E+00
 6.70772254E-02
 1.05991815E-01
 1.61622341E-01
 0.00000000E+00
 2.95541028E-02
 2.64161497E-01
 4.12802702E-01
 0.00000000E+00
 1.41001078E-01
 2.77194391E-01
 0.00000000E+00
 1.70948724E-01
 0.00000000E+00
 0.00000000E+00
 1.25424256E+01
 9.19656419E+00
 2.10758993E+00
 3.22339151E-01
 1.77098101E+01
 4.73587109E-01
 2.64893157E-01
 1.94821496E-01
 3.96545157E-01
 0.00000000E+00
 1.03521277E-01
 4.91748801E+00
 3.35886310E-01
 4.82381801E+00
 0.00000000E+00
 1.14705283E+01
 8.13187275E-01
 0.00000000E+00
 7.43399381E-01
 0.00000000E+00
 5.78179559E+00
 8.38352598E-02
 0.00000000E+00
 6.46332411E-01
 0.00000000E+00
 0.00000000E+00
 4.98248761E+00
 7.58973900E-01
 6.91074064E-02
 4.75892744E-02
 1.57435363E-01
 1.27504056E-01
 1.96597013E-01
 2.48093478E-01
 1.23017493E-01
 1.72529033E-02
 3.09128723E-01
 2.50718265E-01
 0.00000000E+00
 8.03205598E-02
 1.72613654E-02
 7.79184218E-02
 2.51187931E-01
 1.84950105E-01
 3.07488715E-01
 2.49613595E-01
 1.33730298E-01
 2.51345520E-01
 1.95189528E-01
 1.06596949E+00
 1.81770256E-01
 2.74945749E-01
 4.22619523E-01
 2.07574546E-01
 1.83617304E-01
 2.31214134E-02
 2.39684197E-01
 4.22689729E-01
 3.35274470E-01
 2.39570699E-01
 1.32825655E-01
 4.71447395E-01
 4.24235212E-01
 1.92428653E-01
 1.65131186E+00
 3.82768757E-01
 5.80053733E-01
 5.15344173E-01
 4.92041850E-01
 2.38047758E-01
 1.27596044E-01
 3.11951443E-01
 2.34068756E-01
 0.00000000E+00
 3.94970818E-01
 4.96598389E+00
 2.01853221E+01
 1.56104110E+00
 3.03066379E+00
 9.04022498E-01
 1.76665149E+00
 5.76426022E-05
 7.23788790E-01
 0.00000000E+00
 1.38114129E+01
 6.90645385E-02
 3.46855071E-01
 9.81698526E-02
 1.00987128E-01
 2.44323032E-01
 1.95351765E-01
 0.00000000E+00
 9.34394714E-02
 1.72539353E-02
 7.80218174E-02
 2.50972122E-01
 0.00000000E+00
 1.00011951E-01
 7.71323524E-02
 6.73931045E-02
 0.00000000E+00
 2.40925642E-01
 2.49692603E-01
 0.00000000E+00
 1.93271600E-01
 0.00000000E+00
 0.00000000E+00
 3.92737383E-01
 3.75225598E-01
 7.76342873E-02
 2.49411185E-01
 1.31715501E-02
 2.40625064E-01
 1.32830478E-01
 7.63126805E-02
 1.32749311E-01
 0.00000000E+00
 2.46380915E-01
 4.76338061E-01
 7.80047998E-01
 8.01156295E-02
 0.00000000E+00
 1.57748801E-01
 1.24905855E-01
 0.00000000E+00
 2.67989860E-01
 0.00000000E+00
 0.00000000E+00
 1.01006833E+00
 3.65438468E+00
 0.00000000E+00
 1.38568697E+00
 0.00000000E+00
 0.00000000E+00
 7.48587893E+00
 0.00000000E+00
 0.00000000E+00
 0.00000000E+00
 3.54983021E-01
 1.87699210E-01
 2.42591247E-01
 8.19877375E-02
 7.89681778E-02
 3.07474462E-01
 2.49403808E-01
 2.41588129E-01
 2.49670491E-01
 0.00000000E+00
 8.15404511E-02
 1.62797323E-01
 4.81124185E-01
 2.46259325E-01
 0.00000000E+00
 2.56846381E-01
 4.25957902E-01
 0.00000000E+00
 2.45614754E-01
 0.00000000E+00
 1.05048656E-01
 6.66206592E-01
 0.00000000E+00
 1.22750388E-01
 0.00000000E+00
 0.00000000E+00
 6.45198018E+01
 0.00000000E+00
 7.65615613E-02
 1.37034258E-01
 1.94622011E-01
 1.01016160E-01
 2.50334839E-01
 1.95064361E-01
 2.46401846E-02
 1.89879093E-01
 0.00000000E+00
 2.62130574E-01
 1.53714055E-01
 3.32141040E-01
 1.96550436E-01
 0.00000000E+00
 1.96598500E-01
 0.00000000E+00
 0.00000000E+00
 1.98697722E-01
 0.00000000E+00
 0.00000000E+00
 0.00000000E+00
 4.60022562E-01
 0.00000000E+00
 4.64726968E-01
 3.51840625E-01
 2.26492851E-01
 6.11412268E-02
 1.29728736E-01
 4.20376295E-02
 2.28846185E-01
 1.87430713E-03
 2.33076443E-01
 1.73472071E-01
 3.01687579E-01
 2.42425174E-01
 3.52377132E-03
 3.83236229E-01
 3.84329910E-01
 3.34909375E-01
 3.30714770E-01
 1.65097932E-01
 0.00000000E+00
 3.00870908E-01
 4.15997755E-01
 3.28730394E-01
 2.71955799E-02
 2.44424746E-01
 2.77288054E-01
 1.63372334E-01
 4.46219301E-02
 3.57779691E-03
 0.00000000E+00
 2.28583146E-01
 4.85546239E-01
 4.76669658E-01
 4.46065689E-01
 1.02410205E-01
 1.11890233E-01
 4.32081626E-03
 0.00000000E+00
 2.24451673E-01
 4.46331463E-01
 9.90820284E-02
 1.76763260E-01
 1.93184267E-01
 0.00000000E+00
 7.76438367E-01
 5.21174376E-01
 1.08623776E-01
 2.00313163E-03
 0.00000000E+00
 6.24105613E-01
 4.07999465E-01
 1.02596241E-03
 0.00000000E+00
 3.45254227E-01
 1.19307691E-01
 0.00000000E+00
 5.92140222E-03
 0.00000000E+00
 0.00000000E+00
 6.74555815E-01
 7.33808310E-01
 6.26551514E-01
 2.55473692E-01
 1.69454606E-02
 0.00000000E+00
 1.70575163E-01
 4.03871054E-01
 8.25795687E-02
 1.01814030E-01
 0.00000000E+00
 1.00170875E+00
 4.29618057E-01
 2.95618660E-01
 0.00000000E+00
 7.02574997E-01
 1.54077747E-01
 0.00000000E+00
 2.97057760E-01
 0.00000000E+00
 0.00000000E+00
 2.77133449E+00
 1.30255281E+00
 3.00016275E+00
 2.86397330E-01
 2.83725648E+00
 2.92509820E-01
 1.38426212E-02
 1.15668970E+00
 4.03913028E-01
 0.00000000E+00
 6.63476197E-01
 1.92406742E+00
 6.44857228E+00
 9.22152689E-01
 0.00000000E+00
 9.61156196E+00
 3.74193137E-01
 0.00000000E+00
 3.37708152E+01
 0.00000000E+00
 1.46156691E+00
 1.48243826E+01
 0.00000000E+00
 1.19181625E+00
 0.00000000E+00
 0.00000000E+00
 7.62328107E-01
 1.55224835E-02
 3.17221854E-01
 2.40099237E-01
 3.38711793E-01
 2.55410173E-01
 3.51005177E-03
 2.49397606E-01
 3.54668529E-01
 1.84640351E-01
 2.42760711E-01
 1.72801930E-01
 0.00000000E+00
 3.88068532E-01
 1.84437553E-01
 1.08659949E-01
 2.43916034E-03
 4.28837525E-01
 2.41024376E-01
 1.76910875E-03
 2.81864365E-01
 1.73558310E-01
 4.03007954E-03
 1.97527745E-01
 6.15273012E-01
 2.31678909E-01
 2.50458844E-01
 1.67399251E-01
 4.78272408E-01
 4.73430704E-01
 9.48659206E-02
 2.69736373E-01
 5.29793204E-01
 9.53762016E-02
 1.98012483E-03
 4.35173018E-01
 2.69240614E-01
 1.05270419E-01
 2.63471600E-01
 8.73679439E-01
 2.66066078E-01
 7.84547914E-02
 4.80753790E-01
 5.81903240E-01
 1.99863798E-02
 5.31145979E-01
 4.39138483E-02
 0.00000000E+00
 2.61588996E-01
 7.67262927E+00
 2.04932565E+00
 1.48109419E+00
 3.41696860E+00
 8.11760711E-01
 1.26576990E+00
 2.31148580E+00
 5.79662177E+02
 0.00000000E+00
 1.09750632E+01
 5.84449262E+00
 2.52040733E-01
 4.44400531E-01
 3.35927788E-01
 3.31051711E-01
 1.65124158E-01
 0.00000000E+00
 2.44527701E-01
 1.84880634E-01
 1.08816898E-01
 2.44614323E-03
 0.00000000E+00
 3.33674138E-01
 1.09159235E-01
 1.23335437E-01
 0.00000000E+00
 3.27014159E-01
 2.58361406E-03
 0.00000000E+00
 1.63094898E-01
 0.00000000E+00
 0.00000000E+00
 5.13628889E-01
 6.41257102E-01
 1.08696633E-01
 1.90396775E-03
 2.40983948E-01
 9.51602567E-02
 1.93367703E-03
 1.08738129E-01
 4.10173144E-03
 0.00000000E+00
 1.70482585E-03
 7.84503708E-01
 9.46934758E-01
 1.68488081E-02
 0.00000000E+00
 1.19026761E-01
 2.86190125E-02
 0.00000000E+00
 2.11606464E-01
 0.00000000E+00
 0.00000000E+00
 4.82606264E+00
 1.31238705E+00
 0.00000000E+00
 8.21720572E-01
 0.00000000E+00
 0.00000000E+00
 3.46969102E+00
 0.00000000E+00
 0.00000000E+00
 0.00000000E+00
 2.25452447E-01
 4.60205773E-01
 3.29815305E-01
 2.71743820E-02
 3.42581806E-01
 2.41788637E-01
 1.88171027E-03
 3.28102038E-01
 2.72939977E-03
 0.00000000E+00
 2.75401685E-02
 4.71770554E-01
 4.95276179E-01
 6.87253932E-04
 0.00000000E+00
 2.59112818E-01
 2.69578913E-01
 0.00000000E+00
 1.55060570E-03
 0.00000000E+00
 6.03558000E-01
 5.06914214E-01
 0.00000000E+00
 1.87654213E-02
 0.00000000E+00
 0.00000000E+00
 1.10296650E-01
 0.00000000E+00
 2.21858607E-01
 2.94694790E-01
 1.64472246E-01
 2.54927492E-01
 1.72660825E-01
 1.64575725E-01
 2.97975077E-01
 8.64460174E-02
 0.00000000E+00
 1.63085628E-01
 2.98793513E-01
 4.61445040E-02
 5.80125936E-03
 0.00000000E+00
 6.83580409E-03
 0.00000000E+00
 0.00000000E+00
 1.06766605E-02
 0.00000000E+00
 0.00000000E+00
 0.00000000E+00
 2.37654773E-01
 0.00000000E+00
