 1.81419788E-01
 2.22437048E-02
 6.77780662E-02
 7.14530301E-02
 4.57663716E-02
 4.02977939E-03
 1.40086060E-01
 8.78550196E-02
 9.27091291E-02
 1.78633098E-01
 1.97876297E-01
 1.69309372E-01
 2.58179086E-02
 6.90885321E-02
 9.94195278E-02
 1.46142112E-01
 1.55613232E-01
 3.66550554E-03
 1.90856727E-01
 6.72414762E-02
 1.07856625E-01
 1.65733215E-01
 1.27382009E-02
 8.42655009E-02
 9.07538843E-02
 2.05040639E-02
 1.49807618E-01
 7.32418095E-02
 2.01784942E-01
 3.30490696E-01
 2.54992307E-02
 1.08439303E-01
 1.92963413E-01
 2.14656624E-01
 2.18948903E-01
 7.09650980E-02
 1.21303190E-01
 1.02549643E-01
 2.34697679E-01
 2.92567746E-01
 3.30063776E-01
 2.45148353E-01
 2.59545113E-02
 1.13012518E-01
 2.29346990E-01
 2.02035380E-01
 1.57024793E-01
 1.31001981E-01
 1.17105054E-01
 2.60160351E-01
 1.77703026E-01
 6.13687590E-02
 9.32407350E-02
 1.77150143E-01
 1.13025067E-01
 7.32418095E-02
 1.08098263E-01
 3.27134173E-01
 8.49834515E-02
 2.09371868E-01
 1.82805004E-01
 2.58447862E-01
 9.76554931E-02
 1.31304081E-01
 2.23699411E-01
 3.27709734E-01
 2.27217389E-01
 2.16847070E-01
 1.11042517E-01
 1.95031999E-01
 2.37085722E-01
 4.06936396E-02
 1.35381931E-01
 1.93138854E-01
 1.93520477E-01
 1.39031023E-01
 2.78952072E-02
 1.08946139E-01
 2.01661744E-01
 7.50018917E-02
 2.23459235E-01
 2.65986351E-01
 1.41433351E-01
 2.30897581E-01
 3.61075256E-01
 2.23671098E-01
 1.91430651E-01
 1.86517926E-01
 1.37196197E-01
 2.01010731E-02
 5.87284471E-02
 2.22984218E-01
 9.52574051E-02
 2.03382371E-01
 1.83361799E-01
 2.42481123E-01
 1.28257001E-01
 5.03077151E-03
 1.32311385E-01
 2.08630968E-02
 1.44801041E-03
 1.95476720E-01
 4.24701332E-02
 1.04360279E-01
 2.42250729E-01
 2.76908506E-01
 1.76741906E-02
 1.10135545E-01
 1.87155782E-01
 2.09228255E-01
 2.17163180E-01
 7.09650980E-02
 9.86383297E-02
 2.15369463E-01
 2.73120005E-01
 3.18437948E-01
 2.41342804E-01
 2.59545113E-02
 1.02251757E-01
 2.14056417E-01
 2.02035380E-01
 1.57024793E-01
 1.09123143E-01
 2.53380917E-01
 1.77703026E-01
 9.10857959E-02
 1.75438836E-01
 7.32418095E-02
 1.17578331E-01
 5.28644928E-02
 1.04896907E-01
 2.06961394E-01
 1.67643755E-01
 2.46556080E-01
 8.50658162E-02
 6.03613141E-02
 1.29584728E-01
 2.35011449E-01
 9.05903513E-02
 1.30910912E-02
 2.62693387E-01
 1.54531794E-01
 1.77813966E-01
 2.25338024E-01
 1.34466382E-01
 1.65586326E-01
 1.91191835E-01
 3.52636637E-01
 8.88866903E-02
 2.18323360E-02
 2.49181123E-01
 2.10337354E-02
 1.09868378E-01
 1.98979690E-01
 2.41821399E-01
 2.35488804E-01
 1.94268347E-01
 3.75727165E-01
 1.43635832E-01
 1.88250168E-01
 2.34003458E-01
 1.70565679E-01
 1.39925644E-01
 2.49020508E-01
 1.24892228E-02
 7.29656852E-02
 1.87599342E-01
 1.41042279E-01
 2.28553378E-01
 8.71525169E-02
 1.32060652E-01
 1.83196984E-01
 2.73120005E-01
 1.85045420E-01
 1.91175466E-01
 1.19527355E-01
 1.46142112E-01
 2.02035380E-01
 4.49195182E-02
 1.37923184E-01
 1.65733215E-01
 1.77703026E-01
 1.40939827E-01
 2.05040639E-02
 1.13025067E-01
 2.01784942E-01
 2.03338651E-01
 1.05784027E-01
 1.22669217E-01
 1.64657469E-01
 3.01695517E-01
 6.03613141E-02
 1.33870637E-02
 2.02035380E-01
 1.30910912E-02
 1.12082508E-01
 1.77703026E-01
 2.00230517E-01
 1.74196835E-01
 1.06840394E-03
 6.59340287E-02
 2.50436333E-01
 2.54577879E-02
 1.06886690E-01
 3.66621285E-02
 1.07984617E-01
 1.37212095E-01
 2.74006708E-01
 1.92143031E-01
 8.51921215E-02
 2.23979597E-01
 8.86867194E-02
 1.43014293E-01
 9.16502288E-02
 1.37475554E-01
 1.28418947E-01
 2.22363074E-01
 7.55541226E-02
 2.09466767E-01
 2.28553378E-01
 1.34895157E-01
 2.00587142E-01
 3.18437948E-01
 1.91175466E-01
 1.55613232E-01
 1.57024793E-01
 1.37923184E-01
 1.27382009E-02
 2.22858809E-01
 2.07438418E-01
 1.64657469E-01
 2.42811283E-02
 3.35485465E-01
 1.29584728E-01
 8.20640667E-02
 1.57024793E-01
 8.25990939E-02
 2.67955524E-01
 1.97625272E-01
 6.59380786E-02
 2.31698819E-01
 7.42711974E-02
 1.32964642E-01
 1.22440286E-01
 2.26259492E-01
 4.71091496E-02
 2.17210248E-01
 8.71525169E-02
 1.70179547E-01
 2.41342804E-01
 3.66550554E-03
 2.21634459E-01
 1.67737893E-01
 1.27860119E-01
 2.46888704E-01
 9.76595235E-02
 4.02977939E-03
 7.09650980E-02
 1.32060652E-01
 2.58179086E-02
 2.59545113E-02
 1.90856727E-01
 7.09650980E-02
 8.12786012E-02
 2.59545113E-02
 1.41943077E-01
 1.40086060E-01
 1.21303190E-01
 8.58741710E-02
 5.95597515E-02
 3.60243753E-03
 2.34186737E-02
 1.35411458E-02
 3.74974387E-02
 5.66218154E-02
 7.34531469E-02
 6.06749804E-03
 5.75147788E-02
 5.36177475E-02
 1.40563141E-01
 4.00928898E-02
 3.41121657E-02
 2.24468187E-02
 8.46026000E-02
 1.40586936E-01
 5.98775129E-02
 1.08553605E-01
 4.89986016E-02
 3.64984635E-04
 1.18963869E-01
 9.72611160E-02
 4.14116998E-02
 9.30829992E-02
 6.65801516E-02
 1.15429274E-02
 6.62523052E-03
 1.30410036E-01
 1.49160381E-01
 6.28076958E-02
 2.79332940E-02
 7.34230296E-02
 6.94996222E-03
 1.63854120E-01
 6.78915375E-02
 1.01837306E-01
 1.42309300E-02
 1.34576294E-01
 1.89153593E-01
 2.19796112E-01
 3.55830878E-01
 7.85294720E-02
 2.72837167E-02
 1.48734450E-01
 1.62579969E-01
 1.37399540E-01
 3.59492749E-02
 8.07478637E-03
 1.69306230E-01
 1.49101837E-01
 4.08100540E-02
 9.53748109E-02
 2.77758103E-01
 5.80561437E-03
 6.62523052E-03
 1.39562416E-02
 2.44079737E-01
 5.53460624E-03
 7.00119155E-02
 6.46153288E-02
 1.11205001E-01
 1.00879416E-01
 8.90544429E-02
 6.13830963E-02
 2.07061083E-01
 1.76337512E-01
 1.82613391E-01
 1.76168703E-02
 1.09101146E-01
 1.82892675E-01
 1.22513796E-02
 8.72337374E-02
 1.40798593E-01
 1.58332150E-01
 8.38780136E-02
 7.25686909E-02
 3.62231612E-03
 1.30163640E-01
 5.09063294E-02
 1.73014113E-02
 1.01121512E-01
 8.09840891E-02
 4.72322640E-02
 2.38717198E-01
 1.91950130E-01
 1.53240060E-01
 1.56456316E-01
 8.45869091E-02
 1.05407131E-01
 7.69620589E-03
 1.65930903E-01
 1.02387791E-01
 1.65108755E-01
 1.50439495E-01
 3.59887734E-01
 1.04352484E-02
 6.54244288E-02
 3.38532307E-02
 8.51909680E-02
 4.11416556E-02
 1.42365529E-01
 5.65225721E-03
 6.91172245E-03
 1.54047187E-01
 9.71402149E-02
 6.04836644E-02
 4.09421206E-02
 7.48736471E-02
 3.93275293E-03
 1.62895848E-01
 6.78915375E-02
 3.70865655E-03
 1.32864670E-01
 1.76029643E-01
 2.12007377E-01
 3.53374086E-01
 7.85294720E-02
 2.41342836E-02
 1.39127224E-01
 1.62579969E-01
 1.37399540E-01
 3.78405044E-04
 1.65185626E-01
 1.49101837E-01
 9.32695832E-02
 2.76852360E-01
 6.62523052E-03
 2.60854682E-02
 2.12613016E-01
 1.14162293E-01
 1.35657323E-01
 2.85562204E-01
 1.39293977E-01
 3.00153218E-01
 1.35919678E-01
 2.13441705E-01
 1.52109379E-01
 2.04204405E-01
 5.14081461E-02
 1.70793010E-01
 2.43278500E-01
 2.78131271E-01
 7.93053595E-02
 1.40292118E-01
 1.30466927E-01
 1.07865570E-01
 2.22131898E-01
 1.77460833E-01
 5.57854654E-02
 1.91402106E-01
 5.23956620E-02
 6.31332104E-02
 1.62193957E-01
 6.25603278E-03
 1.48093869E-01
 1.08120407E-01
 2.53134351E-01
 2.32861392E-01
 1.61011628E-01
 1.74609539E-01
 2.90290230E-01
 7.31400761E-02
 3.69675557E-01
 3.06240330E-02
 5.84890807E-03
 7.52442841E-02
 4.85622567E-02
 9.18994604E-02
 9.33679393E-02
 9.05675842E-02
 6.02620889E-02
 1.76029643E-01
 1.49375043E-01
 1.65699064E-01
 1.21234888E-02
 8.46026000E-02
 1.62579969E-01
 1.30455570E-02
 8.77216948E-02
 1.18963869E-01
 1.49101837E-01
 8.42497097E-02
 6.65801516E-02
 5.80561437E-03
 1.30410036E-01
 7.79159706E-02
 1.14903567E-01
 1.02998429E-01
 8.98162694E-02
 1.94648213E-01
 1.35919678E-01
 5.43337204E-02
 1.62579969E-01
 5.14081461E-02
 6.31332104E-02
 1.49101837E-01
 9.14408779E-02
 1.38888790E-01
 1.32941808E-03
 6.19621360E-02
 1.94325995E-01
 5.82644652E-02
 5.77334268E-02
 9.51906472E-03
 6.22066617E-02
 8.26389750E-02
 1.16781426E-01
 1.06693982E-01
 7.24738475E-02
 1.96645708E-01
 8.27285912E-02
 8.74653669E-02
 1.04509046E-01
 7.39064887E-02
 1.36513747E-02
 1.61409087E-01
 2.00937490E-02
 4.09988777E-03
 9.18994604E-02
 7.56095895E-02
 5.52111602E-02
 2.12007377E-01
 1.65699064E-01
 1.40586936E-01
 1.37399540E-01
 8.77216948E-02
 9.72611160E-02
 1.35998115E-02
 1.35991593E-01
 8.98162694E-02
 2.75937436E-02
 2.22982938E-01
 2.13441705E-01
 6.87794550E-02
 1.37399540E-01
 6.86200851E-02
 1.42269634E-01
 1.15452950E-01
 6.19702357E-02
 1.95247247E-01
 6.53201386E-02
 8.55975827E-02
 8.55008869E-02
 1.76234966E-01
 1.24813433E-02
 1.62886690E-01
 9.33679393E-02
 1.41027399E-01
 3.53374086E-01
 5.98775129E-02
 1.65973725E-01
 2.85543887E-01
 7.12383034E-02
 3.56759394E-01
 1.20403283E-01
 3.74974387E-02
 6.78915375E-02
 9.05675842E-02
 4.00928898E-02
 7.85294720E-02
 1.08553605E-01
 6.78915375E-02
 1.37285705E-02
 7.85294720E-02
 7.85921579E-02
 5.66218154E-02
 1.01837306E-01
 9.40764562E-03
 1.28123045E-01
 3.41498575E-02
 5.19738174E-02
 7.66651033E-04
 9.73294174E-02
 4.05026979E-02
 7.25953273E-02
 1.48279400E-01
 2.13416454E-02
 2.39167416E-02
 9.66579405E-02
 1.17478314E-02
 1.72512866E-02
 4.80169749E-02
 8.57523393E-02
 1.72495048E-01
 1.08610523E-01
 5.66445826E-02
 1.87005072E-02
 5.92526218E-02
 1.29371286E-01
 1.98526398E-01
 1.06507518E-02
 6.70055631E-02
 9.79509596E-02
 9.63048972E-02
 1.44685017E-02
 8.19160804E-02
 2.81986984E-03
 1.19218269E-01
 1.79577830E-01
 3.37766459E-02
 7.82291290E-02
 1.20172739E-01
 2.87548665E-02
 1.16795301E-01
 1.61241471E-01
 1.12230544E-01
 1.45276238E-02
 8.05132827E-02
 3.63309392E-01
 6.40495868E-02
 4.09931807E-02
 1.55728941E-03
 9.22182000E-02
 9.31288846E-02
 1.34325980E-03
 4.82830236E-02
 7.26446096E-02
 1.00411516E-01
 4.27139540E-02
 7.00037352E-02
 2.98692500E-01
 3.82692439E-02
 1.44685017E-02
 6.19265533E-03
 1.98610555E-01
 4.24188929E-02
 5.81115762E-02
 6.14623443E-02
 1.11572581E-01
 1.33926958E-01
 5.48669915E-02
 3.85564116E-02
 1.30879595E-02
 8.22968297E-02
 1.04099233E-01
 5.93362566E-02
 1.04525645E-01
 1.01286739E-01
 2.05995162E-03
 7.25754869E-02
 1.51472380E-01
 1.04553428E-01
 7.07470447E-02
 1.04081892E-01
 3.90212482E-02
 8.16080863E-02
 3.01576570E-02
 1.12691916E-01
 9.72008845E-02
 1.44335582E-01
 5.11460143E-02
 9.21725793E-02
 1.14401315E-01
 1.78338183E-01
 1.06479590E-01
 6.75135276E-02
 2.14943244E-01
 3.18962633E-03
 1.18029026E-01
 1.35361271E-01
 1.08517856E-01
 9.94434950E-02
 3.72271727E-01
 6.00065702E-02
 1.12578760E-01
 6.99413261E-03
 2.11770715E-01
 4.34281427E-02
 9.57586319E-02
 1.14574908E-02
 9.75405249E-03
 9.11574221E-02
 8.52304212E-02
 1.30998407E-01
 1.61193695E-01
 3.65338729E-02
 8.47642655E-02
 1.18015277E-01
 2.87548665E-02
 1.49691850E-01
 9.16888076E-02
 1.19954238E-02
 7.91014958E-02
 3.63013114E-01
 6.40495868E-02
 4.77528819E-02
 1.76542378E-03
 9.22182000E-02
 9.31288846E-02
 5.91555492E-02
 7.14171569E-02
 1.00411516E-01
 6.70168826E-02
 2.98606536E-01
 1.44685017E-02
 1.85328554E-01
 1.42061760E-01
 5.51338798E-02
 1.41652399E-01
 3.83151653E-01
 1.15055443E-01
 3.74302871E-01
 1.87529882E-01
 3.45732873E-01
 2.08547539E-03
 2.80773503E-01
 9.40964870E-02
 7.28387548E-02
 3.90554756E-01
 2.98715139E-01
 5.65529557E-02
 6.80418078E-02
 9.09440458E-02
 8.37349887E-02
 1.55130331E-02
 2.38032487E-01
 9.57502020E-02
 1.04219392E-01
 9.40698799E-02
 2.55674703E-02
 1.05928522E-01
 1.11565714E-01
 1.53802633E-01
 8.67952410E-02
 9.66539471E-02
 3.86017020E-01
 1.07049484E-01
 1.21375442E-01
 3.83871153E-01
 2.41513088E-02
 3.77365804E-01
 3.73409361E-02
 3.65889384E-02
 3.61002804E-02
 4.87671607E-02
 9.15408784E-02
 1.25845229E-01
 5.67584181E-02
 2.06979073E-02
 1.19935680E-02
 7.23823509E-02
 9.72098900E-02
 5.72194522E-02
 8.57523393E-02
 9.22182000E-02
 1.66199941E-03
 7.23538920E-02
 1.29371286E-01
 1.00411516E-01
 7.05894406E-02
 9.79509596E-02
 3.82692439E-02
 8.19160804E-02
 2.88984841E-02
 5.60010648E-02
 7.78293832E-02
 7.38679052E-02
 1.58151000E-02
 1.87526170E-01
 9.52974524E-02
 9.22182000E-02
 9.40964870E-02
 2.55674703E-02
 1.00411516E-01
 8.79739838E-02
 9.94499885E-02
 1.13613912E-03
 5.63543004E-02
 9.22157595E-02
 9.72069389E-02
 1.98218003E-02
 1.37386362E-03
 2.55692110E-02
 7.04240596E-02
 1.13990054E-01
 8.79798715E-02
 6.11685870E-02
 1.16654371E-01
 3.46900128E-02
 7.06536569E-02
 1.39239064E-01
 2.59148817E-02
 6.35339959E-02
 1.07193181E-01
 5.59010670E-02
 8.45772506E-02
 9.15408784E-02
 1.30523871E-01
 2.36029269E-02
 7.91003823E-02
 9.72098900E-02
 1.72495048E-01
 9.31288846E-02
 7.23538920E-02
 1.98526398E-01
 7.03746299E-02
 1.42026429E-01
 7.38679052E-02
 1.46164879E-02
 8.11409122E-02
 3.45730646E-01
 2.50495185E-02
 9.31288846E-02
 2.63187851E-02
 1.46666551E-01
 9.20304311E-02
 5.63664500E-02
 1.12413792E-01
 2.25281073E-02
 7.21686855E-02
 1.60856479E-01
 1.12781325E-01
 2.02816362E-03
 1.17996528E-01
 1.25845229E-01
 9.66789459E-02
 3.63012743E-01
 1.08610523E-01
 1.22695764E-01
 3.83114154E-01
 2.57496073E-02
 3.63351403E-01
 1.57245262E-01
 9.73294174E-02
 2.87548665E-02
 5.67584181E-02
 1.17478314E-02
 6.40495868E-02
 5.66445826E-02
 2.87548665E-02
 3.54142477E-02
 6.40495868E-02
 3.91447052E-02
 4.05026979E-02
 1.16795301E-01
 5.64056342E-03
 6.58038072E-02
 5.11712399E-03
 2.34945878E-02
 6.44529922E-02
 1.44047538E-01
 1.04842565E-01
 3.86242207E-02
 1.10884358E-01
 2.68622567E-02
 5.77667028E-02
 7.47772407E-02
 3.99562871E-02
 7.24094629E-04
 4.32089489E-02
 5.05999135E-02
 1.40712155E-01
 7.17277964E-02
 4.98144480E-02
 6.98798080E-03
 7.75849893E-02
 1.05534117E-01
 1.95111331E-01
 4.10105993E-02
 5.32769212E-02
 6.27074653E-02
 1.68226214E-01
 5.88188421E-02
 5.59615691E-02
 1.04686448E-01
 6.10045064E-02
 1.61489453E-01
 2.64435746E-02
 9.41726304E-02
 1.07792329E-01
 5.66218154E-02
 9.48705690E-02
 1.14677579E-01
 1.84800612E-01
 2.06751999E-02
 2.03777343E-02
 3.56772226E-01
 4.07588279E-02
 3.98335455E-02
 4.90001441E-02
 7.66682604E-02
 7.69642329E-02
 7.96849031E-03
 7.14690217E-02
 1.07596026E-02
 7.81282016E-02
 5.39153746E-02
 5.50459416E-02
 2.96151547E-01
 4.63424629E-02
 5.88188421E-02
 1.16795301E-02
 1.56302751E-01
 1.10934751E-02
 4.17609799E-02
 3.81844376E-02
 9.22044862E-02
 8.38149992E-02
 4.48661002E-02
 3.84141184E-02
 3.18712300E-02
 6.79101323E-02
 7.90819815E-02
 6.83206892E-02
 6.23201294E-02
 8.32176894E-02
 9.14949251E-03
 5.73064268E-02
 1.19616661E-01
 8.08880221E-02
 5.71579685E-02
 6.67366433E-02
 4.68455375E-02
 5.57767726E-02
 8.40478609E-03
 1.25434436E-01
 8.20122961E-02
 1.41732565E-01
 8.29394860E-02
 1.75101950E-02
 8.73833467E-02
 1.45799494E-01
 8.88311077E-02
 4.84097018E-02
 2.14096904E-01
 6.10442138E-02
 1.05014254E-01
 8.47287024E-02
 1.36607530E-01
 7.75383949E-02
 3.62862807E-01
 7.05753507E-02
 7.41975158E-02
 1.44445691E-02
 3.10764085E-01
 9.15129977E-02
 6.89141228E-02
 6.29007125E-02
 2.53089781E-03
 6.72443292E-02
 2.11711525E-01
 6.75071543E-02
 1.54636246E-01
 2.64091521E-02
 9.71742895E-02
 1.06635303E-01
 5.66218154E-02
 1.12476003E-01
 1.66109356E-01
 2.32309952E-02
 1.89109350E-02
 3.56387883E-01
 4.07588279E-02
 4.29884746E-02
 5.16476870E-02
 7.66682604E-02
 7.69642329E-02
 7.75067900E-02
 9.79248664E-03
 7.81282016E-02
 5.32890344E-02
 2.96038464E-01
 5.88188421E-02
 1.64896147E-01
 2.95021822E-02
 1.98201768E-02
 1.10992586E-01
 4.28590597E-01
 1.87983903E-01
 2.24778761E-01
 1.53464586E-01
 3.71602008E-01
 4.85591953E-02
 2.26816413E-01
 9.45745965E-02
 1.09160013E-02
 4.12582378E-01
 2.96175774E-01
 4.11188013E-02
 1.69592492E-02
 7.29865030E-02
 6.53446856E-02
 3.23813434E-02
 1.87325935E-01
 9.48307662E-02
 8.51509941E-02
 9.42980429E-02
 2.21524031E-02
 8.18559112E-02
 1.27022771E-01
 1.05783722E-01
 6.78673554E-02
 1.74203659E-02
 4.04848875E-01
 8.72674974E-02
 1.06290823E-01
 4.22404387E-01
 3.08329988E-03
 3.63994547E-01
 9.18702773E-02
 6.37011049E-03
 2.61884555E-02
 3.19650297E-02
 7.96052182E-02
 7.85123967E-02
 4.60009562E-02
 2.64099476E-02
 2.32319230E-02
 6.04466908E-02
 7.39532819E-02
 6.67133393E-02
 5.05999135E-02
 7.66682604E-02
 9.72155818E-03
 5.69860893E-02
 1.05534117E-01
 7.81282016E-02
 5.69291715E-02
 6.27074653E-02
 4.63424629E-02
 5.59615691E-02
 2.39376016E-02
 2.02615699E-02
 6.38276074E-02
 5.84830271E-02
 1.97705817E-02
 1.53462730E-01
 9.48193429E-02
 7.66682604E-02
 9.45745965E-02
 2.21524031E-02
 7.81282016E-02
 5.54451663E-02
 7.86687214E-02
 5.98037903E-03
 4.93192553E-02
 7.46822088E-02
 9.55268906E-02
 1.83665473E-02
 9.44838157E-03
 2.21532734E-02
 5.70044745E-02
 9.31980158E-02
 6.85604842E-02
 5.13153723E-02
 8.68767614E-02
 1.09255208E-02
 5.18934097E-02
 8.82849976E-02
 5.51320465E-03
 7.31136186E-02
 7.42319073E-02
 2.56916520E-02
 9.71037136E-02
 7.96052182E-02
 1.29704255E-01
 5.75551044E-02
 1.89103783E-02
 7.39532819E-02
 1.40712155E-01
 7.69642329E-02
 5.69860893E-02
 1.95111331E-01
 8.97785018E-02
 1.11133738E-01
 5.84830271E-02
 2.83792091E-02
 2.08009311E-02
 3.71600895E-01
 6.16419643E-03
 7.69642329E-02
 1.33870637E-02
 1.16164687E-01
 7.07749551E-02
 4.93354547E-02
 8.48370151E-02
 4.91585331E-03
 5.71335618E-02
 1.54960876E-01
 1.39017229E-01
 6.36917090E-02
 1.06610175E-01
 7.85123967E-02
 7.47976138E-02
 3.56387698E-01
 7.17277964E-02
 1.09314895E-01
 4.28540343E-01
 6.28372379E-03
 3.56812972E-01
 9.94738543E-02
 1.44047538E-01
 5.66218154E-02
 4.60009562E-02
 3.99562871E-02
 4.07588279E-02
 4.98144480E-02
 5.66218154E-02
 2.15490745E-02
 4.07588279E-02
 3.47735392E-02
 1.04842565E-01
 9.48705690E-02
 1.89566133E-03
 3.47558475E-03
 2.39156095E-02
 4.98464191E-03
 1.29672635E-01
 1.90765658E-01
 1.69182433E-01
 4.64376599E-03
 7.34786328E-02
 3.23738371E-02
 9.16112455E-02
 5.28983471E-02
 6.81647428E-02
 1.87026864E-02
 3.83969365E-02
 1.54474876E-02
 1.08929263E-01
 3.48450698E-02
 4.29843135E-02
 4.72599038E-03
 9.59155630E-02
 8.16969469E-02
 1.91696264E-01
 7.13708321E-02
 3.95487577E-02
 2.74639710E-02
 2.40147531E-01
 1.03169182E-01
 3.00070578E-02
 2.06553026E-01
 2.83510382E-03
 1.43383107E-01
 1.91105033E-02
 1.10116132E-01
 9.54119180E-02
 8.44887644E-02
 7.29458370E-02
 6.80949905E-02
 2.57349315E-01
 5.58599616E-02
 3.97469770E-02
 3.50238672E-01
 1.74680691E-02
 3.86803313E-02
 9.95496047E-02
 6.11183207E-02
 6.07995811E-02
 1.45937208E-02
 9.46579093E-02
 5.11218166E-02
 5.58448876E-02
 6.51167953E-02
 4.00873776E-02
 2.93611551E-01
 5.44156820E-02
 1.03169182E-01
 1.71664048E-02
 1.13994946E-01
 1.99653372E-02
 2.46995076E-02
 1.58001840E-02
 7.33725836E-02
 3.38817707E-02
 3.48652090E-02
 3.81180840E-02
 7.65461495E-02
 5.38856476E-02
 5.42820575E-02
 7.73775642E-02
 2.01060048E-02
 6.51549328E-02
 2.03589366E-02
 4.20373666E-02
 8.77570674E-02
 5.72254480E-02
 4.35688923E-02
 2.93903617E-02
 5.46705820E-02
 2.99454590E-02
 1.38917969E-02
 1.38240674E-01
 6.68351329E-02
 1.39250191E-01
 1.15476778E-01
 5.90290205E-02
 5.97817551E-02
 1.12308350E-01
 7.06308654E-02
 3.33974378E-02
 2.13133858E-01
 1.26900974E-01
 9.16724420E-02
 3.27426842E-02
 1.65510073E-01
 5.50931963E-02
 3.53161452E-01
 8.14480312E-02
 3.46064634E-02
 2.21156444E-02
 4.12268511E-01
 1.40949572E-01
 4.12749976E-02
 1.15942524E-01
 1.52338933E-02
 4.24905848E-02
 3.41763728E-01
 3.99998037E-03
 1.48059215E-01
 1.62677472E-02
 1.09574303E-01
 9.52586653E-02
 8.44887644E-02
 7.52057131E-02
 2.40534723E-01
 5.84574141E-02
 4.12796257E-02
 3.49762653E-01
 1.74680691E-02
 3.81999967E-02
 1.01531756E-01
 6.11183207E-02
 6.07995811E-02
 9.58471991E-02
 5.18329963E-02
 5.58448876E-02
 3.95640748E-02
 2.93470175E-01
 1.03169182E-01
 1.44431898E-01
 8.30182328E-02
 1.54601581E-02
 8.03527941E-02
 4.74036216E-01
 2.60803476E-01
 7.52450132E-02
 1.19399290E-01
 3.97471143E-01
 9.91557251E-02
 1.72855710E-01
 9.50527059E-02
 5.09850887E-02
 4.34608374E-01
 2.93642185E-01
 2.49265416E-02
 3.26469881E-02
 5.68906345E-02
 4.80713870E-02
 7.98427214E-02
 1.37132173E-01
 9.45906886E-02
 6.61591949E-02
 9.45149922E-02
 1.87373358E-02
 5.78177695E-02
 1.42536988E-01
 5.70415611E-02
 4.92717541E-02
 6.38597457E-02
 4.24371391E-01
 6.68780003E-02
 9.08893955E-02
 4.62111946E-01
 1.86615019E-02
 3.50283194E-01
 1.48311604E-01
 2.38605011E-02
 1.62661290E-02
 1.51628987E-02
 6.76695581E-02
 3.11795642E-02
 3.52434943E-02
 3.20852536E-02
 5.84607283E-02
 4.85110307E-02
 5.06966737E-02
 7.62072263E-02
 1.54474876E-02
 6.11183207E-02
 2.11051158E-02
 4.16182865E-02
 8.16969469E-02
 5.58448876E-02
 4.32689024E-02
 2.74639710E-02
 5.44156820E-02
 3.00070578E-02
 1.90002865E-02
 1.54569216E-02
 4.98258316E-02
 4.30981490E-02
 5.52827945E-02
 1.19392661E-01
 9.43412335E-02
 6.11183207E-02
 9.50527059E-02
 1.87373358E-02
 5.58448876E-02
 2.38019646E-02
 5.97282293E-02
 1.31073835E-02
 4.09145514E-02
 5.76096546E-02
 9.45130566E-02
 1.60552576E-02
 2.02778675E-02
 1.87404284E-02
 4.35816310E-02
 7.21129091E-02
 4.93028408E-02
 4.00909153E-02
 5.63034948E-02
 1.39333574E-02
 3.24405411E-02
 3.54340640E-02
 1.55977397E-02
 8.30432528E-02
 4.00126125E-02
 4.52483319E-03
 1.09623876E-01
 6.76695581E-02
 1.28884639E-01
 9.14852413E-02
 4.12816142E-02
 5.06966737E-02
 1.08929263E-01
 6.07995811E-02
 4.16182865E-02
 1.91696264E-01
 1.09196514E-01
 8.02536488E-02
 4.30981490E-02
 4.21419302E-02
 3.94949686E-02
 3.97467166E-01
 1.27211256E-02
 6.07995811E-02
 4.55342304E-04
 8.61941927E-02
 5.06239442E-02
 4.09348007E-02
 5.75368364E-02
 1.30961293E-02
 4.20940937E-02
 1.48868194E-01
 1.66560567E-01
 1.29413938E-01
 9.52259235E-02
 3.11795642E-02
 5.29236286E-02
 3.49761990E-01
 3.48450698E-02
 9.59293121E-02
 4.73970732E-01
 1.31821597E-02
 3.50289235E-01
 4.18795703E-02
 1.90765658E-01
 8.44887644E-02
 3.52434943E-02
 6.81647428E-02
 1.74680691E-02
 4.29843135E-02
 8.44887644E-02
 7.68390137E-03
 1.74680691E-02
 3.04023731E-02
 1.69182433E-01
 7.29458370E-02
 1.85909140E-03
 2.21047187E-03
 2.42419418E-02
 5.42132888E-03
 1.29792699E-01
 1.90765658E-01
 1.69182433E-01
 3.43280342E-03
 7.36758469E-02
 3.24376839E-02
 9.16428919E-02
 5.28989011E-02
 6.81647428E-02
 1.95317147E-02
 3.86102953E-02
 1.54474876E-02
 1.08929263E-01
 3.48450698E-02
 4.29843135E-02
 5.76507377E-03
 9.59955277E-02
 8.16969469E-02
 1.91696264E-01
 7.16291261E-02
 3.95488295E-02
 2.74639710E-02
 2.40147531E-01
 1.03169182E-01
 3.00070578E-02
 2.06553026E-01
 2.76196397E-03
 1.40852881E-01
 1.97631678E-02
 1.10989506E-01
 9.51717916E-02
 8.44887644E-02
 7.29458370E-02
 6.56730654E-02
 2.57743743E-01
 5.59876553E-02
 3.98102699E-02
 3.50239780E-01
 1.74680691E-02
 4.03383879E-02
 9.99763222E-02
 6.11183207E-02
 6.07995811E-02
 1.45937208E-02
 9.67360761E-02
 5.12817459E-02
 5.58448876E-02
 6.51167953E-02
 3.95707894E-02
 2.93611695E-01
 5.44156820E-02
 1.03169182E-01
 1.71664048E-02
 1.13994946E-01
 2.06181052E-02
 2.23078092E-02
 1.39560820E-02
 7.04959453E-02
 3.26029357E-02
 3.53182029E-02
 3.56346689E-02
 7.87901652E-02
 5.23319271E-02
 5.30517363E-02
 7.69766690E-02
 1.72542319E-02
 6.37133384E-02
 1.99083568E-02
 4.23077145E-02
 8.43436999E-02
 5.65563564E-02
 4.37716532E-02
 2.84767714E-02
 5.45521923E-02
 3.00070578E-02
 1.03605384E-02
 1.37768449E-01
 6.51658764E-02
 1.39011441E-01
 1.13705844E-01
 6.59671758E-02
 5.75520632E-02
 1.14343267E-01
 7.23283136E-02
 4.33519767E-02
 2.12484082E-01
 1.30875912E-01
 8.95266975E-02
 2.71181566E-02
 1.68380111E-01
 5.29914712E-02
 3.49679844E-01
 8.11200837E-02
 3.13917226E-02
 2.31727875E-02
 4.17892094E-01
 1.43965428E-01
 3.87080092E-02
 1.20137509E-01
 1.57545259E-02
 3.91886429E-02
 3.49915884E-01
 2.18849423E-03
 1.48699072E-01
 1.63378351E-02
 1.09609055E-01
 9.52592493E-02
 8.44887644E-02
 7.52895343E-02
 2.42523345E-01
 5.84574141E-02
 4.12796257E-02
 3.49762653E-01
 1.74680691E-02
 3.84484239E-02
 1.01531627E-01
 6.11183207E-02
 6.07995811E-02
 9.59401761E-02
 5.18329380E-02
 5.58448876E-02
 3.95643679E-02
 2.93470190E-01
 1.03169182E-01
 1.40808926E-01
 8.42979469E-02
 1.56003338E-02
 8.02832903E-02
 4.74037384E-01
 2.60971118E-01
 7.12677700E-02
 1.19399290E-01
 3.97471143E-01
 9.96525795E-02
 1.72855969E-01
 9.50527059E-02
 5.11710427E-02
 4.34608490E-01
 2.93642772E-01
 2.19276759E-02
 3.60986917E-02
 5.60507167E-02
 4.69531910E-02
 8.22419567E-02
 1.30564785E-01
 9.43469436E-02
 6.46059654E-02
 9.42475641E-02
 1.89588538E-02
 5.71067475E-02
 1.40187913E-01
 5.32275351E-02
 4.95187919E-02
 7.17305704E-02
 4.24512039E-01
 6.82166803E-02
 8.89802073E-02
 4.63285392E-01
 2.06150467E-02
 3.45350445E-01
 1.53360453E-01
 2.45751861E-02
 1.64088632E-02
 1.51628987E-02
 6.76695581E-02
 3.11795642E-02
 3.52434943E-02
 3.22300958E-02
 5.84603501E-02
 4.85110307E-02
 5.06966737E-02
 7.62072263E-02
 1.54474876E-02
 6.11183207E-02
 2.11051158E-02
 4.16182865E-02
 8.16969469E-02
 5.58448876E-02
 4.32689024E-02
 2.74639710E-02
 5.44156820E-02
 3.00070578E-02
 2.04296564E-02
 1.57423901E-02
 4.98258316E-02
 4.30981490E-02
 5.55724789E-02
 1.19393418E-01
 9.43412335E-02
 6.11183207E-02
 9.50527059E-02
 1.87373358E-02
 5.58448876E-02
 1.89437231E-02
 5.77741201E-02
 1.32923701E-02
 4.08035594E-02
 5.54017622E-02
 9.42716995E-02
 1.56068575E-02
 2.02032682E-02
 1.87694161E-02
 4.36152007E-02
 7.09119489E-02
 5.01072217E-02
 3.56235585E-02
 5.46725870E-02
 2.13727612E-02
 3.38476170E-02
 2.94931093E-02
 1.83600253E-02
 8.38390394E-02
 3.46005957E-02
 5.49216414E-03
 1.09694953E-01
 6.76695581E-02
 1.28884639E-01
 9.15570496E-02
 4.12813873E-02
 5.06966737E-02
 1.08929263E-01
 6.07995811E-02
 4.16182865E-02
 1.91696264E-01
 1.11131176E-01
 8.01114943E-02
 4.30981490E-02
 4.21419302E-02
 3.96385852E-02
 3.97467620E-01
 1.27211256E-02
 6.07995811E-02
 4.55342304E-04
 7.89189149E-02
 4.81941431E-02
 4.08238087E-02
 5.55084681E-02
 1.25820619E-02
 4.21388532E-02
 1.48490062E-01
 1.68432521E-01
 1.29682239E-01
 9.52265033E-02
 3.11795642E-02
 5.29248542E-02
 3.49762066E-01
 3.48450698E-02
 9.53927105E-02
 4.73971892E-01
 1.31821597E-02
 3.50291687E-01
 3.71309892E-02
 1.90765658E-01
 8.44887644E-02
 3.52434943E-02
 6.81647428E-02
 1.74680691E-02
 4.29843135E-02
 8.44887644E-02
 7.68390137E-03
 1.74680691E-02
 3.36566299E-02
 1.69182433E-01
 7.29458370E-02
 5.53365892E-03
 6.20111411E-02
 4.13812715E-03
 2.21845269E-02
 6.48131818E-02
 1.44047538E-01
 1.04842565E-01
 3.49933434E-02
 1.11477262E-01
 2.70538302E-02
 5.78616620E-02
 7.47788960E-02
 3.99562871E-02
 3.21168890E-03
 4.38494311E-02
 5.05999135E-02
 1.40712155E-01
 7.17277964E-02
 4.98144480E-02
 3.87050138E-03
 7.78250660E-02
 1.05534117E-01
 1.95111331E-01
 4.17855426E-02
 5.32770879E-02
 6.27074653E-02
 1.68226214E-01
 5.88188421E-02
 5.59615691E-02
 1.04686448E-01
 6.07906974E-02
 1.53904121E-01
 2.84015683E-02
 9.67927521E-02
 1.07071949E-01
 5.66218154E-02
 9.48705690E-02
 1.07415824E-01
 1.85986422E-01
 2.10583468E-02
 2.01878160E-02
 3.56775537E-01
 4.07588279E-02
 4.48087340E-02
 5.02811084E-02
 7.66682604E-02
 7.69642329E-02
 7.96849031E-03
 7.77039805E-02
 1.02794493E-02
 7.81282016E-02
 5.39153746E-02
 5.34960550E-02
 2.96151881E-01
 4.63424629E-02
 5.88188421E-02
 1.16795301E-02
 1.56302751E-01
 9.19566977E-03
 3.40831093E-02
 3.35064670E-02
 8.40871724E-02
 8.01493612E-02
 4.62250820E-02
 3.07594000E-02
 3.79003510E-02
 6.42828426E-02
 7.60113411E-02
 6.73247777E-02
 5.40094972E-02
 7.95785765E-02
 8.74921345E-03
 5.75465942E-02
 1.09486667E-01
 7.91892989E-02
 5.73380941E-02
 6.40252347E-02
 4.65726487E-02
 5.59615691E-02
 2.11749898E-02
 1.19782340E-01
 8.28686443E-02
 1.44364482E-01
 7.44715358E-02
 4.03375012E-03
 8.78281088E-02
 1.55280630E-01
 8.87800320E-02
 6.25964512E-02
 2.14283053E-01
 7.02241839E-02
 1.00341074E-01
 7.16414108E-02
 1.42937874E-01
 7.27346335E-02
 3.54302758E-01
 7.12174835E-02
 6.69589681E-02
 1.88082276E-02
 3.23830331E-01
 9.85914606E-02
 6.23474280E-02
 7.32112196E-02
 3.47489593E-03
 5.85553251E-02
 2.30775516E-01
 6.20774336E-02
 1.56559460E-01
 2.66197617E-02
 9.72787528E-02
 1.06636986E-01
 5.66218154E-02
 1.12731207E-01
 1.72076557E-01
 2.32309952E-02
 1.89109350E-02
 3.56387883E-01
 4.07588279E-02
 4.37349424E-02
 5.16475853E-02
 7.66682604E-02
 7.69642329E-02
 7.77862549E-02
 9.79253239E-03
 7.81282016E-02
 5.32897713E-02
 2.96038476E-01
 5.88188421E-02
 1.54036706E-01
 2.56557539E-02
 1.93989577E-02
 1.10783660E-01
 4.28593963E-01
 1.88494311E-01
 2.12844359E-01
 1.53464586E-01
 3.71602008E-01
 5.00521310E-02
 2.26816616E-01
 9.45745965E-02
 1.03570715E-02
 4.12582469E-01
 2.96177248E-01
 3.22964540E-02
 6.74639002E-03
 7.08845591E-02
 6.22407832E-02
 3.95156259E-02
 1.68067093E-01
 9.47550144E-02
 8.06672917E-02
 9.40147484E-02
 2.21524031E-02
 7.98020387E-02
 1.18440664E-01
 9.89642679E-02
 7.30982663E-02
 1.18508042E-03
 4.08037462E-01
 9.43140788E-02
 1.01491544E-01
 4.25082823E-01
 3.09304623E-03
 3.50280579E-01
 1.04326349E-01
 4.22299483E-03
 2.66194247E-02
 3.19650297E-02
 7.96052182E-02
 7.85123967E-02
 4.60009562E-02
 2.68470296E-02
 2.32316492E-02
 6.04466908E-02
 7.39532819E-02
 6.67133393E-02
 5.05999135E-02
 7.66682604E-02
 9.72155818E-03
 5.69860893E-02
 1.05534117E-01
 7.81282016E-02
 5.69291715E-02
 6.27074653E-02
 4.63424629E-02
 5.59615691E-02
 2.82318329E-02
 1.93996316E-02
 6.38276074E-02
 5.84830271E-02
 2.06447456E-02
 1.53463278E-01
 9.48193429E-02
 7.66682604E-02
 9.45745965E-02
 2.21524031E-02
 7.81282016E-02
 4.04848938E-02
 7.24324249E-02
 6.20922947E-03
 4.91819450E-02
 6.79314790E-02
 9.47289857E-02
 1.71436377E-02
 9.25358454E-03
 2.21524031E-02
 5.70921332E-02
 9.05064561E-02
 7.22501984E-02
 3.84190516E-02
 8.43953319E-02
 1.03055389E-02
 5.74607082E-02
 7.31133195E-02
 1.87042150E-03
 7.52778376E-02
 5.99661830E-02
 2.27878227E-02
 9.73186052E-02
 7.96052182E-02
 1.29704255E-01
 5.77720625E-02
 1.89105426E-02
 7.39532819E-02
 1.40712155E-01
 7.69642329E-02
 5.69860893E-02
 1.95111331E-01
 9.55861605E-02
 1.10703955E-01
 5.84830271E-02
 2.83792091E-02
 2.03670149E-02
 3.71601223E-01
 6.16419643E-03
 7.69642329E-02
 1.33870637E-02
 9.41075246E-02
 6.32611708E-02
 4.91981445E-02
 7.86756789E-02
 6.50235563E-03
 5.72504400E-02
 1.54139799E-01
 1.42910964E-01
 6.44972235E-02
 1.06611361E-01
 7.85123967E-02
 7.48007796E-02
 3.56387753E-01
 7.17277964E-02
 1.07703866E-01
 4.28542715E-01
 6.28372379E-03
 3.56819304E-01
 8.51510014E-02
 1.44047538E-01
 5.66218154E-02
 4.60009562E-02
 3.99562871E-02
 4.07588279E-02
 4.98144480E-02
 5.66218154E-02
 2.15490745E-02
 4.07588279E-02
 4.45363094E-02
 1.04842565E-01
 9.48705690E-02
 9.22630907E-03
 1.21803733E-01
 3.25181961E-02
 4.97903826E-02
 1.66334933E-04
 9.73294174E-02
 4.05026979E-02
 6.65468595E-02
 1.49268021E-01
 2.16611766E-02
 2.40751521E-02
 9.66606508E-02
 1.17478314E-02
 1.31053564E-02
 4.90845741E-02
 8.57523393E-02
 1.72495048E-01
 1.08610523E-01
 5.66445826E-02
 1.35047353E-02
 5.96528076E-02
 1.29371286E-01
 1.98526398E-01
 1.19423167E-02
 6.70058254E-02
 9.79509596E-02
 9.63048972E-02
 1.44685017E-02
 8.19160804E-02
 2.81986984E-03
 1.18855596E-01
 1.66939206E-01
 3.70399687E-02
 8.25959986E-02
 1.18972107E-01
 2.87548665E-02
 1.16795301E-01
 1.49144535E-01
 1.14207786E-01
 1.38885614E-02
 8.01964618E-02
 3.63314813E-01
 6.40495868E-02
 4.92850411E-02
 5.77909035E-04
 9.22182000E-02
 9.31288846E-02
 1.34325980E-03
 5.86745674E-02
 7.18442380E-02
 1.00411516E-01
 4.27139540E-02
 6.74206053E-02
 2.98693025E-01
 3.82692439E-02
 1.44685017E-02
 6.19265533E-03
 1.98610555E-01
 3.62397261E-02
 4.81216844E-02
 5.21334176E-02
 9.71243389E-02
 1.27511100E-01
 5.71319610E-02
 2.77948547E-02
 1.67366584E-03
 7.60356412E-02
 9.88520756E-02
 5.76332631E-02
 8.95378298E-02
 9.48025222E-02
 2.24756832E-03
 7.26880569E-02
 1.34077514E-01
 1.01533660E-01
 7.08314722E-02
 9.94264662E-02
 3.85161501E-02
 8.19160804E-02
 4.57562183E-02
 1.05881186E-01
 1.01394740E-01
 1.50038378E-01
 3.82111085E-02
 7.58740260E-02
 1.15404898E-01
 1.95848249E-01
 1.01678466E-01
 7.68254188E-02
 2.15439562E-01
 1.05063752E-02
 1.10156542E-01
 1.17703481E-01
 1.16584937E-01
 9.19021657E-02
 3.59286979E-01
 6.25383918E-02
 1.03302090E-01
 1.53090249E-02
 2.27216466E-01
 5.19488533E-02
 8.67087634E-02
 2.48454237E-02
 9.21343020E-03
 7.87020548E-02
 1.08022370E-01
 1.21954430E-01
 1.64403877E-01
 3.68874254E-02
 8.49398930E-02
 1.18017575E-01
 2.87548665E-02
 1.50131540E-01
 1.01634130E-01
 1.19954238E-02
 7.91014958E-02
 3.63013114E-01
 6.40495868E-02
 4.90028472E-02
 1.76522043E-03
 9.22182000E-02
 9.31288846E-02
 5.96239575E-02
 7.14172484E-02
 1.00411516E-01
 6.70174085E-02
 2.98606560E-01
 1.44685017E-02
 1.67240600E-01
 1.35641395E-01
 5.44267749E-02
 1.41301144E-01
 3.83156248E-01
 1.15934824E-01
 3.54412227E-01
 1.87529882E-01
 3.45732873E-01
 4.14455150E-04
 2.80773910E-01
 9.40964870E-02
 7.19019382E-02
 3.90554939E-01
 2.98716191E-01
 4.62026389E-02
 4.68326934E-02
 8.46566673E-02
 7.68913349E-02
 9.63585412E-04
 2.03918342E-01
 9.45827507E-02
 9.54095582E-02
 9.29962787E-02
 2.55674703E-02
 1.01903753E-01
 1.04747828E-01
 1.40629648E-01
 9.57135211E-02
 6.84540071E-02
 3.91068572E-01
 1.05901292E-01
 1.11854265E-01
 3.84120059E-01
 1.54843619E-02
 3.54694463E-01
 5.36094973E-02
 3.30107368E-02
 3.68217716E-02
 4.87671607E-02
 9.15408784E-02
 1.25845229E-01
 5.67584181E-02
 2.14365775E-02
 1.19941157E-02
 7.23823509E-02
 9.72098900E-02
 5.72194522E-02
 8.57523393E-02
 9.22182000E-02
 1.66199941E-03
 7.23538920E-02
 1.29371286E-01
 1.00411516E-01
 7.05894406E-02
 9.79509596E-02
 3.82692439E-02
 8.19160804E-02
 3.60548872E-02
 5.45580823E-02
 7.78293832E-02
 7.38679052E-02
 1.43377595E-02
 1.87527266E-01
 9.52974524E-02
 9.22182000E-02
 9.40964870E-02
 2.55674703E-02
 1.00411516E-01
 5.92510423E-02
 8.55923713E-02
 8.73911121E-04
 5.75603306E-02
 7.90283263E-02
 9.45822781E-02
 1.86804180E-02
 2.34428268E-03
 2.55674703E-02
 7.08607482E-02
 1.06065821E-01
 9.42188369E-02
 4.13448773E-02
 1.16469747E-01
 1.50280463E-02
 7.68329552E-02
 1.17059676E-01
 1.53835814E-02
 6.70667982E-02
 8.66819229E-02
 5.10615462E-02
 8.49373288E-02
 9.15408784E-02
 1.30523871E-01
 2.39706439E-02
 7.91007109E-02
 9.72098900E-02
 1.72495048E-01
 9.31288846E-02
 7.23538920E-02
 1.98526398E-01
 8.00536716E-02
 1.41306273E-01
 7.38679052E-02
 1.46164879E-02
 8.04054781E-02
 3.45731304E-01
 2.50495185E-02
 9.31288846E-02
 2.63187851E-02
 1.07631121E-01
 7.74291835E-02
 5.75724802E-02
 1.00983168E-01
 2.59491694E-02
 7.27509369E-02
 1.57029536E-01
 1.17165259E-01
 6.85704315E-04
 1.17997862E-01
 1.25845229E-01
 9.66821821E-02
 3.63012852E-01
 1.08610523E-01
 1.20010846E-01
 3.83116823E-01
 2.57496073E-02
 3.63357876E-01
 1.32616009E-01
 9.73294174E-02
 2.87548665E-02
 5.67584181E-02
 1.17478314E-02
 6.40495868E-02
 5.66445826E-02
 2.87548665E-02
 3.54142477E-02
 6.40495868E-02
 5.54159890E-02
 4.05026979E-02
 1.16795301E-01
 8.33457189E-02
 5.73712309E-02
 2.48957973E-03
 2.50499388E-02
 1.39829044E-02
 3.74974387E-02
 5.66218154E-02
 7.13881325E-02
 1.19402555E-02
 5.38964105E-02
 5.14733732E-02
 1.39892760E-01
 4.00928898E-02
 3.78852028E-02
 1.92577519E-02
 8.46026000E-02
 1.40586936E-01
 5.98775129E-02
 1.08553605E-01
 5.33605510E-02
 1.73587760E-03
 1.18963869E-01
 9.72611160E-02
 4.24997069E-02
 9.28030105E-02
 6.65801516E-02
 1.15429274E-02
 6.62523052E-03
 1.30410036E-01
 1.49160381E-01
 5.77507916E-02
 3.23103351E-02
 7.11973139E-02
 3.68743211E-03
 1.62970603E-01
 6.78915375E-02
 1.01837306E-01
 1.01009013E-02
 1.22830779E-01
 1.81916856E-01
 2.15507364E-01
 3.54490117E-01
 7.85294720E-02
 1.97376426E-02
 1.42356316E-01
 1.62579969E-01
 1.37399540E-01
 3.59492749E-02
 6.49112294E-04
 1.66564445E-01
 1.49101837E-01
 4.08100540E-02
 9.31987967E-02
 2.77198125E-01
 5.80561437E-03
 6.62523052E-03
 1.39562416E-02
 2.44079737E-01
 5.76374744E-03
 6.85681106E-02
 5.45802615E-02
 9.81032524E-02
 9.52323439E-02
 9.08664185E-02
 5.77710652E-02
 1.80650943E-01
 1.59284331E-01
 1.71189126E-01
 1.38456294E-02
 9.15691731E-02
 1.68452562E-01
 1.34011024E-02
 8.79235711E-02
 1.24388926E-01
 1.51752602E-01
 8.43953889E-02
 6.81793439E-02
 5.13672338E-03
 1.30410036E-01
 2.10764631E-02
 4.96614144E-03
 1.12893928E-01
 1.03268827E-01
 6.23467593E-02
 2.36672703E-01
 1.89166452E-01
 1.68308566E-01
 1.50106348E-01
 9.07666533E-02
 1.14305154E-01
 1.44824121E-02
 1.56220585E-01
 9.21856527E-02
 1.62705174E-01
 1.39711216E-01
 3.53452472E-01
 2.18913138E-02
 6.60056287E-02
 1.57457563E-02
 1.02313703E-01
 4.55944772E-02
 1.31053939E-01
 1.40920693E-02
 1.03252112E-02
 1.35400662E-01
 6.93321048E-02
 5.69695936E-02
 3.47453850E-02
 7.23270258E-02
 2.43398338E-03
 1.62444930E-01
 6.78915375E-02
 1.20045152E-02
 1.25027623E-01
 1.76029643E-01
 2.12007377E-01
 3.53374086E-01
 7.85294720E-02
 1.94815792E-02
 1.39128038E-01
 1.62579969E-01
 1.37399540E-01
 1.64005105E-03
 1.65185993E-01
 1.49101837E-01
 9.28316760E-02
 2.76852458E-01
 6.62523052E-03
 3.31136098E-02
 2.00219545E-01
 1.09069051E-01
 1.32659784E-01
 2.84660368E-01
 1.22702260E-01
 2.84479124E-01
 1.35919678E-01
 2.13441705E-01
 1.42803971E-01
 2.04206034E-01
 5.14081461E-02
 1.66756098E-01
 2.43279232E-01
 2.77255456E-01
 7.26992401E-02
 1.11201530E-01
 1.15113491E-01
 9.61965269E-02
 1.82244347E-01
 1.49168420E-01
 5.35283341E-02
 1.69418922E-01
 5.03816167E-02
 6.31332104E-02
 1.52253249E-01
 3.09039850E-03
 1.43269152E-01
 1.20084551E-01
 2.29369015E-01
 2.48254067E-01
 1.53558452E-01
 1.57192057E-01
 2.93490160E-01
 6.13266891E-02
 3.48271717E-01
 4.06162929E-02
 3.17506412E-03
 7.23594852E-02
 4.85622567E-02
 9.18994604E-02
 9.33679393E-02
 9.05675842E-02
 5.43715178E-02
 1.76026726E-01
 1.49375043E-01
 1.65699064E-01
 1.21234888E-02
 8.46026000E-02
 1.62579969E-01
 1.30455570E-02
 8.77216948E-02
 1.18963869E-01
 1.49101837E-01
 8.42497097E-02
 6.65801516E-02
 5.80561437E-03
 1.30410036E-01
 7.25682827E-02
 1.09133969E-01
 1.02998429E-01
 8.98162694E-02
 1.82867071E-01
 1.35913844E-01
 5.43337204E-02
 1.62579969E-01
 5.14081461E-02
 6.31332104E-02
 1.49101837E-01
 6.19942998E-02
 1.16119235E-01
 8.52159607E-03
 6.62774428E-02
 1.62702091E-01
 5.36711250E-02
 5.88736520E-02
 1.36379092E-02
 6.31332104E-02
 8.44924550E-02
 1.15385515E-01
 1.18799644E-01
 5.18075482E-02
 2.05662375E-01
 6.36336137E-02
 9.19931801E-02
 9.11790880E-02
 5.94935474E-02
 2.69763177E-02
 1.33945470E-01
 2.38521353E-02
 2.42726166E-03
 9.18994604E-02
 7.56095895E-02
 5.17372057E-02
 2.12005626E-01
 1.65699064E-01
 1.40586936E-01
 1.37399540E-01
 8.77216948E-02
 9.72611160E-02
 6.08303895E-03
 1.32646341E-01
 8.98162694E-02
 2.75937436E-02
 2.16035029E-01
 2.13438205E-01
 6.87794550E-02
 1.37399540E-01
 6.86200851E-02
 1.07160356E-01
 9.67618757E-02
 6.62855425E-02
 1.73458373E-01
 6.95531553E-02
 8.80688894E-02
 1.07659662E-01
 1.63730317E-01
 1.35175673E-02
 1.62426236E-01
 9.33679393E-02
 1.39970061E-01
 3.53373503E-01
 5.98775129E-02
 1.63901277E-01
 2.84622980E-01
 7.12383034E-02
 3.54644718E-01
 9.94062365E-02
 3.74974387E-02
 6.78915375E-02
 9.05675842E-02
 4.00928898E-02
 7.85294720E-02
 1.08553605E-01
 6.78915375E-02
 1.37285705E-02
 7.85294720E-02
 8.96134934E-02
 5.66218154E-02
 1.01837306E-01
 1.76068861E-01
 1.98787927E-02
 6.56789055E-02
 6.97117585E-02
 4.52369459E-02
 4.02977939E-03
 1.40086060E-01
 9.09660514E-02
 8.60291543E-02
 1.73299741E-01
 1.94689607E-01
 1.68269348E-01
 2.58179086E-02
 7.47546150E-02
 9.48305447E-02
 1.46142112E-01
 1.55613232E-01
 3.66550554E-03
 1.90856727E-01
 7.11232549E-02
 1.05823676E-01
 1.65733215E-01
 1.27382009E-02
 8.52630522E-02
 9.02545560E-02
 2.05040639E-02
 1.49807618E-01
 7.32418095E-02
 2.01784942E-01
 3.30490696E-01
 1.47973766E-02
 1.13169127E-01
 1.88765092E-01
 2.11174080E-01
 2.17890052E-01
 7.09650980E-02
 1.21303190E-01
 9.63275789E-02
 2.21337729E-01
 2.81901033E-01
 3.23690394E-01
 2.43068304E-01
 2.59545113E-02
 1.01680352E-01
 2.20169024E-01
 2.02035380E-01
 1.57024793E-01
 1.31001981E-01
 1.09341497E-01
 2.56094453E-01
 1.77703026E-01
 6.13687590E-02
 9.12456325E-02
 1.76151486E-01
 1.13025067E-01
 7.32418095E-02
 1.08098263E-01
 3.27134173E-01
 8.47000011E-02
 1.98626560E-01
 1.60813335E-01
 2.41712506E-01
 9.14371300E-02
 1.32210069E-01
 1.97995790E-01
 2.92449437E-01
 2.00595897E-01
 2.00277997E-01
 1.16547118E-01
 1.65998995E-01
 2.13405403E-01
 4.50972910E-02
 1.38024122E-01
 1.75813862E-01
 1.82823585E-01
 1.41012666E-01
 2.32684916E-02
 1.11678574E-01
 2.01784942E-01
 1.10268353E-01
 2.44925117E-01
 2.85753457E-01
 1.73256857E-01
 2.53207027E-01
 3.66588140E-01
 2.23429979E-01
 2.02614521E-01
 1.80800303E-01
 1.39445663E-01
 3.61734336E-02
 5.42868198E-02
 2.17213422E-01
 9.33530208E-02
 1.88694952E-01
 1.74709948E-01
 2.49125918E-01
 1.05691205E-01
 1.59081433E-02
 1.04043315E-01
 1.22345078E-02
 4.26927376E-03
 1.85208711E-01
 3.90639894E-02
 9.37618371E-02
 2.21765491E-01
 2.55034601E-01
 1.73662578E-02
 1.08955308E-01
 1.84162693E-01
 2.07447003E-01
 2.16593765E-01
 7.09650980E-02
 8.72645522E-02
 2.13296631E-01
 2.73120005E-01
 3.18437948E-01
 2.41342804E-01
 2.59545113E-02
 9.53798837E-02
 2.14056417E-01
 2.02035380E-01
 1.57024793E-01
 1.06068431E-01
 2.53380917E-01
 1.77703026E-01
 9.03213798E-02
 1.75438836E-01
 7.32418095E-02
 1.18194197E-01
 5.05040176E-02
 9.89107278E-02
 2.03398889E-01
 1.66504926E-01
 2.23808525E-01
 8.09201521E-02
 6.03613141E-02
 1.29584728E-01
 2.21267702E-01
 9.05903513E-02
 1.30910912E-02
 2.56583962E-01
 1.54531794E-01
 1.76285134E-01
 2.08849538E-01
 1.08831930E-01
 1.39579446E-01
 1.74359216E-01
 2.97542552E-01
 6.90101786E-02
 1.41052828E-02
 2.15285376E-01
 1.34538917E-02
 1.12082508E-01
 1.83702465E-01
 2.46956769E-01
 2.41400671E-01
 2.11659224E-01
 3.79288452E-01
 1.59095338E-01
 1.84698637E-01
 2.15879068E-01
 1.76972965E-01
 1.23047345E-01
 2.43930960E-01
 7.31189441E-03
 6.82686231E-02
 1.84432484E-01
 1.41042279E-01
 2.28553378E-01
 8.71525169E-02
 1.32060652E-01
 1.74423804E-01
 2.73120005E-01
 1.85045420E-01
 1.91175466E-01
 1.19527355E-01
 1.46142112E-01
 2.02035380E-01
 4.49195182E-02
 1.37923184E-01
 1.65733215E-01
 1.77703026E-01
 1.40939827E-01
 2.05040639E-02
 1.13025067E-01
 2.01784942E-01
 1.93944527E-01
 9.94503097E-02
 1.22669217E-01
 1.64657469E-01
 2.84149158E-01
 6.03613141E-02
 1.33870637E-02
 2.02035380E-01
 1.30910912E-02
 1.12082508E-01
 1.77703026E-01
 1.73030423E-01
 1.41693534E-01
 1.52688293E-02
 7.44542840E-02
 2.05536180E-01
 1.44581425E-02
 1.11399495E-01
 4.52633450E-02
 1.12082508E-01
 1.41082642E-01
 2.83831154E-01
 2.14725381E-01
 6.67652129E-02
 2.38083358E-01
 7.32003689E-02
 1.40297180E-01
 8.93130567E-02
 1.19149956E-01
 9.97894003E-02
 1.92674828E-01
 7.16588454E-02
 2.07595779E-01
 2.28553378E-01
 1.34895157E-01
 1.95353428E-01
 3.18437948E-01
 1.91175466E-01
 1.55613232E-01
 1.57024793E-01
 1.37923184E-01
 1.27382009E-02
 2.15068254E-01
 2.03696441E-01
 1.64657469E-01
 2.42811283E-02
 3.25018037E-01
 1.29584728E-01
 8.20640667E-02
 1.57024793E-01
 8.25990939E-02
 2.51347099E-01
 1.75608620E-01
 7.44583338E-02
 2.03351462E-01
 8.16094910E-02
 1.38125371E-01
 1.84513123E-01
 1.93670755E-01
 4.59190096E-02
 2.16635130E-01
 8.71525169E-02
 1.68485300E-01
 2.41342804E-01
 3.66550554E-03
 2.19254179E-01
 1.66587656E-01
 1.27860119E-01
 2.43500208E-01
 9.52260901E-02
 4.02977939E-03
 7.09650980E-02
 1.32060652E-01
 2.58179086E-02
 2.59545113E-02
 1.90856727E-01
 7.09650980E-02
 8.12786012E-02
 2.59545113E-02
 1.31583606E-01
 1.40086060E-01
 1.21303190E-01
