 5.02003436E-01
 3.64698400E-01
 2.87034596E-01
 2.75927691E-01
 2.55117542E-01
 2.31951369E-01
 5.88074585E-02
 3.64861399E-01
 2.35375885E-01
 1.70126943E-01
 1.76962858E-01
 1.84159436E-01
 9.63048972E-03
 2.87270946E-01
 1.70127809E-01
 1.15543110E-01
 1.49870227E-01
 7.36971518E-02
 0.00000000E+00
 2.76056829E-01
 1.76958023E-01
 1.49870227E-01
 5.77146370E-02
 2.55172181E-01
 1.84160640E-01
 7.36971518E-02
 2.31951369E-01
 9.63048972E-03
 0.00000000E+00
 5.88074585E-02
 3.48287370E-01
 2.22055753E-01
 1.62006271E-01
 1.72070638E-01
 1.81683478E-01
 9.63048972E-03
 0.00000000E+00
 2.22446949E-01
 1.30803622E-01
 1.01248289E-01
 1.58082755E-01
 2.05287426E-01
 0.00000000E+00
 1.62597145E-01
 1.01250598E-01
 7.81879653E-02
 1.05440202E-01
 0.00000000E+00
 1.72415005E-01
 1.58068250E-01
 1.05440202E-01
 0.00000000E+00
 1.81847396E-01
 2.05292242E-01
 0.00000000E+00
 9.63048972E-03
 0.00000000E+00
 0.00000000E+00
 2.37533656E-01
 1.29662867E-01
 9.10444259E-02
 1.32805283E-01
 6.20596514E-02
 0.00000000E+00
 1.31333490E-01
 8.25028338E-02
 7.45971419E-02
 1.02103483E-01
 0.00000000E+00
 9.40472826E-02
 7.57694033E-02
 6.39045958E-02
 0.00000000E+00
 1.35344560E-01
 1.03516749E-01
 0.00000000E+00
 6.37620093E-02
 0.00000000E+00
 0.00000000E+00
 2.42962361E-01
 1.55559485E-01
 1.48449960E-01
 5.99166872E-02
 1.55712146E-01
 1.58282134E-01
 1.25987319E-01
 1.45006587E-01
 1.22588023E-01
 0.00000000E+00
 3.96517171E-02
 2.44701760E-01
 1.85457765E-01
 9.97539948E-02
 0.00000000E+00
 1.86367935E-01
 2.23808019E-01
 0.00000000E+00
 9.54932364E-02
 0.00000000E+00
 2.99611461E-01
 7.89817331E-02
 0.00000000E+00
 7.80193013E-02
 0.00000000E+00
 0.00000000E+00
 2.43497625E-01
 3.63074718E-01
 2.34986635E-01
 1.70293051E-01
 1.77090516E-01
 1.84210327E-01
 9.63048972E-03
 2.35073104E-01
 1.35984209E-01
 1.00323293E-01
 1.57349225E-01
 2.05074790E-01
 0.00000000E+00
 1.70269382E-01
 1.00323293E-01
 7.81879653E-02
 1.05440202E-01
 1.77064354E-01
 1.57349225E-01
 1.05440202E-01
 1.84203578E-01
 2.05074790E-01
 9.63048972E-03
 2.18158915E-01
 1.29830497E-01
 1.01691243E-01
 1.58465728E-01
 2.05490989E-01
 1.30046669E-01
 7.02264970E-02
 5.90294379E-02
 1.75978417E-01
 1.01628125E-01
 5.90294379E-02
 4.71279284E-03
 1.58387243E-01
 1.75978417E-01
 2.05463994E-01
 1.25767656E-01
 7.66207999E-02
 7.22999028E-02
 9.93501286E-02
 7.86679457E-02
 5.45945074E-02
 1.10252020E-03
 7.52408290E-02
 8.67228309E-04
 0.00000000E+00
 1.02897402E-01
 1.56475990E-01
 1.66733666E-01
 1.41536685E-01
 1.66081056E-01
 1.96489072E-01
 1.33878070E-01
 1.88272096E-01
 2.39372247E-01
 0.00000000E+00
 2.35448166E-01
 1.03598446E-01
 2.85645994E-01
 1.70461331E-01
 1.15543110E-01
 1.49870227E-01
 7.36971518E-02
 0.00000000E+00
 1.70427879E-01
 1.00323293E-01
 7.81879653E-02
 1.05440202E-01
 0.00000000E+00
 1.15543110E-01
 7.81879653E-02
 6.17444164E-02
 0.00000000E+00
 1.49870227E-01
 1.05440202E-01
 0.00000000E+00
 7.36971518E-02
 0.00000000E+00
 0.00000000E+00
 1.58534766E-01
 1.02139991E-01
 7.81879653E-02
 1.05440202E-01
 1.02050783E-01
 5.90294379E-02
 4.71279284E-03
 7.81879653E-02
 4.71279284E-03
 0.00000000E+00
 1.05440202E-01
 9.12611719E-02
 7.02388423E-02
 7.15343969E-02
 0.00000000E+00
 7.21755684E-02
 4.61983933E-03
 0.00000000E+00
 6.67669190E-02
 0.00000000E+00
 0.00000000E+00
 1.59531273E-01
 1.48115476E-01
 0.00000000E+00
 1.43599360E-01
 0.00000000E+00
 0.00000000E+00
 1.14562851E-01
 0.00000000E+00
 0.00000000E+00
 0.00000000E+00
 2.75226801E-01
 1.77224065E-01
 1.49870227E-01
 5.77146370E-02
 1.77195417E-01
 1.57349225E-01
 1.05440202E-01
 1.49870227E-01
 1.05440202E-01
 0.00000000E+00
 5.77146370E-02
 1.70201598E-01
 1.58866377E-01
 1.05440202E-01
 0.00000000E+00
 1.58780431E-01
 1.75978417E-01
 0.00000000E+00
 1.05440202E-01
 0.00000000E+00
 1.37062754E-01
 9.71397043E-02
 0.00000000E+00
 9.94696649E-02
 0.00000000E+00
 0.00000000E+00
 9.50010427E-02
 0.00000000E+00
 2.54806977E-01
 1.84252120E-01
 7.36971518E-02
 1.84241197E-01
 2.05074790E-01
 7.36971518E-02
 1.80751783E-01
 2.05658164E-01
 0.00000000E+00
 2.05614469E-01
 6.85335275E-02
 2.31951369E-01
 9.63048972E-03
 0.00000000E+00
 9.63048972E-03
 0.00000000E+00
 0.00000000E+00
 9.63048972E-03
 0.00000000E+00
 0.00000000E+00
 0.00000000E+00
 5.88074585E-02
 0.00000000E+00
 3.44356117E-01
 2.05981048E-01
 1.36782244E-01
 1.19870637E-01
 9.47370944E-02
 1.43842634E-01
 2.97110853E-02
 2.06023881E-01
 1.03146331E-01
 5.78383020E-02
 4.54988839E-02
 7.38486424E-02
 2.95744826E-02
 1.36864384E-01
 5.77834181E-02
 3.95464791E-02
 7.13066047E-02
 3.77706441E-02
 0.00000000E+00
 1.19835993E-01
 4.54439210E-02
 7.13066047E-02
 9.40509528E-02
 9.47161866E-02
 7.38284043E-02
 3.77706441E-02
 1.43842634E-01
 2.95744826E-02
 0.00000000E+00
 2.97110853E-02
 1.95274125E-01
 9.61713304E-02
 5.66096643E-02
 4.77246083E-02
 7.49018099E-02
 2.95744826E-02
 0.00000000E+00
 9.62741293E-02
 6.05261648E-02
 5.16696182E-02
 8.75587377E-02
 2.65137074E-01
 0.00000000E+00
 5.68150135E-02
 5.15232609E-02
 5.96612253E-02
 6.75500307E-02
 0.00000000E+00
 4.76322245E-02
 8.73938491E-02
 6.75500307E-02
 0.00000000E+00
 7.48390864E-02
 2.65056121E-01
 0.00000000E+00
 2.95744826E-02
 0.00000000E+00
 0.00000000E+00
 9.76019457E-02
 3.14159022E-02
 3.00914118E-02
 7.27647850E-02
 3.82210231E-02
 0.00000000E+00
 3.30287063E-02
 4.52868127E-02
 6.36687617E-02
 7.43036123E-02
 0.00000000E+00
 3.31468414E-02
 6.48674161E-02
 3.55376714E-02
 0.00000000E+00
 7.51880844E-02
 7.57551029E-02
 0.00000000E+00
 3.98555686E-02
 0.00000000E+00
 0.00000000E+00
 9.01025143E-02
 2.93670532E-02
 7.49508702E-02
 1.14930523E-01
 2.98739715E-02
 9.58217786E-02
 8.59231169E-02
 7.26237447E-02
 8.37067345E-02
 0.00000000E+00
 9.85282398E-02
 8.32308325E-02
 7.33623013E-02
 6.05390742E-02
 0.00000000E+00
 7.44660925E-02
 2.81350039E-01
 0.00000000E+00
 5.71376260E-02
 0.00000000E+00
 2.08910709E-01
 4.78179479E-02
 0.00000000E+00
 4.57201982E-02
 0.00000000E+00
 0.00000000E+00
 2.31975382E-01
 2.05015346E-01
 1.03022260E-01
 5.81575753E-02
 4.57438453E-02
 7.39452472E-02
 2.95744826E-02
 1.03120353E-01
 6.21050692E-02
 4.79247775E-02
 8.43863124E-02
 2.63574892E-01
 0.00000000E+00
 5.80488203E-02
 4.79247775E-02
 5.96612253E-02
 6.75500307E-02
 4.56423886E-02
 8.43863124E-02
 6.75500307E-02
 7.39071833E-02
 2.63574892E-01
 2.95744826E-02
 9.38536452E-02
 6.02159882E-02
 5.25210136E-02
 8.82936219E-02
 2.65523493E-01
 6.04612210E-02
 9.86098980E-02
 1.01444573E-01
 3.07526808E-01
 5.22310003E-02
 1.01444573E-01
 9.95150604E-02
 8.79892516E-02
 3.07526808E-01
 2.65371237E-01
 2.24600504E-02
 3.91389121E-02
 6.14351609E-02
 7.16299564E-02
 4.20641072E-02
 1.20965758E-01
 9.54827864E-02
 6.50472723E-02
 9.74399841E-02
 0.00000000E+00
 7.60008134E-02
 2.80488629E-02
 9.79194512E-02
 9.51068385E-02
 1.00112209E-01
 3.53250410E-01
 9.18439776E-02
 7.17582298E-02
 2.88472067E-01
 0.00000000E+00
 2.86692018E-01
 6.44514601E-02
 1.36718732E-01
 5.86895727E-02
 3.95464791E-02
 7.13066047E-02
 3.77706441E-02
 0.00000000E+00
 5.86190726E-02
 4.79247775E-02
 5.96612253E-02
 6.75500307E-02
 0.00000000E+00
 3.95464791E-02
 5.96612253E-02
 3.40823714E-02
 0.00000000E+00
 7.13066047E-02
 6.75500307E-02
 0.00000000E+00
 3.77706441E-02
 0.00000000E+00
 0.00000000E+00
 5.64508831E-02
 5.39396735E-02
 5.96612253E-02
 6.75500307E-02
 5.37516731E-02
 1.01444573E-01
 9.95150604E-02
 5.96612253E-02
 9.95150604E-02
 0.00000000E+00
 6.75500307E-02
 2.21858382E-02
 6.04624279E-02
 4.39899199E-02
 0.00000000E+00
 6.32018470E-02
 9.10761426E-02
 0.00000000E+00
 3.79330373E-02
 0.00000000E+00
 0.00000000E+00
 8.53020100E-02
 1.02508151E-01
 0.00000000E+00
 1.01309509E-01
 0.00000000E+00
 0.00000000E+00
 7.33110723E-02
 0.00000000E+00
 0.00000000E+00
 0.00000000E+00
 1.20504126E-01
 4.61672938E-02
 7.13066047E-02
 9.40509528E-02
 4.61071206E-02
 8.43863124E-02
 6.75500307E-02
 7.13066047E-02
 6.75500307E-02
 0.00000000E+00
 9.40509528E-02
 4.94139117E-02
 8.95639674E-02
 6.75500307E-02
 0.00000000E+00
 8.93834478E-02
 3.07526808E-01
 0.00000000E+00
 6.75500307E-02
 0.00000000E+00
 7.03975195E-02
 7.09883732E-02
 0.00000000E+00
 7.42874548E-02
 0.00000000E+00
 0.00000000E+00
 1.48013442E-01
 0.00000000E+00
 9.50205279E-02
 7.41070093E-02
 3.77706441E-02
 7.40837239E-02
 2.63574892E-01
 3.77706441E-02
 7.57521104E-02
 2.66170541E-01
 0.00000000E+00
 2.66077400E-01
 3.61250440E-02
 1.43842634E-01
 2.95744826E-02
 0.00000000E+00
 2.95744826E-02
 0.00000000E+00
 0.00000000E+00
 2.95744826E-02
 0.00000000E+00
 0.00000000E+00
 0.00000000E+00
 2.97110853E-02
 0.00000000E+00
 2.52540124E-01
 1.20008262E-01
 6.97074472E-02
 6.84634827E-02
 3.98919463E-02
 1.69045830E-01
 1.58390820E-01
 1.20005328E-01
 3.47390680E-02
 1.40542918E-02
 1.19483058E-02
 4.95768833E-02
 4.00245885E-02
 6.97820686E-02
 1.40241985E-02
 3.25114405E-02
 9.15408784E-02
 8.77672290E-02
 0.00000000E+00
 6.83888770E-02
 1.19069234E-02
 9.15408784E-02
 2.61047743E-01
 3.98476937E-02
 4.95652463E-02
 8.77672290E-02
 1.69045830E-01
 4.00245885E-02
 0.00000000E+00
 1.58390820E-01
 1.13848775E-01
 3.05237561E-02
 1.60485511E-02
 1.75646198E-02
 5.23648630E-02
 4.00245885E-02
 0.00000000E+00
 3.05167152E-02
 1.46275349E-02
 2.34535685E-02
 7.45888558E-02
 3.33954005E-01
 0.00000000E+00
 1.62351046E-02
 2.33733198E-02
 5.32408988E-02
 7.63609043E-02
 0.00000000E+00
 1.73656715E-02
 7.44647084E-02
 7.63609043E-02
 0.00000000E+00
 5.22321050E-02
 3.33907457E-01
 0.00000000E+00
 4.00245885E-02
 0.00000000E+00
 0.00000000E+00
 4.05951533E-02
 4.64886174E-03
 3.19647205E-02
 1.03848615E-01
 9.54407836E-02
 0.00000000E+00
 3.20413852E-03
 2.06431041E-02
 5.76796500E-02
 8.41273593E-02
 0.00000000E+00
 3.49041846E-02
 5.87961880E-02
 6.01448840E-03
 0.00000000E+00
 1.06128348E-01
 8.55422757E-02
 0.00000000E+00
 9.69699210E-02
 0.00000000E+00
 0.00000000E+00
 4.60436009E-02
 1.01058646E-03
 1.02311474E-01
 2.99613629E-01
 1.52076998E-03
 8.92183075E-02
 9.47766004E-02
 1.01076383E-01
 9.29620521E-02
 0.00000000E+00
 2.90990753E-01
 2.85030531E-02
 4.42832614E-02
 1.05245234E-01
 0.00000000E+00
 4.54181957E-02
 3.43020878E-01
 0.00000000E+00
 1.03468889E-01
 0.00000000E+00
 2.20886722E-01
 9.63919864E-02
 0.00000000E+00
 9.32416273E-02
 0.00000000E+00
 0.00000000E+00
 3.32917906E-01
 1.19612966E-01
 3.42126334E-02
 1.41537012E-02
 1.20147352E-02
 4.95777531E-02
 4.00245885E-02
 3.44529066E-02
 1.89030958E-02
 2.14010883E-02
 7.29970630E-02
 3.33583772E-01
 0.00000000E+00
 1.41130793E-02
 2.14010883E-02
 5.32408988E-02
 7.63609043E-02
 1.19592920E-02
 7.29970630E-02
 7.63609043E-02
 4.95658621E-02
 3.33583772E-01
 4.00245885E-02
 2.95750451E-02
 1.33114483E-02
 2.37186602E-02
 7.47881438E-02
 3.33957485E-01
 1.39121312E-02
 1.16319054E-01
 1.41426474E-01
 5.12174715E-01
 2.36103352E-02
 1.41426474E-01
 1.84823441E-01
 7.46218144E-02
 5.12174715E-01
 3.33909921E-01
 1.15148413E-02
 1.27006324E-02
 5.49982487E-02
 8.09429636E-02
 1.64048845E-02
 1.74600937E-01
 1.85825120E-01
 5.85869542E-02
 1.86607312E-01
 0.00000000E+00
 8.53544290E-02
 6.22701142E-04
 8.47411180E-02
 9.89744764E-02
 8.92534987E-02
 5.91553688E-01
 9.77199346E-02
 4.13983489E-02
 3.39798172E-01
 0.00000000E+00
 3.40707000E-01
 1.10068474E-01
 7.01529043E-02
 1.43876668E-02
 3.25114405E-02
 9.15408784E-02
 8.77672290E-02
 0.00000000E+00
 1.43729229E-02
 2.14010883E-02
 5.32408988E-02
 7.63609043E-02
 0.00000000E+00
 3.25114405E-02
 5.32408988E-02
 6.42032648E-03
 0.00000000E+00
 9.15408784E-02
 7.63609043E-02
 0.00000000E+00
 8.77672290E-02
 0.00000000E+00
 0.00000000E+00
 1.71621938E-02
 2.43425686E-02
 5.32408988E-02
 7.63609043E-02
 2.43032513E-02
 1.41426474E-01
 1.84823441E-01
 5.32408988E-02
 1.84823441E-01
 0.00000000E+00
 7.63609043E-02
 2.63989422E-02
 5.25255149E-02
 1.10298763E-02
 0.00000000E+00
 5.55945602E-02
 1.82303885E-01
 0.00000000E+00
 6.39987140E-03
 0.00000000E+00
 0.00000000E+00
 1.10718585E-01
 1.04811890E-01
 0.00000000E+00
 1.05563969E-01
 0.00000000E+00
 0.00000000E+00
 1.15267342E-01
 0.00000000E+00
 0.00000000E+00
 0.00000000E+00
 6.96606062E-02
 1.22036797E-02
 9.15408784E-02
 2.61047743E-01
 1.21855448E-02
 7.29970630E-02
 7.63609043E-02
 9.15408784E-02
 7.63609043E-02
 0.00000000E+00
 2.61047743E-01
 2.07569494E-02
 7.53549773E-02
 7.63609043E-02
 0.00000000E+00
 7.53005725E-02
 5.12174715E-01
 0.00000000E+00
 7.63609043E-02
 0.00000000E+00
 1.04883087E-01
 7.86201487E-02
 0.00000000E+00
 8.23145499E-02
 0.00000000E+00
 0.00000000E+00
 3.25019074E-01
 0.00000000E+00
 4.04360422E-02
 4.96097726E-02
 8.77672290E-02
 4.96092067E-02
 3.33583772E-01
 8.77672290E-02
 5.39971507E-02
 3.34085563E-01
 0.00000000E+00
 3.34083299E-01
 9.54175822E-02
 1.69045830E-01
 4.00245885E-02
 0.00000000E+00
 4.00245885E-02
 0.00000000E+00
 0.00000000E+00
 4.00245885E-02
 0.00000000E+00
 0.00000000E+00
 0.00000000E+00
 1.58390820E-01
 0.00000000E+00
 2.19434402E-01
 9.85363723E-02
 4.72482612E-02
 4.54624898E-02
 1.94271982E-02
 2.29902329E-01
 3.36657332E-01
 9.85285093E-02
 2.31542766E-02
 6.02089439E-03
 1.89050767E-04
 4.80693367E-02
 1.38515129E-01
 4.74110099E-02
 6.00115468E-03
 2.13100198E-02
 7.96052182E-02
 5.86708558E-02
 0.00000000E+00
 4.54610608E-02
 1.47525945E-04
 7.96052182E-02
 2.59408510E-01
 1.94013980E-02
 4.80540068E-02
 5.86708558E-02
 2.29902329E-01
 1.38515129E-01
 0.00000000E+00
 3.36657332E-01
 9.36337117E-02
 2.12834141E-02
 6.39672703E-03
 2.94675918E-03
 4.96756250E-02
 1.38515129E-01
 0.00000000E+00
 2.12645429E-02
 4.75518006E-03
 9.66954257E-03
 5.77353785E-02
 3.62996560E-01
 0.00000000E+00
 6.80359887E-03
 9.61690333E-03
 4.62570863E-02
 6.94453931E-02
 0.00000000E+00
 2.94294865E-03
 5.76108040E-02
 6.94453931E-02
 0.00000000E+00
 4.95982246E-02
 3.62935240E-01
 0.00000000E+00
 1.38515129E-01
 0.00000000E+00
 0.00000000E+00
 2.43837461E-02
 7.25029226E-03
 2.01923686E-02
 8.77756818E-02
 6.43293908E-02
 0.00000000E+00
 6.30749479E-03
 5.48071268E-03
 5.06593258E-02
 7.62328899E-02
 0.00000000E+00
 2.25835832E-02
 5.12829765E-02
 2.18203642E-02
 0.00000000E+00
 8.98950812E-02
 7.72845453E-02
 0.00000000E+00
 6.56843320E-02
 0.00000000E+00
 0.00000000E+00
 2.70068117E-02
 9.42749218E-03
 8.84660111E-02
 2.92485885E-01
 9.33427968E-03
 6.56610429E-02
 8.40032016E-02
 8.72525021E-02
 8.22308689E-02
 0.00000000E+00
 2.85660257E-01
 1.11727318E-02
 4.38943968E-02
 7.40109370E-02
 0.00000000E+00
 4.52223303E-02
 3.67112291E-01
 0.00000000E+00
 7.27948635E-02
 0.00000000E+00
 2.65893461E-01
 1.74063548E-01
 0.00000000E+00
 1.70288593E-01
 0.00000000E+00
 0.00000000E+00
 4.28426817E-01
 9.82422346E-02
 2.25612435E-02
 6.09915305E-03
 2.43681283E-04
 4.80772450E-02
 1.38515129E-01
 2.28565840E-02
 1.01069731E-03
 7.95710676E-03
 5.63827607E-02
 3.62509391E-01
 0.00000000E+00
 6.07286570E-03
 7.95710676E-03
 4.62570863E-02
 6.94453931E-02
 1.87413573E-04
 5.63827607E-02
 6.94453931E-02
 4.80586095E-02
 3.62509391E-01
 1.38515129E-01
 2.05774836E-02
 6.23776279E-03
 9.87823233E-03
 5.78992701E-02
 3.63028193E-01
 5.49941147E-03
 6.99091375E-02
 1.20167680E-01
 5.79280787E-01
 9.80813273E-03
 1.20167680E-01
 1.86326071E-01
 5.77304669E-02
 5.79280787E-01
 3.62953651E-01
 1.29881556E-02
 1.36970166E-03
 4.95132533E-02
 7.49873745E-02
 1.85350544E-03
 1.44541410E-01
 1.88437412E-01
 5.13362914E-02
 1.88125370E-01
 0.00000000E+00
 7.75003359E-02
 1.03078871E-02
 6.02992105E-02
 8.88156272E-02
 6.52391119E-02
 6.50834975E-01
 8.65095087E-02
 4.05334573E-02
 3.58818310E-01
 0.00000000E+00
 3.61501595E-01
 1.86082937E-01
 4.73279395E-02
 6.24540427E-03
 2.13100198E-02
 7.96052182E-02
 5.86708558E-02
 0.00000000E+00
 6.23670755E-03
 7.95710676E-03
 4.62570863E-02
 6.94453931E-02
 0.00000000E+00
 2.13100198E-02
 4.62570863E-02
 2.12417185E-02
 0.00000000E+00
 7.96052182E-02
 6.94453931E-02
 0.00000000E+00
 5.86708558E-02
 0.00000000E+00
 0.00000000E+00
 6.59592289E-03
 1.02682356E-02
 4.62570863E-02
 6.94453931E-02
 1.02450443E-02
 1.20167680E-01
 1.86326071E-01
 4.62570863E-02
 1.86326071E-01
 0.00000000E+00
 6.94453931E-02
 1.42454732E-02
 4.73907361E-02
 2.07665243E-02
 0.00000000E+00
 4.94039295E-02
 1.86395396E-01
 0.00000000E+00
 2.20813366E-02
 0.00000000E+00
 0.00000000E+00
 9.49895642E-02
 9.30323549E-02
 0.00000000E+00
 9.29721574E-02
 0.00000000E+00
 0.00000000E+00
 8.22936794E-02
 0.00000000E+00
 0.00000000E+00
 0.00000000E+00
 4.60912253E-02
 3.81364385E-04
 7.96052182E-02
 2.59408510E-01
 3.63460211E-04
 5.63827607E-02
 6.94453931E-02
 7.96052182E-02
 6.94453931E-02
 0.00000000E+00
 2.59408510E-01
 4.62338717E-03
 5.83123194E-02
 6.94453931E-02
 0.00000000E+00
 5.82586068E-02
 5.79280787E-01
 0.00000000E+00
 6.94453931E-02
 0.00000000E+00
 8.65292106E-02
 7.27713521E-02
 0.00000000E+00
 7.51801357E-02
 0.00000000E+00
 0.00000000E+00
 3.11865471E-01
 0.00000000E+00
 1.97564849E-02
 4.81086149E-02
 5.86708558E-02
 4.81047638E-02
 3.62509391E-01
 5.86708558E-02
 5.06634851E-02
 3.63153673E-01
 0.00000000E+00
 3.63138268E-01
 6.27820743E-02
 2.29902329E-01
 1.38515129E-01
 0.00000000E+00
 1.38515129E-01
 0.00000000E+00
 0.00000000E+00
 1.38515129E-01
 0.00000000E+00
 0.00000000E+00
 0.00000000E+00
 3.36657332E-01
 0.00000000E+00
 1.86324352E-01
 7.70624613E-02
 2.47836560E-02
 2.24574325E-02
 1.03935640E-03
 2.90758828E-01
 5.14923844E-01
 7.70495438E-02
 1.15669775E-02
 2.01444934E-03
 1.15717614E-02
 4.65610115E-02
 2.37005669E-01
 2.50343121E-02
 2.02386098E-03
 1.01085991E-02
 6.76695581E-02
 2.95744826E-02
 0.00000000E+00
 2.25290153E-02
 1.16134489E-02
 6.76695581E-02
 2.57769278E-01
 1.04677732E-03
 4.65419786E-02
 2.95744826E-02
 2.90758828E-01
 2.37005669E-01
 0.00000000E+00
 5.14923844E-01
 7.34085526E-02
 1.20382208E-02
 3.26864503E-03
 1.16819399E-02
 4.69809677E-02
 2.37005669E-01
 0.00000000E+00
 1.20072187E-02
 2.41441640E-02
 4.11967357E-03
 4.08772301E-02
 3.92036000E-01
 0.00000000E+00
 2.64200475E-03
 4.14477127E-03
 3.92732737E-02
 6.25298818E-02
 0.00000000E+00
 1.14910525E-02
 4.07521674E-02
 6.25298818E-02
 0.00000000E+00
 4.69587050E-02
 3.91959868E-01
 0.00000000E+00
 2.37005669E-01
 0.00000000E+00
 0.00000000E+00
 8.09905463E-03
 9.97521972E-03
 8.21955688E-03
 7.15223345E-02
 3.30977222E-02
 0.00000000E+00
 9.47399579E-03
 9.80828442E-03
 4.34356196E-02
 6.80943622E-02
 0.00000000E+00
 1.02237844E-02
 4.37486807E-02
 4.96552168E-02
 0.00000000E+00
 7.36265366E-02
 6.90015138E-02
 0.00000000E+00
 3.43752245E-02
 0.00000000E+00
 0.00000000E+00
 7.48532019E-03
 2.01822489E-02
 7.41272979E-02
 2.84957190E-01
 2.04940553E-02
 4.13519283E-02
 7.27372350E-02
 7.30040825E-02
 7.11639282E-02
 0.00000000E+00
 2.80078949E-01
 6.60356656E-03
 4.35085107E-02
 4.18605208E-02
 0.00000000E+00
 4.50336107E-02
 3.91860773E-01
 0.00000000E+00
 4.10847323E-02
 0.00000000E+00
 3.12140641E-01
 2.54060753E-01
 0.00000000E+00
 2.49854756E-01
 0.00000000E+00
 0.00000000E+00
 5.26925141E-01
 7.68645687E-02
 1.09106870E-02
 1.95852927E-03
 1.15298800E-02
 4.65754832E-02
 2.37005669E-01
 1.12610141E-02
 2.09265924E-02
 5.48687476E-03
 3.97684584E-02
 3.91435011E-01
 0.00000000E+00
 1.97066284E-03
 5.48687476E-03
 3.92732737E-02
 6.25298818E-02
 1.15871168E-02
 3.97684584E-02
 6.25298818E-02
 4.65500309E-02
 3.91435011E-01
 2.37005669E-01
 1.15632786E-02
 2.57848903E-02
 3.97055338E-03
 4.10028743E-02
 3.92093887E-01
 2.49090725E-02
 2.34936158E-02
 9.89088860E-02
 6.46386859E-01
 4.00290957E-03
 9.89088860E-02
 1.87828700E-01
 4.08311637E-02
 6.46386859E-01
 3.91992078E-01
 1.46185364E-02
 1.57237436E-02
 4.35051882E-02
 6.84041017E-02
 1.28196770E-02
 1.14152194E-01
 1.90306627E-01
 4.40481570E-02
 1.89629547E-01
 0.00000000E+00
 6.96012769E-02
 2.03470633E-02
 3.49520753E-02
 7.78601769E-02
 4.03996185E-02
 7.11625182E-01
 7.48691656E-02
 3.96117952E-02
 3.78422561E-01
 0.00000000E+00
 3.82993835E-01
 2.64865007E-01
 2.44988892E-02
 1.88891850E-03
 1.01085991E-02
 6.76695581E-02
 2.95744826E-02
 0.00000000E+00
 1.89151341E-03
 5.48687476E-03
 3.92732737E-02
 6.25298818E-02
 0.00000000E+00
 1.01085991E-02
 3.92732737E-02
 4.89037634E-02
 0.00000000E+00
 6.76695581E-02
 6.25298818E-02
 0.00000000E+00
 2.95744826E-02
 0.00000000E+00
 0.00000000E+00
 3.98056199E-03
 3.78492465E-03
 3.92732737E-02
 6.25298818E-02
 3.79184443E-03
 9.89088860E-02
 1.87828700E-01
 3.92732737E-02
 1.87828700E-01
 0.00000000E+00
 6.25298818E-02
 1.87372786E-03
 4.17831735E-02
 5.13260026E-02
 0.00000000E+00
 4.30450188E-02
 1.89731906E-01
 0.00000000E+00
 5.05417235E-02
 0.00000000E+00
 0.00000000E+00
 7.86208280E-02
 8.04728198E-02
 0.00000000E+00
 7.98128489E-02
 0.00000000E+00
 0.00000000E+00
 4.79931265E-02
 0.00000000E+00
 0.00000000E+00
 0.00000000E+00
 2.25187801E-02
 1.14345991E-02
 6.76695581E-02
 2.57769278E-01
 1.14522289E-02
 3.97684584E-02
 6.25298818E-02
 6.76695581E-02
 6.25298818E-02
 0.00000000E+00
 2.57769278E-01
 1.15183462E-02
 4.12887169E-02
 6.25298818E-02
 0.00000000E+00
 4.12358276E-02
 6.46386859E-01
 0.00000000E+00
 6.25298818E-02
 0.00000000E+00
 6.79788851E-02
 6.63552149E-02
 0.00000000E+00
 6.78437856E-02
 0.00000000E+00
 0.00000000E+00
 2.98009914E-01
 0.00000000E+00
 9.24434325E-04
 4.66106331E-02
 2.95744826E-02
 4.66035185E-02
 3.91435011E-01
 2.95744826E-02
 4.73257340E-02
 3.92234487E-01
 0.00000000E+00
 3.92206028E-01
 3.00156006E-02
 2.90758828E-01
 2.37005669E-01
 0.00000000E+00
 2.37005669E-01
 0.00000000E+00
 0.00000000E+00
 2.37005669E-01
 0.00000000E+00
 0.00000000E+00
 0.00000000E+00
 5.14923844E-01
 0.00000000E+00
 1.86484871E-01
 7.72083620E-02
 2.46520391E-02
 2.22376319E-02
 1.11966904E-03
 2.90758828E-01
 5.14923844E-01
 7.72013720E-02
 1.14548362E-02
 2.06225146E-03
 1.16034185E-02
 4.65616445E-02
 2.37005669E-01
 2.48875195E-02
 2.07700547E-03
 1.01085991E-02
 6.76695581E-02
 2.95744826E-02
 0.00000000E+00
 2.22822197E-02
 1.16487915E-02
 6.76695581E-02
 2.57769278E-01
 1.13718325E-03
 4.65422399E-02
 2.95744826E-02
 2.90758828E-01
 2.37005669E-01
 0.00000000E+00
 5.14923844E-01
 7.37830979E-02
 1.23883825E-02
 3.59768720E-03
 1.22680748E-02
 4.67400298E-02
 2.37005669E-01
 0.00000000E+00
 1.23716065E-02
 2.44245174E-02
 4.24714588E-03
 4.07822588E-02
 3.92038532E-01
 0.00000000E+00
 3.00898615E-03
 4.28648991E-03
 3.92732737E-02
 6.25298818E-02
 0.00000000E+00
 1.21491739E-02
 4.06461397E-02
 6.25298818E-02
 0.00000000E+00
 4.66874872E-02
 3.91960914E-01
 0.00000000E+00
 2.37005669E-01
 0.00000000E+00
 0.00000000E+00
 9.89027702E-03
 8.19517366E-03
 8.63444385E-03
 7.07529814E-02
 3.26781446E-02
 0.00000000E+00
 7.79321372E-03
 9.66287145E-03
 4.35980512E-02
 6.77242061E-02
 0.00000000E+00
 1.02358645E-02
 4.36006783E-02
 4.98346909E-02
 0.00000000E+00
 7.23741107E-02
 6.82238314E-02
 0.00000000E+00
 3.36466677E-02
 0.00000000E+00
 0.00000000E+00
 4.35984325E-03
 2.26606878E-02
 7.13205461E-02
 2.80731463E-01
 2.31071135E-02
 3.73501733E-02
 7.00119657E-02
 6.92044840E-02
 6.69467950E-02
 0.00000000E+00
 2.80128817E-01
 7.91491826E-03
 4.33558656E-02
 3.93518789E-02
 0.00000000E+00
 4.49587566E-02
 3.93187117E-01
 0.00000000E+00
 3.78622551E-02
 0.00000000E+00
 3.14715752E-01
 2.58760737E-01
 0.00000000E+00
 2.54805172E-01
 0.00000000E+00
 0.00000000E+00
 5.31783992E-01
 7.70298801E-02
 1.08070759E-02
 2.01056269E-03
 1.15641334E-02
 4.65767896E-02
 2.37005669E-01
 1.11635446E-02
 2.14920928E-02
 5.48687476E-03
 3.97684584E-02
 3.91435011E-01
 0.00000000E+00
 2.03023745E-03
 5.48687476E-03
 3.92732737E-02
 6.25298818E-02
 1.16263504E-02
 3.97684584E-02
 6.25298818E-02
 4.65514795E-02
 3.91435011E-01
 2.37005669E-01
 1.19600259E-02
 2.60439181E-02
 4.10930918E-03
 4.09001139E-02
 3.92099113E-01
 2.51527464E-02
 2.19856146E-02
 9.89088860E-02
 6.46386859E-01
 4.16177521E-03
 9.89088860E-02
 1.87828700E-01
 4.07134630E-02
 6.46386859E-01
 3.91997872E-01
 1.23380400E-02
 1.49163339E-02
 4.41240799E-02
 6.85887955E-02
 1.22940353E-02
 1.11590681E-01
 1.90427332E-01
 4.39381789E-02
 1.89522097E-01
 0.00000000E+00
 6.88805016E-02
 2.26922672E-02
 3.12340573E-02
 7.55841930E-02
 3.61537840E-02
 7.13877638E-01
 7.01254165E-02
 3.94500743E-02
 3.79094248E-01
 0.00000000E+00
 3.83571966E-01
 2.70127849E-01
 2.42934709E-02
 1.96550533E-03
 1.01085991E-02
 6.76695581E-02
 2.95744826E-02
 0.00000000E+00
 1.97043227E-03
 5.48687476E-03
 3.92732737E-02
 6.25298818E-02
 0.00000000E+00
 1.01085991E-02
 3.92732737E-02
 4.89037634E-02
 0.00000000E+00
 6.76695581E-02
 6.25298818E-02
 0.00000000E+00
 2.95744826E-02
 0.00000000E+00
 0.00000000E+00
 4.49410765E-03
 3.98915622E-03
 3.92732737E-02
 6.25298818E-02
 4.00229472E-03
 9.89088860E-02
 1.87828700E-01
 3.92732737E-02
 1.87828700E-01
 0.00000000E+00
 6.25298818E-02
 2.71580640E-03
 4.28562329E-02
 5.24418444E-02
 0.00000000E+00
 4.36544154E-02
 1.90697764E-01
 0.00000000E+00
 5.07183015E-02
 0.00000000E+00
 0.00000000E+00
 7.48045037E-02
 7.76057431E-02
 0.00000000E+00
 7.55870246E-02
 0.00000000E+00
 0.00000000E+00
 4.36920191E-02
 0.00000000E+00
 0.00000000E+00
 0.00000000E+00
 2.21660565E-02
 1.14856358E-02
 6.76695581E-02
 2.57769278E-01
 1.15047212E-02
 3.97684584E-02
 6.25298818E-02
 6.76695581E-02
 6.25298818E-02
 0.00000000E+00
 2.57769278E-01
 1.24589424E-02
 4.11356068E-02
 6.25298818E-02
 0.00000000E+00
 4.10783505E-02
 6.46386859E-01
 0.00000000E+00
 6.25298818E-02
 0.00000000E+00
 6.70411936E-02
 6.69795768E-02
 0.00000000E+00
 6.79154416E-02
 0.00000000E+00
 0.00000000E+00
 2.90940541E-01
 0.00000000E+00
 1.05698567E-03
 4.66106967E-02
 2.95744826E-02
 4.66038792E-02
 3.91435011E-01
 2.95744826E-02
 4.69280799E-02
 3.92234741E-01
 0.00000000E+00
 3.92207471E-01
 2.95321017E-02
 2.90758828E-01
 2.37005669E-01
 0.00000000E+00
 2.37005669E-01
 0.00000000E+00
 0.00000000E+00
 2.37005669E-01
 0.00000000E+00
 0.00000000E+00
 0.00000000E+00
 5.14923844E-01
 0.00000000E+00
 2.19917910E-01
 9.89749535E-02
 4.68535028E-02
 4.48031572E-02
 1.91862910E-02
 2.29902329E-01
 3.36657332E-01
 9.89848541E-02
 2.28180510E-02
 5.87751664E-03
 9.41024104E-05
 4.80712471E-02
 1.38515129E-01
 4.69707947E-02
 5.84200289E-03
 2.13100198E-02
 7.96052182E-02
 5.86708558E-02
 0.00000000E+00
 4.47207961E-02
 4.17236243E-05
 7.96052182E-02
 2.59408510E-01
 1.91302344E-02
 4.80549034E-02
 5.86708558E-02
 2.29902329E-01
 1.38515129E-01
 0.00000000E+00
 3.36657332E-01
 9.47618982E-02
 2.23360090E-02
 5.40983102E-03
 1.18853884E-03
 4.89529034E-02
 1.38515129E-01
 0.00000000E+00
 2.23597702E-02
 5.59574395E-03
 9.28720189E-03
 5.74505334E-02
 3.63004202E-01
 0.00000000E+00
 5.70306076E-03
 9.19249857E-03
 4.62570863E-02
 6.94453931E-02
 0.00000000E+00
 9.68909232E-04
 5.72933971E-02
 6.94453931E-02
 0.00000000E+00
 4.87847336E-02
 3.62938827E-01
 0.00000000E+00
 1.38515129E-01
 0.00000000E+00
 0.00000000E+00
 2.97686321E-02
 1.89925289E-03
 2.14486359E-02
 8.54780682E-02
 6.30776218E-02
 0.00000000E+00
 1.26299020E-03
 5.91263155E-03
 5.11363096E-02
 7.51100483E-02
 0.00000000E+00
 2.26086809E-02
 5.08041778E-02
 2.22670656E-02
 0.00000000E+00
 8.61277753E-02
 7.49097481E-02
 0.00000000E+00
 6.34919758E-02
 0.00000000E+00
 0.00000000E+00
 1.82351547E-02
 1.65745768E-02
 8.04396806E-02
 2.79862579E-01
 1.68650550E-02
 5.43939217E-02
 7.58723599E-02
 7.62331493E-02
 7.87630417E-02
 0.00000000E+00
 2.85039162E-01
 7.89341498E-03
 4.34310570E-02
 6.77178920E-02
 0.00000000E+00
 4.49853489E-02
 3.69890815E-01
 0.00000000E+00
 6.45055253E-02
 0.00000000E+00
 2.71776859E-01
 1.84734808E-01
 0.00000000E+00
 1.81422210E-01
 0.00000000E+00
 0.00000000E+00
 4.38490103E-01
 9.87426432E-02
 2.22522794E-02
 5.94311063E-03
 1.40967132E-04
 4.80811874E-02
 1.38515129E-01
 2.25660649E-02
 2.70715166E-03
 7.95710676E-03
 5.63827607E-02
 3.62509391E-01
 0.00000000E+00
 5.89422555E-03
 7.95710676E-03
 4.62570863E-02
 6.94453931E-02
 6.97798829E-05
 5.63827607E-02
 6.94453931E-02
 4.80629887E-02
 3.62509391E-01
 1.38515129E-01
 2.17784641E-02
 7.01017295E-03
 9.46211920E-03
 5.75911276E-02
 3.63043963E-01
 6.22570938E-03
 6.53852592E-02
 1.20167680E-01
 5.79280787E-01
 9.33175900E-03
 1.20167680E-01
 1.86326071E-01
 5.73775659E-02
 5.79280787E-01
 3.62971168E-01
 6.11186547E-03
 1.09962292E-03
 5.14401066E-02
 7.56256698E-02
 3.45452577E-03
 1.36899404E-01
 1.88903910E-01
 5.10073388E-02
 1.87803328E-01
 0.00000000E+00
 7.53391879E-02
 1.69752424E-02
 5.01643028E-02
 8.24628514E-02
 5.35130143E-02
 6.54649338E-01
 7.26479535E-02
 4.01271378E-02
 3.59895963E-01
 0.00000000E+00
 3.62110901E-01
 1.97771042E-01
 4.67182562E-02
 6.01842846E-03
 2.13100198E-02
 7.96052182E-02
 5.86708558E-02
 0.00000000E+00
 6.00274136E-03
 7.95710676E-03
 4.62570863E-02
 6.94453931E-02
 0.00000000E+00
 2.13100198E-02
 4.62570863E-02
 2.12417185E-02
 0.00000000E+00
 7.96052182E-02
 6.94453931E-02
 0.00000000E+00
 5.86708558E-02
 0.00000000E+00
 0.00000000E+00
 5.07171465E-03
 9.66296676E-03
 4.62570863E-02
 6.94453931E-02
 9.62113449E-03
 1.20167680E-01
 1.86326071E-01
 4.62570863E-02
 1.86326071E-01
 0.00000000E+00
 6.94453931E-02
 1.68287698E-02
 5.06970214E-02
 2.42881876E-02
 0.00000000E+00
 5.12759263E-02
 1.89397837E-01
 0.00000000E+00
 2.26117529E-02
 0.00000000E+00
 0.00000000E+00
 8.42394347E-02
 8.50457248E-02
 0.00000000E+00
 8.08630790E-02
 0.00000000E+00
 0.00000000E+00
 7.12788299E-02
 0.00000000E+00
 0.00000000E+00
 0.00000000E+00
 4.50379831E-02
 2.30482063E-04
 7.96052182E-02
 2.59408510E-01
 2.08215410E-04
 5.63827607E-02
 6.94453931E-02
 7.96052182E-02
 6.94453931E-02
 0.00000000E+00
 2.59408510E-01
 1.81474148E-03
 5.78596724E-02
 6.94453931E-02
 0.00000000E+00
 5.77928724E-02
 5.79280787E-01
 0.00000000E+00
 6.94453931E-02
 0.00000000E+00
 8.37674911E-02
 7.47489666E-02
 0.00000000E+00
 7.54476725E-02
 0.00000000E+00
 0.00000000E+00
 2.91134948E-01
 0.00000000E+00
 1.93610213E-02
 4.81099196E-02
 5.86708558E-02
 4.81069617E-02
 3.62509391E-01
 5.86708558E-02
 4.94770945E-02
 3.63158891E-01
 0.00000000E+00
 3.63147060E-01
 6.13658142E-02
 2.29902329E-01
 1.38515129E-01
 0.00000000E+00
 1.38515129E-01
 0.00000000E+00
 0.00000000E+00
 1.38515129E-01
 0.00000000E+00
 0.00000000E+00
 0.00000000E+00
 3.36657332E-01
 0.00000000E+00
 2.53346809E-01
 1.20739808E-01
 6.90501927E-02
 6.73651021E-02
 3.94906598E-02
 1.69045830E-01
 1.58390820E-01
 1.20766298E-01
 3.41801483E-02
 1.38155385E-02
 1.17902263E-02
 4.95801512E-02
 4.00245885E-02
 6.90495678E-02
 1.37610112E-02
 3.25114405E-02
 9.15408784E-02
 8.77672290E-02
 0.00000000E+00
 6.71559958E-02
 1.17322387E-02
 9.15408784E-02
 2.61047743E-01
 3.93961513E-02
 4.95675669E-02
 8.77672290E-02
 1.69045830E-01
 4.00245885E-02
 0.00000000E+00
 1.58390820E-01
 1.15731039E-01
 3.22794654E-02
 1.44054148E-02
 1.46356049E-02
 5.11610033E-02
 4.00245885E-02
 0.00000000E+00
 3.23430422E-02
 1.32302356E-02
 2.28168932E-02
 7.41146172E-02
 3.33967077E-01
 0.00000000E+00
 1.44038526E-02
 2.26714870E-02
 5.32408988E-02
 7.63609043E-02
 0.00000000E+00
 1.40779883E-02
 7.39406544E-02
 7.63609043E-02
 0.00000000E+00
 5.08774780E-02
 3.33916740E-01
 0.00000000E+00
 4.00245885E-02
 0.00000000E+00
 0.00000000E+00
 4.95956804E-02
 4.32306234E-03
 3.41436130E-02
 1.00095862E-01
 9.34055700E-02
 0.00000000E+00
 5.19259428E-03
 2.13312886E-02
 5.83990088E-02
 8.21652196E-02
 0.00000000E+00
 3.48643018E-02
 5.77430515E-02
 5.94260549E-03
 0.00000000E+00
 9.97759638E-02
 8.12781138E-02
 0.00000000E+00
 9.32669666E-02
 0.00000000E+00
 0.00000000E+00
 3.23425280E-02
 1.06426270E-02
 8.91747733E-02
 2.78153759E-01
 1.07733128E-02
 7.09074005E-02
 8.58037265E-02
 8.28252921E-02
 9.33701114E-02
 0.00000000E+00
 2.89043315E-01
 2.40695591E-02
 4.33589295E-02
 9.64707534E-02
 0.00000000E+00
 4.48573542E-02
 3.45108634E-01
 0.00000000E+00
 9.15969865E-02
 0.00000000E+00
 2.27601638E-01
 1.08451363E-01
 0.00000000E+00
 1.05585434E-01
 0.00000000E+00
 0.00000000E+00
 3.42138541E-01
 1.20448373E-01
 3.36973128E-02
 1.38940547E-02
 1.18438843E-02
 4.95844935E-02
 4.00245885E-02
 3.39683761E-02
 1.60760163E-02
 2.14010883E-02
 7.29970630E-02
 3.33583772E-01
 0.00000000E+00
 1.38159595E-02
 2.14010883E-02
 5.32408988E-02
 7.63609043E-02
 1.17637269E-02
 7.29970630E-02
 7.63609043E-02
 4.95734063E-02
 3.33583772E-01
 4.00245885E-02
 3.15800229E-02
 1.20231467E-02
 2.30262697E-02
 7.42755912E-02
 3.33984446E-01
 1.27008051E-02
 1.08780175E-01
 1.41426474E-01
 5.12174715E-01
 2.28180156E-02
 1.41426474E-01
 1.84823441E-01
 7.40351189E-02
 5.12174715E-01
 3.33940097E-01
 5.94636298E-05
 1.70910960E-02
 5.87243113E-02
 8.26243575E-02
 1.91790081E-02
 1.62176185E-01
 1.87368092E-01
 5.80458988E-02
 1.86072847E-01
 0.00000000E+00
 8.17611543E-02
 1.11142024E-02
 6.96621388E-02
 8.95335794E-02
 7.14221998E-02
 5.93229223E-01
 8.89354046E-02
 4.07899193E-02
 3.39977261E-01
 0.00000000E+00
 3.39790668E-01
 1.22609290E-01
 6.91378276E-02
 1.40077809E-02
 3.25114405E-02
 9.15408784E-02
 8.77672290E-02
 0.00000000E+00
 1.39812729E-02
 2.14010883E-02
 5.32408988E-02
 7.63609043E-02
 0.00000000E+00
 3.25114405E-02
 5.32408988E-02
 6.42032648E-03
 0.00000000E+00
 9.15408784E-02
 7.63609043E-02
 0.00000000E+00
 8.77672290E-02
 0.00000000E+00
 0.00000000E+00
 1.46245020E-02
 2.33295395E-02
 5.32408988E-02
 7.63609043E-02
 2.32588513E-02
 1.41426474E-01
 1.84823441E-01
 5.32408988E-02
 1.84823441E-01
 0.00000000E+00
 7.63609043E-02
 3.08872400E-02
 5.85426922E-02
 3.88342701E-03
 0.00000000E+00
 5.89027929E-02
 1.88076993E-01
 0.00000000E+00
 5.51084052E-03
 0.00000000E+00
 0.00000000E+00
 9.39648137E-02
 9.27949546E-02
 0.00000000E+00
 8.63810562E-02
 0.00000000E+00
 0.00000000E+00
 9.98794871E-02
 0.00000000E+00
 0.00000000E+00
 0.00000000E+00
 6.79059993E-02
 1.19509348E-02
 9.15408784E-02
 2.61047743E-01
 1.19254383E-02
 7.29970630E-02
 7.63609043E-02
 9.15408784E-02
 7.63609043E-02
 0.00000000E+00
 2.61047743E-01
 1.60779975E-02
 7.45967427E-02
 7.63609043E-02
 0.00000000E+00
 7.45202533E-02
 5.12174715E-01
 0.00000000E+00
 7.63609043E-02
 0.00000000E+00
 1.00444745E-01
 8.25242150E-02
 0.00000000E+00
 8.29863301E-02
 0.00000000E+00
 0.00000000E+00
 2.91246238E-01
 0.00000000E+00
 3.97772904E-02
 4.96113099E-02
 8.77672290E-02
 4.96121875E-02
 3.33583772E-01
 8.77672290E-02
 5.20208951E-02
 3.34091712E-01
 0.00000000E+00
 3.34095222E-01
 9.31668307E-02
 1.69045830E-01
 4.00245885E-02
 0.00000000E+00
 4.00245885E-02
 0.00000000E+00
 0.00000000E+00
 4.00245885E-02
 0.00000000E+00
 0.00000000E+00
 0.00000000E+00
 1.58390820E-01
 0.00000000E+00
 3.46027043E-01
 2.06922928E-01
 1.36636086E-01
 1.19276667E-01
 9.45426136E-02
 1.43842634E-01
 2.97110853E-02
 2.07050045E-01
 1.02421931E-01
 5.72756709E-02
 4.50751175E-02
 7.37026053E-02
 2.95744826E-02
 1.36699685E-01
 5.71700467E-02
 3.95464791E-02
 7.13066047E-02
 3.77706441E-02
 0.00000000E+00
 1.19165664E-01
 4.49819161E-02
 7.13066047E-02
 9.40509528E-02
 9.44953865E-02
 7.36691322E-02
 3.77706441E-02
 1.43842634E-01
 2.95744826E-02
 0.00000000E+00
 2.97110853E-02
 1.99172952E-01
 9.84318438E-02
 5.62442685E-02
 4.61406870E-02
 7.43183675E-02
 2.95744826E-02
 0.00000000E+00
 9.87369246E-02
 5.87151650E-02
 5.01692685E-02
 8.62874383E-02
 2.64552925E-01
 0.00000000E+00
 5.64032653E-02
 4.98876040E-02
 5.96612253E-02
 6.75500307E-02
 0.00000000E+00
 4.58446807E-02
 8.60078343E-02
 6.75500307E-02
 0.00000000E+00
 7.41766862E-02
 2.64419033E-01
 0.00000000E+00
 2.95744826E-02
 0.00000000E+00
 0.00000000E+00
 1.12345837E-01
 4.42929523E-02
 3.75492380E-02
 7.49058231E-02
 4.00216796E-02
 0.00000000E+00
 4.56191210E-02
 4.89493096E-02
 6.56854158E-02
 7.44633011E-02
 0.00000000E+00
 3.87469354E-02
 6.49361818E-02
 3.38345064E-02
 0.00000000E+00
 7.51749771E-02
 7.34373033E-02
 0.00000000E+00
 4.02724053E-02
 0.00000000E+00
 0.00000000E+00
 7.21797967E-02
 1.07208244E-02
 5.39925411E-02
 8.60030164E-02
 9.46758033E-03
 7.07548574E-02
 7.87225797E-02
 5.65917491E-02
 8.43703393E-02
 0.00000000E+00
 1.03577882E-01
 7.73651232E-02
 6.83352253E-02
 5.03887557E-02
 0.00000000E+00
 6.91879979E-02
 2.80606459E-01
 0.00000000E+00
 4.10768992E-02
 0.00000000E+00
 2.14783144E-01
 5.55276113E-02
 0.00000000E+00
 5.30122510E-02
 0.00000000E+00
 0.00000000E+00
 2.38621793E-01
 2.06346624E-01
 1.02241235E-01
 5.75058966E-02
 4.52519954E-02
 7.37730549E-02
 2.95744826E-02
 1.02322794E-01
 6.00247306E-02
 4.79247775E-02
 8.43863124E-02
 2.63574892E-01
 0.00000000E+00
 5.72923763E-02
 4.79247775E-02
 5.96612253E-02
 6.75500307E-02
 4.50709379E-02
 8.43863124E-02
 6.75500307E-02
 7.37057194E-02
 2.63574892E-01
 2.95744826E-02
 9.70487142E-02
 5.82634245E-02
 5.07832037E-02
 8.68180722E-02
 2.64834724E-01
 5.84673220E-02
 9.30623283E-02
 1.01444573E-01
 3.07526808E-01
 5.02138163E-02
 1.01444573E-01
 9.95150604E-02
 8.62748997E-02
 3.07526808E-01
 2.64565382E-01
 3.93435080E-02
 4.63375956E-02
 6.67501785E-02
 7.57760726E-02
 4.74700422E-02
 1.17663871E-01
 1.01462619E-01
 6.56233954E-02
 1.00580065E-01
 0.00000000E+00
 7.43369545E-02
 1.07837840E-02
 7.67462786E-02
 7.57382585E-02
 7.35036486E-02
 3.62119086E-01
 8.28473957E-02
 6.73806260E-02
 2.85988053E-01
 0.00000000E+00
 2.80285464E-01
 7.10603461E-02
 1.36507333E-01
 5.77618323E-02
 3.95464791E-02
 7.13066047E-02
 3.77706441E-02
 0.00000000E+00
 5.76431877E-02
 4.79247775E-02
 5.96612253E-02
 6.75500307E-02
 0.00000000E+00
 3.95464791E-02
 5.96612253E-02
 3.40823714E-02
 0.00000000E+00
 7.13066047E-02
 6.75500307E-02
 0.00000000E+00
 3.77706441E-02
 0.00000000E+00
 0.00000000E+00
 5.59223851E-02
 5.14656989E-02
 5.96612253E-02
 6.75500307E-02
 5.11493134E-02
 1.01444573E-01
 9.95150604E-02
 5.96612253E-02
 9.95150604E-02
 0.00000000E+00
 6.75500307E-02
 3.37474680E-02
 6.73487782E-02
 3.24906412E-02
 0.00000000E+00
 6.71508870E-02
 1.01710969E-01
 0.00000000E+00
 3.34590433E-02
 0.00000000E+00
 0.00000000E+00
 6.01568198E-02
 7.94507196E-02
 0.00000000E+00
 6.82827808E-02
 0.00000000E+00
 0.00000000E+00
 5.60044011E-02
 0.00000000E+00
 0.00000000E+00
 0.00000000E+00
 1.19550937E-01
 4.54660326E-02
 7.13066047E-02
 9.40509528E-02
 4.53689836E-02
 8.43863124E-02
 6.75500307E-02
 7.13066047E-02
 6.75500307E-02
 0.00000000E+00
 9.40509528E-02
 4.68720745E-02
 8.74601836E-02
 6.75500307E-02
 0.00000000E+00
 8.71690367E-02
 3.07526808E-01
 0.00000000E+00
 6.75500307E-02
 0.00000000E+00
 7.40207376E-02
 7.65987564E-02
 0.00000000E+00
 7.63878236E-02
 0.00000000E+00
 0.00000000E+00
 1.00668820E-01
 0.00000000E+00
 9.46937472E-02
 7.38587064E-02
 3.77706441E-02
 7.38210826E-02
 2.63574892E-01
 3.77706441E-02
 7.47717681E-02
 2.65177329E-01
 0.00000000E+00
 2.65026834E-01
 3.91070377E-02
 1.43842634E-01
 2.95744826E-02
 0.00000000E+00
 2.95744826E-02
 0.00000000E+00
 0.00000000E+00
 2.95744826E-02
 0.00000000E+00
 0.00000000E+00
 0.00000000E+00
 2.97110853E-02
 0.00000000E+00
 5.05768102E-01
 3.67363990E-01
 2.88396456E-01
 2.76706910E-01
 2.55498615E-01
 2.31951369E-01
 5.88074585E-02
 3.67704352E-01
 2.36165157E-01
 1.70030398E-01
 1.76898791E-01
 1.84160325E-01
 9.63048972E-03
 2.88790314E-01
 1.70024071E-01
 1.15543110E-01
 1.49870227E-01
 7.36971518E-02
 0.00000000E+00
 2.76922953E-01
 1.76889379E-01
 1.49870227E-01
 5.77146370E-02
 2.55595687E-01
 1.84162183E-01
 7.36971518E-02
 2.31951369E-01
 9.63048972E-03
 0.00000000E+00
 5.88074585E-02
 3.57071591E-01
 2.28453168E-01
 1.65410920E-01
 1.74148555E-01
 1.82826696E-01
 9.63048972E-03
 0.00000000E+00
 2.29270036E-01
 1.32776801E-01
 1.00990835E-01
 1.57890554E-01
 2.05290984E-01
 0.00000000E+00
 1.66395564E-01
 1.00973963E-01
 7.81879653E-02
 1.05440202E-01
 0.00000000E+00
 1.74724668E-01
 1.57862317E-01
 1.05440202E-01
 0.00000000E+00
 1.83117913E-01
 2.05298414E-01
 0.00000000E+00
 9.63048972E-03
 0.00000000E+00
 0.00000000E+00
 2.59902935E-01
 1.49384863E-01
 1.05121007E-01
 1.43188703E-01
 6.91685807E-02
 0.00000000E+00
 1.51443237E-01
 9.38435414E-02
 7.97801951E-02
 1.07192999E-01
 0.00000000E+00
 1.07801798E-01
 7.98192971E-02
 6.16204838E-02
 0.00000000E+00
 1.45197028E-01
 1.07176463E-01
 0.00000000E+00
 7.05431085E-02
 0.00000000E+00
 0.00000000E+00
 2.22893160E-01
 1.28164118E-01
 1.11925405E-01
 2.52999723E-02
 1.25919268E-01
 1.31124332E-01
 1.04330431E-01
 1.24511844E-01
 1.09246149E-01
 0.00000000E+00
 4.08769546E-02
 2.39471185E-01
 1.76191023E-01
 8.06243604E-02
 0.00000000E+00
 1.76156893E-01
 2.10887461E-01
 0.00000000E+00
 6.83717845E-02
 0.00000000E+00
 3.04768899E-01
 8.18142847E-02
 0.00000000E+00
 7.89826470E-02
 0.00000000E+00
 0.00000000E+00
 2.44686389E-01
 3.66534885E-01
 2.35860662E-01
 1.70151440E-01
 1.76991974E-01
 1.84197922E-01
 9.63048972E-03
 2.35975442E-01
 1.35771374E-01
 1.00323293E-01
 1.57349225E-01
 2.05074790E-01
 0.00000000E+00
 1.70092563E-01
 1.00323293E-01
 7.81879653E-02
 1.05440202E-01
 1.76939752E-01
 1.57349225E-01
 1.05440202E-01
 1.84183408E-01
 2.05074790E-01
 9.63048972E-03
 2.26463316E-01
 1.32015565E-01
 1.01313614E-01
 1.58170102E-01
 2.05441370E-01
 1.32302516E-01
 6.96589369E-02
 5.90294379E-02
 1.75978417E-01
 1.01156610E-01
 5.90294379E-02
 4.71279284E-03
 1.58013436E-01
 1.75978417E-01
 2.05383313E-01
 1.44269047E-01
 9.11261406E-02
 8.01811754E-02
 1.07691703E-01
 9.22303345E-02
 6.25043726E-02
 5.77235291E-03
 8.01715408E-02
 5.41010613E-03
 0.00000000E+00
 1.07636653E-01
 1.29636245E-01
 1.30079884E-01
 9.54549895E-02
 1.22650227E-01
 1.86100532E-01
 1.08248635E-01
 1.78808567E-01
 2.25047692E-01
 0.00000000E+00
 2.14910692E-01
 1.01116720E-01
 2.87726605E-01
 1.70252367E-01
 1.15543110E-01
 1.49870227E-01
 7.36971518E-02
 0.00000000E+00
 1.70193822E-01
 1.00323293E-01
 7.81879653E-02
 1.05440202E-01
 0.00000000E+00
 1.15543110E-01
 7.81879653E-02
 6.17444164E-02
 0.00000000E+00
 1.49870227E-01
 1.05440202E-01
 0.00000000E+00
 7.36971518E-02
 0.00000000E+00
 0.00000000E+00
 1.63736291E-01
 1.01582751E-01
 7.81879653E-02
 1.05440202E-01
 1.01426633E-01
 5.90294379E-02
 4.71279284E-03
 7.81879653E-02
 4.71279284E-03
 0.00000000E+00
 1.05440202E-01
 9.97624590E-02
 8.00108494E-02
 6.10824167E-02
 0.00000000E+00
 8.00535637E-02
 5.64127730E-03
 0.00000000E+00
 6.13947358E-02
 0.00000000E+00
 0.00000000E+00
 1.17882466E-01
 9.45128375E-02
 0.00000000E+00
 9.54115674E-02
 0.00000000E+00
 0.00000000E+00
 8.74743004E-02
 0.00000000E+00
 0.00000000E+00
 0.00000000E+00
 2.76389939E-01
 1.77077359E-01
 1.49870227E-01
 5.77146370E-02
 1.77029457E-01
 1.57349225E-01
 1.05440202E-01
 1.49870227E-01
 1.05440202E-01
 0.00000000E+00
 5.77146370E-02
 1.73303299E-01
 1.58426258E-01
 1.05440202E-01
 0.00000000E+00
 1.58282552E-01
 1.75978417E-01
 0.00000000E+00
 1.05440202E-01
 0.00000000E+00
 1.39634263E-01
 1.07539494E-01
 0.00000000E+00
 1.07604020E-01
 0.00000000E+00
 0.00000000E+00
 2.32162123E-02
 0.00000000E+00
 2.55372357E-01
 1.84229931E-01
 7.36971518E-02
 1.84211430E-01
 2.05074790E-01
 7.36971518E-02
 1.82447921E-01
 2.05569407E-01
 0.00000000E+00
 2.05495404E-01
 6.66366617E-02
 2.31951369E-01
 9.63048972E-03
 0.00000000E+00
 9.63048972E-03
 0.00000000E+00
 0.00000000E+00
 9.63048972E-03
 0.00000000E+00
 0.00000000E+00
 0.00000000E+00
 5.88074585E-02
 0.00000000E+00
