 3.57879274E-01
 1.89538063E-01
 9.59560294E-02
 7.22318550E-02
 6.65526813E-02
 9.69533345E-02
 2.29508115E-01
 1.83673548E-01
 1.62831034E-02
 7.26133447E-02
 1.05100989E-01
 1.14494928E-01
 3.72606798E-03
 9.14707120E-02
 6.99264547E-02
 1.02530306E-01
 1.49429310E-01
 2.82757048E-02
 1.55671578E-01
 6.59759513E-02
 1.04054400E-01
 1.55658775E-01
 4.75423776E-02
 6.33424268E-02
 1.13666131E-01
 3.33866935E-02
 1.02041127E-01
 1.87011825E-02
 1.65258869E-01
 2.55752432E-01
 1.87988881E-01
 1.68130148E-02
 7.25125596E-02
 1.05924598E-01
 1.15618224E-01
 2.85221052E-03
 1.91420555E-01
 4.38680252E-03
 1.05127818E-01
 1.73131361E-01
 2.36149254E-01
 1.88831067E-01
 4.72864045E-02
 8.35211498E-02
 1.72978662E-01
 1.63429591E-01
 1.63400475E-01
 1.09847384E-01
 1.17565437E-01
 2.39151569E-01
 1.69123495E-01
 1.28852316E-02
 1.20593324E-01
 1.87343435E-01
 1.09510781E-01
 1.72446813E-02
 6.74904863E-02
 2.36963844E-01
 1.12774253E-01
 5.15901836E-02
 8.75981690E-02
 1.36146653E-01
 1.95373784E-02
 1.60841923E-01
 6.71055030E-02
 1.58816057E-01
 1.54236211E-01
 1.54036613E-01
 1.14407916E-01
 1.06480391E-01
 1.61966550E-01
 3.71320383E-02
 1.20148304E-01
 1.52475109E-01
 1.58396983E-01
 1.22271317E-01
 2.17086243E-02
 1.16607299E-01
 1.78268612E-01
 7.48463373E-02
 9.61714606E-02
 1.50000897E-01
 4.27568010E-02
 1.12570034E-01
 2.34222494E-01
 1.64475758E-01
 1.59168784E-01
 1.60785509E-01
 1.23579769E-01
 3.27275465E-02
 6.32301716E-02
 1.17429577E-01
 3.42774761E-02
 2.48752723E-01
 1.28505722E-01
 1.92374364E-01
 1.10457761E-01
 2.93608443E-02
 1.15385125E-01
 7.96321938E-02
 4.59336162E-03
 1.63656479E-01
 5.76751507E-03
 7.13313194E-02
 1.86130185E-01
 2.27731158E-01
 1.82611498E-01
 1.03956514E-02
 8.04936034E-02
 1.13097366E-01
 1.18450610E-01
 2.36692322E-03
 2.87202036E-03
 1.19759171E-01
 1.87784532E-01
 2.45923099E-01
 1.93493557E-01
 4.59730348E-02
 9.17233568E-02
 1.87541262E-01
 1.65799364E-01
 1.65109076E-01
 1.24624661E-01
 2.49054114E-01
 1.71177285E-01
 1.23365250E-01
 1.92419836E-01
 1.71097757E-02
 4.54284189E-05
 1.24928959E-01
 1.94697914E-01
 2.52304283E-01
 1.98713072E-01
 1.55063821E-01
 6.10780924E-02
 5.74459235E-02
 1.26125741E-01
 2.22728107E-01
 6.43395616E-02
 1.48168284E-02
 2.75736324E-01
 1.35413960E-01
 2.08974544E-01
 7.44198302E-02
 1.76122745E-01
 1.56386361E-01
 1.55770806E-01
 2.09640113E-01
 6.04713583E-02
 1.14614631E-02
 1.80586688E-01
 1.29326351E-02
 1.06750024E-01
 1.69950345E-01
 1.24650913E-01
 2.52544291E-01
 1.71526724E-01
 2.82069041E-01
 1.41128492E-01
 1.77866158E-01
 1.35369036E-01
 2.04969894E-01
 1.10071562E-01
 2.24800703E-01
 1.09265749E-03
 9.12791274E-02
 7.54474330E-02
 1.17075928E-01
 1.55665701E-01
 2.42884031E-02
 1.62869416E-01
 8.96351516E-02
 1.88230696E-01
 1.76549684E-01
 1.65487396E-01
 1.12798594E-01
 1.31659677E-01
 1.82912073E-01
 3.59177091E-02
 1.21560753E-01
 1.67170540E-01
 1.67486398E-01
 1.24476198E-01
 2.30958099E-02
 1.17214703E-01
 1.83738588E-01
 9.01480768E-02
 1.97308690E-01
 1.82140615E-01
 1.68902659E-01
 2.26306233E-01
 7.46920765E-02
 1.58924222E-02
 1.98694892E-01
 1.58674903E-02
 1.07038810E-01
 1.76301426E-01
 1.26685495E-01
 1.76196054E-01
 4.26397733E-02
 1.29058221E-01
 1.94040245E-01
 1.20802526E-02
 1.09646015E-01
 4.31996928E-02
 1.10086533E-01
 1.38305726E-01
 1.78079988E-01
 1.70381967E-01
 1.28806726E-01
 1.80646378E-01
 8.42863907E-02
 1.40956443E-01
 2.80007683E-02
 1.22261464E-01
 1.24388873E-01
 2.10003523E-01
 6.06674234E-02
 1.13793737E-01
 1.71190697E-01
 4.66108523E-02
 1.26792477E-01
 2.56477490E-01
 1.80275949E-01
 1.76957867E-01
 1.76541472E-01
 1.26326007E-01
 3.82195631E-02
 1.30940408E-01
 2.64728860E-01
 1.84022716E-01
 2.17604665E-02
 2.86394645E-01
 1.49440377E-01
 7.92634738E-02
 1.86430386E-01
 8.16338586E-02
 1.74645156E-01
 1.68406227E-01
 1.34421974E-01
 1.78962126E-01
 8.45513642E-02
 1.41702602E-01
 4.08465471E-02
 3.23629928E-01
 5.90162532E-02
 1.19984749E-01
 3.73762160E-02
 1.26191385E-01
 1.94145578E-01
 3.14094483E-02
 1.28027492E-01
 2.00157816E-01
 1.11558502E-01
 2.12750493E-01
 2.62333844E-02
 1.06766076E-01
 3.94348230E-02
 1.90489743E-01
 3.99376460E-02
 9.84691528E-02
 2.03730869E-01
 4.09054680E-02
 9.70965386E-02
 9.56015967E-02
 2.10558538E-01
 2.94478510E-01
 3.17028948E-01
 2.22966334E-01
 1.28232430E-01
 5.75524940E-02
 6.36218496E-02
 4.30540640E-02
 7.01739522E-03
 9.99532599E-02
 1.27456358E-01
 2.71946242E-02
 2.43157434E-02
 2.08467998E-03
 1.06592703E-01
 2.87913962E-02
 5.42865634E-02
 2.20589124E-02
 5.41312431E-02
 9.88360884E-02
 6.76794271E-02
 9.35264579E-02
 5.94950405E-02
 3.49149553E-03
 9.77500515E-02
 8.33667014E-02
 4.06627801E-02
 1.06050445E-01
 7.02814503E-02
 4.68891685E-04
 2.27141080E-02
 1.03131085E-01
 1.09418494E-01
 1.29895769E-01
 2.81243550E-02
 2.42263991E-02
 2.91154828E-03
 1.07212741E-01
 2.89067437E-02
 1.42984759E-01
 3.09316905E-02
 1.01021274E-01
 1.23248100E-01
 1.58279482E-01
 2.91076289E-01
 4.60810933E-02
 2.58201960E-02
 1.23432870E-01
 1.32501568E-01
 1.33014247E-01
 1.14985797E-02
 6.84337057E-03
 1.59002185E-01
 1.36138527E-01
 1.12694383E-02
 1.10885675E-01
 2.90503323E-01
 8.55066474E-03
 2.24325063E-02
 2.64749983E-02
 1.79954990E-01
 6.75549753E-02
 1.32425751E-02
 4.79828894E-02
 9.40824367E-02
 6.28580836E-02
 9.67226887E-02
 1.63914398E-02
 1.16931258E-01
 1.28520651E-01
 1.27557606E-01
 1.70419422E-02
 6.19919311E-02
 1.34671236E-01
 1.05865840E-02
 7.57506552E-02
 1.11968232E-01
 1.30121387E-01
 7.70569095E-02
 6.81366047E-02
 2.02930647E-02
 1.09971253E-01
 6.44258714E-02
 7.92860523E-03
 9.64892021E-02
 8.29699589E-02
 1.12180548E-03
 1.56734020E-01
 1.32515519E-01
 1.14649137E-01
 1.29831392E-01
 7.94486902E-02
 9.34415285E-02
 4.43153642E-02
 1.07668808E-01
 7.10782183E-02
 1.74346504E-01
 1.14683337E-01
 2.96832161E-01
 1.07445857E-02
 7.34009047E-02
 2.02780184E-02
 2.51308127E-02
 3.48693716E-02
 1.01715338E-01
 3.36150940E-02
 2.32189697E-02
 1.16715571E-01
 7.54447936E-02
 1.25197067E-01
 3.07861646E-02
 2.47291126E-02
 7.55643414E-03
 1.08918009E-01
 2.89489055E-02
 3.23470636E-02
 1.00682124E-01
 1.31390308E-01
 1.64088533E-01
 2.95016956E-01
 4.76844581E-02
 2.65044887E-02
 1.31122584E-01
 1.34156182E-01
 1.35035226E-01
 1.11653974E-02
 1.64691270E-01
 1.38652974E-01
 1.12253442E-01
 2.94912227E-01
 2.22060778E-02
 3.55435048E-02
 9.80627336E-02
 1.34576456E-01
 1.68656295E-01
 3.01189059E-01
 9.98282371E-02
 2.44472393E-01
 1.30129980E-01
 2.01837301E-01
 1.49136343E-01
 1.44775198E-01
 5.05553922E-02
 1.82835306E-01
 2.15128031E-01
 3.13285413E-01
 1.34244468E-02
 1.23941846E-01
 1.29363877E-01
 1.31255825E-01
 1.41152530E-01
 1.46848977E-01
 4.99229623E-02
 1.48375656E-01
 5.06222919E-02
 5.85017047E-02
 1.45565591E-01
 9.90288937E-03
 1.65941864E-01
 1.39240577E-01
 1.86711456E-01
 2.25297322E-01
 1.50676884E-01
 1.17782561E-01
 3.07868045E-01
 5.99550313E-03
 3.30328367E-01
 3.73669708E-02
 5.20592021E-02
 1.93183617E-02
 6.28195961E-02
 1.10868644E-01
 6.79655596E-02
 9.69306581E-02
 2.30057651E-02
 1.31568026E-01
 1.42318073E-01
 1.35735871E-01
 1.62934044E-02
 7.43576771E-02
 1.47756226E-01
 1.01687490E-02
 7.72676010E-02
 1.25528911E-01
 1.36945487E-01
 7.91943688E-02
 7.07459495E-02
 2.12505761E-02
 1.13069231E-01
 2.36964074E-02
 1.35913663E-01
 1.46518474E-01
 1.40375756E-01
 1.50365756E-01
 1.66298398E-01
 5.17198897E-02
 1.59878857E-01
 5.16976206E-02
 5.93284528E-02
 1.49721856E-01
 7.30320841E-02
 1.45278806E-01
 1.39332574E-02
 8.20772687E-02
 1.59392679E-01
 4.99577325E-02
 6.06216753E-02
 1.24420395E-02
 6.20537692E-02
 8.74601920E-02
 1.43693705E-01
 1.40434133E-01
 8.35881358E-02
 1.54697747E-01
 7.71928298E-02
 9.02971906E-02
 8.03022701E-02
 2.54163308E-02
 1.71991946E-02
 1.32338869E-01
 5.69844125E-02
 4.84913663E-03
 1.08483555E-01
 9.18957869E-02
 3.76510034E-03
 1.68170977E-01
 1.44028959E-01
 1.24152581E-01
 1.41633295E-01
 8.02086287E-02
 1.02682180E-01
 1.09822852E-02
 1.74305450E-01
 1.49867698E-01
 1.63209013E-02
 1.88617593E-01
 2.35441895E-01
 7.64926630E-02
 1.56819906E-01
 7.85615511E-02
 1.31594037E-01
 1.39919000E-01
 8.53554513E-02
 1.52731805E-01
 8.00397386E-02
 8.95197242E-02
 1.24773580E-01
 2.25698247E-01
 3.75755914E-02
 1.09892490E-01
 7.46092272E-02
 1.13888192E-01
 2.98171504E-01
 7.49450177E-02
 1.16358204E-01
 3.05209738E-01
 4.78242338E-03
 3.19036528E-01
 7.41388296E-02
 2.06378069E-02
 1.63541653E-02
 1.23133217E-01
 1.54103092E-02
 1.49014692E-03
 1.31267471E-01
 1.44053221E-02
 6.17598680E-04
 3.73442417E-03
 1.34234797E-01
 1.16615141E-01
 2.45069079E-01
 1.34798306E-01
 1.20578958E-01
 6.35605750E-03
 7.61726995E-03
 1.28531402E-02
 6.57679609E-02
 9.82125822E-03
 1.18153173E-01
 1.21764245E-01
 3.11005378E-02
 5.16070300E-02
 7.78059030E-02
 1.58434421E-02
 1.99968574E-03
 3.52513160E-02
 5.65573824E-02
 1.10599933E-01
 1.00980378E-01
 5.40034443E-02
 1.29679706E-02
 5.75730109E-02
 1.06468399E-01
 1.59169218E-01
 1.12002900E-02
 7.77792424E-02
 1.01606621E-01
 8.53744428E-02
 1.89822124E-02
 6.21781109E-02
 1.63139181E-02
 1.18500666E-01
 1.23167193E-01
 3.19301255E-02
 5.28342287E-02
 7.71501790E-02
 1.54523265E-02
 1.34478184E-01
 1.31572138E-01
 3.95438379E-02
 1.11270566E-02
 7.29478201E-02
 3.15423005E-01
 4.20467342E-02
 3.41763076E-02
 1.10155110E-02
 7.35310715E-02
 8.65277977E-02
 2.82272735E-02
 5.22749805E-02
 7.65630998E-02
 8.87896277E-02
 2.39956990E-02
 7.94039901E-02
 3.17747198E-01
 3.29279880E-02
 1.75112273E-02
 2.69012238E-02
 1.61339317E-01
 1.13852177E-02
 3.90891203E-02
 5.39071060E-02
 1.09115518E-01
 9.79786220E-02
 5.58978023E-02
 3.98142202E-02
 1.01396751E-02
 7.34973135E-02
 8.49472819E-02
 2.30262677E-02
 6.75707997E-02
 7.94703671E-02
 7.99394016E-04
 6.29164443E-02
 1.29146944E-01
 8.94637527E-02
 6.43228186E-02
 1.04642315E-01
 2.07770432E-02
 6.50333281E-02
 1.22005417E-02
 5.88699107E-02
 1.07648293E-01
 1.59928010E-01
 5.62689414E-02
 7.90787173E-02
 8.75043758E-02
 1.30896262E-01
 8.87936053E-02
 6.73365331E-02
 1.83162710E-01
 1.47441414E-02
 7.85248533E-02
 1.02600230E-01
 1.10851623E-01
 8.10383146E-02
 3.26077376E-01
 3.04546225E-02
 1.08995236E-01
 2.03716077E-02
 1.14207023E-01
 2.85879685E-02
 6.10281852E-02
 2.83424993E-02
 2.41903433E-02
 6.98758039E-02
 5.59668366E-02
 1.10442047E-01
 1.26915250E-01
 2.99185411E-02
 4.68721023E-02
 7.90985851E-02
 1.53436712E-02
 1.34321665E-01
 5.46416722E-02
 1.19916772E-02
 7.28923922E-02
 3.17001201E-01
 4.29249549E-02
 3.26801383E-02
 1.12956857E-02
 7.36677671E-02
 8.71313609E-02
 4.72650118E-02
 7.60237580E-02
 8.96912846E-02
 8.07342358E-02
 3.19647069E-01
 1.75437764E-02
 1.35189985E-01
 6.47811797E-02
 9.96972557E-03
 7.09300180E-02
 3.19975367E-01
 9.09114526E-02
 3.08041254E-01
 1.79296082E-01
 3.25175125E-01
 7.47908499E-03
 1.99272681E-01
 8.88747166E-02
 7.20518989E-02
 3.46014757E-01
 3.28299391E-01
 3.97269004E-02
 6.30911966E-03
 7.15033762E-02
 8.53620972E-02
 3.16682973E-03
 2.05148413E-01
 8.97701958E-02
 8.11747796E-02
 9.07123027E-02
 2.20427295E-02
 9.43814783E-02
 4.65133987E-02
 7.55675641E-02
 8.98815334E-02
 7.50654333E-02
 3.59764244E-01
 9.74066686E-02
 8.34601563E-02
 3.31455276E-01
 3.56303117E-02
 3.43887323E-01
 3.38187476E-02
 1.87004847E-03
 4.20864884E-02
 6.47186914E-02
 1.26749501E-01
 1.04167170E-01
 5.49994068E-02
 4.13864461E-02
 9.30347742E-03
 7.95578524E-02
 8.91713160E-02
 2.25383578E-02
 7.64623611E-02
 8.53535322E-02
 6.26137577E-04
 6.43413351E-02
 1.44106103E-01
 9.30640801E-02
 6.62851829E-02
 1.08696251E-01
 1.89863729E-02
 6.64985607E-02
 4.00227093E-02
 7.20776782E-03
 8.01088787E-02
 9.06237195E-02
 4.06840821E-03
 2.28316422E-01
 9.12766328E-02
 8.73197065E-02
 9.20622692E-02
 2.25903518E-02
 9.73079772E-02
 7.91657094E-02
 8.48733123E-02
 2.15757081E-03
 6.74442284E-02
 8.94739751E-02
 9.18127125E-02
 2.29680543E-02
 7.58802700E-04
 2.50963010E-02
 7.23433723E-02
 1.67404410E-01
 9.70661467E-02
 7.01553758E-02
 1.03321253E-01
 3.58741215E-02
 7.48732710E-02
 1.21436879E-01
 1.52350365E-02
 2.43463287E-02
 7.91230663E-02
 1.67361672E-02
 6.33061246E-02
 1.16759610E-01
 1.74713972E-01
 5.90675661E-02
 8.14136998E-02
 9.51472330E-02
 1.37807441E-01
 9.64558190E-02
 6.75014612E-02
 1.97299402E-01
 5.20799277E-02
 7.94512180E-02
 9.74798387E-02
 2.96883119E-02
 7.68233099E-02
 3.77419676E-01
 3.58802357E-02
 1.02402329E-01
 3.76903971E-02
 1.51828821E-01
 9.65734945E-02
 7.09904518E-02
 1.01980414E-01
 3.84813819E-02
 7.45435058E-02
 2.30964853E-01
 1.45260940E-01
 9.71899880E-03
 7.92418560E-02
 1.05629571E-01
 8.06763668E-02
 3.25617592E-01
 1.09530274E-01
 8.25248661E-02
 3.28844222E-01
 3.80132282E-02
 3.35710716E-01
 1.11854107E-01
 1.28799533E-01
 2.73580856E-02
 7.63470714E-02
 2.66774951E-02
 5.36101022E-03
 8.08449570E-02
 2.59044636E-02
 5.83953698E-03
 6.41362349E-03
 8.16765564E-02
 3.87771391E-02
 2.08728174E-01
 1.15698017E-01
 7.75517460E-02
 1.54611544E-02
 1.35608414E-03
 4.90762163E-02
 1.11359357E-01
 7.94039944E-02
 7.58546222E-02
 1.00749932E-01
 2.61942345E-02
 6.65398755E-02
 6.48587728E-02
 4.39133118E-02
 1.37005051E-02
 2.92440445E-02
 3.42242531E-02
 9.13999840E-02
 6.47570394E-02
 4.18995734E-02
 1.83382562E-03
 7.18873790E-02
 8.81076623E-02
 1.56638092E-01
 4.84014203E-02
 6.53214545E-02
 6.48678876E-02
 1.40911609E-01
 5.21419641E-02
 4.56956170E-02
 9.79231611E-02
 7.62828857E-02
 1.01314664E-01
 2.70047156E-02
 6.76849735E-02
 6.38430677E-02
 4.36939411E-02
 1.06112971E-01
 1.05316868E-01
 1.01154249E-01
 2.00146837E-02
 2.46786614E-02
 3.17520686E-01
 2.58498029E-02
 3.05807968E-02
 2.37736578E-02
 6.07924659E-02
 6.79573886E-02
 3.68900411E-02
 7.06248256E-02
 2.57649647E-02
 6.91335361E-02
 3.83815419E-02
 6.47023070E-02
 3.20629760E-01
 4.21268809E-02
 5.15343271E-02
 1.36977775E-02
 1.28563305E-01
 2.15352827E-02
 3.25049342E-02
 3.27418755E-02
 9.16443549E-02
 6.30297028E-02
 4.37740757E-02
 3.45969583E-02
 2.48005944E-02
 6.12962582E-02
 6.75054762E-02
 3.17008187E-02
 4.04684464E-02
 6.60579289E-02
 8.84901826E-03
 5.00672905E-02
 1.06694787E-01
 7.11973664E-02
 5.15562891E-02
 6.77015552E-02
 2.94833152E-02
 4.93327284E-02
 2.73746321E-04
 7.34381615E-02
 8.93458672E-02
 1.57420376E-01
 7.41663626E-02
 2.85429920E-02
 6.78652730E-02
 1.07403034E-01
 6.98096539E-02
 5.55139405E-02
 1.78376635E-01
 5.36493725E-02
 6.62876047E-02
 6.55430701E-02
 1.28697479E-01
 6.63605159E-02
 3.29957612E-01
 3.99397292E-02
 7.04360855E-02
 2.95143339E-02
 1.72597255E-01
 6.08669760E-02
 4.56091474E-02
 6.42569065E-02
 1.03805062E-02
 5.23377189E-02
 1.39456283E-01
 7.09845285E-02
 1.00742567E-01
 2.69972881E-02
 6.47997240E-02
 6.46573013E-02
 4.36703476E-02
 1.04258142E-01
 1.15614797E-01
 1.94504686E-02
 2.37994299E-02
 3.18247738E-01
 2.64199088E-02
 3.09426862E-02
 2.39221000E-02
 6.09886192E-02
 6.84286605E-02
 6.82562537E-02
 2.41167575E-02
 6.97801071E-02
 6.49997332E-02
 3.21412744E-01
 5.19903269E-02
 1.03458339E-01
 1.25789781E-01
 2.16435250E-02
 2.01279181E-02
 3.19112188E-01
 1.52631129E-01
 1.84626265E-01
 1.46154750E-01
 3.47847964E-01
 2.91090874E-02
 1.62097563E-01
 8.86422671E-02
 1.47379645E-02
 3.69193949E-01
 3.24320135E-01
 3.75994147E-02
 2.83470197E-02
 6.03978173E-02
 6.79564448E-02
 3.40696127E-02
 1.67946582E-01
 8.99300539E-02
 6.78459682E-02
 9.08279710E-02
 1.94241130E-02
 7.46728759E-02
 6.99465461E-02
 2.26712532E-02
 7.00791713E-02
 1.56998572E-02
 3.83315856E-01
 7.61611795E-02
 6.62401557E-02
 3.32333792E-01
 4.47782919E-02
 3.38068702E-01
 7.20571739E-02
 1.18380469E-02
 3.53854838E-02
 3.88181978E-02
 1.04052009E-01
 6.73556631E-02
 4.36913011E-02
 3.66224029E-02
 3.07865457E-02
 6.59187428E-02
 7.08802052E-02
 3.08107655E-02
 4.52908333E-02
 7.07573158E-02
 9.36799194E-03
 5.10809381E-02
 1.17697168E-01
 7.43440286E-02
 5.30503295E-02
 7.06659107E-02
 2.73960094E-02
 5.11727569E-02
 3.77864943E-02
 3.39318948E-02
 6.64860091E-02
 7.19668395E-02
 3.87118783E-02
 1.84902999E-01
 9.11747740E-02
 7.26926560E-02
 9.21762510E-02
 1.98918689E-02
 7.74853173E-02
 4.48650764E-02
 7.13190170E-02
 9.34980801E-03
 5.29411298E-02
 7.47546650E-02
 9.25088209E-02
 2.00245234E-02
 1.08654673E-02
 2.18413634E-02
 5.72752768E-02
 1.34631123E-01
 7.80511859E-02
 5.62954468E-02
 8.21974784E-02
 1.95525725E-02
 5.93642977E-02
 7.95846133E-02
 2.38507557E-02
 3.21265059E-02
 6.13905210E-02
 4.71556819E-03
 7.91527569E-02
 9.63960343E-02
 1.71418670E-01
 7.82179076E-02
 2.53611567E-02
 7.41567582E-02
 1.13153876E-01
 7.62937812E-02
 5.44540269E-02
 1.93074410E-01
 7.50438870E-02
 2.07084575E-02
 7.57632885E-02
 4.43012410E-02
 1.35070970E-02
 4.00638058E-01
 1.72834226E-02
 8.04513699E-02
 1.99241393E-02
 1.23311982E-01
 7.72351753E-02
 5.67321161E-02
 8.08985228E-02
 2.10337771E-02
 5.96170243E-02
 2.21874810E-01
 1.60785473E-01
 4.75105456E-02
 6.60340288E-02
 6.77711772E-02
 6.57200820E-02
 3.27933977E-01
 7.10301328E-02
 6.61338218E-02
 3.28511930E-01
 4.69765881E-02
 3.31151606E-01
 7.28262156E-02
 2.03088948E-01
 6.97451897E-02
 5.33953952E-02
 7.07939354E-02
 3.86023509E-03
 5.77423446E-02
 7.08714434E-02
 3.67933136E-03
 3.64320455E-03
 5.88530934E-02
 1.43310496E-01
 1.67716131E-01
 9.65964187E-02
 3.45390964E-02
 2.45643507E-02
 1.03275226E-02
 8.52919594E-02
 1.56941733E-01
 1.48972512E-01
 3.35701236E-02
 7.97433891E-02
 2.12901655E-02
 8.14702118E-02
 5.19143982E-02
 7.19771401E-02
 2.53980594E-02
 2.32406915E-02
 1.18964123E-02
 7.22047668E-02
 2.85426789E-02
 2.97984747E-02
 9.29714434E-03
 8.61996263E-02
 6.97518252E-02
 1.54107934E-01
 8.55924390E-02
 5.28668583E-02
 2.81398774E-02
 1.96432751E-01
 8.52918439E-02
 2.92181047E-02
 1.79505353E-01
 3.40654121E-02
 7.94793008E-02
 2.20801793E-02
 8.25320386E-02
 5.05393919E-02
 7.19288729E-02
 7.77547057E-02
 7.90785453E-02
 1.62756290E-01
 5.11509579E-02
 2.35792618E-02
 3.19617668E-01
 9.65764976E-03
 2.69849368E-02
 5.85582411E-02
 4.80577648E-02
 4.93927427E-02
 4.55505264E-02
 8.89683711E-02
 2.50201270E-02
 4.94841307E-02
 5.27621939E-02
 5.00061649E-02
 3.23510942E-01
 5.13228283E-02
 8.55446623E-02
 5.00331566E-04
 9.58019193E-02
 3.17677270E-02
 2.61417365E-02
 1.13212248E-02
 7.40241370E-02
 2.80409627E-02
 3.16537757E-02
 2.94592422E-02
 5.98756310E-02
 4.89128485E-02
 4.99597607E-02
 4.03367315E-02
 1.33852430E-02
 5.26536306E-02
 1.84966881E-02
 3.72212417E-02
 8.42573420E-02
 5.29407233E-02
 3.87934217E-02
 3.07801831E-02
 3.81865557E-02
 3.36401242E-02
 1.26003203E-02
 8.79193130E-02
 7.11375964E-02
 1.54875077E-01
 9.18843914E-02
 2.14604063E-02
 4.83652905E-02
 8.41698646E-02
 5.10379215E-02
 4.23502056E-02
 1.73668691E-01
 9.20685125E-02
 5.41836774E-02
 2.89333872E-02
 1.46321986E-01
 5.18282744E-02
 3.33804042E-01
 4.93292656E-02
 3.22804885E-02
 3.85840300E-02
 2.30270678E-01
 9.27232132E-02
 3.03747405E-02
 9.97383551E-02
 3.25888899E-03
 3.49232144E-02
 2.21896201E-01
 3.15405984E-02
 7.45915574E-02
 2.40871748E-02
 8.27295024E-02
 5.02174595E-02
 7.19906332E-02
 7.42270884E-02
 1.76571323E-01
 5.08843858E-02
 2.52809180E-02
 3.19494391E-01
 9.91946061E-03
 2.92234604E-02
 5.91306069E-02
 4.83131374E-02
 4.97314296E-02
 8.92515824E-02
 2.77749226E-02
 4.98752813E-02
 4.92673658E-02
 3.23178317E-01
 8.64248111E-02
 7.17448268E-02
 1.86812568E-01
 5.32678277E-02
 3.06716135E-02
 3.18245837E-01
 2.14380915E-01
 6.12514482E-02
 1.13024628E-01
 3.70514760E-01
 6.57183739E-02
 1.24935022E-01
 8.84103303E-02
 4.25733508E-02
 3.92364901E-01
 3.20337492E-01
 3.56813638E-02
 6.34189958E-02
 4.87842630E-02
 5.02555033E-02
 7.14908041E-02
 1.30498977E-01
 8.97519773E-02
 5.44811256E-02
 9.09504722E-02
 1.68055669E-02
 5.49513410E-02
 9.31993584E-02
 2.98132648E-02
 5.02518640E-02
 4.31458610E-02
 4.06548847E-01
 5.50729659E-02
 4.91921496E-02
 3.33176036E-01
 5.38272876E-02
 3.32257413E-01
 1.09784749E-01
 2.55421816E-02
 2.86975518E-02
 1.29244535E-02
 8.13606682E-02
 3.05542637E-02
 3.23860410E-02
 3.18763357E-02
 7.08650354E-02
 5.22837824E-02
 5.25947615E-02
 3.90810013E-02
 1.41288463E-02
 5.61659429E-02
 1.93592722E-02
 3.78246255E-02
 9.12975610E-02
 5.56310354E-02
 3.98199844E-02
 3.26509724E-02
 3.58026842E-02
 3.58535112E-02
 3.55497322E-02
 7.50799769E-02
 5.28678425E-02
 5.33165176E-02
 8.15083450E-02
 1.41505976E-01
 9.10734279E-02
 5.80718222E-02
 9.22907488E-02
 1.71940067E-02
 5.76724902E-02
 1.03499084E-02
 5.72974474E-02
 2.03040529E-02
 3.87669123E-02
 5.98408751E-02
 9.28988115E-02
 1.74642139E-02
 2.24812606E-02
 1.85857751E-02
 4.22182806E-02
 1.02146826E-01
 5.90348545E-02
 4.27958656E-02
 6.11731461E-02
 3.44060015E-03
 4.38893804E-02
 3.82305247E-02
 3.24240413E-02
 3.98993444E-02
 4.36859621E-02
 7.30115145E-03
 9.50008889E-02
 7.60388414E-02
 1.68124767E-01
 9.73710852E-02
 3.06725494E-02
 5.31738297E-02
 8.85096355E-02
 5.61398351E-02
 4.14113285E-02
 1.88851819E-01
 9.79987404E-02
 3.80232963E-02
 5.40557557E-02
 5.89076803E-02
 4.97985633E-02
 4.23847332E-01
 1.30530644E-03
 5.85121810E-02
 2.16667093E-03
 9.46885439E-02
 5.76563495E-02
 4.27720968E-02
 5.97238332E-02
 3.75855214E-03
 4.47025116E-02
 2.12942435E-01
 1.76108258E-01
 8.52891721E-02
 5.28292831E-02
 2.99268182E-02
 5.07672864E-02
 3.30250127E-01
 3.25479749E-02
 4.97508772E-02
 3.28177260E-01
 5.59361752E-02
 3.26591169E-01
 3.37902449E-02
 2.77348937E-01
 1.12114864E-01
 3.04534453E-02
 1.14889871E-01
 1.30760970E-02
 3.46525157E-02
 1.15813228E-01
 1.31913543E-02
 1.36914091E-02
 3.60498100E-02
 2.47791890E-01
 1.26734927E-01
 9.65430704E-02
 3.48347621E-02
 2.44056427E-02
 1.00710660E-02
 8.51892102E-02
 1.56919618E-01
 1.48937629E-01
 3.37408345E-02
 7.97572670E-02
 2.12542322E-02
 8.14433009E-02
 5.19273147E-02
 7.19608702E-02
 2.53194952E-02
 2.32256863E-02
 1.19140797E-02
 7.22218539E-02
 2.85721851E-02
 2.98075363E-02
 9.16771883E-03
 8.61839108E-02
 6.97668697E-02
 1.54114427E-01
 8.55146493E-02
 5.28823383E-02
 2.81773834E-02
 1.96393366E-01
 8.52631328E-02
 2.92409494E-02
 1.79433692E-01
 3.40145144E-02
 7.99713483E-02
 2.18139923E-02
 8.20742672E-02
 5.06925510E-02
 7.19104184E-02
 7.77757241E-02
 7.93534681E-02
 1.62672880E-01
 5.10515125E-02
 2.35032569E-02
 3.19628426E-01
 9.67328832E-03
 2.68932338E-02
 5.84763601E-02
 4.80754878E-02
 4.94111039E-02
 4.55404103E-02
 8.87654371E-02
 2.49429889E-02
 4.95077191E-02
 5.27530338E-02
 5.00968232E-02
 3.23527376E-01
 5.13111848E-02
 8.55029465E-02
 5.08740145E-04
 9.58676546E-02
 3.10571814E-02
 2.60192489E-02
 1.24124652E-02
 7.54636018E-02
 2.87623149E-02
 3.13745965E-02
 2.92700368E-02
 5.92143813E-02
 4.94881820E-02
 5.04750393E-02
 4.04821314E-02
 1.38030305E-02
 5.30387616E-02
 1.86589072E-02
 3.71411177E-02
 8.46354375E-02
 5.31042514E-02
 3.87229620E-02
 3.09598216E-02
 3.81901354E-02
 3.36651041E-02
 1.39326989E-02
 8.80171689E-02
 7.13480998E-02
 1.54267438E-01
 9.20824093E-02
 2.03153937E-02
 4.84473029E-02
 8.28438206E-02
 5.05107090E-02
 3.89068799E-02
 1.73414992E-01
 9.13419977E-02
 5.47472048E-02
 3.02454311E-02
 1.45741807E-01
 5.21305192E-02
 3.33962926E-01
 4.94680063E-02
 3.25409049E-02
 3.87373156E-02
 2.28342290E-01
 9.16095196E-02
 3.09035243E-02
 9.87624320E-02
 2.89248515E-03
 3.49582789E-02
 2.18875758E-01
 3.17520594E-02
 7.46399381E-02
 2.40472422E-02
 8.26970459E-02
 5.02335042E-02
 7.19731973E-02
 7.42282730E-02
 1.76172000E-01
 5.08559218E-02
 2.52416830E-02
 3.19502312E-01
 9.93331594E-03
 2.92176204E-02
 5.90887195E-02
 4.83304135E-02
 4.97486008E-02
 8.92282536E-02
 2.77194805E-02
 4.98966868E-02
 4.92984266E-02
 3.23190198E-01
 8.63864330E-02
 7.21340412E-02
 1.86774141E-01
 5.31644743E-02
 3.05891887E-02
 3.18263540E-01
 2.14220410E-01
 6.20539346E-02
 1.13065290E-01
 3.70503242E-01
 6.56565422E-02
 1.25007735E-01
 8.84249542E-02
 4.24798392E-02
 3.92364286E-01
 3.20397940E-01
 3.53812093E-02
 6.25608126E-02
 4.94281191E-02
 5.08043277E-02
 7.07707168E-02
 1.31707975E-01
 8.98188200E-02
 5.47171270E-02
 9.10689973E-02
 1.67428907E-02
 5.50499450E-02
 9.38478390E-02
 2.89299898E-02
 5.00059821E-02
 4.25907372E-02
 4.05176387E-01
 5.42143269E-02
 4.92495640E-02
 3.33022095E-01
 5.36110598E-02
 3.31091461E-01
 1.08465406E-01
 2.55949034E-02
 2.87150057E-02
 1.29507378E-02
 8.13885168E-02
 3.05891233E-02
 3.23949608E-02
 3.19366671E-02
 7.08100707E-02
 5.23058919E-02
 5.26139905E-02
 3.90692218E-02
 1.41850060E-02
 5.61970857E-02
 1.93486294E-02
 3.78429619E-02
 9.13602369E-02
 5.56584018E-02
 3.98416534E-02
 3.27176078E-02
 3.57828957E-02
 3.58857421E-02
 3.57167545E-02
 7.50213249E-02
 5.28915621E-02
 5.33390031E-02
 8.15130663E-02
 1.41620369E-01
 9.10899587E-02
 5.81118203E-02
 9.23084405E-02
 1.71999074E-02
 5.77165390E-02
 1.07891927E-02
 5.79406518E-02
 2.04640301E-02
 3.86937737E-02
 6.00881916E-02
 9.29827499E-02
 1.76747387E-02
 2.24843121E-02
 1.85982445E-02
 4.22731009E-02
 1.00105668E-01
 5.85432658E-02
 4.37309350E-02
 6.03663912E-02
 4.31571611E-03
 4.30209661E-02
 3.77805291E-02
 3.25391987E-02
 3.99715337E-02
 4.36199479E-02
 7.42144509E-03
 9.49990844E-02
 7.60611544E-02
 1.68137216E-01
 9.73846259E-02
 3.05982952E-02
 5.32016804E-02
 8.85667187E-02
 5.61713292E-02
 4.14340559E-02
 1.88892934E-01
 9.82500155E-02
 3.79317185E-02
 5.40945327E-02
 5.88953969E-02
 4.97041973E-02
 4.23866233E-01
 1.26863587E-03
 5.85732490E-02
 2.20846869E-03
 9.46285608E-02
 5.80118111E-02
 4.27221674E-02
 5.98552308E-02
 3.79365131E-03
 4.47703601E-02
 2.09932510E-01
 1.75505895E-01
 8.52783830E-02
 5.28495806E-02
 2.99798797E-02
 5.08003363E-02
 3.30265250E-01
 3.26286055E-02
 4.97144794E-02
 3.28217116E-01
 5.59263671E-02
 3.26682728E-01
 3.37355684E-02
 2.77276348E-01
 1.12064291E-01
 3.04993273E-02
 1.14824880E-01
 1.30796297E-02
 3.47156997E-02
 1.15725606E-01
 1.31950854E-02
 1.36872698E-02
 3.63068901E-02
 2.47651625E-01
 1.26884433E-01
 1.15532863E-01
 7.84266450E-02
 1.49874202E-02
 5.89246396E-04
 4.87786617E-02
 1.11306816E-01
 7.93209222E-02
 7.63543094E-02
 1.00785287E-01
 2.60848867E-02
 6.64638459E-02
 6.48933233E-02
 4.38738710E-02
 1.34685921E-02
 2.91970814E-02
 3.42696775E-02
 9.14445338E-02
 6.48325032E-02
 4.19222559E-02
 2.21812581E-03
 7.18454674E-02
 8.81458754E-02
 1.56656583E-01
 4.81826687E-02
 6.53628120E-02
 6.49648385E-02
 1.40817953E-01
 5.20711235E-02
 4.57561818E-02
 9.77492522E-02
 7.61167208E-02
 1.02783210E-01
 2.62041577E-02
 6.63167296E-02
 6.42978195E-02
 4.36489566E-02
 1.06165294E-01
 1.06132285E-01
 1.00926560E-01
 1.97279826E-02
 2.48880163E-02
 3.17553808E-01
 2.58900185E-02
 3.03043201E-02
 2.35422321E-02
 6.08402652E-02
 6.80043557E-02
 3.68636255E-02
 7.00242140E-02
 2.59729901E-02
 6.91948774E-02
 3.83612654E-02
 6.49668456E-02
 3.20680563E-01
 4.20970566E-02
 5.14290218E-02
 1.37148405E-02
 1.28737822E-01
 1.94228028E-02
 3.21952887E-02
 3.59132796E-02
 9.58996704E-02
 6.51597965E-02
 4.29310501E-02
 3.40940430E-02
 2.30125189E-02
 6.27692724E-02
 6.88967811E-02
 3.20936803E-02
 4.16016625E-02
 6.69493602E-02
 9.00043224E-03
 5.00202913E-02
 1.07755802E-01
 7.15318643E-02
 5.15286241E-02
 6.81961920E-02
 2.94551806E-02
 4.93945049E-02
 4.67230666E-03
 7.44979642E-02
 8.89692777E-02
 1.55161510E-01
 7.55483768E-02
 3.00140806E-02
 6.63744384E-02
 1.02433678E-01
 6.99193862E-02
 5.01599104E-02
 1.76871383E-01
 5.22530236E-02
 6.75424001E-02
 6.85237384E-02
 1.27442477E-01
 6.68176492E-02
 3.30062784E-01
 3.99622896E-02
 7.03790957E-02
 2.95780016E-02
 1.67905709E-01
 5.81324450E-02
 4.69072312E-02
 6.19441493E-02
 1.12512590E-02
 5.22141691E-02
 1.32016791E-01
 7.16065047E-02
 1.00879136E-01
 2.68763172E-02
 6.47081612E-02
 6.47005630E-02
 4.36279511E-02
 1.04251472E-01
 1.14438113E-01
 1.93762592E-02
 2.38990998E-02
 3.18271978E-01
 2.64550038E-02
 3.09244955E-02
 2.38100101E-02
 6.10353901E-02
 6.84724485E-02
 6.81950036E-02
 2.42605957E-02
 6.98353402E-02
 6.50854853E-02
 3.21449253E-01
 5.18939028E-02
 1.04613585E-01
 1.25697377E-01
 2.13455883E-02
 2.03546425E-02
 3.19165009E-01
 1.52175225E-01
 1.86980084E-01
 1.46261968E-01
 3.47823990E-01
 2.89408208E-02
 1.62297407E-01
 8.86860104E-02
 1.49874433E-02
 3.69205291E-01
 3.24498921E-01
 3.66776985E-02
 2.57841237E-02
 6.23131452E-02
 6.95873640E-02
 3.19511853E-02
 1.71467441E-01
 9.00115178E-02
 6.84789024E-02
 9.10190194E-02
 1.94432116E-02
 7.49163534E-02
 7.24043363E-02
 2.40839519E-02
 6.86047777E-02
 1.60581274E-02
 3.78859799E-01
 7.28157891E-02
 6.60476700E-02
 3.31756540E-01
 4.41231779E-02
 3.34355061E-01
 6.88351282E-02
 1.20005938E-02
 3.54350640E-02
 3.88873334E-02
 1.04126774E-01
 6.74455505E-02
 4.37133998E-02
 3.68013007E-02
 3.06379586E-02
 6.59793234E-02
 7.09299054E-02
 3.07791776E-02
 4.54455149E-02
 7.08440199E-02
 9.34085526E-03
 5.11293037E-02
 1.17871858E-01
 7.44162201E-02
 5.31079707E-02
 7.08435287E-02
 2.73418708E-02
 5.12587700E-02
 3.82856798E-02
 3.37741798E-02
 6.65506876E-02
 7.20250815E-02
 3.87471960E-02
 1.85223345E-01
 9.12242996E-02
 7.28041016E-02
 9.22293828E-02
 1.99078205E-02
 7.76037440E-02
 4.62108801E-02
 7.33105887E-02
 9.91511036E-03
 5.26660726E-02
 7.55167310E-02
 9.28022850E-02
 2.05990258E-02
 1.08787489E-02
 2.18900000E-02
 5.74268781E-02
 1.28026605E-01
 7.62933341E-02
 5.88549445E-02
 7.94277838E-02
 2.18777252E-02
 5.67526797E-02
 7.75824901E-02
 2.43027428E-02
 3.23692668E-02
 6.09884587E-02
 4.35000256E-03
 7.91539480E-02
 9.64539331E-02
 1.71454493E-01
 7.82673781E-02
 2.55565807E-02
 7.42296300E-02
 1.13311849E-01
 7.63768700E-02
 5.45144465E-02
 1.93195069E-01
 7.58094419E-02
 2.09506136E-02
 7.58668911E-02
 4.42733617E-02
 1.37507044E-02
 4.00710071E-01
 1.73804317E-02
 8.06180738E-02
 2.00352626E-02
 1.23136475E-01
 7.83235047E-02
 5.65290442E-02
 8.12893184E-02
 2.11000897E-02
 5.98057647E-02
 2.12775689E-01
 1.59076668E-01
 4.74967879E-02
 6.60881682E-02
 6.79100150E-02
 6.58107054E-02
 3.27980725E-01
 7.12460291E-02
 6.60138115E-02
 3.28631325E-01
 4.69538630E-02
 3.31422571E-01
 7.26306599E-02
 2.02916025E-01
 6.96203464E-02
 5.35177055E-02
 7.06305987E-02
 3.87785923E-03
 5.79115918E-02
 7.06475706E-02
 3.69934481E-03
 3.64183400E-03
 5.95912373E-02
 1.42968477E-01
 1.68116912E-01
 1.34515277E-01
 1.22016402E-01
 5.56983226E-03
 8.89149767E-03
 1.23749117E-02
 6.57033938E-02
 9.71876849E-03
 1.18965207E-01
 1.21812711E-01
 3.09158971E-02
 5.14882620E-02
 7.78564518E-02
 1.57933207E-02
 1.61949045E-03
 3.51699427E-02
 5.66204584E-02
 1.10662995E-01
 1.01084391E-01
 5.40337466E-02
 1.36018274E-02
 5.75119660E-02
 1.06520551E-01
 1.59198384E-01
 1.08600729E-02
 7.78396731E-02
 1.01742258E-01
 8.52591793E-02
 1.88896299E-02
 6.22657724E-02
 1.60925229E-02
 1.18202646E-01
 1.25601072E-01
 3.05913274E-02
 5.05615596E-02
 7.79004555E-02
 1.53946492E-02
 1.34547501E-01
 1.32915511E-01
 3.92019362E-02
 1.15851591E-02
 7.32654429E-02
 3.15479557E-01
 4.21025912E-02
 3.37132835E-02
 1.13772605E-02
 7.36017853E-02
 8.65925461E-02
 2.81897994E-02
 5.12876413E-02
 7.68706766E-02
 8.88761534E-02
 2.39739144E-02
 7.98324821E-02
 3.17834318E-01
 3.28867871E-02
 1.73687846E-02
 2.69160522E-02
 1.61592366E-01
 7.52725580E-03
 3.81552870E-02
 5.95196637E-02
 1.16396200E-01
 1.01568439E-01
 5.44836147E-02
 3.86016781E-02
 1.33986024E-02
 7.60688108E-02
 8.73260122E-02
 2.37128162E-02
 6.96726085E-02
 8.09716125E-02
 7.52341600E-04
 6.29520251E-02
 1.31026451E-01
 9.00179990E-02
 6.43836375E-02
 1.05465831E-01
 2.07456468E-02
 6.51143589E-02
 5.16470636E-03
 6.07976772E-02
 1.06252954E-01
 1.55970131E-01
 5.86581892E-02
 7.95198450E-02
 8.57985542E-02
 1.21988685E-01
 9.02946409E-02
 6.32109757E-02
 1.80414895E-01
 1.33801130E-02
 8.02680965E-02
 1.06269385E-01
 1.09399654E-01
 8.14807311E-02
 3.26050515E-01
 3.01251567E-02
 1.07855232E-01
 2.01090075E-02
 1.08209750E-01
 2.50445840E-02
 6.27088732E-02
 2.55150819E-02
 2.52609210E-02
 6.92867908E-02
 4.62686644E-02
 1.11458674E-01
 1.27127452E-01
 2.97140014E-02
 4.67286051E-02
 7.91627532E-02
 1.52895278E-02
 1.34293429E-01
 5.27160424E-02
 1.20966460E-02
 7.30284046E-02
 3.17042378E-01
 4.29726595E-02
 3.26485049E-02
 1.14598800E-02
 7.37372876E-02
 8.71914622E-02
 4.71773774E-02
 7.62260059E-02
 8.97683651E-02
 8.08648054E-02
 3.19709354E-01
 1.74142498E-02
 1.37095984E-01
 6.46632292E-02
 1.04478617E-02
 7.12746920E-02
 3.20063265E-01
 9.01941423E-02
 3.11874818E-01
 1.79450028E-01
 3.25152716E-01
 7.73118182E-03
 1.99575260E-01
 8.89474047E-02
 7.24161435E-02
 3.46055637E-01
 3.28593164E-01
 3.77001710E-02
 1.11999648E-02
 7.53053728E-02
 8.84297516E-02
 7.15573396E-03
 2.11506195E-01
 9.03399240E-02
 8.24910527E-02
 9.11665659E-02
 2.20715305E-02
 9.49169809E-02
 5.05095751E-02
 7.69471726E-02
 8.71597192E-02
 7.45250992E-02
 3.52908967E-01
 9.50175509E-02
 8.28483711E-02
 3.30636186E-01
 3.48074700E-02
 3.37671204E-01
 2.96769678E-02
 1.59141568E-03
 4.21636513E-02
 6.48177202E-02
 1.26859473E-01
 1.04292494E-01
 5.50284722E-02
 4.16810667E-02
 9.52389580E-03
 7.96492379E-02
 8.92408355E-02
 2.24919596E-02
 7.66971654E-02
 8.54868292E-02
 6.63381728E-04
 6.44108746E-02
 1.44375019E-01
 9.31678828E-02
 6.63689785E-02
 1.08955129E-01
 1.89048485E-02
 6.66241217E-02
 4.08523158E-02
 7.44175422E-03
 8.02058730E-02
 9.07054289E-02
 3.97438304E-03
 2.28812192E-01
 9.13590602E-02
 8.74911969E-02
 9.21509116E-02
 2.26140249E-02
 9.74824818E-02
 8.17840299E-02
 8.87402503E-02
 6.29555511E-04
 6.66320407E-02
 9.10673350E-02
 9.26933113E-02
 2.35199052E-02
 6.20373533E-04
 2.51726454E-02
 7.25135355E-02
 1.55951363E-01
 9.39160579E-02
 7.38070988E-02
 9.81857532E-02
 3.66782695E-02
 7.11265829E-02
 1.17092703E-01
 1.61821963E-02
 2.47653773E-02
 7.81220783E-02
 1.61188550E-02
 6.33186662E-02
 1.16841038E-01
 1.74771137E-01
 5.91647384E-02
 8.16938138E-02
 9.52508823E-02
 1.38048597E-01
 9.65753075E-02
 6.75892264E-02
 1.97496017E-01
 5.33758163E-02
 7.98013351E-02
 9.76312905E-02
 2.96568024E-02
 7.71635540E-02
 3.77565161E-01
 3.60202524E-02
 1.02652660E-01
 3.78518269E-02
 1.51718712E-01
 9.86601190E-02
 7.03278704E-02
 1.02779308E-01
 3.83568174E-02
 7.47758970E-02
 2.15857861E-01
 1.42541864E-01
 9.72715550E-03
 7.93209640E-02
 1.05827052E-01
 8.08131999E-02
 3.25697789E-01
 1.09846770E-01
 8.23066934E-02
 3.29043166E-01
 3.79865113E-02
 3.36156142E-01
 1.11526612E-01
 1.28586064E-01
 2.71948016E-02
 7.65253673E-02
 2.64579889E-02
 5.31992000E-03
 8.10932028E-02
 2.55963245E-02
 5.79146985E-03
 6.39747894E-03
 8.28516651E-02
 3.83383954E-02
 2.09316593E-01
 2.22634258E-01
 1.28455695E-01
 5.67093325E-02
 6.25326976E-02
 4.26554329E-02
 7.08505366E-03
 1.00067795E-01
 1.27338834E-01
 2.55926658E-02
 2.54415083E-02
 2.74748302E-03
 1.06842886E-01
 2.87876974E-02
 5.37474243E-02
 2.30649904E-02
 5.41735437E-02
 9.88731350E-02
 6.77309589E-02
 9.35795858E-02
 5.89500938E-02
 2.94340904E-03
 9.77841388E-02
 8.33343946E-02
 4.03840449E-02
 1.06293460E-01
 7.03614212E-02
 3.33232983E-04
 2.26635618E-02
 1.03250774E-01
 1.09697849E-01
 1.29298147E-01
 2.83052641E-02
 2.58553946E-02
 5.06096470E-03
 1.07950697E-01
 2.89038496E-02
 1.43023190E-01
 3.04453198E-02
 1.04187750E-01
 1.25397515E-01
 1.59592195E-01
 2.91453741E-01
 4.61275088E-02
 2.68848119E-02
 1.25418484E-01
 1.32632532E-01
 1.33115938E-01
 1.15631375E-02
 8.04521648E-03
 1.60204145E-01
 1.36273168E-01
 1.12496864E-02
 1.11429360E-01
 2.90855042E-01
 8.63068279E-03
 2.23656640E-02
 2.64425354E-02
 1.80223011E-01
 6.21589667E-02
 1.86202891E-02
 5.54159265E-02
 1.01626835E-01
 6.62505224E-02
 9.56407718E-02
 2.12450871E-02
 1.25155072E-01
 1.34290094E-01
 1.31639122E-01
 1.58413199E-02
 6.61162219E-02
 1.39202853E-01
 1.01082629E-02
 7.55458331E-02
 1.14829826E-01
 1.32415351E-01
 7.68943174E-02
 6.91436025E-02
 1.98453113E-02
 1.10191423E-01
 7.29926902E-02
 1.12584197E-02
 9.12724557E-02
 7.21974441E-02
 4.64813413E-03
 1.53088989E-01
 1.31677506E-01
 1.07277620E-01
 1.32417295E-01
 7.60963769E-02
 9.06020769E-02
 4.39376284E-02
 1.09000487E-01
 7.20383451E-02
 1.76772940E-01
 1.13109292E-01
 2.94758013E-01
 1.34359208E-02
 7.03046408E-02
 2.24622839E-02
 1.90302978E-02
 3.19809656E-02
 1.03973591E-01
 3.03545417E-02
 2.42510025E-02
 1.15119749E-01
 8.57644982E-02
 1.24955261E-01
 2.90206969E-02
 2.60417732E-02
 8.34755009E-03
 1.09218572E-01
 2.89468647E-02
 3.14854863E-02
 1.02557686E-01
 1.31599179E-01
 1.64267349E-01
 2.95053057E-01
 4.77179101E-02
 2.69777998E-02
 1.31377923E-01
 1.34270850E-01
 1.35118943E-01
 1.15023081E-02
 1.64902909E-01
 1.38760920E-01
 1.12510593E-01
 2.94951123E-01
 2.21522369E-02
 3.49356552E-02
 1.01657917E-01
 1.37137679E-01
 1.70241855E-01
 3.01682177E-01
 1.02035387E-01
 2.47739495E-01
 1.30206431E-01
 2.01736284E-01
 1.50370678E-01
 1.44951031E-01
 5.05744339E-02
 1.83819384E-01
 2.15038203E-01
 3.13782829E-01
 2.02155856E-02
 1.35120012E-01
 1.37601521E-01
 1.36767788E-01
 1.48147275E-01
 1.53673928E-01
 5.13651651E-02
 1.51729574E-01
 5.14168434E-02
 5.86181142E-02
 1.47298837E-01
 4.86161804E-03
 1.65801670E-01
 1.34146313E-01
 1.78919512E-01
 2.18171950E-01
 1.47820731E-01
 1.16411852E-01
 3.06135488E-01
 7.98851569E-03
 3.19643148E-01
 3.28930286E-02
 5.19807675E-02
 2.02728757E-02
 6.28911452E-02
 1.10938719E-01
 6.80257270E-02
 9.69919511E-02
 2.30501467E-02
 1.31871459E-01
 1.42468885E-01
 1.35830101E-01
 1.63687133E-02
 7.45434420E-02
 1.47946990E-01
 1.02041922E-02
 7.73445366E-02
 1.25731624E-01
 1.37056812E-01
 7.92883477E-02
 7.08940522E-02
 2.13869064E-02
 1.13279547E-01
 2.38995085E-02
 1.37989061E-01
 1.46739437E-01
 1.40530314E-01
 1.51000550E-01
 1.66601625E-01
 5.17428317E-02
 1.60314257E-01
 5.17191710E-02
 5.94283917E-02
 1.50064157E-01
 7.85113667E-02
 1.53220118E-01
 1.06575984E-02
 8.02579234E-02
 1.62867779E-01
 5.17919415E-02
 6.02699578E-02
 1.15776299E-02
 6.20006902E-02
 8.72992838E-02
 1.30981403E-01
 1.35884877E-01
 8.71211140E-02
 1.45524685E-01
 7.67148886E-02
 8.59081476E-02
 7.55168267E-02
 2.45051485E-02
 1.66052470E-02
 1.28884477E-01
 5.74548048E-02
 4.35177009E-03
 1.08547979E-01
 9.18697250E-02
 3.85462034E-03
 1.68420276E-01
 1.44167959E-01
 1.24350998E-01
 1.41763317E-01
 8.03059775E-02
 1.02706978E-01
 1.04478089E-02
 1.75630370E-01
 1.50124533E-01
 1.62746246E-02
 1.89440845E-01
 2.35382404E-01
 7.66811112E-02
 1.57272573E-01
 7.87804352E-02
 1.33279129E-01
 1.44134457E-01
 8.38032387E-02
 1.54557410E-01
 7.94625730E-02
 8.94622974E-02
 1.09125956E-01
 2.19870261E-01
 3.75733191E-02
 1.10177265E-01
 7.47389609E-02
 1.14162348E-01
 2.98213500E-01
 7.51509958E-02
 1.16455748E-01
 3.05688432E-01
 4.85976434E-03
 3.19653323E-01
 7.42742307E-02
 2.03798928E-02
 1.62304960E-02
 1.23365650E-01
 1.52714680E-02
 1.63011523E-03
 1.31619740E-01
 1.41656843E-02
 4.83082064E-04
 3.67798071E-03
 1.35458645E-01
 1.17171040E-01
 2.45770430E-01
 3.56312775E-01
 1.87688607E-01
 9.38158872E-02
 7.06347385E-02
 6.59791367E-02
 9.69684558E-02
 2.29571792E-01
 1.81874302E-01
 1.37544341E-02
 7.44949698E-02
 1.06287316E-01
 1.14930017E-01
 3.69990135E-03
 8.95335384E-02
 7.17296417E-02
 1.02626574E-01
 1.49546489E-01
 2.83190051E-02
 1.55726735E-01
 6.46872699E-02
 1.05180979E-01
 1.55826872E-01
 4.75930297E-02
 6.28235084E-02
 1.14102414E-01
 3.34689884E-02
 1.02101022E-01
 1.87300043E-02
 1.65375805E-01
 2.55980647E-01
 1.84881591E-01
 1.31644190E-02
 7.65646727E-02
 1.09002041E-01
 1.16684737E-01
 2.81266297E-03
 1.91428696E-01
 7.47529897E-04
 1.09886947E-01
 1.76567595E-01
 2.38278933E-01
 1.89472353E-01
 4.72989632E-02
 8.72831150E-02
 1.76323090E-01
 1.63570752E-01
 1.63524372E-01
 1.09931222E-01
 1.20185268E-01
 2.41226281E-01
 1.69307527E-01
 1.28482344E-02
 1.21602965E-01
 1.87946951E-01
 1.09623958E-01
 1.72402084E-02
 6.76143063E-02
 2.37224770E-01
 1.02960001E-01
 6.35858173E-02
 9.95851472E-02
 1.44836792E-01
 2.28082393E-02
 1.60361411E-01
 7.76950176E-02
 1.71227236E-01
 1.63408408E-01
 1.59792394E-01
 1.12677236E-01
 1.15718678E-01
 1.69983675E-01
 3.54484220E-02
 1.19234653E-01
 1.58038530E-01
 1.62812266E-01
 1.21434501E-01
 2.34263860E-02
 1.15511066E-01
 1.78602210E-01
 8.59242005E-02
 8.66034015E-02
 1.36711877E-01
 2.71202449E-02
 9.87638215E-02
 2.27440286E-01
 1.61445577E-01
 1.51558032E-01
 1.61831951E-01
 1.21825897E-01
 3.01391519E-02
 6.46761215E-02
 1.15682465E-01
 3.09235974E-02
 2.55768401E-01
 1.22577211E-01
 1.86281176E-01
 1.16388842E-01
 2.36883570E-02
 1.20579339E-01
 8.39135555E-02
 6.99072888E-03
 1.65800844E-01
 9.66681485E-03
 7.12929977E-02
 1.83060178E-01
 2.35511502E-01
 1.80220649E-01
 7.29941780E-03
 8.27090270E-02
 1.14497494E-01
 1.18966368E-01
 2.33193194E-03
 4.48076951E-03
 1.20585938E-01
 1.87977376E-01
 2.46134645E-01
 1.93518471E-01
 4.59949995E-02
 9.29073933E-02
 1.87752906E-01
 1.65916679E-01
 1.65213629E-01
 1.25505225E-01
 2.49331168E-01
 1.71333265E-01
 1.23810527E-01
 1.92451287E-01
 1.71023408E-02
 4.69245058E-03
 1.30858360E-01
 1.98812653E-01
 2.54860014E-01
 1.99509747E-01
 1.58474049E-01
 6.23686361E-02
 5.74574406E-02
 1.26073786E-01
 2.25130302E-01
 6.43994739E-02
 1.47996334E-02
 2.77468902E-01
 1.35411886E-01
 2.09606298E-01
 8.43557817E-02
 1.91992236E-01
 1.68217054E-01
 1.63074269E-01
 2.19775205E-01
 6.72120730E-02
 1.47893704E-02
 1.86770210E-01
 1.50966864E-02
 1.06226368E-01
 1.73353443E-01
 1.12711954E-01
 2.43135590E-01
 1.59515278E-01
 2.62813973E-01
 1.33956136E-01
 1.72816054E-01
 1.29778014E-01
 1.99389771E-01
 1.14996580E-01
 2.10927316E-01
 6.93048164E-03
 8.92643055E-02
 7.74511364E-02
 1.17229562E-01
 1.55815713E-01
 2.43319219E-02
 1.62941492E-01
 9.04838983E-02
 1.88451781E-01
 1.76717835E-01
 1.65607987E-01
 1.12880321E-01
 1.31958629E-01
 1.83131046E-01
 3.59337784E-02
 1.21623037E-01
 1.67488393E-01
 1.67657815E-01
 1.24556087E-01
 2.31935066E-02
 1.17354229E-01
 1.83990027E-01
 9.41415620E-02
 2.01179799E-01
 1.82407114E-01
 1.69088538E-01
 2.28230671E-01
 7.48005440E-02
 1.58889610E-02
 1.99243520E-01
 1.58817916E-02
 1.07196728E-01
 1.76702457E-01
 1.32399087E-01
 1.87640377E-01
 3.81218652E-02
 1.26516785E-01
 2.00344613E-01
 1.54231408E-02
 1.08040221E-01
 4.14821088E-02
 1.09514338E-01
 1.37731269E-01
 1.61376525E-01
 1.59062038E-01
 1.33366743E-01
 1.69787539E-01
 8.35592243E-02
 1.37512032E-01
 2.24625979E-02
 1.23275540E-01
 1.22734730E-01
 2.03500858E-01
 5.97313983E-02
 1.15042604E-01
 1.71454690E-01
 4.66810983E-02
 1.27537013E-01
 2.56809903E-01
 1.80500587E-01
 1.77355592E-01
 1.76772997E-01
 1.26406904E-01
 3.82704379E-02
 1.33071021E-01
 2.67159087E-01
 1.84360206E-01
 2.16976974E-02
 2.88035086E-01
 1.49483192E-01
 7.94002716E-02
 1.86964194E-01
 8.17777800E-02
 1.75369859E-01
 1.74523364E-01
 1.32233974E-01
 1.82318603E-01
 8.31079624E-02
 1.41279573E-01
 2.58464166E-02
 3.14240625E-01
 5.85647563E-02
 1.20512591E-01
 3.75122853E-02
 1.26685423E-01
 1.94181121E-01
 3.15775570E-02
 1.28978496E-01
 2.00906957E-01
 1.11709257E-01
 2.13457173E-01
 2.54740793E-02
 1.06918898E-01
 3.95369885E-02
 1.90720518E-01
 4.00099881E-02
 9.87324244E-02
 2.04117051E-01
 4.10387595E-02
 9.73711916E-02
 9.58517651E-02
 2.11156807E-01
 2.94971771E-01
 3.17753240E-01
