 0.00000000E+00
 0.00000000E+00
 0.00000000E+00
 3.81828255E-05
 3.81828823E-05
 3.81829511E-05
 3.81829330E-05
 3.81830103E-05
 3.81828848E-05
 3.81828919E-05
 0.00000000E+00
 0.00000000E+00
 0.00000000E+00
 5.09490841E-05
 1.53090642E-04
 1.53090701E-04
 1.53090640E-04
 1.53090705E-04
 1.53090580E-04
 1.53090645E-04
 0.00000000E+00
 0.00000000E+00
 0.00000000E+00
 1.72275680E-02
 9.30307687E-05
 9.30306910E-05
 9.30307241E-05
 9.30307756E-05
 9.30306102E-05
 9.30307399E-05
 0.00000000E+00
 0.00000000E+00
 0.00000000E+00
 7.45052952E-01
 5.05654244E-05
 5.05654016E-05
 5.05654542E-05
 5.05653718E-05
 5.05653285E-05
 5.05654547E-05
 0.00000000E+00
 0.00000000E+00
 0.00000000E+00
 0.00000000E+00
 4.62533841E-05
 1.43799819E-04
 1.43799755E-04
 1.43799779E-04
 1.43799703E-04
 1.43799813E-04
 0.00000000E+00
 0.00000000E+00
 0.00000000E+00
 0.00000000E+00
 1.46337514E-04
 1.46337635E-04
 1.46337565E-04
 1.46337619E-04
 1.46337456E-04
 1.46337558E-04
 0.00000000E+00
 0.00000000E+00
 0.00000000E+00
 0.00000000E+00
 5.32926849E-05
 5.32927067E-05
 5.32927845E-05
 5.32927497E-05
 5.32925748E-05
 5.32926785E-05
 0.00000000E+00
 0.00000000E+00
 0.00000000E+00
 0.00000000E+00
 9.41543966E-05
 9.41544081E-05
 9.41545134E-05
 9.41544605E-05
 9.41543974E-05
 9.41544870E-05
 0.00000000E+00
 0.00000000E+00
 0.00000000E+00
 0.00000000E+00
 1.60471703E-04
 1.60471742E-04
 1.60471689E-04
 1.60471734E-04
 1.60471639E-04
 1.60471753E-04
 0.00000000E+00
 0.00000000E+00
 0.00000000E+00
 0.00000000E+00
 4.06771626E-05
 4.06772415E-05
 4.06771774E-05
 4.06772485E-05
 4.06770167E-05
 4.06771268E-05
