 6.46016534E-07
 1.29203307E-06
 1.13052893E-06
 3.60760014E-05
 1.79278718E-05
 2.32238519E-05
 4.98539108E-06
 1.46106886E-05
 8.42742201E-05
 2.19003517E-04
 0.00000000E+00
 0.00000000E+00
 1.11022302E-16
 2.55052886E-05
 8.12387867E-06
 4.54070227E-05
 1.57397112E-05
 7.34833441E-06
 4.06855704E-05
 3.40090889E-05
 2.22044605E-16
 2.22044605E-16
 1.11022302E-16
 1.56850556E-04
 7.51469713E-06
 2.38572153E-05
 4.44747276E-06
 2.99546467E-05
 4.19701252E-05
 7.72099843E-05
 0.00000000E+00
 0.00000000E+00
 2.17513058E-06
 1.47946046E-03
 1.41947844E-05
 8.82434595E-06
 4.51703961E-07
 1.45367632E-05
 3.34809724E-05
 2.03789805E-04
 0.00000000E+00
 0.00000000E+00
 9.19695484E-07
 1.02529778E-04
 1.15410041E-05
 1.91675101E-05
 2.87746579E-05
 2.87768599E-05
 2.80921773E-05
 1.38293863E-04
 0.00000000E+00
 0.00000000E+00
 1.11022302E-16
 2.22044605E-16
 1.29486001E-05
 1.31952441E-05
 5.68145757E-05
 1.34876633E-05
 2.47027876E-05
 1.27516587E-04
 2.22044605E-16
 2.22044605E-16
 2.22044605E-16
 0.00000000E+00
 6.12698204E-07
 2.64620496E-05
 1.16642806E-05
 1.26945471E-05
 4.93676293E-05
 1.93913658E-04
 1.80376417E-06
 3.60752835E-06
 5.41129252E-06
 7.21505670E-06
 3.39117680E-06
 5.21148398E-06
 8.22911228E-06
 3.05315817E-05
 1.12572376E-06
 1.01795824E-04
 1.65031809E-06
 3.30063619E-06
 4.95095428E-06
 6.60127238E-06
 1.91242159E-05
 1.67818641E-06
 2.64206132E-05
 2.45554009E-05
 4.11659486E-05
 1.47144032E-04
 9.49154832E-07
 1.89830966E-06
 2.13559837E-06
 2.37288708E-07
 8.51336144E-05
 3.66571712E-05
 3.84473279E-06
 2.98936089E-06
 2.13533064E-05
 1.30150580E-05
