 3.23673155E-04
 1.78554815E-03
 5.96883328E-04
 2.14635025E-02
 6.21308900E-05
 1.76726653E-04
 9.23345969E-04
 2.16202934E-04
 2.30541644E-04
 2.19427420E-05
 3.22135222E-04
 1.77296778E-03
 5.92598414E-04
 2.66770368E-02
 8.44035997E-04
 4.76191854E-06
 7.47218624E-05
 4.44141582E-03
 7.73058403E-05
 3.55061967E-05
 3.19818137E-04
 1.75914855E-03
 5.86379966E-04
 2.41883894E-02
 2.04425765E-04
 6.92209146E-05
 6.94835486E-05
 1.10806108E-05
 2.22611141E-04
 6.35055614E-05
 3.18368542E-04
 1.74618607E-03
 1.61740533E-02
 7.05146480E-01
 3.45534345E-03
 3.38697088E-05
 1.64503948E-05
 1.32960193E-06
 6.06662474E-05
 6.75274916E-04
 3.16353746E-04
 1.73392459E-03
 5.76542671E-04
 4.20471787E-01
 7.89326043E-04
 1.38232125E-04
 7.92508448E-03
 4.45307573E-04
 3.18198911E-04
 2.37814064E-04
 2.10169974E-03
 2.97187884E-03
 3.46125817E-03
 4.68507321E-04
 7.42982012E-02
 7.43022290E-03
 1.00570549E-04
 1.22940019E-04
 5.12439245E-05
 1.06569099E-04
 5.73183867E-03
 1.00339701E-02
 1.11332587E-02
 3.56646379E-04
 6.05006516E-05
 3.51983782E-02
 2.23133902E-04
 2.09642984E-02
 6.39931426E-03
 2.02106385E-04
 8.99697080E-04
 6.54652461E-04
 9.48555057E-04
 7.18698554E-04
 4.95635713E-05
 4.14313903E-03
 2.03076009E-04
 4.84232987E-05
 2.46955093E-04
 7.96120013E-04
 3.07763890E-04
 1.68284374E-03
 1.58901459E-03
 9.79753393E-04
 9.82442601E-04
 1.18186241E-04
 5.22138230E-04
 6.75067192E-05
 2.15859259E-04
 2.61014202E-04
 3.05731058E-04
 1.67068773E-03
 1.57477502E-03
 9.70695204E-04
 4.12873921E-04
 3.55901942E-04
 6.19126733E-05
 3.67272696E-03
 1.17139162E-02
 2.00533812E-03
