 1.40515365E-04
 1.02684196E-03
 4.49826296E-04
 5.96923152E-02
 8.79556776E-04
 2.31515789E-03
 1.28710857E-03
 1.43390951E-03
 2.46025843E-03
 2.95966660E-03
 1.39779056E-04
 1.02078025E-03
 4.46564516E-04
 6.75252161E-02
 2.18549992E-03
 1.75194720E-04
 8.10448257E-04
 7.10709350E-02
 1.47888489E-03
 1.83803938E-03
 1.39098131E-04
 1.01481537E-03
 4.43306466E-04
 7.95763444E-03
 5.03803660E-04
 5.37319764E-04
 9.88259189E-04
 5.16827003E-04
 2.86459597E-03
 1.24707935E-03
 1.38200838E-04
 1.00878997E-03
 9.78080276E-03
 9.98856163E-01
 1.14038267E-02
 6.32163460E-04
 1.03839224E-03
 8.23320465E-04
 2.68059595E-04
 9.83769808E-03
 1.37697980E-04
 1.00300380E-03
 4.36919760E-04
 3.53114851E-03
 3.66920254E-03
 2.29976057E-03
 5.65848131E-02
 6.30078349E-03
 2.20014985E-03
 1.45646856E-05
 1.58756127E-03
 3.90747255E-03
 4.61819928E-03
 1.30541765E-03
 2.58225596E-01
 4.99147100E-02
 1.46460011E-03
 2.60257870E-03
 1.20252231E-03
 5.09870187E-04
 3.76315791E-03
 8.26820310E-03
 9.55683257E-03
 1.85580616E-03
 1.51447009E-04
 1.71175061E-01
 1.51037977E-03
 2.19177014E-01
 7.72500002E-02
 9.18352329E-03
 8.61391994E-04
 2.44142501E-03
 2.94931363E-03
 1.10374672E-03
 4.93297103E-04
 2.12195932E-02
 1.65266136E-03
 1.47026321E-03
 2.37496849E-03
 1.55107936E-03
 1.35301411E-04
 9.80226642E-04
 1.28983013E-03
 9.09904143E-04
 3.28070182E-03
 1.17952010E-03
 4.45775293E-04
 4.18006316E-03
 1.50326675E-03
 2.00456371E-03
 1.34745935E-04
 9.74675136E-04
 1.28012784E-03
 9.02461193E-04
 1.25072968E-03
 3.05996406E-03
 7.89755360E-04
 4.90126092E-02
 1.21758727E-01
 2.40985919E-02
