 1.52655666E-16
 0.00000000E+00
 0.00000000E+00
 2.21985440E-06
 1.61766968E-06
 9.03369742E-07
 1.09362345E-06
 2.90369457E-07
 1.60007506E-06
 1.52359032E-06
 3.05311332E-16
 0.00000000E+00
 2.03540888E-16
 3.01133550E-06
 6.90278765E-06
 6.27692053E-06
 6.90846985E-06
 6.23310261E-06
 7.52377767E-06
 6.87222695E-06
 4.70792844E-06
 4.70792844E-06
 2.74629159E-06
 2.70428581E-05
 4.74710258E-06
 6.12949578E-06
 7.01749911E-06
 7.72947063E-06
 1.04520169E-05
 7.19915236E-06
 2.35396422E-05
 2.35396422E-05
 1.37314580E-05
 4.52830464E-04
 2.38425063E-06
 5.58175452E-06
 1.10121309E-05
 1.77651282E-05
 2.34663389E-05
 1.26967400E-05
 9.41585688E-06
 9.41585688E-06
 5.49258318E-06
 4.96271014E-05
 2.36174579E-06
 9.59984715E-06
 1.25276970E-05
 1.46094499E-05
 1.73877899E-05
 1.26413757E-05
 1.28346819E-05
 1.28346819E-05
 9.62601142E-06
 8.02167618E-07
 1.65449720E-05
 1.09375274E-05
 1.46758374E-05
 1.73044457E-05
 1.48871691E-05
 1.47988072E-05
 3.20867047E-05
 3.20867047E-05
 2.40650286E-05
 2.00541905E-06
 1.26159937E-05
 6.48759743E-06
 9.91615633E-06
 1.43434451E-05
 8.12173950E-06
 1.27234618E-05
 6.41734095E-06
 6.41734095E-06
 4.81300571E-06
 4.01083809E-07
 1.07156442E-05
 8.46662006E-06
 9.04814321E-06
 1.09776120E-05
 9.66587306E-06
 9.31093650E-06
 3.05311332E-16
 1.52655666E-16
 0.00000000E+00
 0.00000000E+00
 1.35369668E-05
 1.32110620E-05
 1.36406001E-05
 1.32585041E-05
 1.40453883E-05
 1.31310783E-05
 3.05311332E-16
 0.00000000E+00
 0.00000000E+00
 1.52655666E-16
 3.66134871E-06
 3.04131157E-06
 3.54786121E-06
 2.99581622E-06
 4.79773592E-06
 3.93706808E-06
