 0.00000000E+00
 0.00000000E+00
 1.52655666E-16
 1.10734921E-06
 8.06956074E-07
 4.50636467E-07
 5.45541860E-07
 1.44848714E-07
 7.98178724E-07
 7.60024113E-07
 1.22124533E-16
 1.35693925E-16
 1.52655666E-16
 1.57023803E-06
 3.59940788E-06
 3.27305813E-06
 3.60237095E-06
 3.25020731E-06
 3.92320686E-06
 3.58346190E-06
 4.70792849E-07
 1.04620633E-06
 1.02985936E-06
 1.47319403E-05
 2.58604375E-06
 3.33911772E-06
 3.82287063E-06
 4.21073017E-06
 5.69384518E-06
 3.92181363E-06
 2.35396424E-06
 5.23103165E-06
 5.14929678E-06
 2.57586360E-04
 1.35624956E-06
 3.17510552E-06
 6.26410695E-06
 1.01054500E-05
 1.33484796E-05
 7.22235292E-06
 9.41585697E-07
 2.09241266E-06
 2.05971871E-06
 2.83583436E-05
 1.40218535E-06
 5.69949361E-06
 7.43777288E-06
 8.67372647E-06
 1.03232157E-05
 7.50524715E-06
 1.28346819E-06
 2.85215153E-06
 3.60975428E-06
 4.58381496E-07
 1.02482363E-05
 6.77489971E-06
 9.09046588E-06
 1.07186802E-05
 9.22133896E-06
 9.16660680E-06
 3.20867047E-06
 7.13037883E-06
 9.02438571E-06
 1.14595374E-06
 8.15014391E-06
 4.19109683E-06
 6.40600828E-06
 9.26610585E-06
 5.24675915E-06
 8.21953878E-06
 6.41734095E-07
 1.42607577E-06
 1.80487714E-06
 2.29190748E-07
 7.21760743E-06
 5.70275947E-06
 6.09445573E-06
 7.39405851E-06
 6.51050851E-06
 6.27143886E-06
 0.00000000E+00
 1.35693925E-16
 1.52655666E-16
 0.00000000E+00
 9.50426544E-06
 9.27545153E-06
 9.57702387E-06
 9.30876224E-06
 9.86119511E-06
 9.21926032E-06
 0.00000000E+00
 0.00000000E+00
 0.00000000E+00
 1.74463618E-16
 2.67899345E-06
 2.22531669E-06
 2.59595569E-06
 2.19202903E-06
 3.51047015E-06
 2.88072472E-06
