 0.00000000E+00
 0.00000000E+00
 0.00000000E+00
 3.69683741E-05
 3.69683944E-05
 3.69684186E-05
 3.69684122E-05
 3.69684396E-05
 3.69683952E-05
 3.69683977E-05
 0.00000000E+00
 0.00000000E+00
 0.00000000E+00
 1.22212923E-05
 1.22213172E-05
 1.22213348E-05
 1.22213038E-05
 1.22213187E-05
 1.22212830E-05
 1.22213169E-05
 0.00000000E+00
 0.00000000E+00
 0.00000000E+00
 1.72351385E-02
 3.45600514E-05
 3.45600190E-05
 3.45600381E-05
 3.45600641E-05
 3.45599951E-05
 3.45600401E-05
 0.00000000E+00
 0.00000000E+00
 0.00000000E+00
 7.45068758E-01
 2.20914811E-05
 2.20914708E-05
 2.20914943E-05
 2.20914658E-05
 2.20914457E-05
 2.20914926E-05
 0.00000000E+00
 0.00000000E+00
 0.00000000E+00
 0.00000000E+00
 1.48932747E-05
 2.98471666E-05
 2.98471416E-05
 2.98471511E-05
 2.98471199E-05
 2.98471533E-05
 0.00000000E+00
 0.00000000E+00
 0.00000000E+00
 0.00000000E+00
 2.97533878E-05
 2.97534330E-05
 2.97533969E-05
 2.97534112E-05
 2.97533648E-05
 2.97534135E-05
 0.00000000E+00
 0.00000000E+00
 0.00000000E+00
 0.00000000E+00
 1.00458177E-05
 1.00458270E-05
 1.25742336E-05
 1.51025933E-05
 1.76308941E-05
 2.01593147E-05
 0.00000000E+00
 0.00000000E+00
 0.00000000E+00
 0.00000000E+00
 1.01096483E-05
 1.01096536E-05
 1.51416195E-05
 2.01735177E-05
 2.52054107E-05
 3.02373761E-05
 0.00000000E+00
 0.00000000E+00
 0.00000000E+00
 0.00000000E+00
 6.39932050E-06
 6.39935421E-06
 7.68954274E-06
 8.97977450E-06
 1.02699481E-05
 1.15602163E-05
 0.00000000E+00
 0.00000000E+00
 0.00000000E+00
 0.00000000E+00
 6.45189326E-06
 6.45192878E-06
 1.28862028E-05
 1.93205378E-05
 2.57547360E-05
 3.21890884E-05
