 3.73472581E-06
 3.43081324E-06
 3.25089720E-06
 1.24802174E-06
 1.29787316E-06
 1.36555625E-06
 1.34755782E-06
 1.42344138E-06
 1.29965784E-06
 1.30687885E-06
 3.29950679E-06
 4.41970095E-06
 5.60751875E-06
 1.85073645E-06
 5.74290307E-06
 5.80323322E-06
 5.74300258E-06
 5.80796427E-06
 5.68371206E-06
 5.74559848E-06
 5.90119672E-06
 2.80196951E-06
 2.80430470E-06
 9.24906692E-07
 1.66812822E-06
 1.59319466E-06
 2.06416592E-06
 2.55219593E-06
 2.83237243E-06
 3.39567314E-06
 3.99020812E-06
 2.61068542E-06
 2.04776345E-06
 4.45649992E-05
 1.14033831E-06
 1.11833584E-06
 1.38754678E-06
 1.52736288E-06
 1.70515670E-06
 2.04258758E-06
 3.25156564E-06
 4.43061801E-07
 3.49679633E-07
 3.46133449E-06
 7.91517144E-07
 2.01711104E-06
 2.93289626E-06
 3.93206191E-06
 4.83671897E-06
 3.32818892E-06
 2.62478947E-06
 2.70923775E-08
 2.02499440E-06
 3.73422299E-08
 2.09239144E-06
 2.20056874E-06
 3.23763586E-06
 4.38460179E-06
 5.33877754E-06
 3.64247464E-06
 1.79463079E-06
 1.97147094E-06
 1.66837523E-06
 4.00595969E-06
 1.86833549E-06
 1.44558815E-06
 1.82352901E-06
 2.10231482E-06
 1.56417300E-06
 1.73128887E-06
 2.27364679E-06
 1.66955905E-06
 2.17951548E-06
 3.92925074E-06
 3.35021021E-06
 2.47856996E-06
 3.18445929E-06
 3.75654708E-06
 2.93137054E-06
 3.16034262E-06
 3.54090992E-06
 3.18950685E-07
 7.96419124E-07
 3.56939513E-06
 4.23495302E-06
 1.78407093E-06
 3.46863289E-06
 5.23351449E-06
 2.96939524E-06
 3.48188391E-06
 1.76782498E-06
 3.61302619E-06
 5.90289932E-06
 4.00500595E-06
 2.82832705E-06
 2.88935842E-06
 2.83936525E-06
 2.89348448E-06
 2.71665590E-06
 2.80135326E-06
