 0.00000000E+00
 0.00000000E+00
 0.00000000E+00
 7.01104792E-05
 7.01111419E-05
 7.01119395E-05
 7.01117304E-05
 7.01126246E-05
 7.01111611E-05
 7.01112482E-05
 0.00000000E+00
 0.00000000E+00
 0.00000000E+00
 8.86723523E-05
 2.65329576E-04
 2.65330291E-04
 2.65329584E-04
 2.65330355E-04
 2.65328876E-04
 2.65329608E-04
 0.00000000E+00
 0.00000000E+00
 0.00000000E+00
 1.64309143E-02
 1.49209861E-04
 1.49208968E-04
 1.49209356E-04
 1.49209944E-04
 1.49208050E-04
 1.49209544E-04
 0.00000000E+00
 0.00000000E+00
 0.00000000E+00
 7.43505396E-01
 8.20696482E-05
 8.20693851E-05
 8.20699926E-05
 8.20690465E-05
 8.20685534E-05
 8.20699925E-05
 0.00000000E+00
 0.00000000E+00
 0.00000000E+00
 0.00000000E+00
 6.96856098E-05
 2.16989705E-04
 2.16988968E-04
 2.16989251E-04
 2.16988379E-04
 2.16989619E-04
 0.00000000E+00
 0.00000000E+00
 0.00000000E+00
 0.00000000E+00
 2.06290517E-04
 2.06291856E-04
 2.06291086E-04
 2.06291673E-04
 2.06289866E-04
 2.06291010E-04
 0.00000000E+00
 0.00000000E+00
 0.00000000E+00
 0.00000000E+00
 7.05292303E-05
 7.05294765E-05
 7.05303418E-05
 7.05299555E-05
 7.05280355E-05
 7.05291753E-05
 0.00000000E+00
 0.00000000E+00
 0.00000000E+00
 0.00000000E+00
 1.26064632E-04
 1.26064768E-04
 1.26065915E-04
 1.26065336E-04
 1.26064647E-04
 1.26065617E-04
 0.00000000E+00
 0.00000000E+00
 0.00000000E+00
 0.00000000E+00
 2.02804426E-04
 2.02804853E-04
 2.02804289E-04
 2.02804793E-04
 2.02803756E-04
 2.02804959E-04
 0.00000000E+00
 0.00000000E+00
 0.00000000E+00
 0.00000000E+00
 4.95417138E-05
 4.95425481E-05
 4.95418662E-05
 4.95426087E-05
 4.95401780E-05
 4.95413375E-05
