 9.96093750E-01
 5.00000000E-01
 5.00000000E-01
 3.12500000E-02
 7.81250000E-03
 5.00000000E-01
 9.68750000E-01
 9.37500000E-01
 6.25000000E-02
 5.00000000E-01
 1.25000000E-01
 7.85156250E-01
 6.25000000E-02
 9.37500000E-01
 6.25000000E-02
 1.25000000E-01
 1.87500000E-01
 7.18750000E-01
 1.95312500E-03
 5.00000000E-01
 5.00000000E-01
 7.50000000E-01
 2.26562500E-01
 6.25000000E-01
 1.56250000E-02
 1.56250000E-02
 5.00000000E-01
 5.00000000E-01
 1.09375000E-01
 7.89062500E-01
 5.00000000E-01
 3.90625000E-03
 7.50000000E-01
 9.37500000E-01
 2.26562500E-01
 7.50000000E-01
 2.50000000E-01
 1.87500000E-01
 7.61718750E-01
 5.00000000E-01
 3.12500000E-02
 7.81250000E-01
 2.50000000E-01
 8.28125000E-01
 1.71875000E-01
 9.37500000E-01
 1.25000000E-01
 6.25000000E-01
 5.00000000E-01
 4.21875000E-01
 5.78125000E-01
 8.75000000E-01
 8.75000000E-01
 1.25000000E-01
 1.56250000E-02
 7.81250000E-03
 5.00000000E-01
 5.00000000E-01
 2.50000000E-01
 6.25000000E-01
 9.92187500E-01
 8.75000000E-01
 1.25000000E-01
 7.50000000E-01
 9.06250000E-01
 9.37500000E-02
 3.12500000E-02
 3.90625000E-03
 5.00000000E-01
 2.50000000E-01
 3.75000000E-01
 6.25000000E-01
 8.75000000E-01
 5.00000000E-01
 5.00000000E-01
 9.37500000E-01
 8.12500000E-01
 1.87500000E-01
 9.92187500E-01
 5.00000000E-01
 5.00000000E-01
 9.98046875E-01
 5.00000000E-01
 5.00000000E-01
 9.37500000E-01
 2.50000000E-01
 7.42187500E-01
 7.50000000E-01
 1.25000000E-01
 6.87500000E-01
 9.84375000E-01
 1.56250000E-02
 5.00000000E-01
 7.50000000E-01
 7.65625000E-01
 2.34375000E-01
 6.25000000E-02
 7.81250000E-01
 2.18750000E-01
 9.68750000E-01
 2.50000000E-01
 5.00000000E-01
 7.50000000E-01
 1.87500000E-01
 7.57812500E-01
 9.37500000E-01
 4.06250000E-01
 5.93750000E-01
 9.68750000E-01
 1.87500000E-01
 6.87500000E-01
 6.25000000E-02
 2.50000000E-01
 5.00000000E-01
 6.25000000E-02
 1.87500000E-01
 6.87500000E-01
 3.90625000E-03
 1.25000000E-01
 7.50000000E-01
 7.50000000E-01
 1.25000000E-01
 7.50000000E-01
 9.84375000E-01
 7.81250000E-03
 5.00000000E-01
 7.81250000E-03
 1.56250000E-02
 5.00000000E-01
 1.25000000E-01
 3.12500000E-02
 7.50000000E-01
 3.12500000E-02
 1.87500000E-01
 6.25000000E-01
 9.68750000E-01
 1.87500000E-01
 7.50000000E-01
 5.00000000E-01
 6.25000000E-02
 8.10546875E-01
 5.00000000E-01
 3.12500000E-02
 8.20312500E-01
 6.25000000E-02
 1.87500000E-01
 7.50000000E-01
 2.50000000E-01
 1.56250000E-01
 7.57812500E-01
 9.76562500E-04
 2.50000000E-01
 5.00000000E-01
 3.12500000E-02
 6.25000000E-02
 7.50000000E-01
 3.12500000E-02
 3.12500000E-01
 6.87500000E-01
 5.00000000E-01
 1.95312500E-03
 7.50000000E-01
 2.50000000E-01
 5.78125000E-01
 4.21875000E-01
 7.50000000E-01
 1.25000000E-01
 7.34375000E-01
 5.00000000E-01
 1.87500000E-01
 7.63671875E-01
 1.25000000E-01
 6.25000000E-02
 8.04687500E-01
 1.56250000E-02
 1.87500000E-01
 6.25000000E-01
 8.75000000E-01
 5.31250000E-01
 4.68750000E-01
 1.25000000E-01
 2.18750000E-01
 6.87500000E-01
 5.00000000E-01
 2.26562500E-01
 6.25000000E-01
 6.25000000E-02
 1.87500000E-01
 7.34375000E-01
 1.25000000E-01
 6.87500000E-01
 3.12500000E-01
 1.56250000E-02
 6.25000000E-02
 7.50000000E-01
 2.50000000E-01
 3.12500000E-02
 8.12500000E-01
 1.56250000E-02
 3.12500000E-01
 6.87500000E-01
 9.37500000E-01
 1.25000000E-01
 7.81250000E-01
 7.50000000E-01
 5.15625000E-01
 4.84375000E-01
 8.75000000E-01
 1.56250000E-02
 7.50000000E-01
 1.25000000E-01
 2.18750000E-01
 7.50000000E-01
 7.50000000E-01
 6.25000000E-02
 7.85156250E-01
 3.12500000E-02
 2.50000000E-01
 7.18750000E-01
 9.68750000E-01
 6.25000000E-02
 7.81250000E-01
 9.84375000E-01
 1.87500000E-01
 6.25000000E-01
 7.50000000E-01
 9.76562500E-04
 7.50000000E-01
 5.00000000E-01
 9.06250000E-01
 9.37500000E-02
 8.75000000E-01
 7.81250000E-03
 7.50000000E-01
 6.25000000E-02
 6.25000000E-02
 7.81250000E-01
 8.75000000E-01
 2.18750000E-01
 6.25000000E-01
 2.50000000E-01
 8.43750000E-01
 1.56250000E-01
 1.25000000E-01
 5.46875000E-02
 8.12500000E-01
 9.96093750E-01
 2.50000000E-01
 6.25000000E-01
 5.00000000E-01
 1.25000000E-01
 6.87500000E-01
 5.00000000E-01
 7.65625000E-01
 2.34375000E-01
 9.84375000E-01
 6.25000000E-02
 7.50000000E-01
 9.84375000E-01
 3.12500000E-01
 6.87500000E-01
 1.25000000E-01
 2.50000000E-01
 6.87500000E-01
 1.25000000E-01
 2.18750000E-01
 7.34375000E-01
 1.56250000E-02
 2.50000000E-01
 7.18750000E-01
 7.81250000E-03
 1.87500000E-01
 6.25000000E-01
 1.25000000E-01
 7.18750000E-01
 2.81250000E-01
 1.95312500E-03
 2.50000000E-01
 6.25000000E-01
 5.00000000E-01
 1.87500000E-01
 7.57812500E-01
 9.37500000E-01
 3.12500000E-02
 5.00000000E-01
 8.75000000E-01
 1.25000000E-01
 7.85156250E-01
 2.50000000E-01
 3.28125000E-01
 6.71875000E-01
 5.00000000E-01
 1.25000000E-01
 7.50000000E-01
 7.50000000E-01
 5.93750000E-01
 4.06250000E-01
 7.81250000E-03
 6.25000000E-02
 7.50000000E-01
 7.50000000E-01
 1.25000000E-01
 7.42187500E-01
 8.75000000E-01
 3.90625000E-03
 7.50000000E-01
 8.75000000E-01
 3.12500000E-02
 7.81250000E-01
 7.50000000E-01
 1.56250000E-01
 7.73437500E-01
 6.25000000E-02
 4.68750000E-01
 5.31250000E-01
 1.25000000E-01
 4.68750000E-02
 7.81250000E-01
 7.50000000E-01
 1.56250000E-02
 5.00000000E-01
 3.12500000E-02
 1.25000000E-01
 5.00000000E-01
 7.50000000E-01
 1.56250000E-01
 7.65625000E-01
 1.25000000E-01
 6.25000000E-02
 7.96875000E-01
 7.50000000E-01
 2.65625000E-01
 7.34375000E-01
 8.75000000E-01
 2.50000000E-01
 6.25000000E-01
 9.84375000E-01
 2.50000000E-01
 7.18750000E-01
 9.92187500E-01
 2.50000000E-01
 6.25000000E-01
 9.98046875E-01
 2.50000000E-01
 6.25000000E-01
 5.00000000E-01
 1.25000000E-01
 7.34375000E-01
 2.50000000E-01
 8.75000000E-01
 1.25000000E-01
 1.25000000E-01
 2.50000000E-01
 7.34375000E-01
 7.50000000E-01
 7.81250000E-03
 5.00000000E-01
 9.37500000E-01
 9.37500000E-01
 6.25000000E-02
 5.00000000E-01
 1.79687500E-01
 7.65625000E-01
 9.68750000E-01
 7.50000000E-01
 2.50000000E-01
 7.81250000E-03
 2.50000000E-01
 7.18750000E-01
 2.50000000E-01
 5.00000000E-01
 5.00000000E-01
 1.56250000E-02
 1.25000000E-01
 5.00000000E-01
 2.50000000E-01
 9.21875000E-01
 7.81250000E-02
 6.25000000E-02
 7.50000000E-01
 2.50000000E-01
 9.68750000E-01
 1.25000000E-01
 7.18750000E-01
 5.00000000E-01
 5.15625000E-01
 4.84375000E-01
 6.25000000E-02
 1.25000000E-01
 7.18750000E-01
 5.00000000E-01
 6.25000000E-02
 7.85156250E-01
 2.50000000E-01
 6.25000000E-02
 8.08593750E-01
 1.25000000E-01
 2.26562500E-01
 6.87500000E-01
 5.00000000E-01
 9.76562500E-04
 7.50000000E-01
 7.50000000E-01
 3.90625000E-03
 5.00000000E-01
 9.76562500E-04
 7.50000000E-01
 2.50000000E-01
 7.50000000E-01
 8.59375000E-01
 1.40625000E-01
 3.12500000E-02
 4.37500000E-01
 5.62500000E-01
 8.75000000E-01
 1.95312500E-03
 7.50000000E-01
 9.37500000E-01
 7.81250000E-01
 2.18750000E-01
 1.25000000E-01
 2.26562500E-01
 7.50000000E-01
 9.84375000E-01
 1.25000000E-01
 5.00000000E-01
 1.25000000E-01
 1.25000000E-01
 6.25000000E-01
 9.37500000E-01
 2.50000000E-01
 5.00000000E-01
 9.68750000E-01
 3.75000000E-01
 6.25000000E-01
 9.37500000E-01
 1.87500000E-01
 6.87500000E-01
 6.25000000E-02
 3.75000000E-01
 6.25000000E-01
 8.75000000E-01
 2.26562500E-01
 6.25000000E-01
 5.00000000E-01
 5.93750000E-01
 4.06250000E-01
 7.81250000E-03
 1.25000000E-01
 5.00000000E-01
 7.50000000E-01
 1.87500000E-01
 6.25000000E-01
 5.00000000E-01
 1.25000000E-01
 7.42187500E-01
 1.25000000E-01
 8.12500000E-01
 1.87500000E-01
 2.50000000E-01
 5.31250000E-01
 4.68750000E-01
 1.56250000E-02
 4.37500000E-01
 5.62500000E-01
 1.25000000E-01
 2.50000000E-01
 7.42187500E-01
 9.37500000E-01
 1.87500000E-01
 7.50000000E-01
 5.00000000E-01
 1.56250000E-01
 7.73437500E-01
 7.50000000E-01
 2.18750000E-01
 7.18750000E-01
 9.96093750E-01
 1.25000000E-01
 7.50000000E-01
 5.00000000E-01
 1.56250000E-02
 5.00000000E-01
 3.90625000E-03
 6.25000000E-02
 7.50000000E-01
 5.00000000E-01
 1.56250000E-01
 7.65625000E-01
 7.50000000E-01
 6.25000000E-02
 7.50000000E-01
 2.50000000E-01
 6.71875000E-01
 3.28125000E-01
 7.50000000E-01
 3.12500000E-01
 6.87500000E-01
 1.25000000E-01
 4.06250000E-01
 5.93750000E-01
 5.00000000E-01
 2.65625000E-01
 7.34375000E-01
 1.95312500E-03
 1.25000000E-01
 7.50000000E-01
 1.25000000E-01
 1.40625000E-01
 7.81250000E-01
 2.50000000E-01
 1.56250000E-02
 7.50000000E-01
 8.75000000E-01
 9.06250000E-01
 9.37500000E-02
 9.99511719E-01
 2.50000000E-01
 5.00000000E-01
 7.50000000E-01
 2.81250000E-01
 7.18750000E-01
 5.00000000E-01
 7.81250000E-03
 5.00000000E-01
 8.75000000E-01
 1.25000000E-01
 6.87500000E-01
 9.99023438E-01
 2.50000000E-01
 5.00000000E-01
 9.92187500E-01
 1.25000000E-01
 6.87500000E-01
 7.50000000E-01
 6.09375000E-01
 3.90625000E-01
 2.50000000E-01
 7.81250000E-03
 7.50000000E-01
 9.37500000E-01
 1.87500000E-01
 7.34375000E-01
 7.50000000E-01
 1.95312500E-03
 5.00000000E-01
 2.50000000E-01
 2.18750000E-01
 6.25000000E-01
 9.84375000E-01
 4.37500000E-01
 5.62500000E-01
 8.75000000E-01
 1.87500000E-01
 7.57812500E-01
 8.75000000E-01
 1.25000000E-01
 7.50000000E-01
 7.50000000E-01
 2.50000000E-01
 7.18750000E-01
 9.92187500E-01
 1.25000000E-01
 7.50000000E-01
 9.98046875E-01
 1.25000000E-01
 7.50000000E-01
 2.50000000E-01
 1.25000000E-01
 7.85156250E-01
 5.00000000E-01
 3.12500000E-02
 8.08593750E-01
 9.37500000E-01
 6.25000000E-02
 7.81250000E-01
 9.68750000E-01
 3.12500000E-02
 8.12500000E-01
 5.00000000E-01
 3.90625000E-03
 5.00000000E-01
 5.00000000E-01
 8.59375000E-01
 1.40625000E-01
 6.25000000E-02
 3.12500000E-02
 8.12500000E-01
 2.50000000E-01
 3.90625000E-03
 7.50000000E-01
 1.25000000E-01
 1.25000000E-01
 7.81250000E-01
 2.50000000E-01
 3.12500000E-02
 7.81250000E-01
 8.75000000E-01
 1.25000000E-01
 7.34375000E-01
 2.50000000E-01
 4.21875000E-01
 5.78125000E-01
 2.50000000E-01
 2.50000000E-01
 6.25000000E-01
 7.50000000E-01
 9.68750000E-01
 3.12500000E-02
 3.12500000E-02
 6.25000000E-01
 3.75000000E-01
 5.00000000E-01
 1.87500000E-01
 6.25000000E-01
 6.25000000E-02
 8.43750000E-01
 1.56250000E-01
 7.50000000E-01
 3.59375000E-01
 6.40625000E-01
 9.37500000E-01
 4.68750000E-01
 5.31250000E-01
 5.00000000E-01
 2.18750000E-01
 7.18750000E-01
 3.90625000E-03
 1.25000000E-01
 5.00000000E-01
 7.50000000E-01
 1.25000000E-01
 5.00000000E-01
 5.00000000E-01
 6.25000000E-02
 7.50000000E-01
 5.00000000E-01
 3.12500000E-01
 6.87500000E-01
 1.25000000E-01
 3.12500000E-02
 5.00000000E-01
 1.56250000E-02
 6.25000000E-01
 3.75000000E-01
 7.50000000E-01
 2.28515625E-01
 6.25000000E-01
 5.00000000E-01
 2.81250000E-01
 7.18750000E-01
 3.12500000E-02
 6.25000000E-02
 5.00000000E-01
 7.50000000E-01
 2.26562500E-01
 7.18750000E-01
 2.50000000E-01
 3.12500000E-02
 8.20312500E-01
 3.12500000E-02
 5.62500000E-01
 4.37500000E-01
 5.00000000E-01
 6.09375000E-01
 3.90625000E-01
 5.00000000E-01
 1.95312500E-03
 5.00000000E-01
 9.37500000E-01
 7.50000000E-01
 2.50000000E-01
 2.50000000E-01
 1.95312500E-03
 7.50000000E-01
 9.37500000E-01
 1.25000000E-01
 7.18750000E-01
 9.68750000E-01
 8.75000000E-01
 1.25000000E-01
 8.75000000E-01
 5.93750000E-01
 4.06250000E-01
 5.00000000E-01
 2.50000000E-01
 7.18750000E-01
 9.84375000E-01
 6.25000000E-01
 3.75000000E-01
 6.25000000E-02
 8.75000000E-01
 1.25000000E-01
 8.75000000E-01
 1.25000000E-01
 7.42187500E-01
 7.50000000E-01
 9.53125000E-01
 4.68750000E-02
 1.56250000E-02
 6.25000000E-02
 5.00000000E-01
 1.25000000E-01
 9.37500000E-01
 6.25000000E-02
 9.68750000E-01
 5.00000000E-01
 5.00000000E-01
 1.56250000E-02
 5.62500000E-01
 4.37500000E-01
 2.50000000E-01
 2.26562500E-01
 6.25000000E-01
 8.75000000E-01
 1.56250000E-02
 5.00000000E-01
 6.25000000E-02
 5.00000000E-01
 5.00000000E-01
 8.75000000E-01
 1.56250000E-01
 7.65625000E-01
 9.92187500E-01
 1.56250000E-02
 5.00000000E-01
 7.81250000E-03
 6.25000000E-01
 3.75000000E-01
 7.50000000E-01
 4.37500000E-01
 5.62500000E-01
 7.50000000E-01
 4.68750000E-02
 7.96875000E-01
 7.50000000E-01
 9.76562500E-04
 5.00000000E-01
 8.75000000E-01
 7.81250000E-03
 5.00000000E-01
 5.00000000E-01
 9.68750000E-01
 3.12500000E-02
 9.99023438E-01
 7.50000000E-01
 2.50000000E-01
 9.76562500E-04
 5.00000000E-01
 5.00000000E-01
 9.37500000E-01
 3.75000000E-01
 6.25000000E-01
 3.12500000E-02
 1.87500000E-01
 7.18750000E-01
 2.50000000E-01
 9.06250000E-01
 9.37500000E-02
 5.00000000E-01
 4.68750000E-02
 8.04687500E-01
 9.84375000E-01
 6.25000000E-02
 5.00000000E-01
 9.84375000E-01
 5.62500000E-01
 4.37500000E-01
 2.50000000E-01
 1.25000000E-01
 6.87500000E-01
 2.50000000E-01
 7.65625000E-01
 2.34375000E-01
 1.25000000E-01
 7.81250000E-01
 2.18750000E-01
 5.00000000E-01
 3.59375000E-01
 6.40625000E-01
 5.00000000E-01
 1.25000000E-01
 5.00000000E-01
 2.50000000E-01
 1.87500000E-01
 7.57812500E-01
 1.25000000E-01
 2.50000000E-01
 5.00000000E-01
 7.81250000E-03
 6.25000000E-02
 5.00000000E-01
 7.50000000E-01
 6.56250000E-01
 3.43750000E-01
 1.25000000E-01
 1.87500000E-01
 6.87500000E-01
 2.50000000E-01
 1.25000000E-01
 7.50000000E-01
 5.00000000E-01
 2.28515625E-01
 6.25000000E-01
 8.75000000E-01
 3.90625000E-03
 5.00000000E-01
 9.96093750E-01
 6.25000000E-02
 7.50000000E-01
 7.50000000E-01
 7.03125000E-01
 2.96875000E-01
 6.25000000E-02
 5.31250000E-01
 4.68750000E-01
 5.00000000E-01
 7.81250000E-02
 8.04687500E-01
 5.00000000E-01
 2.26562500E-01
 7.18750000E-01
 1.25000000E-01
 1.87500000E-01
 7.50000000E-01
 9.68750000E-01
 1.56250000E-02
 7.50000000E-01
 6.25000000E-02
 1.56250000E-02
 7.50000000E-01
 2.50000000E-01
 1.25000000E-01
 7.34375000E-01
 3.12500000E-02
 3.12500000E-02
 7.50000000E-01
 8.75000000E-01
 1.87500000E-01
 6.25000000E-01
 5.00000000E-01
 4.88281250E-04
 7.50000000E-01
 9.92187500E-01
 1.87500000E-01
 6.25000000E-01
 5.00000000E-01
 9.53125000E-01
 4.68750000E-02
 9.68750000E-01
 7.81250000E-03
 7.50000000E-01
 9.68750000E-01
 2.18750000E-01
 6.25000000E-01
 8.75000000E-01
 2.18750000E-01
 7.18750000E-01
 6.25000000E-02
 7.81250000E-03
 7.50000000E-01
 1.25000000E-01
 1.87500000E-01
 7.34375000E-01
 9.37500000E-01
 3.12500000E-02
 8.12500000E-01
 6.25000000E-02
 2.18750000E-01
 6.25000000E-01
 8.75000000E-01
 6.25000000E-02
 7.50000000E-01
 8.75000000E-01
 3.12500000E-01
 6.87500000E-01
 2.50000000E-01
 5.15625000E-01
 4.84375000E-01
 9.92187500E-01
 6.25000000E-02
 7.50000000E-01
 5.00000000E-01
 4.37500000E-01
 5.62500000E-01
 1.56250000E-02
 3.12500000E-02
 7.50000000E-01
 2.50000000E-01
 6.25000000E-02
 7.85156250E-01
 8.75000000E-01
 2.81250000E-01
 7.18750000E-01
 5.00000000E-01
 4.68750000E-02
 7.96875000E-01
 5.00000000E-01
 9.76562500E-04
 5.00000000E-01
 3.90625000E-03
 6.25000000E-01
 3.75000000E-01
 7.50000000E-01
 6.25000000E-01
 3.75000000E-01
 3.12500000E-02
 2.18750000E-01
 6.87500000E-01
 7.50000000E-01
 1.56250000E-02
 8.12500000E-01
 2.50000000E-01
 9.76562500E-04
 7.50000000E-01
 1.25000000E-01
 6.25000000E-02
 7.81250000E-01
 8.75000000E-01
 1.95312500E-03
 5.00000000E-01
 3.12500000E-02
 6.87500000E-01
 3.12500000E-01
 7.50000000E-01
 4.53125000E-01
 5.46875000E-01
 9.37500000E-01
 8.43750000E-01
 1.56250000E-01
 6.25000000E-02
 3.90625000E-03
 7.50000000E-01
 6.25000000E-02
 3.12500000E-02
 7.81250000E-01
 3.12500000E-02
 2.18750000E-01
 7.50000000E-01
 9.68750000E-01
 2.50000000E-01
 6.25000000E-01
 8.75000000E-01
 2.50000000E-01
 7.18750000E-01
 7.50000000E-01
 7.81250000E-03
 8.12500000E-01
 6.25000000E-02
 2.50000000E-01
 6.25000000E-01
 9.92187500E-01
 2.50000000E-01
 7.18750000E-01
 5.00000000E-01
 6.56250000E-01
 3.43750000E-01
 9.84375000E-01
 3.12500000E-02
 7.50000000E-01
 2.50000000E-01
 5.93750000E-01
 4.06250000E-01
 1.56250000E-02
 6.87500000E-01
 3.12500000E-01
 9.96093750E-01
 1.25000000E-01
 5.00000000E-01
 2.50000000E-01
 1.25000000E-01
 7.42187500E-01
 5.00000000E-01
 7.03125000E-01
 2.96875000E-01
 7.50000000E-01
 4.68750000E-02
 8.12500000E-01
 3.90625000E-03
 6.25000000E-02
 5.00000000E-01
 7.50000000E-01
 6.25000000E-02
 5.00000000E-01
 2.50000000E-01
 1.56250000E-01
 7.73437500E-01
 1.56250000E-02
 2.18750000E-01
 7.50000000E-01
 7.50000000E-01
 5.62500000E-01
 4.37500000E-01
 1.25000000E-01
 4.68750000E-01
 5.31250000E-01
 3.12500000E-02
 2.50000000E-01
 6.87500000E-01
 7.81250000E-03
 3.12500000E-02
 7.50000000E-01
 1.95312500E-03
 1.25000000E-01
 5.00000000E-01
 2.50000000E-01
 1.56250000E-02
 5.00000000E-01
 2.50000000E-01
 1.56250000E-01
 7.65625000E-01
 2.50000000E-01
 2.65625000E-01
 7.34375000E-01
 1.25000000E-01
 1.87500000E-01
 7.42187500E-01
 8.75000000E-01
 9.68750000E-01
 3.12500000E-02
 7.50000000E-01
 3.90625000E-03
 8.12500000E-01
 7.50000000E-01
 3.43750000E-01
 6.56250000E-01
 1.25000000E-01
 3.12500000E-02
 7.96875000E-01
 9.37500000E-01
 8.75000000E-01
 1.25000000E-01
 2.50000000E-01
 7.81250000E-03
 5.00000000E-01
 1.25000000E-01
 2.28515625E-01
 7.50000000E-01
 9.84375000E-01
 6.87500000E-01
 3.12500000E-01
 1.56250000E-02
 2.50000000E-01
 6.87500000E-01
 9.37500000E-01
 5.00000000E-01
 5.00000000E-01
 8.75000000E-01
 1.25000000E-01
 5.00000000E-01
 1.25000000E-01
 9.37500000E-02
 7.96875000E-01
 1.25000000E-01
 7.50000000E-01
 2.50000000E-01
 9.84375000E-01
 2.18750000E-01
 7.50000000E-01
 9.92187500E-01
 1.25000000E-01
 5.00000000E-01
 9.98046875E-01
 1.25000000E-01
 5.00000000E-01
 1.25000000E-01
 1.25000000E-01
 7.18750000E-01
 3.12500000E-02
 2.50000000E-01
 7.34375000E-01
 5.00000000E-01
 6.25000000E-01
 3.75000000E-01
 7.81250000E-03
 2.18750000E-01
 7.50000000E-01
 5.00000000E-01
 1.56250000E-02
 8.12500000E-01
 7.50000000E-01
 1.87500000E-01
 7.18750000E-01
 2.50000000E-01
 3.90625000E-03
 5.00000000E-01
 6.25000000E-02
 2.26562500E-01
 6.25000000E-01
 2.50000000E-01
 8.59375000E-01
 1.40625000E-01
 5.00000000E-01
 4.53125000E-01
 5.46875000E-01
 9.84375000E-01
 2.50000000E-01
 6.87500000E-01
 9.99511719E-01
 5.00000000E-01
 5.00000000E-01
 5.00000000E-01
 9.37500000E-02
 7.85156250E-01
 5.00000000E-01
 7.81250000E-03
 8.12500000E-01
 1.56250000E-02
 2.50000000E-01
 7.34375000E-01
 9.99023438E-01
 5.00000000E-01
 5.00000000E-01
 7.50000000E-01
 7.96875000E-01
 2.03125000E-01
 7.81250000E-03
 2.50000000E-01
 6.87500000E-01
 6.25000000E-02
 9.06250000E-01
 9.37500000E-02
 1.25000000E-01
 3.75000000E-01
 6.25000000E-01
 2.50000000E-01
 1.87500000E-01
 6.25000000E-01
 9.68750000E-01
 1.25000000E-01
 6.87500000E-01
 9.37500000E-01
 5.31250000E-01
 4.68750000E-01
 5.00000000E-01
 4.68750000E-02
 8.12500000E-01
 8.75000000E-01
 4.37500000E-01
 5.62500000E-01
 5.00000000E-01
 6.25000000E-02
 5.00000000E-01
 6.25000000E-02
 1.25000000E-01
 6.87500000E-01
 3.12500000E-02
 2.26562500E-01
 7.50000000E-01
 5.00000000E-01
 5.62500000E-01
 4.37500000E-01
 2.50000000E-01
 2.18750000E-01
 7.18750000E-01
 9.99755859E-01
 5.00000000E-01
 5.00000000E-01
 3.12500000E-02
 1.25000000E-01
 6.25000000E-01
 2.50000000E-01
 6.25000000E-02
 7.50000000E-01
 8.75000000E-01
 9.76562500E-04
 5.00000000E-01
 2.50000000E-01
 3.12500000E-01
 6.87500000E-01
 9.68750000E-01
 1.25000000E-01
 7.50000000E-01
 9.37500000E-01
 1.56250000E-02
 7.50000000E-01
 5.00000000E-01
 3.90625000E-03
 8.12500000E-01
 5.00000000E-01
 3.43750000E-01
 6.56250000E-01
 6.25000000E-02
 1.25000000E-01
 7.50000000E-01
 9.84375000E-01
 2.50000000E-01
 7.34375000E-01
 7.50000000E-01
 3.12500000E-02
 7.50000000E-01
 2.50000000E-01
 2.81250000E-01
 7.18750000E-01
 3.12500000E-02
 8.12500000E-01
 1.87500000E-01
 3.12500000E-02
 2.50000000E-01
 7.42187500E-01
 9.37500000E-01
 7.81250000E-03
 7.50000000E-01
 2.50000000E-01
 6.09375000E-01
 3.90625000E-01
 2.50000000E-01
 1.95312500E-03
 5.00000000E-01
 1.56250000E-02
 1.25000000E-01
 6.25000000E-01
 9.37500000E-01
 2.18750000E-01
 6.25000000E-01
 8.75000000E-01
 6.56250000E-01
 3.43750000E-01
 9.68750000E-01
 1.25000000E-01
 7.34375000E-01
 7.50000000E-01
 4.88281250E-04
 5.00000000E-01
 6.25000000E-02
 1.25000000E-01
 7.34375000E-01
 7.50000000E-01
 6.25000000E-02
 8.04687500E-01
 2.50000000E-01
 2.50000000E-01
 7.18750000E-01
 5.00000000E-01
 5.46875000E-02
 7.96875000E-01
 1.56250000E-02
 8.12500000E-01
 1.87500000E-01
 7.50000000E-01
 5.46875000E-01
 4.53125000E-01
 7.50000000E-01
 2.18750000E-01
 6.87500000E-01
 5.00000000E-01
 1.87500000E-01
 7.18750000E-01
 7.50000000E-01
 6.87500000E-01
 3.12500000E-01
 1.25000000E-01
 3.12500000E-02
 8.12500000E-01
 9.37500000E-01
 3.90625000E-03
 7.50000000E-01
 9.37500000E-01
 3.12500000E-02
 7.81250000E-01
 9.84375000E-01
 1.25000000E-01
 6.25000000E-01
 9.96093750E-01
 6.25000000E-01
 3.75000000E-01
 7.50000000E-01
 2.18750000E-01
 7.50000000E-01
 5.00000000E-01
 1.71875000E-01
 7.57812500E-01
 9.37500000E-01
 2.50000000E-01
 6.25000000E-01
 2.50000000E-01
 9.68750000E-01
 3.12500000E-02
 5.00000000E-01
 7.96875000E-01
 2.03125000E-01
 5.00000000E-01
 1.95312500E-03
 8.12500000E-01
 9.84375000E-01
 8.12500000E-01
 1.87500000E-01
 7.81250000E-03
 1.25000000E-01
 6.25000000E-01
 1.25000000E-01
 8.43750000E-01
 1.56250000E-01
 7.50000000E-01
 5.46875000E-02
 8.12500000E-01
 3.12500000E-02
 1.25000000E-01
 7.81250000E-01
 2.50000000E-01
 3.59375000E-01
 6.40625000E-01
 3.90625000E-03
 2.50000000E-01
 6.87500000E-01
 7.50000000E-01
 2.50000000E-01
 6.87500000E-01
 7.50000000E-01
 2.18750000E-01
 7.34375000E-01
 7.50000000E-01
 7.18750000E-01
 2.81250000E-01
 2.50000000E-01
 1.25000000E-01
 5.00000000E-01
 5.00000000E-01
 2.03125000E-01
 7.57812500E-01
 8.75000000E-01
 6.25000000E-01
 3.75000000E-01
 9.96093750E-01
 6.25000000E-02
 5.00000000E-01
 8.75000000E-01
 1.56250000E-02
 8.12500000E-01
 2.50000000E-01
 2.28515625E-01
 6.25000000E-01
 9.92187500E-01
 6.25000000E-01
 3.75000000E-01
 5.00000000E-01
 3.12500000E-02
 7.50000000E-01
 6.25000000E-02
 5.93750000E-01
 4.06250000E-01
 6.25000000E-02
 1.25000000E-01
 7.42187500E-01
 1.95312500E-03
 6.25000000E-02
 5.00000000E-01
 7.50000000E-01
 2.96875000E-01
 7.03125000E-01
 1.56250000E-02
 1.25000000E-01
 7.81250000E-01
 9.68750000E-01
 1.56250000E-02
 5.00000000E-01
 2.50000000E-01
 2.26562500E-01
 7.18750000E-01
 7.50000000E-01
 4.68750000E-02
 7.81250000E-01
 6.25000000E-02
 1.56250000E-02
 5.00000000E-01
 8.75000000E-01
 7.81250000E-03
 8.12500000E-01
 7.50000000E-01
 6.25000000E-02
 7.96875000E-01
 3.12500000E-02
 3.12500000E-02
 5.00000000E-01
 5.00000000E-01
 4.88281250E-04
 5.00000000E-01
 9.68750000E-01
 7.81250000E-03
 5.00000000E-01
 5.00000000E-01
 6.25000000E-02
 8.04687500E-01
 1.25000000E-01
 8.75000000E-01
 1.25000000E-01
 7.50000000E-01
 2.50000000E-01
 7.34375000E-01
 6.25000000E-02
 7.81250000E-03
 5.00000000E-01
 8.75000000E-01
 4.68750000E-02
 8.12500000E-01
 2.50000000E-01
 9.53125000E-01
 4.68750000E-02
 8.75000000E-01
 6.25000000E-02
 5.00000000E-01
 5.00000000E-01
 5.46875000E-01
 4.53125000E-01
 5.00000000E-01
 2.18750000E-01
 6.87500000E-01
 8.75000000E-01
 5.62500000E-01
 4.37500000E-01
 9.92187500E-01
 6.25000000E-02
 5.00000000E-01
 9.37500000E-01
 2.26562500E-01
 6.25000000E-01
 9.98046875E-01
 6.25000000E-02
 5.00000000E-01
 9.84375000E-01
 1.25000000E-01
 7.81250000E-01
 1.25000000E-01
 5.00000000E-01
 5.00000000E-01
 5.00000000E-01
 6.87500000E-01
 3.12500000E-01
 1.56250000E-02
 3.12500000E-02
 5.00000000E-01
 2.50000000E-01
 4.37500000E-01
 5.62500000E-01
 8.75000000E-01
 3.43750000E-01
 6.56250000E-01
 5.00000000E-01
 2.18750000E-01
 7.50000000E-01
 7.50000000E-01
 8.90625000E-01
 1.09375000E-01
 2.50000000E-01
 4.68750000E-02
 7.96875000E-01
 2.50000000E-01
 9.76562500E-04
 5.00000000E-01
 7.50000000E-01
 2.18750000E-01
 7.42187500E-01
 7.50000000E-01
 2.26562500E-01
 6.87500000E-01
 9.68750000E-01
 3.90625000E-03
 5.00000000E-01
 3.12500000E-02
 9.37500000E-01
 6.25000000E-02
 9.37500000E-01
 9.06250000E-01
 9.37500000E-02
 6.25000000E-02
 3.90625000E-03
 5.00000000E-01
 5.00000000E-01
 5.46875000E-02
 8.12500000E-01
 9.37500000E-01
 1.25000000E-01
 6.87500000E-01
 7.50000000E-01
 2.26562500E-01
 7.50000000E-01
 5.00000000E-01
 2.50000000E-01
 6.87500000E-01
 9.84375000E-01
 3.12500000E-02
 5.00000000E-01
 3.90625000E-03
 1.25000000E-01
 6.25000000E-01
 5.00000000E-01
 2.18750000E-01
 7.34375000E-01
 7.50000000E-01
 1.25000000E-01
 6.25000000E-01
 5.00000000E-01
 7.18750000E-01
 2.81250000E-01
 2.50000000E-01
 6.56250000E-01
 3.43750000E-01
 9.37500000E-01
 1.25000000E-01
 7.50000000E-01
 1.56250000E-02
 9.37500000E-01
 6.25000000E-02
 9.68750000E-01
 1.87500000E-01
 6.25000000E-01
 8.75000000E-01
 1.87500000E-01
 7.18750000E-01
 6.25000000E-02
 1.87500000E-01
 6.25000000E-01
 7.81250000E-03
 3.12500000E-02
 5.00000000E-01
 2.50000000E-01
 7.03125000E-01
 2.96875000E-01
 7.50000000E-01
 8.12500000E-01
 1.87500000E-01
 1.25000000E-01
 5.31250000E-01
 4.68750000E-01
 5.00000000E-01
 2.96875000E-01
 7.03125000E-01
 7.50000000E-01
 2.50000000E-01
 7.42187500E-01
 9.68750000E-01
 6.25000000E-02
 7.50000000E-01
 6.25000000E-02
 2.18750000E-01
 7.18750000E-01
 5.00000000E-01
 4.68750000E-02
 7.81250000E-01
 9.68750000E-01
 3.12500000E-01
 6.87500000E-01
 6.25000000E-02
 6.25000000E-02
 7.50000000E-01
 5.00000000E-01
 6.25000000E-02
 7.96875000E-01
 6.25000000E-02
 3.12500000E-01
 6.87500000E-01
 7.50000000E-01
 4.06250000E-01
 5.93750000E-01
 3.12500000E-02
 2.50000000E-01
 5.00000000E-01
 7.50000000E-01
 1.40625000E-01
 7.81250000E-01
 3.12500000E-02
 1.87500000E-01
 6.87500000E-01
 1.25000000E-01
 1.56250000E-02
 7.50000000E-01
 9.37500000E-01
 1.25000000E-01
 7.34375000E-01
 7.50000000E-01
 6.40625000E-01
 3.59375000E-01
 6.25000000E-02
 2.81250000E-01
 7.18750000E-01
 5.00000000E-01
 2.50000000E-01
 7.34375000E-01
 9.84375000E-01
 9.37500000E-01
 6.25000000E-02
 5.00000000E-01
 1.56250000E-02
 8.20312500E-01
 3.12500000E-02
 1.87500000E-01
 7.50000000E-01
 1.25000000E-01
 7.81250000E-03
 7.50000000E-01
 6.25000000E-02
 1.95312500E-03
 5.00000000E-01
 1.25000000E-01
 2.18750000E-01
 6.25000000E-01
 1.56250000E-02
 2.50000000E-01
 5.00000000E-01
 1.56250000E-02
 1.87500000E-01
 6.87500000E-01
 9.68750000E-01
 2.50000000E-01
 7.18750000E-01
 8.75000000E-01
 3.12500000E-02
 7.50000000E-01
 6.25000000E-02
 2.50000000E-01
 7.18750000E-01
 5.00000000E-01
 8.90625000E-01
 1.09375000E-01
 9.92187500E-01
 3.12500000E-02
 7.50000000E-01
 5.00000000E-01
 2.18750000E-01
 7.42187500E-01
 5.00000000E-01
 2.26562500E-01
 6.87500000E-01
 2.50000000E-01
 6.25000000E-01
 3.75000000E-01
 1.25000000E-01
 1.25000000E-01
 7.85156250E-01
 4.88281250E-04
 2.50000000E-01
 5.00000000E-01
 1.56250000E-02
 1.87500000E-01
 7.50000000E-01
 2.50000000E-01
 1.56250000E-02
 8.12500000E-01
 2.50000000E-01
 4.53125000E-01
 5.46875000E-01
 1.25000000E-01
 3.90625000E-03
 7.50000000E-01
 7.50000000E-01
 1.25000000E-01
 7.81250000E-01
 5.00000000E-01
 2.26562500E-01
 7.50000000E-01
 1.25000000E-01
 3.12500000E-02
 7.81250000E-01
 9.84375000E-01
 2.50000000E-01
 5.00000000E-01
 8.75000000E-01
 6.25000000E-02
 8.04687500E-01
 5.00000000E-01
 1.25000000E-01
 6.25000000E-01
 2.50000000E-01
 7.81250000E-03
 8.12500000E-01
 9.84375000E-01
 1.87500000E-01
 6.87500000E-01
 1.25000000E-01
 2.50000000E-01
 6.25000000E-01
 6.25000000E-02
 9.68750000E-01
 3.12500000E-02
 8.75000000E-01
 2.18750000E-01
 6.87500000E-01
 3.12500000E-02
 6.25000000E-02
 7.81250000E-01
 7.50000000E-01
 3.90625000E-01
 6.09375000E-01
 9.37500000E-01
 5.93750000E-01
 4.06250000E-01
 9.96093750E-01
 2.50000000E-01
 6.87500000E-01
 8.75000000E-01
 6.87500000E-01
 3.12500000E-01
 9.37500000E-01
 1.25000000E-01
 7.42187500E-01
 5.00000000E-01
 1.56250000E-01
 7.61718750E-01
 2.50000000E-01
 4.68750000E-02
 8.12500000E-01
 7.81250000E-03
 2.50000000E-01
 5.00000000E-01
 9.84375000E-01
 1.87500000E-01
 7.50000000E-01
 5.00000000E-01
 8.12500000E-01
 1.87500000E-01
 2.50000000E-01
 6.25000000E-02
 5.00000000E-01
 5.00000000E-01
 2.50000000E-01
 7.42187500E-01
 9.68750000E-01
 1.25000000E-01
 5.00000000E-01
 8.75000000E-01
 2.18750000E-01
 7.50000000E-01
 2.50000000E-01
 5.62500000E-01
 4.37500000E-01
 5.00000000E-01
 2.26562500E-01
 7.34375000E-01
 9.37500000E-01
 1.56250000E-02
 5.00000000E-01
 7.50000000E-01
 5.46875000E-02
 7.81250000E-01
 6.25000000E-02
 1.25000000E-01
 5.00000000E-01
 9.92187500E-01
 2.18750000E-01
 7.50000000E-01
 5.00000000E-01
 4.06250000E-01
 5.93750000E-01
 3.90625000E-03
 3.12500000E-02
 5.00000000E-01
 7.50000000E-01
 3.12500000E-02
 5.00000000E-01
 5.00000000E-01
 1.40625000E-01
 7.81250000E-01
 2.50000000E-01
 3.90625000E-03
 8.12500000E-01
 2.50000000E-01
 3.43750000E-01
 6.56250000E-01
 7.81250000E-03
 1.87500000E-01
 7.50000000E-01
 5.00000000E-01
 6.40625000E-01
 3.59375000E-01
 9.37500000E-01
 7.81250000E-03
 5.00000000E-01
 8.75000000E-01
 5.46875000E-02
 8.12500000E-01
 9.76562500E-04
 1.25000000E-01
 5.00000000E-01
 8.75000000E-01
 2.50000000E-01
 6.87500000E-01
 8.75000000E-01
 2.18750000E-01
 7.34375000E-01
 7.50000000E-01
 1.25000000E-01
 7.87109375E-01
 8.75000000E-01
 7.18750000E-01
 2.81250000E-01
 9.92187500E-01
 2.50000000E-01
 6.87500000E-01
 1.25000000E-01
 1.95312500E-03
 7.50000000E-01
 7.50000000E-01
 9.84375000E-01
 1.56250000E-02
 7.50000000E-01
 9.37500000E-01
 6.25000000E-02
 9.37500000E-01
 3.90625000E-03
 5.00000000E-01
 2.50000000E-01
 1.87500000E-01
 7.18750000E-01
 8.75000000E-01
 4.68750000E-02
 7.81250000E-01
 1.25000000E-01
 2.26562500E-01
 6.25000000E-01
 8.75000000E-01
 6.25000000E-02
 7.96875000E-01
 9.68750000E-01
 4.37500000E-01
 5.62500000E-01
 3.12500000E-02
 7.50000000E-01
 2.50000000E-01
 5.00000000E-01
 1.25000000E-01
 7.81250000E-01
 6.25000000E-02
 4.37500000E-01
 5.62500000E-01
 3.12500000E-02
 1.25000000E-01
 7.18750000E-01
 8.75000000E-01
 2.50000000E-01
 7.34375000E-01
 2.50000000E-01
 7.96875000E-01
 2.03125000E-01
 1.25000000E-01
 9.06250000E-01
 9.37500000E-02
 5.00000000E-01
 3.90625000E-01
 6.09375000E-01
 9.37500000E-01
 1.87500000E-01
 6.25000000E-01
 9.96093750E-01
 1.25000000E-01
 6.25000000E-01
 1.56250000E-02
 7.50000000E-01
 2.50000000E-01
 1.25000000E-01
 1.25000000E-01
 6.87500000E-01
 7.50000000E-01
 7.81250000E-01
 2.18750000E-01
 1.56250000E-02
 1.25000000E-01
 7.18750000E-01
 9.37500000E-01
 2.18750000E-01
 7.18750000E-01
 5.00000000E-01
 5.46875000E-02
 7.81250000E-01
 9.37500000E-01
 6.25000000E-02
 7.50000000E-01
 9.37500000E-01
 3.12500000E-01
 6.87500000E-01
 1.25000000E-01
 1.87500000E-01
 7.57812500E-01
 3.90625000E-03
 2.50000000E-01
 5.00000000E-01
 5.00000000E-01
 3.12500000E-02
 5.00000000E-01
 7.50000000E-01
 2.50000000E-01
 5.00000000E-01
 8.75000000E-01
 2.26562500E-01
 6.87500000E-01
 7.50000000E-01
 7.34375000E-01
 2.65625000E-01
 6.25000000E-02
 6.56250000E-01
 3.43750000E-01
 7.50000000E-01
 1.87500000E-01
 6.87500000E-01
 1.25000000E-01
 1.25000000E-01
 7.50000000E-01
 3.12500000E-02
 3.75000000E-01
 6.25000000E-01
 2.50000000E-01
 3.12500000E-02
 7.50000000E-01
 9.37500000E-01
 2.81250000E-01
 7.18750000E-01
 8.75000000E-01
 2.26562500E-01
 7.50000000E-01
 3.90625000E-03
 1.87500000E-01
 7.50000000E-01
 7.50000000E-01
 1.87500000E-01
 7.50000000E-01
 9.37500000E-01
 1.95312500E-03
 5.00000000E-01
 9.84375000E-01
 7.50000000E-01
 2.50000000E-01
 5.00000000E-01
 1.25000000E-01
 7.87109375E-01
 8.75000000E-01
 1.25000000E-01
 6.25000000E-01
 9.84375000E-01
 1.25000000E-01
 7.18750000E-01
 9.92187500E-01
 1.25000000E-01
 6.25000000E-01
 7.50000000E-01
 1.40625000E-01
 7.65625000E-01
 5.00000000E-01
 9.84375000E-01
 1.56250000E-02
 2.50000000E-01
 4.88281250E-04
 5.00000000E-01
 1.56250000E-02
 3.75000000E-01
 6.25000000E-01
 1.25000000E-01
 1.25000000E-01
 7.34375000E-01
 9.37500000E-01
 2.50000000E-01
 7.18750000E-01
 2.50000000E-01
 6.25000000E-02
 8.04687500E-01
 7.81250000E-03
 7.50000000E-01
 2.50000000E-01
 8.75000000E-01
 8.12500000E-01
 1.87500000E-01
 8.75000000E-01
 2.50000000E-01
 7.42187500E-01
 2.50000000E-01
 5.46875000E-01
 4.53125000E-01
 2.50000000E-01
 2.18750000E-01
 6.87500000E-01
 5.00000000E-01
 9.37500000E-01
 6.25000000E-02
 7.50000000E-01
 3.12500000E-02
 8.04687500E-01
 7.50000000E-01
 1.87500000E-01
 7.34375000E-01
 2.50000000E-01
 6.87500000E-01
 3.12500000E-01
 8.75000000E-01
 4.06250000E-01
 5.93750000E-01
 8.75000000E-01
 1.40625000E-01
 7.81250000E-01
 2.50000000E-01
 2.18750000E-01
 7.50000000E-01
 7.50000000E-01
 1.71875000E-01
 7.65625000E-01
 9.68750000E-01
 6.25000000E-01
 3.75000000E-01
 7.50000000E-01
 4.84375000E-01
 5.15625000E-01
 9.37500000E-01
 9.68750000E-01
 3.12500000E-02
 9.84375000E-01
 3.75000000E-01
 6.25000000E-01
 6.25000000E-02
 6.25000000E-01
 3.75000000E-01
 6.25000000E-02
 1.56250000E-02
 8.12500000E-01
 7.50000000E-01
 6.25000000E-02
 7.81250000E-01
 3.12500000E-02
 3.12500000E-02
 8.12500000E-01
 2.50000000E-01
 5.46875000E-02
 8.12500000E-01
 5.00000000E-01
 7.81250000E-01
 2.18750000E-01
 7.81250000E-03
 3.75000000E-01
 6.25000000E-01
 2.50000000E-01
 2.50000000E-01
 6.87500000E-01
 2.50000000E-01
 2.18750000E-01
 7.34375000E-01
 9.37500000E-01
 1.25000000E-01
 5.00000000E-01
 2.50000000E-01
 7.18750000E-01
 2.81250000E-01
 5.00000000E-01
 2.50000000E-01
 5.00000000E-01
 5.00000000E-01
 7.34375000E-01
 2.65625000E-01
 5.00000000E-01
 1.87500000E-01
 6.87500000E-01
 1.25000000E-01
 5.93750000E-01
 4.06250000E-01
 9.68750000E-01
 6.25000000E-02
 5.00000000E-01
 1.25000000E-01
 1.25000000E-01
 7.42187500E-01
 6.25000000E-02
 4.68750000E-02
 8.12500000E-01
 2.50000000E-01
 2.96875000E-01
 7.03125000E-01
 8.75000000E-01
 1.25000000E-01
 7.81250000E-01
 9.68750000E-01
 5.62500000E-01
 4.37500000E-01
 9.96093750E-01
 3.12500000E-02
 5.00000000E-01
 6.25000000E-02
 6.25000000E-02
 5.00000000E-01
 5.00000000E-01
 1.87500000E-01
 7.50000000E-01
 6.25000000E-02
 5.62500000E-01
 4.37500000E-01
 7.50000000E-01
 4.68750000E-01
 5.31250000E-01
 2.50000000E-01
 4.68750000E-02
 7.81250000E-01
 1.25000000E-01
 1.56250000E-02
 5.00000000E-01
 5.00000000E-01
 1.40625000E-01
 7.73437500E-01
 1.25000000E-01
 1.56250000E-01
 7.65625000E-01
 2.50000000E-01
 6.25000000E-02
 7.96875000E-01
 7.50000000E-01
 1.87500000E-01
 7.42187500E-01
 5.00000000E-01
 1.40625000E-01
 7.65625000E-01
 6.25000000E-02
 3.43750000E-01
 6.56250000E-01
 7.50000000E-01
 3.12500000E-02
 7.96875000E-01
 2.50000000E-01
 2.50000000E-01
 7.34375000E-01
 1.25000000E-01
 7.81250000E-03
 5.00000000E-01
 9.99023438E-01
 1.25000000E-01
 5.00000000E-01
 7.50000000E-01
 2.28515625E-01
 7.50000000E-01
 5.00000000E-01
 3.12500000E-02
 8.04687500E-01
 5.00000000E-01
 1.87500000E-01
 7.34375000E-01
 3.90625000E-03
 7.50000000E-01
 2.50000000E-01
 7.50000000E-01
 9.37500000E-02
 7.96875000E-01
 8.75000000E-01
 3.12500000E-02
 5.00000000E-01
 7.50000000E-01
 7.50000000E-01
 2.50000000E-01
 9.37500000E-01
 4.37500000E-01
 5.62500000E-01
 9.92187500E-01
 3.12500000E-02
 5.00000000E-01
 7.50000000E-01
 1.25000000E-01
 7.18750000E-01
 5.00000000E-01
 1.71875000E-01
 7.65625000E-01
 3.12500000E-02
 8.75000000E-01
 1.25000000E-01
 2.50000000E-01
 8.90625000E-01
 1.09375000E-01
 5.00000000E-01
 4.84375000E-01
 5.15625000E-01
 2.50000000E-01
 2.18750000E-01
 7.42187500E-01
 2.50000000E-01
 2.26562500E-01
 6.87500000E-01
 9.68750000E-01
 1.87500000E-01
 7.18750000E-01
 6.25000000E-02
 1.87500000E-01
 7.18750000E-01
 1.25000000E-01
 3.90625000E-03
 5.00000000E-01
 5.00000000E-01
 6.25000000E-02
 7.81250000E-01
 3.12500000E-02
 5.00000000E-01
 5.00000000E-01
 7.50000000E-01
 1.87500000E-01
 7.61718750E-01
 2.50000000E-01
 2.26562500E-01
 7.50000000E-01
 7.50000000E-01
 8.28125000E-01
 1.71875000E-01
 2.50000000E-01
 1.25000000E-01
 6.25000000E-01
 1.56250000E-02
 8.75000000E-01
 1.25000000E-01
 9.37500000E-01
 6.56250000E-01
 3.43750000E-01
 8.75000000E-01
 9.37500000E-01
 6.25000000E-02
 3.90625000E-03
 3.75000000E-01
 6.25000000E-01
 7.50000000E-01
 3.75000000E-01
 6.25000000E-01
 1.56250000E-02
 5.00000000E-01
 5.00000000E-01
 1.25000000E-01
 1.87500000E-01
 6.25000000E-01
 2.50000000E-01
 8.12500000E-01
 1.87500000E-01
 9.96093750E-01
 2.50000000E-01
 5.00000000E-01
 2.50000000E-01
 2.50000000E-01
 7.42187500E-01
 5.00000000E-01
 4.68750000E-01
 5.31250000E-01
 1.25000000E-01
 2.18750000E-01
 7.18750000E-01
 1.25000000E-01
 6.25000000E-02
 7.50000000E-01
 1.25000000E-01
 3.12500000E-01
 6.87500000E-01
 1.95312500E-03
 2.50000000E-01
 5.00000000E-01
 2.50000000E-01
 4.06250000E-01
 5.93750000E-01
 5.00000000E-01
 2.28515625E-01
 6.87500000E-01
 5.00000000E-01
 1.87500000E-01
 7.42187500E-01
 4.88281250E-04
 5.00000000E-01
 5.00000000E-01
 2.50000000E-01
 1.40625000E-01
 7.81250000E-01
 9.68750000E-01
 3.12500000E-02
 7.50000000E-01
 9.84375000E-01
 8.75000000E-01
 1.25000000E-01
 9.96093750E-01
 1.87500000E-01
 7.50000000E-01
 6.25000000E-02
 3.12500000E-02
 7.50000000E-01
 5.00000000E-01
 3.12500000E-02
 7.96875000E-01
 2.50000000E-01
 6.40625000E-01
 3.59375000E-01
 1.25000000E-01
 2.81250000E-01
 7.18750000E-01
 5.00000000E-01
 6.25000000E-02
 7.87109375E-01
 5.00000000E-01
 2.28515625E-01
 7.50000000E-01
 9.84375000E-01
 5.00000000E-01
 5.00000000E-01
 8.75000000E-01
 7.81250000E-01
 2.18750000E-01
 7.50000000E-01
 1.56250000E-01
 7.57812500E-01
 1.25000000E-01
 1.95312500E-03
 5.00000000E-01
 7.81250000E-03
 8.75000000E-01
 1.25000000E-01
 5.00000000E-01
 9.37500000E-02
 7.96875000E-01
 5.00000000E-01
 7.50000000E-01
 2.50000000E-01
 8.75000000E-01
 2.50000000E-01
 5.00000000E-01
 8.75000000E-01
 1.87500000E-01
 6.87500000E-01
 3.12500000E-02
 1.56250000E-02
 7.50000000E-01
 5.00000000E-01
 5.66406250E-02
 8.12500000E-01
 9.92187500E-01
 2.50000000E-01
 5.00000000E-01
 7.50000000E-01
 5.78125000E-01
 4.21875000E-01
 5.00000000E-01
 1.25000000E-01
 7.18750000E-01
 9.98046875E-01
 2.50000000E-01
 5.00000000E-01
 7.81250000E-03
 5.00000000E-01
 5.00000000E-01
 1.25000000E-01
 2.50000000E-01
 7.18750000E-01
 9.68750000E-01
 2.18750000E-01
 6.87500000E-01
 9.37500000E-01
 6.25000000E-01
 3.75000000E-01
 6.25000000E-02
 2.18750000E-01
 6.87500000E-01
 9.37500000E-01
 1.56250000E-02
 8.12500000E-01
 9.68750000E-01
 6.87500000E-01
 3.12500000E-01
 8.75000000E-01
 1.87500000E-01
 7.50000000E-01
 3.12500000E-02
 7.81250000E-03
 7.50000000E-01
 6.25000000E-02
 6.87500000E-01
 3.12500000E-01
 9.92187500E-01
 1.87500000E-01
 7.50000000E-01
 3.12500000E-02
 2.18750000E-01
 6.25000000E-01
 7.50000000E-01
 3.12500000E-02
 8.12500000E-01
 2.50000000E-01
 1.25000000E-01
 7.81250000E-01
 9.68750000E-01
 2.18750000E-01
 7.50000000E-01
 5.00000000E-01
 1.87500000E-01
 7.61718750E-01
 1.56250000E-02
 1.56250000E-02
 7.50000000E-01
 5.00000000E-01
 2.44140625E-04
 5.00000000E-01
 6.25000000E-02
 2.18750000E-01
 7.50000000E-01
 5.00000000E-01
 8.28125000E-01
 1.71875000E-01
 1.25000000E-01
 9.68750000E-01
 3.12500000E-02
 2.44140625E-04
 5.00000000E-01
 5.00000000E-01
 5.00000000E-01
 3.75000000E-01
 6.25000000E-01
 2.50000000E-01
 3.90625000E-01
 6.09375000E-01
 8.75000000E-01
 1.87500000E-01
 7.34375000E-01
 1.56250000E-02
 2.18750000E-01
 6.25000000E-01
 7.50000000E-01
 8.43750000E-01
 1.56250000E-01
 9.37500000E-01
 4.68750000E-02
 8.12500000E-01
 9.37500000E-01
 6.25000000E-02
 5.00000000E-01
 9.68750000E-01
 2.50000000E-01
 6.87500000E-01
 9.37500000E-01
 5.62500000E-01
 4.37500000E-01
 6.25000000E-02
 2.50000000E-01
 6.87500000E-01
 2.50000000E-01
 5.46875000E-02
 7.81250000E-01
 6.25000000E-02
 7.18750000E-01
 2.81250000E-01
 1.25000000E-01
 1.25000000E-01
 5.00000000E-01
 9.84375000E-01
 1.56250000E-02
 7.50000000E-01
 3.12500000E-02
 2.50000000E-01
 6.25000000E-01
 2.50000000E-01
 3.12500000E-02
 5.00000000E-01
 7.50000000E-01
 3.28125000E-01
 6.71875000E-01
 9.37500000E-01
 3.43750000E-01
 6.56250000E-01
 8.75000000E-01
 6.25000000E-02
 7.81250000E-01
 9.84375000E-01
 2.18750000E-01
 6.25000000E-01
 5.00000000E-01
 1.56250000E-01
 7.57812500E-01
 2.50000000E-01
 1.25000000E-01
 7.87109375E-01
 6.25000000E-02
 6.25000000E-02
 7.96875000E-01
 1.56250000E-02
 2.50000000E-01
 6.25000000E-01
 2.50000000E-01
 9.84375000E-01
 1.56250000E-02
 5.00000000E-01
 5.78125000E-01
 4.21875000E-01
 9.68750000E-01
 2.50000000E-01
 7.34375000E-01
 3.90625000E-03
 8.75000000E-01
 1.25000000E-01
 7.50000000E-01
 8.75000000E-01
 1.25000000E-01
 6.25000000E-02
 2.50000000E-01
 7.34375000E-01
 9.96093750E-01
 7.50000000E-01
 2.50000000E-01
 2.50000000E-01
 9.37500000E-01
 6.25000000E-02
 9.37500000E-01
 1.87500000E-01
 7.18750000E-01
 8.75000000E-01
 4.68750000E-01
 5.31250000E-01
 3.90625000E-03
 5.00000000E-01
 5.00000000E-01
 7.50000000E-01
 5.00000000E-01
 5.00000000E-01
 5.00000000E-01
 3.12500000E-02
 8.12500000E-01
 1.95312500E-03
 7.50000000E-01
 2.50000000E-01
 8.75000000E-01
 1.87500000E-01
 7.42187500E-01
 7.50000000E-01
 9.21875000E-01
 7.81250000E-02
 1.25000000E-01
 4.37500000E-01
 5.62500000E-01
 9.84375000E-01
 2.50000000E-01
 6.25000000E-01
 7.50000000E-01
 6.25000000E-02
 8.08593750E-01
 8.75000000E-01
 3.12500000E-02
 7.96875000E-01
 1.25000000E-01
 9.76562500E-04
 5.00000000E-01
 8.75000000E-01
 2.28515625E-01
 7.50000000E-01
 8.75000000E-01
 9.37500000E-02
 7.96875000E-01
 5.00000000E-01
 8.43750000E-01
 1.56250000E-01
 9.68750000E-01
 2.26562500E-01
 7.50000000E-01
 7.81250000E-03
 2.50000000E-01
 6.25000000E-01
 8.75000000E-01
 7.50000000E-01
 2.50000000E-01
 6.25000000E-02
 2.26562500E-01
 7.50000000E-01
 9.92187500E-01
 7.50000000E-01
 2.50000000E-01
 2.50000000E-01
 7.81250000E-01
 2.18750000E-01
 9.68750000E-01
 1.25000000E-01
 6.25000000E-01
 8.75000000E-01
 1.25000000E-01
 7.18750000E-01
 9.98046875E-01
 7.50000000E-01
 2.50000000E-01
 9.96093750E-01
 3.75000000E-01
 6.25000000E-01
 6.25000000E-02
 1.25000000E-01
 6.25000000E-01
 2.50000000E-01
 2.50000000E-01
 5.00000000E-01
 2.50000000E-01
 7.34375000E-01
 2.65625000E-01
 1.25000000E-01
 6.56250000E-01
 3.43750000E-01
 5.00000000E-01
 3.28125000E-01
 6.71875000E-01
 2.50000000E-01
 1.87500000E-01
 6.87500000E-01
 9.37500000E-01
 3.12500000E-02
 7.50000000E-01
 9.68750000E-01
 8.12500000E-01
 1.87500000E-01
 9.68750000E-01
 2.50000000E-01
 7.42187500E-01
 6.25000000E-02
 8.12500000E-01
 1.87500000E-01
 7.50000000E-01
 5.31250000E-01
 4.68750000E-01
 3.12500000E-02
 1.25000000E-01
 6.87500000E-01
 6.25000000E-02
 2.50000000E-01
 7.42187500E-01
 2.50000000E-01
 1.87500000E-01
 7.50000000E-01
 7.50000000E-01
 6.71875000E-01
 3.28125000E-01
 6.25000000E-02
 4.06250000E-01
 5.93750000E-01
 2.50000000E-01
 1.40625000E-01
 7.65625000E-01
 7.50000000E-01
 1.56250000E-02
 7.50000000E-01
 3.12500000E-02
 1.25000000E-01
 7.50000000E-01
 8.75000000E-01
 3.75000000E-01
 6.25000000E-01
 5.00000000E-01
 8.75000000E-01
 1.25000000E-01
 9.92187500E-01
 3.75000000E-01
 6.25000000E-01
 1.56250000E-02
 1.25000000E-01
 6.87500000E-01
 9.37500000E-01
 2.18750000E-01
 6.87500000E-01
 2.50000000E-01
 3.12500000E-02
 8.04687500E-01
 7.50000000E-01
 7.81250000E-03
 7.50000000E-01
 2.50000000E-01
 1.87500000E-01
 7.34375000E-01
 9.37500000E-01
 6.87500000E-01
 3.12500000E-01
 5.00000000E-01
 5.00000000E-01
 5.00000000E-01
 7.50000000E-01
 2.18750000E-01
 6.25000000E-01
 5.00000000E-01
 9.21875000E-01
 7.81250000E-02
 1.56250000E-02
 1.25000000E-01
 7.50000000E-01
 9.37500000E-01
 2.18750000E-01
 7.50000000E-01
 3.12500000E-02
 1.25000000E-01
 7.34375000E-01
 5.00000000E-01
 6.25000000E-02
 8.08593750E-01
 2.50000000E-01
 1.71875000E-01
 7.65625000E-01
 2.50000000E-01
 4.84375000E-01
 5.15625000E-01
 1.25000000E-01
 6.25000000E-01
 3.75000000E-01
 7.50000000E-01
 1.25000000E-01
 7.85156250E-01
 1.25000000E-01
 1.56250000E-02
 8.12500000E-01
 2.50000000E-01
 6.25000000E-02
 7.81250000E-01
 9.68750000E-01
 1.25000000E-01
 7.81250000E-01
 9.84375000E-01
 1.25000000E-01
 6.87500000E-01
 7.50000000E-01
 3.90625000E-03
 7.50000000E-01
 6.25000000E-02
 1.25000000E-01
 7.81250000E-01
 7.50000000E-01
 3.12500000E-02
 7.81250000E-01
 9.37500000E-01
 2.50000000E-01
 6.87500000E-01
 7.50000000E-01
 4.21875000E-01
 5.78125000E-01
 9.37500000E-01
 7.18750000E-01
 2.81250000E-01
 1.25000000E-01
 7.81250000E-03
 8.12500000E-01
 3.90625000E-03
 2.50000000E-01
 6.25000000E-01
 9.84375000E-01
 1.25000000E-01
 7.50000000E-01
 5.00000000E-01
 7.81250000E-03
 8.28125000E-01
 7.50000000E-01
 2.50000000E-01
 6.25000000E-01
 7.81250000E-03
 1.25000000E-01
 6.87500000E-01
 8.75000000E-01
 3.12500000E-02
 8.12500000E-01
 1.25000000E-01
 4.68750000E-02
 8.12500000E-01
 5.00000000E-01
 5.31250000E-01
 4.68750000E-01
 1.25000000E-01
 6.25000000E-02
 5.00000000E-01
 7.81250000E-03
 1.25000000E-01
 7.50000000E-01
 1.25000000E-01
 5.62500000E-01
 4.37500000E-01
 2.50000000E-01
 4.68750000E-01
 5.31250000E-01
 9.68750000E-01
 3.12500000E-02
 5.00000000E-01
 9.37500000E-01
 6.25000000E-02
 7.96875000E-01
 5.00000000E-01
 6.71875000E-01
 3.28125000E-01
 2.50000000E-01
 1.87500000E-01
 7.42187500E-01
 6.25000000E-02
 3.12500000E-02
 5.00000000E-01
 5.00000000E-01
 1.56250000E-02
 7.50000000E-01
 1.25000000E-01
 3.43750000E-01
 6.56250000E-01
 2.50000000E-01
 3.12500000E-02
 7.96875000E-01
 9.37500000E-01
 2.50000000E-01
 7.34375000E-01
 8.75000000E-01
 8.43750000E-01
 1.56250000E-01
 2.50000000E-01
 2.28515625E-01
 7.50000000E-01
 7.50000000E-01
 3.12500000E-02
 8.20312500E-01
 5.00000000E-01
 7.81250000E-03
 7.50000000E-01
 3.12500000E-02
 1.56250000E-02
 5.00000000E-01
 5.00000000E-01
 2.18750000E-01
 6.25000000E-01
 2.50000000E-01
 9.37500000E-02
 7.96875000E-01
 9.96093750E-01
 8.75000000E-01
 1.25000000E-01
 2.50000000E-01
 7.50000000E-01
 2.50000000E-01
 7.50000000E-01
 1.95312500E-03
 7.50000000E-01
 2.50000000E-01
 1.25000000E-01
 7.18750000E-01
