 1.43508021E-04
 5.37394349E-05
 1.51713342E-04
 1.14589528E-04
 1.01211931E-04
 1.16048257E-04
 1.43672309E-04
 5.40959387E-05
 1.26758421E-04
 1.00875062E-04
 9.54103486E-05
 1.09562594E-04
 1.43613053E-04
 4.88326441E-05
 1.01532530E-04
 8.68260606E-05
 1.27390707E-04
 1.45588983E-04
 1.44750780E-04
 2.88656909E-05
 7.79202648E-05
 7.46511895E-05
 1.04287216E-04
 1.19756727E-04
 1.43714461E-04
 4.39242337E-05
 5.14535097E-05
 5.91180925E-05
 7.72125262E-05
 8.91495014E-05
 1.43476432E-04
 5.45243429E-05
 5.11900323E-05
 5.88928970E-05
 7.68796703E-05
 8.87720669E-05
 1.44054708E-04
 5.53437931E-05
 7.71166537E-05
 7.39830294E-05
 1.03278861E-04
 1.18611216E-04
 1.42519294E-04
 5.37464075E-05
 1.00224688E-04
 8.57912898E-05
 1.25777825E-04
 1.43765966E-04
 1.42139549E-04
 5.34676483E-05
 1.24833871E-04
 9.93668278E-05
 9.40084705E-05
 1.07951905E-04
 1.41568086E-04
 5.29688386E-05
 1.49166170E-04
 1.12632548E-04
 9.94760361E-05
 1.14054969E-04
