 0.00000000E+00
 0.00000000E+00
 2.22044605E-16
 0.00000000E+00
 0.00000000E+00
 2.22044605E-16
 0.00000000E+00
 0.00000000E+00
 0.00000000E+00
 0.00000000E+00
 0.00000000E+00
 0.00000000E+00
 0.00000000E+00
 2.22044605E-16
 0.00000000E+00
 0.00000000E+00
 0.00000000E+00
 0.00000000E+00
 2.22044605E-16
 0.00000000E+00
 0.00000000E+00
 0.00000000E+00
 0.00000000E+00
 0.00000000E+00
 0.00000000E+00
 0.00000000E+00
 0.00000000E+00
 0.00000000E+00
 0.00000000E+00
 0.00000000E+00
 0.00000000E+00
 0.00000000E+00
 0.00000000E+00
 0.00000000E+00
 0.00000000E+00
 0.00000000E+00
 2.22044605E-16
 0.00000000E+00
 0.00000000E+00
 0.00000000E+00
 0.00000000E+00
 0.00000000E+00
 0.00000000E+00
 0.00000000E+00
 0.00000000E+00
 0.00000000E+00
 0.00000000E+00
 0.00000000E+00
 2.22044605E-16
 0.00000000E+00
 0.00000000E+00
 0.00000000E+00
 0.00000000E+00
 0.00000000E+00
 0.00000000E+00
 2.22044605E-16
 0.00000000E+00
 2.22044605E-16
 0.00000000E+00
 1.11022302E-16
