 4.57966998E-16
 0.00000000E+00
 0.00000000E+00
 0.00000000E+00
 0.00000000E+00
 2.03540888E-16
 3.05311332E-16
 0.00000000E+00
 0.00000000E+00
 0.00000000E+00
 0.00000000E+00
 0.00000000E+00
 3.05311332E-16
 0.00000000E+00
 0.00000000E+00
 0.00000000E+00
 0.00000000E+00
 0.00000000E+00
 3.05311332E-16
 0.00000000E+00
 0.00000000E+00
 0.00000000E+00
 0.00000000E+00
 0.00000000E+00
 3.05311332E-16
 0.00000000E+00
 0.00000000E+00
 0.00000000E+00
 1.22124533E-16
 0.00000000E+00
 3.05311332E-16
 0.00000000E+00
 0.00000000E+00
 0.00000000E+00
 1.22124533E-16
 0.00000000E+00
 3.05311332E-16
 0.00000000E+00
 0.00000000E+00
 0.00000000E+00
 0.00000000E+00
 0.00000000E+00
 3.05311332E-16
 0.00000000E+00
 0.00000000E+00
 0.00000000E+00
 0.00000000E+00
 0.00000000E+00
 3.05311332E-16
 0.00000000E+00
 0.00000000E+00
 0.00000000E+00
 0.00000000E+00
 0.00000000E+00
 3.05311332E-16
 0.00000000E+00
 0.00000000E+00
 0.00000000E+00
 0.00000000E+00
 2.03540888E-16
