 2.44249065E-16
 1.35693925E-16
 1.52655666E-16
 1.74463618E-16
 0.00000000E+00
 0.00000000E+00
 0.00000000E+00
 0.00000000E+00
 0.00000000E+00
 0.00000000E+00
 0.00000000E+00
 0.00000000E+00
 0.00000000E+00
 1.35693925E-16
 0.00000000E+00
 1.74463618E-16
 0.00000000E+00
 0.00000000E+00
 2.44249065E-16
 0.00000000E+00
 0.00000000E+00
 0.00000000E+00
 0.00000000E+00
 0.00000000E+00
 1.22124533E-16
 0.00000000E+00
 0.00000000E+00
 0.00000000E+00
 0.00000000E+00
 0.00000000E+00
 1.22124533E-16
 0.00000000E+00
 0.00000000E+00
 0.00000000E+00
 0.00000000E+00
 0.00000000E+00
 1.22124533E-16
 1.35693925E-16
 0.00000000E+00
 0.00000000E+00
 0.00000000E+00
 0.00000000E+00
 0.00000000E+00
 0.00000000E+00
 0.00000000E+00
 0.00000000E+00
 2.03540888E-16
 0.00000000E+00
 2.44249065E-16
 2.71387850E-16
 0.00000000E+00
 0.00000000E+00
 0.00000000E+00
 0.00000000E+00
 1.22124533E-16
 0.00000000E+00
 1.52655666E-16
 0.00000000E+00
 2.03540888E-16
 1.22124533E-16
