 1.44188435E-05
 6.76805576E-06
 8.99780130E-06
 3.37209274E-06
 5.96146637E-06
 1.49953451E-05
 2.53354142E-06
 3.79761823E-06
 3.20573459E-06
 1.76767434E-06
 3.67363664E-06
 8.30764268E-06
 2.01068351E-06
 3.02526932E-06
 2.39782387E-06
 1.74877217E-06
 3.65247464E-06
 6.80548463E-06
 2.94166212E-07
 8.85721998E-07
 6.43845192E-09
 1.27216818E-07
 5.83658301E-06
 7.96004855E-06
 7.52507103E-07
 1.23620438E-06
 4.97022492E-07
 1.37172626E-06
 4.01570229E-06
 4.29849985E-06
 8.17391419E-07
 1.35644859E-06
 6.84667807E-07
 1.63799821E-06
 3.84292209E-06
 3.84313325E-06
 4.70279859E-07
 1.22399857E-06
 5.42205248E-07
 6.39685785E-07
 5.35765868E-06
 6.64106628E-06
 2.23696908E-06
 3.50788225E-06
 3.19200174E-06
 2.90729494E-06
 3.00400366E-06
 4.79391128E-06
 2.85040158E-06
 4.47257203E-06
 4.31673135E-06
 3.39193039E-06
 2.77267364E-06
 5.48025567E-06
 1.61747373E-05
 7.91222169E-06
 1.21112626E-05
 6.41140195E-06
 2.20058678E-06
 8.96482161E-06
