 1.25000000E-01
 6.25000000E-02
 1.25000000E-01
 5.62500000E-01
 8.75000000E-01
 5.00000000E-01
 9.92187500E-01
 5.00000000E-01
 9.68750000E-01
 2.50000000E-01
 6.25000000E-02
 2.50000000E-01
 7.50000000E-01
 1.56250000E-02
 3.12500000E-02
 1.25000000E-01
 2.50000000E-01
 5.00000000E-01
 9.37500000E-01
 2.50000000E-01
 5.00000000E-01
 1.56250000E-02
 5.00000000E-01
 7.81250000E-03
 7.50000000E-01
 1.25000000E-01
 1.25000000E-01
 3.12500000E-02
 9.68750000E-01
 5.00000000E-01
 6.25000000E-02
 5.00000000E-01
 5.00000000E-01
 1.25000000E-01
 1.25000000E-01
 2.50000000E-01
 1.25000000E-01
 5.93750000E-01
 7.50000000E-01
 6.25000000E-02
 2.50000000E-01
 1.56250000E-02
 9.37500000E-01
 5.00000000E-01
 7.50000000E-01
 5.62500000E-01
 8.75000000E-01
 1.25000000E-01
 5.00000000E-01
 6.25000000E-02
 5.00000000E-01
 5.62500000E-01
 2.50000000E-01
 1.25000000E-01
 8.75000000E-01
 6.25000000E-02
 1.25000000E-01
 5.00000000E-01
 7.50000000E-01
 6.09375000E-01
 8.75000000E-01
 5.62500000E-01
 3.12500000E-02
 2.50000000E-01
 1.56250000E-02
 2.50000000E-01
 5.00000000E-01
 6.09375000E-01
 9.84375000E-01
 2.50000000E-01
 2.50000000E-01
 6.25000000E-02
 9.68750000E-01
 1.25000000E-01
 6.25000000E-02
 1.25000000E-01
 7.50000000E-01
 3.12500000E-02
 2.50000000E-01
 5.62500000E-01
 5.00000000E-01
 3.12500000E-02
 7.50000000E-01
 2.50000000E-01
 7.50000000E-01
 5.93750000E-01
 9.37500000E-01
 1.25000000E-01
 5.00000000E-01
 2.50000000E-01
 6.25000000E-02
 6.25000000E-02
 6.25000000E-02
 5.62500000E-01
 8.75000000E-01
 3.12500000E-02
 2.50000000E-01
 6.09375000E-01
 5.00000000E-01
 5.93750000E-01
 3.12500000E-02
 5.00000000E-01
 1.56250000E-02
 5.00000000E-01
 9.84375000E-01
 5.00000000E-01
 8.75000000E-01
 2.50000000E-01
 7.81250000E-03
 5.00000000E-01
 9.37500000E-01
 6.25000000E-02
 8.75000000E-01
 5.93750000E-01
 1.25000000E-01
 1.25000000E-01
 2.50000000E-01
 3.12500000E-02
 9.37500000E-01
 5.62500000E-01
 7.50000000E-01
 5.00000000E-01
 2.50000000E-01
 2.50000000E-01
 5.00000000E-01
 5.00000000E-01
 2.50000000E-01
 5.93750000E-01
