 5.00000000E-01
 5.00000000E-01
 5.00000000E-01
 2.50000000E-01
 2.50000000E-01
 5.00000000E-01
 7.50000000E-01
 5.00000000E-01
 5.00000000E-01
 7.50000000E-01
 2.50000000E-01
 2.50000000E-01
 7.50000000E-01
 2.50000000E-01
 1.25000000E-01
 5.00000000E-01
 3.75000000E-01
 5.00000000E-01
 5.00000000E-01
 3.75000000E-01
 2.50000000E-01
 7.50000000E-01
 5.00000000E-01
 6.25000000E-01
 1.25000000E-01
 5.00000000E-01
 8.75000000E-01
 5.00000000E-01
 5.00000000E-01
 8.75000000E-01
 5.00000000E-01
 6.25000000E-01
 7.50000000E-01
 7.50000000E-01
 3.75000000E-01
 2.50000000E-01
 2.50000000E-01
 1.25000000E-01
 1.25000000E-01
 2.50000000E-01
 8.75000000E-01
 2.50000000E-01
 7.50000000E-01
 1.25000000E-01
 2.50000000E-01
 3.75000000E-01
 7.50000000E-01
 3.75000000E-01
 6.25000000E-02
 5.00000000E-01
 1.25000000E-01
 7.50000000E-01
 3.12500000E-01
 5.00000000E-01
 3.75000000E-01
 7.50000000E-01
 5.00000000E-01
 4.37500000E-01
 5.00000000E-01
 6.25000000E-02
 2.50000000E-01
 8.75000000E-01
 2.50000000E-01
 6.25000000E-01
 8.12500000E-01
 5.00000000E-01
 8.75000000E-01
 7.50000000E-01
 9.37500000E-01
 5.00000000E-01
 5.00000000E-01
 9.37500000E-01
 6.25000000E-01
 7.50000000E-01
 5.00000000E-01
 5.62500000E-01
 5.00000000E-01
 8.12500000E-01
 7.50000000E-01
 8.75000000E-01
 7.50000000E-01
 6.25000000E-01
 3.12500000E-01
 2.50000000E-01
 1.25000000E-01
 1.25000000E-01
 2.50000000E-01
 6.25000000E-02
 6.25000000E-02
 2.50000000E-01
 3.75000000E-01
 3.75000000E-01
 1.25000000E-01
 3.75000000E-01
 6.25000000E-01
 3.75000000E-01
 8.12500000E-01
 2.50000000E-01
 9.37500000E-01
 2.50000000E-01
 8.75000000E-01
 1.25000000E-01
 8.75000000E-01
 3.75000000E-01
 7.50000000E-01
 6.25000000E-02
 2.50000000E-01
 3.12500000E-01
 2.50000000E-01
 4.37500000E-01
 7.50000000E-01
 4.37500000E-01
 3.12500000E-02
 5.00000000E-01
 1.87500000E-01
 7.50000000E-01
 1.25000000E-01
 6.25000000E-01
 1.25000000E-01
 8.75000000E-01
 3.43750000E-01
 5.00000000E-01
 3.12500000E-01
 7.50000000E-01
 6.25000000E-02
 7.50000000E-01
 3.75000000E-01
 6.25000000E-01
 3.75000000E-01
 8.75000000E-01
 5.00000000E-01
 3.12500000E-02
 5.00000000E-01
 4.68750000E-01
 5.00000000E-01
 4.06250000E-01
 2.50000000E-01
 8.12500000E-01
 2.50000000E-01
 9.37500000E-01
 2.50000000E-01
 5.62500000E-01
 5.62500000E-01
 7.50000000E-01
 7.81250000E-01
 5.00000000E-01
 8.12500000E-01
 7.50000000E-01
 9.37500000E-01
 7.50000000E-01
 8.75000000E-01
 6.25000000E-01
 8.75000000E-01
 8.75000000E-01
 9.68750000E-01
 5.00000000E-01
 5.00000000E-01
 9.68750000E-01
 7.50000000E-01
 9.37500000E-01
 6.25000000E-01
 6.25000000E-01
 6.25000000E-01
 8.75000000E-01
 7.50000000E-01
 5.62500000E-01
 5.00000000E-01
 5.93750000E-01
 7.50000000E-01
 8.12500000E-01
 5.00000000E-01
 7.81250000E-01
 7.50000000E-01
 6.87500000E-01
 3.43750000E-01
 2.50000000E-01
 4.37500000E-01
 3.75000000E-01
 6.25000000E-02
 1.25000000E-01
 3.12500000E-01
 3.75000000E-01
 1.25000000E-01
 6.25000000E-02
 2.50000000E-01
 3.12500000E-02
 3.12500000E-02
 2.50000000E-01
 3.75000000E-01
 3.12500000E-01
 6.25000000E-02
 3.75000000E-01
 3.75000000E-01
 4.37500000E-01
 1.25000000E-01
 3.12500000E-01
 1.25000000E-01
 4.37500000E-01
 7.81250000E-01
 2.50000000E-01
 6.25000000E-01
 4.37500000E-01
 8.12500000E-01
 3.75000000E-01
 9.68750000E-01
 2.50000000E-01
 9.37500000E-01
 3.75000000E-01
 9.37500000E-01
 1.25000000E-01
 8.75000000E-01
 6.25000000E-02
 8.75000000E-01
 4.37500000E-01
 7.50000000E-01
 3.12500000E-02
 2.50000000E-01
 3.43750000E-01
 7.50000000E-01
 4.68750000E-01
 2.50000000E-01
 4.06250000E-01
 2.50000000E-01
 4.68750000E-01
 7.50000000E-01
 4.06250000E-01
 1.56250000E-02
 5.00000000E-01
 1.56250000E-01
 7.50000000E-01
 1.87500000E-01
 6.25000000E-01
 1.87500000E-01
 8.75000000E-01
 3.12500000E-02
 7.50000000E-01
 1.25000000E-01
 5.62500000E-01
 1.25000000E-01
 6.87500000E-01
 1.25000000E-01
 8.12500000E-01
 6.25000000E-02
 8.75000000E-01
 1.25000000E-01
 9.37500000E-01
 3.28125000E-01
 5.00000000E-01
 2.81250000E-01
 7.50000000E-01
 3.12500000E-01
 6.25000000E-01
 3.43750000E-01
 7.50000000E-01
 3.12500000E-01
 8.75000000E-01
 4.37500000E-01
 6.25000000E-01
 3.75000000E-01
 5.62500000E-01
 3.75000000E-01
 6.87500000E-01
 3.75000000E-01
 8.12500000E-01
 3.75000000E-01
 9.37500000E-01
 5.00000000E-01
 1.56250000E-02
 5.00000000E-01
 4.53125000E-01
 5.00000000E-01
 3.90625000E-01
 2.50000000E-01
 9.68750000E-01
 2.50000000E-01
 5.31250000E-01
 2.50000000E-01
 5.93750000E-01
 2.50000000E-01
 7.81250000E-01
 5.93750000E-01
 7.50000000E-01
 5.62500000E-01
 6.25000000E-01
 5.62500000E-01
 8.75000000E-01
 7.96875000E-01
 5.00000000E-01
 7.81250000E-01
 7.50000000E-01
 9.06250000E-01
 7.50000000E-01
 9.68750000E-01
 7.50000000E-01
 9.37500000E-01
 8.75000000E-01
 9.37500000E-01
 6.25000000E-01
 8.75000000E-01
 6.87500000E-01
 8.75000000E-01
 5.62500000E-01
 8.75000000E-01
 8.12500000E-01
 8.75000000E-01
 9.37500000E-01
 9.84375000E-01
 5.00000000E-01
 7.50000000E-01
 9.68750000E-01
 5.00000000E-01
 9.53125000E-01
 5.00000000E-01
 9.84375000E-01
 6.25000000E-01
 9.37500000E-01
 6.25000000E-01
 5.62500000E-01
 6.25000000E-01
 6.87500000E-01
 6.25000000E-01
 8.12500000E-01
 7.50000000E-01
 5.31250000E-01
 7.50000000E-01
 5.93750000E-01
 5.00000000E-01
 6.09375000E-01
 7.50000000E-01
 7.81250000E-01
 5.00000000E-01
 7.65625000E-01
 7.50000000E-01
 6.56250000E-01
 4.06250000E-01
 3.75000000E-01
 4.68750000E-01
 3.75000000E-01
 3.28125000E-01
 2.50000000E-01
 3.43750000E-01
 3.75000000E-01
 4.37500000E-01
 3.12500000E-01
 3.12500000E-02
 1.25000000E-01
 4.37500000E-01
 4.37500000E-01
 3.12500000E-01
 3.12500000E-01
 6.25000000E-02
 6.25000000E-02
 3.12500000E-01
 4.37500000E-01
 1.25000000E-01
 3.12500000E-02
 2.50000000E-01
 1.56250000E-02
 1.56250000E-02
 2.50000000E-01
 3.12500000E-02
 3.75000000E-01
 3.75000000E-01
 3.43750000E-01
 6.25000000E-02
 3.12500000E-01
 6.25000000E-02
 4.37500000E-01
 3.75000000E-01
 4.06250000E-01
 3.75000000E-01
 4.68750000E-01
 1.25000000E-01
 3.43750000E-01
 1.25000000E-01
 4.06250000E-01
 7.96875000E-01
 2.50000000E-01
 7.81250000E-01
 3.75000000E-01
 6.25000000E-01
 4.06250000E-01
 9.84375000E-01
 2.50000000E-01
 8.12500000E-01
 4.37500000E-01
 9.68750000E-01
 3.75000000E-01
 9.68750000E-01
 1.25000000E-01
 9.37500000E-01
 4.37500000E-01
 9.37500000E-01
 6.25000000E-02
 8.75000000E-01
 3.12500000E-02
 8.75000000E-01
 4.06250000E-01
 7.50000000E-01
 1.56250000E-02
 8.75000000E-01
 4.68750000E-01
 2.50000000E-01
 3.59375000E-01
 2.50000000E-01
 3.90625000E-01
 7.50000000E-01
 4.53125000E-01
 2.50000000E-01
 4.21875000E-01
 2.50000000E-01
 4.53125000E-01
 7.50000000E-01
 4.21875000E-01
 7.50000000E-01
 3.90625000E-01
 7.81250000E-03
 5.00000000E-01
 4.68750000E-02
 7.50000000E-01
 1.56250000E-02
 7.50000000E-01
 1.71875000E-01
 7.50000000E-01
 1.56250000E-01
 6.25000000E-01
 1.56250000E-01
 8.75000000E-01
 1.87500000E-01
 6.87500000E-01
 1.87500000E-01
 5.62500000E-01
 1.87500000E-01
 8.12500000E-01
 3.12500000E-02
 6.25000000E-01
 3.12500000E-02
 8.75000000E-01
 6.25000000E-02
 5.62500000E-01
 6.25000000E-02
 6.87500000E-01
 1.25000000E-01
 5.31250000E-01
 1.25000000E-01
 5.93750000E-01
 1.25000000E-01
 7.18750000E-01
 1.25000000E-01
 9.68750000E-01
 6.25000000E-02
 9.37500000E-01
 2.65625000E-01
 7.50000000E-01
 1.25000000E-01
 7.81250000E-01
 3.20312500E-01
 5.00000000E-01
 3.28125000E-01
 7.50000000E-01
 2.81250000E-01
 6.25000000E-01
 3.43750000E-01
 6.25000000E-01
 3.12500000E-01
 6.87500000E-01
 3.12500000E-01
 5.62500000E-01
 3.12500000E-01
 8.12500000E-01
 4.37500000E-01
 5.62500000E-01
 4.68750000E-01
 6.25000000E-01
 4.37500000E-01
 6.87500000E-01
 3.75000000E-01
 5.31250000E-01
 3.75000000E-01
 6.56250000E-01
 3.75000000E-01
 5.93750000E-01
 3.75000000E-01
 7.81250000E-01
 5.00000000E-01
 7.81250000E-03
 5.00000000E-01
 4.60937500E-01
 5.00000000E-01
 3.98437500E-01
 5.00000000E-01
 3.82812500E-01
 2.50000000E-01
 9.53125000E-01
 2.50000000E-01
 9.84375000E-01
 2.50000000E-01
 5.15625000E-01
 2.50000000E-01
 6.09375000E-01
 2.50000000E-01
 7.65625000E-01
 6.09375000E-01
 7.50000000E-01
 5.93750000E-01
 6.25000000E-01
 5.93750000E-01
 8.75000000E-01
 5.62500000E-01
 5.62500000E-01
 5.62500000E-01
 6.87500000E-01
 5.62500000E-01
 8.12500000E-01
 6.87500000E-01
 6.87500000E-01
 6.87500000E-01
 8.12500000E-01
 8.04687500E-01
 5.00000000E-01
 7.96875000E-01
 7.50000000E-01
 8.90625000E-01
 7.50000000E-01
 9.06250000E-01
 6.25000000E-01
 8.12500000E-01
 5.62500000E-01
 8.12500000E-01
 6.87500000E-01
 9.84375000E-01
 7.50000000E-01
 9.68750000E-01
 6.25000000E-01
 9.68750000E-01
 8.75000000E-01
 9.37500000E-01
 8.12500000E-01
 9.37500000E-01
 9.37500000E-01
 9.37500000E-01
 5.62500000E-01
 9.37500000E-01
 6.87500000E-01
 8.75000000E-01
 6.56250000E-01
 8.75000000E-01
 5.31250000E-01
 8.75000000E-01
 5.93750000E-01
 8.75000000E-01
 7.81250000E-01
 6.25000000E-01
 9.06250000E-01
 8.75000000E-01
 9.68750000E-01
 9.92187500E-01
 5.00000000E-01
 7.50000000E-01
 9.84375000E-01
 5.00000000E-01
 9.60937500E-01
 5.00000000E-01
 9.92187500E-01
 6.25000000E-01
 5.93750000E-01
 6.25000000E-01
 6.56250000E-01
 6.25000000E-01
 7.18750000E-01
 6.25000000E-01
 5.31250000E-01
 6.25000000E-01
 7.81250000E-01
 6.25000000E-01
 8.43750000E-01
 7.50000000E-01
 5.15625000E-01
 7.50000000E-01
 6.09375000E-01
 5.00000000E-01
 6.01562500E-01
 7.50000000E-01
 7.96875000E-01
 7.50000000E-01
 7.65625000E-01
 5.00000000E-01
 7.73437500E-01
 7.50000000E-01
 6.40625000E-01
 4.53125000E-01
 3.75000000E-01
 4.84375000E-01
 3.75000000E-01
 3.20312500E-01
 2.50000000E-01
 4.68750000E-01
 3.12500000E-01
 4.68750000E-01
 4.37500000E-01
 3.43750000E-01
 3.12500000E-01
 3.28125000E-01
 3.75000000E-01
 3.43750000E-01
 4.37500000E-01
 3.59375000E-01
 3.75000000E-01
 4.37500000E-01
 3.43750000E-01
 1.56250000E-02
 1.25000000E-01
 3.12500000E-02
 6.25000000E-02
 3.12500000E-01
 3.43750000E-01
 4.37500000E-01
 4.68750000E-01
 4.37500000E-01
 4.06250000E-01
 6.25000000E-02
 3.12500000E-02
 3.12500000E-01
 4.06250000E-01
 1.25000000E-01
 1.56250000E-02
 3.12500000E-01
 4.68750000E-01
 2.50000000E-01
 7.81250000E-03
 7.81250000E-03
 2.50000000E-01
 1.56250000E-02
 3.75000000E-01
 3.12500000E-02
 3.12500000E-01
 3.12500000E-02
 4.37500000E-01
 3.75000000E-01
 3.59375000E-01
 6.25000000E-02
 3.43750000E-01
 6.25000000E-02
 4.06250000E-01
 3.75000000E-01
 3.90625000E-01
 3.75000000E-01
 4.21875000E-01
 1.87500000E-01
 3.43750000E-01
 3.75000000E-01
 4.84375000E-01
 3.75000000E-01
 4.53125000E-01
 1.25000000E-01
 3.28125000E-01
 1.25000000E-01
 3.59375000E-01
 1.25000000E-01
 4.21875000E-01
 5.62500000E-01
 4.06250000E-01
 6.87500000E-01
 4.06250000E-01
 8.04687500E-01
 2.50000000E-01
 7.96875000E-01
 3.75000000E-01
 7.81250000E-01
 4.37500000E-01
 6.25000000E-01
 3.90625000E-01
 6.25000000E-01
 4.53125000E-01
 6.25000000E-01
 4.21875000E-01
 9.92187500E-01
 2.50000000E-01
 9.84375000E-01
 3.75000000E-01
 8.12500000E-01
 4.06250000E-01
 9.84375000E-01
 1.25000000E-01
 8.12500000E-01
 4.68750000E-01
 9.68750000E-01
 4.37500000E-01
 9.37500000E-01
 4.06250000E-01
 9.37500000E-01
 4.68750000E-01
 9.68750000E-01
 6.25000000E-02
 9.37500000E-01
 3.12500000E-02
 8.75000000E-01
 1.56250000E-02
 8.75000000E-01
 3.90625000E-01
 7.50000000E-01
 7.81250000E-03
 8.75000000E-01
 4.21875000E-01
 8.75000000E-01
 4.84375000E-01
 8.75000000E-01
 4.53125000E-01
 2.50000000E-01
 3.67187500E-01
 2.50000000E-01
 3.51562500E-01
 2.50000000E-01
 3.82812500E-01
 2.50000000E-01
 3.98437500E-01
 7.50000000E-01
 4.45312500E-01
 2.50000000E-01
 4.14062500E-01
 7.50000000E-01
 4.60937500E-01
 2.50000000E-01
 4.60937500E-01
 7.50000000E-01
 3.82812500E-01
 7.50000000E-01
 4.14062500E-01
 3.90625000E-03
 5.00000000E-01
 7.50000000E-01
 3.98437500E-01
 4.68750000E-02
 6.25000000E-01
 7.81250000E-03
 7.50000000E-01
 3.90625000E-02
 7.50000000E-01
 4.68750000E-02
 8.75000000E-01
 1.56250000E-02
 8.75000000E-01
 1.56250000E-02
 6.25000000E-01
 1.64062500E-01
 7.50000000E-01
 1.79687500E-01
 7.50000000E-01
 1.71875000E-01
 6.25000000E-01
 1.56250000E-01
 5.62500000E-01
 1.71875000E-01
 8.75000000E-01
 1.56250000E-01
 6.87500000E-01
 1.56250000E-01
 8.12500000E-01
 1.87500000E-01
 5.31250000E-01
 1.87500000E-01
 7.18750000E-01
 1.87500000E-01
 5.93750000E-01
 3.12500000E-02
 5.62500000E-01
 3.12500000E-02
 6.87500000E-01
 1.87500000E-01
 7.81250000E-01
 3.12500000E-02
 8.12500000E-01
 3.12500000E-02
 9.37500000E-01
 6.25000000E-02
 5.93750000E-01
 6.25000000E-02
 7.18750000E-01
 1.25000000E-01
 5.15625000E-01
 1.25000000E-01
 5.78125000E-01
 1.25000000E-01
 7.34375000E-01
 6.25000000E-02
 9.68750000E-01
 1.25000000E-01
 9.53125000E-01
 1.25000000E-01
 9.84375000E-01
 2.57812500E-01
 7.50000000E-01
 2.65625000E-01
 6.25000000E-01
 2.65625000E-01
 8.75000000E-01
 3.24218750E-01
 5.00000000E-01
 3.20312500E-01
 7.50000000E-01
 3.28125000E-01
 6.25000000E-01
 1.25000000E-01
 7.65625000E-01
 2.81250000E-01
 6.87500000E-01
 2.96875000E-01
 8.75000000E-01
 3.43750000E-01
 6.87500000E-01
 3.43750000E-01
 5.62500000E-01
 3.12500000E-01
 6.56250000E-01
 3.12500000E-01
 7.18750000E-01
 3.12500000E-01
 5.31250000E-01
 3.12500000E-01
 9.06250000E-01
 3.12500000E-01
 7.81250000E-01
 4.53125000E-01
 6.25000000E-01
 4.68750000E-01
 5.62500000E-01
 4.37500000E-01
 5.93750000E-01
 4.68750000E-01
 6.87500000E-01
 4.37500000E-01
 6.56250000E-01
 3.75000000E-01
 5.15625000E-01
 3.75000000E-01
 6.71875000E-01
 3.75000000E-01
 6.09375000E-01
 3.75000000E-01
 7.65625000E-01
 5.00000000E-01
 3.90625000E-03
 5.00000000E-01
 4.57031250E-01
 5.00000000E-01
 3.86718750E-01
 5.00000000E-01
 4.02343750E-01
 5.00000000E-01
 3.78906250E-01
 2.50000000E-01
 9.60937500E-01
 2.50000000E-01
 9.92187500E-01
 2.50000000E-01
 5.23437500E-01
 2.50000000E-01
 6.01562500E-01
 2.50000000E-01
 7.57812500E-01
 6.01562500E-01
 7.50000000E-01
 6.09375000E-01
 6.25000000E-01
 2.50000000E-01
 7.73437500E-01
 5.93750000E-01
 5.62500000E-01
 5.93750000E-01
 6.87500000E-01
 5.93750000E-01
 8.12500000E-01
 5.62500000E-01
 5.31250000E-01
 5.93750000E-01
 9.37500000E-01
 5.62500000E-01
 5.93750000E-01
 5.62500000E-01
 7.18750000E-01
 5.62500000E-01
 9.06250000E-01
 7.18750000E-01
 6.87500000E-01
 6.87500000E-01
 5.31250000E-01
 6.87500000E-01
 6.56250000E-01
 6.87500000E-01
 7.18750000E-01
 6.56250000E-01
 8.12500000E-01
 6.87500000E-01
 7.81250000E-01
 8.00781250E-01
 5.00000000E-01
 8.04687500E-01
 7.50000000E-01
 7.96875000E-01
 6.25000000E-01
 7.81250000E-01
 6.87500000E-01
 7.81250000E-01
 5.62500000E-01
 8.98437500E-01
 7.50000000E-01
 8.90625000E-01
 6.25000000E-01
 8.90625000E-01
 8.75000000E-01
 9.21875000E-01
 8.75000000E-01
 9.06250000E-01
 6.87500000E-01
 9.06250000E-01
 8.12500000E-01
 9.06250000E-01
 9.37500000E-01
 8.12500000E-01
 5.31250000E-01
 8.12500000E-01
 6.56250000E-01
 8.12500000E-01
 5.93750000E-01
 9.92187500E-01
 7.50000000E-01
 9.84375000E-01
 6.25000000E-01
 9.68750000E-01
 6.87500000E-01
 9.68750000E-01
 8.12500000E-01
 9.68750000E-01
 5.62500000E-01
 9.84375000E-01
 8.75000000E-01
 9.68750000E-01
 9.37500000E-01
 9.37500000E-01
 9.68750000E-01
 9.37500000E-01
 8.43750000E-01
 9.37500000E-01
 5.93750000E-01
 9.37500000E-01
 7.18750000E-01
 8.75000000E-01
 6.40625000E-01
 8.75000000E-01
 5.15625000E-01
 8.75000000E-01
 5.78125000E-01
 8.75000000E-01
 8.28125000E-01
 8.12500000E-01
 7.81250000E-01
 8.75000000E-01
 7.65625000E-01
 8.75000000E-01
 7.96875000E-01
 6.25000000E-01
 8.90625000E-01
 8.75000000E-01
 9.84375000E-01
 7.50000000E-01
 9.92187500E-01
 9.96093750E-01
 5.00000000E-01
 5.00000000E-01
 9.96093750E-01
 5.00000000E-01
 9.64843750E-01
 6.25000000E-01
 6.09375000E-01
 6.25000000E-01
 6.40625000E-01
 6.25000000E-01
 5.15625000E-01
 6.25000000E-01
 7.34375000E-01
 6.25000000E-01
 7.65625000E-01
 6.25000000E-01
 7.96875000E-01
 6.25000000E-01
 5.46875000E-01
 6.25000000E-01
 8.59375000E-01
 7.50000000E-01
 5.07812500E-01
 7.50000000E-01
 6.01562500E-01
 5.00000000E-01
 5.97656250E-01
 7.50000000E-01
 8.04687500E-01
 7.50000000E-01
 7.73437500E-01
 5.00000000E-01
 7.77343750E-01
 7.50000000E-01
 6.48437500E-01
 4.06250000E-01
 3.43750000E-01
 4.06250000E-01
 4.06250000E-01
 4.53125000E-01
 3.12500000E-01
 4.45312500E-01
 3.75000000E-01
 4.53125000E-01
 4.37500000E-01
 4.76562500E-01
 3.75000000E-01
 4.84375000E-01
 3.12500000E-01
 3.24218750E-01
 2.50000000E-01
 3.20312500E-01
 3.75000000E-01
 4.84375000E-01
 4.37500000E-01
 4.68750000E-01
 4.06250000E-01
 4.68750000E-01
 3.43750000E-01
 3.59375000E-01
 3.12500000E-01
 4.68750000E-01
 4.68750000E-01
 3.43750000E-01
 3.43750000E-01
 3.28125000E-01
 4.37500000E-01
 3.59375000E-01
 4.37500000E-01
 3.43750000E-01
 4.68750000E-01
 3.43750000E-01
 4.06250000E-01
 3.67187500E-01
 3.75000000E-01
 7.81250000E-03
 1.25000000E-01
 4.37500000E-01
 3.59375000E-01
 2.81250000E-01
 4.06250000E-01
 1.56250000E-02
 6.25000000E-02
 3.12500000E-02
 3.12500000E-02
 4.37500000E-01
 4.53125000E-01
 3.12500000E-01
 3.59375000E-01
 4.37500000E-01
 3.90625000E-01
 4.37500000E-01
 4.84375000E-01
 6.25000000E-02
 1.56250000E-02
 1.25000000E-01
 7.81250000E-03
 3.12500000E-01
 3.90625000E-01
 3.12500000E-01
 4.21875000E-01
 3.12500000E-01
 4.84375000E-01
 2.50000000E-01
 3.90625000E-03
 3.90625000E-03
 2.50000000E-01
 1.56250000E-02
 3.12500000E-01
 1.56250000E-02
 4.37500000E-01
 7.81250000E-03
 3.75000000E-01
 3.12500000E-02
 3.43750000E-01
 3.12500000E-02
 4.06250000E-01
 3.75000000E-01
 3.67187500E-01
 3.75000000E-01
 3.51562500E-01
 6.25000000E-02
 3.28125000E-01
 6.25000000E-02
 3.59375000E-01
 1.56250000E-01
 3.43750000E-01
 6.25000000E-02
 4.21875000E-01
 3.75000000E-01
 3.82812500E-01
 3.75000000E-01
 3.98437500E-01
 2.18750000E-01
 3.43750000E-01
 3.75000000E-01
 4.14062500E-01
 1.87500000E-01
 3.28125000E-01
 1.87500000E-01
 3.59375000E-01
 3.75000000E-01
 4.60937500E-01
 3.75000000E-01
 4.92187500E-01
 1.25000000E-01
 3.35937500E-01
 1.25000000E-01
 3.51562500E-01
 1.25000000E-01
 3.67187500E-01
 5.31250000E-01
 4.06250000E-01
 1.25000000E-01
 4.14062500E-01
 5.62500000E-01
 3.90625000E-01
 5.62500000E-01
 4.21875000E-01
 5.62500000E-01
 4.53125000E-01
 7.18750000E-01
 4.06250000E-01
 6.87500000E-01
 3.90625000E-01
 8.00781250E-01
 2.50000000E-01
 6.87500000E-01
 4.21875000E-01
 8.04687500E-01
 3.75000000E-01
 7.96875000E-01
 4.37500000E-01
 7.81250000E-01
 4.06250000E-01
 7.81250000E-01
 4.68750000E-01
 6.25000000E-01
 3.82812500E-01
 6.25000000E-01
 3.98437500E-01
 6.25000000E-01
 4.45312500E-01
 6.25000000E-01
 4.60937500E-01
 6.25000000E-01
 4.14062500E-01
 9.96093750E-01
 2.50000000E-01
 9.92187500E-01
 1.25000000E-01
 9.92187500E-01
 3.75000000E-01
 8.12500000E-01
 3.90625000E-01
 9.84375000E-01
 4.37500000E-01
 8.12500000E-01
 4.21875000E-01
 9.84375000E-01
 6.25000000E-02
 8.12500000E-01
 4.84375000E-01
 9.68750000E-01
 4.06250000E-01
 9.68750000E-01
 4.68750000E-01
 9.37500000E-01
 4.21875000E-01
 9.68750000E-01
 3.12500000E-02
 9.37500000E-01
 4.53125000E-01
 9.37500000E-01
 4.84375000E-01
 9.37500000E-01
 1.56250000E-02
 8.75000000E-01
 7.81250000E-03
 8.75000000E-01
 3.98437500E-01
 7.50000000E-01
 3.90625000E-03
 8.75000000E-01
 4.14062500E-01
 8.75000000E-01
 4.29687500E-01
 8.75000000E-01
 4.45312500E-01
 8.75000000E-01
 4.92187500E-01
 2.50000000E-01
 3.47656250E-01
 2.50000000E-01
 3.63281250E-01
 2.50000000E-01
 3.55468750E-01
 2.50000000E-01
 3.78906250E-01
 2.50000000E-01
 3.86718750E-01
 2.50000000E-01
 4.02343750E-01
 7.50000000E-01
 4.41406250E-01
 2.50000000E-01
 4.10156250E-01
 7.50000000E-01
 4.57031250E-01
 2.50000000E-01
 4.57031250E-01
 7.50000000E-01
 3.78906250E-01
 7.50000000E-01
 3.86718750E-01
 7.50000000E-01
 4.10156250E-01
 7.50000000E-01
 4.17968750E-01
 1.95312500E-03
 5.00000000E-01
 3.90625000E-02
 6.25000000E-01
 5.46875000E-02
 6.25000000E-01
 7.50000000E-01
 4.02343750E-01
 3.90625000E-03
 7.50000000E-01
 4.68750000E-02
 5.62500000E-01
 4.68750000E-02
 6.87500000E-01
 7.81250000E-03
 6.25000000E-01
 7.81250000E-03
 8.75000000E-01
 3.90625000E-02
 8.75000000E-01
 3.51562500E-02
 7.50000000E-01
 4.68750000E-02
 8.12500000E-01
 1.56250000E-02
 8.12500000E-01
 1.56250000E-02
 9.37500000E-01
 1.67968750E-01
 7.50000000E-01
 1.64062500E-01
 8.75000000E-01
 1.75781250E-01
 7.50000000E-01
 1.64062500E-01
 6.25000000E-01
 1.79687500E-01
 6.25000000E-01
 1.79687500E-01
 8.75000000E-01
 1.71875000E-01
 6.87500000E-01
 1.71875000E-01
 5.62500000E-01
 1.56250000E-01
 5.31250000E-01
 1.71875000E-01
 8.12500000E-01
 1.56250000E-01
 5.93750000E-01
 1.56250000E-01
 7.18750000E-01
 2.18750000E-01
 5.31250000E-01
 1.56250000E-01
 7.81250000E-01
 1.87500000E-01
 5.15625000E-01
 1.87500000E-01
 5.46875000E-01
 1.87500000E-01
 5.78125000E-01
 1.87500000E-01
 7.34375000E-01
 3.12500000E-02
 5.93750000E-01
 3.12500000E-02
 6.56250000E-01
 3.12500000E-02
 7.18750000E-01
 1.87500000E-01
 7.65625000E-01
 3.12500000E-02
 7.81250000E-01
 3.12500000E-02
 9.68750000E-01
 9.37500000E-02
 5.93750000E-01
 6.25000000E-02
 5.78125000E-01
 6.25000000E-02
 6.09375000E-01
 6.25000000E-02
 7.34375000E-01
 1.25000000E-01
 5.23437500E-01
 1.25000000E-01
 5.85937500E-01
 1.25000000E-01
 7.42187500E-01
 6.25000000E-02
 9.84375000E-01
 6.25000000E-02
 9.53125000E-01
 1.25000000E-01
 9.60937500E-01
 1.25000000E-01
 9.92187500E-01
 2.61718750E-01
 7.50000000E-01
 2.57812500E-01
 6.25000000E-01
 2.57812500E-01
 8.75000000E-01
 2.65625000E-01
 6.87500000E-01
 2.65625000E-01
 8.12500000E-01
 3.22265625E-01
 5.00000000E-01
 3.24218750E-01
 7.50000000E-01
 3.20312500E-01
 6.25000000E-01
 3.28125000E-01
 5.62500000E-01
 1.25000000E-01
 7.57812500E-01
 2.81250000E-01
 7.18750000E-01
 2.81250000E-01
 9.06250000E-01
 3.04687500E-01
 8.75000000E-01
 2.96875000E-01
 8.12500000E-01
 3.59375000E-01
 6.87500000E-01
 3.43750000E-01
 6.56250000E-01
 3.43750000E-01
 5.31250000E-01
 3.43750000E-01
 7.18750000E-01
 3.12500000E-01
 6.71875000E-01
 3.12500000E-01
 7.03125000E-01
 3.12500000E-01
 5.15625000E-01
 3.12500000E-01
 8.90625000E-01
 3.43750000E-01
 9.06250000E-01
 3.12500000E-01
 7.65625000E-01
 4.45312500E-01
 6.25000000E-01
 3.43750000E-01
 7.81250000E-01
 4.53125000E-01
 6.87500000E-01
 4.53125000E-01
 5.62500000E-01
 2.81250000E-01
 7.81250000E-01
 3.12500000E-01
 7.96875000E-01
 4.68750000E-01
 5.93750000E-01
 4.37500000E-01
 6.09375000E-01
 4.68750000E-01
 6.56250000E-01
 4.37500000E-01
 6.71875000E-01
 4.06250000E-01
 6.56250000E-01
 4.37500000E-01
 6.40625000E-01
 3.75000000E-01
 5.23437500E-01
 3.75000000E-01
 6.79687500E-01
 3.75000000E-01
 6.01562500E-01
 3.75000000E-01
 7.57812500E-01
 3.75000000E-01
 7.73437500E-01
 5.00000000E-01
 1.95312500E-03
 5.00000000E-01
 4.58984375E-01
 5.00000000E-01
 3.84765625E-01
 5.00000000E-01
 4.04296875E-01
 5.00000000E-01
 3.76953125E-01
 5.00000000E-01
 3.80859375E-01
 2.50000000E-01
 9.64843750E-01
 2.50000000E-01
 9.96093750E-01
 2.50000000E-01
 5.27343750E-01
 2.50000000E-01
 5.97656250E-01
 5.31250000E-01
 5.93750000E-01
 2.50000000E-01
 7.53906250E-01
 5.97656250E-01
 7.50000000E-01
 6.01562500E-01
 6.25000000E-01
 6.01562500E-01
 8.75000000E-01
 6.17187500E-01
 8.75000000E-01
 6.09375000E-01
 6.87500000E-01
 6.09375000E-01
 8.12500000E-01
 6.09375000E-01
 9.37500000E-01
 5.78125000E-01
 5.62500000E-01
 5.93750000E-01
 5.31250000E-01
 5.93750000E-01
 5.93750000E-01
 2.50000000E-01
 7.77343750E-01
 5.93750000E-01
 7.18750000E-01
 5.93750000E-01
 8.43750000E-01
 5.93750000E-01
 7.81250000E-01
 5.62500000E-01
 5.46875000E-01
 5.62500000E-01
 5.78125000E-01
 5.62500000E-01
 6.09375000E-01
 5.62500000E-01
 7.34375000E-01
 5.31250000E-01
 7.81250000E-01
 5.62500000E-01
 7.65625000E-01
 5.62500000E-01
 7.96875000E-01
 6.56250000E-01
 5.31250000E-01
 7.03125000E-01
 6.87500000E-01
 7.18750000E-01
 6.56250000E-01
 7.18750000E-01
 7.18750000E-01
 6.87500000E-01
 5.46875000E-01
 6.87500000E-01
 6.40625000E-01
 6.87500000E-01
 5.15625000E-01
 6.56250000E-01
 7.18750000E-01
 6.87500000E-01
 7.03125000E-01
 6.87500000E-01
 7.34375000E-01
 6.56250000E-01
 9.06250000E-01
 6.87500000E-01
 8.90625000E-01
 6.71875000E-01
 8.12500000E-01
 6.56250000E-01
 7.81250000E-01
 6.56250000E-01
 8.43750000E-01
 6.87500000E-01
 7.96875000E-01
 8.00781250E-01
 7.50000000E-01
 8.02734375E-01
 5.00000000E-01
 8.04687500E-01
 6.25000000E-01
 7.96875000E-01
 6.87500000E-01
 7.81250000E-01
 6.56250000E-01
 7.96875000E-01
 5.62500000E-01
 7.81250000E-01
 5.31250000E-01
 7.81250000E-01
 5.93750000E-01
 8.43750000E-01
 5.93750000E-01
 8.94531250E-01
 7.50000000E-01
 8.98437500E-01
 6.25000000E-01
 8.98437500E-01
 8.75000000E-01
 8.90625000E-01
 6.87500000E-01
 8.90625000E-01
 8.12500000E-01
 9.14062500E-01
 8.75000000E-01
 9.21875000E-01
 8.12500000E-01
 9.06250000E-01
 7.18750000E-01
 9.06250000E-01
 7.81250000E-01
 8.12500000E-01
 5.15625000E-01
 8.12500000E-01
 6.40625000E-01
 8.12500000E-01
 5.78125000E-01
 8.12500000E-01
 6.09375000E-01
 9.53125000E-01
 5.62500000E-01
 9.96093750E-01
 7.50000000E-01
 9.92187500E-01
 6.25000000E-01
 9.92187500E-01
 8.75000000E-01
 9.84375000E-01
 6.87500000E-01
 9.84375000E-01
 5.62500000E-01
 9.68750000E-01
 7.18750000E-01
 9.68750000E-01
 5.31250000E-01
 9.84375000E-01
 8.12500000E-01
 9.68750000E-01
 5.93750000E-01
 9.68750000E-01
 8.43750000E-01
 9.68750000E-01
 9.68750000E-01
 9.84375000E-01
 9.37500000E-01
 9.37500000E-01
 7.65625000E-01
 9.37500000E-01
 7.96875000E-01
 9.37500000E-01
 9.84375000E-01
 9.37500000E-01
 8.28125000E-01
 9.37500000E-01
 5.78125000E-01
 9.37500000E-01
 7.34375000E-01
 8.75000000E-01
 6.48437500E-01
 8.75000000E-01
 5.07812500E-01
 8.75000000E-01
 5.85937500E-01
 8.43750000E-01
 7.81250000E-01
 8.12500000E-01
 7.65625000E-01
 8.12500000E-01
 7.96875000E-01
 8.75000000E-01
 7.57812500E-01
 8.75000000E-01
 8.04687500E-01
 6.25000000E-01
 8.82812500E-01
 8.75000000E-01
 9.92187500E-01
 7.50000000E-01
 9.96093750E-01
 9.98046875E-01
 5.00000000E-01
 5.00000000E-01
 9.98046875E-01
 5.00000000E-01
 9.66796875E-01
 6.25000000E-01
 6.01562500E-01
 6.25000000E-01
 6.48437500E-01
 6.25000000E-01
 7.26562500E-01
 6.25000000E-01
 5.07812500E-01
 6.25000000E-01
 7.73437500E-01
 6.25000000E-01
 7.89062500E-01
 6.25000000E-01
 8.04687500E-01
 6.25000000E-01
 5.39062500E-01
 6.25000000E-01
 8.51562500E-01
 7.50000000E-01
 5.11718750E-01
 7.50000000E-01
 5.97656250E-01
 5.00000000E-01
 5.99609375E-01
 7.50000000E-01
 8.00781250E-01
 7.50000000E-01
 7.77343750E-01
 5.00000000E-01
 7.79296875E-01
 7.50000000E-01
 6.52343750E-01
 4.45312500E-01
 3.12500000E-01
 4.06250000E-01
 4.84375000E-01
 4.53125000E-01
 3.43750000E-01
 4.49218750E-01
 3.75000000E-01
 4.45312500E-01
 4.37500000E-01
 4.53125000E-01
 4.68750000E-01
 4.53125000E-01
 4.06250000E-01
 4.72656250E-01
 3.75000000E-01
 4.76562500E-01
 3.12500000E-01
 4.80468750E-01
 3.75000000E-01
 4.76562500E-01
 4.37500000E-01
 3.22265625E-01
 2.50000000E-01
 4.84375000E-01
 3.43750000E-01
 3.24218750E-01
 3.75000000E-01
 4.84375000E-01
 4.06250000E-01
 3.20312500E-01
 4.37500000E-01
 4.68750000E-01
 3.90625000E-01
 3.67187500E-01
 3.12500000E-01
 4.68750000E-01
 3.59375000E-01
 3.59375000E-01
 3.43750000E-01
 4.68750000E-01
 4.53125000E-01
 3.43750000E-01
 3.59375000E-01
 4.68750000E-01
 4.84375000E-01
 3.28125000E-01
 4.68750000E-01
 3.67187500E-01
 4.37500000E-01
 3.59375000E-01
 4.06250000E-01
 3.43750000E-01
 4.84375000E-01
 3.43750000E-01
 3.90625000E-01
 3.63281250E-01
 3.75000000E-01
 2.65625000E-01
 4.06250000E-01
 2.81250000E-01
 3.59375000E-01
 3.90625000E-03
 1.25000000E-01
 7.81250000E-03
 6.25000000E-02
 4.37500000E-01
 3.67187500E-01
 2.81250000E-01
 3.90625000E-01
 1.56250000E-02
 3.12500000E-02
 2.81250000E-01
 4.21875000E-01
 3.12500000E-02
 1.56250000E-02
 3.12500000E-01
 3.51562500E-01
 4.37500000E-01
 4.60937500E-01
 3.12500000E-01
 3.67187500E-01
 4.37500000E-01
 4.76562500E-01
 4.37500000E-01
 3.82812500E-01
 6.25000000E-02
 7.81250000E-03
 4.37500000E-01
 4.92187500E-01
 1.25000000E-01
 3.90625000E-03
 3.12500000E-01
 3.82812500E-01
 3.12500000E-01
 3.98437500E-01
 3.12500000E-01
 4.14062500E-01
 2.50000000E-01
 1.95312500E-03
 3.12500000E-01
 4.92187500E-01
 1.95312500E-03
 2.50000000E-01
 7.81250000E-03
 3.12500000E-01
 3.90625000E-03
 3.75000000E-01
 2.34375000E-02
 4.37500000E-01
 1.56250000E-02
 4.06250000E-01
 7.81250000E-03
 4.37500000E-01
 1.56250000E-02
 3.43750000E-01
 1.56250000E-02
 4.68750000E-01
 3.12500000E-02
 3.59375000E-01
 3.12500000E-02
 3.28125000E-01
 9.37500000E-02
 3.59375000E-01
 9.37500000E-02
 4.21875000E-01
 3.12500000E-02
 4.21875000E-01
 1.40625000E-01
 3.43750000E-01
 3.75000000E-01
 3.63281250E-01
 3.75000000E-01
 3.71093750E-01
 3.75000000E-01
 3.47656250E-01
 3.75000000E-01
 3.55468750E-01
 1.71875000E-01
 3.43750000E-01
 6.25000000E-02
 3.51562500E-01
 6.25000000E-02
 3.67187500E-01
 6.25000000E-02
 3.35937500E-01
 1.56250000E-01
 3.28125000E-01
 1.56250000E-01
 3.59375000E-01
 6.25000000E-02
 4.14062500E-01
 6.25000000E-02
 4.29687500E-01
 3.75000000E-01
 3.86718750E-01
 3.75000000E-01
 3.78906250E-01
 3.75000000E-01
 4.02343750E-01
 2.03125000E-01
 3.43750000E-01
 2.18750000E-01
 3.28125000E-01
 2.18750000E-01
 3.59375000E-01
 3.75000000E-01
 4.10156250E-01
 1.87500000E-01
 3.35937500E-01
 1.87500000E-01
 3.51562500E-01
 1.87500000E-01
 3.67187500E-01
 3.75000000E-01
 4.57031250E-01
 3.75000000E-01
 4.88281250E-01
 1.25000000E-01
 3.39843750E-01
 1.25000000E-01
 3.47656250E-01
 1.25000000E-01
 3.55468750E-01
 1.25000000E-01
 3.63281250E-01
 5.46875000E-01
 4.06250000E-01
 1.87500000E-01
 4.14062500E-01
 5.31250000E-01
 3.90625000E-01
 5.31250000E-01
 4.53125000E-01
 5.31250000E-01
 4.21875000E-01
 1.25000000E-01
 4.17968750E-01
 1.25000000E-01
 4.10156250E-01
 5.93750000E-01
 3.90625000E-01
 5.62500000E-01
 3.82812500E-01
 5.62500000E-01
 4.14062500E-01
 5.62500000E-01
 3.98437500E-01
 5.62500000E-01
 4.45312500E-01
 5.62500000E-01
 4.60937500E-01
 7.03125000E-01
 4.06250000E-01
 7.34375000E-01
 4.06250000E-01
 7.18750000E-01
 3.90625000E-01
 7.18750000E-01
 4.21875000E-01
 6.87500000E-01
 4.45312500E-01
 6.87500000E-01
 3.98437500E-01
 8.02734375E-01
 2.50000000E-01
 8.00781250E-01
 3.75000000E-01
 6.87500000E-01
 4.14062500E-01
 8.04687500E-01
 4.37500000E-01
 7.65625000E-01
 4.06250000E-01
 7.81250000E-01
 3.90625000E-01
 7.96875000E-01
 4.68750000E-01
 7.81250000E-01
 4.21875000E-01
 7.81250000E-01
 4.84375000E-01
 6.25000000E-01
 3.78906250E-01
 6.25000000E-01
 3.86718750E-01
 6.25000000E-01
 3.94531250E-01
 6.25000000E-01
 4.02343750E-01
 6.25000000E-01
 4.41406250E-01
 6.25000000E-01
 4.57031250E-01
 6.25000000E-01
 4.49218750E-01
 6.25000000E-01
 4.17968750E-01
 8.43750000E-01
 4.21875000E-01
 6.25000000E-01
 4.10156250E-01
 9.06250000E-01
 4.84375000E-01
 9.06250000E-01
 4.21875000E-01
 9.96093750E-01
 1.25000000E-01
 9.98046875E-01
 2.50000000E-01
 9.96093750E-01
 3.75000000E-01
 9.92187500E-01
 6.25000000E-02
 9.92187500E-01
 4.37500000E-01
 9.76562500E-01
 4.37500000E-01
 8.12500000E-01
 3.98437500E-01
 9.84375000E-01
 4.68750000E-01
 9.84375000E-01
 4.06250000E-01
 8.12500000E-01
 4.14062500E-01
 8.12500000E-01
 4.29687500E-01
 9.84375000E-01
 3.12500000E-02
 8.12500000E-01
 4.92187500E-01
 9.68750000E-01
 4.21875000E-01
 9.68750000E-01
 4.53125000E-01
 9.68750000E-01
 4.84375000E-01
 9.37500000E-01
 4.14062500E-01
 9.37500000E-01
 4.29687500E-01
 9.68750000E-01
 1.56250000E-02
 9.37500000E-01
 4.45312500E-01
 9.37500000E-01
 4.76562500E-01
 9.37500000E-01
 4.92187500E-01
 9.37500000E-01
 7.81250000E-03
 8.75000000E-01
 3.90625000E-03
 8.75000000E-01
 4.02343750E-01
 7.50000000E-01
 1.95312500E-03
 8.75000000E-01
 4.10156250E-01
 8.75000000E-01
 4.17968750E-01
 8.75000000E-01
 4.25781250E-01
 8.75000000E-01
 4.41406250E-01
 8.75000000E-01
 4.88281250E-01
 2.50000000E-01
 3.49609375E-01
 2.50000000E-01
 3.65234375E-01
 2.50000000E-01
 3.53515625E-01
 2.50000000E-01
 3.76953125E-01
 2.50000000E-01
 3.80859375E-01
 2.50000000E-01
 3.84765625E-01
 2.50000000E-01
 4.04296875E-01
 7.50000000E-01
 4.43359375E-01
 2.50000000E-01
 4.08203125E-01
 7.50000000E-01
 4.58984375E-01
 2.50000000E-01
 4.58984375E-01
 7.50000000E-01
 3.76953125E-01
 7.50000000E-01
 3.80859375E-01
 7.50000000E-01
 3.84765625E-01
 7.50000000E-01
 4.08203125E-01
 9.76562500E-04
 5.00000000E-01
 7.50000000E-01
 4.19921875E-01
 3.51562500E-02
 6.25000000E-01
 3.90625000E-02
 6.87500000E-01
 1.95312500E-03
 7.50000000E-01
 5.85937500E-02
 6.25000000E-01
 5.46875000E-02
 6.87500000E-01
 7.50000000E-01
 4.04296875E-01
 5.46875000E-02
 5.62500000E-01
 3.90625000E-03
 6.25000000E-01
 3.90625000E-03
 8.75000000E-01
 4.68750000E-02
 5.93750000E-01
 4.68750000E-02
 6.56250000E-01
 4.68750000E-02
 7.18750000E-01
 7.81250000E-03
 8.12500000E-01
 7.81250000E-03
 9.37500000E-01
 3.51562500E-02
 8.75000000E-01
 3.90625000E-02
 8.12500000E-01
 4.68750000E-02
 7.81250000E-01
 3.32031250E-02
 7.50000000E-01
 1.56250000E-02
 9.68750000E-01
 1.56250000E-02
 7.81250000E-01
 1.56250000E-02
 6.56250000E-01
 1.56250000E-02
 7.18750000E-01
 1.69921875E-01
 7.50000000E-01
 1.67968750E-01
 6.25000000E-01
 1.67968750E-01
 8.75000000E-01
 1.64062500E-01
 8.12500000E-01
 1.77734375E-01
 7.50000000E-01
 1.75781250E-01
 8.75000000E-01
 1.75781250E-01
 6.25000000E-01
 1.64062500E-01
 5.62500000E-01
 1.64062500E-01
 6.87500000E-01
 1.79687500E-01
 6.87500000E-01
 1.79687500E-01
 8.12500000E-01
 1.71875000E-01
 7.18750000E-01
 1.71875000E-01
 5.31250000E-01
 1.71875000E-01
 5.93750000E-01
 1.56250000E-01
 5.46875000E-01
 1.56250000E-01
 5.78125000E-01
 1.71875000E-01
 7.81250000E-01
 1.56250000E-01
 7.34375000E-01
 2.34375000E-01
 5.31250000E-01
 2.18750000E-01
 5.15625000E-01
 2.18750000E-01
 5.46875000E-01
 1.56250000E-01
 7.65625000E-01
 1.87500000E-01
 5.23437500E-01
 1.87500000E-01
 5.54687500E-01
 1.87500000E-01
 5.85937500E-01
 3.12500000E-02
 6.09375000E-01
 1.87500000E-01
 7.42187500E-01
 3.12500000E-02
 6.40625000E-01
 3.12500000E-02
 7.34375000E-01
 1.87500000E-01
 7.57812500E-01
 3.12500000E-02
 7.65625000E-01
 1.09375000E-01
 5.93750000E-01
 3.12500000E-02
 9.53125000E-01
 3.12500000E-02
 9.84375000E-01
 9.37500000E-02
 5.78125000E-01
 9.37500000E-02
 6.09375000E-01
 6.25000000E-02
 6.17187500E-01
 6.25000000E-02
 5.85937500E-01
 6.25000000E-02
 7.42187500E-01
 1.25000000E-01
 5.27343750E-01
 1.25000000E-01
 5.82031250E-01
 1.25000000E-01
 7.46093750E-01
 6.25000000E-02
 9.92187500E-01
 6.25000000E-02
 9.60937500E-01
 1.25000000E-01
 9.64843750E-01
 1.25000000E-01
 9.96093750E-01
 2.59765625E-01
 7.50000000E-01
 2.61718750E-01
 8.75000000E-01
 2.61718750E-01
 6.25000000E-01
 2.57812500E-01
 6.87500000E-01
 2.57812500E-01
 8.12500000E-01
 2.65625000E-01
 7.18750000E-01
 3.21289062E-01
 5.00000000E-01
 3.22265625E-01
 7.50000000E-01
 3.24218750E-01
 6.25000000E-01
 3.20312500E-01
 5.62500000E-01
 3.28125000E-01
 5.31250000E-01
 2.65625000E-01
 7.81250000E-01
 1.25000000E-01
 7.53906250E-01
 2.96875000E-01
 9.06250000E-01
 2.96875000E-01
 7.18750000E-01
 2.81250000E-01
 7.34375000E-01
 2.81250000E-01
 7.03125000E-01
 3.00781250E-01
 8.75000000E-01
 3.04687500E-01
 8.12500000E-01
 2.96875000E-01
 7.81250000E-01
 3.51562500E-01
 6.87500000E-01
 3.59375000E-01
 7.18750000E-01
 3.59375000E-01
 6.56250000E-01
 3.43750000E-01
 6.71875000E-01
 3.43750000E-01
 5.15625000E-01
 3.43750000E-01
 7.03125000E-01
 3.12500000E-01
 6.79687500E-01
 2.81250000E-01
 5.15625000E-01
 3.12500000E-01
 5.07812500E-01
 3.12500000E-01
 7.10937500E-01
 3.12500000E-01
 5.23437500E-01
 3.12500000E-01
 8.98437500E-01
 3.43750000E-01
 9.21875000E-01
 3.28125000E-01
 9.06250000E-01
 2.81250000E-01
 7.65625000E-01
 3.12500000E-01
 7.57812500E-01
 3.12500000E-01
 7.73437500E-01
 3.43750000E-01
 7.65625000E-01
 4.49218750E-01
 6.25000000E-01
 4.45312500E-01
 5.62500000E-01
 4.45312500E-01
 6.87500000E-01
 3.59375000E-01
 7.81250000E-01
 4.53125000E-01
 6.56250000E-01
 3.43750000E-01
 7.96875000E-01
 4.53125000E-01
 5.93750000E-01
 2.81250000E-01
 7.96875000E-01
 3.12500000E-01
 8.04687500E-01
 4.68750000E-01
 6.09375000E-01
 4.37500000E-01
 6.01562500E-01
 4.68750000E-01
 6.40625000E-01
 4.06250000E-01
 6.71875000E-01
 4.37500000E-01
 6.79687500E-01
 3.90625000E-01
 6.56250000E-01
 4.37500000E-01
 6.32812500E-01
 4.06250000E-01
 6.40625000E-01
 3.75000000E-01
 5.27343750E-01
 3.75000000E-01
 6.75781250E-01
 3.75000000E-01
 5.97656250E-01
 3.75000000E-01
 7.53906250E-01
 4.37500000E-01
 7.73437500E-01
 3.75000000E-01
 7.77343750E-01
 3.75000000E-01
 7.69531250E-01
 5.00000000E-01
 9.76562500E-04
 5.00000000E-01
 4.59960938E-01
 5.00000000E-01
 3.85742188E-01
 5.00000000E-01
 4.05273438E-01
 5.00000000E-01
 3.77929688E-01
 5.00000000E-01
 3.79882812E-01
 2.50000000E-01
 9.66796875E-01
 2.50000000E-01
 9.98046875E-01
 2.50000000E-01
 5.25390625E-01
 2.50000000E-01
 5.99609375E-01
 5.31250000E-01
 5.78125000E-01
 5.15625000E-01
 5.93750000E-01
 5.31250000E-01
 6.09375000E-01
 2.50000000E-01
 7.55859375E-01
 5.95703125E-01
 7.50000000E-01
 5.97656250E-01
 6.25000000E-01
 5.97656250E-01
 8.75000000E-01
 6.01562500E-01
 6.87500000E-01
 6.01562500E-01
 8.12500000E-01
 6.21093750E-01
 8.75000000E-01
 6.09375000E-01
 7.81250000E-01
 6.09375000E-01
 7.18750000E-01
 6.09375000E-01
 8.43750000E-01
 6.09375000E-01
 9.06250000E-01
 5.85937500E-01
 5.62500000E-01
 5.78125000E-01
 5.31250000E-01
 5.78125000E-01
 5.93750000E-01
 5.93750000E-01
 5.46875000E-01
 5.93750000E-01
 5.78125000E-01
 5.93750000E-01
 7.34375000E-01
 2.50000000E-01
 7.79296875E-01
 5.93750000E-01
 8.59375000E-01
 5.93750000E-01
 7.65625000E-01
 5.62500000E-01
 5.39062500E-01
 5.93750000E-01
 8.90625000E-01
 5.62500000E-01
 5.70312500E-01
 5.62500000E-01
 6.01562500E-01
 5.62500000E-01
 7.26562500E-01
 5.62500000E-01
 8.82812500E-01
 5.15625000E-01
 7.81250000E-01
 5.46875000E-01
 7.81250000E-01
 5.31250000E-01
 7.65625000E-01
 5.31250000E-01
 7.96875000E-01
 5.62500000E-01
 7.89062500E-01
 5.62500000E-01
 7.73437500E-01
 5.62500000E-01
 8.51562500E-01
 6.71875000E-01
 5.31250000E-01
 6.56250000E-01
 5.46875000E-01
 6.56250000E-01
 5.15625000E-01
 6.95312500E-01
 6.87500000E-01
 7.03125000E-01
 6.56250000E-01
 7.03125000E-01
 7.18750000E-01
 7.34375000E-01
 6.56250000E-01
 7.18750000E-01
 6.71875000E-01
 7.18750000E-01
 6.40625000E-01
 7.18750000E-01
 7.03125000E-01
 7.18750000E-01
 5.15625000E-01
 6.87500000E-01
 5.39062500E-01
 6.87500000E-01
 5.07812500E-01
 6.87500000E-01
 6.48437500E-01
 6.87500000E-01
 5.23437500E-01
 6.56250000E-01
 7.03125000E-01
 6.40625000E-01
 7.18750000E-01
 6.56250000E-01
 7.34375000E-01
 6.87500000E-01
 6.95312500E-01
 6.87500000E-01
 7.26562500E-01
 6.40625000E-01
 9.06250000E-01
 6.56250000E-01
 9.21875000E-01
 6.64062500E-01
 8.12500000E-01
 6.71875000E-01
 7.81250000E-01
 6.71875000E-01
 8.43750000E-01
 6.56250000E-01
 7.96875000E-01
 6.40625000E-01
 8.43750000E-01
 6.56250000E-01
 8.28125000E-01
 7.18750000E-01
 7.96875000E-01
 6.87500000E-01
 7.89062500E-01
 6.56250000E-01
 8.59375000E-01
 6.87500000E-01
 8.04687500E-01
 6.87500000E-01
 8.51562500E-01
 8.02734375E-01
 7.50000000E-01
 8.00781250E-01
 6.25000000E-01
 8.01757812E-01
 5.00000000E-01
 8.04687500E-01
 5.62500000E-01
 8.04687500E-01
 6.87500000E-01
 7.96875000E-01
 6.56250000E-01
 7.81250000E-01
 6.40625000E-01
 7.96875000E-01
 5.93750000E-01
 7.81250000E-01
 5.15625000E-01
 7.96875000E-01
 5.31250000E-01
 7.81250000E-01
 6.09375000E-01
 8.59375000E-01
 5.93750000E-01
 8.43750000E-01
 5.78125000E-01
 8.43750000E-01
 6.09375000E-01
 8.96484375E-01
 7.50000000E-01
 8.94531250E-01
 6.25000000E-01
 8.94531250E-01
 8.75000000E-01
 8.98437500E-01
 6.87500000E-01
 8.98437500E-01
 8.12500000E-01
 8.90625000E-01
 7.18750000E-01
 8.90625000E-01
 7.81250000E-01
 9.10156250E-01
 8.75000000E-01
 9.14062500E-01
 8.12500000E-01
 9.14062500E-01
 9.37500000E-01
 9.21875000E-01
 7.81250000E-01
 9.21875000E-01
 9.06250000E-01
 9.21875000E-01
 8.43750000E-01
 9.06250000E-01
 8.28125000E-01
 9.06250000E-01
 7.34375000E-01
 9.06250000E-01
 7.96875000E-01
 9.06250000E-01
 7.65625000E-01
 8.12500000E-01
 5.07812500E-01
 8.12500000E-01
 6.48437500E-01
 8.12500000E-01
 5.85937500E-01
 8.12500000E-01
 6.17187500E-01
 9.60937500E-01
 5.62500000E-01
 9.53125000E-01
 5.31250000E-01
 9.53125000E-01
 5.93750000E-01
 9.98046875E-01
 7.50000000E-01
 9.96093750E-01
 6.25000000E-01
 9.96093750E-01
 8.75000000E-01
 9.92187500E-01
 5.62500000E-01
 9.92187500E-01
 6.87500000E-01
 9.92187500E-01
 8.12500000E-01
 9.92187500E-01
 9.37500000E-01
 9.84375000E-01
 7.18750000E-01
 9.84375000E-01
 5.31250000E-01
 9.53125000E-01
 7.18750000E-01
 9.68750000E-01
 7.03125000E-01
 9.68750000E-01
 7.34375000E-01
 9.68750000E-01
 5.46875000E-01
 9.84375000E-01
 8.43750000E-01
 9.68750000E-01
 5.78125000E-01
 9.84375000E-01
 9.68750000E-01
 9.68750000E-01
 9.84375000E-01
 9.37500000E-01
 7.57812500E-01
 9.37500000E-01
 8.04687500E-01
 9.37500000E-01
 9.92187500E-01
 9.37500000E-01
 8.20312500E-01
 9.37500000E-01
 8.35937500E-01
 9.06250000E-01
 5.78125000E-01
 9.37500000E-01
 5.70312500E-01
 9.37500000E-01
 5.85937500E-01
 9.37500000E-01
 7.26562500E-01
 8.75000000E-01
 6.52343750E-01
 8.75000000E-01
 5.11718750E-01
 8.75000000E-01
 5.89843750E-01
 8.59375000E-01
 7.81250000E-01
 8.43750000E-01
 7.65625000E-01
 8.43750000E-01
 7.96875000E-01
 8.12500000E-01
 7.57812500E-01
 8.12500000E-01
 8.04687500E-01
 8.75000000E-01
 8.00781250E-01
 8.75000000E-01
 7.61718750E-01
 8.75000000E-01
 8.08593750E-01
 6.25000000E-01
 8.78906250E-01
 8.75000000E-01
 9.96093750E-01
 7.50000000E-01
 9.98046875E-01
 9.99023438E-01
 5.00000000E-01
 5.00000000E-01
 9.99023438E-01
 5.00000000E-01
 9.67773438E-01
 6.25000000E-01
 5.97656250E-01
 6.25000000E-01
 6.52343750E-01
 6.25000000E-01
 7.30468750E-01
 6.25000000E-01
 5.11718750E-01
 6.25000000E-01
 7.77343750E-01
 6.25000000E-01
 8.00781250E-01
 6.25000000E-01
 7.92968750E-01
 6.25000000E-01
 5.42968750E-01
 6.25000000E-01
 8.47656250E-01
 7.50000000E-01
 5.09765625E-01
 7.50000000E-01
 5.99609375E-01
 5.00000000E-01
 5.98632812E-01
 7.50000000E-01
 8.02734375E-01
 7.50000000E-01
 7.79296875E-01
 5.00000000E-01
 7.80273438E-01
 7.50000000E-01
 6.54296875E-01
 4.06250000E-01
 3.67187500E-01
 4.49218750E-01
 3.12500000E-01
 4.45312500E-01
 3.43750000E-01
 3.90625000E-01
 4.84375000E-01
 4.06250000E-01
 4.76562500E-01
 4.06250000E-01
 4.92187500E-01
 4.53125000E-01
 3.59375000E-01
 4.51171875E-01
 3.75000000E-01
 4.49218750E-01
 4.37500000E-01
 4.45312500E-01
 4.68750000E-01
 4.53125000E-01
 4.53125000E-01
 4.53125000E-01
 4.84375000E-01
 4.45312500E-01
 4.06250000E-01
 4.53125000E-01
 3.90625000E-01
 4.72656250E-01
 3.12500000E-01
 4.70703125E-01
 3.75000000E-01
 4.74609375E-01
 3.75000000E-01
 4.72656250E-01
 4.37500000E-01
 4.80468750E-01
 3.12500000E-01
 4.76562500E-01
 3.43750000E-01
 4.80468750E-01
 4.37500000E-01
 4.78515625E-01
 3.75000000E-01
 4.76562500E-01
 4.06250000E-01
 3.21289062E-01
 2.50000000E-01
 3.22265625E-01
 3.75000000E-01
 4.84375000E-01
 3.59375000E-01
 3.24218750E-01
 4.37500000E-01
 4.84375000E-01
 3.90625000E-01
 3.20312500E-01
 4.68750000E-01
 3.28125000E-01
 3.59375000E-01
 4.68750000E-01
 3.82812500E-01
 3.63281250E-01
 3.12500000E-01
 3.67187500E-01
 3.43750000E-01
 4.68750000E-01
 3.67187500E-01
 3.59375000E-01
 3.59375000E-01
 4.68750000E-01
 4.60937500E-01
 3.43750000E-01
 3.51562500E-01
 3.43750000E-01
 3.67187500E-01
 4.68750000E-01
 4.76562500E-01
 3.28125000E-01
 4.84375000E-01
 3.63281250E-01
 4.37500000E-01
 3.67187500E-01
 4.06250000E-01
 3.59375000E-01
 3.90625000E-01
 3.43750000E-01
 4.92187500E-01
 3.43750000E-01
 3.82812500E-01
 3.65234375E-01
 3.75000000E-01
 2.96875000E-01
 3.59375000E-01
 2.57812500E-01
 4.06250000E-01
 2.65625000E-01
 3.90625000E-01
 2.65625000E-01
 4.21875000E-01
 2.81250000E-01
 3.51562500E-01
 2.81250000E-01
 3.67187500E-01
 1.95312500E-03
 1.25000000E-01
 3.90625000E-03
 6.25000000E-02
 7.81250000E-03
 3.12500000E-02
 4.37500000E-01
 3.63281250E-01
 4.37500000E-01
 3.71093750E-01
 1.56250000E-02
 1.56250000E-02
 2.81250000E-01
 3.98437500E-01
 2.81250000E-01
 4.14062500E-01
 3.12500000E-02
 7.81250000E-03
 3.12500000E-01
 3.47656250E-01
 3.12500000E-01
 3.55468750E-01
 4.37500000E-01
 4.57031250E-01
 3.12500000E-01
 3.71093750E-01
 3.12500000E-01
 3.63281250E-01
 4.37500000E-01
 4.72656250E-01
 4.37500000E-01
 3.78906250E-01
 4.37500000E-01
 3.86718750E-01
 6.25000000E-02
 3.90625000E-03
 4.37500000E-01
 4.88281250E-01
 1.25000000E-01
 1.95312500E-03
 3.12500000E-01
 4.02343750E-01
 3.12500000E-01
 3.78906250E-01
 2.50000000E-01
 9.76562500E-04
 3.12500000E-01
 4.10156250E-01
 9.76562500E-04
 2.50000000E-01
 3.12500000E-01
 4.88281250E-01
 1.95312500E-03
 3.75000000E-01
 3.90625000E-03
 3.12500000E-01
 3.90625000E-03
 4.37500000E-01
 7.81250000E-03
 3.43750000E-01
 1.95312500E-02
 4.37500000E-01
 2.34375000E-02
 4.68750000E-01
 2.34375000E-02
 4.06250000E-01
 1.56250000E-02
 4.21875000E-01
 7.81250000E-03
 4.68750000E-01
 1.56250000E-02
 3.28125000E-01
 1.56250000E-02
 3.59375000E-01
 1.56250000E-02
 4.53125000E-01
 3.12500000E-02
 3.51562500E-01
 3.12500000E-02
 3.20312500E-01
 4.68750000E-02
 3.28125000E-01
 3.12500000E-02
 3.35937500E-01
 1.09375000E-01
 3.59375000E-01
 1.09375000E-01
 4.21875000E-01
 9.37500000E-02
 3.51562500E-01
 9.37500000E-02
 3.35937500E-01
 9.37500000E-02
 3.67187500E-01
 9.37500000E-02
 4.14062500E-01
 9.37500000E-02
 4.29687500E-01
 1.32812500E-01
 3.43750000E-01
 1.40625000E-01
 3.28125000E-01
 3.12500000E-02
 4.29687500E-01
 1.40625000E-01
 3.59375000E-01
 3.75000000E-01
 3.65234375E-01
 3.75000000E-01
 3.69140625E-01
 3.75000000E-01
 3.49609375E-01
 3.75000000E-01
 3.53515625E-01
 1.71875000E-01
 3.28125000E-01
 1.71875000E-01
 3.59375000E-01
 1.79687500E-01
 3.43750000E-01
 6.25000000E-02
 3.63281250E-01
 6.25000000E-02
 3.32031250E-01
 6.25000000E-02
 3.55468750E-01
 6.25000000E-02
 3.39843750E-01
 1.56250000E-01
 3.35937500E-01
 1.56250000E-01
 3.51562500E-01
 6.25000000E-02
 4.25781250E-01
 6.25000000E-02
 4.17968750E-01
 3.75000000E-01
 3.84765625E-01
 3.75000000E-01
 3.76953125E-01
 3.75000000E-01
 3.80859375E-01
 3.75000000E-01
 4.04296875E-01
 1.95312500E-01
 3.43750000E-01
 2.03125000E-01
 3.28125000E-01
 2.03125000E-01
 3.59375000E-01
 2.18750000E-01
 3.35937500E-01
 2.18750000E-01
 3.51562500E-01
 3.75000000E-01
 4.08203125E-01
 1.87500000E-01
 3.39843750E-01
 1.87500000E-01
 3.47656250E-01
 1.87500000E-01
 3.63281250E-01
 1.87500000E-01
 3.55468750E-01
 3.75000000E-01
 4.58984375E-01
 3.75000000E-01
 4.86328125E-01
 1.25000000E-01
 3.41796875E-01
 1.25000000E-01
 3.37890625E-01
 1.25000000E-01
 3.49609375E-01
 1.25000000E-01
 3.53515625E-01
 1.25000000E-01
 3.65234375E-01
 1.25000000E-01
 3.61328125E-01
 5.46875000E-01
 3.90625000E-01
 5.39062500E-01
 4.06250000E-01
 5.46875000E-01
 4.21875000E-01
 1.56250000E-01
 4.14062500E-01
 1.87500000E-01
 4.10156250E-01
 1.87500000E-01
 4.17968750E-01
 5.31250000E-01
 3.98437500E-01
 5.31250000E-01
 3.82812500E-01
 5.31250000E-01
 4.45312500E-01
 5.46875000E-01
 4.53125000E-01
 5.31250000E-01
 4.14062500E-01
 5.31250000E-01
 4.60937500E-01
 1.25000000E-01
 4.19921875E-01
 1.25000000E-01
 4.08203125E-01
 6.09375000E-01
 3.90625000E-01
 5.93750000E-01
 3.82812500E-01
 5.93750000E-01
 3.98437500E-01
 5.62500000E-01
 3.78906250E-01
 5.62500000E-01
 3.86718750E-01
 5.62500000E-01
 4.10156250E-01
 5.62500000E-01
 3.94531250E-01
 5.62500000E-01
 4.02343750E-01
 5.62500000E-01
 4.49218750E-01
 5.62500000E-01
 4.57031250E-01
 7.03125000E-01
 3.90625000E-01
 7.10937500E-01
 4.06250000E-01
 7.03125000E-01
 4.21875000E-01
 7.42187500E-01
 4.06250000E-01
 7.34375000E-01
 3.90625000E-01
 7.34375000E-01
 4.21875000E-01
 6.56250000E-01
 3.98437500E-01
 6.56250000E-01
 4.45312500E-01
 7.18750000E-01
 3.98437500E-01
 7.18750000E-01
 4.14062500E-01
 6.87500000E-01
 4.41406250E-01
 6.87500000E-01
 4.49218750E-01
 6.87500000E-01
 3.94531250E-01
 8.01757812E-01
 2.50000000E-01
 6.87500000E-01
 4.02343750E-01
 8.02734375E-01
 3.75000000E-01
 8.00781250E-01
 4.37500000E-01
 6.87500000E-01
 4.17968750E-01
 6.87500000E-01
 4.10156250E-01
 8.04687500E-01
 4.68750000E-01
 7.96875000E-01
 4.21875000E-01
 7.57812500E-01
 4.06250000E-01
 7.65625000E-01
 3.90625000E-01
 7.65625000E-01
 4.21875000E-01
 7.81250000E-01
 3.98437500E-01
 7.96875000E-01
 4.84375000E-01
 7.81250000E-01
 4.14062500E-01
 7.81250000E-01
 4.29687500E-01
 7.81250000E-01
 4.92187500E-01
 6.25000000E-01
 3.80859375E-01
 6.25000000E-01
 3.76953125E-01
 6.25000000E-01
 3.84765625E-01
 8.59375000E-01
 4.21875000E-01
 6.25000000E-01
 3.96484375E-01
 6.25000000E-01
 3.92578125E-01
 6.25000000E-01
 4.04296875E-01
 6.25000000E-01
 4.58984375E-01
 6.25000000E-01
 4.43359375E-01
 6.25000000E-01
 4.47265625E-01
 8.43750000E-01
 4.29687500E-01
 8.43750000E-01
 4.14062500E-01
 6.25000000E-01
 4.19921875E-01
 6.25000000E-01
 4.12109375E-01
 6.25000000E-01
 4.08203125E-01
 9.21875000E-01
 4.84375000E-01
 8.90625000E-01
 4.21875000E-01
 9.06250000E-01
 4.76562500E-01
 9.06250000E-01
 4.92187500E-01
 9.06250000E-01
 4.14062500E-01
 9.06250000E-01
 4.45312500E-01
 9.98046875E-01
 1.25000000E-01
 9.06250000E-01
 4.29687500E-01
 9.96093750E-01
 6.25000000E-02
 9.99023438E-01
 2.50000000E-01
 9.98046875E-01
 3.75000000E-01
 9.96093750E-01
 4.37500000E-01
 9.92187500E-01
 3.12500000E-02
 9.92187500E-01
 4.06250000E-01
 9.80468750E-01
 4.37500000E-01
 9.92187500E-01
 4.68750000E-01
 9.76562500E-01
 4.06250000E-01
 9.76562500E-01
 4.68750000E-01
 8.12500000E-01
 4.02343750E-01
 9.84375000E-01
 4.53125000E-01
 9.84375000E-01
 4.84375000E-01
 9.84375000E-01
 4.21875000E-01
 8.12500000E-01
 4.17968750E-01
 8.12500000E-01
 4.10156250E-01
 8.12500000E-01
 4.25781250E-01
 9.84375000E-01
 1.56250000E-02
 8.12500000E-01
 4.88281250E-01
 8.43750000E-01
 4.92187500E-01
 8.12500000E-01
 4.96093750E-01
 9.68750000E-01
 4.29687500E-01
 9.68750000E-01
 4.45312500E-01
 9.68750000E-01
 4.76562500E-01
 9.37500000E-01
 4.17968750E-01
 9.37500000E-01
 4.25781250E-01
 9.37500000E-01
 4.33593750E-01
 9.68750000E-01
 7.81250000E-03
 9.37500000E-01
 4.41406250E-01
 9.37500000E-01
 4.49218750E-01
 9.37500000E-01
 4.80468750E-01
 9.37500000E-01
 3.90625000E-03
 9.37500000E-01
 4.88281250E-01
 8.75000000E-01
 1.95312500E-03
 7.50000000E-01
 9.76562500E-04
 8.75000000E-01
 4.04296875E-01
 8.75000000E-01
 4.08203125E-01
 8.75000000E-01
 4.19921875E-01
 8.75000000E-01
 4.23828125E-01
 8.75000000E-01
 4.27734375E-01
 8.75000000E-01
 4.43359375E-01
 8.75000000E-01
 4.90234375E-01
 2.50000000E-01
 3.50585938E-01
 2.50000000E-01
 3.66210938E-01
 2.50000000E-01
 3.54492188E-01
 2.50000000E-01
 3.79882812E-01
 2.50000000E-01
 3.77929688E-01
 2.50000000E-01
 3.85742188E-01
 2.50000000E-01
 4.05273438E-01
 7.50000000E-01
 4.44335938E-01
 2.50000000E-01
 4.07226562E-01
 7.50000000E-01
 4.59960938E-01
 2.50000000E-01
 4.59960938E-01
 7.50000000E-01
 3.77929688E-01
 7.50000000E-01
 3.79882812E-01
 7.50000000E-01
 3.85742188E-01
 7.50000000E-01
 4.09179688E-01
 7.50000000E-01
 4.07226562E-01
 4.88281250E-04
 5.00000000E-01
 7.50000000E-01
 4.18945312E-01
 9.76562500E-04
 7.50000000E-01
 3.32031250E-02
 6.25000000E-01
 3.51562500E-02
 6.87500000E-01
 3.90625000E-02
 7.18750000E-01
 1.95312500E-03
 6.25000000E-01
 1.95312500E-03
 8.75000000E-01
 5.66406250E-02
 6.25000000E-01
 5.85937500E-02
 5.62500000E-01
 5.85937500E-02
 6.87500000E-01
 5.46875000E-02
 6.56250000E-01
 7.50000000E-01
 4.05273438E-01
 5.46875000E-02
 5.93750000E-01
 3.90625000E-03
 8.12500000E-01
 3.90625000E-03
 9.37500000E-01
 4.68750000E-02
 6.40625000E-01
 4.68750000E-02
 6.09375000E-01
 7.81250000E-03
 6.56250000E-01
 4.68750000E-02
 7.34375000E-01
 7.81250000E-03
 7.18750000E-01
 7.81250000E-03
 9.68750000E-01
 3.32031250E-02
 8.75000000E-01
 3.51562500E-02
 8.12500000E-01
 7.81250000E-03
 7.81250000E-01
 3.90625000E-02
 7.81250000E-01
 4.68750000E-02
 7.65625000E-01
 3.22265625E-02
 7.50000000E-01
 1.56250000E-02
 9.84375000E-01
 1.56250000E-02
 9.53125000E-01
 1.56250000E-02
 7.65625000E-01
 1.56250000E-02
 6.40625000E-01
 1.68945312E-01
 7.50000000E-01
 1.56250000E-02
 7.34375000E-01
 1.69921875E-01
 6.25000000E-01
 1.69921875E-01
 8.75000000E-01
 1.67968750E-01
 5.62500000E-01
 1.67968750E-01
 6.87500000E-01
 1.67968750E-01
 8.12500000E-01
 1.78710938E-01
 7.50000000E-01
 1.77734375E-01
 6.25000000E-01
 1.77734375E-01
 8.75000000E-01
 1.75781250E-01
 8.12500000E-01
 1.64062500E-01
 7.81250000E-01
 1.75781250E-01
 6.87500000E-01
 1.64062500E-01
 5.31250000E-01
 1.64062500E-01
 5.93750000E-01
 1.64062500E-01
 7.18750000E-01
 1.79687500E-01
 7.18750000E-01
 1.71875000E-01
 7.34375000E-01
 1.79687500E-01
 7.81250000E-01
 1.71875000E-01
 5.46875000E-01
 1.71875000E-01
 5.78125000E-01
 1.40625000E-01
 5.78125000E-01
 1.56250000E-01
 5.54687500E-01
 1.56250000E-01
 5.70312500E-01
 1.56250000E-01
 5.85937500E-01
 1.56250000E-01
 7.42187500E-01
 1.71875000E-01
 7.65625000E-01
 2.26562500E-01
 5.31250000E-01
 2.34375000E-01
 5.15625000E-01
 2.34375000E-01
 5.46875000E-01
 2.18750000E-01
 5.23437500E-01
 2.18750000E-01
 5.39062500E-01
 2.03125000E-01
 5.46875000E-01
 2.18750000E-01
 5.54687500E-01
 1.56250000E-01
 7.57812500E-01
 1.87500000E-01
 5.27343750E-01
 1.87500000E-01
 5.50781250E-01
 1.87500000E-01
 5.82031250E-01
 3.12500000E-02
 6.17187500E-01
 1.87500000E-01
 7.46093750E-01
 3.12500000E-02
 6.48437500E-01
 3.12500000E-02
 7.26562500E-01
 3.12500000E-02
 7.42187500E-01
 1.87500000E-01
 7.53906250E-01
 1.01562500E-01
 5.93750000E-01
 1.09375000E-01
 5.78125000E-01
 1.09375000E-01
 6.09375000E-01
 3.12500000E-02
 7.57812500E-01
 7.81250000E-02
 6.09375000E-01
 3.12500000E-02
 9.60937500E-01
 3.12500000E-02
 9.92187500E-01
 9.37500000E-02
 5.85937500E-01
 9.37500000E-02
 6.01562500E-01
 9.37500000E-02
 6.17187500E-01
 6.25000000E-02
 6.21093750E-01
 6.25000000E-02
 5.82031250E-01
 9.37500000E-02
 7.42187500E-01
 6.25000000E-02
 7.38281250E-01
 6.25000000E-02
 7.46093750E-01
 1.25000000E-01
 5.25390625E-01
 1.25000000E-01
 5.83984375E-01
 1.25000000E-01
 7.44140625E-01
 1.25000000E-01
 7.48046875E-01
 6.25000000E-02
 9.96093750E-01
 6.25000000E-02
 9.64843750E-01
 1.25000000E-01
 9.66796875E-01
 1.25000000E-01
 9.98046875E-01
 2.59765625E-01
 6.25000000E-01
 2.60742188E-01
 7.50000000E-01
 2.59765625E-01
 8.75000000E-01
 2.61718750E-01
 6.87500000E-01
 2.61718750E-01
 8.12500000E-01
 2.57812500E-01
 7.18750000E-01
 2.57812500E-01
 7.81250000E-01
 2.65625000E-01
 7.34375000E-01
 3.20800781E-01
 5.00000000E-01
 3.21289062E-01
 7.50000000E-01
 3.22265625E-01
 6.25000000E-01
 3.24218750E-01
 5.62500000E-01
 3.20312500E-01
 5.31250000E-01
 3.28125000E-01
 5.15625000E-01
 2.65625000E-01
 7.65625000E-01
 1.25000000E-01
 7.55859375E-01
 3.04687500E-01
 9.06250000E-01
 2.96875000E-01
 7.03125000E-01
 3.04687500E-01
 7.18750000E-01
 2.96875000E-01
 7.34375000E-01
 2.81250000E-01
 7.42187500E-01
 2.81250000E-01
 7.10937500E-01
 2.98828125E-01
 8.75000000E-01
 3.04687500E-01
 8.43750000E-01
 3.08593750E-01
 8.12500000E-01
 3.55468750E-01
 6.87500000E-01
 3.51562500E-01
 6.56250000E-01
 3.51562500E-01
 7.18750000E-01
 2.96875000E-01
 7.96875000E-01
 3.04687500E-01
 7.81250000E-01
 3.59375000E-01
 7.03125000E-01
 3.43750000E-01
 6.79687500E-01
 3.59375000E-01
 6.71875000E-01
 3.43750000E-01
 5.07812500E-01
 3.28125000E-01
 7.03125000E-01
 3.43750000E-01
 6.95312500E-01
 3.43750000E-01
 7.10937500E-01
 3.12500000E-01
 6.75781250E-01
 2.81250000E-01
 5.07812500E-01
 2.65625000E-01
 5.15625000E-01
 2.81250000E-01
 5.23437500E-01
 3.12500000E-01
 5.03906250E-01
 3.12500000E-01
 7.14843750E-01
 3.12500000E-01
 5.27343750E-01
 3.59375000E-01
 9.21875000E-01
 3.12500000E-01
 8.94531250E-01
 3.20312500E-01
 9.06250000E-01
 2.81250000E-01
 7.57812500E-01
 3.12500000E-01
 7.61718750E-01
 3.43750000E-01
 7.57812500E-01
 3.12500000E-01
 7.53906250E-01
 3.43750000E-01
 7.73437500E-01
 3.12500000E-01
 7.69531250E-01
 3.28125000E-01
 7.65625000E-01
 3.59375000E-01
 7.65625000E-01
 4.51171875E-01
 6.25000000E-01
 4.49218750E-01
 5.62500000E-01
 3.12500000E-01
 7.77343750E-01
 4.49218750E-01
 6.87500000E-01
 4.45312500E-01
 5.93750000E-01
 4.45312500E-01
 6.56250000E-01
 3.67187500E-01
 7.81250000E-01
 4.53125000E-01
 6.40625000E-01
 3.28125000E-01
 7.96875000E-01
 3.43750000E-01
 7.89062500E-01
 3.59375000E-01
 7.96875000E-01
 4.53125000E-01
 6.09375000E-01
 3.43750000E-01
 8.04687500E-01
 2.81250000E-01
 8.04687500E-01
 4.84375000E-01
 6.09375000E-01
 3.12500000E-01
 8.08593750E-01
 4.68750000E-01
 6.01562500E-01
 4.37500000E-01
 5.97656250E-01
 4.68750000E-01
 6.17187500E-01
 4.68750000E-01
 6.32812500E-01
 3.90625000E-01
 6.71875000E-01
 4.06250000E-01
 6.79687500E-01
 4.37500000E-01
 6.75781250E-01
 3.98437500E-01
 6.56250000E-01
 3.90625000E-01
 6.40625000E-01
 4.06250000E-01
 6.32812500E-01
 4.21875000E-01
 6.40625000E-01
 4.37500000E-01
 6.36718750E-01
 3.75000000E-01
 5.25390625E-01
 4.06250000E-01
 6.48437500E-01
 3.75000000E-01
 6.73828125E-01
 3.75000000E-01
 5.99609375E-01
 3.75000000E-01
 7.55859375E-01
 4.06250000E-01
 7.73437500E-01
 4.37500000E-01
 7.69531250E-01
 4.37500000E-01
 7.77343750E-01
 3.75000000E-01
 7.79296875E-01
 3.75000000E-01
 7.67578125E-01
 5.00000000E-01
 4.88281250E-04
 5.00000000E-01
 4.60449219E-01
 5.00000000E-01
 3.86230469E-01
 5.00000000E-01
 4.04785156E-01
 5.00000000E-01
 3.77441406E-01
 5.00000000E-01
 3.78417969E-01
 5.00000000E-01
 3.80371094E-01
 2.50000000E-01
 9.99023438E-01
 2.50000000E-01
 9.67773438E-01
 2.50000000E-01
 5.24414062E-01
 2.50000000E-01
 5.98632812E-01
 5.46875000E-01
 5.78125000E-01
 5.15625000E-01
 5.78125000E-01
 5.31250000E-01
 5.70312500E-01
 5.31250000E-01
 5.85937500E-01
 5.07812500E-01
 5.93750000E-01
 5.15625000E-01
 6.09375000E-01
 5.31250000E-01
 6.01562500E-01
 5.95703125E-01
 6.25000000E-01
 5.96679688E-01
 7.50000000E-01
 5.95703125E-01
 8.75000000E-01
 5.97656250E-01
 6.87500000E-01
 5.97656250E-01
 8.12500000E-01
 6.01562500E-01
 7.18750000E-01
 6.01562500E-01
 7.81250000E-01
 6.23046875E-01
 8.75000000E-01
 6.21093750E-01
 8.12500000E-01
 6.21093750E-01
 9.37500000E-01
 6.17187500E-01
 9.06250000E-01
 6.17187500E-01
 8.43750000E-01
 6.09375000E-01
 7.65625000E-01
 6.09375000E-01
 7.34375000E-01
 6.09375000E-01
 5.46875000E-01
 5.82031250E-01
 5.62500000E-01
 5.85937500E-01
 5.31250000E-01
 5.85937500E-01
 5.93750000E-01
 5.78125000E-01
 5.46875000E-01
 5.78125000E-01
 5.78125000E-01
 5.93750000E-01
 5.54687500E-01
 5.93750000E-01
 5.39062500E-01
 5.93750000E-01
 5.70312500E-01
 5.93750000E-01
 7.26562500E-01
 5.93750000E-01
 8.51562500E-01
 2.50000000E-01
 7.80273438E-01
 5.78125000E-01
 7.65625000E-01
 5.93750000E-01
 7.57812500E-01
 5.93750000E-01
 7.73437500E-01
 5.62500000E-01
 5.42968750E-01
 5.62500000E-01
 5.66406250E-01
 5.62500000E-01
 5.97656250E-01
 5.62500000E-01
 7.30468750E-01
 5.15625000E-01
 7.65625000E-01
 5.07812500E-01
 7.81250000E-01
 5.15625000E-01
 7.96875000E-01
 5.46875000E-01
 7.65625000E-01
 5.39062500E-01
 7.81250000E-01
 5.46875000E-01
 7.96875000E-01
 5.31250000E-01
 7.73437500E-01
 5.31250000E-01
 7.89062500E-01
 5.93750000E-01
 7.89062500E-01
 5.62500000E-01
 7.85156250E-01
 5.62500000E-01
 7.92968750E-01
 5.62500000E-01
 7.69531250E-01
 5.62500000E-01
 7.77343750E-01
 6.71875000E-01
 5.15625000E-01
 6.64062500E-01
 5.31250000E-01
 6.71875000E-01
 5.46875000E-01
 6.56250000E-01
 5.39062500E-01
 6.56250000E-01
 5.23437500E-01
 6.91406250E-01
 6.87500000E-01
 6.95312500E-01
 6.56250000E-01
 6.95312500E-01
 7.18750000E-01
 7.03125000E-01
 6.71875000E-01
 7.03125000E-01
 7.03125000E-01
 7.34375000E-01
 5.15625000E-01
 7.42187500E-01
 6.56250000E-01
 7.34375000E-01
 6.40625000E-01
 7.34375000E-01
 6.71875000E-01
 7.18750000E-01
 6.64062500E-01
 7.18750000E-01
 6.48437500E-01
 7.18750000E-01
 6.95312500E-01
 7.18750000E-01
 5.07812500E-01
 7.18750000E-01
 5.23437500E-01
 6.87500000E-01
 5.42968750E-01
 6.87500000E-01
 5.11718750E-01
 6.87500000E-01
 6.52343750E-01
 6.40625000E-01
 7.03125000E-01
 6.87500000E-01
 5.27343750E-01
 6.71875000E-01
 7.03125000E-01
 6.56250000E-01
 6.95312500E-01
 6.56250000E-01
 7.10937500E-01
 6.48437500E-01
 7.18750000E-01
 6.40625000E-01
 7.34375000E-01
 6.56250000E-01
 7.26562500E-01
 6.87500000E-01
 6.91406250E-01
 6.87500000E-01
 7.30468750E-01
 6.48437500E-01
 9.06250000E-01
 6.40625000E-01
 8.90625000E-01
 6.56250000E-01
 8.82812500E-01
 6.71875000E-01
 9.21875000E-01
 6.60156250E-01
 8.12500000E-01
 6.64062500E-01
 7.81250000E-01
 6.64062500E-01
 8.43750000E-01
 6.71875000E-01
 7.96875000E-01
 6.71875000E-01
 8.28125000E-01
 6.56250000E-01
 8.04687500E-01
 6.32812500E-01
 8.43750000E-01
 6.40625000E-01
 8.28125000E-01
 6.40625000E-01
 8.59375000E-01
 6.56250000E-01
 8.20312500E-01
 7.03125000E-01
 7.96875000E-01
 7.18750000E-01
 7.89062500E-01
 6.87500000E-01
 7.92968750E-01
 6.56250000E-01
 8.51562500E-01
 6.87500000E-01
 8.00781250E-01
 6.87500000E-01
 8.08593750E-01
 8.01757812E-01
 7.50000000E-01
 8.02734375E-01
 6.25000000E-01
 8.00781250E-01
 6.87500000E-01
 8.00781250E-01
 5.62500000E-01
 8.02246094E-01
 5.00000000E-01
 8.04687500E-01
 5.93750000E-01
 8.04687500E-01
 5.31250000E-01
 8.04687500E-01
 6.56250000E-01
 7.65625000E-01
 6.40625000E-01
 7.96875000E-01
 6.40625000E-01
 7.81250000E-01
 6.48437500E-01
 7.81250000E-01
 6.32812500E-01
 7.96875000E-01
 6.09375000E-01
 7.96875000E-01
 5.15625000E-01
 7.81250000E-01
 5.07812500E-01
 7.81250000E-01
 6.17187500E-01
 8.67187500E-01
 5.93750000E-01
 8.59375000E-01
 5.78125000E-01
 8.59375000E-01
 6.09375000E-01
 8.43750000E-01
 5.85937500E-01
 8.28125000E-01
 6.09375000E-01
 8.43750000E-01
 6.01562500E-01
 8.43750000E-01
 6.17187500E-01
 8.95507812E-01
 7.50000000E-01
 8.96484375E-01
 6.25000000E-01
 8.96484375E-01
 8.75000000E-01
 8.94531250E-01
 6.87500000E-01
 8.94531250E-01
 8.12500000E-01
 8.98437500E-01
 7.18750000E-01
 8.98437500E-01
 7.81250000E-01
 8.90625000E-01
 7.34375000E-01
 8.90625000E-01
 7.65625000E-01
 9.12109375E-01
 8.75000000E-01
 9.10156250E-01
 8.12500000E-01
 9.14062500E-01
 7.81250000E-01
 9.14062500E-01
 8.43750000E-01
 9.21875000E-01
 7.96875000E-01
 9.29687500E-01
 9.06250000E-01
 9.21875000E-01
 8.90625000E-01
 9.21875000E-01
 8.28125000E-01
 9.21875000E-01
 8.59375000E-01
 9.29687500E-01
 8.43750000E-01
 9.06250000E-01
 8.20312500E-01
 9.06250000E-01
 7.26562500E-01
 9.21875000E-01
 7.34375000E-01
 9.06250000E-01
 7.42187500E-01
 9.06250000E-01
 8.04687500E-01
 9.06250000E-01
 7.57812500E-01
 8.12500000E-01
 5.11718750E-01
 8.12500000E-01
 6.52343750E-01
 8.12500000E-01
 5.89843750E-01
 8.12500000E-01
 6.21093750E-01
 9.60937500E-01
 5.31250000E-01
 9.57031250E-01
 5.62500000E-01
 9.60937500E-01
 5.93750000E-01
 9.53125000E-01
 5.78125000E-01
 9.53125000E-01
 5.46875000E-01
 9.99023438E-01
 7.50000000E-01
 9.98046875E-01
 6.25000000E-01
 9.96093750E-01
 5.62500000E-01
 9.98046875E-01
 8.75000000E-01
 9.96093750E-01
 6.87500000E-01
 9.96093750E-01
 8.12500000E-01
 9.96093750E-01
 9.37500000E-01
 9.92187500E-01
 5.31250000E-01
 9.92187500E-01
 7.18750000E-01
 9.92187500E-01
 8.43750000E-01
 9.92187500E-01
 9.68750000E-01
 9.84375000E-01
 7.03125000E-01
 9.84375000E-01
 5.46875000E-01
 9.45312500E-01
 7.18750000E-01
 9.53125000E-01
 7.03125000E-01
 9.53125000E-01
 7.34375000E-01
 9.68750000E-01
 7.10937500E-01
 9.68750000E-01
 7.26562500E-01
 9.68750000E-01
 5.54687500E-01
 9.84375000E-01
 8.28125000E-01
 9.68750000E-01
 5.70312500E-01
 9.68750000E-01
 8.20312500E-01
 9.68750000E-01
 8.35937500E-01
 9.53125000E-01
 8.28125000E-01
 9.84375000E-01
 9.84375000E-01
 9.68750000E-01
 9.92187500E-01
 9.37500000E-01
 7.61718750E-01
 9.37500000E-01
 8.08593750E-01
 9.37500000E-01
 9.17968750E-01
 9.37500000E-01
 9.96093750E-01
 9.37500000E-01
 8.16406250E-01
 9.37500000E-01
 8.32031250E-01
 9.21875000E-01
 5.78125000E-01
 9.06250000E-01
 5.70312500E-01
 9.06250000E-01
 5.85937500E-01
 9.37500000E-01
 5.66406250E-01
 9.37500000E-01
 5.89843750E-01
 9.37500000E-01
 7.22656250E-01
 8.75000000E-01
 6.54296875E-01
 8.75000000E-01
 5.09765625E-01
 8.75000000E-01
 5.91796875E-01
 8.51562500E-01
 7.81250000E-01
 8.59375000E-01
 7.96875000E-01
 8.43750000E-01
 7.57812500E-01
 8.59375000E-01
 7.65625000E-01
 8.28125000E-01
 7.96875000E-01
 8.43750000E-01
 7.89062500E-01
 8.43750000E-01
 8.04687500E-01
 8.12500000E-01
 7.61718750E-01
 7.81250000E-01
 8.04687500E-01
 8.12500000E-01
 8.00781250E-01
 8.12500000E-01
 8.08593750E-01
 8.75000000E-01
 8.02734375E-01
 8.75000000E-01
 7.63671875E-01
 8.75000000E-01
 8.10546875E-01
 6.25000000E-01
 8.80859375E-01
 8.75000000E-01
 9.98046875E-01
 7.50000000E-01
 9.99023438E-01
 9.99511719E-01
 5.00000000E-01
 5.00000000E-01
 9.99511719E-01
 5.00000000E-01
 9.68261719E-01
 6.25000000E-01
 5.99609375E-01
 6.25000000E-01
 6.54296875E-01
 6.25000000E-01
 7.32421875E-01
 6.25000000E-01
 5.09765625E-01
 6.25000000E-01
 7.79296875E-01
 6.25000000E-01
 8.02734375E-01
 6.25000000E-01
 7.91015625E-01
 6.25000000E-01
 5.44921875E-01
 6.25000000E-01
 8.45703125E-01
 7.50000000E-01
 5.10742188E-01
 7.50000000E-01
 5.98632812E-01
 5.00000000E-01
 5.99121094E-01
 7.50000000E-01
 8.01757812E-01
 7.50000000E-01
 7.80273438E-01
 5.00000000E-01
 7.80761719E-01
 7.50000000E-01
 6.53320312E-01
