 5.00000000E-01
 5.00000000E-01
 5.00000000E-01
 2.50000000E-01
 2.50000000E-01
 5.00000000E-01
 7.50000000E-01
 5.00000000E-01
 5.00000000E-01
 7.50000000E-01
 7.50000000E-01
 2.50000000E-01
 5.00000000E-01
 3.75000000E-01
 1.25000000E-01
 5.00000000E-01
 3.75000000E-01
 5.00000000E-01
 2.50000000E-01
 7.50000000E-01
 6.25000000E-01
 5.00000000E-01
 7.50000000E-01
 7.50000000E-01
 8.75000000E-01
 5.00000000E-01
 2.50000000E-01
 2.50000000E-01
 5.00000000E-01
 8.75000000E-01
 6.25000000E-01
 2.50000000E-01
 8.75000000E-01
 2.50000000E-01
 7.50000000E-01
 3.75000000E-01
 2.50000000E-01
 3.75000000E-01
 5.00000000E-01
 4.37500000E-01
 1.25000000E-01
 2.50000000E-01
 1.25000000E-01
 7.50000000E-01
 3.75000000E-01
 2.50000000E-01
 3.75000000E-01
 7.50000000E-01
 2.50000000E-01
 8.75000000E-01
 8.75000000E-01
 7.50000000E-01
 7.50000000E-01
 8.75000000E-01
 9.37500000E-01
 5.00000000E-01
 5.00000000E-01
 9.37500000E-01
 6.25000000E-01
 7.50000000E-01
 6.25000000E-02
 5.00000000E-01
 6.25000000E-01
 3.75000000E-01
 9.37500000E-01
 2.50000000E-01
 8.75000000E-01
 3.75000000E-01
 7.50000000E-01
 4.37500000E-01
 2.50000000E-01
 3.12500000E-01
 3.75000000E-01
 3.75000000E-01
 1.25000000E-01
 3.75000000E-01
 2.50000000E-01
 4.37500000E-01
 5.00000000E-01
 4.06250000E-01
 6.25000000E-02
 2.50000000E-01
 1.25000000E-01
 8.75000000E-01
 6.25000000E-02
 7.50000000E-01
 3.75000000E-01
 8.75000000E-01
 2.50000000E-01
 9.37500000E-01
 8.75000000E-01
 8.75000000E-01
 9.37500000E-01
 7.50000000E-01
 6.25000000E-01
 8.75000000E-01
 7.50000000E-01
 9.37500000E-01
 9.68750000E-01
 5.00000000E-01
 5.00000000E-01
 9.68750000E-01
 3.12500000E-02
 5.00000000E-01
 9.68750000E-01
 2.50000000E-01
 6.25000000E-01
 4.37500000E-01
 9.37500000E-01
 3.75000000E-01
 8.75000000E-01
 4.37500000E-01
 7.50000000E-01
 4.06250000E-01
 1.25000000E-01
 3.12500000E-01
 3.75000000E-01
 3.12500000E-01
 2.50000000E-01
 3.43750000E-01
 3.75000000E-01
 4.37500000E-01
 4.37500000E-01
 3.75000000E-01
 6.25000000E-02
 3.75000000E-01
 2.50000000E-01
 4.06250000E-01
 5.00000000E-01
 3.90625000E-01
 6.25000000E-02
 8.75000000E-01
 1.25000000E-01
 9.37500000E-01
 3.12500000E-02
 7.50000000E-01
 3.75000000E-01
 9.37500000E-01
 3.12500000E-02
 2.50000000E-01
 2.50000000E-01
 9.68750000E-01
 9.37500000E-01
 8.75000000E-01
 8.75000000E-01
 9.37500000E-01
 9.68750000E-01
 7.50000000E-01
 6.25000000E-01
 9.37500000E-01
 7.50000000E-01
 9.68750000E-01
 9.84375000E-01
 5.00000000E-01
 5.00000000E-01
 9.53125000E-01
 1.56250000E-02
 5.00000000E-01
 5.00000000E-01
 9.84375000E-01
 9.84375000E-01
 2.50000000E-01
 9.68750000E-01
 3.75000000E-01
 6.25000000E-01
 4.06250000E-01
 9.37500000E-01
 4.37500000E-01
 8.75000000E-01
 4.06250000E-01
 7.50000000E-01
 3.90625000E-01
 6.25000000E-02
 3.12500000E-01
 1.25000000E-01
 3.43750000E-01
 4.37500000E-01
 3.12500000E-01
 3.75000000E-01
 3.43750000E-01
 2.50000000E-01
 3.59375000E-01
 4.37500000E-01
 4.37500000E-01
 3.75000000E-01
 4.06250000E-01
 4.68750000E-01
 3.75000000E-01
 2.50000000E-01
 3.90625000E-01
 5.00000000E-01
 3.82812500E-01
 3.12500000E-02
 3.75000000E-01
 3.12500000E-02
 8.75000000E-01
 6.25000000E-02
 9.37500000E-01
 1.25000000E-01
 9.68750000E-01
 1.56250000E-02
 7.50000000E-01
 3.75000000E-01
 9.68750000E-01
 1.56250000E-02
 2.50000000E-01
 2.50000000E-01
 9.53125000E-01
 2.50000000E-01
 9.84375000E-01
 9.68750000E-01
 8.75000000E-01
 9.37500000E-01
 9.37500000E-01
 8.75000000E-01
 9.68750000E-01
 9.84375000E-01
 7.50000000E-01
 6.25000000E-01
 9.68750000E-01
 7.50000000E-01
 9.84375000E-01
 9.92187500E-01
 5.00000000E-01
 5.00000000E-01
 9.60937500E-01
 7.81250000E-03
 5.00000000E-01
 5.00000000E-01
 9.76562500E-01
 5.00000000E-01
 9.92187500E-01
 9.92187500E-01
 2.50000000E-01
 9.84375000E-01
 3.75000000E-01
 9.68750000E-01
 4.37500000E-01
 6.25000000E-01
 3.90625000E-01
 9.37500000E-01
 4.06250000E-01
 8.12500000E-01
 4.06250000E-01
 8.75000000E-01
 3.90625000E-01
 8.75000000E-01
 4.21875000E-01
 7.50000000E-01
 3.82812500E-01
 7.50000000E-01
 3.98437500E-01
 3.12500000E-02
 3.12500000E-01
 6.25000000E-02
 3.43750000E-01
 1.87500000E-01
 3.43750000E-01
 1.25000000E-01
 3.28125000E-01
 1.25000000E-01
 3.59375000E-01
 4.68750000E-01
 3.12500000E-01
 4.37500000E-01
 3.43750000E-01
 3.75000000E-01
 3.59375000E-01
 2.50000000E-01
 3.51562500E-01
 4.37500000E-01
 4.06250000E-01
 3.75000000E-01
 3.90625000E-01
 4.84375000E-01
 3.75000000E-01
 4.68750000E-01
 4.37500000E-01
 2.50000000E-01
 3.82812500E-01
 5.00000000E-01
 3.78906250E-01
 1.56250000E-02
 3.75000000E-01
 1.56250000E-02
 8.75000000E-01
 3.12500000E-02
 9.37500000E-01
 6.25000000E-02
 9.68750000E-01
 1.25000000E-01
 9.53125000E-01
 1.25000000E-01
 9.84375000E-01
 7.81250000E-03
 7.50000000E-01
 7.81250000E-03
 2.50000000E-01
 2.50000000E-01
 9.60937500E-01
 2.50000000E-01
 9.92187500E-01
 9.84375000E-01
 8.75000000E-01
 9.37500000E-01
 9.68750000E-01
 9.68750000E-01
 9.37500000E-01
 8.75000000E-01
 9.84375000E-01
 9.92187500E-01
 7.50000000E-01
 7.50000000E-01
 9.76562500E-01
 7.50000000E-01
 9.92187500E-01
 9.96093750E-01
 5.00000000E-01
 3.90625000E-03
 5.00000000E-01
 5.00000000E-01
 9.64843750E-01
 5.00000000E-01
 9.96093750E-01
 5.62500000E-01
 3.90625000E-01
 9.96093750E-01
 2.50000000E-01
 9.92187500E-01
 3.75000000E-01
 9.84375000E-01
 4.37500000E-01
 9.68750000E-01
 4.06250000E-01
 6.25000000E-01
 3.98437500E-01
 6.25000000E-01
 3.82812500E-01
 7.81250000E-01
 4.06250000E-01
 9.37500000E-01
 4.21875000E-01
 8.12500000E-01
 3.90625000E-01
 8.12500000E-01
 4.21875000E-01
 8.75000000E-01
 3.98437500E-01
 8.75000000E-01
 4.14062500E-01
 7.50000000E-01
 3.78906250E-01
 7.50000000E-01
 4.02343750E-01
 1.56250000E-02
 3.12500000E-01
 3.12500000E-02
 3.43750000E-01
 6.25000000E-02
 3.28125000E-01
 1.87500000E-01
 3.28125000E-01
 2.18750000E-01
 3.43750000E-01
 1.87500000E-01
 3.59375000E-01
 1.25000000E-01
 3.35937500E-01
 1.25000000E-01
 3.51562500E-01
 3.12500000E-01
 3.59375000E-01
 4.84375000E-01
 3.12500000E-01
 4.68750000E-01
 3.43750000E-01
 4.37500000E-01
 3.59375000E-01
 3.75000000E-01
 3.51562500E-01
 3.75000000E-01
 3.67187500E-01
 2.50000000E-01
 3.47656250E-01
 4.68750000E-01
 4.06250000E-01
 4.37500000E-01
 3.90625000E-01
 3.75000000E-01
 3.82812500E-01
 4.76562500E-01
 3.75000000E-01
 4.84375000E-01
 4.37500000E-01
 2.50000000E-01
 3.78906250E-01
 5.00000000E-01
 3.76953125E-01
 7.81250000E-03
 3.75000000E-01
 7.81250000E-03
 8.75000000E-01
 1.56250000E-02
 9.37500000E-01
 3.12500000E-02
 9.68750000E-01
 6.25000000E-02
 9.84375000E-01
 6.25000000E-02
 9.53125000E-01
 1.25000000E-01
 9.60937500E-01
 1.25000000E-01
 9.92187500E-01
 3.90625000E-03
 7.50000000E-01
 3.90625000E-03
 2.50000000E-01
 3.75000000E-01
 9.92187500E-01
 2.50000000E-01
 9.64843750E-01
 2.50000000E-01
 9.96093750E-01
 6.87500000E-01
 9.84375000E-01
 9.92187500E-01
 8.75000000E-01
 9.84375000E-01
 9.37500000E-01
 9.68750000E-01
 9.68750000E-01
 9.37500000E-01
 9.53125000E-01
 9.37500000E-01
 9.84375000E-01
 8.75000000E-01
 9.76562500E-01
 8.75000000E-01
 9.92187500E-01
 8.75000000E-01
 9.60937500E-01
 9.96093750E-01
 7.50000000E-01
 6.25000000E-01
 9.92187500E-01
 7.50000000E-01
 9.96093750E-01
 9.98046875E-01
 5.00000000E-01
 1.95312500E-03
 5.00000000E-01
 5.00000000E-01
 9.66796875E-01
 5.00000000E-01
 9.98046875E-01
 5.93750000E-01
 3.90625000E-01
 5.62500000E-01
 3.82812500E-01
 5.62500000E-01
 3.98437500E-01
 9.98046875E-01
 2.50000000E-01
 9.96093750E-01
 3.75000000E-01
 9.92187500E-01
 4.37500000E-01
 9.84375000E-01
 4.06250000E-01
 6.87500000E-01
 3.98437500E-01
 9.68750000E-01
 4.21875000E-01
 6.25000000E-01
 3.94531250E-01
 6.25000000E-01
 4.02343750E-01
 6.25000000E-01
 3.78906250E-01
 7.65625000E-01
 4.06250000E-01
 7.81250000E-01
 3.90625000E-01
 7.81250000E-01
 4.21875000E-01
 9.37500000E-01
 4.14062500E-01
 9.06250000E-01
 4.21875000E-01
 9.37500000E-01
 4.29687500E-01
 8.12500000E-01
 3.98437500E-01
 8.12500000E-01
 4.14062500E-01
 8.75000000E-01
 4.02343750E-01
 8.75000000E-01
 4.17968750E-01
 7.50000000E-01
 4.04296875E-01
 7.50000000E-01
 3.76953125E-01
 7.81250000E-03
 3.12500000E-01
 1.56250000E-02
 3.43750000E-01
 3.12500000E-02
 3.28125000E-01
 6.25000000E-02
 3.35937500E-01
 2.03125000E-01
 3.43750000E-01
 2.18750000E-01
 3.28125000E-01
 1.87500000E-01
 3.35937500E-01
 2.18750000E-01
 3.59375000E-01
 1.87500000E-01
 3.51562500E-01
 1.25000000E-01
 3.39843750E-01
 1.25000000E-01
 3.47656250E-01
 3.43750000E-01
 3.59375000E-01
 3.12500000E-01
 3.51562500E-01
 3.12500000E-01
 3.67187500E-01
 4.76562500E-01
 3.12500000E-01
 4.84375000E-01
 3.43750000E-01
 4.68750000E-01
 3.59375000E-01
 4.37500000E-01
 3.67187500E-01
 3.75000000E-01
 3.47656250E-01
 3.75000000E-01
 3.63281250E-01
 2.50000000E-01
 3.49609375E-01
 4.68750000E-01
 3.90625000E-01
 4.84375000E-01
 4.06250000E-01
 4.37500000E-01
 3.82812500E-01
 3.75000000E-01
 3.78906250E-01
 4.80468750E-01
 3.75000000E-01
 4.76562500E-01
 4.37500000E-01
 2.50000000E-01
 3.76953125E-01
 5.00000000E-01
 3.77929688E-01
 3.90625000E-03
 3.75000000E-01
 3.90625000E-03
 8.75000000E-01
 7.81250000E-03
 9.37500000E-01
 1.56250000E-02
 9.68750000E-01
 3.12500000E-02
 9.53125000E-01
 3.12500000E-02
 9.84375000E-01
 6.25000000E-02
 9.92187500E-01
 6.25000000E-02
 9.60937500E-01
 1.25000000E-01
 9.64843750E-01
 1.25000000E-01
 9.96093750E-01
 4.06250000E-01
 9.84375000E-01
 1.95312500E-03
 7.50000000E-01
 1.95312500E-03
 2.50000000E-01
 2.50000000E-01
 9.98046875E-01
 2.50000000E-01
 9.66796875E-01
 5.93750000E-01
 9.84375000E-01
 9.96093750E-01
 8.75000000E-01
 9.92187500E-01
 9.37500000E-01
 9.84375000E-01
 9.68750000E-01
 9.68750000E-01
 9.84375000E-01
 9.37500000E-01
 9.76562500E-01
 9.37500000E-01
 9.92187500E-01
 8.75000000E-01
 9.96093750E-01
 9.98046875E-01
 7.50000000E-01
 7.50000000E-01
 9.98046875E-01
 9.99023438E-01
 5.00000000E-01
 9.76562500E-04
 5.00000000E-01
 5.00000000E-01
 9.67773438E-01
 5.00000000E-01
 9.99023438E-01
 5.31250000E-01
 3.82812500E-01
 6.09375000E-01
 3.90625000E-01
 5.62500000E-01
 3.78906250E-01
 5.93750000E-01
 3.98437500E-01
 5.62500000E-01
 3.86718750E-01
 5.93750000E-01
 3.82812500E-01
 5.62500000E-01
 3.94531250E-01
 7.18750000E-01
 3.98437500E-01
 9.99023438E-01
 2.50000000E-01
 9.96093750E-01
 4.37500000E-01
 9.92187500E-01
 4.06250000E-01
 9.84375000E-01
 4.21875000E-01
 9.98046875E-01
 3.75000000E-01
 6.87500000E-01
 3.94531250E-01
 6.87500000E-01
 4.02343750E-01
 9.68750000E-01
 4.29687500E-01
 8.90625000E-01
 4.21875000E-01
 6.25000000E-01
 3.92578125E-01
 6.25000000E-01
 4.04296875E-01
 6.25000000E-01
 3.76953125E-01
 7.65625000E-01
 3.90625000E-01
 7.57812500E-01
 4.06250000E-01
 7.65625000E-01
 4.21875000E-01
 8.43750000E-01
 4.14062500E-01
 7.81250000E-01
 3.98437500E-01
 7.81250000E-01
 4.14062500E-01
 9.06250000E-01
 4.14062500E-01
 9.37500000E-01
 4.17968750E-01
 9.06250000E-01
 4.29687500E-01
 9.37500000E-01
 4.25781250E-01
 8.12500000E-01
 4.02343750E-01
 8.12500000E-01
 4.10156250E-01
 8.12500000E-01
 4.17968750E-01
 8.75000000E-01
 4.04296875E-01
 8.75000000E-01
 4.19921875E-01
 7.50000000E-01
 4.05273438E-01
 7.50000000E-01
 3.77929688E-01
 4.68750000E-02
 3.28125000E-01
 3.90625000E-03
 3.12500000E-01
 7.81250000E-03
 3.43750000E-01
 1.56250000E-02
 3.28125000E-01
 3.12500000E-02
 3.20312500E-01
 3.12500000E-02
 3.35937500E-01
 9.37500000E-02
 3.35937500E-01
 6.25000000E-02
 3.32031250E-01
 6.25000000E-02
 3.39843750E-01
 1.95312500E-01
 3.43750000E-01
 2.03125000E-01
 3.28125000E-01
 2.03125000E-01
 3.59375000E-01
 2.18750000E-01
 3.35937500E-01
 1.87500000E-01
 3.39843750E-01
 2.18750000E-01
 3.51562500E-01
 1.87500000E-01
 3.47656250E-01
 1.25000000E-01
 3.37890625E-01
 1.25000000E-01
 3.49609375E-01
 3.28125000E-01
 3.59375000E-01
 2.81250000E-01
 3.51562500E-01
 3.43750000E-01
 3.51562500E-01
 3.43750000E-01
 3.67187500E-01
 3.12500000E-01
 3.47656250E-01
 3.12500000E-01
 3.55468750E-01
 4.06250000E-01
 3.67187500E-01
 3.12500000E-01
 3.63281250E-01
 4.80468750E-01
 3.12500000E-01
 4.76562500E-01
 3.43750000E-01
 4.84375000E-01
 3.59375000E-01
 4.68750000E-01
 3.67187500E-01
 4.37500000E-01
 3.63281250E-01
 4.37500000E-01
 3.71093750E-01
 3.75000000E-01
 3.49609375E-01
 3.75000000E-01
 3.65234375E-01
 2.50000000E-01
 3.50585938E-01
 4.68750000E-01
 3.82812500E-01
 4.84375000E-01
 3.90625000E-01
 4.76562500E-01
 4.06250000E-01
 4.37500000E-01
 3.78906250E-01
 3.75000000E-01
 3.76953125E-01
 4.78515625E-01
 3.75000000E-01
 4.80468750E-01
 4.37500000E-01
 2.50000000E-01
 3.77929688E-01
 5.00000000E-01
 3.77441406E-01
 1.95312500E-03
 3.75000000E-01
 1.95312500E-03
 8.75000000E-01
 3.90625000E-03
 9.37500000E-01
 7.81250000E-03
 9.68750000E-01
 1.56250000E-02
 9.84375000E-01
 1.56250000E-02
 9.53125000E-01
 3.12500000E-02
 9.60937500E-01
 3.12500000E-02
 9.92187500E-01
 6.25000000E-02
 9.96093750E-01
 6.25000000E-02
 9.64843750E-01
 1.25000000E-01
 9.66796875E-01
 1.25000000E-01
 9.98046875E-01
 9.76562500E-04
 7.50000000E-01
 9.76562500E-04
 2.50000000E-01
 3.75000000E-01
 9.98046875E-01
 2.50000000E-01
 9.99023438E-01
 2.50000000E-01
 9.67773438E-01
 5.62500000E-01
 9.88281250E-01
 9.96093750E-01
 9.37500000E-01
 9.92187500E-01
 9.68750000E-01
 9.84375000E-01
 9.53125000E-01
 9.84375000E-01
 9.84375000E-01
 9.98046875E-01
 8.75000000E-01
 9.68750000E-01
 9.76562500E-01
 9.68750000E-01
 9.92187500E-01
 9.68750000E-01
 9.60937500E-01
 9.37500000E-01
 9.64843750E-01
 9.37500000E-01
 9.96093750E-01
 8.12500000E-01
 9.72656250E-01
 8.12500000E-01
 9.80468750E-01
 8.75000000E-01
 9.98046875E-01
 8.75000000E-01
 9.66796875E-01
 9.99023438E-01
 7.50000000E-01
 6.25000000E-01
 9.98046875E-01
 7.50000000E-01
 9.99023438E-01
 9.99511719E-01
 5.00000000E-01
 4.88281250E-04
 5.00000000E-01
 5.00000000E-01
 9.99511719E-01
