 5.17767664E-01
 3.40978945E-01
 2.31299402E-01
 1.91957827E-01
 1.84208729E-01
 2.69895871E-01
 4.05107699E-01
 3.46343705E-01
 1.42731185E-01
 3.30268052E-02
 9.81676612E-03
 3.18843099E-02
 1.65307884E-01
 2.31299402E-01
 3.30268052E-02
 4.47373813E-02
 3.87765366E-02
 9.98131027E-02
 2.85692110E-01
 1.91957827E-01
 9.81676612E-03
 3.87765366E-02
 9.79255019E-02
 1.93746080E-01
 3.18843099E-02
 9.98131027E-02
 2.69895871E-01
 1.65307884E-01
 2.85692110E-01
 4.05107699E-01
 3.92689272E-01
 1.93795754E-01
 1.04258899E-01
 4.04033505E-02
 4.85746751E-02
 1.65307884E-01
 3.24139558E-01
 2.33037982E-01
 1.63612769E-02
 6.82578810E-02
 1.20564293E-01
 6.89222669E-04
 1.80284506E-01
 1.20651222E-01
 6.82578810E-02
 7.41938889E-02
 2.61594153E-02
 2.58644777E-01
 5.02387442E-02
 1.20564293E-01
 2.61594153E-02
 1.44171722E-01
 7.09278427E-02
 6.89222669E-04
 2.58644777E-01
 1.65307884E-01
 1.80284506E-01
 3.24139558E-01
 3.88019944E-01
 2.09393298E-01
 1.48766540E-01
 8.84129872E-02
 1.41911568E-01
 2.85692110E-01
 2.33435371E-01
 7.24180539E-02
 5.73917579E-02
 5.25237347E-02
 2.84425430E-01
 1.65655600E-01
 6.97108369E-02
 1.82867539E-01
 3.02084433E-01
 1.26959783E-01
 7.04062688E-02
 3.02084433E-01
 2.03705658E-01
 2.91181054E-01
 3.18476756E-01
 5.54327511E-01
 4.03667161E-01
 3.99171691E-01
 3.75477333E-01
 4.69236453E-01
 3.05040018E-01
 3.39290039E-01
 4.61959255E-01
 3.68100788E-01
 5.14936262E-01
 5.08006780E-01
 8.54555389E-01
 8.25148555E-01
 8.46781454E-01
 0.00000000E+00
 0.00000000E+00
 0.00000000E+00
 0.00000000E+00
 0.00000000E+00
 0.00000000E+00
 0.00000000E+00
 0.00000000E+00
 0.00000000E+00
 0.00000000E+00
 0.00000000E+00
 0.00000000E+00
 0.00000000E+00
 3.49522822E-01
 1.43327269E-01
 3.30268052E-02
 9.81676612E-03
 3.18843099E-02
 1.65307884E-01
 1.42135100E-01
 7.21075932E-02
 1.25183948E-01
 1.54541108E-01
 1.03383400E-02
 1.80284506E-01
 3.42189741E-02
 1.25183948E-01
 7.41938889E-02
 2.61594153E-02
 2.70100776E-03
 1.54541108E-01
 2.61594153E-02
 7.48023918E-02
 1.03383400E-02
 1.92131685E-01
 2.27971264E-01
 1.75534458E-02
 6.82578810E-02
 1.20564293E-01
 6.89222669E-04
 8.70966340E-02
 8.99528721E-02
 1.14702796E-01
 9.44855977E-02
 1.07357297E-02
 1.14702796E-01
 2.37254038E-02
 4.60537345E-02
 9.44855977E-02
 1.30337595E-01
 3.20861094E-01
 1.50008382E-01
 7.47775549E-02
 6.29552129E-02
 1.93522549E-01
 7.24180539E-02
 4.92949438E-02
 1.63395446E-01
 1.00756903E-01
 1.70449112E-01
 1.96776176E-01
 6.25460258E-01
 5.12080024E-01
 4.79866626E-01
 6.29309970E-01
 5.13719257E-01
 0.00000000E+00
 0.00000000E+00
 0.00000000E+00
 0.00000000E+00
 0.00000000E+00
 0.00000000E+00
 2.41681207E-01
 3.74974387E-02
 4.47373813E-02
 3.87765366E-02
 9.98131027E-02
 2.85692110E-01
 3.66033120E-02
 1.26972201E-01
 7.41938889E-02
 2.61594153E-02
 2.58644777E-01
 3.67895884E-02
 6.82330442E-02
 1.62998057E-01
 2.90162743E-01
 3.40078609E-02
 2.25829085E-02
 2.90162743E-01
 1.25246040E-01
 2.59836946E-01
 2.85692110E-01
 1.57484275E-01
 3.21202600E-02
 7.41938889E-02
 2.61594153E-02
 6.05708751E-02
 6.23963838E-02
 2.37254038E-02
 2.05524958E-03
 1.18037144E-02
 1.40644889E-01
 1.95900677E-02
 3.55781709E-01
 2.32640592E-01
 2.10188077E-01
 3.18476756E-01
 2.53255180E-01
 1.69902702E-01
 1.70449112E-01
 2.82214951E-01
 2.54894412E-01
 0.00000000E+00
 7.48104638E-01
 0.00000000E+00
 0.00000000E+00
 0.00000000E+00
 0.00000000E+00
 0.00000000E+00
 0.00000000E+00
 0.00000000E+00
 0.00000000E+00
 0.00000000E+00
 2.34925583E-01
 2.14776686E-02
 3.87765366E-02
 9.79255019E-02
 4.95929861E-02
 1.25631011E-01
 2.61594153E-02
 5.80871898E-02
 3.64294540E-02
 2.90162743E-01
 1.56043738E-01
 2.00253336E-01
 1.51318526E-02
 2.61594153E-02
 1.44171722E-01
 2.22209114E-01
 5.64727943E-02
 1.06121663E-01
 3.33726584E-01
 2.64829153E-01
 5.29838374E-01
 3.77985855E-01
 3.18476756E-01
 0.00000000E+00
 0.00000000E+00
 0.00000000E+00
 0.00000000E+00
 0.00000000E+00
 2.87579711E-01
 1.01030108E-01
 9.98131027E-02
 1.21495675E-01
 2.60228126E-02
 1.49486809E-01
 3.88069618E-01
 2.18334565E-01
 2.58644777E-01
 4.71372422E-01
 0.00000000E+00
 3.95172958E-01
 2.52932301E-01
 2.85692110E-01
 2.52932301E-01
 2.21414335E-01
 2.85692110E-01
 5.31725975E-01
 0.00000000E+00
 0.00000000E+00
 0.00000000E+00
 5.48565361E-01
 0.00000000E+00
 4.10671154E-01
 2.58868309E-01
 1.63792836E-01
 1.31604274E-01
 7.91488411E-02
 1.63693488E-01
 3.09336794E-01
 2.69597829E-01
 1.04979168E-01
 1.75720734E-03
 5.99872090E-02
 8.47743882E-02
 4.69106060E-02
 1.63792836E-01
 1.75720734E-03
 9.30202234E-02
 1.34348747E-01
 4.95060571E-02
 1.57533949E-01
 1.31604274E-01
 5.99872090E-02
 1.34348747E-01
 3.10274385E-02
 9.82235441E-02
 8.47743882E-02
 4.95060571E-02
 1.63693488E-01
 4.69106060E-02
 1.57533949E-01
 3.09336794E-01
 2.52510074E-01
 8.19305686E-02
 3.61810855E-02
 2.43711619E-02
 7.30017200E-02
 4.69106060E-02
 2.21314987E-01
 1.60415024E-01
 3.36104712E-02
 1.17757729E-01
 2.13727329E-01
 1.57297999E-01
 2.81836189E-02
 6.89657314E-02
 1.17757729E-01
 1.51436501E-01
 1.65096771E-01
 1.03538631E-01
 4.70037442E-03
 2.13727329E-01
 1.65096771E-01
 5.89254336E-03
 2.82953847E-02
 1.57297999E-01
 1.03538631E-01
 4.69106060E-02
 2.81836189E-02
 2.21314987E-01
 1.98266388E-01
 2.60476495E-02
 1.90622846E-03
 5.52185333E-02
 2.37254038E-02
 1.57533949E-01
 7.41317968E-02
 8.39796089E-02
 9.86333522E-02
 1.33951357E-01
 1.13026308E-01
 3.56843484E-02
 7.39951941E-02
 3.01208934E-02
 1.12082508E-01
 2.18750582E-02
 9.81862888E-02
 1.12082508E-01
 9.98627764E-02
 1.26537556E-01
 2.23103241E-01
 3.09535489E-01
 8.86365189E-02
 1.33541549E-01
 1.59272529E-01
 2.19775102E-01
 4.96054045E-02
 3.03195882E-02
 2.59116677E-01
 8.79410870E-02
 3.19221861E-01
 4.24331423E-01
 7.72097038E-01
 7.37772507E-01
 7.98672470E-01
 0.00000000E+00
 0.00000000E+00
 0.00000000E+00
 0.00000000E+00
 0.00000000E+00
 0.00000000E+00
 0.00000000E+00
 0.00000000E+00
 0.00000000E+00
 0.00000000E+00
 0.00000000E+00
 0.00000000E+00
 0.00000000E+00
 2.52609422E-01
 9.42496476E-02
 1.75720734E-03
 5.99872090E-02
 8.47743882E-02
 4.69106060E-02
 9.18653097E-02
 1.03253007E-01
 1.64550360E-01
 2.41445256E-01
 1.65941224E-01
 2.81836189E-02
 4.14154522E-03
 1.64550360E-01
 1.51436501E-01
 1.65096771E-01
 3.49516613E-02
 2.41445256E-01
 1.65096771E-01
 1.06177546E-03
 1.65941224E-01
 1.00558208E-01
 7.87514514E-02
 7.36971518E-02
 1.17757729E-01
 2.13727329E-01
 1.57297999E-01
 6.53892245E-02
 5.66839076E-02
 7.63298582E-02
 9.48581505E-02
 2.71342618E-03
 7.63298582E-02
 1.16298564E-02
 6.47062111E-02
 9.48581505E-02
 1.01998746E-01
 1.40942931E-01
 4.14154522E-03
 6.38617581E-02
 1.13088401E-01
 9.11698779E-02
 2.65443866E-02
 1.68455955E-02
 1.13374024E-01
 8.60783230E-02
 1.10840665E-01
 1.54553527E-01
 4.67398526E-01
 3.24238906E-01
 3.11472763E-01
 5.58698797E-01
 3.99097180E-01
 0.00000000E+00
 0.00000000E+00
 0.00000000E+00
 0.00000000E+00
 0.00000000E+00
 0.00000000E+00
 1.23358439E-01
 2.17881292E-02
 9.30202234E-02
 1.34348747E-01
 4.95060571E-02
 1.57533949E-01
 3.35111238E-02
 1.89883950E-01
 1.51436501E-01
 1.65096771E-01
 1.03538631E-01
 9.69941199E-02
 1.54416924E-01
 4.00556346E-02
 1.18043353E-01
 1.36733085E-01
 1.66885024E-01
 1.18043353E-01
 2.61407877E-03
 1.02942546E-01
 1.57533949E-01
 3.93726211E-02
 1.55162029E-01
 1.51436501E-01
 1.65096771E-01
 1.03507585E-02
 4.87609515E-02
 1.16298564E-02
 3.86771892E-02
 1.75907011E-02
 8.84874977E-02
 9.74411832E-02
 1.43724659E-01
 8.12351367E-02
 8.47619698E-02
 1.44867154E-01
 9.76274596E-02
 1.02917709E-01
 1.10840665E-01
 1.79142011E-01
 2.42475986E-01
 0.00000000E+00
 6.68080298E-01
 0.00000000E+00
 0.00000000E+00
 0.00000000E+00
 0.00000000E+00
 0.00000000E+00
 0.00000000E+00
 0.00000000E+00
 0.00000000E+00
 0.00000000E+00
 7.76586299E-02
 8.44266723E-02
 1.34348747E-01
 3.10274385E-02
 7.78697431E-02
 2.72739691E-01
 1.65096771E-01
 3.99687056E-02
 1.14429591E-01
 1.18043353E-01
 2.56005861E-02
 6.39114318E-02
 2.36527560E-01
 1.65096771E-01
 5.89254336E-03
 1.38806962E-01
 1.58769582E-02
 7.30638121E-02
 3.55980404E-01
 2.41457675E-01
 3.18973493E-01
 1.80185159E-01
 1.44867154E-01
 0.00000000E+00
 0.00000000E+00
 0.00000000E+00
 0.00000000E+00
 0.00000000E+00
 1.22961050E-01
 4.63269399E-02
 4.95060571E-02
 2.52652886E-02
 1.66239266E-01
 1.01023899E-02
 1.80781243E-01
 3.79382928E-03
 1.03538631E-01
 4.70130580E-01
 0.00000000E+00
 2.59265698E-01
 1.28276136E-01
 1.57533949E-01
 1.28276136E-01
 5.67956734E-02
 1.57533949E-01
 3.70435452E-01
 0.00000000E+00
 0.00000000E+00
 0.00000000E+00
 4.72266549E-01
 0.00000000E+00
 3.22251957E-01
 1.89871531E-01
 1.20725733E-01
 1.29517979E-01
 4.32347517E-02
 1.23805503E-01
 2.66617407E-01
 2.05965812E-01
 6.93134473E-02
 1.69511521E-03
 2.68051735E-02
 1.11225637E-01
 1.04749427E-02
 1.20725733E-01
 1.69511521E-03
 6.80343494E-02
 1.02632085E-01
 8.35822193E-02
 1.24376750E-01
 1.29517979E-01
 2.68051735E-02
 1.02632085E-01
 3.36104712E-02
 7.18468063E-02
 1.11225637E-01
 8.35822193E-02
 1.23805503E-01
 1.04749427E-02
 1.24376750E-01
 2.66617407E-01
 1.49586156E-01
 3.93043197E-03
 7.84223631E-03
 1.35981770E-03
 1.01986327E-01
 1.04749427E-02
 1.84059708E-01
 1.07835406E-01
 9.61745037E-02
 1.53845676E-01
 2.20160074E-01
 2.40774661E-01
 6.72892438E-02
 4.95681492E-02
 1.53845676E-01
 1.64227481E-01
 1.76844602E-01
 3.40451161E-02
 2.63953654E-02
 2.20160074E-01
 1.76844602E-01
 2.65319681E-02
 3.64170356E-02
 2.40774661E-01
 3.40451161E-02
 1.04749427E-02
 6.72892438E-02
 1.84059708E-01
 7.24428908E-02
 8.79535054E-02
 5.81492819E-02
 6.34395316E-02
 7.14121614E-02
 1.24376750E-01
 1.98011810E-02
 1.86928364E-01
 1.81141378E-01
 1.87797654E-01
 2.90529087E-02
 1.54298949E-02
 1.50144985E-01
 3.25921602E-02
 4.98661915E-02
 4.74321799E-02
 1.37726559E-01
 4.98661915E-02
 1.12380550E-01
 4.81276118E-02
 2.22730688E-01
 1.00756903E-01
 1.91423835E-01
 9.17287071E-02
 1.72802404E-02
 3.29709223E-03
 3.88553936E-01
 2.61861150E-01
 9.26600890E-02
 1.78409324E-01
 1.35553334E-01
 4.12484244E-01
 7.01212659E-01
 6.60728589E-01
 7.61864254E-01
 0.00000000E+00
 0.00000000E+00
 0.00000000E+00
 0.00000000E+00
 0.00000000E+00
 0.00000000E+00
 0.00000000E+00
 0.00000000E+00
 0.00000000E+00
 0.00000000E+00
 0.00000000E+00
 0.00000000E+00
 0.00000000E+00
 1.82420476E-01
 5.73917579E-02
 1.69511521E-03
 2.68051735E-02
 1.11225637E-01
 1.04749427E-02
 4.78544064E-02
 1.58763373E-01
 1.96465716E-01
 2.45195621E-01
 2.48225717E-01
 6.72892438E-02
 7.05987544E-03
 1.96465716E-01
 1.64227481E-01
 1.76844602E-01
 1.17354130E-03
 2.45195621E-01
 1.76844602E-01
 2.62649720E-03
 2.48225717E-01
 7.60442344E-02
 3.30143867E-02
 1.63234007E-01
 1.53845676E-01
 2.20160074E-01
 2.40774661E-01
 2.15521791E-02
 1.31604274E-01
 1.22787192E-01
 8.41658853E-02
 1.40638680E-02
 1.22787192E-01
 1.85345015E-02
 2.94130431E-02
 8.41658853E-02
 1.15385809E-01
 2.45077646E-02
 9.00646379E-02
 1.34944831E-01
 1.60079726E-01
 1.76279564E-02
 4.06020453E-02
 8.55940044E-02
 9.26600890E-02
 5.68701840E-02
 6.98598581E-02
 2.02041589E-01
 3.13211343E-01
 1.16925694E-01
 1.30064390E-01
 4.55700368E-01
 2.08288058E-01
 0.00000000E+00
 0.00000000E+00
 0.00000000E+00
 0.00000000E+00
 0.00000000E+00
 0.00000000E+00
 6.52898771E-02
 2.62835996E-02
 6.80343494E-02
 1.02632085E-01
 8.35822193E-02
 1.24376750E-01
 5.20145792E-02
 2.20905179E-01
 1.64227481E-01
 1.76844602E-01
 3.40451161E-02
 8.93940429E-02
 1.79129592E-01
 2.32907588E-02
 8.33959429E-02
 1.15447902E-01
 1.85785869E-01
 8.33959429E-02
 1.63240216E-02
 3.10646938E-02
 1.24376750E-01
 1.58639189E-01
 2.26120918E-01
 1.64227481E-01
 1.76844602E-01
 1.45109313E-02
 8.18808949E-02
 1.85345015E-02
 5.32067482E-02
 5.20642529E-02
 6.98598581E-02
 1.10232162E-01
 1.56161713E-02
 4.46442431E-03
 4.19183985E-02
 9.45725267E-02
 6.21542244E-03
 4.30112200E-02
 6.98598581E-02
 1.15187115E-01
 2.18880976E-01
 0.00000000E+00
 5.79412733E-01
 0.00000000E+00
 0.00000000E+00
 0.00000000E+00
 0.00000000E+00
 0.00000000E+00
 0.00000000E+00
 0.00000000E+00
 0.00000000E+00
 0.00000000E+00
 6.87359905E-03
 8.23900504E-02
 1.02632085E-01
 3.36104712E-02
 1.22228362E-01
 3.23580729E-01
 1.76844602E-01
 5.59388020E-02
 1.66413124E-01
 8.33959429E-02
 5.59450112E-03
 2.40749825E-01
 3.53310442E-01
 1.76844602E-01
 2.65319681E-02
 7.40821231E-02
 8.03658468E-02
 9.74536017E-02
 3.60376527E-01
 2.00278173E-01
 1.75565504E-01
 7.93226990E-02
 9.45725267E-02
 0.00000000E+00
 0.00000000E+00
 0.00000000E+00
 0.00000000E+00
 0.00000000E+00
 5.22753662E-02
 8.12723920E-02
 8.35822193E-02
 6.99467870E-02
 2.62531745E-01
 3.29150393E-02
 4.41288784E-02
 1.28710781E-01
 3.40451161E-02
 4.95489007E-01
 0.00000000E+00
 2.11280899E-01
 1.04954331E-01
 1.24376750E-01
 1.04954331E-01
 2.43711619E-02
 1.24376750E-01
 2.64779480E-01
 0.00000000E+00
 0.00000000E+00
 0.00000000E+00
 4.66305704E-01
 0.00000000E+00
 2.75558674E-01
 1.68263469E-01
 8.48116435E-02
 8.94312982E-02
 5.53240899E-03
 1.04035368E-01
 2.39992301E-01
 1.89722510E-01
 1.06966116E-01
 1.88449622E-02
 1.13566510E-02
 1.05339302E-01
 3.21575153E-02
 8.48116435E-02
 1.88449622E-02
 8.25390715E-02
 1.20017883E-01
 1.24215311E-01
 1.07984427E-01
 8.94312982E-02
 1.13566510E-02
 1.20017883E-01
 8.08998392E-02
 4.36818151E-02
 1.05339302E-01
 1.24215311E-01
 1.04035368E-01
 3.21575153E-02
 1.07984427E-01
 2.39992301E-01
 1.28027768E-01
 5.20952990E-03
 3.70255385E-02
 2.94751352E-02
 9.19274019E-02
 3.21575153E-02
 1.93299017E-01
 1.32374217E-01
 5.16668633E-02
 1.20638804E-01
 2.04686714E-01
 2.55850631E-01
 7.33494359E-02
 6.53395508E-02
 1.20638804E-01
 1.35665100E-01
 1.58862721E-01
 1.39521021E-02
 4.64635426E-02
 2.04686714E-01
 1.58862721E-01
 2.63829470E-02
 9.96578724E-03
 2.55850631E-01
 1.39521021E-02
 3.21575153E-02
 7.33494359E-02
 1.93299017E-01
 7.86707316E-03
 1.23122489E-01
 6.34395316E-02
 6.42094740E-02
 1.06804677E-01
 1.07984427E-01
 4.68236770E-02
 1.80048556E-01
 1.70511205E-01
 1.80843335E-01
 4.83697711E-03
 3.56222563E-02
 1.51039112E-01
 3.75595308E-02
 4.68857691E-02
 6.61343301E-02
 1.27195733E-01
 4.68857691E-02
 1.32423891E-01
 2.58986284E-02
 2.39123011E-01
 1.61129083E-02
 2.94596122E-01
 1.61942490E-01
 4.69230244E-02
 4.22536960E-02
 4.90409870E-01
 3.63741920E-01
 6.93382841E-02
 2.63401034E-01
 5.73172473E-02
 4.71273075E-01
 6.77567975E-01
 6.49999069E-01
 7.82205637E-01
 0.00000000E+00
 0.00000000E+00
 0.00000000E+00
 0.00000000E+00
 0.00000000E+00
 0.00000000E+00
 0.00000000E+00
 0.00000000E+00
 0.00000000E+00
 0.00000000E+00
 0.00000000E+00
 0.00000000E+00
 0.00000000E+00
 1.63792836E-01
 8.66992443E-02
 1.88449622E-02
 1.13566510E-02
 1.05339302E-01
 3.21575153E-02
 5.21263451E-02
 9.96019894E-02
 1.50144985E-01
 2.21675122E-01
 2.60321265E-01
 7.33494359E-02
 2.10926973E-02
 1.50144985E-01
 1.35665100E-01
 1.58862721E-01
 2.08940025E-02
 2.21675122E-01
 1.58862721E-01
 8.17753382E-03
 2.60321265E-01
 6.49421612E-02
 4.40419494E-02
 1.44357998E-01
 1.20638804E-01
 2.04686714E-01
 2.55850631E-01
 1.45978603E-02
 1.60924179E-01
 1.70250418E-01
 1.44891991E-01
 5.44734277E-02
 1.70250418E-01
 3.88510472E-02
 7.05677084E-02
 1.44891991E-01
 9.88196286E-02
 3.29150393E-02
 1.06630819E-01
 1.30772240E-01
 1.56999957E-01
 4.68236770E-02
 6.69539463E-02
 1.11871395E-01
 3.24555576E-02
 3.43679952E-02
 5.12322184E-02
 1.81576023E-01
 2.41283817E-01
 2.51038491E-02
 4.95433124E-02
 4.29447815E-01
 1.34944831E-01
 0.00000000E+00
 0.00000000E+00
 0.00000000E+00
 0.00000000E+00
 0.00000000E+00
 0.00000000E+00
 4.31354043E-02
 9.02198682E-03
 8.25390715E-02
 1.20017883E-01
 1.24215311E-01
 1.07984427E-01
 4.04157689E-02
 1.67431435E-01
 1.35665100E-01
 1.58862721E-01
 1.39521021E-02
 1.01911817E-01
 1.44606367E-01
 2.32907588E-02
 8.33959429E-02
 1.31641530E-01
 1.64227481E-01
 8.33959429E-02
 3.27163445E-02
 1.21638487E-02
 1.07984427E-01
 1.56900609E-01
 1.97608211E-01
 1.35665100E-01
 1.58862721E-01
 1.56906818E-02
 7.55474974E-02
 3.88510472E-02
 6.95990711E-02
 7.53612210E-02
 5.12322184E-02
 1.19223103E-01
 4.84132356E-02
 2.27567665E-02
 3.44673426E-02
 9.01018932E-02
 8.43521617E-02
 7.69321519E-03
 5.12322184E-02
 4.56439265E-02
 1.95285965E-01
 0.00000000E+00
 5.09521828E-01
 0.00000000E+00
 0.00000000E+00
 0.00000000E+00
 0.00000000E+00
 0.00000000E+00
 0.00000000E+00
 0.00000000E+00
 0.00000000E+00
 0.00000000E+00
 1.72678220E-02
 5.65100496E-02
 1.20017883E-01
 8.08998392E-02
 1.27841491E-01
 2.89032667E-01
 1.58862721E-01
 7.77952326E-02
 1.39489975E-01
 8.33959429E-02
 5.55662492E-02
 2.81680958E-01
 3.51621536E-01
 1.58862721E-01
 2.63829470E-02
 4.88478805E-02
 1.07860243E-01
 8.42900696E-02
 3.17011381E-01
 1.64016367E-01
 1.21868228E-01
 6.63081881E-02
 9.01018932E-02
 0.00000000E+00
 0.00000000E+00
 0.00000000E+00
 0.00000000E+00
 0.00000000E+00
 3.27039261E-02
 7.35978044E-02
 1.24215311E-01
 6.72395701E-02
 2.66282109E-01
 6.75872860E-02
 1.65599717E-02
 1.48778958E-01
 1.39521021E-02
 5.38506436E-01
 0.00000000E+00
 2.12473068E-01
 1.30809495E-01
 1.07984427E-01
 1.30809495E-01
 1.61253268E-02
 1.07984427E-01
 2.45555756E-01
 0.00000000E+00
 0.00000000E+00
 0.00000000E+00
 4.99686435E-01
 0.00000000E+00
 2.28865390E-01
 1.46655407E-01
 4.88975542E-02
 4.93446175E-02
 3.21699337E-02
 8.42652328E-02
 2.13367194E-01
 1.73479208E-01
 1.44618785E-01
 3.93850395E-02
 4.09187152E-03
 9.94529683E-02
 5.38400879E-02
 4.88975542E-02
 3.93850395E-02
 9.70437936E-02
 1.37403680E-01
 1.64848402E-01
 9.15921044E-02
 4.93446175E-02
 4.09187152E-03
 1.37403680E-01
 1.28189207E-01
 1.55168239E-02
 9.94529683E-02
 1.64848402E-01
 8.42652328E-02
 5.38400879E-02
 9.15921044E-02
 2.13367194E-01
 1.06469379E-01
 1.43494918E-02
 6.62088407E-02
 5.75904527E-02
 8.18684764E-02
 5.38400879E-02
 2.02538326E-01
 1.56913028E-01
 7.15922285E-03
 8.74319315E-02
 1.89213355E-01
 2.70926601E-01
 7.94096280E-02
 8.11109524E-02
 8.74319315E-02
 1.07102719E-01
 1.40880839E-01
 6.14091189E-03
 6.65317198E-02
 1.89213355E-01
 1.40880839E-01
 2.62339259E-02
 1.64854611E-02
 2.70926601E-01
 6.14091189E-03
 5.38400879E-02
 7.94096280E-02
 2.02538326E-01
 5.67087444E-02
 1.58291473E-01
 6.87297812E-02
 6.49794165E-02
 1.42197192E-01
 9.15921044E-02
 7.38461730E-02
 1.73168748E-01
 1.59881031E-01
 1.73889017E-01
 1.93789545E-02
 5.58146177E-02
 1.51933239E-01
 4.25269014E-02
 4.39053468E-02
 8.48364804E-02
 1.16664907E-01
 4.39053468E-02
 1.52467231E-01
 3.66964502E-03
 2.55515334E-01
 6.85310864E-02
 3.97768409E-01
 2.32156273E-01
 1.11126289E-01
 8.78044843E-02
 5.92265804E-01
 4.65622691E-01
 4.60164793E-02
 3.48392745E-01
 2.09188394E-02
 5.30061906E-01
 6.53923291E-01
 6.39269548E-01
 8.02547019E-01
 0.00000000E+00
 0.00000000E+00
 0.00000000E+00
 0.00000000E+00
 0.00000000E+00
 0.00000000E+00
 0.00000000E+00
 0.00000000E+00
 0.00000000E+00
 0.00000000E+00
 0.00000000E+00
 0.00000000E+00
 0.00000000E+00
 1.45165196E-01
 1.16006731E-01
 3.93850395E-02
 4.09187152E-03
 9.94529683E-02
 5.38400879E-02
 5.63982838E-02
 4.04406058E-02
 1.03824254E-01
 1.98154622E-01
 2.72416812E-01
 7.94096280E-02
 3.51255192E-02
 1.03824254E-01
 1.07102719E-01
 1.40880839E-01
 4.06144637E-02
 1.98154622E-01
 1.40880839E-01
 1.89815648E-02
 2.72416812E-01
 5.38400879E-02
 5.50695121E-02
 1.25481990E-01
 8.74319315E-02
 1.89213355E-01
 2.70926601E-01
 7.64354149E-03
 1.90244084E-01
 2.17713644E-01
 2.05618096E-01
 9.48829874E-02
 2.17713644E-01
 5.91675929E-02
 1.11722374E-01
 2.05618096E-01
 8.22534477E-02
 9.03378433E-02
 1.23197000E-01
 1.26599649E-01
 1.53920187E-01
 1.11275310E-01
 9.33058472E-02
 1.38148785E-01
 2.77489739E-02
 1.18658065E-02
 3.26045787E-02
 1.61110456E-01
 1.69356291E-01
 6.67179962E-02
 3.09777648E-02
 4.03195261E-01
 6.16016045E-02
 0.00000000E+00
 0.00000000E+00
 0.00000000E+00
 0.00000000E+00
 0.00000000E+00
 0.00000000E+00
 2.09809315E-02
 8.23962596E-03
 9.70437936E-02
 1.37403680E-01
 1.64848402E-01
 9.15921044E-02
 2.88169586E-02
 1.13957690E-01
 1.07102719E-01
 1.40880839E-01
 6.14091189E-03
 1.14429591E-01
 1.10083141E-01
 2.32907588E-02
 8.33959429E-02
 1.47835158E-01
 1.42669092E-01
 8.33959429E-02
 4.91086674E-02
 6.73699636E-03
 9.15921044E-02
 1.55162029E-01
 1.69095504E-01
 1.07102719E-01
 1.40880839E-01
 4.58922950E-02
 6.92140999E-02
 5.91675929E-02
 8.59913940E-02
 9.86581890E-02
 3.26045787E-02
 1.28214044E-01
 1.12442642E-01
 4.99779573E-02
 2.70162868E-02
 8.56312597E-02
 1.62488901E-01
 2.76247897E-02
 3.26045787E-02
 2.38992617E-02
 1.71690955E-01
 0.00000000E+00
 4.39630924E-01
 0.00000000E+00
 0.00000000E+00
 0.00000000E+00
 0.00000000E+00
 0.00000000E+00
 0.00000000E+00
 0.00000000E+00
 0.00000000E+00
 0.00000000E+00
 4.14092430E-02
 3.06300489E-02
 1.37403680E-01
 1.28189207E-01
 1.33454620E-01
 2.54484604E-01
 1.40880839E-01
 9.96516631E-02
 1.12566827E-01
 8.33959429E-02
 1.05537997E-01
 3.22612092E-01
 3.49932630E-01
 1.40880839E-01
 2.62339259E-02
 2.36136379E-02
 1.35354639E-01
 7.11265376E-02
 2.73646236E-01
 1.27754562E-01
 6.81709521E-02
 5.32936772E-02
 8.56312597E-02
 0.00000000E+00
 0.00000000E+00
 0.00000000E+00
 0.00000000E+00
 0.00000000E+00
 1.31324860E-02
 6.59232169E-02
 1.64848402E-01
 6.45323531E-02
 2.70032474E-01
 1.02259533E-01
 1.10089351E-02
 1.68847135E-01
 6.14091189E-03
 5.81523865E-01
 0.00000000E+00
 2.13665236E-01
 1.56664659E-01
 9.15921044E-02
 1.56664659E-01
 7.87949159E-03
 9.15921044E-02
 2.26332031E-01
 0.00000000E+00
 0.00000000E+00
 0.00000000E+00
 5.33067165E-01
 0.00000000E+00
 2.28865390E-01
 1.46655407E-01
 4.88975542E-02
 4.93446175E-02
 3.21699337E-02
 8.42652328E-02
 2.13367194E-01
 1.73479208E-01
 1.44618785E-01
 3.93850395E-02
 4.09187152E-03
 9.94529683E-02
 5.38400879E-02
 4.88975542E-02
 3.93850395E-02
 9.70437936E-02
 1.37403680E-01
 1.64848402E-01
 9.15921044E-02
 4.93446175E-02
 4.09187152E-03
 1.37403680E-01
 1.28189207E-01
 1.55168239E-02
 9.94529683E-02
 1.64848402E-01
 8.42652328E-02
 5.38400879E-02
 9.15921044E-02
 2.13367194E-01
 1.06469379E-01
 1.43494918E-02
 6.62088407E-02
 5.75904527E-02
 8.18684764E-02
 5.38400879E-02
 2.02538326E-01
 1.56913028E-01
 7.15922285E-03
 8.74319315E-02
 1.89213355E-01
 2.70926601E-01
 7.94096280E-02
 8.11109524E-02
 8.74319315E-02
 1.07102719E-01
 1.40880839E-01
 6.14091189E-03
 6.65317198E-02
 1.89213355E-01
 1.40880839E-01
 2.62339259E-02
 1.64854611E-02
 2.70926601E-01
 6.14091189E-03
 5.38400879E-02
 7.94096280E-02
 2.02538326E-01
 5.67087444E-02
 1.58291473E-01
 6.87297812E-02
 6.49794165E-02
 1.42197192E-01
 9.15921044E-02
 7.38461730E-02
 1.73168748E-01
 1.59881031E-01
 1.73889017E-01
 1.93789545E-02
 5.58146177E-02
 1.51933239E-01
 4.25269014E-02
 4.39053468E-02
 8.48364804E-02
 1.16664907E-01
 4.39053468E-02
 1.52467231E-01
 3.66964502E-03
 2.55515334E-01
 6.85310864E-02
 3.97768409E-01
 2.32156273E-01
 1.11126289E-01
 8.78044843E-02
 5.92265804E-01
 4.65622691E-01
 4.60164793E-02
 3.48392745E-01
 2.09188394E-02
 5.30061906E-01
 6.53923291E-01
 6.39269548E-01
 8.02547019E-01
 0.00000000E+00
 0.00000000E+00
 0.00000000E+00
 0.00000000E+00
 0.00000000E+00
 0.00000000E+00
 0.00000000E+00
 0.00000000E+00
 0.00000000E+00
 0.00000000E+00
 0.00000000E+00
 0.00000000E+00
 0.00000000E+00
 1.45165196E-01
 1.16006731E-01
 3.93850395E-02
 4.09187152E-03
 9.94529683E-02
 5.38400879E-02
 5.63982838E-02
 4.04406058E-02
 1.03824254E-01
 1.98154622E-01
 2.72416812E-01
 7.94096280E-02
 3.51255192E-02
 1.03824254E-01
 1.07102719E-01
 1.40880839E-01
 4.06144637E-02
 1.98154622E-01
 1.40880839E-01
 1.89815648E-02
 2.72416812E-01
 5.38400879E-02
 5.50695121E-02
 1.25481990E-01
 8.74319315E-02
 1.89213355E-01
 2.70926601E-01
 7.64354149E-03
 1.90244084E-01
 2.17713644E-01
 2.05618096E-01
 9.48829874E-02
 2.17713644E-01
 5.91675929E-02
 1.11722374E-01
 2.05618096E-01
 8.22534477E-02
 9.03378433E-02
 1.23197000E-01
 1.26599649E-01
 1.53920187E-01
 1.11275310E-01
 9.33058472E-02
 1.38148785E-01
 2.77489739E-02
 1.18658065E-02
 3.26045787E-02
 1.61110456E-01
 1.69356291E-01
 6.67179962E-02
 3.09777648E-02
 4.03195261E-01
 6.16016045E-02
 0.00000000E+00
 0.00000000E+00
 0.00000000E+00
 0.00000000E+00
 0.00000000E+00
 0.00000000E+00
 2.09809315E-02
 8.23962596E-03
 9.70437936E-02
 1.37403680E-01
 1.64848402E-01
 9.15921044E-02
 2.88169586E-02
 1.13957690E-01
 1.07102719E-01
 1.40880839E-01
 6.14091189E-03
 1.14429591E-01
 1.10083141E-01
 2.32907588E-02
 8.33959429E-02
 1.47835158E-01
 1.42669092E-01
 8.33959429E-02
 4.91086674E-02
 6.73699636E-03
 9.15921044E-02
 1.55162029E-01
 1.69095504E-01
 1.07102719E-01
 1.40880839E-01
 4.58922950E-02
 6.92140999E-02
 5.91675929E-02
 8.59913940E-02
 9.86581890E-02
 3.26045787E-02
 1.28214044E-01
 1.12442642E-01
 4.99779573E-02
 2.70162868E-02
 8.56312597E-02
 1.62488901E-01
 2.76247897E-02
 3.26045787E-02
 2.38992617E-02
 1.71690955E-01
 0.00000000E+00
 4.39630924E-01
 0.00000000E+00
 0.00000000E+00
 0.00000000E+00
 0.00000000E+00
 0.00000000E+00
 0.00000000E+00
 0.00000000E+00
 0.00000000E+00
 0.00000000E+00
 4.14092430E-02
 3.06300489E-02
 1.37403680E-01
 1.28189207E-01
 1.33454620E-01
 2.54484604E-01
 1.40880839E-01
 9.96516631E-02
 1.12566827E-01
 8.33959429E-02
 1.05537997E-01
 3.22612092E-01
 3.49932630E-01
 1.40880839E-01
 2.62339259E-02
 2.36136379E-02
 1.35354639E-01
 7.11265376E-02
 2.73646236E-01
 1.27754562E-01
 6.81709521E-02
 5.32936772E-02
 8.56312597E-02
 0.00000000E+00
 0.00000000E+00
 0.00000000E+00
 0.00000000E+00
 0.00000000E+00
 1.31324860E-02
 6.59232169E-02
 1.64848402E-01
 6.45323531E-02
 2.70032474E-01
 1.02259533E-01
 1.10089351E-02
 1.68847135E-01
 6.14091189E-03
 5.81523865E-01
 0.00000000E+00
 2.13665236E-01
 1.56664659E-01
 9.15921044E-02
 1.56664659E-01
 7.87949159E-03
 9.15921044E-02
 2.26332031E-01
 0.00000000E+00
 0.00000000E+00
 0.00000000E+00
 5.33067165E-01
 0.00000000E+00
 2.75558674E-01
 1.68263469E-01
 8.48116435E-02
 8.94312982E-02
 5.53240899E-03
 1.04035368E-01
 2.39992301E-01
 1.89722510E-01
 1.06966116E-01
 1.88449622E-02
 1.13566510E-02
 1.05339302E-01
 3.21575153E-02
 8.48116435E-02
 1.88449622E-02
 8.25390715E-02
 1.20017883E-01
 1.24215311E-01
 1.07984427E-01
 8.94312982E-02
 1.13566510E-02
 1.20017883E-01
 8.08998392E-02
 4.36818151E-02
 1.05339302E-01
 1.24215311E-01
 1.04035368E-01
 3.21575153E-02
 1.07984427E-01
 2.39992301E-01
 1.28027768E-01
 5.20952990E-03
 3.70255385E-02
 2.94751352E-02
 9.19274019E-02
 3.21575153E-02
 1.93299017E-01
 1.32374217E-01
 5.16668633E-02
 1.20638804E-01
 2.04686714E-01
 2.55850631E-01
 7.33494359E-02
 6.53395508E-02
 1.20638804E-01
 1.35665100E-01
 1.58862721E-01
 1.39521021E-02
 4.64635426E-02
 2.04686714E-01
 1.58862721E-01
 2.63829470E-02
 9.96578724E-03
 2.55850631E-01
 1.39521021E-02
 3.21575153E-02
 7.33494359E-02
 1.93299017E-01
 7.86707316E-03
 1.23122489E-01
 6.34395316E-02
 6.42094740E-02
 1.06804677E-01
 1.07984427E-01
 4.68236770E-02
 1.80048556E-01
 1.70511205E-01
 1.80843335E-01
 4.83697711E-03
 3.56222563E-02
 1.51039112E-01
 3.75595308E-02
 4.68857691E-02
 6.61343301E-02
 1.27195733E-01
 4.68857691E-02
 1.32423891E-01
 2.58986284E-02
 2.39123011E-01
 1.61129083E-02
 2.94596122E-01
 1.61942490E-01
 4.69230244E-02
 4.22536960E-02
 4.90409870E-01
 3.63741920E-01
 6.93382841E-02
 2.63401034E-01
 5.73172473E-02
 4.71273075E-01
 6.77567975E-01
 6.49999069E-01
 7.82205637E-01
 0.00000000E+00
 0.00000000E+00
 0.00000000E+00
 0.00000000E+00
 0.00000000E+00
 0.00000000E+00
 0.00000000E+00
 0.00000000E+00
 0.00000000E+00
 0.00000000E+00
 0.00000000E+00
 0.00000000E+00
 0.00000000E+00
 1.63792836E-01
 8.66992443E-02
 1.88449622E-02
 1.13566510E-02
 1.05339302E-01
 3.21575153E-02
 5.21263451E-02
 9.96019894E-02
 1.50144985E-01
 2.21675122E-01
 2.60321265E-01
 7.33494359E-02
 2.10926973E-02
 1.50144985E-01
 1.35665100E-01
 1.58862721E-01
 2.08940025E-02
 2.21675122E-01
 1.58862721E-01
 8.17753382E-03
 2.60321265E-01
 6.49421612E-02
 4.40419494E-02
 1.44357998E-01
 1.20638804E-01
 2.04686714E-01
 2.55850631E-01
 1.45978603E-02
 1.60924179E-01
 1.70250418E-01
 1.44891991E-01
 5.44734277E-02
 1.70250418E-01
 3.88510472E-02
 7.05677084E-02
 1.44891991E-01
 9.88196286E-02
 3.29150393E-02
 1.06630819E-01
 1.30772240E-01
 1.56999957E-01
 4.68236770E-02
 6.69539463E-02
 1.11871395E-01
 3.24555576E-02
 3.43679952E-02
 5.12322184E-02
 1.81576023E-01
 2.41283817E-01
 2.51038491E-02
 4.95433124E-02
 4.29447815E-01
 1.34944831E-01
 0.00000000E+00
 0.00000000E+00
 0.00000000E+00
 0.00000000E+00
 0.00000000E+00
 0.00000000E+00
 4.31354043E-02
 9.02198682E-03
 8.25390715E-02
 1.20017883E-01
 1.24215311E-01
 1.07984427E-01
 4.04157689E-02
 1.67431435E-01
 1.35665100E-01
 1.58862721E-01
 1.39521021E-02
 1.01911817E-01
 1.44606367E-01
 2.32907588E-02
 8.33959429E-02
 1.31641530E-01
 1.64227481E-01
 8.33959429E-02
 3.27163445E-02
 1.21638487E-02
 1.07984427E-01
 1.56900609E-01
 1.97608211E-01
 1.35665100E-01
 1.58862721E-01
 1.56906818E-02
 7.55474974E-02
 3.88510472E-02
 6.95990711E-02
 7.53612210E-02
 5.12322184E-02
 1.19223103E-01
 4.84132356E-02
 2.27567665E-02
 3.44673426E-02
 9.01018932E-02
 8.43521617E-02
 7.69321519E-03
 5.12322184E-02
 4.56439265E-02
 1.95285965E-01
 0.00000000E+00
 5.09521828E-01
 0.00000000E+00
 0.00000000E+00
 0.00000000E+00
 0.00000000E+00
 0.00000000E+00
 0.00000000E+00
 0.00000000E+00
 0.00000000E+00
 0.00000000E+00
 1.72678220E-02
 5.65100496E-02
 1.20017883E-01
 8.08998392E-02
 1.27841491E-01
 2.89032667E-01
 1.58862721E-01
 7.77952326E-02
 1.39489975E-01
 8.33959429E-02
 5.55662492E-02
 2.81680958E-01
 3.51621536E-01
 1.58862721E-01
 2.63829470E-02
 4.88478805E-02
 1.07860243E-01
 8.42900696E-02
 3.17011381E-01
 1.64016367E-01
 1.21868228E-01
 6.63081881E-02
 9.01018932E-02
 0.00000000E+00
 0.00000000E+00
 0.00000000E+00
 0.00000000E+00
 0.00000000E+00
 3.27039261E-02
 7.35978044E-02
 1.24215311E-01
 6.72395701E-02
 2.66282109E-01
 6.75872860E-02
 1.65599717E-02
 1.48778958E-01
 1.39521021E-02
 5.38506436E-01
 0.00000000E+00
 2.12473068E-01
 1.30809495E-01
 1.07984427E-01
 1.30809495E-01
 1.61253268E-02
 1.07984427E-01
 2.45555756E-01
 0.00000000E+00
 0.00000000E+00
 0.00000000E+00
 4.99686435E-01
 0.00000000E+00
 3.22251957E-01
 1.89871531E-01
 1.20725733E-01
 1.29517979E-01
 4.32347517E-02
 1.23805503E-01
 2.66617407E-01
 2.05965812E-01
 6.93134473E-02
 1.69511521E-03
 2.68051735E-02
 1.11225637E-01
 1.04749427E-02
 1.20725733E-01
 1.69511521E-03
 6.80343494E-02
 1.02632085E-01
 8.35822193E-02
 1.24376750E-01
 1.29517979E-01
 2.68051735E-02
 1.02632085E-01
 3.36104712E-02
 7.18468063E-02
 1.11225637E-01
 8.35822193E-02
 1.23805503E-01
 1.04749427E-02
 1.24376750E-01
 2.66617407E-01
 1.49586156E-01
 3.93043197E-03
 7.84223631E-03
 1.35981770E-03
 1.01986327E-01
 1.04749427E-02
 1.84059708E-01
 1.07835406E-01
 9.61745037E-02
 1.53845676E-01
 2.20160074E-01
 2.40774661E-01
 6.72892438E-02
 4.95681492E-02
 1.53845676E-01
 1.64227481E-01
 1.76844602E-01
 3.40451161E-02
 2.63953654E-02
 2.20160074E-01
 1.76844602E-01
 2.65319681E-02
 3.64170356E-02
 2.40774661E-01
 3.40451161E-02
 1.04749427E-02
 6.72892438E-02
 1.84059708E-01
 7.24428908E-02
 8.79535054E-02
 5.81492819E-02
 6.34395316E-02
 7.14121614E-02
 1.24376750E-01
 1.98011810E-02
 1.86928364E-01
 1.81141378E-01
 1.87797654E-01
 2.90529087E-02
 1.54298949E-02
 1.50144985E-01
 3.25921602E-02
 4.98661915E-02
 4.74321799E-02
 1.37726559E-01
 4.98661915E-02
 1.12380550E-01
 4.81276118E-02
 2.22730688E-01
 1.00756903E-01
 1.91423835E-01
 9.17287071E-02
 1.72802404E-02
 3.29709223E-03
 3.88553936E-01
 2.61861150E-01
 9.26600890E-02
 1.78409324E-01
 1.35553334E-01
 4.12484244E-01
 7.01212659E-01
 6.60728589E-01
 7.61864254E-01
 0.00000000E+00
 0.00000000E+00
 0.00000000E+00
 0.00000000E+00
 0.00000000E+00
 0.00000000E+00
 0.00000000E+00
 0.00000000E+00
 0.00000000E+00
 0.00000000E+00
 0.00000000E+00
 0.00000000E+00
 0.00000000E+00
 1.82420476E-01
 5.73917579E-02
 1.69511521E-03
 2.68051735E-02
 1.11225637E-01
 1.04749427E-02
 4.78544064E-02
 1.58763373E-01
 1.96465716E-01
 2.45195621E-01
 2.48225717E-01
 6.72892438E-02
 7.05987544E-03
 1.96465716E-01
 1.64227481E-01
 1.76844602E-01
 1.17354130E-03
 2.45195621E-01
 1.76844602E-01
 2.62649720E-03
 2.48225717E-01
 7.60442344E-02
 3.30143867E-02
 1.63234007E-01
 1.53845676E-01
 2.20160074E-01
 2.40774661E-01
 2.15521791E-02
 1.31604274E-01
 1.22787192E-01
 8.41658853E-02
 1.40638680E-02
 1.22787192E-01
 1.85345015E-02
 2.94130431E-02
 8.41658853E-02
 1.15385809E-01
 2.45077646E-02
 9.00646379E-02
 1.34944831E-01
 1.60079726E-01
 1.76279564E-02
 4.06020453E-02
 8.55940044E-02
 9.26600890E-02
 5.68701840E-02
 6.98598581E-02
 2.02041589E-01
 3.13211343E-01
 1.16925694E-01
 1.30064390E-01
 4.55700368E-01
 2.08288058E-01
 0.00000000E+00
 0.00000000E+00
 0.00000000E+00
 0.00000000E+00
 0.00000000E+00
 0.00000000E+00
 6.52898771E-02
 2.62835996E-02
 6.80343494E-02
 1.02632085E-01
 8.35822193E-02
 1.24376750E-01
 5.20145792E-02
 2.20905179E-01
 1.64227481E-01
 1.76844602E-01
 3.40451161E-02
 8.93940429E-02
 1.79129592E-01
 2.32907588E-02
 8.33959429E-02
 1.15447902E-01
 1.85785869E-01
 8.33959429E-02
 1.63240216E-02
 3.10646938E-02
 1.24376750E-01
 1.58639189E-01
 2.26120918E-01
 1.64227481E-01
 1.76844602E-01
 1.45109313E-02
 8.18808949E-02
 1.85345015E-02
 5.32067482E-02
 5.20642529E-02
 6.98598581E-02
 1.10232162E-01
 1.56161713E-02
 4.46442431E-03
 4.19183985E-02
 9.45725267E-02
 6.21542244E-03
 4.30112200E-02
 6.98598581E-02
 1.15187115E-01
 2.18880976E-01
 0.00000000E+00
 5.79412733E-01
 0.00000000E+00
 0.00000000E+00
 0.00000000E+00
 0.00000000E+00
 0.00000000E+00
 0.00000000E+00
 0.00000000E+00
 0.00000000E+00
 0.00000000E+00
 6.87359905E-03
 8.23900504E-02
 1.02632085E-01
 3.36104712E-02
 1.22228362E-01
 3.23580729E-01
 1.76844602E-01
 5.59388020E-02
 1.66413124E-01
 8.33959429E-02
 5.59450112E-03
 2.40749825E-01
 3.53310442E-01
 1.76844602E-01
 2.65319681E-02
 7.40821231E-02
 8.03658468E-02
 9.74536017E-02
 3.60376527E-01
 2.00278173E-01
 1.75565504E-01
 7.93226990E-02
 9.45725267E-02
 0.00000000E+00
 0.00000000E+00
 0.00000000E+00
 0.00000000E+00
 0.00000000E+00
 5.22753662E-02
 8.12723920E-02
 8.35822193E-02
 6.99467870E-02
 2.62531745E-01
 3.29150393E-02
 4.41288784E-02
 1.28710781E-01
 3.40451161E-02
 4.95489007E-01
 0.00000000E+00
 2.11280899E-01
 1.04954331E-01
 1.24376750E-01
 1.04954331E-01
 2.43711619E-02
 1.24376750E-01
 2.64779480E-01
 0.00000000E+00
 0.00000000E+00
 0.00000000E+00
 4.66305704E-01
 0.00000000E+00
 4.10671154E-01
 2.58868309E-01
 1.63792836E-01
 1.31604274E-01
 7.91488411E-02
 1.63693488E-01
 3.09336794E-01
 2.69597829E-01
 1.04979168E-01
 1.75720734E-03
 5.99872090E-02
 8.47743882E-02
 4.69106060E-02
 1.63792836E-01
 1.75720734E-03
 9.30202234E-02
 1.34348747E-01
 4.95060571E-02
 1.57533949E-01
 1.31604274E-01
 5.99872090E-02
 1.34348747E-01
 3.10274385E-02
 9.82235441E-02
 8.47743882E-02
 4.95060571E-02
 1.63693488E-01
 4.69106060E-02
 1.57533949E-01
 3.09336794E-01
 2.52510074E-01
 8.19305686E-02
 3.61810855E-02
 2.43711619E-02
 7.30017200E-02
 4.69106060E-02
 2.21314987E-01
 1.60415024E-01
 3.36104712E-02
 1.17757729E-01
 2.13727329E-01
 1.57297999E-01
 2.81836189E-02
 6.89657314E-02
 1.17757729E-01
 1.51436501E-01
 1.65096771E-01
 1.03538631E-01
 4.70037442E-03
 2.13727329E-01
 1.65096771E-01
 5.89254336E-03
 2.82953847E-02
 1.57297999E-01
 1.03538631E-01
 4.69106060E-02
 2.81836189E-02
 2.21314987E-01
 1.98266388E-01
 2.60476495E-02
 1.90622846E-03
 5.52185333E-02
 2.37254038E-02
 1.57533949E-01
 7.41317968E-02
 8.39796089E-02
 9.86333522E-02
 1.33951357E-01
 1.13026308E-01
 3.56843484E-02
 7.39951941E-02
 3.01208934E-02
 1.12082508E-01
 2.18750582E-02
 9.81862888E-02
 1.12082508E-01
 9.98627764E-02
 1.26537556E-01
 2.23103241E-01
 3.09535489E-01
 8.86365189E-02
 1.33541549E-01
 1.59272529E-01
 2.19775102E-01
 4.96054045E-02
 3.03195882E-02
 2.59116677E-01
 8.79410870E-02
 3.19221861E-01
 4.24331423E-01
 7.72097038E-01
 7.37772507E-01
 7.98672470E-01
 0.00000000E+00
 0.00000000E+00
 0.00000000E+00
 0.00000000E+00
 0.00000000E+00
 0.00000000E+00
 0.00000000E+00
 0.00000000E+00
 0.00000000E+00
 0.00000000E+00
 0.00000000E+00
 0.00000000E+00
 0.00000000E+00
 2.52609422E-01
 9.42496476E-02
 1.75720734E-03
 5.99872090E-02
 8.47743882E-02
 4.69106060E-02
 9.18653097E-02
 1.03253007E-01
 1.64550360E-01
 2.41445256E-01
 1.65941224E-01
 2.81836189E-02
 4.14154522E-03
 1.64550360E-01
 1.51436501E-01
 1.65096771E-01
 3.49516613E-02
 2.41445256E-01
 1.65096771E-01
 1.06177546E-03
 1.65941224E-01
 1.00558208E-01
 7.87514514E-02
 7.36971518E-02
 1.17757729E-01
 2.13727329E-01
 1.57297999E-01
 6.53892245E-02
 5.66839076E-02
 7.63298582E-02
 9.48581505E-02
 2.71342618E-03
 7.63298582E-02
 1.16298564E-02
 6.47062111E-02
 9.48581505E-02
 1.01998746E-01
 1.40942931E-01
 4.14154522E-03
 6.38617581E-02
 1.13088401E-01
 9.11698779E-02
 2.65443866E-02
 1.68455955E-02
 1.13374024E-01
 8.60783230E-02
 1.10840665E-01
 1.54553527E-01
 4.67398526E-01
 3.24238906E-01
 3.11472763E-01
 5.58698797E-01
 3.99097180E-01
 0.00000000E+00
 0.00000000E+00
 0.00000000E+00
 0.00000000E+00
 0.00000000E+00
 0.00000000E+00
 1.23358439E-01
 2.17881292E-02
 9.30202234E-02
 1.34348747E-01
 4.95060571E-02
 1.57533949E-01
 3.35111238E-02
 1.89883950E-01
 1.51436501E-01
 1.65096771E-01
 1.03538631E-01
 9.69941199E-02
 1.54416924E-01
 4.00556346E-02
 1.18043353E-01
 1.36733085E-01
 1.66885024E-01
 1.18043353E-01
 2.61407877E-03
 1.02942546E-01
 1.57533949E-01
 3.93726211E-02
 1.55162029E-01
 1.51436501E-01
 1.65096771E-01
 1.03507585E-02
 4.87609515E-02
 1.16298564E-02
 3.86771892E-02
 1.75907011E-02
 8.84874977E-02
 9.74411832E-02
 1.43724659E-01
 8.12351367E-02
 8.47619698E-02
 1.44867154E-01
 9.76274596E-02
 1.02917709E-01
 1.10840665E-01
 1.79142011E-01
 2.42475986E-01
 0.00000000E+00
 6.68080298E-01
 0.00000000E+00
 0.00000000E+00
 0.00000000E+00
 0.00000000E+00
 0.00000000E+00
 0.00000000E+00
 0.00000000E+00
 0.00000000E+00
 0.00000000E+00
 7.76586299E-02
 8.44266723E-02
 1.34348747E-01
 3.10274385E-02
 7.78697431E-02
 2.72739691E-01
 1.65096771E-01
 3.99687056E-02
 1.14429591E-01
 1.18043353E-01
 2.56005861E-02
 6.39114318E-02
 2.36527560E-01
 1.65096771E-01
 5.89254336E-03
 1.38806962E-01
 1.58769582E-02
 7.30638121E-02
 3.55980404E-01
 2.41457675E-01
 3.18973493E-01
 1.80185159E-01
 1.44867154E-01
 0.00000000E+00
 0.00000000E+00
 0.00000000E+00
 0.00000000E+00
 0.00000000E+00
 1.22961050E-01
 4.63269399E-02
 4.95060571E-02
 2.52652886E-02
 1.66239266E-01
 1.01023899E-02
 1.80781243E-01
 3.79382928E-03
 1.03538631E-01
 4.70130580E-01
 0.00000000E+00
 2.59265698E-01
 1.28276136E-01
 1.57533949E-01
 1.28276136E-01
 5.67956734E-02
 1.57533949E-01
 3.70435452E-01
 0.00000000E+00
 0.00000000E+00
 0.00000000E+00
 4.72266549E-01
 0.00000000E+00
 5.17767664E-01
 3.40978945E-01
 2.31299402E-01
 1.91957827E-01
 1.84208729E-01
 2.69895871E-01
 4.05107699E-01
 3.46343705E-01
 1.42731185E-01
 3.30268052E-02
 9.81676612E-03
 3.18843099E-02
 1.65307884E-01
 2.31299402E-01
 3.30268052E-02
 4.47373813E-02
 3.87765366E-02
 9.98131027E-02
 2.85692110E-01
 1.91957827E-01
 9.81676612E-03
 3.87765366E-02
 9.79255019E-02
 1.93746080E-01
 3.18843099E-02
 9.98131027E-02
 2.69895871E-01
 1.65307884E-01
 2.85692110E-01
 4.05107699E-01
 3.92689272E-01
 1.93795754E-01
 1.04258899E-01
 4.04033505E-02
 4.85746751E-02
 1.65307884E-01
 3.24139558E-01
 2.33037982E-01
 1.63612769E-02
 6.82578810E-02
 1.20564293E-01
 6.89222669E-04
 1.80284506E-01
 1.20651222E-01
 6.82578810E-02
 7.41938889E-02
 2.61594153E-02
 2.58644777E-01
 5.02387442E-02
 1.20564293E-01
 2.61594153E-02
 1.44171722E-01
 7.09278427E-02
 6.89222669E-04
 2.58644777E-01
 1.65307884E-01
 1.80284506E-01
 3.24139558E-01
 3.88019944E-01
 2.09393298E-01
 1.48766540E-01
 8.84129872E-02
 1.41911568E-01
 2.85692110E-01
 2.33435371E-01
 7.24180539E-02
 5.73917579E-02
 5.25237347E-02
 2.84425430E-01
 1.65655600E-01
 6.97108369E-02
 1.82867539E-01
 3.02084433E-01
 1.26959783E-01
 7.04062688E-02
 3.02084433E-01
 2.03705658E-01
 2.91181054E-01
 3.18476756E-01
 5.54327511E-01
 4.03667161E-01
 3.99171691E-01
 3.75477333E-01
 4.69236453E-01
 3.05040018E-01
 3.39290039E-01
 4.61959255E-01
 3.68100788E-01
 5.14936262E-01
 5.08006780E-01
 8.54555389E-01
 8.25148555E-01
 8.46781454E-01
 0.00000000E+00
 0.00000000E+00
 0.00000000E+00
 0.00000000E+00
 0.00000000E+00
 0.00000000E+00
 0.00000000E+00
 0.00000000E+00
 0.00000000E+00
 0.00000000E+00
 0.00000000E+00
 0.00000000E+00
 0.00000000E+00
 3.49522822E-01
 1.43327269E-01
 3.30268052E-02
 9.81676612E-03
 3.18843099E-02
 1.65307884E-01
 1.42135100E-01
 7.21075932E-02
 1.25183948E-01
 1.54541108E-01
 1.03383400E-02
 1.80284506E-01
 3.42189741E-02
 1.25183948E-01
 7.41938889E-02
 2.61594153E-02
 2.70100776E-03
 1.54541108E-01
 2.61594153E-02
 7.48023918E-02
 1.03383400E-02
 1.92131685E-01
 2.27971264E-01
 1.75534458E-02
 6.82578810E-02
 1.20564293E-01
 6.89222669E-04
 8.70966340E-02
 8.99528721E-02
 1.14702796E-01
 9.44855977E-02
 1.07357297E-02
 1.14702796E-01
 2.37254038E-02
 4.60537345E-02
 9.44855977E-02
 1.30337595E-01
 3.20861094E-01
 1.50008382E-01
 7.47775549E-02
 6.29552129E-02
 1.93522549E-01
 7.24180539E-02
 4.92949438E-02
 1.63395446E-01
 1.00756903E-01
 1.70449112E-01
 1.96776176E-01
 6.25460258E-01
 5.12080024E-01
 4.79866626E-01
 6.29309970E-01
 5.13719257E-01
 0.00000000E+00
 0.00000000E+00
 0.00000000E+00
 0.00000000E+00
 0.00000000E+00
 0.00000000E+00
 2.41681207E-01
 3.74974387E-02
 4.47373813E-02
 3.87765366E-02
 9.98131027E-02
 2.85692110E-01
 3.66033120E-02
 1.26972201E-01
 7.41938889E-02
 2.61594153E-02
 2.58644777E-01
 3.67895884E-02
 6.82330442E-02
 1.62998057E-01
 2.90162743E-01
 3.40078609E-02
 2.25829085E-02
 2.90162743E-01
 1.25246040E-01
 2.59836946E-01
 2.85692110E-01
 1.57484275E-01
 3.21202600E-02
 7.41938889E-02
 2.61594153E-02
 6.05708751E-02
 6.23963838E-02
 2.37254038E-02
 2.05524958E-03
 1.18037144E-02
 1.40644889E-01
 1.95900677E-02
 3.55781709E-01
 2.32640592E-01
 2.10188077E-01
 3.18476756E-01
 2.53255180E-01
 1.69902702E-01
 1.70449112E-01
 2.82214951E-01
 2.54894412E-01
 0.00000000E+00
 7.48104638E-01
 0.00000000E+00
 0.00000000E+00
 0.00000000E+00
 0.00000000E+00
 0.00000000E+00
 0.00000000E+00
 0.00000000E+00
 0.00000000E+00
 0.00000000E+00
 2.34925583E-01
 2.14776686E-02
 3.87765366E-02
 9.79255019E-02
 4.95929861E-02
 1.25631011E-01
 2.61594153E-02
 5.80871898E-02
 3.64294540E-02
 2.90162743E-01
 1.56043738E-01
 2.00253336E-01
 1.51318526E-02
 2.61594153E-02
 1.44171722E-01
 2.22209114E-01
 5.64727943E-02
 1.06121663E-01
 3.33726584E-01
 2.64829153E-01
 5.29838374E-01
 3.77985855E-01
 3.18476756E-01
 0.00000000E+00
 0.00000000E+00
 0.00000000E+00
 0.00000000E+00
 0.00000000E+00
 2.87579711E-01
 1.01030108E-01
 9.98131027E-02
 1.21495675E-01
 2.60228126E-02
 1.49486809E-01
 3.88069618E-01
 2.18334565E-01
 2.58644777E-01
 4.71372422E-01
 0.00000000E+00
 3.95172958E-01
 2.52932301E-01
 2.85692110E-01
 2.52932301E-01
 2.21414335E-01
 2.85692110E-01
 5.31725975E-01
 0.00000000E+00
 0.00000000E+00
 0.00000000E+00
 5.48565361E-01
 0.00000000E+00
