 4.57648803E-01
 2.77093839E-01
 1.59634889E-01
 1.39654216E-01
 1.60112696E-01
 2.61951533E-01
 3.99579699E-01
 2.75317727E-01
 7.13617340E-02
 1.89840017E-02
 4.64894564E-02
 1.45587458E-02
 1.59628980E-01
 1.57060981E-01
 1.98792017E-02
 5.55193352E-02
 4.84912485E-02
 9.56579316E-02
 2.85783053E-01
 1.36645191E-01
 4.83499674E-02
 4.98091804E-02
 9.17973559E-02
 1.57757308E-01
 1.30469206E-02
 9.44855375E-02
 2.62864200E-01
 1.61456792E-01
 2.87456810E-01
 4.04882161E-01
 2.73172405E-01
 6.86450906E-02
 2.23502501E-02
 4.86711393E-02
 1.39360981E-02
 1.59913247E-01
 3.21216575E-01
 6.60424792E-02
 1.29187778E-01
 1.53737387E-01
 1.75596871E-01
 1.83101174E-02
 1.80288504E-01
 2.63333224E-02
 1.55899362E-01
 7.98874011E-02
 2.96457188E-02
 2.61545286E-01
 5.27185154E-02
 1.78169237E-01
 3.02633064E-02
 1.44743129E-01
 1.17268597E-02
 1.90984773E-02
 2.62335117E-01
 1.62618793E-01
 1.83497488E-01
 3.30100879E-01
 1.54381651E-01
 2.40519421E-02
 6.09002715E-02
 5.05354785E-02
 9.67002331E-02
 2.87842530E-01
 2.71138749E-02
 1.58556864E-01
 8.37299139E-02
 3.09947694E-02
 2.61058303E-01
 6.53407666E-02
 8.64747093E-02
 1.64407687E-01
 2.93030216E-01
 5.33411519E-02
 3.23101258E-02
 2.94385101E-01
 9.70079840E-02
 2.61614162E-01
 2.92882268E-01
 1.33386959E-01
 5.28604667E-02
 5.40767096E-02
 9.26957660E-02
 5.49342074E-02
 1.81658650E-01
 3.28780013E-02
 5.54478450E-02
 3.35572838E-02
 2.96148454E-01
 9.55235761E-02
 1.56214179E-01
 1.13453964E-02
 9.38111376E-02
 3.53734467E-01
 1.09310299E-02
 1.95409567E-02
 2.62480957E-01
 9.55264028E-02
 2.62206503E-01
 2.69057385E-01
 1.68890662E-01
 2.94435661E-01
 1.70002845E-01
 1.90607417E-01
 2.97499341E-01
 4.20771105E-01
 2.73973057E-01
 6.97251351E-02
 2.09539366E-02
 4.78405386E-02
 1.40618342E-02
 1.59668162E-01
 6.71874846E-02
 1.27380550E-01
 1.52386669E-01
 1.74917639E-01
 1.82178897E-02
 1.79939381E-01
 2.49102532E-02
 1.54529070E-01
 8.01963152E-02
 3.02212867E-02
 5.19466342E-02
 1.77523684E-01
 3.08816629E-02
 1.17422723E-02
 1.90684947E-02
 1.62196167E-01
 6.39777086E-02
 1.32350021E-01
 1.55946548E-01
 1.76919756E-01
 1.86657687E-02
 1.36661767E-01
 2.16496695E-01
 1.48665416E-01
 1.14615620E-01
 1.61482012E-01
 1.51180110E-01
 2.39065150E-02
 1.81549806E-01
 1.16230531E-01
 1.98040991E-02
 3.02534712E-02
 1.61550034E-01
 8.36696153E-02
 3.04213491E-02
 1.64863147E-01
 1.54850954E-01
 2.49986454E-02
 8.62765541E-02
 2.57413607E-02
 1.46477055E-01
 3.03695310E-02
 5.71385695E-02
 1.83404604E-01
 3.21176146E-02
 1.85137270E-01
 1.18625139E-01
 3.12354604E-02
 1.04872336E-02
 1.97947199E-02
 2.64351112E-01
 1.96810902E-02
 1.71029634E-01
 1.55037055E-01
 2.26402510E-02
 5.88003202E-02
 5.00017089E-02
 9.59284258E-02
 2.86751074E-01
 2.57125994E-02
 1.56318010E-01
 8.24849251E-02
 3.11461038E-02
 2.60352407E-01
 6.34306532E-02
 8.52938958E-02
 1.63513586E-01
 2.91977846E-01
 5.31915354E-02
 3.26638070E-02
 2.93245216E-01
 9.58865562E-02
 2.60789611E-01
 2.91538545E-01
 3.02683516E-02
 1.60732629E-01
 8.21682031E-02
 3.00289512E-02
 1.64214743E-01
 1.53758346E-01
 2.46057461E-02
 8.50584107E-02
 2.54046816E-02
 1.45938681E-01
 3.02310692E-02
 7.08604245E-02
 8.98582182E-02
 1.65677777E-01
 2.94660846E-01
 8.98250183E-02
 2.67462864E-02
 1.47458870E-01
 1.67894783E-01
 1.48712776E-01
 2.99587793E-01
 5.73881886E-02
 3.34810533E-02
 2.98586108E-01
 3.19146347E-02
 1.13119970E-01
 3.02179042E-01
 9.73039792E-02
 2.64180944E-01
 2.66990513E-01
 3.00645715E-01
 1.33723510E-01
 5.19534795E-02
 5.30240456E-02
 9.15735001E-02
 5.43021034E-02
 1.80444066E-01
 3.28641624E-02
 5.50386812E-02
 3.38283759E-02
 2.94132580E-01
 9.36374113E-02
 5.73769317E-02
 1.83044059E-01
 3.15689853E-02
 1.46575503E-01
 1.85331484E-01
 1.18410655E-01
 1.12106408E-01
 3.12702428E-02
 1.12182785E-01
 5.73530239E-02
 3.35904254E-02
 2.97754488E-01
 3.22371898E-02
 1.12293337E-01
 3.01476297E-01
 9.83160966E-02
 3.68257510E-01
 1.55245142E-01
 1.06271034E-02
 9.32769757E-02
 9.72302365E-03
 2.02545497E-02
 9.43531457E-02
 9.04805208E-03
 2.07617433E-02
 2.64276377E-01
 2.11865613E-02
 9.70723382E-02
 2.64904136E-01
 1.64758829E-01
 2.91569329E-01
 1.65876374E-01
 1.87587782E-01
 2.95519930E-01
 1.67691780E-01
 1.89730897E-01
 1.92045386E-01
 3.01747788E-01
 4.14234955E-01
 3.47236471E-01
 4.08844686E-01
 2.55829242E-01
 1.27593985E-01
 1.00245243E-01
 6.52812969E-02
 1.60578835E-01
 3.07609963E-01
 2.54836849E-01
 7.29767143E-02
 2.91301913E-02
 8.13089771E-02
 9.50643348E-02
 4.42306967E-02
 1.26350803E-01
 2.87692763E-02
 9.77248402E-02
 1.39704443E-01
 5.16094138E-02
 1.59170319E-01
 9.85559176E-02
 8.15850460E-02
 1.40822004E-01
 3.40359351E-02
 6.37206870E-02
 9.55879921E-02
 5.27327292E-02
 1.62328864E-01
 4.71446333E-02
 1.61748249E-01
 3.13784339E-01
 2.53322250E-01
 7.16896529E-02
 3.17260624E-02
 8.39504934E-02
 9.64283419E-02
 4.38685956E-02
 2.20441085E-01
 7.01808133E-02
 1.22728896E-01
 1.73910573E-01
 2.50675326E-01
 1.70155265E-01
 2.84645859E-02
 3.40453195E-02
 1.74744258E-01
 1.56215403E-01
 1.68583037E-01
 1.06548856E-01
 8.72348472E-02
 2.52332698E-01
 1.69964694E-01
 5.49144104E-03
 9.87176664E-02
 1.70312132E-01
 1.06885750E-01
 4.69511250E-02
 3.29485506E-02
 2.30269615E-01
 1.24776041E-01
 3.08190636E-02
 1.01705466E-01
 1.41835827E-01
 5.07968478E-02
 1.60739412E-01
 3.35282904E-02
 1.75996343E-01
 1.58616909E-01
 1.68420322E-01
 1.07264608E-01
 1.05423591E-01
 1.60051076E-01
 4.12394972E-02
 1.21398083E-01
 1.45141789E-01
 1.69096357E-01
 1.22044603E-01
 5.10026693E-02
 1.08596381E-01
 1.66361684E-01
 9.61324321E-02
 8.50302110E-02
 1.45007548E-01
 3.37809772E-02
 8.80481123E-02
 2.54938396E-01
 1.72106842E-01
 1.47145408E-01
 1.71383137E-01
 1.22593140E-01
 3.21937176E-02
 6.19943003E-02
 9.76268026E-02
 5.38381663E-02
 2.27440820E-01
 9.92115515E-02
 1.70084846E-01
 1.07741111E-01
 5.27300752E-02
 1.08687663E-01
 1.68633773E-01
 5.49276651E-02
 1.69826529E-01
 5.52481742E-02
 4.20810348E-02
 1.72445130E-01
 3.30466562E-01
 2.54141887E-01
 7.23734406E-02
 3.05209593E-02
 8.27505884E-02
 9.58793423E-02
 4.39758229E-02
 7.10228425E-02
 1.20532397E-01
 1.71727778E-01
 2.48823704E-01
 1.68900850E-01
 2.89741899E-02
 3.27084861E-02
 1.72504849E-01
 1.55538570E-01
 1.68053582E-01
 8.59559323E-02
 2.50401615E-01
 1.69402985E-01
 9.81675109E-02
 1.69002348E-01
 4.69492805E-02
 6.96037761E-02
 1.26010204E-01
 1.77181069E-01
 2.53442374E-01
 1.71940148E-01
 1.31137633E-01
 1.36146219E-01
 7.81838872E-02
 9.58537719E-02
 1.83375028E-01
 8.01638579E-02
 1.20421209E-02
 2.60261877E-01
 9.75965445E-02
 1.75666242E-01
 3.59034586E-02
 1.80009074E-01
 1.59943799E-01
 1.69284901E-01
 1.85379380E-01
 8.34397895E-02
 1.22003986E-02
 1.63659140E-01
 1.21909604E-02
 9.32335854E-02
 1.71512179E-01
 9.09369932E-02
 2.58719108E-01
 1.73340541E-01
 2.63690751E-01
 1.00448571E-01
 1.74035723E-01
 1.00528766E-01
 1.72581137E-01
 1.07997727E-01
 1.75696649E-01
 5.56775768E-02
 1.25600909E-01
 2.98072808E-02
 9.98903947E-02
 1.40999996E-01
 5.13566523E-02
 1.59945362E-01
 3.23491399E-02
 1.73250481E-01
 1.56930638E-01
 1.68117116E-01
 1.06845486E-01
 1.03616545E-01
 1.58364374E-01
 4.08556751E-02
 1.20537198E-01
 1.44525766E-01
 1.68911851E-01
 1.21122892E-01
 5.18259938E-02
 1.08108480E-01
 1.65369944E-01
 3.59737226E-02
 1.79545145E-01
 1.59019101E-01
 1.69562493E-01
 1.85115760E-01
 8.23737208E-02
 1.22007020E-02
 1.63098980E-01
 1.22224133E-02
 9.30070630E-02
 1.72126928E-01
 1.10092935E-01
 1.63695681E-01
 4.18492212E-02
 1.22847530E-01
 1.66225838E-01
 1.22052895E-02
 9.37200901E-02
 4.30210238E-02
 9.43696917E-02
 1.26597049E-01
 1.50006182E-01
 1.72102789E-01
 1.24683862E-01
 1.73585432E-01
 7.97178580E-02
 1.27752187E-01
 5.15791354E-02
 1.10159663E-01
 1.10734336E-01
 1.75078931E-01
 9.72065783E-02
 8.36473848E-02
 1.43489038E-01
 3.42941855E-02
 8.66913209E-02
 2.52232943E-01
 1.70929324E-01
 1.46012672E-01
 1.70415536E-01
 1.21406060E-01
 3.33314173E-02
 9.07997095E-02
 2.58185029E-01
 1.72884084E-01
 4.39613391E-03
 2.63881143E-01
 9.97400538E-02
 7.80000446E-02
 1.74315508E-01
 7.84861968E-02
 1.49624053E-01
 1.71523247E-01
 1.24458765E-01
 1.73367814E-01
 7.94018992E-02
 1.27675737E-01
 3.08882766E-02
 2.42089571E-01
 6.21053838E-02
 9.74432698E-02
 5.38978123E-02
 9.94219878E-02
 1.69344029E-01
 5.33409505E-02
 1.01445002E-01
 1.73492546E-01
 1.07663017E-01
 1.77567905E-01
 5.15726852E-02
 1.65148403E-01
 5.11689500E-02
 1.66840737E-01
 5.15984393E-02
 3.95520914E-02
 1.70627408E-01
 5.24867404E-02
 3.92300079E-02
 3.91378223E-02
 1.76230050E-01
 3.24111464E-01
 2.49132075E-01
 3.36736257E-01
 2.05716218E-01
 1.01767723E-01
 1.07912577E-01
 3.39118813E-02
 1.22731420E-01
 2.66343852E-01
 2.05529386E-01
 2.98043247E-02
 2.85143769E-02
 4.24302321E-02
 1.19368769E-01
 8.33033670E-03
 1.00934639E-01
 2.82929253E-02
 6.98353872E-02
 1.04395142E-01
 8.47504161E-02
 1.26234861E-01
 1.07297783E-01
 4.16228430E-02
 1.04460996E-01
 3.34115086E-02
 3.28874329E-02
 1.19649965E-01
 8.56215210E-02
 1.24733181E-01
 1.11441783E-02
 1.29232465E-01
 2.72484306E-01
 2.04701946E-01
 3.06076968E-02
 2.95332476E-02
 4.47057287E-02
 1.20595243E-01
 8.14487401E-03
 1.83764928E-01
 3.09114698E-02
 2.08613150E-01
 2.06332593E-01
 2.53098620E-01
 2.53379785E-01
 6.85485827E-02
 3.06079375E-02
 2.07430535E-01
 1.69197599E-01
 1.79867331E-01
 3.66067780E-02
 4.65822478E-02
 2.54004819E-01
 1.80948761E-01
 2.54535067E-02
 1.22574812E-01
 2.53420601E-01
 3.66371614E-02
 1.13580832E-02
 6.36899423E-02
 1.93663646E-01
 9.95569606E-02
 2.89048547E-02
 7.27412948E-02
 1.07225547E-01
 8.44535937E-02
 1.27240795E-01
 3.02621807E-02
 2.09210171E-01
 1.71400529E-01
 1.79483773E-01
 3.79363267E-02
 7.58390901E-02
 1.72657718E-01
 2.45209510E-02
 8.72449144E-02
 1.10413914E-01
 1.79555545E-01
 8.77295104E-02
 8.51242221E-02
 3.96174740E-02
 1.32750998E-01
 1.06026571E-01
 4.30922261E-02
 1.07565233E-01
 3.41389256E-02
 4.58648392E-02
 2.55602952E-01
 1.82240160E-01
 1.10672656E-01
 1.81203375E-01
 8.79688639E-02
 3.43579155E-02
 3.13623610E-02
 1.21458389E-01
 8.68733801E-02
 1.85648672E-01
 1.23039540E-01
 2.53040685E-01
 3.78158063E-02
 8.64865462E-02
 3.94318261E-02
 1.30697448E-01
 1.86994360E-02
 1.37517336E-01
 1.91994619E-02
 5.37797976E-02
 1.39592094E-01
 2.88568017E-01
 2.05233820E-01
 3.03162643E-02
 2.90532974E-02
 4.36065600E-02
 1.20085551E-01
 8.18402926E-03
 3.07887891E-02
 2.07274991E-01
 2.04415233E-01
 2.50959980E-01
 2.51646388E-01
 6.77112123E-02
 3.00215090E-02
 2.05492244E-01
 1.68404867E-01
 1.78828005E-01
 4.53765649E-02
 2.51757057E-01
 1.79825429E-01
 1.22040945E-01
 2.51591007E-01
 1.12952524E-02
 3.20346993E-02
 2.10926981E-01
 2.09411091E-01
 2.56248123E-01
 2.55815320E-01
 2.14695732E-01
 2.82924425E-01
 1.25317882E-01
 8.41883746E-02
 2.15523500E-01
 1.28279633E-01
 1.95148408E-02
 2.63206693E-01
 8.55475996E-02
 2.60941310E-01
 3.13706194E-02
 2.12882405E-01
 1.72922531E-01
 1.80980911E-01
 2.17884965E-01
 1.33164048E-01
 1.95418327E-02
 1.76842659E-01
 1.94265969E-02
 7.38215841E-02
 1.84001261E-01
 4.86853516E-02
 2.59957474E-01
 1.84443527E-01
 2.65869670E-01
 8.78937051E-02
 1.86282422E-01
 1.24342211E-01
 2.56528529E-01
 3.69496773E-02
 2.61112545E-01
 1.98169308E-02
 1.00407460E-01
 2.85393122E-02
 7.13122630E-02
 1.05902631E-01
 8.47138467E-02
 1.26752890E-01
 2.96515567E-02
 2.06651794E-01
 1.69688728E-01
 1.78760217E-01
 3.77565929E-02
 7.43707734E-02
 1.70954733E-01
 2.43016020E-02
 8.65670233E-02
 1.09205597E-01
 1.78906607E-01
 8.70158446E-02
 8.55908911E-02
 3.93934435E-02
 1.32105054E-01
 3.11752375E-02
 2.12280703E-01
 1.72098245E-01
 1.81354154E-01
 2.17504764E-01
 1.31588425E-01
 1.95767051E-02
 1.76439798E-01
 1.94792912E-02
 7.35898161E-02
 1.84756230E-01
 7.99276260E-02
 1.76371522E-01
 2.49445376E-02
 8.85058813E-02
 1.79322955E-01
 1.93102812E-02
 7.43200982E-02
 2.57439814E-02
 7.50092424E-02
 9.15751349E-02
 1.14879133E-01
 1.82771021E-01
 8.97251444E-02
 1.85732460E-01
 1.05411574E-01
 9.22275935E-02
 8.62020982E-02
 4.03612908E-02
 3.94394185E-02
 1.41566215E-01
 1.07125079E-01
 4.21610896E-02
 1.06139048E-01
 3.38995841E-02
 4.47521708E-02
 2.52826666E-01
 1.80715622E-01
 1.09411450E-01
 1.79841902E-01
 8.71978213E-02
 3.45686062E-02
 4.85368250E-02
 2.59656039E-01
 1.84238400E-01
 2.49305223E-02
 2.66361849E-01
 8.73521348E-02
 1.03550755E-01
 1.86870920E-01
 1.04044324E-01
 1.14851330E-01
 1.82257664E-01
 8.97074002E-02
 1.85654867E-01
 1.04787876E-01
 9.23714797E-02
 3.53842364E-02
 1.98422178E-01
 3.18412005E-02
 1.21137369E-01
 8.67236506E-02
 1.23010920E-01
 2.51814296E-01
 8.68328876E-02
 1.24896793E-01
 2.57531557E-01
 3.64473661E-02
 2.63359209E-01
 8.63115125E-02
 1.27573900E-01
 1.50418216E-02
 1.34548021E-01
 1.57369112E-02
 5.63796127E-02
 1.37858541E-01
 1.69558985E-02
 5.75643506E-02
 5.86847191E-02
 1.42435378E-01
 2.82454140E-01
 2.12626368E-01
 2.93685319E-01
 2.10261083E-01
 6.42709285E-02
 6.19669917E-02
 6.02858467E-03
 1.03173745E-01
 2.39654135E-01
 2.09890608E-01
 8.33599243E-02
 7.61142338E-04
 2.18684743E-02
 1.11437856E-01
 3.09716464E-02
 6.30856568E-02
 1.35586367E-03
 8.46585711E-02
 1.22271808E-01
 1.26370894E-01
 1.09503545E-01
 6.09201800E-02
 2.09113636E-02
 1.21960143E-01
 8.15567253E-02
 7.19133671E-03
 1.11664145E-01
 1.27166557E-01
 1.04963137E-01
 3.34598441E-02
 1.12766906E-01
 2.45260826E-01
 2.08391390E-01
 8.52349430E-02
 3.73255615E-04
 2.42688377E-02
 1.12654198E-01
 3.09530235E-02
 1.93795331E-01
 8.65889368E-02
 1.58199146E-01
 1.57799942E-01
 2.28666579E-01
 2.65747948E-01
 7.49043851E-02
 9.15738334E-04
 1.59186552E-01
 1.39959243E-01
 1.61532001E-01
 1.63014004E-02
 2.58437806E-02
 2.30146302E-01
 1.62614104E-01
 2.53277803E-02
 1.14455586E-01
 2.66110106E-01
 1.61495619E-02
 3.40639139E-02
 7.03181172E-02
 2.03094781E-01
 6.13097120E-02
 1.53052388E-03
 8.79391192E-02
 1.26157220E-01
 1.26638990E-01
 1.09987238E-01
 3.17410752E-04
 1.61257192E-01
 1.42009510E-01
 1.61323754E-01
 1.77023643E-02
 9.16041439E-02
 1.43375075E-01
 2.45567771E-02
 8.72468525E-02
 1.30097367E-01
 1.61755842E-01
 8.77275563E-02
 1.27891450E-01
 1.91942300E-02
 1.15226510E-01
 5.94121539E-02
 2.18115451E-02
 1.25245296E-01
 8.35184918E-02
 2.44469761E-02
 2.32556862E-01
 1.64103681E-01
 1.29446536E-01
 1.63413197E-01
 8.79632565E-02
 8.54488462E-02
 8.64599562E-03
 1.13249297E-01
 1.28642493E-01
 1.33354626E-01
 1.14735267E-01
 2.66145734E-01
 1.71721005E-02
 1.28864931E-01
 1.87858294E-02
 1.10379135E-01
 4.02625166E-02
 1.21090610E-01
 4.09433308E-02
 6.09380559E-02
 1.22652433E-01
 2.60277553E-01
 2.09188434E-01
 8.45989389E-02
 1.88493892E-04
 2.30681573E-02
 1.12133227E-01
 3.09316279E-02
 8.61015615E-02
 1.58145187E-01
 1.56623749E-01
 2.27152440E-01
 2.64186040E-01
 7.41659593E-02
 3.03079096E-04
 1.57996407E-01
 1.39466365E-01
 1.60741493E-01
 2.45794558E-02
 2.28537861E-01
 1.61743018E-01
 1.13926951E-01
 2.64452583E-01
 3.39428835E-02
 8.83790861E-02
 1.58424904E-01
 1.59700094E-01
 2.30885274E-01
 2.67933006E-01
 1.59330540E-01
 3.79759649E-01
 1.74160142E-01
 1.46177205E-01
 1.64266727E-01
 1.78281148E-01
 4.08998100E-02
 2.36873072E-01
 1.48527553E-01
 2.73013745E-01
 1.07656478E-03
 1.63689868E-01
 1.43007421E-01
 1.62420327E-01
 1.66884970E-01
 1.84988084E-01
 4.11264681E-02
 1.46166555E-01
 4.11367352E-02
 5.42529525E-02
 1.65127691E-01
 2.76651155E-02
 2.35827553E-01
 1.65861197E-01
 2.40224120E-01
 1.52427425E-01
 1.67375651E-01
 1.16124949E-01
 2.69371196E-01
 1.61569680E-02
 2.73610428E-01
 4.16633777E-02
 6.22734468E-02
 1.66696015E-03
 8.63512976E-02
 1.24317373E-01
 1.26641589E-01
 1.09762617E-01
 7.49158988E-04
 1.59350507E-01
 1.40652685E-01
 1.60754236E-01
 1.75333797E-02
 8.99863391E-02
 1.42019817E-01
 2.43340134E-02
 8.65754438E-02
 1.28369640E-01
 1.61245185E-01
 8.70219432E-02
 1.28104921E-01
 1.89975953E-02
 1.14862194E-01
 1.03663671E-03
 1.62959632E-01
 1.42210426E-01
 1.62681736E-01
 1.66261446E-01
 1.82863268E-01
 4.10961412E-02
 1.45683096E-01
 4.11284469E-02
 5.40236747E-02
 1.65694182E-01
 9.64523782E-02
 1.46530172E-01
 2.49981327E-02
 8.85030638E-02
 1.48537038E-01
 4.11457191E-02
 5.47246644E-02
 2.58142425E-02
 5.54273685E-02
 9.15469680E-02
 1.35232269E-01
 1.64850604E-01
 8.97037049E-02
 1.67103205E-01
 9.14712129E-02
 9.21937677E-02
 1.29338204E-01
 1.95698664E-02
 1.85099977E-02
 1.24041173E-01
 6.04490316E-02
 2.10715037E-02
 1.23722670E-01
 8.26841051E-02
 2.34070487E-02
 2.30191664E-01
 1.62731998E-01
 1.28057335E-01
 1.62195735E-01
 8.72065153E-02
 8.50531082E-02
 2.75381610E-02
 2.35256255E-01
 1.65532143E-01
 2.47288403E-02
 2.40317120E-01
 1.51530278E-01
 8.99700514E-02
 1.67753530E-01
 9.03075697E-02
 1.35549055E-01
 1.64348211E-01
 8.96916958E-02
 1.67016315E-01
 9.07649654E-02
 9.23423757E-02
 8.87905080E-02
 1.44408911E-01
 8.25785677E-03
 1.12900964E-01
 1.28464471E-01
 1.14596865E-01
 2.64963478E-01
 1.29225686E-01
 1.16512360E-01
 2.70232039E-01
 1.57282909E-02
 2.75677493E-01
 1.29743724E-01
 1.07382275E-01
 3.69619640E-02
 1.18103229E-01
 3.79128381E-02
 6.35741129E-02
 1.20893896E-01
 3.92859220E-02
 6.44316045E-02
 6.52476165E-02
 1.24539892E-01
 2.54310785E-01
 2.20877959E-01
 2.50523603E-01
 2.14822391E-01
 2.66794228E-02
 1.59039635E-02
 4.60690644E-02
 8.35713891E-02
 2.12897752E-01
 2.14266904E-01
 1.37069194E-01
 3.01278025E-02
 1.23809835E-03
 1.03471787E-01
 5.36900124E-02
 2.51337155E-02
 3.10973148E-02
 9.95120525E-02
 1.40187545E-01
 1.68101602E-01
 9.27329905E-02
 1.44133299E-02
 1.27646400E-04
 1.39498053E-01
 1.29835907E-01
 4.73816452E-02
 1.03639160E-01
 1.68827892E-01
 8.51420444E-02
 5.58629858E-02
 9.62598779E-02
 2.17956731E-01
 2.12095309E-01
 1.40023969E-01
 2.88781606E-02
 3.76255865E-03
 1.04676783E-01
 5.38422712E-02
 2.03866796E-01
 1.42434846E-01
 1.07627335E-01
 1.09109167E-01
 2.04145784E-01
 2.78138502E-01
 8.12654864E-02
 2.88732273E-02
 1.10781943E-01
 1.10612262E-01
 1.43121124E-01
 4.05593856E-03
 5.02850860E-03
 2.06195095E-01
 1.44200795E-01
 2.51856751E-02
 1.06293033E-01
 2.78824249E-01
 4.39364705E-03
 5.68676284E-02
 7.69514514E-02
 2.12576909E-01
 2.29494154E-02
 3.20654724E-02
 1.03178379E-01
 1.45138755E-01
 1.68947123E-01
 9.26899372E-02
 3.09996752E-02
 1.13140847E-01
 1.12509639E-01
 1.43088155E-01
 2.58654786E-03
 1.07416393E-01
 1.13981158E-01
 2.46088099E-02
 8.72643073E-02
 1.49838238E-01
 1.43875609E-01
 8.77422271E-02
 1.70801332E-01
 1.29017336E-03
 9.76501326E-02
 1.26429119E-02
 4.55029943E-04
 1.42979451E-01
 1.33061382E-01
 2.95312502E-03
 2.09422944E-01
 1.45887230E-01
 1.48289208E-01
 1.45546343E-01
 8.79759296E-02
 1.36733279E-01
 4.87974461E-02
 1.05002288E-01
 1.70565018E-01
 8.08632785E-02
 1.06391826E-01
 2.79294626E-01
 3.54508592E-03
 1.71414807E-01
 1.93916412E-03
 8.99854383E-02
 6.19275043E-02
 1.04600506E-01
 6.27954668E-02
 6.81166081E-02
 1.05642144E-01
 2.31865113E-01
 2.13157317E-01
 1.39040539E-01
 2.95234383E-02
 2.45953749E-03
 1.04144704E-01
 5.37584460E-02
 1.41578153E-01
 1.08863478E-01
 1.08677121E-01
 2.03258493E-01
 2.76747921E-01
 8.06264163E-02
 2.95105455E-02
 1.10345331E-01
 1.10422568E-01
 1.42581972E-01
 3.70688685E-03
 2.05230012E-01
 1.43584658E-01
 1.05770736E-01
 2.77339117E-01
 5.66858366E-02
 1.44897808E-01
 1.05754708E-01
 1.09823072E-01
 2.05428149E-01
 2.80072446E-01
 1.03784350E-01
 4.76895980E-01
 2.23147619E-01
 2.08355760E-01
 1.12830608E-01
 2.28439571E-01
 6.23415589E-02
 2.10431962E-01
 2.11716023E-01
 2.85109354E-01
 2.93220462E-02
 1.14324947E-01
 1.12977972E-01
 1.43780038E-01
 1.15700674E-01
 2.36988343E-01
 6.27754430E-02
 1.15366020E-01
 6.29162756E-02
 3.46276447E-02
 1.46162329E-01
 6.56748888E-03
 2.11602144E-01
 1.47193641E-01
 2.14478879E-01
 2.17216131E-01
 1.48386846E-01
 1.07866834E-01
 2.82257224E-01
 4.71154458E-03
 2.86153380E-01
 6.36235686E-02
 2.40295894E-02
 3.19707681E-02
 1.01422166E-01
 1.42774115E-01
 1.68685190E-01
 9.27308423E-02
 3.12469741E-02
 1.11892502E-01
 1.11508065E-01
 1.42673310E-01
 2.74174379E-03
 1.05646039E-01
 1.12979220E-01
 2.43814736E-02
 8.65983114E-02
 1.47586790E-01
 1.43507336E-01
 8.70435034E-02
 1.70754813E-01
 1.45703910E-03
 9.75702799E-02
 2.92026752E-02
 1.13467434E-01
 1.12205191E-01
 1.43927697E-01
 1.14837511E-01
 2.34306721E-01
 6.26741327E-02
 1.14803793E-01
 6.28447329E-02
 3.44018608E-02
 1.46541471E-01
 1.13032410E-01
 1.16570014E-01
 2.50698639E-02
 8.85175498E-02
 1.17625816E-01
 6.30561656E-02
 3.50709453E-02
 2.58989068E-02
 3.57801394E-02
 9.15366585E-02
 1.55665714E-01
 1.46847076E-01
 8.97028888E-02
 1.48391370E-01
 7.74724855E-02
 9.21653705E-02
 1.72662122E-01
 1.30662588E-03
 2.51119582E-03
 1.06437896E-01
 1.36254464E-02
 9.15192379E-05
 1.41347373E-01
 1.31614311E-01
 1.99274976E-03
 2.07473837E-01
 1.44667645E-01
 1.46767060E-01
 1.44478862E-01
 8.72315425E-02
 1.35716322E-01
 6.46729842E-03
 2.10762064E-01
 1.46737240E-01
 2.45077278E-02
 2.14176856E-01
 2.15948457E-01
 7.63547173E-02
 1.48556862E-01
 7.65191384E-02
 1.56326437E-01
 1.46357730E-01
 8.96958181E-02
 1.48297003E-01
 7.66847441E-02
 9.23185989E-02
 1.42429354E-01
 9.01316433E-02
 4.84908755E-02
 1.04626863E-01
 1.70334314E-01
 1.06149477E-01
 2.78150879E-01
 1.71775350E-01
 1.08091856E-01
 2.82970183E-01
 5.05318729E-03
 2.88039035E-01
 1.73356823E-01
 8.71205746E-02
 5.89761276E-02
 1.01611934E-01
 6.01833344E-02
 7.07856307E-02
 1.03864897E-01
 6.17185111E-02
 7.13144025E-02
 7.18280973E-02
 1.06568107E-01
 2.26058614E-01
 2.29179807E-01
 2.50257939E-01
 2.14952134E-01
 2.64426954E-02
 1.55685795E-02
 4.63385187E-02
 8.34498441E-02
 2.12713755E-01
 2.14392451E-01
 1.37596776E-01
 3.04192792E-02
 1.04942652E-03
 1.03371361E-01
 5.38857552E-02
 2.48785489E-02
 3.14044905E-02
 9.96110102E-02
 1.40313610E-01
 1.68415720E-01
 9.25887224E-02
 1.40405691E-02
 6.59717258E-05
 1.39616124E-01
 1.30216386E-01
 4.76788596E-02
 1.03527924E-01
 1.69152131E-01
 8.49795163E-02
 5.60506211E-02
 9.60873516E-02
 2.17673158E-01
 2.12204285E-01
 1.40593573E-01
 2.91807067E-02
 3.55547325E-03
 1.04564401E-01
 5.40512328E-02
 2.03958977E-01
 1.43048524E-01
 1.07074813E-01
 1.08622005E-01
 2.03880886E-01
 2.78197822E-01
 8.13119070E-02
 2.92162628E-02
 1.10283165E-01
 1.10332369E-01
 1.42945997E-01
 4.24022784E-03
 4.78022865E-03
 2.05928486E-01
 1.44011411E-01
 2.51941182E-02
 1.06146077E-01
 2.78901694E-01
 4.59662220E-03
 5.70830701E-02
 7.70526090E-02
 2.12590123E-01
 2.26681268E-02
 3.24243171E-02
 1.03274979E-01
 1.45285431E-01
 1.69306764E-01
 9.25113203E-02
 3.13843157E-02
 1.12615074E-01
 1.12191829E-01
 1.42910631E-01
 2.78574819E-03
 1.07512884E-01
 1.13647644E-01
 2.46016135E-02
 8.72346543E-02
 1.49999249E-01
 1.43698606E-01
 8.77076506E-02
 1.71228729E-01
 1.53258149E-03
 9.73839434E-02
 1.22205056E-02
 2.05961411E-04
 1.43094784E-01
 1.33526245E-01
 2.66525804E-03
 2.09145680E-01
 1.45672936E-01
 1.48425134E-01
 1.45346794E-01
 8.79390426E-02
 1.37312024E-01
 4.91412776E-02
 1.04846628E-01
 1.70954528E-01
 8.03120174E-02
 1.06213148E-01
 2.79402273E-01
 3.79302229E-03
 1.71863927E-01
 2.21148360E-03
 8.97095234E-02
 6.20837068E-02
 1.04315926E-01
 6.29632626E-02
 6.83380518E-02
 1.05300267E-01
 2.31316682E-01
 2.13272049E-01
 1.39595754E-01
 2.98228681E-02
 2.25873619E-03
 1.04036306E-01
 5.39622497E-02
 1.42175538E-01
 1.08369199E-01
 1.08234639E-01
 2.03031442E-01
 2.76822791E-01
 8.06802142E-02
 2.98475923E-02
 1.09892618E-01
 1.10161516E-01
 1.42424015E-01
 3.46777267E-03
 2.05004210E-01
 1.43413974E-01
 1.05628968E-01
 2.77433343E-01
 5.68963076E-02
 1.45532716E-01
 1.05102905E-01
 1.09261230E-01
 2.05101364E-01
 2.80105503E-01
 1.02985786E-01
 4.77666921E-01
 2.23544830E-01
 2.08879614E-01
 1.12132337E-01
 2.28864470E-01
 6.25355930E-02
 2.09984822E-01
 2.12300059E-01
 2.85106325E-01
 2.97137028E-02
 1.13712773E-01
 1.12621281E-01
 1.43571637E-01
 1.14962230E-01
 2.37454913E-01
 6.29851898E-02
 1.14924731E-01
 6.31390596E-02
 3.43913726E-02
 1.45894663E-01
 6.26135972E-03
 2.11240418E-01
 1.46937919E-01
 2.13996760E-01
 2.17899362E-01
 1.48085384E-01
 1.07675769E-01
 2.82329002E-01
 4.96508839E-03
 2.86176441E-01
 6.37982624E-02
 2.37572183E-02
 3.23086304E-02
 1.01520850E-01
 1.42910419E-01
 1.69022823E-01
 9.25687072E-02
 3.16091889E-02
 1.11427345E-01
 1.11227347E-01
 1.42514174E-01
 2.93281383E-03
 1.05745776E-01
 1.12683629E-01
 2.43754972E-02
 8.65740176E-02
 1.47734675E-01
 1.43347887E-01
 8.70150748E-02
 1.71153651E-01
 1.68795065E-03
 9.73271708E-02
 2.95775726E-02
 1.12869585E-01
 1.11866022E-01
 1.43719976E-01
 1.14110170E-01
 2.34758440E-01
 6.28772192E-02
 1.14375525E-01
 6.30605159E-02
 3.41719785E-02
 1.46268819E-01
 1.13126552E-01
 1.16168287E-01
 2.50599342E-02
 8.84770098E-02
 1.17150631E-01
 6.32911521E-02
 3.48231234E-02
 2.58824911E-02
 3.55175566E-02
 9.14659258E-02
 1.55832429E-01
 1.46616869E-01
 8.96497077E-02
 1.48099352E-01
 7.72371671E-02
 9.20871948E-02
 1.73176295E-01
 1.61053140E-03
 2.82481714E-03
 1.06042753E-01
 1.32176031E-02
 3.13553178E-04
 1.41463836E-01
 1.32038260E-01
 1.73209598E-03
 2.07248866E-01
 1.44484283E-01
 1.46901103E-01
 1.44308224E-01
 8.72017606E-02
 1.36240536E-01
 6.17866557E-03
 2.10410297E-01
 1.46492435E-01
 2.45161730E-02
 2.13697802E-01
 2.16594453E-01
 7.61692922E-02
 1.48258457E-01
 7.63172160E-02
 1.56502979E-01
 1.46137907E-01
 8.96433648E-02
 1.48012529E-01
 7.64555614E-02
 9.22404625E-02
 1.43144571E-01
 8.92599491E-02
 4.88132048E-02
 1.04486104E-01
 1.70692227E-01
 1.05982190E-01
 2.78262338E-01
 1.72185661E-01
 1.07905515E-01
 2.83026185E-01
 5.28640765E-03
 2.88036170E-01
 1.73860689E-01
 8.68989473E-02
 5.91512087E-02
 1.01376145E-01
 6.03720928E-02
 7.09688831E-02
 1.03567538E-01
 6.19159814E-02
 7.14825447E-02
 7.19788219E-02
 1.06174695E-01
 2.25621032E-01
 2.29034381E-01
 2.93058114E-01
 2.10632532E-01
 6.37112030E-02
 6.11467358E-02
 6.67376848E-03
 1.02889758E-01
 2.39213311E-01
 2.10249794E-01
 8.47229668E-02
 1.51416011E-03
 2.13887611E-02
 1.11170252E-01
 3.14617099E-02
 6.24796637E-02
 2.15125434E-03
 8.48917155E-02
 1.22572229E-01
 1.27129730E-01
 1.09145263E-01
 6.00046462E-02
 2.04223515E-02
 1.22235961E-01
 8.24793635E-02
 7.90031018E-03
 1.11367428E-01
 1.27944475E-01
 1.04569648E-01
 3.39142841E-02
 1.12330071E-01
 2.44546112E-01
 2.08702959E-01
 8.67109553E-02
 4.08709115E-04
 2.37367176E-02
 1.12352093E-01
 3.14780521E-02
 1.94026465E-01
 8.81863213E-02
 1.56764854E-01
 1.56556229E-01
 2.27982929E-01
 2.65869069E-01
 7.50142477E-02
 2.19826102E-05
 1.57913290E-01
 1.39256861E-01
 1.61094049E-01
 1.58461780E-02
 2.51978478E-02
 2.29462101E-01
 1.62136356E-01
 2.53540972E-02
 1.14055353E-01
 2.66277984E-01
 1.56464199E-02
 3.45899584E-02
 7.05865127E-02
 2.03080868E-01
 6.06409513E-02
 2.46638758E-03
 8.81576694E-02
 1.26507494E-01
 1.27515192E-01
 1.09535133E-01
 1.32558091E-03
 1.59911899E-01
 1.41200454E-01
 1.60881918E-01
 1.72067236E-02
 9.18145892E-02
 1.42523459E-01
 2.45346418E-02
 8.71574131E-02
 1.30476728E-01
 1.61320700E-01
 8.76233005E-02
 1.28935399E-01
 1.85825846E-02
 1.14530992E-01
 5.83784235E-02
 2.11723937E-02
 1.25500115E-01
 8.46549706E-02
 2.36959540E-02
 2.31848401E-01
 1.63559624E-01
 1.29749723E-01
 1.62915540E-01
 8.78520154E-02
 8.68838875E-02
 9.45519791E-03
 1.12828525E-01
 1.29571377E-01
 1.32005782E-01
 1.14247860E-01
 2.66390354E-01
 1.65537239E-02
 1.29947228E-01
 1.81000192E-02
 1.09677285E-01
 4.05934759E-02
 1.20341994E-01
 4.13014248E-02
 6.15553689E-02
 1.21745420E-01
 2.58829274E-01
 2.09516481E-01
 8.60375013E-02
 9.63065168E-04
 2.25536968E-02
 1.11842483E-01
 3.14433614E-02
 8.76562531E-02
 1.56875952E-01
 1.55506795E-01
 2.26577552E-01
 2.64354203E-01
 7.42980967E-02
 5.75246326E-04
 1.56853691E-01
 1.38816457E-01
 1.60352205E-01
 2.39593136E-02
 2.27970837E-01
 1.61318369E-01
 1.13541416E-01
 2.64671365E-01
 3.44568938E-02
 9.00315706E-02
 1.56707160E-01
 1.58242699E-01
 2.30022770E-01
 2.67975013E-01
 1.57192822E-01
 3.81612718E-01
 1.75116814E-01
 1.47446279E-01
 1.62422495E-01
 1.79306853E-01
 4.13739915E-02
 2.35666951E-01
 1.49949067E-01
 2.72938539E-01
 4.98873238E-05
 1.62097628E-01
 1.42088292E-01
 1.61890398E-01
 1.64931673E-01
 1.86116270E-01
 4.16410441E-02
 1.45009368E-01
 4.16850474E-02
 5.36540371E-02
 1.64433818E-01
 2.68606419E-02
 2.34875325E-01
 1.65198450E-01
 2.38924451E-01
 1.54098894E-01
 1.66586875E-01
 1.15601584E-01
 2.69506745E-01
 1.55273936E-02
 2.73597989E-01
 4.20356154E-02
 6.16240672E-02
 2.54638927E-03
 8.65797521E-02
 1.24642498E-01
 1.27461021E-01
 1.09355428E-01
 1.69676119E-03
 1.58174774E-01
 1.39947496E-01
 1.60363187E-01
 1.70579099E-02
 9.02105946E-02
 1.41274149E-01
 2.43156034E-02
 8.65021143E-02
 1.28716676E-01
 1.60857921E-01
 8.69361639E-02
 1.29074879E-01
 1.84153200E-02
 1.14229896E-01
 5.63461116E-05
 1.61405800E-01
 1.41340600E-01
 1.62152378E-01
 1.64336929E-01
 1.83955709E-01
 4.15936292E-02
 1.44561701E-01
 4.16587614E-02
 5.34414967E-02
 1.64983895E-01
 9.66468255E-02
 1.45485947E-01
 2.49676144E-02
 8.83808641E-02
 1.47284198E-01
 4.17258432E-02
 5.40950131E-02
 2.57640881E-02
 5.47586564E-02
 9.13340307E-02
 1.35610985E-01
 1.64269032E-01
 8.95434879E-02
 1.66345545E-01
 9.08550551E-02
 9.19585942E-02
 1.30589376E-01
 1.88008012E-02
 1.77199116E-02
 1.22988268E-01
 5.94446062E-02
 2.05058205E-02
 1.23987251E-01
 8.37170833E-02
 2.27300730E-02
 2.29630237E-01
 1.62273729E-01
 1.28362472E-01
 1.61777473E-01
 8.71166232E-02
 8.63478353E-02
 2.67809359E-02
 2.34329359E-01
 1.64898204E-01
 2.47557260E-02
 2.39022072E-01
 1.53109210E-01
 8.94906068E-02
 1.66969843E-01
 8.97832633E-02
 1.35958178E-01
 1.63795194E-01
 8.95336629E-02
 1.66278608E-01
 9.01657392E-02
 9.21073115E-02
 9.05837251E-02
 1.42199979E-01
 9.02169911E-03
 1.12521007E-01
 1.29319919E-01
 1.14139821E-01
 2.65226324E-01
 1.30215132E-01
 1.16000597E-01
 2.70326524E-01
 1.51503241E-02
 2.75593768E-01
 1.30975241E-01
 1.06828582E-01
 3.73632429E-02
 1.17489530E-01
 3.83477912E-02
 6.40815257E-02
 1.20108373E-01
 3.97372470E-02
 6.48929073E-02
 6.56562341E-02
 1.23488000E-01
 2.53168867E-01
 2.20381063E-01
 3.35973909E-01
 2.06305666E-01
 1.01085583E-01
 1.06855251E-01
 3.31084271E-02
 1.22392392E-01
 2.65794318E-01
 2.06098983E-01
 3.17098748E-02
 2.74618074E-02
 4.17746829E-02
 1.18979058E-01
 8.98498918E-03
 1.00190553E-01
 2.71775455E-02
 7.01179240E-02
 1.04766407E-01
 8.57094620E-02
 1.25761771E-01
 1.06109781E-01
 4.09610110E-02
 1.04790239E-01
 3.45847528E-02
 3.20101241E-02
 1.19217298E-01
 8.65935937E-02
 1.24234011E-01
 1.17205624E-02
 1.28638782E-01
 2.71519629E-01
 2.05195630E-01
 3.26797191E-02
 2.84394431E-02
 4.39675106E-02
 1.20150310E-01
 8.84996498E-03
 1.84074306E-01
 3.31677252E-02
 2.06594794E-01
 2.04622821E-01
 2.52144461E-01
 2.53487146E-01
 6.86829087E-02
 2.93438839E-02
 2.05680294E-01
 1.68256053E-01
 1.79283395E-01
 3.60106091E-02
 4.56706259E-02
 2.53057379E-01
 1.80303479E-01
 2.54992673E-02
 1.21975719E-01
 2.53593249E-01
 3.59746504E-02
 1.20340617E-02
 6.40791145E-02
 1.93550930E-01
 9.87342232E-02
 2.75794965E-02
 7.29867600E-02
 1.07659825E-01
 8.55762300E-02
 1.26626669E-01
 2.88247545E-02
 2.07354711E-01
 1.70292836E-01
 1.78898795E-01
 3.72799983E-02
 7.60580316E-02
 1.71486637E-01
 2.44828888E-02
 8.70947950E-02
 1.10873497E-01
 1.78990297E-01
 8.75545957E-02
 8.64673171E-02
 3.87904395E-02
 1.31763247E-01
 1.04692962E-01
 4.22069438E-02
 1.07837924E-01
 3.56029307E-02
 4.48005381E-02
 2.54627599E-01
 1.81498246E-01
 1.11003395E-01
 1.80542230E-01
 8.77821801E-02
 3.62476465E-02
 3.03842195E-02
 1.20834067E-01
 8.80220633E-02
 1.83908816E-01
 1.22308156E-01
 2.53317797E-01
 3.69941517E-02
 8.78484918E-02
 3.85073796E-02
 1.29737460E-01
 1.90215651E-02
 1.36444846E-01
 1.95540517E-02
 5.47303630E-02
 1.38278070E-01
 2.86482446E-01
 2.05753679E-01
 3.23353689E-02
 2.79686583E-02
 4.28958440E-02
 1.19658576E-01
 8.87060112E-03
 3.29842119E-02
 2.05515635E-01
 2.02904658E-01
 2.50179154E-01
 2.51832810E-01
 6.78828911E-02
 2.87789642E-02
 2.03946834E-01
 1.67544016E-01
 1.78320419E-01
 4.45050871E-02
 2.50996170E-01
 1.79263632E-01
 1.21464900E-01
 2.51849417E-01
 1.19559840E-02
 3.43684485E-02
 2.08460222E-01
 2.07362457E-01
 2.55007229E-01
 2.55790299E-01
 2.11562828E-01
 2.85246575E-01
 1.26520868E-01
 8.57995185E-02
 2.12867477E-01
 1.29574204E-01
 2.01255219E-02
 2.61422200E-01
 8.73659425E-02
 2.60706101E-01
 2.99066132E-02
 2.10635826E-01
 1.71642356E-01
 1.80256699E-01
 2.15066194E-01
 1.34591753E-01
 2.02084948E-02
 1.75191899E-01
 2.01404651E-02
 7.30062703E-02
 1.83026941E-01
 4.75342123E-02
 2.58591912E-01
 1.83513154E-01
 2.63947761E-01
 9.00488093E-02
 1.85160296E-01
 1.23552921E-01
 2.56621453E-01
 3.61186958E-02
 2.60955733E-01
 2.01841574E-02
 9.96048009E-02
 2.72972291E-02
 7.15805579E-02
 1.06305072E-01
 8.57573210E-02
 1.26206094E-01
 2.83038712E-02
 2.05058513E-01
 1.68741959E-01
 1.78252673E-01
 3.71268332E-02
 7.46195605E-02
 1.69947209E-01
 2.42698809E-02
 8.64438308E-02
 1.09623074E-01
 1.78413175E-01
 8.68718043E-02
 8.68301265E-02
 3.86068455E-02
 1.31212666E-01
 2.97820158E-02
 2.10090581E-01
 1.70894971E-01
 1.80628541E-01
 2.14726396E-01
 1.32971289E-01
 2.02198301E-02
 1.74843270E-01
 2.01681972E-02
 7.27983588E-02
 1.83752137E-01
 8.01049679E-02
 1.74899486E-01
 2.48921572E-02
 8.83009560E-02
 1.77522772E-01
 2.00691327E-02
 7.34600568E-02
 2.56587102E-02
 7.40929171E-02
 9.12187227E-02
 1.15307700E-01
 1.81983483E-01
 8.94566228E-02
 1.84666811E-01
 1.04534470E-01
 9.18346405E-02
 8.78017259E-02
 3.93172199E-02
 3.83738930E-02
 1.40032181E-01
 1.05816415E-01
 4.13856155E-02
 1.06438910E-01
 3.52233135E-02
 4.37985887E-02
 2.52080026E-01
 1.80105190E-01
 1.09758141E-01
 1.79300863E-01
 8.70468192E-02
 3.62632839E-02
 4.74556541E-02
 2.58325185E-01
 1.83349658E-01
 2.49782291E-02
 2.64440005E-01
 8.93850328E-02
 1.02879440E-01
 1.85750507E-01
 1.03306369E-01
 1.15332139E-01
 1.81513399E-01
 8.94425395E-02
 1.84618032E-01
 1.03936517E-01
 9.19786865E-02
 3.77853981E-02
 1.95417517E-01
 3.09068615E-02
 1.20574665E-01
 8.77858537E-02
 1.22323714E-01
 2.52133154E-01
 8.80793841E-02
 1.24122471E-01
 2.57566534E-01
 3.56865768E-02
 2.63094350E-01
 8.78971656E-02
 1.26836472E-01
 1.55039212E-02
 1.33681022E-01
 1.62430011E-02
 5.71548143E-02
 1.36726914E-01
 1.74729783E-02
 5.82614411E-02
 5.92932320E-02
 1.40896070E-01
 2.80835659E-01
 2.11697090E-01
 4.08121948E-01
 2.56134211E-01
 1.27393776E-01
 1.00042593E-01
 6.48909680E-02
 1.60335773E-01
 3.07136074E-01
 2.55209480E-01
 7.41185277E-02
 2.81209904E-02
 8.02206095E-02
 9.46907476E-02
 4.45668577E-02
 1.26173729E-01
 2.77369342E-02
 9.74710332E-02
 1.39405218E-01
 5.23263141E-02
 1.58630076E-01
 9.84079187E-02
 8.03893055E-02
 1.40379890E-01
 3.45457607E-02
 6.33621492E-02
 9.51547888E-02
 5.34169354E-02
 1.61931853E-01
 4.73211326E-02
 1.61059836E-01
 3.12824315E-01
 2.53721122E-01
 7.31011948E-02
 3.05117832E-02
 8.26916169E-02
 9.59696109E-02
 4.42552253E-02
 2.20484247E-01
 7.18857911E-02
 1.21821860E-01
 1.72723385E-01
 2.49709649E-01
 1.70644735E-01
 2.77041688E-02
 3.25477752E-02
 1.73524444E-01
 1.55533539E-01
 1.68125809E-01
 1.05617284E-01
 8.56163522E-02
 2.51256852E-01
 1.69402173E-01
 5.61372362E-03
 9.80597587E-02
 1.70876412E-01
 1.05845900E-01
 4.72153617E-02
 3.18198285E-02
 2.29703204E-01
 1.24608272E-01
 2.94817189E-02
 1.01206345E-01
 1.41518128E-01
 5.16817462E-02
 1.60012860E-01
 3.19270686E-02
 1.74707185E-01
 1.57733395E-01
 1.67947486E-01
 1.06287751E-01
 1.04720239E-01
 1.59067482E-01
 4.10822292E-02
 1.21005057E-01
 1.44685893E-01
 1.68573531E-01
 1.21596108E-01
 5.20862278E-02
 1.07427314E-01
 1.65153862E-01
 9.60950190E-02
 8.33658834E-02
 1.44247020E-01
 3.45108709E-02
 8.61241525E-02
 2.53663506E-01
 1.71340685E-01
 1.46383326E-01
 1.70669468E-01
 1.22091976E-01
 3.33803689E-02
 6.16499276E-02
 9.69752088E-02
 5.46296686E-02
 2.25916406E-01
 9.84330323E-02
 1.70794412E-01
 1.06506360E-01
 5.37652174E-02
 1.07374510E-01
 1.67674694E-01
 5.46246231E-02
 1.68516351E-01
 5.49556012E-02
 4.01606039E-02
 1.70814687E-01
 3.28102953E-01
 2.54525373E-01
 7.36785379E-02
 2.93922953E-02
 8.15579775E-02
 9.54508679E-02
 4.43448997E-02
 7.26078898E-02
 1.19899640E-01
 1.70746393E-01
 2.48010722E-01
 1.69441577E-01
 2.82046317E-02
 3.13174943E-02
 1.71501649E-01
 1.54921551E-01
 1.67633969E-01
 8.44186422E-02
 2.49490369E-01
 1.68880178E-01
 9.75443320E-02
 1.69620646E-01
 4.72024460E-02
 7.14940347E-02
 1.24645701E-01
 1.75657903E-01
 2.52223464E-01
 1.72340652E-01
 1.29082210E-01
 1.38815380E-01
 7.92616906E-02
 9.67632734E-02
 1.81248237E-01
 8.13161727E-02
 1.25162655E-02
 2.58454331E-01
 9.85513976E-02
 1.75974294E-01
 3.41130174E-02
 1.78308736E-01
 1.58916011E-01
 1.68733332E-01
 1.83098113E-01
 8.47023747E-02
 1.26952655E-02
 1.62276236E-01
 1.27092592E-02
 9.23591401E-02
 1.70779257E-01
 8.88397967E-02
 2.57096757E-01
 1.72476206E-01
 2.61592840E-01
 1.01482375E-01
 1.73102588E-01
 9.96697272E-02
 1.73179814E-01
 1.06647777E-01
 1.76164457E-01
 5.53794451E-02
 1.25422129E-01
 2.86037597E-02
 9.95059346E-02
 1.40680719E-01
 5.21559541E-02
 1.59309134E-01
 3.08946308E-02
 1.72225403E-01
 1.56207250E-01
 1.67686266E-01
 1.05928217E-01
 1.03040744E-01
 1.57546241E-01
 4.07244599E-02
 1.20203600E-01
 1.44050983E-01
 1.68418680E-01
 1.20742526E-01
 5.27892760E-02
 1.07019287E-01
 1.64291499E-01
 3.42229856E-02
 1.77890003E-01
 1.58083699E-01
 1.69012932E-01
 1.82869396E-01
 8.35992608E-02
 1.26842690E-02
 1.61790812E-01
 1.27262452E-02
 9.21586546E-02
 1.71367818E-01
 1.09149940E-01
 1.62399399E-01
 4.16455701E-02
 1.22346639E-01
 1.64656994E-01
 1.27452675E-02
 9.27965262E-02
 4.27216788E-02
 9.33831560E-02
 1.25788052E-01
 1.49288799E-01
 1.71345058E-01
 1.24018404E-01
 1.72703701E-01
 7.92250943E-02
 1.26828940E-01
 5.28946726E-02
 1.08631834E-01
 1.09030138E-01
 1.73151972E-01
 9.71160363E-02
 8.21805855E-02
 1.42851502E-01
 3.48989149E-02
 8.49606139E-02
 2.51217213E-01
 1.70282187E-01
 1.45346468E-01
 1.69804242E-01
 1.21001352E-01
 3.43107857E-02
 8.88055258E-02
 2.56645614E-01
 1.72092403E-01
 4.59591178E-03
 2.61830119E-01
 1.00740841E-01
 7.76640655E-02
 1.73408277E-01
 7.81011286E-02
 1.49007362E-01
 1.70828951E-01
 1.23820751E-01
 1.72531873E-01
 7.89065200E-02
 1.26778775E-01
 3.26335857E-02
 2.39029220E-01
 6.17914445E-02
 9.68464701E-02
 5.46181971E-02
 9.86714654E-02
 1.70030635E-01
 5.42584186E-02
 1.00563293E-01
 1.73997716E-01
 1.06402883E-01
 1.77896172E-01
 5.28842135E-02
 1.64489694E-01
 5.11163998E-02
 1.65803521E-01
 5.15733881E-02
 3.79382692E-02
 1.69243946E-01
 5.24514152E-02
 3.75729235E-02
 3.74282975E-02
 1.74298625E-01
 3.22352072E-01
 2.47439570E-01
 4.58277027E-01
 2.78460206E-01
 1.60685685E-01
 1.40559695E-01
 1.60438589E-01
 2.62074445E-01
 3.99466555E-01
 2.76854348E-01
 7.32877447E-02
 1.74181999E-02
 4.50461891E-02
 1.50639135E-02
 1.59829387E-01
 1.58338585E-01
 1.81797691E-02
 5.48109524E-02
 4.80106645E-02
 9.51384095E-02
 2.85204899E-01
 1.37820562E-01
 4.66620425E-02
 4.91837618E-02
 9.15674678E-02
 1.58264512E-01
 1.37034485E-02
 9.40194512E-02
 2.62914451E-01
 1.61535581E-01
 2.86740413E-01
 4.04323138E-01
 2.74877635E-01
 7.09276167E-02
 2.04671389E-02
 4.70422162E-02
 1.44857273E-02
 1.60097786E-01
 3.21147675E-01
 6.86710520E-02
 1.27252015E-01
 1.52297300E-01
 1.74601826E-01
 1.87227964E-02
 1.79468661E-01
 2.39976108E-02
 1.54256312E-01
 7.94840967E-02
 2.96793407E-02
 2.60491499E-01
 5.06362179E-02
 1.76935720E-01
 3.02592930E-02
 1.44178497E-01
 1.24805853E-02
 1.95069761E-02
 2.61133466E-01
 1.62614829E-01
 1.82349452E-01
 3.29328852E-01
 1.55905254E-01
 2.18397301E-02
 5.97121675E-02
 4.99299721E-02
 9.60318993E-02
 2.87039379E-01
 2.45846771E-02
 1.56659198E-01
 8.29761837E-02
 3.08982922E-02
 2.60032003E-01
 6.37758691E-02
 8.54708053E-02
 1.63860259E-01
 2.92155297E-01
 5.25516080E-02
 3.21135670E-02
 2.93367057E-01
 9.61467575E-02
 2.60439817E-01
 2.91549328E-01
 1.34912220E-01
 5.05740220E-02
 5.30415552E-02
 9.23001409E-02
 5.24469959E-02
 1.80071977E-01
 3.26393352E-02
 5.43779187E-02
 3.32523895E-02
 2.94944747E-01
 9.46605657E-02
 1.56848165E-01
 1.22051652E-02
 9.32628539E-02
 3.52542156E-01
 1.18124415E-02
 2.00104723E-02
 2.61120955E-01
 9.47060732E-02
 2.60853981E-01
 2.68530921E-01
 1.68347509E-01
 2.93029462E-01
 1.69349789E-01
 1.88692037E-01
 2.95704840E-01
 4.18729403E-01
 2.75620404E-01
 7.18689918E-02
 1.92039000E-02
 4.62820975E-02
 1.46015133E-02
 1.59866607E-01
 6.96661889E-02
 1.25666555E-01
 1.51087983E-01
 1.73990344E-01
 1.86137534E-02
 1.79166593E-01
 2.27243052E-02
 1.53037618E-01
 7.97771456E-02
 3.02060929E-02
 4.99388964E-02
 1.76359251E-01
 3.08224016E-02
 1.24929084E-02
 1.94514925E-02
 1.62223226E-01
 6.68890199E-02
 1.30028422E-01
 1.54282323E-01
 1.75804521E-01
 1.90918893E-02
 1.33810976E-01
 2.16294902E-01
 1.48434925E-01
 1.14691786E-01
 1.59257842E-01
 1.50819625E-01
 2.40976786E-02
 1.80012157E-01
 1.16235336E-01
 2.03068114E-02
 2.74235410E-02
 1.59342125E-01
 8.29140059E-02
 3.03878980E-02
 1.62295280E-01
 1.54316397E-01
 2.50953645E-02
 8.52730418E-02
 2.57692812E-02
 1.45539660E-01
 3.04034255E-02
 5.44831410E-02
 1.81660871E-01
 3.19771247E-02
 1.83237164E-01
 1.18526797E-01
 3.12221283E-02
 1.13768044E-02
 2.03297348E-02
 2.62739650E-01
 2.03528224E-02
 1.70272655E-01
 1.56492672E-01
 2.06232393E-02
 5.78141237E-02
 4.94301686E-02
 9.53436747E-02
 2.86059365E-01
 2.33862818E-02
 1.54673780E-01
 8.18664955E-02
 3.10496931E-02
 2.59409328E-01
 6.20715993E-02
 8.44302540E-02
 1.63048669E-01
 2.91204171E-01
 5.24033918E-02
 3.24462958E-02
 2.92342278E-01
 9.51554699E-02
 2.59723905E-01
 2.90365980E-01
 2.74875595E-02
 1.58622585E-01
 8.15613999E-02
 3.00423205E-02
 1.61738831E-01
 1.53280358E-01
 2.47410819E-02
 8.41932327E-02
 2.54700952E-02
 1.45059416E-01
 3.02885043E-02
 6.88528326E-02
 8.85484070E-02
 1.64993903E-01
 2.93612339E-01
 8.85131896E-02
 2.66829662E-02
 1.46418253E-01
 1.66968734E-01
 1.47537347E-01
 2.98003420E-01
 5.63081176E-02
 3.32303600E-02
 2.97119558E-01
 3.18611199E-02
 1.12417595E-01
 3.00306617E-01
 9.61767130E-02
 2.62546227E-01
 2.64977097E-01
 2.98487100E-01
 1.35168431E-01
 4.98619015E-02
 5.21239456E-02
 9.12951694E-02
 5.19894402E-02
 1.79032055E-01
 3.26438331E-02
 5.40519378E-02
 3.35203331E-02
 2.93135542E-01
 9.29943951E-02
 5.48043529E-02
 1.81390798E-01
 3.14962834E-02
 1.45817535E-01
 1.83485905E-01
 1.18320502E-01
 1.11509072E-01
 3.12772442E-02
 1.11568046E-01
 5.63333614E-02
 3.33441018E-02
 2.96378529E-01
 3.21704088E-02
 1.11644259E-01
 2.99696156E-01
 9.69008190E-02
 3.65476393E-01
 1.55938896E-01
 1.14968929E-02
 9.28140034E-02
 1.06573153E-02
 2.06085174E-02
 9.36867452E-02
 1.00175162E-02
 2.11894225E-02
 2.62748191E-01
 2.17138401E-02
 9.59806327E-02
 2.64753665E-01
 1.64577304E-01
 2.90485213E-01
 1.65612660E-01
 1.86070850E-01
 2.94033348E-01
 1.67280341E-01
 1.87949395E-01
 1.89979305E-01
 2.99608042E-01
 4.12878804E-01
 3.45178294E-01
