 4.75397837E-01
 2.96481130E-01
 1.80752679E-01
 1.58761926E-01
 1.74130857E-01
 2.70878436E-01
 4.05811491E-01
 2.97163970E-01
 9.39138921E-02
 3.30747138E-04
 2.83857345E-02
 2.67066784E-02
 1.66143992E-01
 1.82176940E-01
 1.01729192E-03
 4.32236588E-02
 3.70622314E-02
 1.00748565E-01
 2.85742616E-01
 1.60616470E-01
 2.71263959E-02
 3.64697194E-02
 9.94466551E-02
 1.75950318E-01
 2.79910851E-02
 1.01269842E-01
 2.72168846E-01
 1.66811612E-01
 2.85520998E-01
 4.06408252E-01
 2.98608691E-01
 9.55509724E-02
 2.53154526E-03
 2.67311049E-02
 2.74895802E-02
 1.66379368E-01
 3.24705467E-01
 9.69298925E-02
 1.00565361E-01
 1.34634907E-01
 1.59087815E-01
 1.13758499E-02
 1.80474456E-01
 5.22652214E-03
 1.33216524E-01
 7.28120358E-02
 2.50700665E-02
 2.58182161E-01
 2.34866744E-02
 1.57131074E-01
 2.46442712E-02
 1.44207864E-01
 3.00247403E-02
 1.02165390E-02
 2.57781764E-01
 1.67186546E-01
 1.79914190E-01
 3.23445179E-01
 1.85407207E-01
 4.99508886E-03
 3.85796965E-02
 3.42502954E-02
 1.01314222E-01
 2.85230810E-01
 7.15034597E-03
 1.30145009E-01
 6.95765353E-02
 2.35154012E-02
 2.58426633E-01
 3.48422697E-02
 6.77527508E-02
 1.62897152E-01
 2.89296655E-01
 3.09138778E-02
 2.23055427E-02
 2.88759200E-01
 1.02210459E-01
 2.57754013E-01
 2.82875016E-01
 1.66777748E-01
 2.00265729E-02
 3.01281609E-02
 1.02002698E-01
 1.73796539E-02
 1.50551006E-01
 2.06724631E-02
 2.65897397E-02
 1.94154550E-02
 2.87761808E-01
 1.02158211E-01
 1.82964327E-01
 3.46217017E-02
 1.05134005E-01
 3.53135088E-01
 3.66604207E-02
 6.14089649E-03
 2.57563042E-01
 1.05985744E-01
 2.57667738E-01
 2.71396336E-01
 1.62921238E-01
 2.78370513E-01
 1.61477852E-01
 1.70283287E-01
 2.71990722E-01
 3.88473124E-01
 2.97825905E-01
 9.46492550E-02
 8.47762353E-04
 2.79913275E-02
 2.69263790E-02
 1.66231908E-01
 9.58240599E-02
 1.02635899E-01
 1.36427517E-01
 1.60278223E-01
 1.18456331E-02
 1.80474043E-01
 2.72516095E-03
 1.35509802E-01
 7.29716013E-02
 2.50925346E-02
 2.55473765E-02
 1.58730925E-01
 2.46722436E-02
 2.90906507E-02
 1.08890980E-02
 1.67150563E-01
 9.82053757E-02
 9.89686056E-02
 1.33786120E-01
 1.58495957E-01
 1.11523926E-02
 9.63626730E-02
 1.90904846E-01
 1.39272136E-01
 1.09074491E-01
 1.30291228E-01
 1.37936410E-01
 2.34303962E-02
 1.54701402E-01
 1.07811292E-01
 9.14335631E-03
 9.27448772E-03
 1.28040370E-01
 6.91188197E-02
 2.34304097E-02
 1.24822491E-01
 1.33508197E-01
 2.22402452E-02
 6.59947476E-02
 2.15161786E-02
 1.38130981E-01
 2.20717503E-02
 1.50096577E-02
 1.48370170E-01
 2.05002640E-02
 1.44729875E-01
 1.02451615E-01
 1.89016516E-02
 3.80894140E-02
 5.06744993E-03
 2.56124573E-01
 3.28218652E-03
 1.59283147E-01
 1.83573042E-01
 2.18956085E-03
 4.25946040E-02
 3.66482384E-02
 1.00858220E-01
 2.85683900E-01
 3.41520800E-03
 1.34977544E-01
 7.25838491E-02
 2.48774431E-02
 2.58529656E-01
 4.09737791E-02
 7.17035050E-02
 1.63212678E-01
 2.89913614E-01
 3.46382884E-02
 2.38982202E-02
 2.89709028E-01
 1.01869338E-01
 2.58316114E-01
 2.84689932E-01
 8.03416957E-03
 1.30803414E-01
 7.22065151E-02
 2.48707622E-02
 1.28668613E-01
 1.36916258E-01
 2.32722555E-02
 7.06628430E-02
 2.29013357E-02
 1.38938259E-01
 2.38951634E-02
 3.07005550E-02
 6.52083557E-02
 1.62412025E-01
 2.88595588E-01
 6.38701870E-02
 2.08819219E-02
 1.37561552E-01
 1.61369118E-01
 1.36525498E-01
 2.85173223E-01
 2.34269218E-02
 1.84150944E-02
 2.85850180E-01
 1.81860483E-02
 1.02439118E-01
 2.81503726E-01
 1.05524039E-01
 2.55646219E-01
 2.51987362E-01
 2.62891925E-01
 1.62277716E-01
 2.57371211E-02
 3.56092785E-02
 9.97939574E-02
 2.45249973E-02
 1.57913837E-01
 2.41948255E-02
 3.42074028E-02
 2.36428742E-02
 2.89635684E-01
 1.00357624E-01
 2.04509372E-02
 1.54808528E-01
 2.42006609E-02
 1.43815068E-01
 1.52962126E-01
 1.07040481E-01
 1.04039290E-01
 2.37119479E-02
 1.03744453E-01
 2.79800924E-02
 2.15774947E-02
 2.87072813E-01
 2.16014931E-02
 1.03017839E-01
 2.83990722E-01
 1.00183030E-01
 3.37886381E-01
 1.77352207E-01
 2.91323287E-02
 1.01748545E-01
 3.00082199E-02
 1.05008330E-02
 1.02201648E-01
 3.19006755E-02
 9.21700928E-03
 2.56840910E-01
 8.46323889E-03
 1.01825093E-01
 2.73203451E-01
 1.67636852E-01
 2.85717695E-01
 1.68049057E-01
 1.80491559E-01
 2.85372010E-01
 1.67736450E-01
 1.79668614E-01
 1.79278226E-01
 2.80238568E-01
 4.08202009E-01
 3.25463344E-01
 4.13441722E-01
 2.59428528E-01
 1.35505889E-01
 1.07488684E-01
 7.17285662E-02
 1.63942969E-01
 3.09480603E-01
 2.59447846E-01
 8.05604319E-02
 2.07209777E-02
 7.29418561E-02
 8.82562123E-02
 4.71879731E-02
 1.35896722E-01
 2.07321830E-02
 9.24559611E-02
 1.33427586E-01
 4.89108060E-02
 1.57273965E-01
 1.08075842E-01
 7.27272422E-02
 1.33073730E-01
 3.01662721E-02
 7.25186851E-02
 8.77220314E-02
 4.85404323E-02
 1.64351289E-01
 4.72654993E-02
 1.56764267E-01
 3.09418630E-01
 2.59537338E-01
 8.03603214E-02
 1.97393249E-02
 7.18250965E-02
 8.75935106E-02
 4.74398057E-02
 2.21421641E-01
 8.07615303E-02
 1.08084160E-01
 1.62019768E-01
 2.38999651E-01
 1.64579827E-01
 2.83016673E-02
 1.84253533E-02
 1.61449679E-01
 1.50197457E-01
 1.64007717E-01
 1.03072408E-01
 6.97547023E-02
 2.37874562E-01
 1.63456919E-01
 5.89999571E-03
 8.56975576E-02
 1.63825506E-01
 1.02768722E-01
 4.76297329E-02
 2.73165207E-02
 2.19464503E-01
 1.36250275E-01
 2.00455916E-02
 8.99741471E-02
 1.31575609E-01
 4.86557323E-02
 1.56791487E-01
 1.86779458E-02
 1.59922629E-01
 1.47949766E-01
 1.63221226E-01
 1.02821749E-01
 8.72047244E-02
 1.46997537E-01
 3.99230038E-02
 1.16884984E-01
 1.28448852E-01
 1.62618209E-01
 1.16422692E-01
 4.77827576E-02
 1.01599901E-01
 1.53967463E-01
 1.09747720E-01
 6.98943811E-02
 1.28813542E-01
 2.85022198E-02
 6.74393499E-02
 2.33619661E-01
 1.60120868E-01
 1.25417469E-01
 1.59872450E-01
 1.15978732E-01
 2.77777427E-02
 7.61433380E-02
 8.36506911E-02
 4.55184915E-02
 2.24093469E-01
 8.11213937E-02
 1.61303046E-01
 1.01924125E-01
 4.44099546E-02
 1.00993300E-01
 1.60794997E-01
 4.10134292E-02
 1.47231484E-01
 3.96422982E-02
 1.47409491E-02
 1.40044663E-01
 2.88359527E-01
 2.59615969E-01
 8.09901498E-02
 2.02899699E-02
 7.25682819E-02
 8.79989971E-02
 4.73040909E-02
 8.16833788E-02
 1.09352561E-01
 1.63783655E-01
 2.40365964E-01
 1.65346688E-01
 2.80588179E-02
 1.93932867E-02
 1.63532938E-01
 1.50615663E-01
 1.64363877E-01
 7.12946313E-02
 2.39661768E-01
 1.63969193E-01
 8.64862960E-02
 1.64947168E-01
 4.76431967E-02
 8.10904872E-02
 1.06571359E-01
 1.60771814E-01
 2.37973778E-01
 1.63968497E-01
 1.03685815E-01
 1.23118427E-01
 7.55383514E-02
 9.42612151E-02
 1.57292690E-01
 7.47503698E-02
 1.12176847E-02
 2.33776673E-01
 9.34080767E-02
 1.60969237E-01
 1.72728864E-02
 1.57514901E-01
 1.46842258E-01
 1.62599828E-01
 1.53252583E-01
 7.11095288E-02
 1.07881572E-02
 1.43193292E-01
 1.06391445E-02
 8.63870793E-02
 1.60345808E-01
 6.50906339E-02
 2.30321157E-01
 1.58629092E-01
 2.24180712E-01
 8.91155259E-02
 1.55495308E-01
 7.93249233E-02
 1.58511832E-01
 1.01761011E-01
 1.53145862E-01
 3.74179471E-02
 1.36592885E-01
 2.01869227E-02
 9.21721829E-02
 1.33196372E-01
 4.88568577E-02
 1.57203135E-01
 1.92210859E-02
 1.63490918E-01
 1.50471450E-01
 1.64352297E-01
 1.03034283E-01
 9.12687775E-02
 1.50050000E-01
 4.00476198E-02
 1.17519870E-01
 1.31759599E-01
 1.63820814E-01
 1.17353341E-01
 4.80615298E-02
 1.02391607E-01
 1.55722981E-01
 1.67130722E-02
 1.59322023E-01
 1.49393607E-01
 1.63598316E-01
 1.56304594E-01
 7.41746861E-02
 1.10956743E-02
 1.47471629E-01
 1.09110080E-02
 8.68080746E-02
 1.61763753E-01
 8.35252796E-02
 1.44491020E-01
 3.96640498E-02
 1.16194036E-01
 1.41684006E-01
 1.06347050E-02
 8.60515822E-02
 3.90128599E-02
 8.53789782E-02
 1.12853247E-01
 1.21633796E-01
 1.58370623E-01
 1.14274352E-01
 1.55525942E-01
 6.85258272E-02
 1.10148505E-01
 4.42355436E-02
 9.92674299E-02
 9.80175989E-02
 1.30396466E-01
 1.09041489E-01
 7.20796966E-02
 1.32515905E-01
 2.99742985E-02
 7.09477259E-02
 2.39500849E-01
 1.63751720E-01
 1.31430309E-01
 1.63623067E-01
 1.17354465E-01
 2.95623994E-02
 6.71968514E-02
 2.35483996E-01
 1.62413561E-01
 5.99059317E-03
 2.32301664E-01
 9.28650662E-02
 7.13066338E-02
 1.61139513E-01
 7.09945522E-02
 1.24822239E-01
 1.61602903E-01
 1.14945854E-01
 1.60016594E-01
 6.93182132E-02
 1.11895099E-01
 2.81900905E-02
 2.08322113E-01
 7.33021049E-02
 8.70499574E-02
 4.81895400E-02
 8.60411109E-02
 1.65155502E-01
 4.78029672E-02
 8.40441949E-02
 1.62437490E-01
 1.02310786E-01
 1.60193000E-01
 4.77628447E-02
 1.64718851E-01
 4.76487138E-02
 1.56780475E-01
 4.81124125E-02
 2.70597318E-02
 1.56298238E-01
 4.78009185E-02
 2.72245542E-02
 2.78633122E-02
 1.51340308E-01
 3.10798317E-01
 2.21415372E-01
 3.40893821E-01
 2.07993825E-01
 1.05628955E-01
 1.09165617E-01
 3.70834915E-02
 1.23873764E-01
 2.66647902E-01
 2.07655987E-01
 3.96197427E-02
 2.20501500E-02
 3.90454354E-02
 1.14336238E-01
 1.06701202E-02
 1.05863472E-01
 2.19966920E-02
 6.78283291E-02
 1.02373811E-01
 8.31564337E-02
 1.24058200E-01
 1.09171682E-01
 3.93343463E-02
 1.02396143E-01
 3.34765747E-02
 3.74855523E-02
 1.13990699E-01
 8.28920300E-02
 1.24001023E-01
 1.07444775E-02
 1.23475790E-01
 2.66461070E-01
 2.07605341E-01
 3.85850753E-02
 2.18017846E-02
 3.82810015E-02
 1.13835764E-01
 1.08028169E-02
 1.84005764E-01
 3.81700103E-02
 1.87479523E-01
 1.93678795E-01
 2.43132151E-01
 2.46781733E-01
 6.69763232E-02
 2.10053016E-02
 1.92997451E-01
 1.63003121E-01
 1.76017856E-01
 3.35804146E-02
 3.70444987E-02
 2.42440244E-01
 1.75631026E-01
 2.69086843E-02
 1.12296154E-01
 2.46024383E-01
 3.33672471E-02
 1.07413653E-02
 6.78935916E-02
 1.81841668E-01
 1.05940352E-01
 2.20802080E-02
 6.63646960E-02
 1.00722312E-01
 8.28621135E-02
 1.23738724E-01
 2.15872684E-02
 1.90773178E-01
 1.60861389E-01
 1.75305357E-01
 3.31599818E-02
 6.39713249E-02
 1.59988798E-01
 2.29175960E-02
 8.18898990E-02
 9.76707435E-02
 1.75024880E-01
 8.13855872E-02
 8.17030496E-02
 3.17801943E-02
 1.21094170E-01
 1.08301701E-01
 3.93016883E-02
 1.00353558E-01
 3.24199895E-02
 3.76557980E-02
 2.39439310E-01
 1.73239060E-01
 9.70356985E-02
 1.73412826E-01
 8.09384494E-02
 3.06445548E-02
 3.94779581E-02
 1.10917851E-01
 8.03820974E-02
 1.81639352E-01
 1.08677958E-01
 2.43407859E-01
 3.24203547E-02
 7.88493729E-02
 3.09835055E-02
 1.20108237E-01
 4.79756957E-03
 1.13403575E-01
 3.02263768E-03
 8.06169249E-02
 1.06432968E-01
 2.46098189E-01
 2.07521268E-01
 3.98173055E-02
 2.17567520E-02
 3.87721529E-02
 1.14110288E-01
 1.07587267E-02
 4.01119214E-02
 1.88516487E-01
 1.95435916E-01
 2.44577119E-01
 2.47717197E-01
 6.73369595E-02
 2.11210861E-02
 1.95028400E-01
 1.63440809E-01
 1.76498620E-01
 3.83515975E-02
 2.44304120E-01
 1.76338085E-01
 1.12897121E-01
 2.47385118E-01
 1.09611183E-02
 3.76603689E-02
 1.86267150E-01
 1.92433900E-01
 2.42009284E-01
 2.45982349E-01
 1.83633296E-01
 2.58218623E-01
 1.21707628E-01
 8.38565804E-02
 1.88789428E-01
 1.20632562E-01
 1.78420273E-02
 2.37921762E-01
 8.33375398E-02
 2.42207659E-01
 2.09772384E-02
 1.88532228E-01
 1.59633150E-01
 1.74486514E-01
 1.84275216E-01
 1.15246723E-01
 1.76028021E-02
 1.55750370E-01
 1.76113923E-02
 6.80974300E-02
 1.71923111E-01
 3.57980990E-02
 2.35913251E-01
 1.71131150E-01
 2.29007183E-01
 7.96631650E-02
 1.67200152E-01
 1.07183815E-01
 2.39799090E-01
 3.32135743E-02
 2.32454508E-01
 3.85927228E-04
 1.06409531E-01
 2.15795790E-02
 6.77184961E-02
 1.02233077E-01
 8.31082360E-02
 1.24002707E-01
 2.09380588E-02
 1.94858295E-01
 1.63339636E-01
 1.76550315E-01
 3.33107399E-02
 6.71131636E-02
 1.62969180E-01
 2.30760682E-02
 8.25638315E-02
 1.01394037E-01
 1.76433404E-01
 8.23313001E-02
 8.23568026E-02
 3.24680041E-02
 1.22478953E-01
 1.98657612E-02
 1.90872225E-01
 1.62178835E-01
 1.75515263E-01
 1.87798398E-01
 1.19818607E-01
 1.77553211E-02
 1.60151763E-01
 1.76772039E-02
 6.85014751E-02
 1.73527146E-01
 6.04091919E-02
 1.57402121E-01
 2.26963955E-02
 8.12196597E-02
 1.54267303E-01
 1.76869249E-02
 6.77533927E-02
 2.21177398E-02
 6.70326372E-02
 7.79543175E-02
 9.25101732E-02
 1.71468824E-01
 7.93993821E-02
 1.67364117E-01
 9.13824898E-02
 7.55858328E-02
 7.78298903E-02
 2.97641671E-02
 3.03734818E-02
 9.74602217E-02
 1.09805799E-01
 3.91992593E-02
 1.02247895E-01
 3.34638171E-02
 3.83999649E-02
 2.44483123E-01
 1.76431312E-01
 1.01376993E-01
 1.76491323E-01
 8.22969410E-02
 3.31164745E-02
 3.49414348E-02
 2.40251336E-01
 1.74517851E-01
 2.68981582E-02
 2.36710228E-01
 8.30343832E-02
 9.53799839E-02
 1.72905588E-01
 9.49300455E-02
 9.32915963E-02
 1.73847568E-01
 7.99874030E-02
 1.71568067E-01
 9.33440129E-02
 7.70843416E-02
 2.86185884E-02
 1.68039036E-01
 3.80038277E-02
 1.13483874E-01
 8.26196225E-02
 1.12569274E-01
 2.47739678E-01
 8.21714030E-02
 1.10884505E-01
 2.44332139E-01
 3.32997898E-02
 2.41265239E-01
 8.09866901E-02
 1.24031639E-01
 1.10149148E-02
 1.23437133E-01
 1.13568847E-02
 6.82955481E-02
 1.22988186E-01
 1.05768319E-02
 6.77618475E-02
 6.65176566E-02
 1.18972927E-01
 2.67599273E-01
 1.83602708E-01
 2.98632706E-01
 2.08125496E-01
 6.89071331E-02
 6.52084706E-02
 1.72056897E-03
 1.04105547E-01
 2.40052537E-01
 2.07686385E-01
 8.79380936E-02
 4.66686909E-03
 1.97052583E-02
 1.07021812E-01
 3.22264678E-02
 6.93823377E-02
 4.63328541E-03
 8.22321569E-02
 1.19650690E-01
 1.23635061E-01
 1.07693984E-01
 6.56590561E-02
 1.99498604E-02
 1.19693119E-01
 8.05678215E-02
 1.09423040E-03
 1.06714789E-01
 1.23302044E-01
 1.04270653E-01
 3.22337970E-02
 1.07113607E-01
 2.40012538E-01
 2.08307595E-01
 8.60834524E-02
 5.09100923E-03
 1.87760378E-02
 1.06480991E-01
 3.22890864E-02
 1.93104761E-01
 8.50540858E-02
 1.40161121E-01
 1.48030854E-01
 2.19963763E-01
 2.58888824E-01
 7.29795206E-02
 5.80320028E-03
 1.47249240E-01
 1.34578737E-01
 1.58144907E-01
 1.35134629E-02
 1.74568619E-02
 2.19094508E-01
 1.57789813E-01
 2.68080282E-02
 1.05007904E-01
 2.57995271E-01
 1.33593773E-02
 3.20014683E-02
 7.37908616E-02
 1.90887658E-01
 6.99244535E-02
 3.69861151E-03
 8.05358074E-02
 1.17473210E-01
 1.23040192E-01
 1.07572560E-01
 3.83504654E-03
 1.44920016E-01
 1.32739662E-01
 1.57489454E-01
 1.30368759E-02
 7.75848698E-02
 1.31755027E-01
 2.28595003E-02
 8.18576967E-02
 1.13488893E-01
 1.56973189E-01
 8.13526478E-02
 1.21193547E-01
 1.17796984E-02
 1.05300494E-01
 6.55080524E-02
 2.04605111E-02
 1.17621455E-01
 7.88744447E-02
 1.93477755E-02
 2.15303564E-01
 1.55459315E-01
 1.13551222E-01
 1.55344574E-01
 8.08939622E-02
 7.54480395E-02
 1.05255991E-03
 1.04260203E-01
 1.20483001E-01
 1.30951445E-01
 1.02346822E-01
 2.54944314E-01
 1.24717625E-02
 1.18272433E-01
 1.10694476E-02
 1.01319995E-01
 2.69478374E-02
 9.70249018E-02
 2.48716170E-02
 8.53996057E-02
 9.05457677E-02
 2.21954445E-01
 2.07571170E-01
 8.77877249E-02
 4.83403476E-03
 1.95475739E-02
 1.06841341E-01
 3.22763497E-02
 8.73911619E-02
 1.39835594E-01
 1.49169154E-01
 2.20957054E-01
 2.59694916E-01
 7.33081324E-02
 5.08096569E-03
 1.48662005E-01
 1.34847898E-01
 1.58484237E-01
 1.94189865E-02
 2.20458142E-01
 1.58333041E-01
 1.05814131E-01
 2.59218320E-01
 3.22523917E-02
 8.42771073E-02
 1.39762420E-01
 1.47278059E-01
 2.19200001E-01
 2.58187216E-01
 1.38724630E-01
 3.45903499E-01
 1.68774331E-01
 1.44341559E-01
 1.44627794E-01
 1.67241302E-01
 3.77704446E-02
 2.15826069E-01
 1.43403082E-01
 2.54483583E-01
 4.46300830E-03
 1.43386003E-01
 1.31891546E-01
 1.56923399E-01
 1.40609179E-01
 1.59761786E-01
 3.73258669E-02
 1.28735815E-01
 3.72485129E-02
 4.99099929E-02
 1.54707319E-01
 1.74717271E-02
 2.12493807E-01
 1.53699787E-01
 2.06998286E-01
 1.37369365E-01
 1.50183508E-01
 1.00936159E-01
 2.51508469E-01
 1.34183645E-02
 2.44468055E-01
 2.22047523E-02
 7.01457449E-02
 4.83506375E-03
 8.20959374E-02
 1.19469682E-01
 1.23536617E-01
 1.07669713E-01
 5.16753082E-03
 1.48385043E-01
 1.34718922E-01
 1.58495722E-01
 1.32406057E-02
 8.13253186E-02
 1.34310407E-01
 2.30471396E-02
 8.25395205E-02
 1.18456164E-01
 1.58278122E-01
 8.23013728E-02
 1.22473982E-01
 1.24419903E-02
 1.06273162E-01
 7.06286641E-03
 1.45575221E-01
 1.33969292E-01
 1.57775979E-01
 1.43614959E-01
 1.66085291E-01
 3.76286447E-02
 1.32414082E-01
 3.74747069E-02
 5.02334020E-02
 1.56114748E-01
 7.32587218E-02
 1.29432931E-01
 2.26206196E-02
 8.11874492E-02
 1.27153986E-01
 3.72450779E-02
 4.95936613E-02
 2.19978821E-02
 4.89021889E-02
 7.79423695E-02
 1.07730231E-01
 1.53380634E-01
 7.93745141E-02
 1.49975419E-01
 7.85931217E-02
 7.55990006E-02
 1.16408188E-01
 1.00869216E-02
 1.09939984E-02
 8.23980913E-02
 6.67119313E-02
 1.99441136E-02
 1.19562100E-01
 8.05042729E-02
 1.94863052E-02
 2.20407922E-01
 1.58375136E-01
 1.18497410E-01
 1.58326385E-01
 8.22624847E-02
 7.97351816E-02
 1.49723896E-02
 2.17209069E-01
 1.56861086E-01
 2.68912798E-02
 2.14586643E-01
 1.42805177E-01
 8.23157444E-02
 1.55557648E-01
 8.19096956E-02
 1.07686259E-01
 1.55754617E-01
 7.99666459E-02
 1.54067696E-01
 8.06965956E-02
 7.70886809E-02
 7.08226511E-02
 1.19585849E-01
 3.93259743E-04
 1.06275577E-01
 1.22925422E-01
 1.05508876E-01
 2.59442808E-01
 1.22231500E-01
 1.03515455E-01
 2.56302777E-01
 1.34084044E-02
 2.53447349E-01
 1.19607951E-01
 1.04217198E-01
 3.23308775E-02
 1.07091534E-01
 3.24990298E-02
 7.40774755E-02
 1.06767021E-01
 3.16325464E-02
 7.36969459E-02
 7.25816921E-02
 1.03773607E-01
 2.41084190E-01
 1.92442756E-01
 2.56343763E-01
 2.08258943E-01
 3.21625143E-02
 2.12234765E-02
 4.05489510E-02
 8.43256667E-02
 2.13440722E-01
 2.07718769E-01
 1.36291707E-01
 3.14043043E-02
 3.49895027E-04
 9.97003768E-02
 5.37988651E-02
 3.28791614E-02
 3.12839494E-02
 9.66436595E-02
 1.36937028E-01
 1.64138234E-01
 9.13207022E-02
 2.21194508E-02
 5.50179243E-04
 1.36999511E-01
 1.27687583E-01
 3.96975616E-02
 9.94322139E-02
 1.63735820E-01
 8.45290597E-02
 5.37376928E-02
 9.07428265E-02
 2.13548984E-01
 2.09011376E-01
 1.33615364E-01
 3.20043942E-02
 7.44112508E-04
 9.91193531E-02
 5.37907498E-02
 2.02210810E-01
 1.31971406E-01
 9.28089661E-02
 1.02350772E-01
 1.96778235E-01
 2.71001414E-01
 7.89848591E-02
 3.26324935E-02
 1.01468859E-01
 1.06135066E-01
 1.40259588E-01
 6.56404677E-03
 2.14551036E-03
 1.95732285E-01
 1.39936912E-01
 2.67063252E-02
 9.77137955E-02
 2.69971364E-01
 6.65823989E-03
 5.32733250E-02
 7.96906684E-02
 1.99937446E-01
 3.38869829E-02
 2.94954620E-02
 9.47124958E-02
 1.34231715E-01
 1.63240050E-01
 9.13981978E-02
 2.92752393E-02
 9.90370014E-02
 1.04599481E-01
 1.39661938E-01
 7.09584314E-03
 9.12021163E-02
 1.03502950E-01
 2.28019884E-02
 8.18258238E-02
 1.29312698E-01
 1.38911577E-01
 8.13195667E-02
 1.60700044E-01
 8.22814211E-03
 8.95011233E-02
 2.26930364E-02
 1.60684336E-03
 1.34895291E-01
 1.25349365E-01
 1.02721264E-03
 1.91153511E-01
 1.37670816E-01
 1.30068564E-01
 1.37267330E-01
 8.08482897E-02
 1.20261484E-01
 3.73858948E-02
 9.75988206E-02
 1.60593882E-01
 8.02521554E-02
 9.60124244E-02
 2.66481752E-01
 7.47947904E-03
 1.57695430E-01
 8.84363462E-03
 8.25300254E-02
 4.90946265E-02
 8.06470811E-02
 4.67113352E-02
 9.01849730E-02
 7.46652270E-02
 1.97821901E-01
 2.07622556E-01
 1.35792459E-01
 3.14449224E-02
 3.08080946E-04
 9.95655370E-02
 5.38097544E-02
 1.34704436E-01
 9.11196409E-02
 1.02869553E-01
 1.97319354E-01
 2.71678211E-01
 7.92814050E-02
 3.13031954E-02
 1.02262647E-01
 1.06234886E-01
 1.40456845E-01
 4.71930613E-04
 1.96594937E-01
 1.40315520E-01
 9.87251135E-02
 2.71056861E-01
 5.35565748E-02
 1.30925238E-01
 9.32259799E-02
 1.02091217E-01
 1.96374333E-01
 2.70397597E-01
 9.37855717E-02
 4.33639528E-01
 2.15867064E-01
 2.04859922E-01
 1.00436912E-01
 2.13874235E-01
 5.77088413E-02
 1.93716399E-01
 2.03497863E-01
 2.66764736E-01
 2.99191171E-02
 9.82127891E-02
 1.04132882E-01
 1.39349744E-01
 9.69181294E-02
 2.04296901E-01
 5.70569476E-02
 1.01706597E-01
 5.68919034E-02
 3.17155236E-02
 1.37485475E-01
 8.65469509E-04
 1.89062603E-01
 1.36261636E-01
 1.84978686E-01
 1.95087137E-01
 1.33161873E-01
 9.46864368E-02
 2.63218256E-01
 6.37791726E-03
 2.56480607E-01
 4.40075337E-02
 3.38598648E-02
 3.12690776E-02
 9.64809040E-02
 1.36715524E-01
 1.63988750E-01
 9.13279125E-02
 3.12924339E-02
 1.01879814E-01
 1.06078668E-01
 1.40428561E-01
 6.84017683E-03
 9.55438682E-02
 1.05632116E-01
 2.30193100E-02
 8.25160659E-02
 1.35526485E-01
 1.40111341E-01
 8.22719806E-02
 1.62611356E-01
 7.59322190E-03
 9.00601556E-02
 3.40095474E-02
 1.00249714E-01
 1.05742277E-01
 1.40025740E-01
 9.94046321E-02
 2.12375478E-01
 5.75115331E-02
 1.04660976E-01
 5.72804914E-02
 3.19575133E-02
 1.38695161E-01
 8.61129032E-02
 1.01450172E-01
 2.25446277E-02
 8.11547271E-02
 1.00029237E-01
 5.68095292E-02
 3.14276369E-02
 2.18775775E-02
 3.07675934E-02
 7.79275501E-02
 1.22950760E-01
 1.35288901E-01
 7.93467110E-02
 1.32585384E-01
 6.58051570E-02
 7.56099103E-02
 1.54974416E-01
 9.58396686E-03
 8.37489614E-03
 6.73490756E-02
 2.35933946E-02
 6.74455714E-04
 1.36885358E-01
 1.27571332E-01
 5.57868379E-04
 1.96315747E-01
 1.40307734E-01
 1.35624397E-01
 1.40149730E-01
 8.22282600E-02
 1.26374969E-01
 5.01036989E-03
 1.94152717E-01
 1.39195515E-01
 2.68844046E-02
 1.92449661E-01
 2.02598835E-01
 6.92460865E-02
 1.38202029E-01
 6.88865232E-02
 1.22083726E-01
 1.37656455E-01
 7.99438788E-02
 1.36564123E-01
 6.80482095E-02
 7.70911960E-02
 1.13021923E-01
 7.11806625E-02
 3.88101807E-02
 9.90608443E-02
 1.63252278E-01
 9.84419496E-02
 2.71149801E-01
 1.62308060E-01
 9.61407776E-02
 2.68276666E-01
 6.49051701E-03
 2.65631927E-01
 1.58232040E-01
 8.43945390E-02
 5.36583895E-02
 9.07385227E-02
 5.36513016E-02
 7.98613199E-02
 9.05408340E-02
 5.26939826E-02
 7.96341037E-02
 7.86482626E-02
 8.85755872E-02
 2.14558841E-01
 2.01280425E-01
 2.56289010E-01
 2.08237143E-01
 3.21061692E-02
 2.11646589E-02
 4.06085236E-02
 8.42928967E-02
 2.13397889E-01
 2.07696857E-01
 1.36331685E-01
 3.14267362E-02
 3.25360622E-04
 9.96960004E-02
 5.38281226E-02
 3.28295905E-02
 3.13027079E-02
 9.66657852E-02
 1.36963667E-01
 1.64201850E-01
 9.12985696E-02
 2.20781294E-02
 5.20130835E-04
 1.37026527E-01
 1.27756665E-01
 3.97515826E-02
 9.94327982E-02
 1.63798084E-01
 8.44998855E-02
 5.37633228E-02
 9.07296686E-02
 2.13522242E-01
 2.09014938E-01
 1.33637197E-01
 3.20289258E-02
 7.66038072E-04
 9.91185653E-02
 5.38158162E-02
 2.02221224E-01
 1.31970330E-01
 9.27973188E-02
 1.02324501E-01
 1.96771090E-01
 2.71033061E-01
 7.89950278E-02
 3.26411227E-02
 1.01447251E-01
 1.06107606E-01
 1.40243921E-01
 6.58778664E-03
 2.15271575E-03
 1.95726724E-01
 1.39927738E-01
 2.67044025E-02
 9.77357104E-02
 2.70003668E-01
 6.67451380E-03
 5.32860602E-02
 7.96827517E-02
 1.99971795E-01
 3.38610285E-02
 2.94850036E-02
 9.47375416E-02
 1.34255172E-01
 1.63291245E-01
 9.13874405E-02
 2.92414457E-02
 9.90384495E-02
 1.04605802E-01
 1.39658455E-01
 7.11492419E-03
 9.12328074E-02
 1.03517350E-01
 2.28035205E-02
 8.18388580E-02
 1.29335311E-01
 1.38906828E-01
 8.13380885E-02
 1.60724912E-01
 8.21886804E-03
 8.95474459E-02
 2.27081281E-02
 1.59600508E-03
 1.34932677E-01
 1.25390701E-01
 1.06062649E-03
 1.91159616E-01
 1.37695812E-01
 1.30114074E-01
 1.37283529E-01
 8.08712148E-02
 1.20241757E-01
 3.74239539E-02
 9.76586172E-02
 1.60638458E-01
 8.02440109E-02
 9.61164402E-02
 2.66519267E-01
 7.46376323E-03
 1.57711435E-01
 8.80152352E-03
 8.25964623E-02
 4.91591024E-02
 8.07703732E-02
 4.67728803E-02
 8.99904147E-02
 7.49198569E-02
 1.98170135E-01
 2.07607627E-01
 1.35816594E-01
 3.14605726E-02
 2.90023794E-04
 9.95650536E-02
 5.38364757E-02
 1.34696534E-01
 9.10633287E-02
 1.02812085E-01
 1.97288878E-01
 2.71700077E-01
 7.92885580E-02
 3.12952403E-02
 1.02206976E-01
 1.06198665E-01
 1.40433267E-01
 4.72098215E-04
 1.96560554E-01
 1.40295649E-01
 9.87476763E-02
 2.71075802E-01
 5.35700491E-02
 1.30924450E-01
 9.32650047E-02
 1.02102282E-01
 1.96395912E-01
 2.70441982E-01
 9.39295383E-02
 4.33758924E-01
 2.15933914E-01
 2.04941237E-01
 1.00541992E-01
 2.13933762E-01
 5.77305232E-02
 1.93826095E-01
 2.03559863E-01
 2.66858610E-01
 2.98839948E-02
 9.82739358E-02
 1.04169580E-01
 1.39366650E-01
 9.71007852E-02
 2.04334362E-01
 5.70708743E-02
 1.01828476E-01
 5.68998902E-02
 3.17320276E-02
 1.37560524E-01
 8.13339698E-04
 1.89143031E-01
 1.36327767E-01
 1.85211653E-01
 1.95072091E-01
 1.33307708E-01
 9.48128219E-02
 2.63304819E-01
 6.35940291E-03
 2.56673937E-01
 4.40888124E-02
 3.38174024E-02
 3.12721124E-02
 9.65028403E-02
 1.36741307E-01
 1.64048496E-01
 9.13093135E-02
 3.12722934E-02
 1.01826548E-01
 1.06047854E-01
 1.40405747E-01
 6.86184292E-03
 9.55671955E-02
 1.05605744E-01
 2.30204143E-02
 8.25238555E-02
 1.35554028E-01
 1.40087791E-01
 8.22826142E-02
 1.62657490E-01
 7.59665729E-03
 9.00771150E-02
 3.40073798E-02
 1.00282781E-01
 1.05741540E-01
 1.40026200E-01
 9.95355624E-02
 2.12426626E-01
 5.75304609E-02
 1.04717678E-01
 5.72951761E-02
 3.19652327E-02
 1.38744620E-01
 8.61568347E-02
 1.01520223E-01
 2.25477791E-02
 8.11763351E-02
 1.00186556E-01
 5.68100943E-02
 3.14537188E-02
 2.18860575E-02
 3.08094741E-02
 7.79939853E-02
 1.22998439E-01
 1.35341662E-01
 7.93906530E-02
 1.32731143E-01
 6.58913667E-02
 7.57082775E-02
 1.54938085E-01
 9.49603956E-03
 8.26656283E-03
 6.78007339E-02
 2.35722049E-02
 6.52105841E-04
 1.36914108E-01
 1.27632250E-01
 5.65104258E-04
 1.96275023E-01
 1.40291609E-01
 1.35656110E-01
 1.40128767E-01
 8.22397051E-02
 1.26407918E-01
 5.00100016E-03
 1.94197559E-01
 1.39218472E-01
 2.68873575E-02
 1.92596861E-01
 2.02635098E-01
 6.92614752E-02
 1.38273473E-01
 6.89129766E-02
 1.22105916E-01
 1.37682430E-01
 7.99822583E-02
 1.36660166E-01
 6.81147816E-02
 7.71736503E-02
 1.12884992E-01
 7.16195257E-02
 3.88571563E-02
 9.90779909E-02
 1.63308077E-01
 9.84832602E-02
 2.71162070E-01
 1.62350809E-01
 9.61928757E-02
 2.68334975E-01
 6.49261198E-03
 2.65752178E-01
 1.58205127E-01
 8.43769709E-02
 5.36780100E-02
 9.07475016E-02
 5.36585324E-02
 7.98212333E-02
 9.05839205E-02
 5.27036415E-02
 7.95959391E-02
 7.86258316E-02
 8.87521314E-02
 2.14570211E-01
 2.01384404E-01
 2.98511651E-01
 2.08059921E-01
 6.87754105E-02
 6.50765420E-02
 1.86015022E-03
 1.04027072E-01
 2.39950588E-01
 2.07620573E-01
 8.80088954E-02
 4.70713712E-03
 1.96510911E-02
 1.07015996E-01
 3.22929342E-02
 6.92706147E-02
 4.66270812E-03
 8.22841921E-02
 1.19713589E-01
 1.23786528E-01
 1.07643263E-01
 6.55787365E-02
 1.98789267E-02
 1.19757326E-01
 8.07300258E-02
 1.21838235E-03
 1.06723571E-01
 1.23450943E-01
 1.04201874E-01
 3.22909424E-02
 1.07088532E-01
 2.39956094E-01
 2.08317572E-01
 8.61017727E-02
 5.13808910E-03
 1.87293259E-02
 1.06485764E-01
 3.23437353E-02
 1.93127408E-01
 8.50046409E-02
 1.40172304E-01
 1.47995955E-01
 2.19964302E-01
 2.58972532E-01
 7.30045641E-02
 5.80327731E-03
 1.47227632E-01
 1.34522621E-01
 1.58114017E-01
 1.34597757E-02
 1.74533869E-02
 2.19098803E-01
 1.57777748E-01
 2.68023420E-02
 1.05080013E-01
 2.58082310E-01
 1.33260864E-02
 3.20230064E-02
 7.37628583E-02
 1.90984826E-01
 6.98804161E-02
 3.64333822E-03
 8.05981014E-02
 1.17528683E-01
 1.23158815E-01
 1.07553997E-01
 3.71072758E-03
 1.44964623E-01
 1.32782601E-01
 1.57493662E-01
 1.29954941E-02
 7.76655570E-02
 1.31820989E-01
 2.28641489E-02
 8.18968429E-02
 1.13544858E-01
 1.56971497E-01
 8.14082677E-02
 1.21243675E-01
 1.18181557E-02
 1.05446133E-01
 6.55881260E-02
 2.04427731E-02
 1.17720694E-01
 7.89653433E-02
 1.94612720E-02
 2.15338183E-01
 1.55545358E-01
 1.13678120E-01
 1.55402428E-01
 8.09628114E-02
 7.53715862E-02
 9.59673610E-04
 1.04442896E-01
 1.20599673E-01
 1.30944665E-01
 1.02661116E-01
 2.55053875E-01
 1.25218365E-02
 1.18318314E-01
 1.11937486E-02
 1.01519871E-01
 2.71435873E-02
 9.73908132E-02
 2.50654261E-02
 8.48188635E-02
 9.12923228E-02
 2.22973100E-01
 2.07526301E-01
 8.78117942E-02
 4.85434961E-03
 1.95125185E-02
 1.06847077E-01
 3.23355119E-02
 8.73199827E-02
 1.39715023E-01
 1.49042214E-01
 2.20888554E-01
 2.59749092E-01
 7.33239966E-02
 5.03122222E-03
 1.48539991E-01
 1.34766477E-01
 1.58430303E-01
 1.94376499E-02
 2.20377253E-01
 1.58289724E-01
 1.05888321E-01
 2.59264808E-01
 3.22748583E-02
 8.42297131E-02
 1.39923886E-01
 1.47353705E-01
 2.19285841E-01
 2.58309372E-01
 1.39198635E-01
 3.46181655E-01
 1.68932997E-01
 1.44533247E-01
 1.44982276E-01
 1.67380135E-01
 3.78192157E-02
 2.16173213E-01
 1.43543337E-01
 2.54756639E-01
 4.33573336E-03
 1.43607144E-01
 1.32023995E-01
 1.56987671E-01
 1.41191496E-01
 1.59841190E-01
 3.73539616E-02
 1.29119615E-01
 3.72606359E-02
 4.99690953E-02
 1.54941030E-01
 1.76398641E-02
 2.12748823E-01
 1.53907306E-01
 2.07707559E-01
 1.37302363E-01
 1.50624531E-01
 1.01316424E-01
 2.51767321E-01
 1.34726941E-02
 2.45050346E-01
 2.24658055E-02
 7.00542135E-02
 4.81825641E-03
 8.21478583E-02
 1.19530609E-01
 1.23677935E-01
 1.07628948E-01
 5.08180773E-03
 1.48269394E-01
 1.34653109E-01
 1.58443666E-01
 1.31932832E-02
 8.13821171E-02
 1.34257171E-01
 2.30504755E-02
 8.25629166E-02
 1.18523926E-01
 1.58222509E-01
 8.23333132E-02
 1.22580966E-01
 1.24459606E-02
 1.06334501E-01
 7.03196498E-03
 1.45714470E-01
 1.33991283E-01
 1.57792067E-01
 1.44045185E-01
 1.66201376E-01
 3.76701932E-02
 1.32605094E-01
 3.75050243E-02
 5.02680121E-02
 1.56273764E-01
 7.33812762E-02
 1.29662001E-01
 2.26301474E-02
 8.12523337E-02
 1.27641735E-01
 3.72369102E-02
 4.96794753E-02
 2.20234153E-02
 4.90321889E-02
 7.81417748E-02
 1.07868162E-01
 1.53543131E-01
 7.95064341E-02
 1.50412825E-01
 7.88497924E-02
 7.58941918E-02
 1.16317935E-01
 1.03367940E-02
 1.12951481E-02
 8.37180444E-02
 6.66892385E-02
 1.98950008E-02
 1.19632625E-01
 8.06454065E-02
 1.95251553E-02
 2.20306781E-01
 1.58341888E-01
 1.18578328E-01
 1.58277727E-01
 8.22968684E-02
 7.98003301E-02
 1.50165732E-02
 2.17361240E-01
 1.56942639E-01
 2.69001225E-02
 2.15043649E-01
 1.42876583E-01
 8.23691263E-02
 1.55780993E-01
 8.19944220E-02
 1.07745798E-01
 1.55839795E-01
 8.00818680E-02
 1.54359734E-01
 8.08973889E-02
 7.73361339E-02
 7.04199334E-02
 1.20819776E-01
 5.00403469E-04
 1.06333170E-01
 1.23060112E-01
 1.05638496E-01
 2.59470906E-01
 1.22332977E-01
 1.03676469E-01
 2.56470948E-01
 1.34117757E-02
 2.53802841E-01
 1.19523452E-01
 1.04179829E-01
 3.23744129E-02
 1.07129212E-01
 3.25074094E-02
 7.39540628E-02
 1.06902834E-01
 3.16537853E-02
 7.35809118E-02
 7.25142020E-02
 1.04295068E-01
 2.41134894E-01
 1.92754896E-01
 3.40764051E-01
 2.07884207E-01
 1.05471554E-01
 1.09019904E-01
 3.69160550E-02
 1.23776009E-01
 2.66522220E-01
 2.07546123E-01
 3.96557940E-02
 2.20281322E-02
 3.89875899E-02
 1.14338765E-01
 1.07453640E-02
 1.05738831E-01
 2.19924831E-02
 6.78911753E-02
 1.02450304E-01
 8.33432629E-02
 1.23999778E-01
 1.09110500E-01
 3.92481949E-02
 1.02475108E-01
 3.36718606E-02
 3.73417871E-02
 1.14017082E-01
 8.30770536E-02
 1.23917619E-01
 1.08068030E-02
 1.23457995E-01
 2.66406633E-01
 2.07620775E-01
 3.85369346E-02
 2.17675928E-02
 3.82349815E-02
 1.13855646E-01
 1.08596288E-02
 1.84029167E-01
 3.80105043E-02
 1.87575118E-01
 1.93693888E-01
 2.43169721E-01
 2.46902549E-01
 6.70089709E-02
 2.10483168E-02
 1.93033568E-01
 1.62953386E-01
 1.75993232E-01
 3.35201512E-02
 3.70690191E-02
 2.42482430E-01
 1.75636678E-01
 2.68993408E-02
 1.12426966E-01
 2.46153003E-01
 3.33376595E-02
 1.07494997E-02
 6.78398014E-02
 1.81993856E-01
 1.05923321E-01
 2.22122188E-02
 6.64472148E-02
 1.00789998E-01
 8.30015708E-02
 1.23730629E-01
 2.18327855E-02
 1.90914729E-01
 1.60972981E-01
 1.75336835E-01
 3.31174417E-02
 6.40869861E-02
 1.60136782E-01
 2.29254444E-02
 8.19552357E-02
 9.77443068E-02
 1.75043022E-01
 8.14784145E-02
 8.17457890E-02
 3.18620491E-02
 1.21348101E-01
 1.08493084E-01
 3.92968588E-02
 1.00497528E-01
 3.25163572E-02
 3.78672260E-02
 2.39524338E-01
 1.73400936E-01
 9.72313782E-02
 1.73524817E-01
 8.10533943E-02
 3.04884296E-02
 3.93585793E-02
 1.11227923E-01
 8.05482017E-02
 1.81657448E-01
 1.09205638E-01
 2.43585566E-01
 3.25087035E-02
 7.89224059E-02
 3.11872605E-02
 1.20442348E-01
 5.12774112E-03
 1.14006862E-01
 3.36103324E-03
 7.96537563E-02
 1.07648494E-01
 2.47752789E-01
 2.07446318E-01
 3.97768149E-02
 2.17673346E-02
 3.87456258E-02
 1.14131853E-01
 1.08223061E-02
 3.99141022E-02
 1.88396213E-01
 1.95300166E-01
 2.44501196E-01
 2.47788481E-01
 6.73540916E-02
 2.12472141E-02
 1.94900120E-01
 1.63350534E-01
 1.76436746E-01
 3.84130297E-02
 2.44206451E-01
 1.76293062E-01
 1.13031629E-01
 2.47445382E-01
 1.09686425E-02
 3.75063069E-02
 1.86610291E-01
 1.92630793E-01
 2.42187565E-01
 2.46167631E-01
 1.84493544E-01
 2.58548899E-01
 1.21902308E-01
 8.40889884E-02
 1.89445736E-01
 1.20797776E-01
 1.78961827E-02
 2.38530474E-01
 8.34950802E-02
 2.42648460E-01
 2.12259103E-02
 1.88963685E-01
 1.59891215E-01
 1.74616257E-01
 1.85303074E-01
 1.15324172E-01
 1.76268422E-02
 1.56420412E-01
 1.76119318E-02
 6.82119726E-02
 1.72326906E-01
 3.60980613E-02
 2.36361300E-01
 1.71492245E-01
 2.30206814E-01
 7.95152359E-02
 1.67941241E-01
 1.07819549E-01
 2.40229173E-01
 3.33021623E-02
 2.33428890E-01
 8.49847241E-04
 1.06316683E-01
 2.16508279E-02
 6.77819043E-02
 1.02307269E-01
 8.32805824E-02
 1.23959811E-01
 2.11231798E-02
 1.94739190E-01
 1.63274342E-01
 1.76490877E-01
 3.32613238E-02
 6.71859330E-02
 1.62923647E-01
 2.30816643E-02
 8.26028745E-02
 1.01482236E-01
 1.76365797E-01
 8.23846146E-02
 8.24827435E-02
 3.24984347E-02
 1.22598663E-01
 1.99579868E-02
 1.91171095E-01
 1.62255828E-01
 1.75566583E-01
 1.88577899E-01
 1.19949861E-01
 1.77991622E-02
 1.60504999E-01
 1.77048585E-02
 6.85782849E-02
 1.73809883E-01
 6.05981218E-02
 1.57815468E-01
 2.27124384E-02
 8.13279511E-02
 1.55106587E-01
 1.76568919E-02
 6.79091086E-02
 2.21604687E-02
 6.72566236E-02
 7.82869525E-02
 9.27317405E-02
 1.71746751E-01
 7.96195467E-02
 1.68093486E-01
 9.18069400E-02
 7.60780018E-02
 7.77107729E-02
 3.01574993E-02
 3.08358021E-02
 9.96021645E-02
 1.09835998E-01
 3.91473831E-02
 1.02339234E-01
 3.36296784E-02
 3.84934317E-02
 2.44349710E-01
 1.76401108E-01
 1.01488283E-01
 1.76434030E-01
 8.23543532E-02
 3.31689475E-02
 3.50420083E-02
 2.40534458E-01
 1.74674881E-01
 2.69128322E-02
 2.37497750E-01
 8.30912017E-02
 9.54810352E-02
 1.73292956E-01
 9.50801420E-02
 9.33792352E-02
 1.74001664E-01
 8.01796867E-02
 1.72061399E-01
 9.36804267E-02
 7.74969444E-02
 2.79608920E-02
 1.69958077E-01
 3.78814458E-02
 1.13590198E-01
 8.27895836E-02
 1.12794910E-01
 2.47772068E-01
 8.22959833E-02
 1.11160856E-01
 2.44601225E-01
 3.33215791E-02
 2.41849038E-01
 8.08396268E-02
 1.23994828E-01
 1.10618874E-02
 1.23517874E-01
 1.13486015E-02
 6.80846099E-02
 1.23225485E-01
 1.05992841E-02
 6.75658566E-02
 6.64047659E-02
 1.19828562E-01
 2.67711402E-01
 1.84123369E-01
 4.13338913E-01
 2.59363462E-01
 1.35322311E-01
 1.07330550E-01
 7.15330424E-02
 1.63807628E-01
 3.09330573E-01
 2.59346479E-01
 8.06195925E-02
 2.07377036E-02
 7.29341236E-02
 8.83341574E-02
 4.71775457E-02
 1.35704277E-01
 2.07517580E-02
 9.25122600E-02
 1.33517242E-01
 4.91095863E-02
 1.57198728E-01
 1.07898694E-01
 7.27516057E-02
 1.33213510E-01
 3.03865806E-02
 7.22752777E-02
 8.78507707E-02
 4.87619268E-02
 1.64194772E-01
 4.72527019E-02
 1.56735375E-01
 3.09329083E-01
 2.59523003E-01
 8.03276861E-02
 1.98247014E-02
 7.18858229E-02
 8.77145497E-02
 4.74027429E-02
 2.21378081E-01
 8.05596578E-02
 1.08163995E-01
 1.62131627E-01
 2.39137978E-01
 1.64798390E-01
 2.81778380E-02
 1.86650467E-02
 1.61586419E-01
 1.50223873E-01
 1.64063139E-01
 1.02967862E-01
 7.00296028E-02
 2.38101743E-01
 1.63571141E-01
 5.94947213E-03
 8.60030127E-02
 1.64071702E-01
 1.02711094E-01
 4.75433400E-02
 2.73226708E-02
 2.19602506E-01
 1.36117300E-01
 2.02161648E-02
 9.02004220E-02
 1.31745533E-01
 4.88287009E-02
 1.56780473E-01
 1.90658417E-02
 1.60122951E-01
 1.48171174E-01
 1.63349949E-01
 1.02733275E-01
 8.76096464E-02
 1.47291609E-01
 3.98944747E-02
 1.16908556E-01
 1.28779630E-01
 1.62797795E-01
 1.16483143E-01
 4.79005571E-02
 1.01649809E-01
 1.54290240E-01
 1.09492375E-01
 7.02894713E-02
 1.29332119E-01
 2.87756892E-02
 6.81697171E-02
 2.34133584E-01
 1.60538432E-01
 1.26146033E-01
 1.60311002E-01
 1.16075534E-01
 2.78405186E-02
 7.56622621E-02
 8.41927744E-02
 4.58682937E-02
 2.24067232E-01
 8.19528801E-02
 1.61624635E-01
 1.02024101E-01
 4.47067824E-02
 1.01185789E-01
 1.61042273E-01
 4.14702605E-02
 1.47989675E-01
 4.01379721E-02
 1.60086529E-02
 1.41605704E-01
 2.90386457E-01
 2.59517279E-01
 8.09682253E-02
 2.03598746E-02
 7.26081395E-02
 8.81038137E-02
 4.72792539E-02
 8.14787455E-02
 1.09248910E-01
 1.63747647E-01
 2.40395081E-01
 1.65522923E-01
 2.79420656E-02
 1.96132031E-02
 1.63500107E-01
 1.50604890E-01
 1.64391099E-01
 7.15341793E-02
 2.39747801E-01
 1.64045243E-01
 8.67602229E-02
 1.65133300E-01
 4.75661209E-02
 8.08143319E-02
 1.06900216E-01
 1.61059514E-01
 2.38244653E-01
 1.64239152E-01
 1.04525348E-01
 1.23346884E-01
 7.57250336E-02
 9.44469927E-02
 1.58036693E-01
 7.49253781E-02
 1.12543174E-02
 2.34543315E-01
 9.36181336E-02
 1.61460576E-01
 1.77982820E-02
 1.58029243E-01
 1.47198778E-01
 1.62806388E-01
 1.54367028E-01
 7.12228800E-02
 1.08380496E-02
 1.43971690E-01
 1.06971509E-02
 8.65564941E-02
 1.60815911E-01
 6.60436134E-02
 2.31214210E-01
 1.59197961E-01
 2.25800210E-01
 8.93532437E-02
 1.56399839E-01
 8.03480201E-02
 1.59046690E-01
 1.01967142E-01
 1.54094492E-01
 3.80693914E-02
 1.36391474E-01
 2.02869267E-02
 9.22708043E-02
 1.33312097E-01
 4.90491332E-02
 1.57146752E-01
 1.94874971E-02
 1.63453270E-01
 1.50497690E-01
 1.64391745E-01
 1.02924569E-01
 9.14592057E-02
 1.50117877E-01
 4.00160964E-02
 1.17505976E-01
 1.32012609E-01
 1.63916661E-01
 1.17355307E-01
 4.82522194E-02
 1.02360434E-01
 1.55866812E-01
 1.71175063E-02
 1.59729805E-01
 1.49550646E-01
 1.63722175E-01
 1.57187550E-01
 7.43283005E-02
 1.11384423E-02
 1.47907506E-01
 1.09639456E-02
 8.69353753E-02
 1.62116829E-01
 8.41943445E-02
 1.45086484E-01
 3.96532088E-02
 1.16283634E-01
 1.42677279E-01
 1.06873566E-02
 8.62671311E-02
 3.90600770E-02
 8.56701536E-02
 1.13287442E-01
 1.22534342E-01
 1.58967681E-01
 1.14543465E-01
 1.56449588E-01
 6.88597664E-02
 1.10859096E-01
 4.43313894E-02
 9.97695637E-02
 9.88549668E-02
 1.33208641E-01
 1.08835847E-01
 7.22294866E-02
 1.32761798E-01
 3.02136033E-02
 7.13010066E-02
 2.39630491E-01
 1.63896552E-01
 1.31781185E-01
 1.63780649E-01
 1.17359907E-01
 2.97395691E-02
 6.77400431E-02
 2.36043101E-01
 1.62698296E-01
 6.04789039E-03
 2.33341698E-01
 9.30850851E-02
 7.14248894E-02
 1.61620950E-01
 7.11380042E-02
 1.25355418E-01
 1.61951880E-01
 1.15162170E-01
 1.60610479E-01
 6.96517794E-02
 1.12459854E-01
 2.77077374E-02
 2.10678559E-01
 7.29908378E-02
 8.72993262E-02
 4.84384206E-02
 8.64433148E-02
 1.65330475E-01
 4.80313096E-02
 8.45975145E-02
 1.62816605E-01
 1.02372890E-01
 1.60812334E-01
 4.77139024E-02
 1.64571234E-01
 4.76444521E-02
 1.56868918E-01
 4.80488996E-02
 2.72601471E-02
 1.56584115E-01
 4.77502448E-02
 2.74902838E-02
 2.81655730E-02
 1.52457035E-01
 3.10882881E-01
 2.22052451E-01
 4.75039922E-01
 2.96153393E-01
 1.80378775E-01
 1.58426999E-01
 1.73826358E-01
 2.70657849E-01
 4.05612226E-01
 2.96726006E-01
 9.36288508E-02
 9.37764270E-05
 2.86186827E-02
 2.64668366E-02
 1.65994704E-01
 1.81635113E-01
 6.87191964E-04
 4.34098766E-02
 3.72959239E-02
 1.00492332E-01
 2.85608636E-01
 1.60070649E-01
 2.75231735E-02
 3.67796839E-02
 9.91395639E-02
 1.75445267E-01
 2.76004478E-02
 1.00963470E-01
 2.71814237E-01
 1.66593256E-01
 2.85413732E-01
 4.06185732E-01
 2.98061344E-01
 9.50365328E-02
 2.08370718E-03
 2.71131250E-02
 2.71814625E-02
 1.66206523E-01
 3.24568701E-01
 9.61731340E-02
 1.01118935E-01
 1.34992499E-01
 1.59446828E-01
 1.16790472E-02
 1.80308158E-01
 4.43317623E-03
 1.33736576E-01
 7.29529754E-02
 2.52391163E-02
 2.58061991E-01
 2.42645282E-02
 1.57717779E-01
 2.48601652E-02
 1.44090911E-01
 2.94256944E-02
 1.06303039E-02
 2.57722728E-01
 1.66916936E-01
 1.79837482E-01
 3.23473915E-01
 1.84545962E-01
 4.18777386E-03
 3.92143848E-02
 3.47277018E-02
 1.01026562E-01
 2.85162170E-01
 6.03826513E-03
 1.30958980E-01
 7.00405887E-02
 2.38417631E-02
 2.58284362E-01
 3.58764310E-02
 6.84314830E-02
 1.62821327E-01
 2.89255113E-01
 3.17059498E-02
 2.27757906E-02
 2.88783681E-01
 1.01905495E-01
 2.57704315E-01
 2.83133832E-01
 1.65563213E-01
 2.12692022E-02
 3.10983725E-02
 1.01476623E-01
 1.89866280E-02
 1.51808123E-01
 2.12898151E-02
 2.79175503E-02
 2.01947236E-02
 2.87903818E-01
 1.01766605E-01
 1.81712383E-01
 3.34828230E-02
 1.04521147E-01
 3.52975871E-01
 3.52673929E-02
 6.90563240E-03
 2.57617954E-01
 1.05372876E-01
 2.57711790E-01
 2.71102594E-01
 1.63039117E-01
 2.79012194E-01
 1.61728227E-01
 1.71349586E-01
 2.73489811E-01
 3.90246164E-01
 2.97305756E-01
 9.42443466E-02
 5.30592974E-04
 2.82850010E-02
 2.66572429E-02
 1.66071151E-01
 9.52061631E-02
 1.02970696E-01
 1.36630646E-01
 1.60537191E-01
 1.21204739E-02
 1.80299707E-01
 2.12763961E-03
 1.35829449E-01
 7.30973659E-02
 2.52609704E-02
 2.61861724E-02
 1.59179624E-01
 2.48890465E-02
 2.85582437E-02
 1.12626174E-02
 1.66888497E-01
 9.72418893E-02
 9.97770864E-02
 1.34273903E-01
 1.58941464E-01
 1.14750060E-02
 9.75917059E-02
 1.91545493E-01
 1.39542224E-01
 1.09299839E-01
 1.31252818E-01
 1.38336532E-01
 2.34557514E-02
 1.55624896E-01
 1.08171031E-01
 9.62661342E-03
 7.86514664E-03
 1.29159066E-01
 6.96444886E-02
 2.37700561E-02
 1.26392711E-01
 1.34199482E-01
 2.23853087E-02
 6.69038770E-02
 2.17577101E-02
 1.38357668E-01
 2.25570823E-02
 1.69304307E-02
 1.49920780E-01
 2.11260209E-02
 1.46731110E-01
 1.03249929E-01
 1.96880393E-02
 3.64976077E-02
 5.91113263E-03
 2.56423249E-01
 4.19797659E-03
 1.59759017E-01
 1.82860114E-01
 1.66533420E-03
 4.29017851E-02
 3.69544057E-02
 1.00590909E-01
 2.85567574E-01
 2.68907247E-03
 1.35388881E-01
 7.27907863E-02
 2.50886916E-02
 2.58371304E-01
 4.15106611E-02
 7.20385200E-02
 1.63108328E-01
 2.89815938E-01
 3.51917423E-02
 2.42351386E-02
 2.89646097E-01
 1.01540701E-01
 2.58196228E-01
 2.84753511E-01
 6.83334794E-03
 1.31693392E-01
 7.24674566E-02
 2.50860838E-02
 1.29897819E-01
 1.37442899E-01
 2.33289212E-02
 7.11592350E-02
 2.30153072E-02
 1.39085604E-01
 2.42222001E-02
 3.22700330E-02
 6.62701995E-02
 1.62395604E-01
 2.88649403E-01
 6.51261152E-02
 2.12417935E-02
 1.37874681E-01
 1.61501292E-01
 1.36980644E-01
 2.85713215E-01
 2.50862645E-02
 1.93400186E-02
 2.86250594E-01
 1.90985393E-02
 1.02747048E-01
 2.82525093E-01
 1.05091261E-01
 2.56053240E-01
 2.53058985E-01
 2.65778175E-01
 1.61490577E-01
 2.64125555E-02
 3.61022252E-02
 9.94223964E-02
 2.54104851E-02
 1.58546442E-01
 2.45199960E-02
 3.48921015E-02
 2.40571036E-02
 2.89595683E-01
 9.99911395E-02
 2.17212621E-02
 1.55809627E-01
 2.45217121E-02
 1.43740411E-01
 1.54251705E-01
 1.07543347E-01
 1.04220444E-01
 2.41063391E-02
 1.03951136E-01
 2.91539156E-02
 2.22252579E-02
 2.87344767E-01
 2.22369228E-02
 1.03309689E-01
 2.84741000E-01
 1.00283468E-01
 3.40173014E-01
 1.76601653E-01
 2.85087436E-02
 1.01362590E-01
 2.92477730E-02
 1.09720331E-02
 1.01798174E-01
 3.09326144E-02
 9.78867201E-03
 2.56966426E-01
 9.08341316E-03
 1.01623958E-01
 2.72726972E-01
 1.67361221E-01
 2.85704065E-01
 1.67744503E-01
 1.80510200E-01
 2.85556396E-01
 1.67471950E-01
 1.79872898E-01
 1.79698322E-01
 2.81340359E-01
 4.08062872E-01
 3.26013803E-01
