 4.20319963E-01
 2.02503334E-01
 1.39442445E-01
 1.23448070E-01
 1.08805677E-01
 2.36076883E-01
 4.21013765E-01
 2.03997049E-01
 2.80044828E-02
 3.78144745E-02
 6.16827285E-02
 2.70751961E-02
 2.09957638E-01
 1.42005606E-01
 3.66473328E-02
 4.71158531E-02
 5.73440744E-02
 2.39938630E-01
 0.00000000E+00
 1.26639176E-01
 5.95808598E-02
 5.82015011E-02
 3.05734548E-01
 1.12210788E-01
 2.89723123E-02
 2.40554557E-01
 2.37798790E-01
 2.09956054E-01
 0.00000000E+00
 4.20515439E-01
 2.06034542E-01
 3.15372225E-02
 3.50481776E-02
 5.98642086E-02
 2.79573348E-02
 2.10349318E-01
 0.00000000E+00
 3.43964064E-02
 2.17100449E-03
 2.77910177E-02
 4.49127609E-02
 3.29483818E-01
 0.00000000E+00
 3.06911737E-02
 2.66184599E-02
 5.23171089E-02
 2.86915372E-01
 0.00000000E+00
 5.49921973E-02
 4.64123432E-02
 2.86809627E-01
 0.00000000E+00
 3.15627453E-02
 3.29893626E-01
 0.00000000E+00
 2.10780151E-01
 0.00000000E+00
 0.00000000E+00
 1.46855758E-01
 3.05252009E-02
 4.26676223E-02
 5.95251370E-02
 2.40333934E-01
 0.00000000E+00
 2.70438942E-02
 2.47528875E-02
 5.32419431E-02
 2.87183969E-01
 0.00000000E+00
 3.82356016E-02
 5.39540343E-02
 2.21846781E-01
 0.00000000E+00
 6.24904895E-02
 2.86726130E-01
 0.00000000E+00
 2.40567216E-01
 0.00000000E+00
 0.00000000E+00
 1.34988718E-01
 5.07097122E-02
 6.38773132E-02
 3.07622286E-01
 4.68888883E-02
 4.97887839E-02
 2.86964565E-01
 6.69463539E-02
 2.86708535E-01
 0.00000000E+00
 3.05881525E-01
 1.21848198E-01
 3.61762780E-02
 2.43759898E-01
 0.00000000E+00
 3.87777177E-02
 3.30973375E-01
 0.00000000E+00
 2.43784204E-01
 0.00000000E+00
 2.36767203E-01
 2.04822317E-01
 0.00000000E+00
 2.03764301E-01
 0.00000000E+00
 0.00000000E+00
 4.00657329E-01
 2.04826496E-01
 2.87017490E-02
 3.74020682E-02
 6.13421801E-02
 2.72385051E-02
 2.10058237E-01
 3.08495745E-02
 4.69658594E-03
 2.88762177E-02
 4.41576844E-02
 3.29374440E-01
 0.00000000E+00
 3.41651804E-02
 2.80694823E-02
 5.21178127E-02
 2.86767482E-01
 5.72837310E-02
 4.53908895E-02
 2.86687991E-01
 3.02931804E-02
 3.29757759E-01
 2.10364880E-01
 3.62713613E-02
 1.15238320E-03
 2.74563276E-02
 4.51688822E-02
 3.29437051E-01
 1.15052392E-03
 3.85651148E-02
 1.11807714E-02
 2.72637828E-01
 2.48997065E-02
 1.07220603E-02
 1.46086660E-01
 4.77672622E-02
 2.71677040E-01
 3.29161383E-01
 2.45530809E-02
 2.36994655E-02
 5.33835793E-02
 2.87253488E-01
 2.17328636E-02
 9.10451165E-03
 1.44866763E-01
 5.44347380E-02
 1.43604675E-01
 0.00000000E+00
 2.86450150E-01
 4.42351283E-02
 5.06949114E-02
 2.86868574E-01
 5.23333642E-02
 2.68961716E-01
 2.85978964E-01
 4.07710298E-02
 3.30653888E-01
 0.00000000E+00
 3.29076090E-01
 2.02662378E-01
 1.43479639E-01
 3.56027834E-02
 4.65408313E-02
 5.76882231E-02
 2.40015233E-01
 0.00000000E+00
 3.35070081E-02
 2.78495053E-02
 5.22178902E-02
 2.86767674E-01
 0.00000000E+00
 4.38366744E-02
 5.26462714E-02
 2.22355738E-01
 0.00000000E+00
 6.00833435E-02
 2.86489633E-01
 0.00000000E+00
 2.40583370E-01
 0.00000000E+00
 0.00000000E+00
 2.76959254E-02
 2.54274829E-02
 5.25389628E-02
 2.86989326E-01
 2.40220711E-02
 1.04806159E-02
 1.45838289E-01
 5.32769491E-02
 1.44911687E-01
 0.00000000E+00
 2.86466147E-01
 3.50381245E-02
 5.45419438E-02
 2.21321736E-01
 0.00000000E+00
 5.48401519E-02
 1.42727171E-01
 0.00000000E+00
 2.19413665E-01
 0.00000000E+00
 0.00000000E+00
 6.87290368E-02
 2.86133037E-01
 0.00000000E+00
 2.85339557E-01
 0.00000000E+00
 0.00000000E+00
 2.43000903E-01
 0.00000000E+00
 0.00000000E+00
 0.00000000E+00
 1.28321552E-01
 5.82299521E-02
 5.88981094E-02
 3.06033871E-01
 5.62250989E-02
 4.58004386E-02
 2.86641368E-01
 6.04593659E-02
 2.86438791E-01
 0.00000000E+00
 3.05552599E-01
 5.20389677E-02
 4.75346940E-02
 2.86741327E-01
 0.00000000E+00
 4.86202254E-02
 2.71160196E-01
 0.00000000E+00
 2.86270086E-01
 0.00000000E+00
 6.38722904E-02
 2.86098252E-01
 0.00000000E+00
 2.85554276E-01
 0.00000000E+00
 0.00000000E+00
 3.02585457E-01
 0.00000000E+00
 1.13975329E-01
 3.00027127E-02
 2.40838522E-01
 3.11594629E-02
 3.29913270E-01
 2.40766751E-01
 3.36620289E-02
 3.29900926E-01
 0.00000000E+00
 3.29041486E-01
 2.39718175E-01
 2.39277407E-01
 2.10653331E-01
 0.00000000E+00
 2.11025495E-01
 0.00000000E+00
 0.00000000E+00
 2.11718952E-01
 0.00000000E+00
 0.00000000E+00
 0.00000000E+00
 4.22646705E-01
 0.00000000E+00
 4.07537637E-01
 1.52925330E-01
 5.64473062E-02
 1.12011143E-01
 1.95300052E-01
 1.32214215E-02
 2.53868807E-01
 1.53329539E-01
 1.55611288E-02
 1.68217071E-01
 4.64846304E-01
 4.05429295E-01
 1.33857203E-01
 5.76771143E-02
 1.67210588E-01
 2.68207257E-01
 3.45195159E-01
 1.28075532E-01
 0.00000000E+00
 1.09163214E-01
 4.61821311E-01
 3.43428529E-01
 3.74898766E-02
 1.91565272E-01
 4.02653802E-01
 1.26834410E-01
 1.16592874E-02
 1.34043370E-01
 0.00000000E+00
 2.52693790E-01
 1.52637796E-01
 1.28113653E-02
 1.65603359E-01
 4.62983867E-01
 4.04354750E-01
 1.33209459E-01
 0.00000000E+00
 1.06167329E-02
 8.08444122E-02
 6.87312875E-02
 3.21199003E-01
 4.30696926E-02
 0.00000000E+00
 1.61536785E-01
 6.74423155E-02
 8.09404500E-02
 7.39726000E-03
 0.00000000E+00
 4.56563050E-01
 3.18326521E-01
 6.83718724E-03
 0.00000000E+00
 3.99163998E-01
 4.42117395E-02
 0.00000000E+00
 1.32510195E-01
 0.00000000E+00
 0.00000000E+00
 5.89989856E-02
 1.61432837E-01
 2.63107971E-01
 3.43020844E-01
 1.27792043E-01
 0.00000000E+00
 1.57962939E-01
 6.52882315E-02
 7.95608628E-02
 7.21910922E-03
 0.00000000E+00
 2.58144459E-01
 7.85847005E-02
 1.02849072E-02
 0.00000000E+00
 3.38857300E-01
 7.20519639E-03
 0.00000000E+00
 1.27209536E-01
 0.00000000E+00
 0.00000000E+00
 1.01863082E-01
 4.50087271E-01
 3.34636240E-01
 3.49421162E-02
 4.45060220E-01
 3.12081954E-01
 5.31418257E-03
 3.30643623E-01
 5.66092009E-03
 0.00000000E+00
 3.78818789E-02
 1.80634356E-01
 3.92355495E-01
 1.21251281E-01
 0.00000000E+00
 3.88505468E-01
 4.71023807E-02
 0.00000000E+00
 1.21152302E-01
 0.00000000E+00
 1.45984127E-02
 1.41630979E-01
 0.00000000E+00
 1.42652724E-01
 0.00000000E+00
 0.00000000E+00
 2.26132158E-01
 1.53658361E-01
 1.51351306E-02
 1.67871686E-01
 4.64443539E-01
 4.05227848E-01
 1.33708919E-01
 1.36379932E-02
 7.85020699E-02
 6.97976615E-02
 3.22093082E-01
 4.30210735E-02
 0.00000000E+00
 1.64953394E-01
 6.88786785E-02
 8.14090485E-02
 7.82607462E-03
 4.58935162E-01
 3.19574764E-01
 7.33944292E-03
 4.00841655E-01
 4.41533561E-02
 1.33319427E-01
 9.00071542E-03
 8.16144086E-02
 6.84165171E-02
 3.20850773E-01
 4.29607572E-02
 8.33003905E-02
 3.31183779E-01
 1.05488828E-01
 6.87098005E-02
 6.57427121E-02
 1.05246168E-01
 1.35007787E-01
 3.16247455E-01
 6.89732208E-02
 4.29204785E-02
 1.55305472E-01
 6.42077890E-02
 7.91865248E-02
 7.00620192E-03
 6.21811257E-02
 1.03575264E-01
 1.34451062E-01
 7.71690002E-02
 1.33807516E-01
 0.00000000E+00
 6.71857081E-03
 4.41539706E-01
 3.10792191E-01
 4.98075703E-03
 3.08244197E-01
 6.84294428E-02
 5.07447489E-03
 3.85337078E-01
 4.64758379E-02
 0.00000000E+00
 4.37811580E-02
 1.43597814E-01
 5.85338985E-02
 1.66342913E-01
 2.67529857E-01
 3.44735251E-01
 1.27975106E-01
 0.00000000E+00
 1.64400261E-01
 6.85837459E-02
 8.12557655E-02
 7.82017932E-03
 0.00000000E+00
 2.64451216E-01
 8.06443805E-02
 1.03670013E-02
 0.00000000E+00
 3.40952886E-01
 7.58623046E-03
 0.00000000E+00
 1.26814373E-01
 0.00000000E+00
 0.00000000E+00
 1.58558601E-01
 6.61839583E-02
 8.04274527E-02
 7.14580671E-03
 6.47753112E-02
 1.05221631E-01
 1.34849941E-01
 7.87578930E-02
 1.34323473E-01
 0.00000000E+00
 6.29065805E-03
 2.54504165E-01
 7.76066193E-02
 1.00718408E-02
 0.00000000E+00
 7.66266330E-02
 1.33413022E-01
 0.00000000E+00
 9.11096909E-03
 0.00000000E+00
 0.00000000E+00
 3.28541608E-01
 6.13117229E-03
 0.00000000E+00
 6.13981345E-03
 0.00000000E+00
 0.00000000E+00
 1.22187202E-01
 0.00000000E+00
 0.00000000E+00
 0.00000000E+00
 1.07628664E-01
 4.59984692E-01
 3.42162941E-01
 3.69118645E-02
 4.57416130E-01
 3.18588452E-01
 7.15212429E-03
 3.40077801E-01
 7.39732380E-03
 0.00000000E+00
 3.75492746E-02
 4.52713010E-01
 3.16337368E-01
 6.26478267E-03
 0.00000000E+00
 3.14590791E-01
 6.91496620E-02
 0.00000000E+00
 5.96371623E-03
 0.00000000E+00
 3.37107667E-01
 7.56933602E-03
 0.00000000E+00
 7.53586584E-03
 0.00000000E+00
 0.00000000E+00
 4.32607126E-02
 0.00000000E+00
 1.89624335E-01
 4.01228677E-01
 1.26254063E-01
 3.99619541E-01
 4.47014873E-02
 1.26353253E-01
 3.96063636E-01
 4.44435284E-02
 0.00000000E+00
 4.29981257E-02
 1.28286776E-01
 1.00610962E-02
 1.33166812E-01
 0.00000000E+00
 1.32497377E-01
 0.00000000E+00
 0.00000000E+00
 1.30937371E-01
 0.00000000E+00
 0.00000000E+00
 0.00000000E+00
 2.55202803E-01
 0.00000000E+00
 6.17288718E-01
 3.77569474E-01
 2.84215183E-01
 7.02043561E-03
 1.36347074E-01
 7.02906153E-02
 3.53067545E-01
 3.75736834E-01
 2.31417358E-01
 1.71220526E-03
 5.37678578E-01
 5.01055400E-01
 1.68162958E-01
 2.82252605E-01
 1.90134528E-03
 1.98384985E-01
 4.71230502E-01
 2.37483672E-01
 0.00000000E+00
 7.29843760E-03
 5.34793207E-01
 4.68913092E-01
 1.53579656E-01
 1.34226814E-01
 4.98250226E-01
 2.35898095E-01
 7.05518695E-02
 1.68653913E-01
 0.00000000E+00
 3.51136678E-01
 3.70276195E-01
 2.31368224E-01
 2.41735710E-03
 5.36916423E-01
 5.00300898E-01
 1.67435725E-01
 0.00000000E+00
 2.31123357E-01
 4.11605160E-01
 1.00290094E-01
 4.89209821E-01
 4.46579755E-02
 0.00000000E+00
 3.49573186E-03
 1.00847471E-01
 7.07945012E-02
 2.13198875E-01
 0.00000000E+00
 5.31685307E-01
 4.85954229E-01
 2.12098106E-01
 0.00000000E+00
 4.95352023E-01
 4.32301374E-02
 0.00000000E+00
 1.66818889E-01
 0.00000000E+00
 0.00000000E+00
 2.75931733E-01
 3.42604661E-03
 1.95468553E-01
 4.70682997E-01
 2.37707753E-01
 0.00000000E+00
 4.67122061E-03
 1.01287109E-01
 6.98063498E-02
 2.13641603E-01
 0.00000000E+00
 1.92906197E-01
 6.93070048E-02
 1.43394694E-01
 0.00000000E+00
 4.67551748E-01
 2.13837896E-01
 0.00000000E+00
 2.37350893E-01
 0.00000000E+00
 0.00000000E+00
 7.42996851E-03
 5.25345267E-01
 4.60332531E-01
 1.51926128E-01
 5.21335623E-01
 4.79816780E-01
 2.10335164E-01
 4.57823467E-01
 2.11482737E-01
 0.00000000E+00
 1.56530469E-01
 1.27493515E-01
 4.88495653E-01
 2.29735573E-01
 0.00000000E+00
 4.84855858E-01
 4.01695013E-02
 0.00000000E+00
 2.30185949E-01
 0.00000000E+00
 6.51439683E-02
 1.77057951E-01
 0.00000000E+00
 1.77698240E-01
 0.00000000E+00
 0.00000000E+00
 3.26088385E-01
 3.74903933E-01
 2.31218811E-01
 1.81267547E-03
 5.37339292E-01
 5.00886810E-01
 1.68012058E-01
 2.30865239E-01
 4.10719306E-01
 9.97166201E-02
 4.89973642E-01
 4.45910955E-02
 0.00000000E+00
 2.56121052E-03
 1.00160703E-01
 7.15756591E-02
 2.13973818E-01
 5.32473148E-01
 4.86940230E-01
 2.13035126E-01
 4.96643311E-01
 4.30752608E-02
 1.67819113E-01
 2.31164660E-01
 4.11601423E-01
 1.00512218E-01
 4.88785346E-01
 4.47978775E-02
 4.11635795E-01
 8.48693580E-01
 3.77691014E-01
 4.42370625E-02
 1.01920968E-01
 3.77520827E-01
 2.50324407E-01
 4.83540567E-01
 4.29235673E-02
 4.49380522E-02
 5.73965245E-03
 1.01759139E-01
 6.92508410E-02
 2.13291657E-01
 1.02889459E-01
 3.74534304E-01
 2.50665166E-01
 6.72538183E-02
 2.50947915E-01
 0.00000000E+00
 2.12719511E-01
 5.18695954E-01
 4.78797008E-01
 2.09638506E-01
 4.76261154E-01
 4.28942701E-02
 2.09880091E-01
 4.81679463E-01
 4.12904886E-02
 0.00000000E+00
 4.50197438E-02
 1.78125415E-01
 2.81428872E-01
 2.04182712E-03
 1.97839614E-01
 4.70783202E-01
 2.37392242E-01
 0.00000000E+00
 2.62442033E-03
 1.00345228E-01
 7.14050563E-02
 2.13968319E-01
 0.00000000E+00
 1.95980266E-01
 7.09740013E-02
 1.43643822E-01
 0.00000000E+00
 4.67043492E-01
 2.13603585E-01
 0.00000000E+00
 2.36130119E-01
 0.00000000E+00
 0.00000000E+00
 4.43341633E-03
 1.01428968E-01
 7.00447886E-02
 2.12762278E-01
 1.02286907E-01
 3.77587774E-01
 2.50364275E-01
 6.79563926E-02
 2.50551021E-01
 0.00000000E+00
 2.10991840E-01
 1.91212322E-01
 6.86945545E-02
 1.43381035E-01
 0.00000000E+00
 6.72992325E-02
 2.51132654E-01
 0.00000000E+00
 1.43695408E-01
 0.00000000E+00
 0.00000000E+00
 4.57290932E-01
 2.12609241E-01
 0.00000000E+00
 2.12078230E-01
 0.00000000E+00
 0.00000000E+00
 2.31745532E-01
 0.00000000E+00
 0.00000000E+00
 0.00000000E+00
 7.50151955E-03
 5.33123485E-01
 4.67349921E-01
 1.52840135E-01
 5.31043890E-01
 4.85626558E-01
 2.12651561E-01
 4.65829276E-01
 2.13211100E-01
 0.00000000E+00
 1.53936817E-01
 5.28823800E-01
 4.83806484E-01
 2.10937348E-01
 0.00000000E+00
 4.81791313E-01
 4.21847309E-02
 0.00000000E+00
 2.10213909E-01
 0.00000000E+00
 4.67050651E-01
 2.14563843E-01
 0.00000000E+00
 2.14091930E-01
 0.00000000E+00
 0.00000000E+00
 1.63876111E-01
 0.00000000E+00
 1.33128229E-01
 4.96904944E-01
 2.35157639E-01
 4.95476807E-01
 4.22478423E-02
 2.35496259E-01
 4.92430479E-01
 4.29995702E-02
 0.00000000E+00
 4.48838272E-02
 2.38799831E-01
 7.14078216E-02
 1.67954624E-01
 0.00000000E+00
 1.67173546E-01
 0.00000000E+00
 0.00000000E+00
 1.65115646E-01
 0.00000000E+00
 0.00000000E+00
 0.00000000E+00
 3.52869423E-01
 0.00000000E+00
 7.21728499E-01
 4.97173526E-01
 5.10392843E-01
 3.14968585E-01
 4.78123715E-02
 2.25389139E-01
 5.09568349E-01
 4.94046424E-01
 3.62131178E-01
 1.78344839E-01
 3.61226576E-01
 4.11135163E-01
 7.75404671E-02
 5.06306947E-01
 1.78003228E-01
 3.70845605E-02
 2.71730209E-01
 1.20710685E-01
 0.00000000E+00
 3.12461310E-01
 3.59085791E-01
 2.69432968E-01
 6.14883193E-02
 4.82631632E-02
 4.08548561E-01
 1.19108558E-01
 2.24432789E-01
 7.82695619E-02
 0.00000000E+00
 5.07114538E-01
 4.86319945E-01
 3.60912423E-01
 1.76890726E-01
 3.61931306E-01
 4.11022352E-01
 7.69998412E-02
 0.00000000E+00
 3.58973498E-01
 5.90408017E-01
 2.14732196E-01
 4.67352364E-01
 9.09899723E-03
 0.00000000E+00
 1.75149515E-01
 2.14134643E-01
 2.03214121E-02
 2.60726645E-01
 0.00000000E+00
 3.59241696E-01
 4.64824826E-01
 2.59291068E-01
 0.00000000E+00
 4.07330374E-01
 7.96265153E-03
 0.00000000E+00
 7.70369623E-02
 0.00000000E+00
 0.00000000E+00
 4.95906267E-01
 1.76175999E-01
 3.69145022E-02
 2.73217615E-01
 1.21499415E-01
 0.00000000E+00
 1.75031588E-01
 2.11484165E-01
 1.98901825E-02
 2.61743676E-01
 0.00000000E+00
 3.64682019E-02
 2.00335140E-02
 1.58250983E-01
 0.00000000E+00
 2.72077807E-01
 2.62342450E-01
 0.00000000E+00
 1.21445831E-01
 0.00000000E+00
 0.00000000E+00
 3.05916088E-01
 3.53649143E-01
 2.63457821E-01
 6.16943675E-02
 3.51789907E-01
 4.61697895E-01
 2.57756286E-01
 2.63224500E-01
 2.59764534E-01
 0.00000000E+00
 5.67340301E-02
 5.11327886E-02
 4.00191744E-01
 1.13495283E-01
 0.00000000E+00
 3.97890631E-01
 6.35463434E-03
 0.00000000E+00
 1.14253920E-01
 0.00000000E+00
 2.17154589E-01
 8.67809983E-02
 0.00000000E+00
 8.77417230E-02
 0.00000000E+00
 0.00000000E+00
 4.85798262E-01
 4.92402866E-01
 3.61816966E-01
 1.78268898E-01
 3.60989972E-01
 4.11039602E-01
 7.74198468E-02
 3.60639632E-01
 5.89782894E-01
 2.14128093E-01
 4.68298446E-01
 9.08275449E-03
 0.00000000E+00
 1.77249750E-01
 2.13518330E-01
 2.13678678E-02
 2.61820825E-01
 3.57822070E-01
 4.65924547E-01
 2.60605682E-01
 4.07626835E-01
 7.83856926E-03
 7.76955954E-02
 3.57431624E-01
 5.90318556E-01
 2.15100445E-01
 4.66718963E-01
 9.18249012E-03
 5.90575406E-01
 1.28171607E+00
 6.43249893E-01
 2.03687694E-02
 2.15833574E-01
 6.42021037E-01
 4.08731683E-01
 4.61439342E-01
 2.17249951E-02
 9.35620781E-03
 1.73992578E-01
 2.11907872E-01
 1.90814041E-02
 2.61165603E-01
 2.13494607E-01
 6.34640235E-01
 4.09366242E-01
 1.69143591E-02
 4.09934284E-01
 0.00000000E+00
 2.60136679E-01
 3.51117279E-01
 4.60683982E-01
 2.56668250E-01
 4.57412584E-01
 1.90454485E-02
 2.56772645E-01
 3.95952914E-01
 7.46245567E-03
 0.00000000E+00
 1.08094198E-02
 8.86099304E-02
 5.04362966E-01
 1.77771267E-01
 3.72805283E-02
 2.71501680E-01
 1.20705425E-01
 0.00000000E+00
 1.77133631E-01
 2.13289332E-01
 2.13547816E-02
 2.61937531E-01
 0.00000000E+00
 3.73361992E-02
 2.14375982E-02
 1.58505345E-01
 0.00000000E+00
 2.68971130E-01
 2.61817905E-01
 0.00000000E+00
 1.19693060E-01
 0.00000000E+00
 0.00000000E+00
 1.73970299E-01
 2.14307921E-01
 1.95207659E-02
 2.60205503E-01
 2.15683130E-01
 6.41607449E-01
 4.08815659E-01
 1.72715682E-02
 4.09192077E-01
 0.00000000E+00
 2.57827263E-01
 3.59592482E-02
 1.94505051E-02
 1.58237441E-01
 0.00000000E+00
 1.71960163E-02
 4.10341735E-01
 0.00000000E+00
 1.58565092E-01
 0.00000000E+00
 0.00000000E+00
 2.64339308E-01
 2.61118825E-01
 0.00000000E+00
 2.59573031E-01
 0.00000000E+00
 0.00000000E+00
 1.15751400E-01
 0.00000000E+00
 0.00000000E+00
 0.00000000E+00
 3.11259161E-01
 3.57811595E-01
 2.68078411E-01
 6.21156903E-02
 3.56673200E-01
 4.64846707E-01
 2.60233047E-01
 2.67751349E-01
 2.61316462E-01
 0.00000000E+00
 6.07760993E-02
 3.58251092E-01
 4.62803964E-01
 2.57801383E-01
 0.00000000E+00
 4.59973578E-01
 2.25112759E-02
 0.00000000E+00
 2.56785870E-01
 0.00000000E+00
 2.72972966E-01
 2.63096255E-01
 0.00000000E+00
 2.61722527E-01
 0.00000000E+00
 0.00000000E+00
 4.96198035E-02
 0.00000000E+00
 4.85166468E-02
 4.07339928E-01
 1.18459324E-01
 4.06517390E-01
 7.09267384E-03
 1.19063665E-01
 4.05364486E-01
 7.77284657E-03
 0.00000000E+00
 9.35910454E-03
 1.22897232E-01
 2.24554195E-01
 7.77537366E-02
 0.00000000E+00
 7.71955298E-02
 0.00000000E+00
 0.00000000E+00
 7.58969570E-02
 0.00000000E+00
 0.00000000E+00
 0.00000000E+00
 5.07958477E-01
 0.00000000E+00
 8.26226263E-01
 6.16843643E-01
 7.36693260E-01
 6.23082629E-01
 2.32070888E-01
 3.80570254E-01
 6.66151220E-01
 6.12420353E-01
 4.92915331E-01
 3.55070987E-01
 1.84681735E-01
 3.21167502E-01
 1.31285795E-02
 7.30477986E-01
 3.54195820E-01
 2.72672916E-01
 7.21310151E-02
 3.88095283E-03
 0.00000000E+00
 6.17775702E-01
 1.83292541E-01
 6.98587699E-02
 2.76653569E-01
 2.30837842E-01
 3.18806499E-01
 2.26977501E-03
 3.78377291E-01
 1.21494008E-02
 0.00000000E+00
 6.63145400E-01
 6.02425328E-01
 4.90524269E-01
 3.51452857E-01
 1.86858050E-01
 3.21698962E-01
 1.34801406E-02
 0.00000000E+00
 4.86888131E-01
 7.69298199E-01
 3.29228955E-01
 4.45483710E-01
 2.64764663E-02
 0.00000000E+00
 3.46882879E-01
 3.27472621E-01
 3.01737238E-02
 3.08273136E-01
 0.00000000E+00
 1.86726413E-01
 4.43686844E-01
 3.06500886E-01
 0.00000000E+00
 3.19278562E-01
 2.73152408E-02
 0.00000000E+00
 1.27660235E-02
 0.00000000E+00
 0.00000000E+00
 7.15983711E-01
 3.49004811E-01
 2.69398708E-01
 7.56692195E-02
 5.24419638E-03
 0.00000000E+00
 3.45463750E-01
 3.21725601E-01
 3.00446428E-02
 3.09862434E-01
 0.00000000E+00
 2.65922102E-01
 2.92552607E-02
 1.73112081E-01
 0.00000000E+00
 7.65555739E-02
 3.10858371E-01
 0.00000000E+00
 5.52969698E-03
 0.00000000E+00
 0.00000000E+00
 6.04508254E-01
 1.81896132E-01
 6.65250592E-02
 2.75371338E-01
 1.82199994E-01
 4.43575481E-01
 3.05187514E-01
 6.86030661E-02
 3.08052428E-01
 0.00000000E+00
 2.69981349E-01
 2.29784456E-01
 3.11881078E-01
 2.74635110E-03
 0.00000000E+00
 3.10931926E-01
 2.74535432E-02
 0.00000000E+00
 1.63568698E-03
 0.00000000E+00
 3.69121530E-01
 3.45730763E-03
 0.00000000E+00
 2.14860541E-03
 0.00000000E+00
 0.00000000E+00
 6.45325309E-01
 6.09964973E-01
 4.92484502E-01
 3.54817215E-01
 1.84549303E-01
 3.21145832E-01
 1.32180491E-02
 4.90481042E-01
 7.68936527E-01
 3.28596263E-01
 4.46611557E-01
 2.64428814E-02
 0.00000000E+00
 3.52022828E-01
 3.26929322E-01
 2.88631702E-02
 3.09687648E-01
 1.83093589E-01
 4.44899441E-01
 3.08194417E-01
 3.18576396E-01
 2.74101426E-02
 1.24536627E-02
 4.83760544E-01
 7.69120302E-01
 3.29741452E-01
 4.44641873E-01
 2.64486002E-02
 7.69594463E-01
 1.71492124E+00
 9.08915373E-01
 8.49992118E-02
 3.29789806E-01
 9.06614743E-01
 5.67189707E-01
 4.39332171E-01
 8.63892272E-02
 2.62304717E-02
 3.42311473E-01
 3.22097416E-01
 3.11048119E-02
 3.09054811E-01
 3.24134018E-01
 8.94816652E-01
 5.68103152E-01
 3.34332639E-02
 5.68940755E-01
 0.00000000E+00
 3.07558233E-01
 1.83505421E-01
 4.42569339E-01
 3.03705517E-01
 4.38565896E-01
 8.09809322E-02
 3.03661720E-01
 3.10244856E-01
 2.63530974E-02
 0.00000000E+00
 2.33777201E-02
 8.13391245E-04
 7.27408948E-01
 3.53587568E-01
 2.72513968E-01
 7.21263125E-02
 3.96510194E-03
 0.00000000E+00
 3.51724783E-01
 3.26284809E-01
 2.87176717E-02
 3.09925932E-01
 0.00000000E+00
 2.70750292E-01
 2.81184671E-02
 1.73372205E-01
 0.00000000E+00
 7.08304197E-02
 3.10047497E-01
 0.00000000E+00
 3.22901181E-03
 0.00000000E+00
 0.00000000E+00
 3.43578693E-01
 3.27232313E-01
 3.10224670E-02
 3.07665505E-01
 3.29119210E-01
 9.05711473E-01
 5.67311674E-01
 3.34251411E-02
 5.67864370E-01
 0.00000000E+00
 3.04670237E-01
 2.63189474E-01
 2.98035383E-02
 1.73098181E-01
 0.00000000E+00
 3.29115808E-02
 5.69558968E-01
 0.00000000E+00
 1.73437852E-01
 0.00000000E+00
 0.00000000E+00
 7.14023278E-02
 3.09627025E-01
 0.00000000E+00
 3.07059015E-01
 0.00000000E+00
 0.00000000E+00
 1.50735739E-04
 0.00000000E+00
 0.00000000E+00
 0.00000000E+00
 6.15154793E-01
 1.82422478E-01
 6.87232774E-02
 2.77156772E-01
 1.82232986E-01
 4.44059071E-01
 3.07830868E-01
 6.96117195E-02
 3.09435773E-01
 0.00000000E+00
 2.75528674E-01
 1.87623947E-01
 4.41796201E-01
 3.04678272E-01
 0.00000000E+00
 4.38153151E-01
 8.72153839E-02
 0.00000000E+00
 3.03362880E-01
 0.00000000E+00
 7.88872711E-02
 3.11631974E-01
 0.00000000E+00
 3.09350130E-01
 0.00000000E+00
 0.00000000E+00
 2.63003952E-01
 0.00000000E+00
 2.30230678E-01
 3.17743574E-01
 1.72415629E-03
 3.17533386E-01
 2.80698609E-02
 2.61613344E-03
 3.18286419E-01
 2.74554338E-02
 0.00000000E+00
 2.61609569E-02
 7.03356319E-03
 3.77741247E-01
 1.24657736E-02
 0.00000000E+00
 1.27904379E-02
 0.00000000E+00
 0.00000000E+00
 1.33103338E-02
 0.00000000E+00
 0.00000000E+00
 0.00000000E+00
 6.63063731E-01
 0.00000000E+00
 8.26332402E-01
 6.16946010E-01
 7.36891361E-01
 6.23369230E-01
 2.32241520E-01
 3.80734424E-01
 6.66325791E-01
 6.12496080E-01
 4.93029167E-01
 3.55249986E-01
 1.84534687E-01
 3.21101117E-01
 1.32168122E-02
 7.30612979E-01
 3.54349451E-01
 2.72889047E-01
 7.19548867E-02
 3.76677237E-03
 0.00000000E+00
 6.17936995E-01
 1.83213538E-01
 6.97169533E-02
 2.76845449E-01
 2.30900166E-01
 3.18791150E-01
 2.18781609E-03
 3.78455293E-01
 1.22070948E-02
 0.00000000E+00
 6.63252878E-01
 6.02478604E-01
 4.90597906E-01
 3.51549464E-01
 1.86773691E-01
 3.21664760E-01
 1.35508765E-02
 0.00000000E+00
 4.86905508E-01
 7.69429164E-01
 3.29338968E-01
 4.45493236E-01
 2.65043443E-02
 0.00000000E+00
 3.46858087E-01
 3.27532296E-01
 3.01960944E-02
 3.08331856E-01
 0.00000000E+00
 1.86815986E-01
 4.43757361E-01
 3.06555233E-01
 0.00000000E+00
 3.19369719E-01
 2.73058705E-02
 0.00000000E+00
 1.27565268E-02
 0.00000000E+00
 0.00000000E+00
 7.16016853E-01
 3.49009527E-01
 2.69447038E-01
 7.56007747E-02
 5.16880909E-03
 0.00000000E+00
 3.45363113E-01
 3.21666942E-01
 3.00308873E-02
 3.09929095E-01
 0.00000000E+00
 2.65791283E-01
 2.92064624E-02
 1.73131258E-01
 0.00000000E+00
 7.66706048E-02
 3.10921742E-01
 0.00000000E+00
 5.55146784E-03
 0.00000000E+00
 0.00000000E+00
 6.04331995E-01
 1.82117382E-01
 6.66423382E-02
 2.75400925E-01
 1.82569189E-01
 4.43820453E-01
 3.05248856E-01
 6.89165530E-02
 3.08119597E-01
 0.00000000E+00
 2.69869301E-01
 2.29486239E-01
 3.12103318E-01
 2.63208084E-03
 0.00000000E+00
 3.11273326E-01
 2.73219457E-02
 0.00000000E+00
 1.41032437E-03
 0.00000000E+00
 3.68919678E-01
 3.42882189E-03
 0.00000000E+00
 2.05891992E-03
 0.00000000E+00
 0.00000000E+00
 6.45281207E-01
 6.10018560E-01
 4.92589144E-01
 3.54975399E-01
 1.84420362E-01
 3.21089365E-01
 1.33003116E-02
 4.90556363E-01
 7.69090066E-01
 3.28715922E-01
 4.46617493E-01
 2.64712702E-02
 0.00000000E+00
 3.52096190E-01
 3.27004099E-01
 2.88883889E-02
 3.09750621E-01
 1.83104898E-01
 4.44961174E-01
 3.08253728E-01
 3.18621472E-01
 2.74032346E-02
 1.24721088E-02
 4.83701769E-01
 7.69237668E-01
 3.29848462E-01
 4.44650937E-01
 2.64785831E-02
 7.69708504E-01
 1.71525751E+00
 9.09160478E-01
 8.50700488E-02
 3.29840223E-01
 9.06798200E-01
 5.67295026E-01
 4.39405223E-01
 8.64292710E-02
 2.62387947E-02
 3.42085749E-01
 3.22018767E-01
 3.10884392E-02
 3.09113870E-01
 3.24042852E-01
 8.94834856E-01
 5.68178546E-01
 3.33792302E-02
 5.68984848E-01
 0.00000000E+00
 3.07578614E-01
 1.84026206E-01
 4.42836736E-01
 3.03754735E-01
 4.38847540E-01
 8.08881925E-02
 3.03674168E-01
 3.10715075E-01
 2.62198104E-02
 0.00000000E+00
 2.32786821E-02
 6.49232107E-04
 7.27495019E-01
 3.53700645E-01
 2.72681526E-01
 7.19837032E-02
 3.86373690E-03
 0.00000000E+00
 3.51777355E-01
 3.26325302E-01
 2.87299481E-02
 3.09992668E-01
 0.00000000E+00
 2.70796137E-01
 2.81027748E-02
 1.73391970E-01
 0.00000000E+00
 7.08299977E-02
 3.10115142E-01
 0.00000000E+00
 3.20911782E-03
 0.00000000E+00
 0.00000000E+00
 3.43415961E-01
 3.27240649E-01
 3.10281700E-02
 3.07721948E-01
 3.29122216E-01
 9.05840741E-01
 5.67404305E-01
 3.33957229E-02
 5.67929341E-01
 0.00000000E+00
 3.04699588E-01
 2.62868713E-01
 2.97262255E-02
 1.73114992E-01
 0.00000000E+00
 3.28352514E-02
 5.69581808E-01
 0.00000000E+00
 1.73443558E-01
 0.00000000E+00
 0.00000000E+00
 7.18993203E-02
 3.09671291E-01
 0.00000000E+00
 3.07051611E-01
 0.00000000E+00
 0.00000000E+00
 1.70151380E-04
 0.00000000E+00
 0.00000000E+00
 0.00000000E+00
 6.15202144E-01
 1.82428496E-01
 6.86544997E-02
 2.77301045E-01
 1.82319193E-01
 4.44168944E-01
 3.07892805E-01
 6.96606279E-02
 3.09503204E-01
 0.00000000E+00
 2.75570570E-01
 1.87911891E-01
 4.41931015E-01
 3.04726396E-01
 0.00000000E+00
 4.38291301E-01
 8.72191929E-02
 0.00000000E+00
 3.03387745E-01
 0.00000000E+00
 7.92060853E-02
 3.11671667E-01
 0.00000000E+00
 3.09344323E-01
 0.00000000E+00
 0.00000000E+00
 2.62768190E-01
 0.00000000E+00
 2.30183502E-01
 3.17791887E-01
 1.69307980E-03
 3.17639813E-01
 2.80298043E-02
 2.64291563E-03
 3.18533858E-01
 2.74106732E-02
 0.00000000E+00
 2.61385262E-02
 7.16764341E-03
 3.77729211E-01
 1.24878861E-02
 0.00000000E+00
 1.27761108E-02
 0.00000000E+00
 0.00000000E+00
 1.32036017E-02
 0.00000000E+00
 0.00000000E+00
 0.00000000E+00
 6.63101869E-01
 0.00000000E+00
 7.21961916E-01
 4.97383843E-01
 5.10805352E-01
 3.15582732E-01
 4.81785815E-02
 2.25760122E-01
 5.09970744E-01
 4.94179320E-01
 3.62369576E-01
 1.78744103E-01
 3.60921293E-01
 4.11004248E-01
 7.73433813E-02
 5.06538930E-01
 1.78330382E-01
 3.75574632E-02
 2.71347326E-01
 1.20451189E-01
 0.00000000E+00
 3.12720322E-01
 3.58974885E-01
 2.69146259E-01
 6.19198073E-02
 4.83248086E-02
 4.08561481E-01
 1.18935448E-01
 2.24572201E-01
 7.81479552E-02
 0.00000000E+00
 5.07357316E-01
 4.86390308E-01
 3.61034719E-01
 1.77049597E-01
 3.61807509E-01
 4.10984543E-01
 7.68519227E-02
 0.00000000E+00
 3.58931522E-01
 5.90672104E-01
 2.14981763E-01
 4.67395915E-01
 9.03892792E-03
 0.00000000E+00
 1.74957265E-01
 2.14238601E-01
 2.02863936E-02
 2.60874037E-01
 0.00000000E+00
 3.59616786E-01
 4.65048660E-01
 2.59428718E-01
 0.00000000E+00
 4.07649333E-01
 8.00696884E-03
 0.00000000E+00
 7.70987703E-02
 0.00000000E+00
 0.00000000E+00
 4.95854806E-01
 1.76074838E-01
 3.69091959E-02
 2.73135467E-01
 1.21342774E-01
 0.00000000E+00
 1.74624415E-01
 2.11243304E-01
 1.99591904E-02
 2.61918703E-01
 0.00000000E+00
 3.59562641E-02
 2.02033350E-02
 1.58302196E-01
 0.00000000E+00
 2.72497575E-01
 2.62517451E-01
 0.00000000E+00
 1.21531942E-01
 0.00000000E+00
 0.00000000E+00
 3.05230851E-01
 3.54396808E-01
 2.63897967E-01
 6.16968491E-02
 3.52963829E-01
 4.62438908E-01
 2.57927450E-01
 2.64203642E-01
 2.59960700E-01
 0.00000000E+00
 5.64156108E-02
 5.01997888E-02
 4.00871176E-01
 1.13845640E-01
 0.00000000E+00
 3.98910308E-01
 6.74377663E-03
 0.00000000E+00
 1.14878407E-01
 0.00000000E+00
 2.16608523E-01
 8.68181555E-02
 0.00000000E+00
 8.79262082E-02
 0.00000000E+00
 0.00000000E+00
 4.85923619E-01
 4.92471084E-01
 3.62029177E-01
 1.78607712E-01
 3.60736963E-01
 4.10937324E-01
 7.72395165E-02
 3.60767252E-01
 5.90110302E-01
 2.14403733E-01
 4.68331691E-01
 9.02214733E-03
 0.00000000E+00
 1.77344848E-01
 2.13663997E-01
 2.13258322E-02
 2.61979055E-01
 3.57970425E-01
 4.66122846E-01
 2.60755881E-01
 4.07812612E-01
 7.87746312E-03
 7.76798937E-02
 3.57164926E-01
 5.90545855E-01
 2.15343603E-01
 4.66760711E-01
 9.11518429E-03
 5.90800189E-01
 1.28245231E+00
 6.43825963E-01
 2.05447225E-02
 2.15919723E-01
 6.42431169E-01
 4.08971142E-01
 4.61668446E-01
 2.18202701E-02
 9.34086583E-03
 1.73218555E-01
 2.11612109E-01
 1.91559266E-02
 2.61320466E-01
 2.13170387E-01
 6.34588989E-01
 4.09537133E-01
 1.70910065E-02
 4.10033612E-01
 0.00000000E+00
 2.60195813E-01
 3.52730693E-01
 4.61490530E-01
 2.56807924E-01
 4.58258767E-01
 1.87693837E-02
 2.56822887E-01
 3.97343640E-01
 7.84996136E-03
 0.00000000E+00
 1.10817854E-02
 8.89838939E-02
 5.04455248E-01
 1.77982283E-01
 3.76155001E-02
 2.71212343E-01
 1.20480004E-01
 0.00000000E+00
 1.77170123E-01
 2.13334985E-01
 2.13502326E-02
 2.62108266E-01
 0.00000000E+00
 3.73283297E-02
 2.15137286E-02
 1.58556547E-01
 0.00000000E+00
 2.69072727E-01
 2.61998613E-01
 0.00000000E+00
 1.19675947E-01
 0.00000000E+00
 0.00000000E+00
 1.73375894E-01
 2.14265501E-01
 1.95322086E-02
 2.60349730E-01
 2.15632466E-01
 6.41868385E-01
 4.09025700E-01
 1.73791401E-02
 4.09338162E-01
 0.00000000E+00
 2.57907444E-01
 3.49073248E-02
 1.96990567E-02
 1.58283765E-01
 0.00000000E+00
 1.74346194E-02
 4.10394370E-01
 0.00000000E+00
 1.58583713E-01
 0.00000000E+00
 0.00000000E+00
 2.65817410E-01
 2.61260354E-01
 0.00000000E+00
 2.59573846E-01
 0.00000000E+00
 0.00000000E+00
 1.16596099E-01
 0.00000000E+00
 0.00000000E+00
 0.00000000E+00
 3.11195843E-01
 3.57943903E-01
 2.67996370E-01
 6.24212424E-02
 3.57035416E-01
 4.65187882E-01
 2.60394671E-01
 2.67991798E-01
 2.61499079E-01
 0.00000000E+00
 6.08389397E-02
 3.59197491E-01
 4.63217549E-01
 2.57927995E-01
 0.00000000E+00
 4.60394880E-01
 2.25076208E-02
 0.00000000E+00
 2.56857509E-01
 0.00000000E+00
 2.73948233E-01
 2.63215436E-01
 0.00000000E+00
 2.61717282E-01
 0.00000000E+00
 0.00000000E+00
 4.90625535E-02
 0.00000000E+00
 4.82715141E-02
 4.07532249E-01
 1.18422266E-01
 4.06875298E-01
 7.22566672E-03
 1.19170581E-01
 4.06129162E-01
 7.91310455E-03
 0.00000000E+00
 9.42514672E-03
 1.23253593E-01
 2.24455309E-01
 7.77180466E-02
 0.00000000E+00
 7.72551105E-02
 0.00000000E+00
 0.00000000E+00
 7.62082944E-02
 0.00000000E+00
 0.00000000E+00
 0.00000000E+00
 5.08044860E-01
 0.00000000E+00
 6.17536039E-01
 3.77758661E-01
 2.84599695E-01
 7.63455705E-03
 1.35979558E-01
 7.07063574E-02
 3.53535989E-01
 3.75801152E-01
 2.31642809E-01
 2.14806780E-03
 5.37396232E-01
 5.00950959E-01
 1.67947180E-01
 2.82350899E-01
 2.22368884E-03
 1.97889312E-01
 4.70834879E-01
 2.37189595E-01
 0.00000000E+00
 7.35533328E-03
 5.34818545E-01
 4.68666480E-01
 1.53100761E-01
 1.34332947E-01
 4.98370033E-01
 2.35730844E-01
 7.06265828E-02
 1.68537003E-01
 0.00000000E+00
 3.51408578E-01
 3.70244287E-01
 2.31407636E-01
 2.46387939E-03
 5.36925573E-01
 5.00345888E-01
 1.67296348E-01
 0.00000000E+00
 2.30896501E-01
 4.11830589E-01
 1.00571916E-01
 4.89307364E-01
 4.45971308E-02
 0.00000000E+00
 2.97885301E-03
 1.00895627E-01
 7.07896177E-02
 2.13396571E-01
 0.00000000E+00
 5.32487722E-01
 4.86347735E-01
 2.12285181E-01
 0.00000000E+00
 4.95959386E-01
 4.33309691E-02
 0.00000000E+00
 1.66977359E-01
 0.00000000E+00
 0.00000000E+00
 2.75594401E-01
 3.06520293E-03
 1.95727880E-01
 4.70751377E-01
 2.37562533E-01
 0.00000000E+00
 3.81710953E-03
 1.00777502E-01
 6.99675748E-02
 2.13891693E-01
 0.00000000E+00
 1.93958516E-01
 6.96290435E-02
 1.43469471E-01
 0.00000000E+00
 4.68375725E-01
 2.14104304E-01
 0.00000000E+00
 2.37528943E-01
 0.00000000E+00
 0.00000000E+00
 6.02707354E-03
 5.26731256E-01
 4.61213218E-01
 1.52065714E-01
 5.23402712E-01
 4.81061932E-01
 2.10598919E-01
 4.59519679E-01
 2.11800659E-01
 0.00000000E+00
 1.57031397E-01
 1.29112437E-01
 4.89649159E-01
 2.30331911E-01
 0.00000000E+00
 4.86547655E-01
 4.08085471E-02
 0.00000000E+00
 2.31140422E-01
 0.00000000E+00
 6.43331465E-02
 1.77039132E-01
 0.00000000E+00
 1.77864373E-01
 0.00000000E+00
 0.00000000E+00
 3.26727207E-01
 3.74863353E-01
 2.31402940E-01
 2.15112126E-03
 5.37140651E-01
 5.00828231E-01
 1.67822278E-01
 2.30914005E-01
 4.11042953E-01
 1.00037117E-01
 4.90054785E-01
 4.45310165E-02
 0.00000000E+00
 2.51139036E-03
 1.00272380E-01
 7.15616310E-02
 2.14186378E-01
 5.32911107E-01
 4.87292545E-01
 2.13239213E-01
 4.97037158E-01
 4.31703356E-02
 1.67858947E-01
 2.30569484E-01
 4.11772213E-01
 1.00787697E-01
 4.88879180E-01
 4.47234297E-02
 4.11814828E-01
 8.49466372E-01
 3.78385734E-01
 4.40047144E-02
 1.01956071E-01
 3.77970679E-01
 2.50596044E-01
 4.83938927E-01
 4.28061424E-02
 4.49284431E-02
 4.28813773E-03
 1.01166480E-01
 6.94173512E-02
 2.13512530E-01
 1.02264541E-01
 3.74272471E-01
 2.50857893E-01
 6.75723921E-02
 2.51058632E-01
 0.00000000E+00
 2.12814583E-01
 5.21470046E-01
 4.80148467E-01
 2.09857892E-01
 4.77673440E-01
 4.33506787E-02
 2.09985105E-01
 4.83963931E-01
 4.19155795E-02
 0.00000000E+00
 4.54321769E-02
 1.78550623E-01
 2.81306108E-01
 2.17981504E-03
 1.97560834E-01
 4.70531791E-01
 2.37147660E-01
 0.00000000E+00
 2.48318964E-03
 1.00294933E-01
 7.14512663E-02
 2.14203740E-01
 0.00000000E+00
 1.96235703E-01
 7.11492873E-02
 1.43715646E-01
 0.00000000E+00
 4.67384205E-01
 2.13867677E-01
 0.00000000E+00
 2.36172459E-01
 0.00000000E+00
 0.00000000E+00
 3.26571478E-03
 1.01245883E-01
 7.01114216E-02
 2.12960789E-01
 1.02103009E-01
 3.77811244E-01
 2.50601306E-01
 6.81678109E-02
 2.50713186E-01
 0.00000000E+00
 2.11112245E-01
 1.93114876E-01
 6.91364449E-02
 1.43451307E-01
 0.00000000E+00
 6.77128440E-02
 2.51194007E-01
 0.00000000E+00
 1.43728773E-01
 0.00000000E+00
 0.00000000E+00
 4.59732726E-01
 2.12859488E-01
 0.00000000E+00
 2.12117695E-01
 0.00000000E+00
 0.00000000E+00
 2.32956192E-01
 0.00000000E+00
 0.00000000E+00
 0.00000000E+00
 7.05370580E-03
 5.33534410E-01
 4.67420313E-01
 1.52542966E-01
 5.31820217E-01
 4.86214410E-01
 2.12880586E-01
 4.66386156E-01
 2.13482608E-01
 0.00000000E+00
 1.53936710E-01
 5.30538685E-01
 4.84510968E-01
 2.11118701E-01
 0.00000000E+00
 4.82504803E-01
 4.22158646E-02
 0.00000000E+00
 2.10328235E-01
 0.00000000E+00
 4.68707274E-01
 2.14762505E-01
 0.00000000E+00
 2.14103268E-01
 0.00000000E+00
 0.00000000E+00
 1.64554301E-01
 0.00000000E+00
 1.33709424E-01
 4.97304396E-01
 2.35189436E-01
 4.96137614E-01
 4.24907979E-02
 2.35718595E-01
 4.93742061E-01
 4.32431776E-02
 0.00000000E+00
 4.49916423E-02
 2.39316939E-01
 7.11384630E-02
 1.67946116E-01
 0.00000000E+00
 1.67300358E-01
 0.00000000E+00
 0.00000000E+00
 1.65619527E-01
 0.00000000E+00
 0.00000000E+00
 0.00000000E+00
 3.52966801E-01
 0.00000000E+00
 4.07297796E-01
 1.52800262E-01
 5.65947574E-02
 1.11737684E-01
 1.95181034E-01
 1.29906616E-02
 2.54186260E-01
 1.52922733E-01
 1.55720530E-02
 1.67973213E-01
 4.64865849E-01
 4.05544264E-01
 1.33802856E-01
 5.73244654E-02
 1.67147402E-01
 2.67936527E-01
 3.45094637E-01
 1.27990099E-01
 0.00000000E+00
 1.09580203E-01
 4.62164444E-01
 3.43445528E-01
 3.72703077E-02
 1.92038121E-01
 4.03008217E-01
 1.26841249E-01
 1.18383903E-02
 1.34068351E-01
 0.00000000E+00
 2.52824165E-01
 1.51810929E-01
 1.32694940E-02
 1.65861257E-01
 4.63343731E-01
 4.04628163E-01
 1.33221515E-01
 0.00000000E+00
 1.15414531E-02
 8.07390882E-02
 6.86398444E-02
 3.21506148E-01
 4.30243508E-02
 0.00000000E+00
 1.62579228E-01
 6.76212379E-02
 8.10119207E-02
 7.67759317E-03
 0.00000000E+00
 4.57786301E-01
 3.18889719E-01
 7.07447939E-03
 0.00000000E+00
 4.00013252E-01
 4.40573607E-02
 0.00000000E+00
 1.32749220E-01
 0.00000000E+00
 0.00000000E+00
 5.76672551E-02
 1.62392513E-01
 2.63704396E-01
 3.43416087E-01
 1.27840240E-01
 0.00000000E+00
 1.59582248E-01
 6.60713038E-02
 7.98279697E-02
 7.56410330E-03
 0.00000000E+00
 2.59675245E-01
 7.90386389E-02
 1.02146432E-02
 0.00000000E+00
 3.39972959E-01
 7.52627856E-03
 0.00000000E+00
 1.27462960E-01
 0.00000000E+00
 0.00000000E+00
 1.04168250E-01
 4.51959345E-01
 3.35721709E-01
 3.52632595E-02
 4.47676037E-01
 3.13418819E-01
 5.57481255E-03
 3.32531475E-01
 5.96672163E-03
 0.00000000E+00
 3.84016576E-02
 1.82983005E-01
 3.93815216E-01
 1.21870207E-01
 0.00000000E+00
 3.90495725E-01
 4.65505481E-02
 0.00000000E+00
 1.22006240E-01
 0.00000000E+00
 1.56471791E-02
 1.41468294E-01
 0.00000000E+00
 1.42524143E-01
 0.00000000E+00
 0.00000000E+00
 2.27414420E-01
 1.53022759E-01
 1.52883728E-02
 1.67762080E-01
 4.64560389E-01
 4.05391425E-01
 1.33678325E-01
 1.41036706E-02
 7.86351367E-02
 6.96123896E-02
 3.22360242E-01
 4.29807672E-02
 0.00000000E+00
 1.65411487E-01
 6.89149231E-02
 8.14782583E-02
 8.13394400E-03
 4.59741015E-01
 3.20062496E-01
 7.61122744E-03
 4.01474222E-01
 4.40131135E-02
 1.33467362E-01
 1.04502627E-02
 8.13255081E-02
 6.83692113E-02
 3.21166127E-01
 4.29272628E-02
 8.27894686E-02
 3.31595069E-01
 1.05875150E-01
 6.86940897E-02
 6.60951650E-02
 1.05455993E-01
 1.35118077E-01
 3.16860817E-01
 6.89748117E-02
 4.28729317E-02
 1.57662546E-01
 6.51854616E-02
 7.94595999E-02
 7.31410641E-03
 6.33652299E-02
 1.03218743E-01
 1.34571089E-01
 7.76382144E-02
 1.33945182E-01
 0.00000000E+00
 6.82437674E-03
 4.44914776E-01
 3.12284498E-01
 5.16822488E-03
 3.09861796E-01
 6.81661812E-02
 5.08155005E-03
 3.87888204E-01
 4.59260854E-02
 0.00000000E+00
 4.34332651E-02
 1.43548567E-01
 5.77587268E-02
 1.66581976E-01
 2.67496874E-01
 3.44774962E-01
 1.27929336E-01
 0.00000000E+00
 1.65036407E-01
 6.87856966E-02
 8.13838547E-02
 8.14518950E-03
 0.00000000E+00
 2.65022792E-01
 8.09032464E-02
 1.02523820E-02
 0.00000000E+00
 3.41526079E-01
 7.89294518E-03
 0.00000000E+00
 1.26958570E-01
 0.00000000E+00
 0.00000000E+00
 1.60478886E-01
 6.67055556E-02
 8.05642108E-02
 7.40952212E-03
 6.54312288E-02
 1.05259770E-01
 1.34959668E-01
 7.90397787E-02
 1.34439964E-01
 0.00000000E+00
 6.37554272E-03
 2.57071135E-01
 7.82525117E-02
 1.00668640E-02
 0.00000000E+00
 7.72744396E-02
 1.33580525E-01
 0.00000000E+00
 9.30087969E-03
 0.00000000E+00
 0.00000000E+00
 3.31208059E-01
 6.37348889E-03
 0.00000000E+00
 6.12307828E-03
 0.00000000E+00
 0.00000000E+00
 1.23161402E-01
 0.00000000E+00
 0.00000000E+00
 0.00000000E+00
 1.08694081E-01
 4.60762992E-01
 3.42461698E-01
 3.68366936E-02
 4.58599557E-01
 3.19272880E-01
 7.42210153E-03
 3.40831754E-01
 7.68936979E-03
 0.00000000E+00
 3.76462979E-02
 4.54940871E-01
 3.17216089E-01
 6.44013262E-03
 0.00000000E+00
 3.15517418E-01
 6.91135596E-02
 0.00000000E+00
 5.99568885E-03
 0.00000000E+00
 3.39053960E-01
 7.80445411E-03
 0.00000000E+00
 7.54875108E-03
 0.00000000E+00
 0.00000000E+00
 4.37838503E-02
 0.00000000E+00
 1.90698540E-01
 4.01892186E-01
 1.26412651E-01
 4.00547061E-01
 4.44612297E-02
 1.26631782E-01
 3.97627524E-01
 4.41846987E-02
 0.00000000E+00
 4.28718424E-02
 1.28728139E-01
 1.06439875E-02
 1.33271177E-01
 0.00000000E+00
 1.32695209E-01
 0.00000000E+00
 0.00000000E+00
 1.31393806E-01
 0.00000000E+00
 0.00000000E+00
 0.00000000E+00
 2.55195770E-01
 0.00000000E+00
 4.19627096E-01
 2.01946534E-01
 1.39146348E-01
 1.23256190E-01
 1.08570782E-01
 2.35971915E-01
 4.21020257E-01
 2.03145882E-01
 2.75249710E-02
 3.80411178E-02
 6.20374237E-02
 2.67291529E-02
 2.09781194E-01
 1.41231973E-01
 3.70393345E-02
 4.72610734E-02
 5.71423274E-02
 2.39796369E-01
 0.00000000E+00
 1.25905615E-01
 6.01515405E-02
 5.79517756E-02
 3.05694814E-01
 1.11522678E-01
 2.84760843E-02
 2.40386714E-01
 2.37404382E-01
 2.09764738E-01
 0.00000000E+00
 4.20439339E-01
 2.04693390E-01
 3.05891416E-02
 3.56846392E-02
 6.04784703E-02
 2.75032238E-02
 2.10140241E-01
 0.00000000E+00
 3.30033966E-02
 2.79763075E-03
 2.81113868E-02
 4.44554514E-02
 3.29309262E-01
 0.00000000E+00
 3.19929166E-02
 2.71376682E-02
 5.20817440E-02
 2.86633289E-01
 0.00000000E+00
 5.62073338E-02
 4.58385908E-02
 2.86601701E-01
 0.00000000E+00
 3.07542613E-02
 3.29716148E-01
 0.00000000E+00
 2.10515003E-01
 0.00000000E+00
 0.00000000E+00
 1.45092822E-01
 3.17991001E-02
 4.34497244E-02
 5.89793491E-02
 2.40121966E-01
 0.00000000E+00
 2.88596522E-02
 2.56714711E-02
 5.28827045E-02
 2.86864684E-01
 0.00000000E+00
 3.97100071E-02
 5.34752307E-02
 2.21832930E-01
 0.00000000E+00
 6.15300213E-02
 2.86504417E-01
 0.00000000E+00
 2.40350078E-01
 0.00000000E+00
 0.00000000E+00
 1.32761774E-01
 5.23513193E-02
 6.30016208E-02
 3.07297510E-01
 4.90477374E-02
 4.88391941E-02
 2.86855443E-01
 6.55891110E-02
 2.86613993E-01
 0.00000000E+00
 3.05585269E-01
 1.19768139E-01
 3.50003782E-02
 2.43359893E-01
 0.00000000E+00
 3.72909827E-02
 3.30744230E-01
 0.00000000E+00
 2.43376634E-01
 0.00000000E+00
 2.35977453E-01
 2.05103158E-01
 0.00000000E+00
 2.04181095E-01
 0.00000000E+00
 0.00000000E+00
 4.02166886E-01
 2.03740972E-01
 2.80588288E-02
 3.77459809E-02
 6.17727252E-02
 2.68588825E-02
 2.09869234E-01
 2.98773774E-02
 5.07660304E-03
 2.90992323E-02
 4.37420070E-02
 3.29204906E-01
 0.00000000E+00
 3.50080422E-02
 2.84474219E-02
 5.18787823E-02
 2.86459006E-01
 5.81932538E-02
 4.48835013E-02
 2.86442670E-01
 2.96219856E-02
 3.29587768E-01
 2.10132432E-01
 3.44294760E-02
 1.98461257E-03
 2.78325532E-02
 4.46969716E-02
 3.29270629E-01
 1.81251053E-05
 3.83101295E-02
 1.10671600E-02
 2.72425859E-01
 2.56334783E-02
 1.05463688E-02
 1.46042270E-01
 4.71464051E-02
 2.71615054E-01
 3.29077365E-01
 2.69386877E-02
 2.48064671E-02
 5.30287477E-02
 2.86968395E-01
 2.30715201E-02
 8.71125601E-03
 1.44926893E-01
 5.39805335E-02
 1.43778674E-01
 0.00000000E+00
 2.86450974E-01
 4.69115813E-02
 4.96362767E-02
 2.86849338E-01
 5.11932706E-02
 2.69091885E-01
 2.86233582E-01
 3.89682612E-02
 3.30453630E-01
 0.00000000E+00
 3.29066053E-01
 2.03201776E-01
 1.42295214E-01
 3.62722660E-02
 4.68606410E-02
 5.73936998E-02
 2.39854640E-01
 0.00000000E+00
 3.45196190E-02
 2.83347337E-02
 5.19426461E-02
 2.86452433E-01
 0.00000000E+00
 4.46004471E-02
 5.22904646E-02
 2.22261878E-01
 0.00000000E+00
 5.94960025E-02
 2.86253423E-01
 0.00000000E+00
 2.40397550E-01
 0.00000000E+00
 0.00000000E+00
 2.97135662E-02
 2.62303894E-02
 5.22729902E-02
 2.86733755E-01
 2.49915738E-02
 1.02471609E-02
 1.45825625E-01
 5.29524897E-02
 1.44979015E-01
 0.00000000E+00
 2.86474635E-01
 3.72797424E-02
 5.39408941E-02
 2.21422453E-01
 0.00000000E+00
 5.42617546E-02
 1.43020616E-01
 0.00000000E+00
 2.19844668E-01
 0.00000000E+00
 0.00000000E+00
 6.68935735E-02
 2.86159815E-01
 0.00000000E+00
 2.85649923E-01
 0.00000000E+00
 0.00000000E+00
 2.42685300E-01
 0.00000000E+00
 0.00000000E+00
 0.00000000E+00
 1.27072283E-01
 5.91105623E-02
 5.84925062E-02
 3.05926549E-01
 5.73952387E-02
 4.52086226E-02
 2.86432939E-01
 5.97879828E-02
 2.86245628E-01
 0.00000000E+00
 3.05439848E-01
 5.39495741E-02
 4.67889645E-02
 2.86645571E-01
 0.00000000E+00
 4.78404965E-02
 2.71200841E-01
 0.00000000E+00
 2.86382656E-01
 0.00000000E+00
 6.24274212E-02
 2.86035284E-01
 0.00000000E+00
 2.85721974E-01
 0.00000000E+00
 0.00000000E+00
 3.02483287E-01
 0.00000000E+00
 1.12826244E-01
 2.93054474E-02
 2.40617964E-01
 3.03006309E-02
 3.29735779E-01
 2.40542021E-01
 3.24229775E-02
 3.29730044E-01
 0.00000000E+00
 3.28988536E-01
 2.39557577E-01
 2.38609653E-01
 2.10461004E-01
 0.00000000E+00
 2.10820673E-01
 0.00000000E+00
 0.00000000E+00
 2.11460802E-01
 0.00000000E+00
 0.00000000E+00
 0.00000000E+00
 4.22548590E-01
 0.00000000E+00
