 1.17546616E-01
 1.08121030E-01
 2.41103750E-01
 2.39874326E-01
 1.52926713E-01
 2.68424288E-02
 2.06611570E-01
 1.04432757E-01
 3.15620518E-01
 3.46151219E-01
 3.75930606E-01
 2.43425995E-01
 2.21979373E-02
 2.41103750E-01
 3.46151219E-01
 2.57154566E-01
 2.72112561E-01
 4.93135715E-02
 2.19657127E-01
 2.39874326E-01
 3.75930606E-01
 2.72112561E-01
 1.05935387E-01
 1.26698996E-01
 2.43425995E-01
 4.93135715E-02
 2.68424288E-02
 2.21979373E-02
 2.19657127E-01
 2.06611570E-01
 1.50945974E-02
 2.12826993E-01
 2.71975958E-01
 3.26446281E-01
 2.27238577E-01
 2.21979373E-02
 1.71094871E-01
 4.86305580E-02
 2.50461034E-01
 2.85909432E-01
 3.59811488E-01
 1.36056280E-01
 9.93101564E-02
 1.81818182E-01
 2.85909432E-01
 1.97390889E-01
 1.71812035E-01
 2.06474968E-01
 2.72351615E-01
 3.59811488E-01
 1.71812035E-01
 9.28898299E-03
 1.56751588E-01
 1.36056280E-01
 2.06474968E-01
 2.21979373E-02
 9.93101564E-02
 1.71094871E-01
 1.74646541E-01
 9.63048972E-03
 4.84939553E-02
 1.39539649E-01
 5.73731303E-03
 2.19657127E-01
 2.20613346E-02
 7.02820846E-02
 6.79939895E-02
 9.43583089E-02
 2.31985520E-01
 3.71559320E-02
 3.73949867E-02
 1.12082508E-01
 2.26828769E-01
 9.63731986E-02
 6.15736630E-02
 2.26828769E-01
 1.04227853E-01
 2.44006557E-01
 2.58588894E-01
 4.48398333E-01
 3.13195820E-01
 3.29622294E-01
 2.64940919E-01
 4.05812445E-01
 2.65897138E-01
 3.00047811E-01
 4.15272181E-01
 3.62885049E-01
 5.19500034E-01
 4.33235435E-01
 8.41814084E-01
 8.20708968E-01
 8.45775562E-01
 0.00000000E+00
 0.00000000E+00
 0.00000000E+00
 0.00000000E+00
 0.00000000E+00
 0.00000000E+00
 0.00000000E+00
 0.00000000E+00
 0.00000000E+00
 0.00000000E+00
 0.00000000E+00
 0.00000000E+00
 0.00000000E+00
 1.19117547E-01
 1.11433645E-01
 2.20886551E-01
 2.16071307E-01
 8.35325456E-02
 1.14268151E-01
 1.12663069E-01
 3.32695854E-01
 3.02216379E-01
 2.93917765E-01
 6.56205177E-02
 1.81681579E-01
 2.19657127E-01
 3.02216379E-01
 8.97479680E-02
 3.13844683E-02
 2.03162352E-01
 2.93917765E-01
 3.13844683E-02
 3.27163445E-02
 6.56205177E-02
 1.41930196E-01
 2.28468001E-02
 2.02547640E-01
 2.52834506E-01
 2.64411584E-01
 5.59900280E-02
 3.28187965E-02
 2.04699133E-01
 1.82996380E-01
 1.32350932E-01
 1.37166177E-01
 1.82996380E-01
 1.38993238E-02
 1.53763404E-01
 1.32350932E-01
 1.02093436E-01
 2.65384878E-01
 1.10033468E-01
 4.40885185E-02
 4.87330100E-02
 1.52312001E-01
 6.28201626E-02
 4.44983266E-02
 1.33699884E-01
 1.08906495E-01
 1.82091387E-01
 1.79359333E-01
 6.24923161E-01
 5.32682194E-01
 5.04678642E-01
 6.68806775E-01
 5.63264121E-01
 0.00000000E+00
 0.00000000E+00
 0.00000000E+00
 0.00000000E+00
 0.00000000E+00
 0.00000000E+00
 1.22464313E-01
 9.54169797E-02
 1.72119391E-01
 1.00858320E-01
 1.14290918E-01
 3.30191471E-01
 9.66464039E-02
 2.65191358E-01
 1.49625481E-01
 4.35762585E-02
 2.83336748E-01
 1.61191175E-01
 1.41429319E-01
 1.89490700E-01
 3.23361337E-01
 9.43013911E-02
 3.86585616E-02
 3.23361337E-01
 1.38332992E-01
 2.84975981E-01
 3.30191471E-01
 6.48635111E-02
 1.41839128E-01
 1.49625481E-01
 4.35762585E-02
 2.75482094E-02
 1.13471302E-01
 3.67233568E-02
 1.88284043E-02
 2.03310339E-02
 1.79245498E-01
 3.49019876E-02
 3.76499784E-01
 2.51030212E-01
 2.32748218E-01
 3.49315848E-01
 2.76187874E-01
 1.92131685E-01
 2.06566036E-01
 3.20401612E-01
 2.97634497E-01
 0.00000000E+00
 7.52521458E-01
 0.00000000E+00
 0.00000000E+00
 0.00000000E+00
 0.00000000E+00
 0.00000000E+00
 0.00000000E+00
 0.00000000E+00
 0.00000000E+00
 0.00000000E+00
 1.72255993E-01
 4.91769688E-02
 9.38631241E-02
 1.21251964E-01
 2.08660611E-02
 1.97100608E-01
 4.20907042E-02
 4.66156683E-03
 2.14295472E-02
 3.49771190E-01
 1.80366778E-01
 1.59244587E-01
 6.79086128E-02
 4.20907042E-02
 2.00208319E-01
 2.24933406E-01
 5.26774127E-02
 1.48965235E-01
 3.61655625E-01
 3.10583293E-01
 5.71409057E-01
 4.19455638E-01
 3.69237074E-01
 0.00000000E+00
 0.00000000E+00
 0.00000000E+00
 0.00000000E+00
 0.00000000E+00
 2.72727273E-01
 8.76306263E-02
 9.89823100E-02
 1.07137491E-01
 2.02445188E-02
 1.43241582E-01
 3.88784919E-01
 2.22443822E-01
 2.82876853E-01
 4.90403661E-01
 0.00000000E+00
 4.45575211E-01
 3.15187943E-01
 3.45217767E-01
 3.15187943E-01
 2.86296473E-01
 3.45217767E-01
 5.70748810E-01
 0.00000000E+00
 0.00000000E+00
 0.00000000E+00
 6.45301355E-01
 0.00000000E+00
 1.03886347E-01
 2.27443481E-02
 7.05552899E-02
 7.73854245E-02
 1.04022949E-01
 4.26883410E-02
 2.04425927E-01
 3.01208934E-02
 1.16317191E-01
 1.58527423E-01
 2.10709651E-01
 2.25189536E-01
 4.30981490E-02
 7.05552899E-02
 1.58527423E-01
 1.57844410E-01
 2.40489038E-01
 1.34485349E-01
 1.42818114E-01
 7.73854245E-02
 2.10709651E-01
 2.40489038E-01
 1.35714774E-01
 5.15675159E-02
 2.25189536E-01
 1.34485349E-01
 4.26883410E-02
 4.30981490E-02
 1.42818114E-01
 2.04425927E-01
 8.18933133E-02
 1.89399631E-01
 1.33119322E-01
 1.85506454E-01
 2.17403183E-01
 4.30981490E-02
 1.43227922E-01
 1.38993238E-01
 3.92732737E-02
 1.03203333E-01
 2.15763951E-01
 1.15497575E-01
 6.74134280E-02
 4.71962298E-02
 1.03203333E-01
 1.36670992E-01
 1.80042347E-01
 1.47326002E-01
 7.73171231E-02
 2.15763951E-01
 1.80042347E-01
 3.80438495E-02
 7.64292057E-02
 1.15497575E-01
 1.47326002E-01
 4.30981490E-02
 6.74134280E-02
 1.43227922E-01
 8.67427088E-03
 1.06481798E-01
 1.07984427E-01
 1.95819958E-01
 1.20825080E-01
 1.42818114E-01
 8.16201079E-02
 1.26289188E-01
 1.41520388E-01
 1.83320811E-01
 1.45618469E-01
 8.53083806E-02
 8.03223824E-02
 9.63048972E-03
 7.51997814E-02
 1.09487057E-01
 1.17751520E-01
 7.51997814E-02
 9.91052524E-02
 1.69660542E-01
 2.20681647E-01
 1.61805888E-01
 2.93695786E-02
 7.23311249E-02
 7.16481115E-02
 1.55863671E-01
 1.00061471E-01
 1.35919678E-02
 2.43630900E-01
 1.12082508E-01
 3.60016392E-01
 4.08237142E-01
 7.62857728E-01
 7.42503927E-01
 8.15586367E-01
 0.00000000E+00
 0.00000000E+00
 0.00000000E+00
 0.00000000E+00
 0.00000000E+00
 0.00000000E+00
 0.00000000E+00
 0.00000000E+00
 0.00000000E+00
 0.00000000E+00
 0.00000000E+00
 0.00000000E+00
 0.00000000E+00
 7.56095895E-02
 5.01331876E-02
 1.48111468E-01
 2.10265692E-01
 1.84311181E-01
 2.39054709E-03
 5.25920361E-02
 2.89802609E-01
 3.08346424E-01
 3.78628509E-01
 2.47968035E-01
 2.66375248E-03
 1.45652619E-01
 3.08346424E-01
 1.96981081E-01
 2.14432074E-01
 1.84447784E-01
 3.78628509E-01
 2.14432074E-01
 8.26787788E-02
 2.47968035E-01
 5.77146370E-02
 1.36056280E-01
 2.72317465E-01
 2.55686087E-01
 3.47278191E-01
 2.37927737E-01
 6.71402227E-02
 8.29861348E-02
 9.44266102E-02
 1.03715593E-01
 2.43494297E-02
 9.44266102E-02
 1.38651731E-02
 1.25981832E-01
 1.03715593E-01
 7.82391913E-02
 6.86428523E-02
 3.71559320E-02
 1.01256745E-01
 1.57366300E-01
 4.74011338E-02
 3.06331535E-02
 2.15490745E-02
 7.79659859E-02
 1.07267263E-01
 1.28304078E-01
 1.03886347E-01
 4.67386108E-01
 3.60767707E-01
 3.52947203E-01
 6.33016870E-01
 4.89208387E-01
 0.00000000E+00
 0.00000000E+00
 0.00000000E+00
 0.00000000E+00
 0.00000000E+00
 0.00000000E+00
 2.39282381E-02
 1.06163058E-01
 1.81294538E-01
 1.87396125E-01
 3.32172210E-02
 1.97686861E-01
 1.22282176E-01
 3.06559206E-01
 2.17585320E-01
 1.73189445E-01
 1.37627211E-01
 1.86758646E-01
 2.21683400E-01
 5.63030758E-02
 1.53290986E-01
 1.90674590E-01
 1.75648294E-01
 1.53290986E-01
 9.40281857E-03
 1.36807595E-01
 1.97686861E-01
 1.54201671E-01
 2.82517132E-01
 2.17585320E-01
 1.73189445E-01
 2.89370034E-02
 8.43066275E-02
 1.26129818E-02
 1.06322428E-02
 2.08091433E-02
 1.15497575E-01
 4.90175990E-02
 1.58254218E-01
 8.48985725E-02
 9.72838832E-02
 1.77879471E-01
 1.01063224E-01
 9.74432530E-02
 1.35987979E-01
 2.04289324E-01
 2.66898891E-01
 0.00000000E+00
 6.68055461E-01
 0.00000000E+00
 0.00000000E+00
 0.00000000E+00
 0.00000000E+00
 0.00000000E+00
 0.00000000E+00
 0.00000000E+00
 0.00000000E+00
 0.00000000E+00
 1.48213920E-02
 1.46540537E-01
 1.89570385E-01
 1.61532682E-02
 1.41144731E-01
 3.57830749E-01
 1.99986340E-01
 9.49730210E-02
 1.49784851E-01
 1.54600096E-01
 4.06051499E-02
 1.31480090E-01
 3.25865720E-01
 1.99986340E-01
 5.01673383E-02
 1.57366300E-01
 3.42531248E-02
 1.04381531E-01
 4.02602281E-01
 2.73939622E-01
 3.55235298E-01
 1.98859368E-01
 1.73041459E-01
 0.00000000E+00
 0.00000000E+00
 0.00000000E+00
 0.00000000E+00
 0.00000000E+00
 1.04651322E-01
 6.35612322E-02
 5.57475582E-02
 4.09398265E-02
 1.80957585E-01
 1.36602691E-05
 1.74427976E-01
 5.23188307E-03
 1.21098286E-01
 4.97903149E-01
 0.00000000E+00
 3.20993557E-01
 2.00919791E-01
 2.27739453E-01
 2.00919791E-01
 1.35396034E-01
 2.27739453E-01
 4.22899164E-01
 0.00000000E+00
 0.00000000E+00
 0.00000000E+00
 5.85352289E-01
 0.00000000E+00
 4.40543679E-02
 3.81121508E-02
 8.74257223E-03
 5.38214603E-02
 5.86708558E-02
 6.46813742E-02
 2.07157981E-01
 4.91769688E-02
 1.17819821E-01
 1.12492316E-01
 6.59790998E-02
 2.03879516E-01
 5.68267195E-02
 8.74257223E-03
 1.12492316E-01
 7.08284953E-02
 1.08052729E-01
 1.34826856E-01
 1.27450311E-01
 5.38214603E-02
 6.59790998E-02
 1.08052729E-01
 4.00928898E-02
 2.00122942E-02
 2.03879516E-01
 1.34826856E-01
 6.46813742E-02
 5.68267195E-02
 1.27450311E-01
 2.07157981E-01
 2.06611570E-01
 2.86455843E-01
 1.08701591E-01
 4.87671607E-02
 1.99064272E-01
 5.68267195E-02
 1.21098286E-01
 1.73348815E-01
 1.27040503E-01
 1.54292740E-01
 1.45276962E-01
 1.51697288E-01
 1.77583498E-02
 1.20790930E-01
 1.54292740E-01
 1.38446827E-01
 1.20961683E-01
 1.27518612E-01
 8.89283519E-02
 1.45276962E-01
 1.20961683E-01
 1.78949525E-02
 4.20053275E-03
 1.51697288E-01
 1.27518612E-01
 5.68267195E-02
 1.77583498E-02
 1.21098286E-01
 1.46916194E-01
 2.13612458E-01
 1.37422307E-01
 1.25879380E-01
 1.42613209E-01
 1.27450311E-01
 1.87248139E-01
 2.56334950E-01
 2.41513558E-01
 1.83354962E-01
 1.05798784E-01
 1.25264668E-01
 1.66108872E-01
 5.35482549E-02
 3.72925347E-02
 9.49388703E-03
 9.48364183E-02
 3.72925347E-02
 1.82911003E-01
 1.38583430E-01
 2.44245612E-01
 1.25606174E-01
 4.09603169E-01
 2.16651868E-01
 7.57461922E-02
 1.37217403E-01
 5.69018510E-01
 4.08134690E-01
 2.93695786E-02
 2.27819138E-01
 1.55112356E-01
 4.22580425E-01
 6.81169319E-01
 6.46916194E-01
 7.68458439E-01
 0.00000000E+00
 0.00000000E+00
 0.00000000E+00
 0.00000000E+00
 0.00000000E+00
 0.00000000E+00
 0.00000000E+00
 0.00000000E+00
 0.00000000E+00
 0.00000000E+00
 0.00000000E+00
 0.00000000E+00
 0.00000000E+00
 4.15955194E-02
 1.51116727E-02
 7.99125743E-02
 1.28167475E-01
 1.91995082E-01
 2.13783212E-02
 2.49470665E-02
 3.25797418E-01
 3.32354347E-01
 3.80865378E-01
 3.55781709E-01
 1.19237074E-01
 8.54449833E-02
 3.32354347E-01
 2.16617717E-01
 2.42367325E-01
 1.01734854E-01
 3.80865378E-01
 2.42367325E-01
 5.49142818E-02
 3.55781709E-01
 4.62400109E-02
 2.67877877E-01
 3.74974387E-01
 2.77440066E-01
 3.48285636E-01
 3.45536507E-01
 8.91332559E-02
 1.53678027E-01
 1.46933270E-01
 9.07554129E-02
 1.01427498E-02
 1.46933270E-01
 2.76620449E-02
 6.55180657E-02
 9.07554129E-02
 8.97821187E-02
 5.66901168E-02
 1.31241035E-01
 1.75483232E-01
 2.18239874E-01
 3.07014548E-02
 3.51581176E-02
 9.68171573E-02
 4.84427293E-02
 8.00150263E-02
 8.73232703E-02
 1.29789632E-01
 3.00321016E-01
 1.47428454E-01
 1.70463083E-01
 5.41117410E-01
 3.13520251E-01
 0.00000000E+00
 0.00000000E+00
 0.00000000E+00
 0.00000000E+00
 0.00000000E+00
 0.00000000E+00
 2.14693896E-02
 7.65658083E-02
 1.30706008E-01
 1.61692052E-01
 7.65658083E-02
 1.52266466E-01
 1.11945905E-01
 3.35223004E-01
 2.30221069E-01
 1.88466179E-01
 6.96446053E-02
 1.60075587E-01
 2.50711472E-01
 3.58126722E-02
 1.18457300E-01
 1.79313799E-01
 2.00760422E-01
 1.18457300E-01
 1.68704323E-02
 6.55465246E-02
 1.52266466E-01
 3.00594222E-01
 3.78935865E-01
 2.30221069E-01
 1.88466179E-01
 2.96427840E-02
 1.27370626E-01
 2.23117729E-02
 9.94922933E-03
 6.84151811E-02
 9.27304601E-02
 5.63030758E-02
 2.67513603E-02
 2.20841017E-03
 5.28880086E-02
 1.28702502E-01
 1.74851445E-02
 2.11961842E-02
 9.27304601E-02
 1.28588667E-01
 2.29333151E-01
 0.00000000E+00
 5.81540423E-01
 0.00000000E+00
 0.00000000E+00
 0.00000000E+00
 0.00000000E+00
 0.00000000E+00
 0.00000000E+00
 0.00000000E+00
 0.00000000E+00
 0.00000000E+00
 4.61375589E-02
 1.20688478E-01
 1.43808483E-01
 3.43043508E-02
 1.63820777E-01
 4.00843522E-01
 2.11273137E-01
 9.97541152E-02
 2.03589236E-01
 1.11570248E-01
 7.87173007E-03
 3.23714227E-01
 4.57089680E-01
 2.11273137E-01
 2.46055597E-02
 1.19715183E-01
 8.79123694E-02
 1.39249368E-01
 4.30332628E-01
 2.39140086E-01
 2.16003005E-01
 9.66464039E-02
 1.19254149E-01
 0.00000000E+00
 0.00000000E+00
 0.00000000E+00
 0.00000000E+00
 0.00000000E+00
 3.41916536E-02
 9.76572638E-02
 9.26576054E-02
 8.04453248E-02
 2.80035517E-01
 4.10217881E-02
 3.27436651E-02
 1.46765931E-01
 4.59531453E-02
 5.37613551E-01
 0.00000000E+00
 2.77007490E-01
 1.79541470E-01
 1.97345354E-01
 1.79541470E-01
 6.09931016E-02
 1.97345354E-01
 3.26047856E-01
 0.00000000E+00
 0.00000000E+00
 0.00000000E+00
 5.80668768E-01
 0.00000000E+00
 1.29089543E-02
 7.33556451E-02
 4.44641759E-02
 9.63048972E-03
 1.10033468E-01
 5.59388020E-02
 1.85301550E-01
 8.81087357E-02
 1.34553651E-02
 3.87951643E-02
 1.96024862E-02
 1.83184209E-01
 1.21576395E-02
 4.44641759E-02
 3.87951643E-02
 8.21665187E-02
 1.15770781E-01
 1.88033604E-01
 1.12082508E-01
 9.63048972E-03
 1.96024862E-02
 1.15770781E-01
 7.72488218E-02
 5.12260092E-03
 1.83184209E-01
 1.88033604E-01
 5.59388020E-02
 1.21576395E-02
 1.12082508E-01
 1.85301550E-01
 1.73553719E-01
 2.11392664E-01
 2.43494297E-02
 8.98162694E-03
 1.74885595E-01
 1.21576395E-02
 1.45686770E-01
 2.81469845E-01
 6.42032648E-02
 1.53131617E-01
 1.78676320E-01
 1.89741138E-01
 4.14589167E-02
 1.31377638E-01
 1.53131617E-01
 1.31001981E-01
 1.20586026E-01
 1.10170070E-01
 1.02417868E-01
 1.78676320E-01
 1.20586026E-01
 6.83013455E-05
 6.60815518E-02
 1.89741138E-01
 1.10170070E-01
 1.21576395E-02
 4.14589167E-02
 1.45686770E-01
 2.23686907E-01
 2.44621269E-01
 1.25879380E-01
 1.12492316E-01
 1.89399631E-01
 1.12082508E-01
 2.49538966E-01
 2.70405027E-01
 2.36493409E-01
 1.84618537E-01
 8.75964757E-02
 1.89809439E-01
 1.96059012E-01
 6.03783895E-02
 3.31944539E-02
 5.39580630E-03
 1.02656922E-01
 3.31944539E-02
 2.28604604E-01
 1.19288300E-01
 2.67809576E-01
 2.43357694E-01
 5.48767161E-01
 3.05648521E-01
 1.51833891E-01
 2.05621201E-01
 7.11358514E-01
 5.56075405E-01
 1.76900485E-02
 3.45707260E-01
 4.75377365E-02
 4.88559525E-01
 6.65050201E-01
 6.41793593E-01
 7.93456731E-01
 0.00000000E+00
 0.00000000E+00
 0.00000000E+00
 0.00000000E+00
 0.00000000E+00
 0.00000000E+00
 0.00000000E+00
 0.00000000E+00
 0.00000000E+00
 0.00000000E+00
 0.00000000E+00
 0.00000000E+00
 0.00000000E+00
 4.34396558E-02
 6.15565877E-02
 4.41909706E-02
 1.07028208E-01
 1.80110648E-01
 1.63240216E-02
 2.59032853E-02
 2.07499488E-01
 2.46482481E-01
 3.32388498E-01
 3.66624548E-01
 1.25110990E-01
 8.53766819E-02
 2.46482481E-01
 1.73246363E-01
 2.12212281E-01
 1.16863602E-01
 3.32388498E-01
 2.12212281E-01
 5.36848576E-02
 3.66624548E-01
 5.01331876E-02
 2.49607267E-01
 3.16269381E-01
 2.10829178E-01
 3.11488286E-01
 3.60477426E-01
 1.37251554E-01
 1.59825149E-01
 2.04050270E-01
 1.61703436E-01
 4.52667168E-02
 2.04050270E-01
 5.52899392E-02
 1.14780411E-01
 1.61703436E-01
 7.71975958E-02
 1.24547504E-01
 1.52072946E-01
 1.70053275E-01
 2.11034082E-01
 1.14438904E-01
 7.26726317E-02
 1.30592173E-01
 3.61484871E-02
 4.50788881E-02
 6.17102657E-02
 9.22238918E-02
 1.99952189E-01
 2.86524145E-02
 7.24506523E-02
 4.99726795E-01
 2.34956629E-01
 0.00000000E+00
 0.00000000E+00
 0.00000000E+00
 0.00000000E+00
 0.00000000E+00
 0.00000000E+00
 4.02294925E-02
 4.27338752E-02
 1.54907452E-01
 2.04152722E-01
 1.33642966E-01
 1.22213874E-01
 8.59003256E-02
 2.63893632E-01
 1.93679849E-01
 1.69728844E-01
 4.91997359E-02
 1.81544976E-01
 2.05974091E-01
 3.58126722E-02
 1.18457300E-01
 2.20135237E-01
 1.77105389E-01
 1.18457300E-01
 5.15447488E-02
 4.67408875E-02
 1.22213874E-01
 2.95357785E-01
 3.39708126E-01
 1.93679849E-01
 1.69728844E-01
 8.03451495E-02
 1.14188466E-01
 5.04519272E-02
 5.02470232E-02
 1.00653416E-01
 6.99633449E-02
 8.36691483E-02
 3.30350841E-02
 2.27671152E-02
 4.60578740E-02
 1.24604421E-01
 9.74432530E-02
 2.12417185E-02
 6.99633449E-02
 6.14256768E-02
 2.02012613E-01
 0.00000000E+00
 5.20023678E-01
 0.00000000E+00
 0.00000000E+00
 0.00000000E+00
 0.00000000E+00
 0.00000000E+00
 0.00000000E+00
 0.00000000E+00
 0.00000000E+00
 0.00000000E+00
 7.21603716E-02
 8.87917492E-02
 1.66638208E-01
 1.04091251E-01
 1.65084352E-01
 3.65787856E-01
 1.93668465E-01
 1.28560208E-01
 1.77788402E-01
 1.11570248E-01
 8.12444505E-02
 3.74769483E-01
 4.61068233E-01
 1.93668465E-01
 1.84072126E-02
 1.03271634E-01
 1.13679052E-01
 1.25247592E-01
 3.76306263E-01
 1.99269176E-01
 1.68670173E-01
 8.71012909E-02
 1.16180589E-01
 0.00000000E+00
 0.00000000E+00
 0.00000000E+00
 0.00000000E+00
 0.00000000E+00
 1.16795301E-02
 9.24936821E-02
 1.37067140E-01
 7.67570521E-02
 2.88381941E-01
 7.72351615E-02
 1.57093095E-03
 1.74701182E-01
 2.19520525E-02
 5.88142886E-01
 0.00000000E+00
 2.78100312E-01
 2.03242037E-01
 1.82319058E-01
 2.03242037E-01
 6.85517838E-02
 1.82319058E-01
 3.08426109E-01
 0.00000000E+00
 0.00000000E+00
 0.00000000E+00
 6.06896484E-01
 0.00000000E+00
 1.82364593E-02
 1.08599139E-01
 8.01857797E-02
 7.30824397E-02
 1.61396080E-01
 4.71962298E-02
 1.63445120E-01
 1.27040503E-01
 1.44730551E-01
 3.49019876E-02
 2.67741275E-02
 1.62488901E-01
 3.25114405E-02
 8.01857797E-02
 3.49019876E-02
 9.35045420E-02
 1.23488833E-01
 2.41240352E-01
 9.67147053E-02
 7.30824397E-02
 2.67741275E-02
 1.23488833E-01
 1.14404754E-01
 3.02574961E-02
 1.62488901E-01
 2.41240352E-01
 4.71962298E-02
 3.25114405E-02
 9.67147053E-02
 1.63445120E-01
 1.40495868E-01
 1.36329486E-01
 6.00027321E-02
 6.67304146E-02
 1.50706919E-01
 3.25114405E-02
 1.70275254E-01
 3.89590875E-01
 1.36602691E-03
 1.51970494E-01
 2.12075678E-01
 2.27784987E-01
 6.51594836E-02
 1.41964347E-01
 1.51970494E-01
 1.23557134E-01
 1.20210368E-01
 9.28215286E-02
 1.15907383E-01
 2.12075678E-01
 1.20210368E-01
 1.77583498E-02
 1.27962571E-01
 2.27784987E-01
 9.28215286E-02
 3.25114405E-02
 6.51594836E-02
 1.70275254E-01
 3.00457619E-01
 2.75630080E-01
 1.14336452E-01
 9.91052524E-02
 2.36186053E-01
 9.67147053E-02
 3.11829793E-01
 2.84475104E-01
 2.31473260E-01
 1.85882112E-01
 6.93941671E-02
 2.54354211E-01
 2.26009152E-01
 6.72085240E-02
 2.90963732E-02
 1.29772557E-03
 1.10477426E-01
 2.90963732E-02
 2.74298204E-01
 9.99931699E-02
 2.91373540E-01
 3.61109214E-01
 6.87931152E-01
 3.94645175E-01
 2.27921590E-01
 2.74024998E-01
 8.53698518E-01
 7.04016119E-01
 6.47496756E-02
 4.63595383E-01
 6.00368827E-02
 5.54538624E-01
 6.48931084E-01
 6.36670992E-01
 8.18455024E-01
 0.00000000E+00
 0.00000000E+00
 0.00000000E+00
 0.00000000E+00
 0.00000000E+00
 0.00000000E+00
 0.00000000E+00
 0.00000000E+00
 0.00000000E+00
 0.00000000E+00
 0.00000000E+00
 0.00000000E+00
 0.00000000E+00
 4.52837921E-02
 1.38224848E-01
 8.46936685E-03
 8.58889420E-02
 1.68226214E-01
 5.40263643E-02
 7.67536370E-02
 8.92015573E-02
 1.60610614E-01
 2.83911618E-01
 3.77467386E-01
 1.30984905E-01
 8.53083806E-02
 1.60610614E-01
 1.29875009E-01
 1.82057237E-01
 1.31992350E-01
 2.83911618E-01
 1.82057237E-01
 5.24554334E-02
 3.77467386E-01
 5.40263643E-02
 2.31336657E-01
 2.57564374E-01
 1.44218291E-01
 2.74690936E-01
 3.75418346E-01
 1.85369852E-01
 1.65972270E-01
 2.61167270E-01
 2.32651458E-01
 1.00676183E-01
 2.61167270E-01
 8.29178335E-02
 1.64042757E-01
 2.32651458E-01
 6.46130729E-02
 1.92404890E-01
 1.72904856E-01
 1.64623318E-01
 2.03828290E-01
 1.98176354E-01
 1.10187146E-01
 1.64367188E-01
 1.20739704E-01
 1.01427498E-02
 3.60972611E-02
 5.46581518E-02
 9.95833618E-02
 9.01236254E-02
 2.55617786E-02
 4.58336179E-01
 1.56393006E-01
 0.00000000E+00
 0.00000000E+00
 0.00000000E+00
 0.00000000E+00
 0.00000000E+00
 0.00000000E+00
 5.89895954E-02
 8.90194203E-03
 1.79108895E-01
 2.46613392E-01
 1.90720124E-01
 9.21612822E-02
 5.98547458E-02
 1.92564260E-01
 1.57138629E-01
 1.50991508E-01
 2.87548665E-02
 2.03014366E-01
 1.61236710E-01
 3.58126722E-02
 1.18457300E-01
 2.60956674E-01
 1.53450356E-01
 1.18457300E-01
 8.62190652E-02
 2.79352503E-02
 9.21612822E-02
 2.90121349E-01
 3.00480386E-01
 1.57138629E-01
 1.50991508E-01
 1.31047515E-01
 1.01006306E-01
 7.85920816E-02
 9.05448171E-02
 1.32891651E-01
 4.71962298E-02
 1.11035221E-01
 9.28215286E-02
 4.77426405E-02
 3.92277395E-02
 1.20506341E-01
 1.77401361E-01
 6.36796212E-02
 4.71962298E-02
 5.73731303E-03
 1.74692075E-01
 0.00000000E+00
 4.58506933E-01
 0.00000000E+00
 0.00000000E+00
 0.00000000E+00
 0.00000000E+00
 0.00000000E+00
 0.00000000E+00
 0.00000000E+00
 0.00000000E+00
 0.00000000E+00
 9.81831842E-02
 5.68950208E-02
 1.89467933E-01
 1.73878150E-01
 1.66347927E-01
 3.30732190E-01
 1.76063793E-01
 1.57366300E-01
 1.51987569E-01
 1.11570248E-01
 1.54617171E-01
 4.25824739E-01
 4.65046786E-01
 1.76063793E-01
 1.22088655E-02
 8.68280855E-02
 1.39445735E-01
 1.11245817E-01
 3.22279899E-01
 1.59398265E-01
 1.21337340E-01
 7.75561779E-02
 1.13107028E-01
 0.00000000E+00
 0.00000000E+00
 0.00000000E+00
 0.00000000E+00
 0.00000000E+00
 1.08325934E-02
 8.73301004E-02
 1.81476675E-01
 7.30687795E-02
 2.96728366E-01
 1.13448535E-01
 3.58855269E-02
 2.02636432E-01
 2.04904037E-03
 6.38672222E-01
 0.00000000E+00
 2.79193133E-01
 2.26942604E-01
 1.67292762E-01
 2.26942604E-01
 7.61104660E-02
 1.67292762E-01
 2.90804362E-01
 0.00000000E+00
 0.00000000E+00
 0.00000000E+00
 6.33124201E-01
 0.00000000E+00
 1.82364593E-02
 1.08599139E-01
 8.01857797E-02
 7.30824397E-02
 1.61396080E-01
 4.71962298E-02
 1.63445120E-01
 1.27040503E-01
 1.44730551E-01
 3.49019876E-02
 2.67741275E-02
 1.62488901E-01
 3.25114405E-02
 8.01857797E-02
 3.49019876E-02
 9.35045420E-02
 1.23488833E-01
 2.41240352E-01
 9.67147053E-02
 7.30824397E-02
 2.67741275E-02
 1.23488833E-01
 1.14404754E-01
 3.02574961E-02
 1.62488901E-01
 2.41240352E-01
 4.71962298E-02
 3.25114405E-02
 9.67147053E-02
 1.63445120E-01
 1.40495868E-01
 1.36329486E-01
 6.00027321E-02
 6.67304146E-02
 1.50706919E-01
 3.25114405E-02
 1.70275254E-01
 3.89590875E-01
 1.36602691E-03
 1.51970494E-01
 2.12075678E-01
 2.27784987E-01
 6.51594836E-02
 1.41964347E-01
 1.51970494E-01
 1.23557134E-01
 1.20210368E-01
 9.28215286E-02
 1.15907383E-01
 2.12075678E-01
 1.20210368E-01
 1.77583498E-02
 1.27962571E-01
 2.27784987E-01
 9.28215286E-02
 3.25114405E-02
 6.51594836E-02
 1.70275254E-01
 3.00457619E-01
 2.75630080E-01
 1.14336452E-01
 9.91052524E-02
 2.36186053E-01
 9.67147053E-02
 3.11829793E-01
 2.84475104E-01
 2.31473260E-01
 1.85882112E-01
 6.93941671E-02
 2.54354211E-01
 2.26009152E-01
 6.72085240E-02
 2.90963732E-02
 1.29772557E-03
 1.10477426E-01
 2.90963732E-02
 2.74298204E-01
 9.99931699E-02
 2.91373540E-01
 3.61109214E-01
 6.87931152E-01
 3.94645175E-01
 2.27921590E-01
 2.74024998E-01
 8.53698518E-01
 7.04016119E-01
 6.47496756E-02
 4.63595383E-01
 6.00368827E-02
 5.54538624E-01
 6.48931084E-01
 6.36670992E-01
 8.18455024E-01
 0.00000000E+00
 0.00000000E+00
 0.00000000E+00
 0.00000000E+00
 0.00000000E+00
 0.00000000E+00
 0.00000000E+00
 0.00000000E+00
 0.00000000E+00
 0.00000000E+00
 0.00000000E+00
 0.00000000E+00
 0.00000000E+00
 4.52837921E-02
 1.38224848E-01
 8.46936685E-03
 8.58889420E-02
 1.68226214E-01
 5.40263643E-02
 7.67536370E-02
 8.92015573E-02
 1.60610614E-01
 2.83911618E-01
 3.77467386E-01
 1.30984905E-01
 8.53083806E-02
 1.60610614E-01
 1.29875009E-01
 1.82057237E-01
 1.31992350E-01
 2.83911618E-01
 1.82057237E-01
 5.24554334E-02
 3.77467386E-01
 5.40263643E-02
 2.31336657E-01
 2.57564374E-01
 1.44218291E-01
 2.74690936E-01
 3.75418346E-01
 1.85369852E-01
 1.65972270E-01
 2.61167270E-01
 2.32651458E-01
 1.00676183E-01
 2.61167270E-01
 8.29178335E-02
 1.64042757E-01
 2.32651458E-01
 6.46130729E-02
 1.92404890E-01
 1.72904856E-01
 1.64623318E-01
 2.03828290E-01
 1.98176354E-01
 1.10187146E-01
 1.64367188E-01
 1.20739704E-01
 1.01427498E-02
 3.60972611E-02
 5.46581518E-02
 9.95833618E-02
 9.01236254E-02
 2.55617786E-02
 4.58336179E-01
 1.56393006E-01
 0.00000000E+00
 0.00000000E+00
 0.00000000E+00
 0.00000000E+00
 0.00000000E+00
 0.00000000E+00
 5.89895954E-02
 8.90194203E-03
 1.79108895E-01
 2.46613392E-01
 1.90720124E-01
 9.21612822E-02
 5.98547458E-02
 1.92564260E-01
 1.57138629E-01
 1.50991508E-01
 2.87548665E-02
 2.03014366E-01
 1.61236710E-01
 3.58126722E-02
 1.18457300E-01
 2.60956674E-01
 1.53450356E-01
 1.18457300E-01
 8.62190652E-02
 2.79352503E-02
 9.21612822E-02
 2.90121349E-01
 3.00480386E-01
 1.57138629E-01
 1.50991508E-01
 1.31047515E-01
 1.01006306E-01
 7.85920816E-02
 9.05448171E-02
 1.32891651E-01
 4.71962298E-02
 1.11035221E-01
 9.28215286E-02
 4.77426405E-02
 3.92277395E-02
 1.20506341E-01
 1.77401361E-01
 6.36796212E-02
 4.71962298E-02
 5.73731303E-03
 1.74692075E-01
 0.00000000E+00
 4.58506933E-01
 0.00000000E+00
 0.00000000E+00
 0.00000000E+00
 0.00000000E+00
 0.00000000E+00
 0.00000000E+00
 0.00000000E+00
 0.00000000E+00
 0.00000000E+00
 9.81831842E-02
 5.68950208E-02
 1.89467933E-01
 1.73878150E-01
 1.66347927E-01
 3.30732190E-01
 1.76063793E-01
 1.57366300E-01
 1.51987569E-01
 1.11570248E-01
 1.54617171E-01
 4.25824739E-01
 4.65046786E-01
 1.76063793E-01
 1.22088655E-02
 8.68280855E-02
 1.39445735E-01
 1.11245817E-01
 3.22279899E-01
 1.59398265E-01
 1.21337340E-01
 7.75561779E-02
 1.13107028E-01
 0.00000000E+00
 0.00000000E+00
 0.00000000E+00
 0.00000000E+00
 0.00000000E+00
 1.08325934E-02
 8.73301004E-02
 1.81476675E-01
 7.30687795E-02
 2.96728366E-01
 1.13448535E-01
 3.58855269E-02
 2.02636432E-01
 2.04904037E-03
 6.38672222E-01
 0.00000000E+00
 2.79193133E-01
 2.26942604E-01
 1.67292762E-01
 2.26942604E-01
 7.61104660E-02
 1.67292762E-01
 2.90804362E-01
 0.00000000E+00
 0.00000000E+00
 0.00000000E+00
 6.33124201E-01
 0.00000000E+00
 1.29089543E-02
 7.33556451E-02
 4.44641759E-02
 9.63048972E-03
 1.10033468E-01
 5.59388020E-02
 1.85301550E-01
 8.81087357E-02
 1.34553651E-02
 3.87951643E-02
 1.96024862E-02
 1.83184209E-01
 1.21576395E-02
 4.44641759E-02
 3.87951643E-02
 8.21665187E-02
 1.15770781E-01
 1.88033604E-01
 1.12082508E-01
 9.63048972E-03
 1.96024862E-02
 1.15770781E-01
 7.72488218E-02
 5.12260092E-03
 1.83184209E-01
 1.88033604E-01
 5.59388020E-02
 1.21576395E-02
 1.12082508E-01
 1.85301550E-01
 1.73553719E-01
 2.11392664E-01
 2.43494297E-02
 8.98162694E-03
 1.74885595E-01
 1.21576395E-02
 1.45686770E-01
 2.81469845E-01
 6.42032648E-02
 1.53131617E-01
 1.78676320E-01
 1.89741138E-01
 4.14589167E-02
 1.31377638E-01
 1.53131617E-01
 1.31001981E-01
 1.20586026E-01
 1.10170070E-01
 1.02417868E-01
 1.78676320E-01
 1.20586026E-01
 6.83013455E-05
 6.60815518E-02
 1.89741138E-01
 1.10170070E-01
 1.21576395E-02
 4.14589167E-02
 1.45686770E-01
 2.23686907E-01
 2.44621269E-01
 1.25879380E-01
 1.12492316E-01
 1.89399631E-01
 1.12082508E-01
 2.49538966E-01
 2.70405027E-01
 2.36493409E-01
 1.84618537E-01
 8.75964757E-02
 1.89809439E-01
 1.96059012E-01
 6.03783895E-02
 3.31944539E-02
 5.39580630E-03
 1.02656922E-01
 3.31944539E-02
 2.28604604E-01
 1.19288300E-01
 2.67809576E-01
 2.43357694E-01
 5.48767161E-01
 3.05648521E-01
 1.51833891E-01
 2.05621201E-01
 7.11358514E-01
 5.56075405E-01
 1.76900485E-02
 3.45707260E-01
 4.75377365E-02
 4.88559525E-01
 6.65050201E-01
 6.41793593E-01
 7.93456731E-01
 0.00000000E+00
 0.00000000E+00
 0.00000000E+00
 0.00000000E+00
 0.00000000E+00
 0.00000000E+00
 0.00000000E+00
 0.00000000E+00
 0.00000000E+00
 0.00000000E+00
 0.00000000E+00
 0.00000000E+00
 0.00000000E+00
 4.34396558E-02
 6.15565877E-02
 4.41909706E-02
 1.07028208E-01
 1.80110648E-01
 1.63240216E-02
 2.59032853E-02
 2.07499488E-01
 2.46482481E-01
 3.32388498E-01
 3.66624548E-01
 1.25110990E-01
 8.53766819E-02
 2.46482481E-01
 1.73246363E-01
 2.12212281E-01
 1.16863602E-01
 3.32388498E-01
 2.12212281E-01
 5.36848576E-02
 3.66624548E-01
 5.01331876E-02
 2.49607267E-01
 3.16269381E-01
 2.10829178E-01
 3.11488286E-01
 3.60477426E-01
 1.37251554E-01
 1.59825149E-01
 2.04050270E-01
 1.61703436E-01
 4.52667168E-02
 2.04050270E-01
 5.52899392E-02
 1.14780411E-01
 1.61703436E-01
 7.71975958E-02
 1.24547504E-01
 1.52072946E-01
 1.70053275E-01
 2.11034082E-01
 1.14438904E-01
 7.26726317E-02
 1.30592173E-01
 3.61484871E-02
 4.50788881E-02
 6.17102657E-02
 9.22238918E-02
 1.99952189E-01
 2.86524145E-02
 7.24506523E-02
 4.99726795E-01
 2.34956629E-01
 0.00000000E+00
 0.00000000E+00
 0.00000000E+00
 0.00000000E+00
 0.00000000E+00
 0.00000000E+00
 4.02294925E-02
 4.27338752E-02
 1.54907452E-01
 2.04152722E-01
 1.33642966E-01
 1.22213874E-01
 8.59003256E-02
 2.63893632E-01
 1.93679849E-01
 1.69728844E-01
 4.91997359E-02
 1.81544976E-01
 2.05974091E-01
 3.58126722E-02
 1.18457300E-01
 2.20135237E-01
 1.77105389E-01
 1.18457300E-01
 5.15447488E-02
 4.67408875E-02
 1.22213874E-01
 2.95357785E-01
 3.39708126E-01
 1.93679849E-01
 1.69728844E-01
 8.03451495E-02
 1.14188466E-01
 5.04519272E-02
 5.02470232E-02
 1.00653416E-01
 6.99633449E-02
 8.36691483E-02
 3.30350841E-02
 2.27671152E-02
 4.60578740E-02
 1.24604421E-01
 9.74432530E-02
 2.12417185E-02
 6.99633449E-02
 6.14256768E-02
 2.02012613E-01
 0.00000000E+00
 5.20023678E-01
 0.00000000E+00
 0.00000000E+00
 0.00000000E+00
 0.00000000E+00
 0.00000000E+00
 0.00000000E+00
 0.00000000E+00
 0.00000000E+00
 0.00000000E+00
 7.21603716E-02
 8.87917492E-02
 1.66638208E-01
 1.04091251E-01
 1.65084352E-01
 3.65787856E-01
 1.93668465E-01
 1.28560208E-01
 1.77788402E-01
 1.11570248E-01
 8.12444505E-02
 3.74769483E-01
 4.61068233E-01
 1.93668465E-01
 1.84072126E-02
 1.03271634E-01
 1.13679052E-01
 1.25247592E-01
 3.76306263E-01
 1.99269176E-01
 1.68670173E-01
 8.71012909E-02
 1.16180589E-01
 0.00000000E+00
 0.00000000E+00
 0.00000000E+00
 0.00000000E+00
 0.00000000E+00
 1.16795301E-02
 9.24936821E-02
 1.37067140E-01
 7.67570521E-02
 2.88381941E-01
 7.72351615E-02
 1.57093095E-03
 1.74701182E-01
 2.19520525E-02
 5.88142886E-01
 0.00000000E+00
 2.78100312E-01
 2.03242037E-01
 1.82319058E-01
 2.03242037E-01
 6.85517838E-02
 1.82319058E-01
 3.08426109E-01
 0.00000000E+00
 0.00000000E+00
 0.00000000E+00
 6.06896484E-01
 0.00000000E+00
 4.40543679E-02
 3.81121508E-02
 8.74257223E-03
 5.38214603E-02
 5.86708558E-02
 6.46813742E-02
 2.07157981E-01
 4.91769688E-02
 1.17819821E-01
 1.12492316E-01
 6.59790998E-02
 2.03879516E-01
 5.68267195E-02
 8.74257223E-03
 1.12492316E-01
 7.08284953E-02
 1.08052729E-01
 1.34826856E-01
 1.27450311E-01
 5.38214603E-02
 6.59790998E-02
 1.08052729E-01
 4.00928898E-02
 2.00122942E-02
 2.03879516E-01
 1.34826856E-01
 6.46813742E-02
 5.68267195E-02
 1.27450311E-01
 2.07157981E-01
 2.06611570E-01
 2.86455843E-01
 1.08701591E-01
 4.87671607E-02
 1.99064272E-01
 5.68267195E-02
 1.21098286E-01
 1.73348815E-01
 1.27040503E-01
 1.54292740E-01
 1.45276962E-01
 1.51697288E-01
 1.77583498E-02
 1.20790930E-01
 1.54292740E-01
 1.38446827E-01
 1.20961683E-01
 1.27518612E-01
 8.89283519E-02
 1.45276962E-01
 1.20961683E-01
 1.78949525E-02
 4.20053275E-03
 1.51697288E-01
 1.27518612E-01
 5.68267195E-02
 1.77583498E-02
 1.21098286E-01
 1.46916194E-01
 2.13612458E-01
 1.37422307E-01
 1.25879380E-01
 1.42613209E-01
 1.27450311E-01
 1.87248139E-01
 2.56334950E-01
 2.41513558E-01
 1.83354962E-01
 1.05798784E-01
 1.25264668E-01
 1.66108872E-01
 5.35482549E-02
 3.72925347E-02
 9.49388703E-03
 9.48364183E-02
 3.72925347E-02
 1.82911003E-01
 1.38583430E-01
 2.44245612E-01
 1.25606174E-01
 4.09603169E-01
 2.16651868E-01
 7.57461922E-02
 1.37217403E-01
 5.69018510E-01
 4.08134690E-01
 2.93695786E-02
 2.27819138E-01
 1.55112356E-01
 4.22580425E-01
 6.81169319E-01
 6.46916194E-01
 7.68458439E-01
 0.00000000E+00
 0.00000000E+00
 0.00000000E+00
 0.00000000E+00
 0.00000000E+00
 0.00000000E+00
 0.00000000E+00
 0.00000000E+00
 0.00000000E+00
 0.00000000E+00
 0.00000000E+00
 0.00000000E+00
 0.00000000E+00
 4.15955194E-02
 1.51116727E-02
 7.99125743E-02
 1.28167475E-01
 1.91995082E-01
 2.13783212E-02
 2.49470665E-02
 3.25797418E-01
 3.32354347E-01
 3.80865378E-01
 3.55781709E-01
 1.19237074E-01
 8.54449833E-02
 3.32354347E-01
 2.16617717E-01
 2.42367325E-01
 1.01734854E-01
 3.80865378E-01
 2.42367325E-01
 5.49142818E-02
 3.55781709E-01
 4.62400109E-02
 2.67877877E-01
 3.74974387E-01
 2.77440066E-01
 3.48285636E-01
 3.45536507E-01
 8.91332559E-02
 1.53678027E-01
 1.46933270E-01
 9.07554129E-02
 1.01427498E-02
 1.46933270E-01
 2.76620449E-02
 6.55180657E-02
 9.07554129E-02
 8.97821187E-02
 5.66901168E-02
 1.31241035E-01
 1.75483232E-01
 2.18239874E-01
 3.07014548E-02
 3.51581176E-02
 9.68171573E-02
 4.84427293E-02
 8.00150263E-02
 8.73232703E-02
 1.29789632E-01
 3.00321016E-01
 1.47428454E-01
 1.70463083E-01
 5.41117410E-01
 3.13520251E-01
 0.00000000E+00
 0.00000000E+00
 0.00000000E+00
 0.00000000E+00
 0.00000000E+00
 0.00000000E+00
 2.14693896E-02
 7.65658083E-02
 1.30706008E-01
 1.61692052E-01
 7.65658083E-02
 1.52266466E-01
 1.11945905E-01
 3.35223004E-01
 2.30221069E-01
 1.88466179E-01
 6.96446053E-02
 1.60075587E-01
 2.50711472E-01
 3.58126722E-02
 1.18457300E-01
 1.79313799E-01
 2.00760422E-01
 1.18457300E-01
 1.68704323E-02
 6.55465246E-02
 1.52266466E-01
 3.00594222E-01
 3.78935865E-01
 2.30221069E-01
 1.88466179E-01
 2.96427840E-02
 1.27370626E-01
 2.23117729E-02
 9.94922933E-03
 6.84151811E-02
 9.27304601E-02
 5.63030758E-02
 2.67513603E-02
 2.20841017E-03
 5.28880086E-02
 1.28702502E-01
 1.74851445E-02
 2.11961842E-02
 9.27304601E-02
 1.28588667E-01
 2.29333151E-01
 0.00000000E+00
 5.81540423E-01
 0.00000000E+00
 0.00000000E+00
 0.00000000E+00
 0.00000000E+00
 0.00000000E+00
 0.00000000E+00
 0.00000000E+00
 0.00000000E+00
 0.00000000E+00
 4.61375589E-02
 1.20688478E-01
 1.43808483E-01
 3.43043508E-02
 1.63820777E-01
 4.00843522E-01
 2.11273137E-01
 9.97541152E-02
 2.03589236E-01
 1.11570248E-01
 7.87173007E-03
 3.23714227E-01
 4.57089680E-01
 2.11273137E-01
 2.46055597E-02
 1.19715183E-01
 8.79123694E-02
 1.39249368E-01
 4.30332628E-01
 2.39140086E-01
 2.16003005E-01
 9.66464039E-02
 1.19254149E-01
 0.00000000E+00
 0.00000000E+00
 0.00000000E+00
 0.00000000E+00
 0.00000000E+00
 3.41916536E-02
 9.76572638E-02
 9.26576054E-02
 8.04453248E-02
 2.80035517E-01
 4.10217881E-02
 3.27436651E-02
 1.46765931E-01
 4.59531453E-02
 5.37613551E-01
 0.00000000E+00
 2.77007490E-01
 1.79541470E-01
 1.97345354E-01
 1.79541470E-01
 6.09931016E-02
 1.97345354E-01
 3.26047856E-01
 0.00000000E+00
 0.00000000E+00
 0.00000000E+00
 5.80668768E-01
 0.00000000E+00
 1.03886347E-01
 2.27443481E-02
 7.05552899E-02
 7.73854245E-02
 1.04022949E-01
 4.26883410E-02
 2.04425927E-01
 3.01208934E-02
 1.16317191E-01
 1.58527423E-01
 2.10709651E-01
 2.25189536E-01
 4.30981490E-02
 7.05552899E-02
 1.58527423E-01
 1.57844410E-01
 2.40489038E-01
 1.34485349E-01
 1.42818114E-01
 7.73854245E-02
 2.10709651E-01
 2.40489038E-01
 1.35714774E-01
 5.15675159E-02
 2.25189536E-01
 1.34485349E-01
 4.26883410E-02
 4.30981490E-02
 1.42818114E-01
 2.04425927E-01
 8.18933133E-02
 1.89399631E-01
 1.33119322E-01
 1.85506454E-01
 2.17403183E-01
 4.30981490E-02
 1.43227922E-01
 1.38993238E-01
 3.92732737E-02
 1.03203333E-01
 2.15763951E-01
 1.15497575E-01
 6.74134280E-02
 4.71962298E-02
 1.03203333E-01
 1.36670992E-01
 1.80042347E-01
 1.47326002E-01
 7.73171231E-02
 2.15763951E-01
 1.80042347E-01
 3.80438495E-02
 7.64292057E-02
 1.15497575E-01
 1.47326002E-01
 4.30981490E-02
 6.74134280E-02
 1.43227922E-01
 8.67427088E-03
 1.06481798E-01
 1.07984427E-01
 1.95819958E-01
 1.20825080E-01
 1.42818114E-01
 8.16201079E-02
 1.26289188E-01
 1.41520388E-01
 1.83320811E-01
 1.45618469E-01
 8.53083806E-02
 8.03223824E-02
 9.63048972E-03
 7.51997814E-02
 1.09487057E-01
 1.17751520E-01
 7.51997814E-02
 9.91052524E-02
 1.69660542E-01
 2.20681647E-01
 1.61805888E-01
 2.93695786E-02
 7.23311249E-02
 7.16481115E-02
 1.55863671E-01
 1.00061471E-01
 1.35919678E-02
 2.43630900E-01
 1.12082508E-01
 3.60016392E-01
 4.08237142E-01
 7.62857728E-01
 7.42503927E-01
 8.15586367E-01
 0.00000000E+00
 0.00000000E+00
 0.00000000E+00
 0.00000000E+00
 0.00000000E+00
 0.00000000E+00
 0.00000000E+00
 0.00000000E+00
 0.00000000E+00
 0.00000000E+00
 0.00000000E+00
 0.00000000E+00
 0.00000000E+00
 7.56095895E-02
 5.01331876E-02
 1.48111468E-01
 2.10265692E-01
 1.84311181E-01
 2.39054709E-03
 5.25920361E-02
 2.89802609E-01
 3.08346424E-01
 3.78628509E-01
 2.47968035E-01
 2.66375248E-03
 1.45652619E-01
 3.08346424E-01
 1.96981081E-01
 2.14432074E-01
 1.84447784E-01
 3.78628509E-01
 2.14432074E-01
 8.26787788E-02
 2.47968035E-01
 5.77146370E-02
 1.36056280E-01
 2.72317465E-01
 2.55686087E-01
 3.47278191E-01
 2.37927737E-01
 6.71402227E-02
 8.29861348E-02
 9.44266102E-02
 1.03715593E-01
 2.43494297E-02
 9.44266102E-02
 1.38651731E-02
 1.25981832E-01
 1.03715593E-01
 7.82391913E-02
 6.86428523E-02
 3.71559320E-02
 1.01256745E-01
 1.57366300E-01
 4.74011338E-02
 3.06331535E-02
 2.15490745E-02
 7.79659859E-02
 1.07267263E-01
 1.28304078E-01
 1.03886347E-01
 4.67386108E-01
 3.60767707E-01
 3.52947203E-01
 6.33016870E-01
 4.89208387E-01
 0.00000000E+00
 0.00000000E+00
 0.00000000E+00
 0.00000000E+00
 0.00000000E+00
 0.00000000E+00
 2.39282381E-02
 1.06163058E-01
 1.81294538E-01
 1.87396125E-01
 3.32172210E-02
 1.97686861E-01
 1.22282176E-01
 3.06559206E-01
 2.17585320E-01
 1.73189445E-01
 1.37627211E-01
 1.86758646E-01
 2.21683400E-01
 5.63030758E-02
 1.53290986E-01
 1.90674590E-01
 1.75648294E-01
 1.53290986E-01
 9.40281857E-03
 1.36807595E-01
 1.97686861E-01
 1.54201671E-01
 2.82517132E-01
 2.17585320E-01
 1.73189445E-01
 2.89370034E-02
 8.43066275E-02
 1.26129818E-02
 1.06322428E-02
 2.08091433E-02
 1.15497575E-01
 4.90175990E-02
 1.58254218E-01
 8.48985725E-02
 9.72838832E-02
 1.77879471E-01
 1.01063224E-01
 9.74432530E-02
 1.35987979E-01
 2.04289324E-01
 2.66898891E-01
 0.00000000E+00
 6.68055461E-01
 0.00000000E+00
 0.00000000E+00
 0.00000000E+00
 0.00000000E+00
 0.00000000E+00
 0.00000000E+00
 0.00000000E+00
 0.00000000E+00
 0.00000000E+00
 1.48213920E-02
 1.46540537E-01
 1.89570385E-01
 1.61532682E-02
 1.41144731E-01
 3.57830749E-01
 1.99986340E-01
 9.49730210E-02
 1.49784851E-01
 1.54600096E-01
 4.06051499E-02
 1.31480090E-01
 3.25865720E-01
 1.99986340E-01
 5.01673383E-02
 1.57366300E-01
 3.42531248E-02
 1.04381531E-01
 4.02602281E-01
 2.73939622E-01
 3.55235298E-01
 1.98859368E-01
 1.73041459E-01
 0.00000000E+00
 0.00000000E+00
 0.00000000E+00
 0.00000000E+00
 0.00000000E+00
 1.04651322E-01
 6.35612322E-02
 5.57475582E-02
 4.09398265E-02
 1.80957585E-01
 1.36602691E-05
 1.74427976E-01
 5.23188307E-03
 1.21098286E-01
 4.97903149E-01
 0.00000000E+00
 3.20993557E-01
 2.00919791E-01
 2.27739453E-01
 2.00919791E-01
 1.35396034E-01
 2.27739453E-01
 4.22899164E-01
 0.00000000E+00
 0.00000000E+00
 0.00000000E+00
 5.85352289E-01
 0.00000000E+00
 1.17546616E-01
 1.08121030E-01
 2.41103750E-01
 2.39874326E-01
 1.52926713E-01
 2.68424288E-02
 2.06611570E-01
 1.04432757E-01
 3.15620518E-01
 3.46151219E-01
 3.75930606E-01
 2.43425995E-01
 2.21979373E-02
 2.41103750E-01
 3.46151219E-01
 2.57154566E-01
 2.72112561E-01
 4.93135715E-02
 2.19657127E-01
 2.39874326E-01
 3.75930606E-01
 2.72112561E-01
 1.05935387E-01
 1.26698996E-01
 2.43425995E-01
 4.93135715E-02
 2.68424288E-02
 2.21979373E-02
 2.19657127E-01
 2.06611570E-01
 1.50945974E-02
 2.12826993E-01
 2.71975958E-01
 3.26446281E-01
 2.27238577E-01
 2.21979373E-02
 1.71094871E-01
 4.86305580E-02
 2.50461034E-01
 2.85909432E-01
 3.59811488E-01
 1.36056280E-01
 9.93101564E-02
 1.81818182E-01
 2.85909432E-01
 1.97390889E-01
 1.71812035E-01
 2.06474968E-01
 2.72351615E-01
 3.59811488E-01
 1.71812035E-01
 9.28898299E-03
 1.56751588E-01
 1.36056280E-01
 2.06474968E-01
 2.21979373E-02
 9.93101564E-02
 1.71094871E-01
 1.74646541E-01
 9.63048972E-03
 4.84939553E-02
 1.39539649E-01
 5.73731303E-03
 2.19657127E-01
 2.20613346E-02
 7.02820846E-02
 6.79939895E-02
 9.43583089E-02
 2.31985520E-01
 3.71559320E-02
 3.73949867E-02
 1.12082508E-01
 2.26828769E-01
 9.63731986E-02
 6.15736630E-02
 2.26828769E-01
 1.04227853E-01
 2.44006557E-01
 2.58588894E-01
 4.48398333E-01
 3.13195820E-01
 3.29622294E-01
 2.64940919E-01
 4.05812445E-01
 2.65897138E-01
 3.00047811E-01
 4.15272181E-01
 3.62885049E-01
 5.19500034E-01
 4.33235435E-01
 8.41814084E-01
 8.20708968E-01
 8.45775562E-01
 0.00000000E+00
 0.00000000E+00
 0.00000000E+00
 0.00000000E+00
 0.00000000E+00
 0.00000000E+00
 0.00000000E+00
 0.00000000E+00
 0.00000000E+00
 0.00000000E+00
 0.00000000E+00
 0.00000000E+00
 0.00000000E+00
 1.19117547E-01
 1.11433645E-01
 2.20886551E-01
 2.16071307E-01
 8.35325456E-02
 1.14268151E-01
 1.12663069E-01
 3.32695854E-01
 3.02216379E-01
 2.93917765E-01
 6.56205177E-02
 1.81681579E-01
 2.19657127E-01
 3.02216379E-01
 8.97479680E-02
 3.13844683E-02
 2.03162352E-01
 2.93917765E-01
 3.13844683E-02
 3.27163445E-02
 6.56205177E-02
 1.41930196E-01
 2.28468001E-02
 2.02547640E-01
 2.52834506E-01
 2.64411584E-01
 5.59900280E-02
 3.28187965E-02
 2.04699133E-01
 1.82996380E-01
 1.32350932E-01
 1.37166177E-01
 1.82996380E-01
 1.38993238E-02
 1.53763404E-01
 1.32350932E-01
 1.02093436E-01
 2.65384878E-01
 1.10033468E-01
 4.40885185E-02
 4.87330100E-02
 1.52312001E-01
 6.28201626E-02
 4.44983266E-02
 1.33699884E-01
 1.08906495E-01
 1.82091387E-01
 1.79359333E-01
 6.24923161E-01
 5.32682194E-01
 5.04678642E-01
 6.68806775E-01
 5.63264121E-01
 0.00000000E+00
 0.00000000E+00
 0.00000000E+00
 0.00000000E+00
 0.00000000E+00
 0.00000000E+00
 1.22464313E-01
 9.54169797E-02
 1.72119391E-01
 1.00858320E-01
 1.14290918E-01
 3.30191471E-01
 9.66464039E-02
 2.65191358E-01
 1.49625481E-01
 4.35762585E-02
 2.83336748E-01
 1.61191175E-01
 1.41429319E-01
 1.89490700E-01
 3.23361337E-01
 9.43013911E-02
 3.86585616E-02
 3.23361337E-01
 1.38332992E-01
 2.84975981E-01
 3.30191471E-01
 6.48635111E-02
 1.41839128E-01
 1.49625481E-01
 4.35762585E-02
 2.75482094E-02
 1.13471302E-01
 3.67233568E-02
 1.88284043E-02
 2.03310339E-02
 1.79245498E-01
 3.49019876E-02
 3.76499784E-01
 2.51030212E-01
 2.32748218E-01
 3.49315848E-01
 2.76187874E-01
 1.92131685E-01
 2.06566036E-01
 3.20401612E-01
 2.97634497E-01
 0.00000000E+00
 7.52521458E-01
 0.00000000E+00
 0.00000000E+00
 0.00000000E+00
 0.00000000E+00
 0.00000000E+00
 0.00000000E+00
 0.00000000E+00
 0.00000000E+00
 0.00000000E+00
 1.72255993E-01
 4.91769688E-02
 9.38631241E-02
 1.21251964E-01
 2.08660611E-02
 1.97100608E-01
 4.20907042E-02
 4.66156683E-03
 2.14295472E-02
 3.49771190E-01
 1.80366778E-01
 1.59244587E-01
 6.79086128E-02
 4.20907042E-02
 2.00208319E-01
 2.24933406E-01
 5.26774127E-02
 1.48965235E-01
 3.61655625E-01
 3.10583293E-01
 5.71409057E-01
 4.19455638E-01
 3.69237074E-01
 0.00000000E+00
 0.00000000E+00
 0.00000000E+00
 0.00000000E+00
 0.00000000E+00
 2.72727273E-01
 8.76306263E-02
 9.89823100E-02
 1.07137491E-01
 2.02445188E-02
 1.43241582E-01
 3.88784919E-01
 2.22443822E-01
 2.82876853E-01
 4.90403661E-01
 0.00000000E+00
 4.45575211E-01
 3.15187943E-01
 3.45217767E-01
 3.15187943E-01
 2.86296473E-01
 3.45217767E-01
 5.70748810E-01
 0.00000000E+00
 0.00000000E+00
 0.00000000E+00
 6.45301355E-01
 0.00000000E+00
