 3.00321016E-01
 1.06618400E-01
 7.51314801E-04
 7.77952326E-02
 9.92418551E-02
 2.68424288E-02
 2.06611570E-01
 1.36124582E-01
 6.25640325E-02
 1.83047606E-01
 2.78498736E-01
 2.11665870E-01
 2.21979373E-02
 7.51314801E-04
 1.83047606E-01
 2.57154566E-01
 2.72112561E-01
 4.93135715E-02
 2.19657127E-01
 7.77952326E-02
 2.78498736E-01
 2.72112561E-01
 1.05935387E-01
 7.30141384E-02
 2.11665870E-01
 4.93135715E-02
 2.68424288E-02
 2.21979373E-02
 2.19657127E-01
 2.06611570E-01
 3.09097739E-01
 1.08667441E-01
 4.24151356E-02
 3.77023427E-02
 2.45201830E-02
 1.14268151E-01
 2.85841131E-01
 1.67167543E-01
 4.66839697E-02
 1.18007650E-01
 1.83884298E-01
 2.97623113E-02
 1.81681579E-01
 5.88074585E-02
 1.18007650E-01
 8.97479680E-02
 3.13844683E-02
 3.20982173E-01
 2.78669490E-02
 1.83884298E-01
 3.13844683E-02
 1.46984496E-01
 4.98599822E-03
 2.97623113E-02
 3.20982173E-01
 1.14268151E-01
 1.81681579E-01
 2.85841131E-01
 3.90660929E-01
 2.18905812E-01
 1.77629033E-01
 1.29317214E-01
 1.90469686E-01
 3.30191471E-01
 2.59158072E-01
 9.71700476E-02
 8.78582975E-02
 9.84222389E-02
 3.29849965E-01
 1.98939052E-01
 1.02520320E-01
 2.16811238E-01
 3.39753660E-01
 1.78767388E-01
 1.21644696E-01
 3.39753660E-01
 2.59317442E-01
 3.38683605E-01
 3.69806252E-01
 5.94221706E-01
 4.56116385E-01
 4.70408442E-01
 4.80141384E-01
 5.30359948E-01
 3.71917902E-01
 4.13872003E-01
 5.33074927E-01
 4.41704802E-01
 5.81568882E-01
 6.14660884E-01
 8.84707329E-01
 8.65910798E-01
 8.93873369E-01
 0.00000000E+00
 0.00000000E+00
 0.00000000E+00
 0.00000000E+00
 0.00000000E+00
 0.00000000E+00
 0.00000000E+00
 0.00000000E+00
 0.00000000E+00
 0.00000000E+00
 0.00000000E+00
 0.00000000E+00
 0.00000000E+00
 1.44867154E-01
 6.09248002E-02
 1.83047606E-01
 2.78498736E-01
 2.11665870E-01
 2.21979373E-02
 6.42032648E-02
 2.30926849E-01
 2.72795574E-01
 3.51820231E-01
 1.33187624E-01
 9.93101564E-02
 1.79769141E-01
 2.72795574E-01
 1.97390889E-01
 1.71812035E-01
 2.44074858E-01
 3.51820231E-01
 1.71812035E-01
 9.36411447E-02
 1.33187624E-01
 5.15675159E-02
 1.69592241E-01
 3.99221365E-02
 1.18007650E-01
 1.83884298E-01
 2.97623113E-02
 3.52776450E-02
 1.19254149E-01
 1.27672290E-01
 9.91564784E-02
 5.12089338E-02
 1.27672290E-01
 1.38993238E-02
 8.88088245E-02
 9.91564784E-02
 1.46045352E-01
 3.47130205E-01
 1.79404868E-01
 1.11763768E-01
 1.12765521E-01
 2.27033673E-01
 1.05275141E-01
 8.62190652E-02
 2.07476721E-01
 1.49010769E-01
 2.20226305E-01
 2.50734239E-01
 6.79427635E-01
 5.74363090E-01
 5.58841609E-01
 6.88392186E-01
 5.81398129E-01
 0.00000000E+00
 0.00000000E+00
 0.00000000E+00
 0.00000000E+00
 0.00000000E+00
 0.00000000E+00
 2.77986476E-02
 1.70753364E-01
 2.57154566E-01
 2.72112561E-01
 4.93135715E-02
 2.19657127E-01
 1.73212212E-01
 2.77713271E-01
 1.97390889E-01
 1.71812035E-01
 2.06474968E-01
 2.35298135E-01
 1.80998566E-01
 8.47619698E-02
 2.10436446E-01
 2.58998702E-01
 1.61976641E-01
 2.10436446E-01
 2.06270064E-02
 2.09753432E-01
 2.19657127E-01
 1.13346083E-01
 6.83184209E-02
 8.97479680E-02
 3.13844683E-02
 2.64496961E-02
 7.11187760E-02
 1.38993238E-02
 5.90806639E-03
 2.49299911E-03
 1.61600984E-01
 1.89194727E-02
 3.85333424E-01
 2.69722014E-01
 2.54376978E-01
 3.62293104E-01
 2.92261458E-01
 2.16082690E-01
 2.20226305E-01
 3.26093391E-01
 3.10156410E-01
 0.00000000E+00
 7.97964620E-01
 0.00000000E+00
 0.00000000E+00
 0.00000000E+00
 0.00000000E+00
 0.00000000E+00
 0.00000000E+00
 0.00000000E+00
 0.00000000E+00
 0.00000000E+00
 4.03660952E-02
 1.92439041E-01
 2.72112561E-01
 1.05935387E-01
 1.15121918E-01
 2.72317465E-01
 1.71812035E-01
 5.73731303E-03
 3.07356055E-04
 2.10436446E-01
 5.38897616E-02
 1.75329554E-01
 3.89146916E-02
 3.13844683E-02
 1.46984496E-01
 2.36339731E-01
 8.79209070E-02
 1.41486237E-01
 4.26063793E-01
 3.59709036E-01
 5.54538624E-01
 4.13701250E-01
 3.62293104E-01
 0.00000000E+00
 0.00000000E+00
 0.00000000E+00
 0.00000000E+00
 0.00000000E+00
 1.85028345E-01
 2.15149238E-02
 4.93135715E-02
 3.47653849E-02
 3.31944539E-02
 8.72891196E-02
 4.31015641E-01
 2.69500034E-01
 3.20982173E-01
 5.47930469E-01
 0.00000000E+00
 3.36384127E-01
 1.92541493E-01
 2.19657127E-01
 1.92541493E-01
 1.92746397E-01
 2.19657127E-01
 5.92684926E-01
 0.00000000E+00
 0.00000000E+00
 0.00000000E+00
 5.13694420E-01
 0.00000000E+00
 1.97322587E-01
 9.65098012E-02
 7.00088792E-02
 4.26883410E-02
 6.46813742E-02
 4.26883410E-02
 2.04425927E-01
 1.55522164E-01
 5.53923912E-02
 4.13223140E-02
 1.41247183E-01
 2.03469708E-01
 4.30981490E-02
 7.00088792E-02
 4.13223140E-02
 1.57844410E-01
 2.40489038E-01
 1.34485349E-01
 1.42818114E-01
 4.26883410E-02
 1.41247183E-01
 2.40489038E-01
 1.35714774E-01
 1.22259409E-02
 2.03469708E-01
 1.34485349E-01
 4.26883410E-02
 4.30981490E-02
 1.42818114E-01
 2.04425927E-01
 1.40427566E-01
 2.09685131E-02
 1.54361041E-02
 8.98845707E-02
 1.45072058E-01
 2.39054709E-03
 1.90765658E-01
 9.60316918E-02
 1.01359197E-01
 1.79666689E-01
 3.02404207E-01
 2.24199167E-01
 2.66375248E-03
 1.73485418E-02
 1.79666689E-01
 1.96981081E-01
 2.14432074E-01
 1.29021242E-01
 7.02137832E-02
 3.02404207E-01
 2.14432074E-01
 4.17321221E-02
 8.60596954E-02
 2.24199167E-01
 1.29021242E-01
 2.39054709E-03
 2.66375248E-03
 1.90765658E-01
 1.68362817E-01
 5.53240899E-03
 9.33451722E-04
 3.74063702E-02
 1.56865424E-02
 1.97686861E-01
 7.49721103E-02
 9.87409785E-02
 1.03248867E-01
 1.05571113E-01
 1.58527423E-01
 4.35534913E-02
 7.39248230E-02
 4.26428067E-02
 1.45094825E-01
 6.14939781E-02
 5.91261981E-02
 1.45094825E-01
 1.53382055E-01
 1.76194704E-01
 2.76916422E-01
 3.26548733E-01
 1.05628031E-01
 1.71265624E-01
 2.41001298E-01
 2.54115156E-01
 2.21979373E-02
 6.95649204E-02
 2.96598593E-01
 1.25230517E-01
 3.62065433E-01
 5.10040298E-01
 8.04057100E-01
 7.79933065E-01
 8.45556997E-01
 0.00000000E+00
 0.00000000E+00
 0.00000000E+00
 0.00000000E+00
 0.00000000E+00
 0.00000000E+00
 0.00000000E+00
 0.00000000E+00
 0.00000000E+00
 0.00000000E+00
 0.00000000E+00
 0.00000000E+00
 0.00000000E+00
 1.08804043E-01
 2.58862100E-02
 4.13223140E-02
 1.41247183E-01
 2.03469708E-01
 4.30981490E-02
 1.93292808E-02
 7.88880541E-02
 1.26152585E-01
 2.29287617E-01
 1.19595656E-01
 6.74134280E-02
 3.47653849E-02
 1.26152585E-01
 1.36670992E-01
 1.80042347E-01
 7.23994263E-02
 2.29287617E-01
 1.80042347E-01
 3.25797418E-02
 1.19595656E-01
 1.04432757E-01
 2.52714978E-03
 1.46233181E-01
 1.79666689E-01
 3.02404207E-01
 2.24199167E-01
 4.16638208E-03
 8.91332559E-02
 9.44266102E-02
 1.03715593E-01
 4.60692576E-02
 9.44266102E-02
 1.38651731E-02
 1.12253261E-01
 1.03715593E-01
 1.27416160E-01
 1.51879425E-01
 4.25745054E-03
 5.54379255E-02
 7.68845480E-02
 9.95150604E-02
 1.87828700E-02
 1.67110625E-02
 1.35987979E-01
 1.08872345E-01
 1.46233181E-01
 1.99052888E-01
 5.07683901E-01
 3.55030394E-01
 3.59504132E-01
 5.83088587E-01
 4.18311591E-01
 0.00000000E+00
 0.00000000E+00
 0.00000000E+00
 0.00000000E+00
 0.00000000E+00
 0.00000000E+00
 4.11857114E-02
 1.06071990E-01
 1.57844410E-01
 2.40489038E-01
 1.34485349E-01
 1.42818114E-01
 1.38310225E-01
 1.95819958E-01
 1.36670992E-01
 1.80042347E-01
 1.47326002E-01
 1.68772625E-01
 1.44867154E-01
 2.32907588E-02
 8.33959429E-02
 2.47045967E-01
 1.84960044E-01
 8.33959429E-02
 5.53240899E-03
 1.45686770E-01
 1.42818114E-01
 1.23830339E-01
 2.31097603E-01
 1.96981081E-01
 2.14432074E-01
 6.88819070E-02
 8.72549689E-02
 1.38651731E-02
 8.39423537E-02
 2.20613346E-02
 1.12936275E-01
 1.46608838E-01
 1.66814653E-01
 1.04068483E-01
 1.17774287E-01
 1.90173713E-01
 1.26380256E-01
 1.31684994E-01
 1.46233181E-01
 2.15672882E-01
 2.91942718E-01
 0.00000000E+00
 7.14090568E-01
 0.00000000E+00
 0.00000000E+00
 0.00000000E+00
 0.00000000E+00
 0.00000000E+00
 0.00000000E+00
 0.00000000E+00
 0.00000000E+00
 0.00000000E+00
 1.05662182E-01
 2.08455707E-01
 2.40489038E-01
 1.35714774E-01
 1.90424151E-01
 3.15347312E-01
 1.80042347E-01
 1.90560754E-02
 4.07076019E-02
 8.33959429E-02
 2.00122942E-02
 1.57776108E-01
 3.33754525E-01
 2.14432074E-01
 4.17321221E-02
 8.01516290E-02
 3.60972611E-02
 1.00949389E-01
 4.27259067E-01
 3.32490950E-01
 3.46765931E-01
 2.16264827E-01
 1.90173713E-01
 0.00000000E+00
 0.00000000E+00
 0.00000000E+00
 0.00000000E+00
 0.00000000E+00
 5.58021993E-02
 9.77392255E-02
 1.34485349E-01
 3.98196844E-02
 1.20415272E-01
 2.94378799E-02
 1.81340072E-01
 2.69790315E-03
 1.29021242E-01
 4.99521891E-01
 0.00000000E+00
 2.35571341E-01
 1.28201626E-01
 1.42818114E-01
 1.28201626E-01
 1.06755003E-01
 1.42818114E-01
 3.96421009E-01
 0.00000000E+00
 0.00000000E+00
 0.00000000E+00
 4.77631309E-01
 0.00000000E+00
 6.61840038E-02
 7.58144935E-03
 6.68670173E-02
 1.52790110E-01
 2.67058261E-02
 6.46813742E-02
 2.07157981E-01
 9.60999932E-02
 2.25394440E-02
 9.93784578E-03
 5.73731303E-03
 1.85950413E-01
 5.68267195E-02
 6.68670173E-02
 9.93784578E-03
 7.08284953E-02
 1.08052729E-01
 1.34826856E-01
 1.27450311E-01
 1.52790110E-01
 5.73731303E-03
 1.08052729E-01
 4.00928898E-02
 5.19773240E-02
 1.85950413E-01
 1.34826856E-01
 6.46813742E-02
 5.68267195E-02
 1.27450311E-01
 2.07157981E-01
 1.90902261E-02
 1.15360973E-01
 2.25394440E-02
 3.25797418E-02
 1.61464381E-01
 2.13783212E-02
 1.66177174E-01
 5.39922136E-02
 1.61361929E-01
 2.15149238E-01
 3.12017622E-01
 3.35291305E-01
 1.19237074E-01
 1.89536234E-02
 2.15149238E-01
 2.16617717E-01
 2.42367325E-01
 3.05990028E-02
 7.68390137E-03
 3.12017622E-01
 2.42367325E-01
 7.58486442E-02
 7.44826173E-02
 3.35291305E-01
 3.05990028E-02
 2.13783212E-02
 1.19237074E-01
 1.66177174E-01
 9.58495549E-03
 1.58390820E-01
 8.75395579E-02
 7.48127405E-02
 4.92452701E-02
 1.52266466E-01
 4.21874644E-02
 2.35093231E-01
 2.16492498E-01
 1.81704346E-01
 6.94397013E-02
 3.27163445E-02
 1.79336566E-01
 4.10263416E-02
 7.23538920E-02
 6.80736744E-02
 1.16135055E-01
 7.23538920E-02
 1.55476630E-01
 9.45745965E-02
 2.71110808E-01
 9.71586640E-02
 2.00601052E-01
 7.99808756E-02
 6.49716549E-02
 2.04221023E-02
 3.79431050E-01
 2.40830544E-01
 1.04603511E-01
 1.59893450E-01
 1.65357558E-01
 4.66481115E-01
 7.33925278E-01
 7.05757803E-01
 8.09466566E-01
 0.00000000E+00
 0.00000000E+00
 0.00000000E+00
 0.00000000E+00
 0.00000000E+00
 0.00000000E+00
 0.00000000E+00
 0.00000000E+00
 0.00000000E+00
 0.00000000E+00
 0.00000000E+00
 0.00000000E+00
 0.00000000E+00
 3.13503176E-02
 1.02452018E-02
 9.93784578E-03
 5.73731303E-03
 1.85950413E-01
 5.68267195E-02
 3.64729185E-02
 1.90560754E-01
 1.83594017E-01
 1.62488901E-01
 1.56819889E-01
 1.77583498E-02
 2.46909364E-02
 1.83594017E-01
 1.38446827E-01
 1.20961683E-01
 6.47496756E-02
 1.62488901E-01
 1.20961683E-01
 1.27142955E-01
 1.56819889E-01
 1.23488833E-01
 1.11501947E-01
 2.38200943E-01
 2.15149238E-01
 3.12017622E-01
 3.35291305E-01
 4.12881634E-02
 1.69045830E-01
 1.46933270E-01
 9.07554129E-02
 5.47093778E-02
 1.46933270E-01
 2.76620449E-02
 6.87965303E-02
 9.07554129E-02
 1.48077317E-01
 1.90105412E-02
 1.16522095E-01
 1.52972247E-01
 1.43592195E-01
 3.59720420E-03
 7.95596840E-02
 1.14518589E-01
 9.54625139E-02
 6.01962525E-02
 9.27304601E-02
 2.32065205E-01
 3.47551397E-01
 1.35082986E-01
 1.63342668E-01
 4.67608087E-01
 2.16779933E-01
 0.00000000E+00
 0.00000000E+00
 0.00000000E+00
 0.00000000E+00
 0.00000000E+00
 0.00000000E+00
 8.55815860E-02
 7.75561779E-02
 7.08284953E-02
 1.08052729E-01
 1.34826856E-01
 1.27450311E-01
 1.48316372E-01
 2.50802541E-01
 1.38446827E-01
 1.20961683E-01
 1.27518612E-01
 1.29567652E-01
 1.79427635E-01
 2.32907588E-02
 8.33959429E-02
 1.43296223E-01
 1.45550167E-01
 8.33959429E-02
 5.01331876E-02
 1.19322451E-01
 1.27450311E-01
 2.55139676E-01
 3.14527696E-01
 2.16617717E-01
 2.42367325E-01
 1.15463425E-01
 1.36790520E-01
 2.76620449E-02
 1.19288300E-01
 7.37654532E-02
 8.73232703E-02
 1.83969674E-01
 2.70700999E-02
 1.04728730E-02
 6.14256768E-02
 1.33825103E-01
 9.33451722E-03
 5.65079799E-02
 9.27304601E-02
 1.41110580E-01
 2.63483824E-01
 0.00000000E+00
 6.24957312E-01
 0.00000000E+00
 0.00000000E+00
 0.00000000E+00
 0.00000000E+00
 0.00000000E+00
 0.00000000E+00
 0.00000000E+00
 0.00000000E+00
 0.00000000E+00
 1.84481934E-01
 1.58595724E-01
 1.08052729E-01
 4.00928898E-02
 2.68151083E-01
 3.78047948E-01
 1.20961683E-01
 2.03538010E-02
 9.22751178E-02
 8.33959429E-02
 3.69510279E-02
 3.81667919E-01
 4.95099378E-01
 2.42367325E-01
 7.58486442E-02
 5.25066594E-02
 1.47001571E-01
 1.23113175E-01
 3.94371969E-01
 2.64496961E-01
 2.01921545E-01
 1.09874098E-01
 1.33825103E-01
 0.00000000E+00
 0.00000000E+00
 0.00000000E+00
 0.00000000E+00
 0.00000000E+00
 1.84413633E-03
 1.03578991E-01
 1.34826856E-01
 7.24335769E-02
 1.96161464E-01
 4.50788881E-03
 1.07574619E-02
 1.81203470E-01
 3.05990028E-02
 4.78826583E-01
 0.00000000E+00
 2.00327846E-01
 1.24308449E-01
 1.27450311E-01
 1.24308449E-01
 4.12540127E-02
 1.27450311E-01
 2.57188717E-01
 0.00000000E+00
 0.00000000E+00
 0.00000000E+00
 4.94023632E-01
 0.00000000E+00
 1.16795301E-02
 2.52031965E-02
 3.38091660E-02
 1.08804043E-01
 7.19213168E-02
 5.59388020E-02
 1.85301550E-01
 9.28215286E-02
 9.54169797E-02
 3.22040844E-02
 2.12758691E-02
 1.72426747E-01
 1.21576395E-02
 3.38091660E-02
 3.22040844E-02
 8.21665187E-02
 1.15770781E-01
 1.88033604E-01
 1.12082508E-01
 1.08804043E-01
 2.12758691E-02
 1.15770781E-01
 7.72488218E-02
 3.29895499E-02
 1.72426747E-01
 1.88033604E-01
 5.59388020E-02
 1.21576395E-02
 1.12082508E-01
 1.85301550E-01
 1.31138583E-02
 1.06481798E-01
 2.85499624E-02
 1.81681579E-02
 1.40154361E-01
 1.63240216E-02
 1.90765658E-01
 9.67830066E-02
 9.71928147E-02
 1.65340482E-01
 2.85670378E-01
 3.54330305E-01
 1.25110990E-01
 5.56997473E-02
 1.65340482E-01
 1.73246363E-01
 2.12212281E-01
 6.86428523E-03
 3.44580288E-02
 2.85670378E-01
 2.12212281E-01
 6.29396899E-02
 2.98135373E-02
 3.54330305E-01
 6.86428523E-03
 1.63240216E-02
 1.25110990E-01
 1.90765658E-01
 7.82961091E-02
 2.14944334E-01
 9.98565672E-02
 8.98162694E-02
 9.77164583E-02
 1.22213874E-01
 7.67024110E-02
 2.39077476E-01
 2.12940828E-01
 1.83252510E-01
 4.14133825E-02
 6.01507183E-02
 1.88443412E-01
 4.78564761E-02
 6.82558113E-02
 8.06638891E-02
 1.10853084E-01
 6.82558113E-02
 1.68567721E-01
 6.99178107E-02
 2.80672996E-01
 6.31787446E-03
 3.24567994E-01
 1.64179359E-01
 2.13100198E-02
 3.61314118E-02
 4.95389659E-01
 3.53288710E-01
 6.94112424E-02
 2.54764019E-01
 8.46765931E-02
 5.06522778E-01
 7.02233454E-01
 6.86414862E-01
 8.22839970E-01
 0.00000000E+00
 0.00000000E+00
 0.00000000E+00
 0.00000000E+00
 0.00000000E+00
 0.00000000E+00
 0.00000000E+00
 0.00000000E+00
 0.00000000E+00
 0.00000000E+00
 0.00000000E+00
 0.00000000E+00
 0.00000000E+00
 2.15149238E-02
 3.96830818E-02
 3.22040844E-02
 2.12758691E-02
 1.72426747E-01
 1.21576395E-02
 5.53923912E-02
 1.63923229E-01
 1.73417116E-01
 1.90355850E-01
 1.92814698E-01
 4.14589167E-02
 7.76244792E-02
 1.73417116E-01
 1.31001981E-01
 1.20586026E-01
 4.95184755E-03
 1.90355850E-01
 1.20586026E-01
 9.47681169E-02
 1.92814698E-01
 7.80001366E-02
 1.08223482E-01
 2.04152722E-01
 1.65340482E-01
 2.85670378E-01
 3.54330305E-01
 4.67864217E-02
 2.02854996E-01
 2.04050270E-01
 1.61703436E-01
 9.79270542E-02
 2.04050270E-01
 5.52899392E-02
 1.15395123E-01
 1.61703436E-01
 1.28628509E-01
 4.71962298E-02
 1.45094825E-01
 1.58299752E-01
 1.50467864E-01
 6.84151811E-02
 1.17557999E-01
 1.50854905E-01
 3.10315780E-02
 3.20105639E-02
 6.99633449E-02
 2.10163240E-01
 2.70814835E-01
 3.28529472E-02
 7.29116864E-02
 4.41158391E-01
 1.37806502E-01
 0.00000000E+00
 0.00000000E+00
 0.00000000E+00
 0.00000000E+00
 0.00000000E+00
 0.00000000E+00
 8.08004918E-02
 4.44300253E-02
 8.21665187E-02
 1.15770781E-01
 1.88033604E-01
 1.12082508E-01
 1.30762926E-01
 2.20954853E-01
 1.31001981E-01
 1.20586026E-01
 1.10170070E-01
 1.35441568E-01
 1.55590465E-01
 2.32907588E-02
 8.33959429E-02
 1.47735810E-01
 1.35339116E-01
 8.33959429E-02
 6.35885527E-02
 1.05252373E-01
 1.12082508E-01
 2.31746465E-01
 2.71173417E-01
 1.73246363E-01
 2.12212281E-01
 7.78806092E-02
 1.35304966E-01
 5.52899392E-02
 1.27996722E-01
 1.05491428E-01
 6.17102657E-02
 1.85062496E-01
 4.84711882E-02
 2.67741275E-02
 5.11804749E-02
 1.27677982E-01
 8.00491770E-02
 1.20665710E-02
 6.99633449E-02
 6.14256768E-02
 2.35024930E-01
 0.00000000E+00
 5.50782050E-01
 0.00000000E+00
 0.00000000E+00
 0.00000000E+00
 0.00000000E+00
 0.00000000E+00
 0.00000000E+00
 0.00000000E+00
 0.00000000E+00
 0.00000000E+00
 1.84618537E-01
 1.02895977E-01
 1.15770781E-01
 7.72488218E-02
 2.99057441E-01
 3.75589099E-01
 1.20586026E-01
 3.41506728E-04
 6.73109760E-02
 8.33959429E-02
 7.58144935E-03
 4.16228400E-01
 4.87705758E-01
 2.12212281E-01
 6.29396899E-02
 1.00437129E-01
 1.92746397E-01
 1.06550099E-01
 3.43760672E-01
 2.16173759E-01
 1.42590442E-01
 9.05675842E-02
 1.27677982E-01
 0.00000000E+00
 0.00000000E+00
 0.00000000E+00
 0.00000000E+00
 0.00000000E+00
 2.80035517E-03
 8.51376272E-02
 1.88033604E-01
 6.76524828E-02
 2.09207021E-01
 3.23065364E-02
 1.04501059E-02
 2.07106755E-01
 6.86428523E-03
 5.11150195E-01
 0.00000000E+00
 2.14261321E-01
 1.54224438E-01
 1.12082508E-01
 1.54224438E-01
 3.72242333E-02
 1.12082508E-01
 2.33727204E-01
 0.00000000E+00
 0.00000000E+00
 0.00000000E+00
 5.49757530E-01
 0.00000000E+00
 8.95430640E-02
 5.79878424E-02
 7.51314801E-04
 6.48179769E-02
 1.17136808E-01
 4.71962298E-02
 1.63445120E-01
 8.95430640E-02
 1.68294515E-01
 7.43460146E-02
 4.82890513E-02
 1.58903080E-01
 3.25114405E-02
 7.51314801E-04
 7.43460146E-02
 9.35045420E-02
 1.23488833E-01
 2.41240352E-01
 9.67147053E-02
 6.48179769E-02
 4.82890513E-02
 1.23488833E-01
 1.14404754E-01
 1.40017758E-02
 1.58903080E-01
 2.41240352E-01
 4.71962298E-02
 3.25114405E-02
 9.67147053E-02
 1.63445120E-01
 4.53179428E-02
 9.76026228E-02
 7.96393689E-02
 6.89160576E-02
 1.18844341E-01
 5.40263643E-02
 2.15354142E-01
 1.39573800E-01
 3.30237006E-02
 1.15531726E-01
 2.59323134E-01
 3.73369305E-01
 1.30984905E-01
 9.24458712E-02
 1.15531726E-01
 1.29875009E-01
 1.82057237E-01
 1.68704323E-02
 7.65999590E-02
 2.59323134E-01
 1.82057237E-01
 5.00307356E-02
 1.48555427E-02
 3.73369305E-01
 1.68704323E-02
 5.40263643E-02
 1.30984905E-01
 2.15354142E-01
 1.66177174E-01
 2.71497849E-01
 1.12173576E-01
 1.04819798E-01
 1.46187647E-01
 9.21612822E-02
 1.11217358E-01
 2.43061722E-01
 2.09389158E-01
 1.84800674E-01
 1.33870637E-02
 8.75850921E-02
 1.97550258E-01
 5.46866107E-02
 6.41577306E-02
 9.32541038E-02
 1.05571113E-01
 6.41577306E-02
 1.81658812E-01
 4.52610250E-02
 2.90235184E-01
 1.09794413E-01
 4.48534936E-01
 2.48377843E-01
 1.07591695E-01
 9.26849259E-02
 6.11348269E-01
 4.65746875E-01
 3.42189741E-02
 3.49634588E-01
 3.99562871E-03
 5.46564442E-01
 6.70541630E-01
 6.67071921E-01
 8.36213373E-01
 0.00000000E+00
 0.00000000E+00
 0.00000000E+00
 0.00000000E+00
 0.00000000E+00
 0.00000000E+00
 0.00000000E+00
 0.00000000E+00
 0.00000000E+00
 0.00000000E+00
 0.00000000E+00
 0.00000000E+00
 0.00000000E+00
 1.16795301E-02
 8.96113653E-02
 7.43460146E-02
 4.82890513E-02
 1.58903080E-01
 3.25114405E-02
 7.43118639E-02
 1.37285705E-01
 1.63240216E-01
 2.18222799E-01
 2.28809508E-01
 6.51594836E-02
 1.30558022E-01
 1.63240216E-01
 1.23557134E-01
 1.20210368E-01
 7.46533707E-02
 2.18222799E-01
 1.20210368E-01
 6.23932791E-02
 2.28809508E-01
 3.25114405E-02
 1.04945017E-01
 1.70104501E-01
 1.15531726E-01
 2.59323134E-01
 3.73369305E-01
 5.22846800E-02
 2.36664162E-01
 2.61167270E-01
 2.32651458E-01
 1.41144731E-01
 2.61167270E-01
 8.29178335E-02
 1.61993716E-01
 2.32651458E-01
 1.09179701E-01
 1.13403001E-01
 1.73667555E-01
 1.63627257E-01
 1.57343533E-01
 1.40427566E-01
 1.55556314E-01
 1.87191221E-01
 3.33993580E-02
 3.82487535E-03
 4.71962298E-02
 1.88261275E-01
 1.94078273E-01
 6.93770917E-02
 1.75192951E-02
 4.14708695E-01
 5.88330715E-02
 0.00000000E+00
 0.00000000E+00
 0.00000000E+00
 0.00000000E+00
 0.00000000E+00
 0.00000000E+00
 7.60193976E-02
 1.13038727E-02
 9.35045420E-02
 1.23488833E-01
 2.41240352E-01
 9.67147053E-02
 1.13209480E-01
 1.91107165E-01
 1.23557134E-01
 1.20210368E-01
 9.28215286E-02
 1.41315484E-01
 1.31753296E-01
 2.32907588E-02
 8.33959429E-02
 1.52175398E-01
 1.25128065E-01
 8.33959429E-02
 7.70439178E-02
 9.11822963E-02
 9.67147053E-02
 2.08353255E-01
 2.27819138E-01
 1.29875009E-01
 1.82057237E-01
 4.02977939E-02
 1.33819411E-01
 8.29178335E-02
 1.36705143E-01
 1.37217403E-01
 3.60972611E-02
 1.86155317E-01
 1.24012476E-01
 6.40211279E-02
 4.09352731E-02
 1.21530861E-01
 1.69432871E-01
 3.23748378E-02
 4.71962298E-02
 1.82592264E-02
 2.06566036E-01
 0.00000000E+00
 4.76606789E-01
 0.00000000E+00
 0.00000000E+00
 0.00000000E+00
 0.00000000E+00
 0.00000000E+00
 0.00000000E+00
 0.00000000E+00
 0.00000000E+00
 0.00000000E+00
 1.84755140E-01
 4.71962298E-02
 1.23488833E-01
 1.14404754E-01
 3.29963800E-01
 3.73130251E-01
 1.20210368E-01
 1.96707875E-02
 4.23468342E-02
 8.33959429E-02
 5.21139266E-02
 4.50788881E-01
 4.80312137E-01
 1.82057237E-01
 5.00307356E-02
 1.48367598E-01
 2.38491223E-01
 8.99870227E-02
 2.93149375E-01
 1.67850557E-01
 8.32593402E-02
 7.12610705E-02
 1.21530861E-01
 0.00000000E+00
 0.00000000E+00
 0.00000000E+00
 0.00000000E+00
 0.00000000E+00
 7.44484666E-03
 6.66962639E-02
 2.41240352E-01
 6.28713886E-02
 2.22252578E-01
 6.91209617E-02
 3.16576737E-02
 2.33010040E-01
 1.68704323E-02
 5.43473806E-01
 0.00000000E+00
 2.28194795E-01
 1.84140428E-01
 9.67147053E-02
 1.84140428E-01
 3.31944539E-02
 9.67147053E-02
 2.10265692E-01
 0.00000000E+00
 0.00000000E+00
 0.00000000E+00
 6.05491428E-01
 0.00000000E+00
 8.95430640E-02
 5.79878424E-02
 7.51314801E-04
 6.48179769E-02
 1.17136808E-01
 4.71962298E-02
 1.63445120E-01
 8.95430640E-02
 1.68294515E-01
 7.43460146E-02
 4.82890513E-02
 1.58903080E-01
 3.25114405E-02
 7.51314801E-04
 7.43460146E-02
 9.35045420E-02
 1.23488833E-01
 2.41240352E-01
 9.67147053E-02
 6.48179769E-02
 4.82890513E-02
 1.23488833E-01
 1.14404754E-01
 1.40017758E-02
 1.58903080E-01
 2.41240352E-01
 4.71962298E-02
 3.25114405E-02
 9.67147053E-02
 1.63445120E-01
 4.53179428E-02
 9.76026228E-02
 7.96393689E-02
 6.89160576E-02
 1.18844341E-01
 5.40263643E-02
 2.15354142E-01
 1.39573800E-01
 3.30237006E-02
 1.15531726E-01
 2.59323134E-01
 3.73369305E-01
 1.30984905E-01
 9.24458712E-02
 1.15531726E-01
 1.29875009E-01
 1.82057237E-01
 1.68704323E-02
 7.65999590E-02
 2.59323134E-01
 1.82057237E-01
 5.00307356E-02
 1.48555427E-02
 3.73369305E-01
 1.68704323E-02
 5.40263643E-02
 1.30984905E-01
 2.15354142E-01
 1.66177174E-01
 2.71497849E-01
 1.12173576E-01
 1.04819798E-01
 1.46187647E-01
 9.21612822E-02
 1.11217358E-01
 2.43061722E-01
 2.09389158E-01
 1.84800674E-01
 1.33870637E-02
 8.75850921E-02
 1.97550258E-01
 5.46866107E-02
 6.41577306E-02
 9.32541038E-02
 1.05571113E-01
 6.41577306E-02
 1.81658812E-01
 4.52610250E-02
 2.90235184E-01
 1.09794413E-01
 4.48534936E-01
 2.48377843E-01
 1.07591695E-01
 9.26849259E-02
 6.11348269E-01
 4.65746875E-01
 3.42189741E-02
 3.49634588E-01
 3.99562871E-03
 5.46564442E-01
 6.70541630E-01
 6.67071921E-01
 8.36213373E-01
 0.00000000E+00
 0.00000000E+00
 0.00000000E+00
 0.00000000E+00
 0.00000000E+00
 0.00000000E+00
 0.00000000E+00
 0.00000000E+00
 0.00000000E+00
 0.00000000E+00
 0.00000000E+00
 0.00000000E+00
 0.00000000E+00
 1.16795301E-02
 8.96113653E-02
 7.43460146E-02
 4.82890513E-02
 1.58903080E-01
 3.25114405E-02
 7.43118639E-02
 1.37285705E-01
 1.63240216E-01
 2.18222799E-01
 2.28809508E-01
 6.51594836E-02
 1.30558022E-01
 1.63240216E-01
 1.23557134E-01
 1.20210368E-01
 7.46533707E-02
 2.18222799E-01
 1.20210368E-01
 6.23932791E-02
 2.28809508E-01
 3.25114405E-02
 1.04945017E-01
 1.70104501E-01
 1.15531726E-01
 2.59323134E-01
 3.73369305E-01
 5.22846800E-02
 2.36664162E-01
 2.61167270E-01
 2.32651458E-01
 1.41144731E-01
 2.61167270E-01
 8.29178335E-02
 1.61993716E-01
 2.32651458E-01
 1.09179701E-01
 1.13403001E-01
 1.73667555E-01
 1.63627257E-01
 1.57343533E-01
 1.40427566E-01
 1.55556314E-01
 1.87191221E-01
 3.33993580E-02
 3.82487535E-03
 4.71962298E-02
 1.88261275E-01
 1.94078273E-01
 6.93770917E-02
 1.75192951E-02
 4.14708695E-01
 5.88330715E-02
 0.00000000E+00
 0.00000000E+00
 0.00000000E+00
 0.00000000E+00
 0.00000000E+00
 0.00000000E+00
 7.60193976E-02
 1.13038727E-02
 9.35045420E-02
 1.23488833E-01
 2.41240352E-01
 9.67147053E-02
 1.13209480E-01
 1.91107165E-01
 1.23557134E-01
 1.20210368E-01
 9.28215286E-02
 1.41315484E-01
 1.31753296E-01
 2.32907588E-02
 8.33959429E-02
 1.52175398E-01
 1.25128065E-01
 8.33959429E-02
 7.70439178E-02
 9.11822963E-02
 9.67147053E-02
 2.08353255E-01
 2.27819138E-01
 1.29875009E-01
 1.82057237E-01
 4.02977939E-02
 1.33819411E-01
 8.29178335E-02
 1.36705143E-01
 1.37217403E-01
 3.60972611E-02
 1.86155317E-01
 1.24012476E-01
 6.40211279E-02
 4.09352731E-02
 1.21530861E-01
 1.69432871E-01
 3.23748378E-02
 4.71962298E-02
 1.82592264E-02
 2.06566036E-01
 0.00000000E+00
 4.76606789E-01
 0.00000000E+00
 0.00000000E+00
 0.00000000E+00
 0.00000000E+00
 0.00000000E+00
 0.00000000E+00
 0.00000000E+00
 0.00000000E+00
 0.00000000E+00
 1.84755140E-01
 4.71962298E-02
 1.23488833E-01
 1.14404754E-01
 3.29963800E-01
 3.73130251E-01
 1.20210368E-01
 1.96707875E-02
 4.23468342E-02
 8.33959429E-02
 5.21139266E-02
 4.50788881E-01
 4.80312137E-01
 1.82057237E-01
 5.00307356E-02
 1.48367598E-01
 2.38491223E-01
 8.99870227E-02
 2.93149375E-01
 1.67850557E-01
 8.32593402E-02
 7.12610705E-02
 1.21530861E-01
 0.00000000E+00
 0.00000000E+00
 0.00000000E+00
 0.00000000E+00
 0.00000000E+00
 7.44484666E-03
 6.66962639E-02
 2.41240352E-01
 6.28713886E-02
 2.22252578E-01
 6.91209617E-02
 3.16576737E-02
 2.33010040E-01
 1.68704323E-02
 5.43473806E-01
 0.00000000E+00
 2.28194795E-01
 1.84140428E-01
 9.67147053E-02
 1.84140428E-01
 3.31944539E-02
 9.67147053E-02
 2.10265692E-01
 0.00000000E+00
 0.00000000E+00
 0.00000000E+00
 6.05491428E-01
 0.00000000E+00
 1.16795301E-02
 2.52031965E-02
 3.38091660E-02
 1.08804043E-01
 7.19213168E-02
 5.59388020E-02
 1.85301550E-01
 9.28215286E-02
 9.54169797E-02
 3.22040844E-02
 2.12758691E-02
 1.72426747E-01
 1.21576395E-02
 3.38091660E-02
 3.22040844E-02
 8.21665187E-02
 1.15770781E-01
 1.88033604E-01
 1.12082508E-01
 1.08804043E-01
 2.12758691E-02
 1.15770781E-01
 7.72488218E-02
 3.29895499E-02
 1.72426747E-01
 1.88033604E-01
 5.59388020E-02
 1.21576395E-02
 1.12082508E-01
 1.85301550E-01
 1.31138583E-02
 1.06481798E-01
 2.85499624E-02
 1.81681579E-02
 1.40154361E-01
 1.63240216E-02
 1.90765658E-01
 9.67830066E-02
 9.71928147E-02
 1.65340482E-01
 2.85670378E-01
 3.54330305E-01
 1.25110990E-01
 5.56997473E-02
 1.65340482E-01
 1.73246363E-01
 2.12212281E-01
 6.86428523E-03
 3.44580288E-02
 2.85670378E-01
 2.12212281E-01
 6.29396899E-02
 2.98135373E-02
 3.54330305E-01
 6.86428523E-03
 1.63240216E-02
 1.25110990E-01
 1.90765658E-01
 7.82961091E-02
 2.14944334E-01
 9.98565672E-02
 8.98162694E-02
 9.77164583E-02
 1.22213874E-01
 7.67024110E-02
 2.39077476E-01
 2.12940828E-01
 1.83252510E-01
 4.14133825E-02
 6.01507183E-02
 1.88443412E-01
 4.78564761E-02
 6.82558113E-02
 8.06638891E-02
 1.10853084E-01
 6.82558113E-02
 1.68567721E-01
 6.99178107E-02
 2.80672996E-01
 6.31787446E-03
 3.24567994E-01
 1.64179359E-01
 2.13100198E-02
 3.61314118E-02
 4.95389659E-01
 3.53288710E-01
 6.94112424E-02
 2.54764019E-01
 8.46765931E-02
 5.06522778E-01
 7.02233454E-01
 6.86414862E-01
 8.22839970E-01
 0.00000000E+00
 0.00000000E+00
 0.00000000E+00
 0.00000000E+00
 0.00000000E+00
 0.00000000E+00
 0.00000000E+00
 0.00000000E+00
 0.00000000E+00
 0.00000000E+00
 0.00000000E+00
 0.00000000E+00
 0.00000000E+00
 2.15149238E-02
 3.96830818E-02
 3.22040844E-02
 2.12758691E-02
 1.72426747E-01
 1.21576395E-02
 5.53923912E-02
 1.63923229E-01
 1.73417116E-01
 1.90355850E-01
 1.92814698E-01
 4.14589167E-02
 7.76244792E-02
 1.73417116E-01
 1.31001981E-01
 1.20586026E-01
 4.95184755E-03
 1.90355850E-01
 1.20586026E-01
 9.47681169E-02
 1.92814698E-01
 7.80001366E-02
 1.08223482E-01
 2.04152722E-01
 1.65340482E-01
 2.85670378E-01
 3.54330305E-01
 4.67864217E-02
 2.02854996E-01
 2.04050270E-01
 1.61703436E-01
 9.79270542E-02
 2.04050270E-01
 5.52899392E-02
 1.15395123E-01
 1.61703436E-01
 1.28628509E-01
 4.71962298E-02
 1.45094825E-01
 1.58299752E-01
 1.50467864E-01
 6.84151811E-02
 1.17557999E-01
 1.50854905E-01
 3.10315780E-02
 3.20105639E-02
 6.99633449E-02
 2.10163240E-01
 2.70814835E-01
 3.28529472E-02
 7.29116864E-02
 4.41158391E-01
 1.37806502E-01
 0.00000000E+00
 0.00000000E+00
 0.00000000E+00
 0.00000000E+00
 0.00000000E+00
 0.00000000E+00
 8.08004918E-02
 4.44300253E-02
 8.21665187E-02
 1.15770781E-01
 1.88033604E-01
 1.12082508E-01
 1.30762926E-01
 2.20954853E-01
 1.31001981E-01
 1.20586026E-01
 1.10170070E-01
 1.35441568E-01
 1.55590465E-01
 2.32907588E-02
 8.33959429E-02
 1.47735810E-01
 1.35339116E-01
 8.33959429E-02
 6.35885527E-02
 1.05252373E-01
 1.12082508E-01
 2.31746465E-01
 2.71173417E-01
 1.73246363E-01
 2.12212281E-01
 7.78806092E-02
 1.35304966E-01
 5.52899392E-02
 1.27996722E-01
 1.05491428E-01
 6.17102657E-02
 1.85062496E-01
 4.84711882E-02
 2.67741275E-02
 5.11804749E-02
 1.27677982E-01
 8.00491770E-02
 1.20665710E-02
 6.99633449E-02
 6.14256768E-02
 2.35024930E-01
 0.00000000E+00
 5.50782050E-01
 0.00000000E+00
 0.00000000E+00
 0.00000000E+00
 0.00000000E+00
 0.00000000E+00
 0.00000000E+00
 0.00000000E+00
 0.00000000E+00
 0.00000000E+00
 1.84618537E-01
 1.02895977E-01
 1.15770781E-01
 7.72488218E-02
 2.99057441E-01
 3.75589099E-01
 1.20586026E-01
 3.41506728E-04
 6.73109760E-02
 8.33959429E-02
 7.58144935E-03
 4.16228400E-01
 4.87705758E-01
 2.12212281E-01
 6.29396899E-02
 1.00437129E-01
 1.92746397E-01
 1.06550099E-01
 3.43760672E-01
 2.16173759E-01
 1.42590442E-01
 9.05675842E-02
 1.27677982E-01
 0.00000000E+00
 0.00000000E+00
 0.00000000E+00
 0.00000000E+00
 0.00000000E+00
 2.80035517E-03
 8.51376272E-02
 1.88033604E-01
 6.76524828E-02
 2.09207021E-01
 3.23065364E-02
 1.04501059E-02
 2.07106755E-01
 6.86428523E-03
 5.11150195E-01
 0.00000000E+00
 2.14261321E-01
 1.54224438E-01
 1.12082508E-01
 1.54224438E-01
 3.72242333E-02
 1.12082508E-01
 2.33727204E-01
 0.00000000E+00
 0.00000000E+00
 0.00000000E+00
 5.49757530E-01
 0.00000000E+00
 6.61840038E-02
 7.58144935E-03
 6.68670173E-02
 1.52790110E-01
 2.67058261E-02
 6.46813742E-02
 2.07157981E-01
 9.60999932E-02
 2.25394440E-02
 9.93784578E-03
 5.73731303E-03
 1.85950413E-01
 5.68267195E-02
 6.68670173E-02
 9.93784578E-03
 7.08284953E-02
 1.08052729E-01
 1.34826856E-01
 1.27450311E-01
 1.52790110E-01
 5.73731303E-03
 1.08052729E-01
 4.00928898E-02
 5.19773240E-02
 1.85950413E-01
 1.34826856E-01
 6.46813742E-02
 5.68267195E-02
 1.27450311E-01
 2.07157981E-01
 1.90902261E-02
 1.15360973E-01
 2.25394440E-02
 3.25797418E-02
 1.61464381E-01
 2.13783212E-02
 1.66177174E-01
 5.39922136E-02
 1.61361929E-01
 2.15149238E-01
 3.12017622E-01
 3.35291305E-01
 1.19237074E-01
 1.89536234E-02
 2.15149238E-01
 2.16617717E-01
 2.42367325E-01
 3.05990028E-02
 7.68390137E-03
 3.12017622E-01
 2.42367325E-01
 7.58486442E-02
 7.44826173E-02
 3.35291305E-01
 3.05990028E-02
 2.13783212E-02
 1.19237074E-01
 1.66177174E-01
 9.58495549E-03
 1.58390820E-01
 8.75395579E-02
 7.48127405E-02
 4.92452701E-02
 1.52266466E-01
 4.21874644E-02
 2.35093231E-01
 2.16492498E-01
 1.81704346E-01
 6.94397013E-02
 3.27163445E-02
 1.79336566E-01
 4.10263416E-02
 7.23538920E-02
 6.80736744E-02
 1.16135055E-01
 7.23538920E-02
 1.55476630E-01
 9.45745965E-02
 2.71110808E-01
 9.71586640E-02
 2.00601052E-01
 7.99808756E-02
 6.49716549E-02
 2.04221023E-02
 3.79431050E-01
 2.40830544E-01
 1.04603511E-01
 1.59893450E-01
 1.65357558E-01
 4.66481115E-01
 7.33925278E-01
 7.05757803E-01
 8.09466566E-01
 0.00000000E+00
 0.00000000E+00
 0.00000000E+00
 0.00000000E+00
 0.00000000E+00
 0.00000000E+00
 0.00000000E+00
 0.00000000E+00
 0.00000000E+00
 0.00000000E+00
 0.00000000E+00
 0.00000000E+00
 0.00000000E+00
 3.13503176E-02
 1.02452018E-02
 9.93784578E-03
 5.73731303E-03
 1.85950413E-01
 5.68267195E-02
 3.64729185E-02
 1.90560754E-01
 1.83594017E-01
 1.62488901E-01
 1.56819889E-01
 1.77583498E-02
 2.46909364E-02
 1.83594017E-01
 1.38446827E-01
 1.20961683E-01
 6.47496756E-02
 1.62488901E-01
 1.20961683E-01
 1.27142955E-01
 1.56819889E-01
 1.23488833E-01
 1.11501947E-01
 2.38200943E-01
 2.15149238E-01
 3.12017622E-01
 3.35291305E-01
 4.12881634E-02
 1.69045830E-01
 1.46933270E-01
 9.07554129E-02
 5.47093778E-02
 1.46933270E-01
 2.76620449E-02
 6.87965303E-02
 9.07554129E-02
 1.48077317E-01
 1.90105412E-02
 1.16522095E-01
 1.52972247E-01
 1.43592195E-01
 3.59720420E-03
 7.95596840E-02
 1.14518589E-01
 9.54625139E-02
 6.01962525E-02
 9.27304601E-02
 2.32065205E-01
 3.47551397E-01
 1.35082986E-01
 1.63342668E-01
 4.67608087E-01
 2.16779933E-01
 0.00000000E+00
 0.00000000E+00
 0.00000000E+00
 0.00000000E+00
 0.00000000E+00
 0.00000000E+00
 8.55815860E-02
 7.75561779E-02
 7.08284953E-02
 1.08052729E-01
 1.34826856E-01
 1.27450311E-01
 1.48316372E-01
 2.50802541E-01
 1.38446827E-01
 1.20961683E-01
 1.27518612E-01
 1.29567652E-01
 1.79427635E-01
 2.32907588E-02
 8.33959429E-02
 1.43296223E-01
 1.45550167E-01
 8.33959429E-02
 5.01331876E-02
 1.19322451E-01
 1.27450311E-01
 2.55139676E-01
 3.14527696E-01
 2.16617717E-01
 2.42367325E-01
 1.15463425E-01
 1.36790520E-01
 2.76620449E-02
 1.19288300E-01
 7.37654532E-02
 8.73232703E-02
 1.83969674E-01
 2.70700999E-02
 1.04728730E-02
 6.14256768E-02
 1.33825103E-01
 9.33451722E-03
 5.65079799E-02
 9.27304601E-02
 1.41110580E-01
 2.63483824E-01
 0.00000000E+00
 6.24957312E-01
 0.00000000E+00
 0.00000000E+00
 0.00000000E+00
 0.00000000E+00
 0.00000000E+00
 0.00000000E+00
 0.00000000E+00
 0.00000000E+00
 0.00000000E+00
 1.84481934E-01
 1.58595724E-01
 1.08052729E-01
 4.00928898E-02
 2.68151083E-01
 3.78047948E-01
 1.20961683E-01
 2.03538010E-02
 9.22751178E-02
 8.33959429E-02
 3.69510279E-02
 3.81667919E-01
 4.95099378E-01
 2.42367325E-01
 7.58486442E-02
 5.25066594E-02
 1.47001571E-01
 1.23113175E-01
 3.94371969E-01
 2.64496961E-01
 2.01921545E-01
 1.09874098E-01
 1.33825103E-01
 0.00000000E+00
 0.00000000E+00
 0.00000000E+00
 0.00000000E+00
 0.00000000E+00
 1.84413633E-03
 1.03578991E-01
 1.34826856E-01
 7.24335769E-02
 1.96161464E-01
 4.50788881E-03
 1.07574619E-02
 1.81203470E-01
 3.05990028E-02
 4.78826583E-01
 0.00000000E+00
 2.00327846E-01
 1.24308449E-01
 1.27450311E-01
 1.24308449E-01
 4.12540127E-02
 1.27450311E-01
 2.57188717E-01
 0.00000000E+00
 0.00000000E+00
 0.00000000E+00
 4.94023632E-01
 0.00000000E+00
 1.97322587E-01
 9.65098012E-02
 7.00088792E-02
 4.26883410E-02
 6.46813742E-02
 4.26883410E-02
 2.04425927E-01
 1.55522164E-01
 5.53923912E-02
 4.13223140E-02
 1.41247183E-01
 2.03469708E-01
 4.30981490E-02
 7.00088792E-02
 4.13223140E-02
 1.57844410E-01
 2.40489038E-01
 1.34485349E-01
 1.42818114E-01
 4.26883410E-02
 1.41247183E-01
 2.40489038E-01
 1.35714774E-01
 1.22259409E-02
 2.03469708E-01
 1.34485349E-01
 4.26883410E-02
 4.30981490E-02
 1.42818114E-01
 2.04425927E-01
 1.40427566E-01
 2.09685131E-02
 1.54361041E-02
 8.98845707E-02
 1.45072058E-01
 2.39054709E-03
 1.90765658E-01
 9.60316918E-02
 1.01359197E-01
 1.79666689E-01
 3.02404207E-01
 2.24199167E-01
 2.66375248E-03
 1.73485418E-02
 1.79666689E-01
 1.96981081E-01
 2.14432074E-01
 1.29021242E-01
 7.02137832E-02
 3.02404207E-01
 2.14432074E-01
 4.17321221E-02
 8.60596954E-02
 2.24199167E-01
 1.29021242E-01
 2.39054709E-03
 2.66375248E-03
 1.90765658E-01
 1.68362817E-01
 5.53240899E-03
 9.33451722E-04
 3.74063702E-02
 1.56865424E-02
 1.97686861E-01
 7.49721103E-02
 9.87409785E-02
 1.03248867E-01
 1.05571113E-01
 1.58527423E-01
 4.35534913E-02
 7.39248230E-02
 4.26428067E-02
 1.45094825E-01
 6.14939781E-02
 5.91261981E-02
 1.45094825E-01
 1.53382055E-01
 1.76194704E-01
 2.76916422E-01
 3.26548733E-01
 1.05628031E-01
 1.71265624E-01
 2.41001298E-01
 2.54115156E-01
 2.21979373E-02
 6.95649204E-02
 2.96598593E-01
 1.25230517E-01
 3.62065433E-01
 5.10040298E-01
 8.04057100E-01
 7.79933065E-01
 8.45556997E-01
 0.00000000E+00
 0.00000000E+00
 0.00000000E+00
 0.00000000E+00
 0.00000000E+00
 0.00000000E+00
 0.00000000E+00
 0.00000000E+00
 0.00000000E+00
 0.00000000E+00
 0.00000000E+00
 0.00000000E+00
 0.00000000E+00
 1.08804043E-01
 2.58862100E-02
 4.13223140E-02
 1.41247183E-01
 2.03469708E-01
 4.30981490E-02
 1.93292808E-02
 7.88880541E-02
 1.26152585E-01
 2.29287617E-01
 1.19595656E-01
 6.74134280E-02
 3.47653849E-02
 1.26152585E-01
 1.36670992E-01
 1.80042347E-01
 7.23994263E-02
 2.29287617E-01
 1.80042347E-01
 3.25797418E-02
 1.19595656E-01
 1.04432757E-01
 2.52714978E-03
 1.46233181E-01
 1.79666689E-01
 3.02404207E-01
 2.24199167E-01
 4.16638208E-03
 8.91332559E-02
 9.44266102E-02
 1.03715593E-01
 4.60692576E-02
 9.44266102E-02
 1.38651731E-02
 1.12253261E-01
 1.03715593E-01
 1.27416160E-01
 1.51879425E-01
 4.25745054E-03
 5.54379255E-02
 7.68845480E-02
 9.95150604E-02
 1.87828700E-02
 1.67110625E-02
 1.35987979E-01
 1.08872345E-01
 1.46233181E-01
 1.99052888E-01
 5.07683901E-01
 3.55030394E-01
 3.59504132E-01
 5.83088587E-01
 4.18311591E-01
 0.00000000E+00
 0.00000000E+00
 0.00000000E+00
 0.00000000E+00
 0.00000000E+00
 0.00000000E+00
 4.11857114E-02
 1.06071990E-01
 1.57844410E-01
 2.40489038E-01
 1.34485349E-01
 1.42818114E-01
 1.38310225E-01
 1.95819958E-01
 1.36670992E-01
 1.80042347E-01
 1.47326002E-01
 1.68772625E-01
 1.44867154E-01
 2.32907588E-02
 8.33959429E-02
 2.47045967E-01
 1.84960044E-01
 8.33959429E-02
 5.53240899E-03
 1.45686770E-01
 1.42818114E-01
 1.23830339E-01
 2.31097603E-01
 1.96981081E-01
 2.14432074E-01
 6.88819070E-02
 8.72549689E-02
 1.38651731E-02
 8.39423537E-02
 2.20613346E-02
 1.12936275E-01
 1.46608838E-01
 1.66814653E-01
 1.04068483E-01
 1.17774287E-01
 1.90173713E-01
 1.26380256E-01
 1.31684994E-01
 1.46233181E-01
 2.15672882E-01
 2.91942718E-01
 0.00000000E+00
 7.14090568E-01
 0.00000000E+00
 0.00000000E+00
 0.00000000E+00
 0.00000000E+00
 0.00000000E+00
 0.00000000E+00
 0.00000000E+00
 0.00000000E+00
 0.00000000E+00
 1.05662182E-01
 2.08455707E-01
 2.40489038E-01
 1.35714774E-01
 1.90424151E-01
 3.15347312E-01
 1.80042347E-01
 1.90560754E-02
 4.07076019E-02
 8.33959429E-02
 2.00122942E-02
 1.57776108E-01
 3.33754525E-01
 2.14432074E-01
 4.17321221E-02
 8.01516290E-02
 3.60972611E-02
 1.00949389E-01
 4.27259067E-01
 3.32490950E-01
 3.46765931E-01
 2.16264827E-01
 1.90173713E-01
 0.00000000E+00
 0.00000000E+00
 0.00000000E+00
 0.00000000E+00
 0.00000000E+00
 5.58021993E-02
 9.77392255E-02
 1.34485349E-01
 3.98196844E-02
 1.20415272E-01
 2.94378799E-02
 1.81340072E-01
 2.69790315E-03
 1.29021242E-01
 4.99521891E-01
 0.00000000E+00
 2.35571341E-01
 1.28201626E-01
 1.42818114E-01
 1.28201626E-01
 1.06755003E-01
 1.42818114E-01
 3.96421009E-01
 0.00000000E+00
 0.00000000E+00
 0.00000000E+00
 4.77631309E-01
 0.00000000E+00
 3.00321016E-01
 1.06618400E-01
 7.51314801E-04
 7.77952326E-02
 9.92418551E-02
 2.68424288E-02
 2.06611570E-01
 1.36124582E-01
 6.25640325E-02
 1.83047606E-01
 2.78498736E-01
 2.11665870E-01
 2.21979373E-02
 7.51314801E-04
 1.83047606E-01
 2.57154566E-01
 2.72112561E-01
 4.93135715E-02
 2.19657127E-01
 7.77952326E-02
 2.78498736E-01
 2.72112561E-01
 1.05935387E-01
 7.30141384E-02
 2.11665870E-01
 4.93135715E-02
 2.68424288E-02
 2.21979373E-02
 2.19657127E-01
 2.06611570E-01
 3.09097739E-01
 1.08667441E-01
 4.24151356E-02
 3.77023427E-02
 2.45201830E-02
 1.14268151E-01
 2.85841131E-01
 1.67167543E-01
 4.66839697E-02
 1.18007650E-01
 1.83884298E-01
 2.97623113E-02
 1.81681579E-01
 5.88074585E-02
 1.18007650E-01
 8.97479680E-02
 3.13844683E-02
 3.20982173E-01
 2.78669490E-02
 1.83884298E-01
 3.13844683E-02
 1.46984496E-01
 4.98599822E-03
 2.97623113E-02
 3.20982173E-01
 1.14268151E-01
 1.81681579E-01
 2.85841131E-01
 3.90660929E-01
 2.18905812E-01
 1.77629033E-01
 1.29317214E-01
 1.90469686E-01
 3.30191471E-01
 2.59158072E-01
 9.71700476E-02
 8.78582975E-02
 9.84222389E-02
 3.29849965E-01
 1.98939052E-01
 1.02520320E-01
 2.16811238E-01
 3.39753660E-01
 1.78767388E-01
 1.21644696E-01
 3.39753660E-01
 2.59317442E-01
 3.38683605E-01
 3.69806252E-01
 5.94221706E-01
 4.56116385E-01
 4.70408442E-01
 4.80141384E-01
 5.30359948E-01
 3.71917902E-01
 4.13872003E-01
 5.33074927E-01
 4.41704802E-01
 5.81568882E-01
 6.14660884E-01
 8.84707329E-01
 8.65910798E-01
 8.93873369E-01
 0.00000000E+00
 0.00000000E+00
 0.00000000E+00
 0.00000000E+00
 0.00000000E+00
 0.00000000E+00
 0.00000000E+00
 0.00000000E+00
 0.00000000E+00
 0.00000000E+00
 0.00000000E+00
 0.00000000E+00
 0.00000000E+00
 1.44867154E-01
 6.09248002E-02
 1.83047606E-01
 2.78498736E-01
 2.11665870E-01
 2.21979373E-02
 6.42032648E-02
 2.30926849E-01
 2.72795574E-01
 3.51820231E-01
 1.33187624E-01
 9.93101564E-02
 1.79769141E-01
 2.72795574E-01
 1.97390889E-01
 1.71812035E-01
 2.44074858E-01
 3.51820231E-01
 1.71812035E-01
 9.36411447E-02
 1.33187624E-01
 5.15675159E-02
 1.69592241E-01
 3.99221365E-02
 1.18007650E-01
 1.83884298E-01
 2.97623113E-02
 3.52776450E-02
 1.19254149E-01
 1.27672290E-01
 9.91564784E-02
 5.12089338E-02
 1.27672290E-01
 1.38993238E-02
 8.88088245E-02
 9.91564784E-02
 1.46045352E-01
 3.47130205E-01
 1.79404868E-01
 1.11763768E-01
 1.12765521E-01
 2.27033673E-01
 1.05275141E-01
 8.62190652E-02
 2.07476721E-01
 1.49010769E-01
 2.20226305E-01
 2.50734239E-01
 6.79427635E-01
 5.74363090E-01
 5.58841609E-01
 6.88392186E-01
 5.81398129E-01
 0.00000000E+00
 0.00000000E+00
 0.00000000E+00
 0.00000000E+00
 0.00000000E+00
 0.00000000E+00
 2.77986476E-02
 1.70753364E-01
 2.57154566E-01
 2.72112561E-01
 4.93135715E-02
 2.19657127E-01
 1.73212212E-01
 2.77713271E-01
 1.97390889E-01
 1.71812035E-01
 2.06474968E-01
 2.35298135E-01
 1.80998566E-01
 8.47619698E-02
 2.10436446E-01
 2.58998702E-01
 1.61976641E-01
 2.10436446E-01
 2.06270064E-02
 2.09753432E-01
 2.19657127E-01
 1.13346083E-01
 6.83184209E-02
 8.97479680E-02
 3.13844683E-02
 2.64496961E-02
 7.11187760E-02
 1.38993238E-02
 5.90806639E-03
 2.49299911E-03
 1.61600984E-01
 1.89194727E-02
 3.85333424E-01
 2.69722014E-01
 2.54376978E-01
 3.62293104E-01
 2.92261458E-01
 2.16082690E-01
 2.20226305E-01
 3.26093391E-01
 3.10156410E-01
 0.00000000E+00
 7.97964620E-01
 0.00000000E+00
 0.00000000E+00
 0.00000000E+00
 0.00000000E+00
 0.00000000E+00
 0.00000000E+00
 0.00000000E+00
 0.00000000E+00
 0.00000000E+00
 4.03660952E-02
 1.92439041E-01
 2.72112561E-01
 1.05935387E-01
 1.15121918E-01
 2.72317465E-01
 1.71812035E-01
 5.73731303E-03
 3.07356055E-04
 2.10436446E-01
 5.38897616E-02
 1.75329554E-01
 3.89146916E-02
 3.13844683E-02
 1.46984496E-01
 2.36339731E-01
 8.79209070E-02
 1.41486237E-01
 4.26063793E-01
 3.59709036E-01
 5.54538624E-01
 4.13701250E-01
 3.62293104E-01
 0.00000000E+00
 0.00000000E+00
 0.00000000E+00
 0.00000000E+00
 0.00000000E+00
 1.85028345E-01
 2.15149238E-02
 4.93135715E-02
 3.47653849E-02
 3.31944539E-02
 8.72891196E-02
 4.31015641E-01
 2.69500034E-01
 3.20982173E-01
 5.47930469E-01
 0.00000000E+00
 3.36384127E-01
 1.92541493E-01
 2.19657127E-01
 1.92541493E-01
 1.92746397E-01
 2.19657127E-01
 5.92684926E-01
 0.00000000E+00
 0.00000000E+00
 0.00000000E+00
 5.13694420E-01
 0.00000000E+00
