 1.02793525E-01
 1.06891606E-01
 1.04341689E-01
 1.20073765E-01
 1.64264736E-01
 3.24909501E-01
 5.20095232E-01
 1.04432757E-01
 1.09384605E-01
 1.02520320E-01
 8.68793115E-02
 1.55044054E-02
 2.30494274E-01
 2.41103750E-01
 2.20886551E-01
 1.72119391E-01
 9.38631241E-02
 9.89823100E-02
 3.45217767E-01
 2.39874326E-01
 2.16071307E-01
 1.00858320E-01
 1.21251964E-01
 1.46369783E-01
 8.35325456E-02
 1.14290918E-01
 2.68424288E-02
 1.14268151E-01
 3.30191471E-01
 2.06611570E-01
 5.62120074E-02
 5.32067482E-02
 3.20333311E-02
 4.48739840E-02
 2.66511850E-02
 2.30494274E-01
 4.59599754E-01
 2.14705280E-01
 2.38405847E-01
 2.07271817E-01
 2.02735469E-01
 9.09773923E-03
 2.45315666E-01
 2.60706236E-01
 2.52834506E-01
 1.49625481E-01
 4.20907042E-02
 2.82876853E-01
 3.19684448E-01
 2.64411584E-01
 4.35762585E-02
 2.00208319E-01
 2.11870774E-01
 5.59900280E-02
 2.83336748E-01
 2.21979373E-02
 1.81681579E-01
 1.71094871E-01
 7.28092343E-02
 2.78669490E-02
 1.42749812E-02
 5.25920361E-03
 1.25087084E-01
 3.45217767E-01
 1.46642989E-01
 1.00129773E-01
 2.65464563E-02
 1.29260296E-02
 2.97056212E-01
 4.56252988E-02
 3.54825490E-02
 2.07704392E-01
 3.57967352E-01
 1.08667441E-01
 5.07820504E-02
 3.34289552E-01
 3.89317670E-02
 3.48610068E-01
 2.42196571E-01
 1.95341848E-01
 2.32805136E-01
 3.12615259E-01
 3.27641555E-01
 1.59620245E-01
 1.68294515E-01
 2.94697539E-01
 3.03121371E-01
 3.34608292E-01
 5.29403729E-01
 3.62338638E-01
 7.61355099E-01
 7.85397172E-01
 8.14038203E-01
 0.00000000E+00
 0.00000000E+00
 0.00000000E+00
 0.00000000E+00
 0.00000000E+00
 0.00000000E+00
 0.00000000E+00
 0.00000000E+00
 0.00000000E+00
 0.00000000E+00
 0.00000000E+00
 0.00000000E+00
 0.00000000E+00
 1.03749744E-01
 1.08974797E-01
 1.02520320E-01
 8.68793115E-02
 1.55044054E-02
 2.30494274E-01
 3.13161669E-01
 3.25319309E-01
 2.61093277E-01
 2.26709241E-01
 1.51628987E-02
 2.45315666E-01
 3.45331603E-01
 3.02216379E-01
 1.49625481E-01
 4.20907042E-02
 3.67324636E-01
 2.93917765E-01
 4.35762585E-02
 2.13919814E-01
 6.56205177E-02
 3.75657400E-03
 2.29560822E-01
 2.32463630E-01
 2.07271817E-01
 2.02735469E-01
 9.09773923E-03
 2.53807800E-01
 2.69858616E-01
 2.08751679E-01
 1.29226146E-01
 2.46362953E-01
 1.82996380E-01
 3.67233568E-02
 3.08585479E-01
 1.32350932E-01
 4.69230244E-02
 5.39580630E-02
 2.60228126E-02
 1.06094757E-02
 2.00976709E-02
 3.92732737E-02
 7.05211393E-03
 3.02119618E-02
 3.24772898E-02
 9.35386927E-02
 2.06566036E-01
 2.85841131E-02
 3.87712588E-01
 3.98879858E-01
 4.23559411E-01
 5.02014890E-01
 4.36838331E-01
 0.00000000E+00
 0.00000000E+00
 0.00000000E+00
 0.00000000E+00
 0.00000000E+00
 0.00000000E+00
 2.35639642E-01
 2.16788471E-01
 1.72119391E-01
 9.38631241E-02
 9.89823100E-02
 3.45217767E-01
 3.48405164E-01
 3.03445803E-01
 1.49625481E-01
 4.20907042E-02
 2.82876853E-01
 2.46226351E-01
 8.56498873E-02
 1.89490700E-01
 3.49771190E-01
 2.65555631E-01
 2.89256198E-02
 3.23361337E-01
 3.07356055E-02
 3.21801789E-01
 2.19657127E-01
 2.28399699E-01
 2.18256950E-01
 1.49625481E-01
 4.20907042E-02
 1.58356670E-01
 1.47035722E-01
 3.67233568E-02
 1.36602691E-01
 5.70316235E-03
 1.79245498E-01
 1.35339116E-01
 1.59620245E-01
 1.84208729E-01
 2.32748218E-01
 3.69237074E-01
 1.25196366E-01
 1.46199030E-01
 2.06566036E-01
 2.28194795E-01
 2.57222867E-01
 0.00000000E+00
 7.01113312E-01
 0.00000000E+00
 0.00000000E+00
 0.00000000E+00
 0.00000000E+00
 0.00000000E+00
 0.00000000E+00
 0.00000000E+00
 0.00000000E+00
 0.00000000E+00
 1.96161464E-01
 1.89433782E-01
 1.00858320E-01
 1.21251964E-01
 3.17806161E-01
 2.74042074E-01
 4.35762585E-02
 1.57366300E-01
 1.16453794E-02
 3.23361337E-01
 3.70876306E-02
 1.75910115E-01
 1.71436377E-01
 4.35762585E-02
 2.00208319E-01
 1.83047606E-02
 2.85670378E-02
 1.19823327E-01
 1.89843590E-01
 2.50597637E-01
 3.32286046E-01
 3.06809644E-01
 3.49315848E-01
 0.00000000E+00
 0.00000000E+00
 0.00000000E+00
 0.00000000E+00
 0.00000000E+00
 4.74694351E-02
 2.67741275E-02
 1.14290918E-01
 1.60986271E-01
 4.06222253E-02
 2.59545113E-03
 1.15497575E-01
 1.24889010E-01
 2.83336748E-01
 3.28153815E-01
 0.00000000E+00
 1.60166655E-01
 1.84755140E-01
 3.30191471E-01
 6.34519500E-02
 2.09958336E-01
 2.19657127E-01
 3.53049655E-01
 0.00000000E+00
 0.00000000E+00
 0.00000000E+00
 3.72720443E-01
 0.00000000E+00
 1.44867154E-01
 1.29499351E-01
 9.62365959E-02
 8.91332559E-02
 6.25776928E-02
 2.21728935E-01
 4.32357275E-01
 6.45447715E-02
 9.56218838E-03
 6.35430185E-02
 1.12526467E-01
 1.01263575E-01
 1.17592150E-01
 7.05552899E-02
 1.48111468E-01
 1.81294538E-01
 1.89570385E-01
 5.57475582E-02
 2.27739453E-01
 7.73854245E-02
 2.10265692E-01
 1.87396125E-01
 1.61532682E-02
 9.09090909E-02
 1.84311181E-01
 3.32172210E-02
 4.26883410E-02
 2.39054709E-03
 1.97686861E-01
 2.04425927E-01
 1.57093095E-03
 3.24431391E-02
 2.16059923E-02
 7.30824397E-02
 9.08544498E-02
 1.17592150E-01
 3.69441978E-01
 6.28372379E-02
 1.96810327E-01
 2.17767457E-01
 2.94720306E-01
 1.73253193E-01
 1.02611388E-01
 1.10579878E-01
 2.55686087E-01
 2.17585320E-01
 1.99986340E-01
 1.21098286E-01
 1.71982788E-01
 3.47278191E-01
 1.73189445E-01
 5.01673383E-02
 1.86667577E-01
 2.37927737E-01
 1.37627211E-01
 4.30981490E-02
 2.66375248E-03
 1.43227922E-01
 1.63445120E-01
 1.23932791E-01
 7.62470687E-02
 1.11809303E-01
 3.56669626E-02
 2.27739453E-01
 2.10026638E-01
 2.17744690E-01
 1.64264736E-01
 1.76729732E-01
 1.26316508E-01
 1.02247114E-01
 1.18468684E-01
 4.71962298E-02
 1.50502015E-01
 1.34075541E-01
 1.53268219E-01
 1.47826879E-01
 3.14869203E-02
 1.49887303E-01
 1.87897002E-01
 1.40222662E-01
 8.04931357E-02
 8.22120529E-02
 1.45823373E-01
 2.11119459E-01
 2.24165016E-01
 1.24991462E-02
 1.93292808E-02
 1.28065023E-02
 3.37704619E-01
 2.66443549E-01
 6.69967898E-01
 7.14124718E-01
 7.74332354E-01
 0.00000000E+00
 0.00000000E+00
 0.00000000E+00
 0.00000000E+00
 0.00000000E+00
 0.00000000E+00
 0.00000000E+00
 0.00000000E+00
 0.00000000E+00
 0.00000000E+00
 0.00000000E+00
 0.00000000E+00
 0.00000000E+00
 4.40543679E-02
 1.69387337E-02
 6.35430185E-02
 1.12526467E-01
 1.01263575E-01
 1.17592150E-01
 1.08121030E-01
 2.67672973E-01
 2.63939166E-01
 3.15005806E-01
 1.78006967E-01
 1.02611388E-01
 1.56888191E-01
 3.08346424E-01
 2.17585320E-01
 1.99986340E-01
 1.93497712E-01
 3.78628509E-01
 1.73189445E-01
 1.66177174E-01
 2.47968035E-01
 6.21542244E-03
 1.70411857E-01
 2.14124718E-01
 2.17767457E-01
 2.94720306E-01
 1.73253193E-01
 1.89194727E-02
 1.52448603E-01
 1.44548414E-01
 1.32504610E-01
 2.41103750E-02
 9.44266102E-02
 1.26129818E-02
 1.13311932E-01
 1.03715593E-01
 6.27689365E-02
 1.47599208E-01
 1.15634178E-01
 1.32390775E-01
 1.62386449E-01
 1.50945974E-02
 1.53678027E-03
 1.73940760E-02
 5.94221706E-02
 7.65316577E-02
 1.35987979E-01
 6.25640325E-02
 1.71299775E-01
 2.09343624E-01
 2.70222890E-01
 4.01680213E-01
 3.02745714E-01
 0.00000000E+00
 0.00000000E+00
 0.00000000E+00
 0.00000000E+00
 0.00000000E+00
 0.00000000E+00
 1.19185848E-01
 1.62249846E-01
 1.81294538E-01
 1.89570385E-01
 5.57475582E-02
 2.27739453E-01
 2.02923298E-01
 3.25763268E-01
 2.17585320E-01
 1.99986340E-01
 1.21098286E-01
 1.63308517E-01
 1.99030121E-01
 5.63030758E-02
 1.54600096E-01
 2.43767502E-01
 2.15661499E-01
 1.53290986E-01
 1.02793525E-01
 1.28611434E-01
 1.42818114E-01
 2.47045967E-01
 2.61935660E-01
 2.17585320E-01
 1.99986340E-01
 1.06550099E-02
 7.54729868E-02
 1.26129818E-02
 6.97356738E-02
 1.79632539E-02
 1.15497575E-01
 1.39881156E-01
 4.57619015E-03
 6.16761150E-02
 9.72838832E-02
 1.73041459E-01
 2.21979373E-02
 9.83539376E-02
 1.35987979E-01
 1.73553719E-01
 2.52954033E-01
 0.00000000E+00
 6.27621064E-01
 0.00000000E+00
 0.00000000E+00
 0.00000000E+00
 0.00000000E+00
 0.00000000E+00
 0.00000000E+00
 0.00000000E+00
 0.00000000E+00
 0.00000000E+00
 1.49511645E-01
 2.16822621E-01
 1.87396125E-01
 1.61532682E-02
 2.57837579E-01
 4.00143433E-01
 1.73189445E-01
 1.47599208E-01
 1.79598388E-01
 1.53290986E-01
 7.99808756E-02
 3.12820163E-01
 3.21972543E-01
 1.73189445E-01
 5.01673383E-02
 5.85342531E-02
 4.94160235E-02
 9.55308153E-02
 2.70063520E-01
 2.16720169E-01
 1.30387269E-01
 1.27245407E-01
 1.77879471E-01
 0.00000000E+00
 0.00000000E+00
 0.00000000E+00
 0.00000000E+00
 0.00000000E+00
 7.61560003E-02
 1.39437197E-01
 3.32172210E-02
 1.94180725E-01
 2.48172939E-01
 8.53083806E-02
 3.46287822E-02
 6.46813742E-02
 1.37627211E-01
 4.42729322E-01
 0.00000000E+00
 1.37217403E-01
 7.88197527E-02
 1.97686861E-01
 2.98476880E-02
 2.23345400E-02
 1.42818114E-01
 2.26555563E-01
 0.00000000E+00
 0.00000000E+00
 0.00000000E+00
 3.98948159E-01
 0.00000000E+00
 8.91332559E-02
 9.83539376E-02
 7.53363841E-02
 1.12389864E-01
 3.00389318E-02
 1.79336566E-01
 3.86302653E-01
 8.09370945E-02
 1.76729732E-02
 3.36725633E-02
 5.06112970E-02
 1.26015983E-01
 7.98215058E-02
 8.74257223E-03
 7.99125743E-02
 1.30706008E-01
 1.43808483E-01
 9.26576054E-02
 1.97345354E-01
 5.38214603E-02
 1.28167475E-01
 1.61692052E-01
 3.43043508E-02
 3.90000683E-02
 1.91995082E-01
 7.65658083E-02
 6.46813742E-02
 2.13783212E-02
 1.52266466E-01
 2.07157981E-01
 3.28529472E-02
 5.92684926E-02
 9.35728434E-03
 8.81087357E-03
 1.15033126E-01
 7.98215058E-02
 3.30802931E-01
 9.12847483E-02
 2.59715866E-01
 2.55583635E-01
 2.90810054E-01
 2.61676115E-01
 1.18161328E-02
 8.00150263E-02
 2.77440066E-01
 2.30221069E-01
 2.11273137E-01
 4.59531453E-02
 3.15552216E-02
 3.48285636E-01
 1.88466179E-01
 2.46055597E-02
 1.53985384E-01
 3.45536507E-01
 6.96446053E-02
 5.68267195E-02
 1.19237074E-01
 1.21098286E-01
 2.32634383E-01
 1.78744621E-01
 9.45973636E-02
 8.18250120E-02
 7.71122191E-02
 1.97345354E-01
 2.89666006E-01
 3.11146780E-01
 2.38348929E-01
 2.16037156E-01
 4.32074312E-02
 1.33597432E-01
 1.97203060E-01
 1.54133370E-02
 8.85185438E-02
 3.61314118E-02
 2.09633905E-01
 8.77216948E-02
 9.56218838E-03
 4.22273069E-02
 1.95068643E-01
 4.61170685E-01
 3.76442866E-01
 1.15634178E-01
 4.74011338E-02
 5.98388088E-01
 6.23420531E-01
 2.56562621E-01
 2.70883136E-01
 3.00816201E-01
 1.66268242E-01
 2.31609863E-01
 5.82542176E-01
 6.46813742E-01
 7.43505680E-01
 0.00000000E+00
 0.00000000E+00
 0.00000000E+00
 0.00000000E+00
 0.00000000E+00
 0.00000000E+00
 0.00000000E+00
 0.00000000E+00
 0.00000000E+00
 0.00000000E+00
 0.00000000E+00
 0.00000000E+00
 0.00000000E+00
 6.22908271E-02
 7.42777133E-03
 3.36725633E-02
 5.06112970E-02
 1.26015983E-01
 7.98215058E-02
 1.26425791E-01
 3.25797418E-01
 2.99569702E-01
 3.09866129E-01
 2.65774196E-01
 1.18161328E-02
 1.16180589E-01
 3.32354347E-01
 2.30221069E-01
 2.11273137E-01
 4.83573526E-02
 3.80865378E-01
 1.88466179E-01
 1.25606174E-01
 3.55781709E-01
 1.17478314E-02
 2.56471552E-01
 2.94549553E-01
 2.55583635E-01
 2.90810054E-01
 2.61676115E-01
 1.32163104E-01
 2.91988252E-01
 2.25109851E-01
 1.15728092E-01
 5.81927464E-02
 1.46933270E-01
 2.23117729E-02
 1.41383785E-02
 9.07554129E-02
 9.31630353E-02
 2.47489926E-01
 1.90663206E-01
 1.96002095E-01
 1.96981081E-01
 1.14199850E-01
 6.97868998E-02
 8.37829839E-02
 1.85779660E-02
 4.21077795E-02
 9.27304601E-02
 1.49409193E-01
 1.08530838E-01
 3.06331535E-02
 1.02702457E-01
 1.47599208E-01
 4.93989482E-02
 0.00000000E+00
 0.00000000E+00
 0.00000000E+00
 0.00000000E+00
 0.00000000E+00
 0.00000000E+00
 5.38214603E-02
 9.68171573E-02
 1.30706008E-01
 1.43808483E-01
 9.26576054E-02
 1.97345354E-01
 1.57297999E-01
 3.49156478E-01
 2.30221069E-01
 2.11273137E-01
 4.59531453E-02
 9.81490335E-02
 2.26862919E-01
 3.58126722E-02
 1.11570248E-01
 1.24445052E-01
 2.48514446E-01
 1.18457300E-01
 9.11139949E-02
 2.85499624E-02
 1.27450311E-01
 2.98989140E-01
 3.04077590E-01
 2.30221069E-01
 2.11273137E-01
 2.76620449E-03
 1.18810191E-01
 2.23117729E-02
 9.84905403E-02
 5.07137491E-02
 9.27304601E-02
 9.69879107E-02
 1.07301414E-01
 7.44484666E-03
 5.28880086E-02
 1.19254149E-01
 1.01290895E-01
 4.79475446E-02
 9.27304601E-02
 9.84222389E-02
 2.41001298E-01
 0.00000000E+00
 4.85281060E-01
 0.00000000E+00
 0.00000000E+00
 0.00000000E+00
 0.00000000E+00
 0.00000000E+00
 0.00000000E+00
 0.00000000E+00
 0.00000000E+00
 0.00000000E+00
 7.81367393E-02
 1.55112356E-01
 1.61692052E-01
 3.43043508E-02
 1.98415409E-01
 4.34755140E-01
 1.88466179E-01
 8.89283519E-02
 2.35195683E-01
 1.18457300E-01
 2.86182638E-02
 4.07485827E-01
 3.86551465E-01
 1.88466179E-01
 2.46055597E-02
 3.13503176E-02
 8.81428864E-02
 1.14063247E-01
 2.59135305E-01
 1.93805068E-01
 2.19247319E-02
 6.05832935E-02
 1.28702502E-01
 0.00000000E+00
 0.00000000E+00
 0.00000000E+00
 0.00000000E+00
 0.00000000E+00
 5.40263643E-02
 1.48862783E-01
 7.65658083E-02
 1.87897002E-01
 3.65617103E-01
 1.10238372E-01
 1.45379414E-01
 1.84994194E-01
 6.96446053E-02
 5.03005259E-01
 0.00000000E+00
 1.69592241E-01
 6.91892630E-02
 1.52266466E-01
 4.74694351E-02
 8.97308927E-02
 1.27450311E-01
 1.30455570E-01
 0.00000000E+00
 0.00000000E+00
 0.00000000E+00
 4.69435148E-01
 0.00000000E+00
 3.99562871E-02
 8.60596954E-02
 3.40823714E-02
 6.83354962E-02
 8.48302712E-03
 1.55385561E-01
 3.52893538E-01
 1.38720033E-01
 1.17290486E-01
 9.44835280E-03
 2.69107301E-02
 1.18885322E-01
 9.53259113E-02
 4.44641759E-02
 4.41909706E-02
 1.54907452E-01
 1.66638208E-01
 1.37067140E-01
 1.82319058E-01
 9.63048972E-03
 1.07028208E-01
 2.04152722E-01
 1.04091251E-01
 8.38057510E-02
 1.80110648E-01
 1.33642966E-01
 5.59388020E-02
 1.63240216E-02
 1.22213874E-01
 1.85301550E-01
 3.70876306E-02
 7.18871662E-03
 4.68774902E-02
 3.10771122E-02
 1.03640462E-01
 9.53259113E-02
 3.28695347E-01
 2.77986476E-02
 1.70480158E-01
 2.05291078E-01
 2.74298204E-01
 2.79530087E-01
 2.98249209E-03
 4.88354621E-03
 2.10829178E-01
 1.93679849E-01
 1.93668465E-01
 2.19520525E-02
 2.06611570E-02
 3.11488286E-01
 1.69728844E-01
 1.84072126E-02
 1.18536985E-01
 3.60477426E-01
 4.91997359E-02
 1.21576395E-02
 1.25110990E-01
 1.45686770E-01
 2.74366505E-01
 1.91243768E-01
 1.01336430E-01
 8.15518066E-02
 1.15688819E-01
 1.82319058E-01
 2.58247387E-01
 2.61218496E-01
 2.15786718E-01
 2.05091865E-01
 1.69387337E-02
 1.38310225E-01
 1.83986750E-01
 1.99667600E-02
 8.64695034E-02
 3.34676593E-03
 1.90543679E-01
 8.49896410E-02
 1.55044054E-02
 1.50433714E-02
 2.02240284E-01
 5.44020217E-01
 4.79885254E-01
 1.94499465E-01
 1.84413633E-02
 6.14780411E-01
 7.30175534E-01
 3.44420918E-01
 2.85294720E-01
 4.13171914E-01
 9.45518293E-02
 3.13571477E-01
 5.88142886E-01
 6.52551055E-01
 7.57348086E-01
 0.00000000E+00
 0.00000000E+00
 0.00000000E+00
 0.00000000E+00
 0.00000000E+00
 0.00000000E+00
 0.00000000E+00
 0.00000000E+00
 0.00000000E+00
 0.00000000E+00
 0.00000000E+00
 0.00000000E+00
 0.00000000E+00
 1.22122806E-01
 9.31118093E-02
 9.44835280E-03
 2.69107301E-02
 1.18885322E-01
 9.53259113E-02
 2.05587050E-02
 2.07499488E-01
 2.38895340E-01
 2.88436582E-01
 2.81988935E-01
 2.98249209E-03
 6.62523052E-02
 2.46482481E-01
 1.93679849E-01
 1.93668465E-01
 2.61594153E-02
 3.32388498E-01
 1.69728844E-01
 1.16385493E-01
 3.66624548E-01
 1.03818045E-02
 1.65903968E-01
 2.34205314E-01
 2.05291078E-01
 2.74298204E-01
 2.79530087E-01
 1.61191175E-01
 3.78047948E-01
 3.12125766E-01
 1.99226487E-01
 1.07642921E-01
 2.04050270E-01
 5.04519272E-02
 8.64695034E-02
 1.61703436E-01
 5.40946657E-02
 2.55481183E-01
 1.69694693E-01
 1.79359333E-01
 1.88699542E-01
 1.71299775E-01
 8.57864900E-02
 1.17387246E-01
 4.12198620E-02
 2.45884844E-02
 6.99633449E-02
 1.26835599E-01
 1.87657947E-01
 1.20107916E-01
 3.44238782E-02
 1.12150809E-01
 6.01051841E-02
 0.00000000E+00
 0.00000000E+00
 0.00000000E+00
 0.00000000E+00
 0.00000000E+00
 0.00000000E+00
 6.55009904E-02
 7.46192200E-02
 1.54907452E-01
 1.66638208E-01
 1.37067140E-01
 1.82319058E-01
 8.17567106E-02
 2.58366915E-01
 1.93679849E-01
 1.93668465E-01
 2.19520525E-02
 9.85588416E-02
 1.79393484E-01
 3.58126722E-02
 1.11570248E-01
 1.25606174E-01
 2.15900553E-01
 1.18457300E-01
 1.25742777E-01
 5.63486101E-03
 1.12082508E-01
 2.04938187E-01
 2.55549484E-01
 1.93679849E-01
 1.93668465E-01
 5.49142818E-02
 1.38942012E-01
 5.04519272E-02
 1.19049245E-01
 8.03906837E-02
 6.99633449E-02
 1.13414384E-01
 1.60849669E-01
 7.85465474E-03
 4.60578740E-02
 1.16180589E-01
 1.87897002E-01
 2.67399768E-02
 6.99633449E-02
 2.32907588E-02
 2.29048562E-01
 0.00000000E+00
 3.79823783E-01
 0.00000000E+00
 0.00000000E+00
 0.00000000E+00
 0.00000000E+00
 0.00000000E+00
 0.00000000E+00
 0.00000000E+00
 0.00000000E+00
 0.00000000E+00
 9.24117205E-02
 1.38071170E-01
 2.04152722E-01
 1.04091251E-01
 1.43091319E-01
 3.78696810E-01
 1.69728844E-01
 8.02540810E-02
 1.98893518E-01
 1.18457300E-01
 5.59388020E-02
 3.63124104E-01
 3.71525169E-01
 1.69728844E-01
 1.84072126E-02
 2.52714978E-02
 1.36244109E-01
 9.44835280E-02
 2.05894406E-01
 1.61361929E-01
 4.43958746E-03
 5.72365276E-02
 1.24604421E-01
 0.00000000E+00
 0.00000000E+00
 0.00000000E+00
 0.00000000E+00
 0.00000000E+00
 6.87794550E-02
 1.47018646E-01
 1.33642966E-01
 1.56614985E-01
 3.70722628E-01
 1.55248958E-01
 1.18332081E-01
 2.13100198E-01
 4.91997359E-02
 5.86025545E-01
 0.00000000E+00
 1.95819958E-01
 9.95150604E-02
 1.22213874E-01
 1.08121030E-01
 8.57694147E-02
 1.12082508E-01
 1.62420600E-01
 0.00000000E+00
 0.00000000E+00
 0.00000000E+00
 5.35004440E-01
 0.00000000E+00
 9.22068165E-03
 7.37654532E-02
 7.17164128E-03
 2.42811283E-02
 4.70049860E-02
 1.31434556E-01
 3.19484422E-01
 1.96502971E-01
 2.16907998E-01
 5.25692689E-02
 3.21016324E-03
 1.11754662E-01
 1.10830317E-01
 8.01857797E-02
 8.46936685E-03
 1.79108895E-01
 1.89467933E-01
 1.81476675E-01
 1.67292762E-01
 7.30824397E-02
 8.58889420E-02
 2.46613392E-01
 1.73878150E-01
 1.28611434E-01
 1.68226214E-01
 1.90720124E-01
 4.71962298E-02
 5.40263643E-02
 9.21612822E-02
 1.63445120E-01
 1.07028208E-01
 7.36459258E-02
 1.03112265E-01
 7.09650980E-02
 9.22477973E-02
 1.10830317E-01
 3.26587762E-01
 1.46882044E-01
 8.12444505E-02
 1.54998520E-01
 2.57786353E-01
 2.97384058E-01
 5.85114860E-03
 7.02479339E-02
 1.44218291E-01
 1.57138629E-01
 1.76063793E-01
 2.04904037E-03
 7.28775357E-02
 2.74690936E-01
 1.50991508E-01
 1.22088655E-02
 8.30885868E-02
 3.75418346E-01
 2.87548665E-02
 3.25114405E-02
 1.30984905E-01
 1.70275254E-01
 3.16098627E-01
 2.03742914E-01
 1.08075496E-01
 8.12786012E-02
 1.54265419E-01
 1.67292762E-01
 2.26828769E-01
 2.11290212E-01
 1.93224507E-01
 1.94146575E-01
 9.32996380E-03
 1.43023018E-01
 1.70770439E-01
 2.45201830E-02
 8.44204631E-02
 2.94378799E-02
 1.71453453E-01
 8.22575871E-02
 2.14466225E-02
 1.21405642E-02
 2.09411925E-01
 6.26869749E-01
 5.83327642E-01
 2.73364752E-01
 8.42838604E-02
 6.31172734E-01
 8.36930538E-01
 4.32279216E-01
 2.99706304E-01
 5.25527628E-01
 2.28354165E-02
 3.95533092E-01
 5.93743597E-01
 6.58288368E-01
 7.71190492E-01
 0.00000000E+00
 0.00000000E+00
 0.00000000E+00
 0.00000000E+00
 0.00000000E+00
 0.00000000E+00
 0.00000000E+00
 0.00000000E+00
 0.00000000E+00
 0.00000000E+00
 0.00000000E+00
 0.00000000E+00
 0.00000000E+00
 1.81954785E-01
 1.78795847E-01
 5.25692689E-02
 3.21016324E-03
 1.11754662E-01
 1.10830317E-01
 8.53083806E-02
 8.92015573E-02
 1.78220978E-01
 2.67007035E-01
 2.98203675E-01
 5.85114860E-03
 1.63240216E-02
 1.60610614E-01
 1.57138629E-01
 1.76063793E-01
 3.96147804E-03
 2.83911618E-01
 1.50991508E-01
 1.07164811E-01
 3.77467386E-01
 3.25114405E-02
 7.53363841E-02
 1.73861075E-01
 1.54998520E-01
 2.57786353E-01
 2.97384058E-01
 1.90219247E-01
 4.64107643E-01
 3.99141680E-01
 2.82724882E-01
 1.57093095E-01
 2.61167270E-01
 7.85920816E-02
 1.58800628E-01
 2.32651458E-01
 1.50262960E-02
 2.63472440E-01
 1.48726180E-01
 1.62716572E-01
 1.80418004E-01
 2.28399699E-01
 1.01786080E-01
 1.50991508E-01
 1.01017690E-01
 7.06918926E-03
 4.71962298E-02
 1.04262004E-01
 2.66785056E-01
 2.09582679E-01
 3.38547003E-02
 7.67024110E-02
 1.69609316E-01
 0.00000000E+00
 0.00000000E+00
 0.00000000E+00
 0.00000000E+00
 0.00000000E+00
 0.00000000E+00
 7.71805205E-02
 5.24212827E-02
 1.79108895E-01
 1.89467933E-01
 1.81476675E-01
 1.67292762E-01
 6.21542244E-03
 1.67577351E-01
 1.57138629E-01
 1.76063793E-01
 2.04904037E-03
 9.89686497E-02
 1.31924049E-01
 3.58126722E-02
 1.11570248E-01
 1.26767297E-01
 1.83286661E-01
 1.18457300E-01
 1.60371559E-01
 1.72802404E-02
 9.67147053E-02
 1.10887234E-01
 2.07021378E-01
 1.57138629E-01
 1.76063793E-01
 1.12594768E-01
 1.59073834E-01
 7.85920816E-02
 1.39607950E-01
 1.10067618E-01
 4.71962298E-02
 1.29840858E-01
 2.14397924E-01
 2.31541561E-02
 3.92277395E-02
 1.13107028E-01
 2.74503108E-01
 5.53240899E-03
 4.71962298E-02
 5.18407213E-02
 2.17095827E-01
 0.00000000E+00
 2.74366505E-01
 0.00000000E+00
 0.00000000E+00
 0.00000000E+00
 0.00000000E+00
 0.00000000E+00
 0.00000000E+00
 0.00000000E+00
 0.00000000E+00
 0.00000000E+00
 1.06686702E-01
 1.21029984E-01
 2.46613392E-01
 1.73878150E-01
 8.77672290E-02
 3.22638481E-01
 1.50991508E-01
 7.15798101E-02
 1.62591353E-01
 1.18457300E-01
 8.32593402E-02
 3.18762380E-01
 3.56498873E-01
 1.50991508E-01
 1.22088655E-02
 1.91926781E-02
 1.84345332E-01
 7.49038089E-02
 1.52653507E-01
 1.28918790E-01
 1.30455570E-02
 5.38897616E-02
 1.20506341E-01
 0.00000000E+00
 0.00000000E+00
 0.00000000E+00
 0.00000000E+00
 0.00000000E+00
 8.35325456E-02
 1.45174510E-01
 1.90720124E-01
 1.25332969E-01
 3.75828154E-01
 2.00259545E-01
 9.12847483E-02
 2.41206202E-01
 2.87548665E-02
 6.69045830E-01
 0.00000000E+00
 2.22047674E-01
 1.29840858E-01
 9.21612822E-02
 1.68772625E-01
 8.18079366E-02
 9.67147053E-02
 1.94385629E-01
 0.00000000E+00
 0.00000000E+00
 0.00000000E+00
 6.00573731E-01
 0.00000000E+00
 9.22068165E-03
 7.37654532E-02
 7.17164128E-03
 2.42811283E-02
 4.70049860E-02
 1.31434556E-01
 3.19484422E-01
 1.96502971E-01
 2.16907998E-01
 5.25692689E-02
 3.21016324E-03
 1.11754662E-01
 1.10830317E-01
 8.01857797E-02
 8.46936685E-03
 1.79108895E-01
 1.89467933E-01
 1.81476675E-01
 1.67292762E-01
 7.30824397E-02
 8.58889420E-02
 2.46613392E-01
 1.73878150E-01
 1.28611434E-01
 1.68226214E-01
 1.90720124E-01
 4.71962298E-02
 5.40263643E-02
 9.21612822E-02
 1.63445120E-01
 1.07028208E-01
 7.36459258E-02
 1.03112265E-01
 7.09650980E-02
 9.22477973E-02
 1.10830317E-01
 3.26587762E-01
 1.46882044E-01
 8.12444505E-02
 1.54998520E-01
 2.57786353E-01
 2.97384058E-01
 5.85114860E-03
 7.02479339E-02
 1.44218291E-01
 1.57138629E-01
 1.76063793E-01
 2.04904037E-03
 7.28775357E-02
 2.74690936E-01
 1.50991508E-01
 1.22088655E-02
 8.30885868E-02
 3.75418346E-01
 2.87548665E-02
 3.25114405E-02
 1.30984905E-01
 1.70275254E-01
 3.16098627E-01
 2.03742914E-01
 1.08075496E-01
 8.12786012E-02
 1.54265419E-01
 1.67292762E-01
 2.26828769E-01
 2.11290212E-01
 1.93224507E-01
 1.94146575E-01
 9.32996380E-03
 1.43023018E-01
 1.70770439E-01
 2.45201830E-02
 8.44204631E-02
 2.94378799E-02
 1.71453453E-01
 8.22575871E-02
 2.14466225E-02
 1.21405642E-02
 2.09411925E-01
 6.26869749E-01
 5.83327642E-01
 2.73364752E-01
 8.42838604E-02
 6.31172734E-01
 8.36930538E-01
 4.32279216E-01
 2.99706304E-01
 5.25527628E-01
 2.28354165E-02
 3.95533092E-01
 5.93743597E-01
 6.58288368E-01
 7.71190492E-01
 0.00000000E+00
 0.00000000E+00
 0.00000000E+00
 0.00000000E+00
 0.00000000E+00
 0.00000000E+00
 0.00000000E+00
 0.00000000E+00
 0.00000000E+00
 0.00000000E+00
 0.00000000E+00
 0.00000000E+00
 0.00000000E+00
 1.81954785E-01
 1.78795847E-01
 5.25692689E-02
 3.21016324E-03
 1.11754662E-01
 1.10830317E-01
 8.53083806E-02
 8.92015573E-02
 1.78220978E-01
 2.67007035E-01
 2.98203675E-01
 5.85114860E-03
 1.63240216E-02
 1.60610614E-01
 1.57138629E-01
 1.76063793E-01
 3.96147804E-03
 2.83911618E-01
 1.50991508E-01
 1.07164811E-01
 3.77467386E-01
 3.25114405E-02
 7.53363841E-02
 1.73861075E-01
 1.54998520E-01
 2.57786353E-01
 2.97384058E-01
 1.90219247E-01
 4.64107643E-01
 3.99141680E-01
 2.82724882E-01
 1.57093095E-01
 2.61167270E-01
 7.85920816E-02
 1.58800628E-01
 2.32651458E-01
 1.50262960E-02
 2.63472440E-01
 1.48726180E-01
 1.62716572E-01
 1.80418004E-01
 2.28399699E-01
 1.01786080E-01
 1.50991508E-01
 1.01017690E-01
 7.06918926E-03
 4.71962298E-02
 1.04262004E-01
 2.66785056E-01
 2.09582679E-01
 3.38547003E-02
 7.67024110E-02
 1.69609316E-01
 0.00000000E+00
 0.00000000E+00
 0.00000000E+00
 0.00000000E+00
 0.00000000E+00
 0.00000000E+00
 7.71805205E-02
 5.24212827E-02
 1.79108895E-01
 1.89467933E-01
 1.81476675E-01
 1.67292762E-01
 6.21542244E-03
 1.67577351E-01
 1.57138629E-01
 1.76063793E-01
 2.04904037E-03
 9.89686497E-02
 1.31924049E-01
 3.58126722E-02
 1.11570248E-01
 1.26767297E-01
 1.83286661E-01
 1.18457300E-01
 1.60371559E-01
 1.72802404E-02
 9.67147053E-02
 1.10887234E-01
 2.07021378E-01
 1.57138629E-01
 1.76063793E-01
 1.12594768E-01
 1.59073834E-01
 7.85920816E-02
 1.39607950E-01
 1.10067618E-01
 4.71962298E-02
 1.29840858E-01
 2.14397924E-01
 2.31541561E-02
 3.92277395E-02
 1.13107028E-01
 2.74503108E-01
 5.53240899E-03
 4.71962298E-02
 5.18407213E-02
 2.17095827E-01
 0.00000000E+00
 2.74366505E-01
 0.00000000E+00
 0.00000000E+00
 0.00000000E+00
 0.00000000E+00
 0.00000000E+00
 0.00000000E+00
 0.00000000E+00
 0.00000000E+00
 0.00000000E+00
 1.06686702E-01
 1.21029984E-01
 2.46613392E-01
 1.73878150E-01
 8.77672290E-02
 3.22638481E-01
 1.50991508E-01
 7.15798101E-02
 1.62591353E-01
 1.18457300E-01
 8.32593402E-02
 3.18762380E-01
 3.56498873E-01
 1.50991508E-01
 1.22088655E-02
 1.91926781E-02
 1.84345332E-01
 7.49038089E-02
 1.52653507E-01
 1.28918790E-01
 1.30455570E-02
 5.38897616E-02
 1.20506341E-01
 0.00000000E+00
 0.00000000E+00
 0.00000000E+00
 0.00000000E+00
 0.00000000E+00
 8.35325456E-02
 1.45174510E-01
 1.90720124E-01
 1.25332969E-01
 3.75828154E-01
 2.00259545E-01
 9.12847483E-02
 2.41206202E-01
 2.87548665E-02
 6.69045830E-01
 0.00000000E+00
 2.22047674E-01
 1.29840858E-01
 9.21612822E-02
 1.68772625E-01
 8.18079366E-02
 9.67147053E-02
 1.94385629E-01
 0.00000000E+00
 0.00000000E+00
 0.00000000E+00
 6.00573731E-01
 0.00000000E+00
 3.99562871E-02
 8.60596954E-02
 3.40823714E-02
 6.83354962E-02
 8.48302712E-03
 1.55385561E-01
 3.52893538E-01
 1.38720033E-01
 1.17290486E-01
 9.44835280E-03
 2.69107301E-02
 1.18885322E-01
 9.53259113E-02
 4.44641759E-02
 4.41909706E-02
 1.54907452E-01
 1.66638208E-01
 1.37067140E-01
 1.82319058E-01
 9.63048972E-03
 1.07028208E-01
 2.04152722E-01
 1.04091251E-01
 8.38057510E-02
 1.80110648E-01
 1.33642966E-01
 5.59388020E-02
 1.63240216E-02
 1.22213874E-01
 1.85301550E-01
 3.70876306E-02
 7.18871662E-03
 4.68774902E-02
 3.10771122E-02
 1.03640462E-01
 9.53259113E-02
 3.28695347E-01
 2.77986476E-02
 1.70480158E-01
 2.05291078E-01
 2.74298204E-01
 2.79530087E-01
 2.98249209E-03
 4.88354621E-03
 2.10829178E-01
 1.93679849E-01
 1.93668465E-01
 2.19520525E-02
 2.06611570E-02
 3.11488286E-01
 1.69728844E-01
 1.84072126E-02
 1.18536985E-01
 3.60477426E-01
 4.91997359E-02
 1.21576395E-02
 1.25110990E-01
 1.45686770E-01
 2.74366505E-01
 1.91243768E-01
 1.01336430E-01
 8.15518066E-02
 1.15688819E-01
 1.82319058E-01
 2.58247387E-01
 2.61218496E-01
 2.15786718E-01
 2.05091865E-01
 1.69387337E-02
 1.38310225E-01
 1.83986750E-01
 1.99667600E-02
 8.64695034E-02
 3.34676593E-03
 1.90543679E-01
 8.49896410E-02
 1.55044054E-02
 1.50433714E-02
 2.02240284E-01
 5.44020217E-01
 4.79885254E-01
 1.94499465E-01
 1.84413633E-02
 6.14780411E-01
 7.30175534E-01
 3.44420918E-01
 2.85294720E-01
 4.13171914E-01
 9.45518293E-02
 3.13571477E-01
 5.88142886E-01
 6.52551055E-01
 7.57348086E-01
 0.00000000E+00
 0.00000000E+00
 0.00000000E+00
 0.00000000E+00
 0.00000000E+00
 0.00000000E+00
 0.00000000E+00
 0.00000000E+00
 0.00000000E+00
 0.00000000E+00
 0.00000000E+00
 0.00000000E+00
 0.00000000E+00
 1.22122806E-01
 9.31118093E-02
 9.44835280E-03
 2.69107301E-02
 1.18885322E-01
 9.53259113E-02
 2.05587050E-02
 2.07499488E-01
 2.38895340E-01
 2.88436582E-01
 2.81988935E-01
 2.98249209E-03
 6.62523052E-02
 2.46482481E-01
 1.93679849E-01
 1.93668465E-01
 2.61594153E-02
 3.32388498E-01
 1.69728844E-01
 1.16385493E-01
 3.66624548E-01
 1.03818045E-02
 1.65903968E-01
 2.34205314E-01
 2.05291078E-01
 2.74298204E-01
 2.79530087E-01
 1.61191175E-01
 3.78047948E-01
 3.12125766E-01
 1.99226487E-01
 1.07642921E-01
 2.04050270E-01
 5.04519272E-02
 8.64695034E-02
 1.61703436E-01
 5.40946657E-02
 2.55481183E-01
 1.69694693E-01
 1.79359333E-01
 1.88699542E-01
 1.71299775E-01
 8.57864900E-02
 1.17387246E-01
 4.12198620E-02
 2.45884844E-02
 6.99633449E-02
 1.26835599E-01
 1.87657947E-01
 1.20107916E-01
 3.44238782E-02
 1.12150809E-01
 6.01051841E-02
 0.00000000E+00
 0.00000000E+00
 0.00000000E+00
 0.00000000E+00
 0.00000000E+00
 0.00000000E+00
 6.55009904E-02
 7.46192200E-02
 1.54907452E-01
 1.66638208E-01
 1.37067140E-01
 1.82319058E-01
 8.17567106E-02
 2.58366915E-01
 1.93679849E-01
 1.93668465E-01
 2.19520525E-02
 9.85588416E-02
 1.79393484E-01
 3.58126722E-02
 1.11570248E-01
 1.25606174E-01
 2.15900553E-01
 1.18457300E-01
 1.25742777E-01
 5.63486101E-03
 1.12082508E-01
 2.04938187E-01
 2.55549484E-01
 1.93679849E-01
 1.93668465E-01
 5.49142818E-02
 1.38942012E-01
 5.04519272E-02
 1.19049245E-01
 8.03906837E-02
 6.99633449E-02
 1.13414384E-01
 1.60849669E-01
 7.85465474E-03
 4.60578740E-02
 1.16180589E-01
 1.87897002E-01
 2.67399768E-02
 6.99633449E-02
 2.32907588E-02
 2.29048562E-01
 0.00000000E+00
 3.79823783E-01
 0.00000000E+00
 0.00000000E+00
 0.00000000E+00
 0.00000000E+00
 0.00000000E+00
 0.00000000E+00
 0.00000000E+00
 0.00000000E+00
 0.00000000E+00
 9.24117205E-02
 1.38071170E-01
 2.04152722E-01
 1.04091251E-01
 1.43091319E-01
 3.78696810E-01
 1.69728844E-01
 8.02540810E-02
 1.98893518E-01
 1.18457300E-01
 5.59388020E-02
 3.63124104E-01
 3.71525169E-01
 1.69728844E-01
 1.84072126E-02
 2.52714978E-02
 1.36244109E-01
 9.44835280E-02
 2.05894406E-01
 1.61361929E-01
 4.43958746E-03
 5.72365276E-02
 1.24604421E-01
 0.00000000E+00
 0.00000000E+00
 0.00000000E+00
 0.00000000E+00
 0.00000000E+00
 6.87794550E-02
 1.47018646E-01
 1.33642966E-01
 1.56614985E-01
 3.70722628E-01
 1.55248958E-01
 1.18332081E-01
 2.13100198E-01
 4.91997359E-02
 5.86025545E-01
 0.00000000E+00
 1.95819958E-01
 9.95150604E-02
 1.22213874E-01
 1.08121030E-01
 8.57694147E-02
 1.12082508E-01
 1.62420600E-01
 0.00000000E+00
 0.00000000E+00
 0.00000000E+00
 5.35004440E-01
 0.00000000E+00
 8.91332559E-02
 9.83539376E-02
 7.53363841E-02
 1.12389864E-01
 3.00389318E-02
 1.79336566E-01
 3.86302653E-01
 8.09370945E-02
 1.76729732E-02
 3.36725633E-02
 5.06112970E-02
 1.26015983E-01
 7.98215058E-02
 8.74257223E-03
 7.99125743E-02
 1.30706008E-01
 1.43808483E-01
 9.26576054E-02
 1.97345354E-01
 5.38214603E-02
 1.28167475E-01
 1.61692052E-01
 3.43043508E-02
 3.90000683E-02
 1.91995082E-01
 7.65658083E-02
 6.46813742E-02
 2.13783212E-02
 1.52266466E-01
 2.07157981E-01
 3.28529472E-02
 5.92684926E-02
 9.35728434E-03
 8.81087357E-03
 1.15033126E-01
 7.98215058E-02
 3.30802931E-01
 9.12847483E-02
 2.59715866E-01
 2.55583635E-01
 2.90810054E-01
 2.61676115E-01
 1.18161328E-02
 8.00150263E-02
 2.77440066E-01
 2.30221069E-01
 2.11273137E-01
 4.59531453E-02
 3.15552216E-02
 3.48285636E-01
 1.88466179E-01
 2.46055597E-02
 1.53985384E-01
 3.45536507E-01
 6.96446053E-02
 5.68267195E-02
 1.19237074E-01
 1.21098286E-01
 2.32634383E-01
 1.78744621E-01
 9.45973636E-02
 8.18250120E-02
 7.71122191E-02
 1.97345354E-01
 2.89666006E-01
 3.11146780E-01
 2.38348929E-01
 2.16037156E-01
 4.32074312E-02
 1.33597432E-01
 1.97203060E-01
 1.54133370E-02
 8.85185438E-02
 3.61314118E-02
 2.09633905E-01
 8.77216948E-02
 9.56218838E-03
 4.22273069E-02
 1.95068643E-01
 4.61170685E-01
 3.76442866E-01
 1.15634178E-01
 4.74011338E-02
 5.98388088E-01
 6.23420531E-01
 2.56562621E-01
 2.70883136E-01
 3.00816201E-01
 1.66268242E-01
 2.31609863E-01
 5.82542176E-01
 6.46813742E-01
 7.43505680E-01
 0.00000000E+00
 0.00000000E+00
 0.00000000E+00
 0.00000000E+00
 0.00000000E+00
 0.00000000E+00
 0.00000000E+00
 0.00000000E+00
 0.00000000E+00
 0.00000000E+00
 0.00000000E+00
 0.00000000E+00
 0.00000000E+00
 6.22908271E-02
 7.42777133E-03
 3.36725633E-02
 5.06112970E-02
 1.26015983E-01
 7.98215058E-02
 1.26425791E-01
 3.25797418E-01
 2.99569702E-01
 3.09866129E-01
 2.65774196E-01
 1.18161328E-02
 1.16180589E-01
 3.32354347E-01
 2.30221069E-01
 2.11273137E-01
 4.83573526E-02
 3.80865378E-01
 1.88466179E-01
 1.25606174E-01
 3.55781709E-01
 1.17478314E-02
 2.56471552E-01
 2.94549553E-01
 2.55583635E-01
 2.90810054E-01
 2.61676115E-01
 1.32163104E-01
 2.91988252E-01
 2.25109851E-01
 1.15728092E-01
 5.81927464E-02
 1.46933270E-01
 2.23117729E-02
 1.41383785E-02
 9.07554129E-02
 9.31630353E-02
 2.47489926E-01
 1.90663206E-01
 1.96002095E-01
 1.96981081E-01
 1.14199850E-01
 6.97868998E-02
 8.37829839E-02
 1.85779660E-02
 4.21077795E-02
 9.27304601E-02
 1.49409193E-01
 1.08530838E-01
 3.06331535E-02
 1.02702457E-01
 1.47599208E-01
 4.93989482E-02
 0.00000000E+00
 0.00000000E+00
 0.00000000E+00
 0.00000000E+00
 0.00000000E+00
 0.00000000E+00
 5.38214603E-02
 9.68171573E-02
 1.30706008E-01
 1.43808483E-01
 9.26576054E-02
 1.97345354E-01
 1.57297999E-01
 3.49156478E-01
 2.30221069E-01
 2.11273137E-01
 4.59531453E-02
 9.81490335E-02
 2.26862919E-01
 3.58126722E-02
 1.11570248E-01
 1.24445052E-01
 2.48514446E-01
 1.18457300E-01
 9.11139949E-02
 2.85499624E-02
 1.27450311E-01
 2.98989140E-01
 3.04077590E-01
 2.30221069E-01
 2.11273137E-01
 2.76620449E-03
 1.18810191E-01
 2.23117729E-02
 9.84905403E-02
 5.07137491E-02
 9.27304601E-02
 9.69879107E-02
 1.07301414E-01
 7.44484666E-03
 5.28880086E-02
 1.19254149E-01
 1.01290895E-01
 4.79475446E-02
 9.27304601E-02
 9.84222389E-02
 2.41001298E-01
 0.00000000E+00
 4.85281060E-01
 0.00000000E+00
 0.00000000E+00
 0.00000000E+00
 0.00000000E+00
 0.00000000E+00
 0.00000000E+00
 0.00000000E+00
 0.00000000E+00
 0.00000000E+00
 7.81367393E-02
 1.55112356E-01
 1.61692052E-01
 3.43043508E-02
 1.98415409E-01
 4.34755140E-01
 1.88466179E-01
 8.89283519E-02
 2.35195683E-01
 1.18457300E-01
 2.86182638E-02
 4.07485827E-01
 3.86551465E-01
 1.88466179E-01
 2.46055597E-02
 3.13503176E-02
 8.81428864E-02
 1.14063247E-01
 2.59135305E-01
 1.93805068E-01
 2.19247319E-02
 6.05832935E-02
 1.28702502E-01
 0.00000000E+00
 0.00000000E+00
 0.00000000E+00
 0.00000000E+00
 0.00000000E+00
 5.40263643E-02
 1.48862783E-01
 7.65658083E-02
 1.87897002E-01
 3.65617103E-01
 1.10238372E-01
 1.45379414E-01
 1.84994194E-01
 6.96446053E-02
 5.03005259E-01
 0.00000000E+00
 1.69592241E-01
 6.91892630E-02
 1.52266466E-01
 4.74694351E-02
 8.97308927E-02
 1.27450311E-01
 1.30455570E-01
 0.00000000E+00
 0.00000000E+00
 0.00000000E+00
 4.69435148E-01
 0.00000000E+00
 1.44867154E-01
 1.29499351E-01
 9.62365959E-02
 8.91332559E-02
 6.25776928E-02
 2.21728935E-01
 4.32357275E-01
 6.45447715E-02
 9.56218838E-03
 6.35430185E-02
 1.12526467E-01
 1.01263575E-01
 1.17592150E-01
 7.05552899E-02
 1.48111468E-01
 1.81294538E-01
 1.89570385E-01
 5.57475582E-02
 2.27739453E-01
 7.73854245E-02
 2.10265692E-01
 1.87396125E-01
 1.61532682E-02
 9.09090909E-02
 1.84311181E-01
 3.32172210E-02
 4.26883410E-02
 2.39054709E-03
 1.97686861E-01
 2.04425927E-01
 1.57093095E-03
 3.24431391E-02
 2.16059923E-02
 7.30824397E-02
 9.08544498E-02
 1.17592150E-01
 3.69441978E-01
 6.28372379E-02
 1.96810327E-01
 2.17767457E-01
 2.94720306E-01
 1.73253193E-01
 1.02611388E-01
 1.10579878E-01
 2.55686087E-01
 2.17585320E-01
 1.99986340E-01
 1.21098286E-01
 1.71982788E-01
 3.47278191E-01
 1.73189445E-01
 5.01673383E-02
 1.86667577E-01
 2.37927737E-01
 1.37627211E-01
 4.30981490E-02
 2.66375248E-03
 1.43227922E-01
 1.63445120E-01
 1.23932791E-01
 7.62470687E-02
 1.11809303E-01
 3.56669626E-02
 2.27739453E-01
 2.10026638E-01
 2.17744690E-01
 1.64264736E-01
 1.76729732E-01
 1.26316508E-01
 1.02247114E-01
 1.18468684E-01
 4.71962298E-02
 1.50502015E-01
 1.34075541E-01
 1.53268219E-01
 1.47826879E-01
 3.14869203E-02
 1.49887303E-01
 1.87897002E-01
 1.40222662E-01
 8.04931357E-02
 8.22120529E-02
 1.45823373E-01
 2.11119459E-01
 2.24165016E-01
 1.24991462E-02
 1.93292808E-02
 1.28065023E-02
 3.37704619E-01
 2.66443549E-01
 6.69967898E-01
 7.14124718E-01
 7.74332354E-01
 0.00000000E+00
 0.00000000E+00
 0.00000000E+00
 0.00000000E+00
 0.00000000E+00
 0.00000000E+00
 0.00000000E+00
 0.00000000E+00
 0.00000000E+00
 0.00000000E+00
 0.00000000E+00
 0.00000000E+00
 0.00000000E+00
 4.40543679E-02
 1.69387337E-02
 6.35430185E-02
 1.12526467E-01
 1.01263575E-01
 1.17592150E-01
 1.08121030E-01
 2.67672973E-01
 2.63939166E-01
 3.15005806E-01
 1.78006967E-01
 1.02611388E-01
 1.56888191E-01
 3.08346424E-01
 2.17585320E-01
 1.99986340E-01
 1.93497712E-01
 3.78628509E-01
 1.73189445E-01
 1.66177174E-01
 2.47968035E-01
 6.21542244E-03
 1.70411857E-01
 2.14124718E-01
 2.17767457E-01
 2.94720306E-01
 1.73253193E-01
 1.89194727E-02
 1.52448603E-01
 1.44548414E-01
 1.32504610E-01
 2.41103750E-02
 9.44266102E-02
 1.26129818E-02
 1.13311932E-01
 1.03715593E-01
 6.27689365E-02
 1.47599208E-01
 1.15634178E-01
 1.32390775E-01
 1.62386449E-01
 1.50945974E-02
 1.53678027E-03
 1.73940760E-02
 5.94221706E-02
 7.65316577E-02
 1.35987979E-01
 6.25640325E-02
 1.71299775E-01
 2.09343624E-01
 2.70222890E-01
 4.01680213E-01
 3.02745714E-01
 0.00000000E+00
 0.00000000E+00
 0.00000000E+00
 0.00000000E+00
 0.00000000E+00
 0.00000000E+00
 1.19185848E-01
 1.62249846E-01
 1.81294538E-01
 1.89570385E-01
 5.57475582E-02
 2.27739453E-01
 2.02923298E-01
 3.25763268E-01
 2.17585320E-01
 1.99986340E-01
 1.21098286E-01
 1.63308517E-01
 1.99030121E-01
 5.63030758E-02
 1.54600096E-01
 2.43767502E-01
 2.15661499E-01
 1.53290986E-01
 1.02793525E-01
 1.28611434E-01
 1.42818114E-01
 2.47045967E-01
 2.61935660E-01
 2.17585320E-01
 1.99986340E-01
 1.06550099E-02
 7.54729868E-02
 1.26129818E-02
 6.97356738E-02
 1.79632539E-02
 1.15497575E-01
 1.39881156E-01
 4.57619015E-03
 6.16761150E-02
 9.72838832E-02
 1.73041459E-01
 2.21979373E-02
 9.83539376E-02
 1.35987979E-01
 1.73553719E-01
 2.52954033E-01
 0.00000000E+00
 6.27621064E-01
 0.00000000E+00
 0.00000000E+00
 0.00000000E+00
 0.00000000E+00
 0.00000000E+00
 0.00000000E+00
 0.00000000E+00
 0.00000000E+00
 0.00000000E+00
 1.49511645E-01
 2.16822621E-01
 1.87396125E-01
 1.61532682E-02
 2.57837579E-01
 4.00143433E-01
 1.73189445E-01
 1.47599208E-01
 1.79598388E-01
 1.53290986E-01
 7.99808756E-02
 3.12820163E-01
 3.21972543E-01
 1.73189445E-01
 5.01673383E-02
 5.85342531E-02
 4.94160235E-02
 9.55308153E-02
 2.70063520E-01
 2.16720169E-01
 1.30387269E-01
 1.27245407E-01
 1.77879471E-01
 0.00000000E+00
 0.00000000E+00
 0.00000000E+00
 0.00000000E+00
 0.00000000E+00
 7.61560003E-02
 1.39437197E-01
 3.32172210E-02
 1.94180725E-01
 2.48172939E-01
 8.53083806E-02
 3.46287822E-02
 6.46813742E-02
 1.37627211E-01
 4.42729322E-01
 0.00000000E+00
 1.37217403E-01
 7.88197527E-02
 1.97686861E-01
 2.98476880E-02
 2.23345400E-02
 1.42818114E-01
 2.26555563E-01
 0.00000000E+00
 0.00000000E+00
 0.00000000E+00
 3.98948159E-01
 0.00000000E+00
 1.02793525E-01
 1.06891606E-01
 1.04341689E-01
 1.20073765E-01
 1.64264736E-01
 3.24909501E-01
 5.20095232E-01
 1.04432757E-01
 1.09384605E-01
 1.02520320E-01
 8.68793115E-02
 1.55044054E-02
 2.30494274E-01
 2.41103750E-01
 2.20886551E-01
 1.72119391E-01
 9.38631241E-02
 9.89823100E-02
 3.45217767E-01
 2.39874326E-01
 2.16071307E-01
 1.00858320E-01
 1.21251964E-01
 1.46369783E-01
 8.35325456E-02
 1.14290918E-01
 2.68424288E-02
 1.14268151E-01
 3.30191471E-01
 2.06611570E-01
 5.62120074E-02
 5.32067482E-02
 3.20333311E-02
 4.48739840E-02
 2.66511850E-02
 2.30494274E-01
 4.59599754E-01
 2.14705280E-01
 2.38405847E-01
 2.07271817E-01
 2.02735469E-01
 9.09773923E-03
 2.45315666E-01
 2.60706236E-01
 2.52834506E-01
 1.49625481E-01
 4.20907042E-02
 2.82876853E-01
 3.19684448E-01
 2.64411584E-01
 4.35762585E-02
 2.00208319E-01
 2.11870774E-01
 5.59900280E-02
 2.83336748E-01
 2.21979373E-02
 1.81681579E-01
 1.71094871E-01
 7.28092343E-02
 2.78669490E-02
 1.42749812E-02
 5.25920361E-03
 1.25087084E-01
 3.45217767E-01
 1.46642989E-01
 1.00129773E-01
 2.65464563E-02
 1.29260296E-02
 2.97056212E-01
 4.56252988E-02
 3.54825490E-02
 2.07704392E-01
 3.57967352E-01
 1.08667441E-01
 5.07820504E-02
 3.34289552E-01
 3.89317670E-02
 3.48610068E-01
 2.42196571E-01
 1.95341848E-01
 2.32805136E-01
 3.12615259E-01
 3.27641555E-01
 1.59620245E-01
 1.68294515E-01
 2.94697539E-01
 3.03121371E-01
 3.34608292E-01
 5.29403729E-01
 3.62338638E-01
 7.61355099E-01
 7.85397172E-01
 8.14038203E-01
 0.00000000E+00
 0.00000000E+00
 0.00000000E+00
 0.00000000E+00
 0.00000000E+00
 0.00000000E+00
 0.00000000E+00
 0.00000000E+00
 0.00000000E+00
 0.00000000E+00
 0.00000000E+00
 0.00000000E+00
 0.00000000E+00
 1.03749744E-01
 1.08974797E-01
 1.02520320E-01
 8.68793115E-02
 1.55044054E-02
 2.30494274E-01
 3.13161669E-01
 3.25319309E-01
 2.61093277E-01
 2.26709241E-01
 1.51628987E-02
 2.45315666E-01
 3.45331603E-01
 3.02216379E-01
 1.49625481E-01
 4.20907042E-02
 3.67324636E-01
 2.93917765E-01
 4.35762585E-02
 2.13919814E-01
 6.56205177E-02
 3.75657400E-03
 2.29560822E-01
 2.32463630E-01
 2.07271817E-01
 2.02735469E-01
 9.09773923E-03
 2.53807800E-01
 2.69858616E-01
 2.08751679E-01
 1.29226146E-01
 2.46362953E-01
 1.82996380E-01
 3.67233568E-02
 3.08585479E-01
 1.32350932E-01
 4.69230244E-02
 5.39580630E-02
 2.60228126E-02
 1.06094757E-02
 2.00976709E-02
 3.92732737E-02
 7.05211393E-03
 3.02119618E-02
 3.24772898E-02
 9.35386927E-02
 2.06566036E-01
 2.85841131E-02
 3.87712588E-01
 3.98879858E-01
 4.23559411E-01
 5.02014890E-01
 4.36838331E-01
 0.00000000E+00
 0.00000000E+00
 0.00000000E+00
 0.00000000E+00
 0.00000000E+00
 0.00000000E+00
 2.35639642E-01
 2.16788471E-01
 1.72119391E-01
 9.38631241E-02
 9.89823100E-02
 3.45217767E-01
 3.48405164E-01
 3.03445803E-01
 1.49625481E-01
 4.20907042E-02
 2.82876853E-01
 2.46226351E-01
 8.56498873E-02
 1.89490700E-01
 3.49771190E-01
 2.65555631E-01
 2.89256198E-02
 3.23361337E-01
 3.07356055E-02
 3.21801789E-01
 2.19657127E-01
 2.28399699E-01
 2.18256950E-01
 1.49625481E-01
 4.20907042E-02
 1.58356670E-01
 1.47035722E-01
 3.67233568E-02
 1.36602691E-01
 5.70316235E-03
 1.79245498E-01
 1.35339116E-01
 1.59620245E-01
 1.84208729E-01
 2.32748218E-01
 3.69237074E-01
 1.25196366E-01
 1.46199030E-01
 2.06566036E-01
 2.28194795E-01
 2.57222867E-01
 0.00000000E+00
 7.01113312E-01
 0.00000000E+00
 0.00000000E+00
 0.00000000E+00
 0.00000000E+00
 0.00000000E+00
 0.00000000E+00
 0.00000000E+00
 0.00000000E+00
 0.00000000E+00
 1.96161464E-01
 1.89433782E-01
 1.00858320E-01
 1.21251964E-01
 3.17806161E-01
 2.74042074E-01
 4.35762585E-02
 1.57366300E-01
 1.16453794E-02
 3.23361337E-01
 3.70876306E-02
 1.75910115E-01
 1.71436377E-01
 4.35762585E-02
 2.00208319E-01
 1.83047606E-02
 2.85670378E-02
 1.19823327E-01
 1.89843590E-01
 2.50597637E-01
 3.32286046E-01
 3.06809644E-01
 3.49315848E-01
 0.00000000E+00
 0.00000000E+00
 0.00000000E+00
 0.00000000E+00
 0.00000000E+00
 4.74694351E-02
 2.67741275E-02
 1.14290918E-01
 1.60986271E-01
 4.06222253E-02
 2.59545113E-03
 1.15497575E-01
 1.24889010E-01
 2.83336748E-01
 3.28153815E-01
 0.00000000E+00
 1.60166655E-01
 1.84755140E-01
 3.30191471E-01
 6.34519500E-02
 2.09958336E-01
 2.19657127E-01
 3.53049655E-01
 0.00000000E+00
 0.00000000E+00
 0.00000000E+00
 3.72720443E-01
 0.00000000E+00
