 7.23867417E-01
 6.07768140E-01
 5.42845434E-01
 5.47196230E-01
 5.36689206E-01
 4.69435148E-01
 1.95683355E-01
 6.10226988E-01
 4.77153200E-01
 4.10456936E-01
 4.42034925E-01
 4.47681169E-01
 2.51280650E-01
 5.42845434E-01
 4.10456936E-01
 3.51638094E-01
 3.97855338E-01
 3.58786968E-01
 0.00000000E+00
 5.47196230E-01
 4.42034925E-01
 3.97855338E-01
 3.19035585E-01
 5.36689206E-01
 4.47681169E-01
 3.58786968E-01
 4.69435148E-01
 2.51280650E-01
 0.00000000E+00
 1.95683355E-01
 6.31275186E-01
 4.97800697E-01
 4.25517383E-01
 4.50743346E-01
 4.52291510E-01
 2.51280650E-01
 0.00000000E+00
 5.03865856E-01
 3.66795301E-01
 2.99524167E-01
 3.70568950E-01
 3.60631104E-01
 0.00000000E+00
 4.25773513E-01
 2.99524167E-01
 2.29253466E-01
 2.45918995E-01
 0.00000000E+00
 4.50948250E-01
 3.70568950E-01
 2.45918995E-01
 0.00000000E+00
 4.52393962E-01
 3.60631104E-01
 0.00000000E+00
 2.51280650E-01
 0.00000000E+00
 0.00000000E+00
 6.05928557E-01
 4.62741616E-01
 3.88179314E-01
 4.23365890E-01
 3.77023427E-01
 0.00000000E+00
 4.75513968E-01
 3.26935774E-01
 2.37500854E-01
 2.56369100E-01
 0.00000000E+00
 3.86813287E-01
 2.34085786E-01
 2.80035517E-03
 0.00000000E+00
 4.22136466E-01
 2.52271020E-01
 0.00000000E+00
 3.76203811E-01
 0.00000000E+00
 0.00000000E+00
 6.97083533E-01
 5.72991371E-01
 5.00819616E-01
 4.22921932E-01
 6.05776017E-01
 4.59019193E-01
 2.69790315E-01
 5.02527150E-01
 2.70473328E-01
 0.00000000E+00
 4.24970972E-01
 8.54563668E-01
 7.88095075E-01
 7.25223687E-01
 0.00000000E+00
 0.00000000E+00
 0.00000000E+00
 0.00000000E+00
 0.00000000E+00
 0.00000000E+00
 0.00000000E+00
 0.00000000E+00
 0.00000000E+00
 0.00000000E+00
 0.00000000E+00
 0.00000000E+00
 0.00000000E+00
 6.12002823E-01
 4.78136739E-01
 4.10456936E-01
 4.42034925E-01
 4.47681169E-01
 2.51280650E-01
 4.78136739E-01
 3.51103067E-01
 2.95972497E-01
 3.67188034E-01
 3.57762448E-01
 0.00000000E+00
 4.10456936E-01
 2.95972497E-01
 2.29253466E-01
 2.45918995E-01
 4.42034925E-01
 3.67188034E-01
 2.45918995E-01
 4.47681169E-01
 3.57762448E-01
 2.51280650E-01
 5.09869544E-01
 3.67973499E-01
 2.99524167E-01
 3.70568950E-01
 3.60631104E-01
 3.68383307E-01
 2.39123011E-01
 1.75927191E-01
 2.05279694E-01
 3.00207181E-01
 1.75927191E-01
 1.49579947E-02
 3.71183662E-01
 2.05279694E-01
 3.61040913E-01
 4.94774947E-01
 3.33492703E-01
 2.40062154E-01
 2.59442661E-01
 3.42599549E-01
 1.80196025E-01
 1.49579947E-02
 2.49624343E-01
 2.17881292E-02
 0.00000000E+00
 2.70917287E-01
 6.63798010E-01
 5.18134007E-01
 3.32286046E-01
 5.76258452E-01
 3.39969947E-01
 0.00000000E+00
 0.00000000E+00
 0.00000000E+00
 0.00000000E+00
 0.00000000E+00
 0.00000000E+00
 5.46697630E-01
 4.12044942E-01
 3.51638094E-01
 3.97855338E-01
 3.58786968E-01
 0.00000000E+00
 4.11737586E-01
 2.95972497E-01
 2.29253466E-01
 2.45918995E-01
 0.00000000E+00
 3.51638094E-01
 2.29253466E-01
 2.80035517E-03
 0.00000000E+00
 3.97855338E-01
 2.45918995E-01
 0.00000000E+00
 3.58786968E-01
 0.00000000E+00
 0.00000000E+00
 4.39297179E-01
 3.01709810E-01
 2.29253466E-01
 2.45918995E-01
 3.03075837E-01
 1.75927191E-01
 1.49579947E-02
 2.33351547E-01
 1.49579947E-02
 0.00000000E+00
 2.50836691E-01
 4.32643490E-01
 2.49197459E-01
 1.30455570E-02
 0.00000000E+00
 2.67126562E-01
 2.26077454E-02
 0.00000000E+00
 4.03660952E-02
 0.00000000E+00
 0.00000000E+00
 6.56102725E-01
 0.00000000E+00
 0.00000000E+00
 0.00000000E+00
 0.00000000E+00
 0.00000000E+00
 0.00000000E+00
 0.00000000E+00
 0.00000000E+00
 0.00000000E+00
 5.55631446E-01
 4.44152266E-01
 3.97855338E-01
 3.19035585E-01
 4.47931608E-01
 3.68827266E-01
 2.45918995E-01
 4.09808073E-01
 2.50017075E-01
 0.00000000E+00
 3.33378868E-01
 4.88126949E-01
 3.75640325E-01
 2.45918995E-01
 0.00000000E+00
 3.98862783E-01
 2.11836623E-01
 0.00000000E+00
 3.23441022E-01
 0.00000000E+00
 5.31384468E-01
 2.81264941E-01
 0.00000000E+00
 0.00000000E+00
 0.00000000E+00
 0.00000000E+00
 0.00000000E+00
 0.00000000E+00
 5.63691005E-01
 4.60077864E-01
 3.58786968E-01
 4.58848439E-01
 3.67597842E-01
 3.58786968E-01
 5.62495731E-01
 4.11242401E-01
 0.00000000E+00
 4.18618947E-01
 0.00000000E+00
 5.08366915E-01
 2.65623933E-01
 0.00000000E+00
 2.65623933E-01
 0.00000000E+00
 0.00000000E+00
 4.65405368E-01
 0.00000000E+00
 0.00000000E+00
 0.00000000E+00
 2.57974182E-01
 0.00000000E+00
 5.59514865E-01
 4.02021720E-01
 3.16822621E-01
 3.00799126E-01
 2.76825353E-01
 1.71094871E-01
 2.37073970E-01
 4.06939417E-01
 2.50788881E-01
 1.76507752E-01
 1.87578262E-01
 1.85540605E-01
 1.08121030E-01
 3.16822621E-01
 1.76507752E-01
 1.26744530E-01
 1.61805888E-01
 1.02793525E-01
 0.00000000E+00
 3.00799126E-01
 1.87578262E-01
 1.61805888E-01
 5.93538693E-02
 2.76825353E-01
 1.85540605E-01
 1.02793525E-01
 1.71094871E-01
 1.08121030E-01
 0.00000000E+00
 2.37073970E-01
 4.26610204E-01
 2.68315006E-01
 1.89980193E-01
 1.91676343E-01
 1.88101906E-01
 1.08121030E-01
 0.00000000E+00
 2.80445325E-01
 1.59756847E-01
 1.10625413E-01
 1.71504679E-01
 1.75739362E-01
 0.00000000E+00
 1.90492453E-01
 1.10625413E-01
 8.51717779E-02
 1.12355713E-01
 0.00000000E+00
 1.92086151E-01
 1.71504679E-01
 1.12355713E-01
 0.00000000E+00
 1.88306810E-01
 1.75739362E-01
 0.00000000E+00
 1.08121030E-01
 0.00000000E+00
 0.00000000E+00
 3.87254969E-01
 2.22679462E-01
 1.58846163E-01
 1.75944266E-01
 1.14677959E-01
 0.00000000E+00
 2.48224165E-01
 1.26516859E-01
 7.86148487E-02
 1.05593880E-01
 0.00000000E+00
 1.56114109E-01
 7.17847142E-02
 8.94064613E-02
 0.00000000E+00
 1.73485418E-01
 9.73977187E-02
 0.00000000E+00
 1.13038727E-01
 0.00000000E+00
 0.00000000E+00
 5.07683901E-01
 3.45673110E-01
 2.85772830E-01
 1.68772625E-01
 4.11242401E-01
 2.59271908E-01
 9.86271430E-02
 2.89187897E-01
 9.99931699E-02
 0.00000000E+00
 1.72870706E-01
 7.57757894E-01
 6.71709583E-01
 6.30762926E-01
 0.00000000E+00
 0.00000000E+00
 0.00000000E+00
 0.00000000E+00
 0.00000000E+00
 0.00000000E+00
 0.00000000E+00
 0.00000000E+00
 0.00000000E+00
 0.00000000E+00
 0.00000000E+00
 0.00000000E+00
 0.00000000E+00
 4.06051499E-01
 2.50297111E-01
 1.76507752E-01
 1.87578262E-01
 1.85540605E-01
 1.08121030E-01
 2.50297111E-01
 1.48350523E-01
 1.13767275E-01
 1.73963527E-01
 1.76149170E-01
 0.00000000E+00
 1.76507752E-01
 1.13767275E-01
 8.51717779E-02
 1.12355713E-01
 1.87578262E-01
 1.73963527E-01
 1.12355713E-01
 1.85540605E-01
 1.76149170E-01
 1.08121030E-01
 2.81797691E-01
 1.55966123E-01
 1.10625413E-01
 1.71504679E-01
 1.75739362E-01
 1.56785739E-01
 9.65098012E-02
 8.02882317E-02
 1.08872345E-01
 1.11991440E-01
 8.02882317E-02
 3.21016324E-03
 1.72734103E-01
 1.08872345E-01
 1.76558978E-01
 2.70097671E-01
 1.29385516E-01
 8.37374496E-02
 1.11741001E-01
 1.47599208E-01
 6.11638549E-02
 3.21016324E-03
 1.02861826E-01
 1.68704323E-02
 0.00000000E+00
 1.34690253E-01
 5.13967625E-01
 3.68280855E-01
 2.23618605E-01
 4.84529745E-01
 3.04487398E-01
 0.00000000E+00
 0.00000000E+00
 0.00000000E+00
 0.00000000E+00
 0.00000000E+00
 0.00000000E+00
 3.14691619E-01
 1.75073424E-01
 1.26744530E-01
 1.61805888E-01
 1.02793525E-01
 0.00000000E+00
 1.74458712E-01
 1.13767275E-01
 8.51717779E-02
 1.12355713E-01
 0.00000000E+00
 1.26744530E-01
 8.51717779E-02
 8.94064613E-02
 0.00000000E+00
 1.61805888E-01
 1.12355713E-01
 0.00000000E+00
 1.02793525E-01
 0.00000000E+00
 0.00000000E+00
 1.92951301E-01
 1.02702457E-01
 8.51717779E-02
 1.12355713E-01
 1.05434510E-01
 8.02882317E-02
 3.21016324E-03
 9.33679393E-02
 3.21016324E-03
 0.00000000E+00
 1.22191107E-01
 2.06793707E-01
 7.89563554E-02
 6.89160576E-02
 0.00000000E+00
 1.14814562E-01
 1.85096646E-02
 0.00000000E+00
 1.42749812E-02
 0.00000000E+00
 0.00000000E+00
 5.59456321E-01
 0.00000000E+00
 0.00000000E+00
 0.00000000E+00
 0.00000000E+00
 0.00000000E+00
 0.00000000E+00
 0.00000000E+00
 0.00000000E+00
 0.00000000E+00
 3.01277235E-01
 1.83616784E-01
 1.61805888E-01
 5.93538693E-02
 1.91175466E-01
 1.77241992E-01
 1.12355713E-01
 1.85711359E-01
 1.20551875E-01
 0.00000000E+00
 8.80404344E-02
 2.22730688E-01
 1.57058944E-01
 1.12355713E-01
 0.00000000E+00
 2.03503859E-01
 1.21986203E-01
 0.00000000E+00
 2.67399768E-01
 0.00000000E+00
 3.10019807E-01
 9.39143501E-02
 0.00000000E+00
 0.00000000E+00
 0.00000000E+00
 0.00000000E+00
 0.00000000E+00
 0.00000000E+00
 3.03508412E-01
 1.94966191E-01
 1.02793525E-01
 1.92507342E-01
 1.95819958E-01
 1.02793525E-01
 3.26548733E-01
 2.15490745E-01
 0.00000000E+00
 2.30243836E-01
 0.00000000E+00
 2.07977597E-01
 1.10170070E-01
 0.00000000E+00
 1.10170070E-01
 0.00000000E+00
 0.00000000E+00
 1.56205177E-01
 0.00000000E+00
 0.00000000E+00
 0.00000000E+00
 1.78061608E-01
 0.00000000E+00
 4.63073365E-01
 2.96052182E-01
 2.10518407E-01
 1.78676320E-01
 1.56478383E-01
 4.58985042E-02
 3.92801038E-01
 3.03428728E-01
 1.57407281E-01
 9.11566833E-02
 7.85465474E-02
 9.02090021E-02
 2.07294584E-01
 2.10518407E-01
 9.11566833E-02
 5.91717323E-02
 7.37313025E-02
 4.32347517E-02
 0.00000000E+00
 1.78676320E-01
 7.85465474E-02
 7.37313025E-02
 1.50945974E-02
 1.56478383E-01
 9.02090021E-02
 4.32347517E-02
 4.58985042E-02
 2.07294584E-01
 0.00000000E+00
 3.92801038E-01
 3.08756232E-01
 1.60316918E-01
 9.42046308E-02
 7.09650980E-02
 8.71866676E-02
 2.07294584E-01
 0.00000000E+00
 1.78512397E-01
 9.99931699E-02
 7.13066047E-02
 1.03681443E-01
 1.73212212E-01
 0.00000000E+00
 9.49730210E-02
 7.13066047E-02
 7.32531931E-02
 7.08967967E-02
 0.00000000E+00
 7.15798101E-02
 1.03681443E-01
 7.08967967E-02
 0.00000000E+00
 8.74940236E-02
 1.73212212E-01
 0.00000000E+00
 2.07294584E-01
 0.00000000E+00
 0.00000000E+00
 2.54395192E-01
 1.00274913E-01
 6.53188534E-02
 5.71340755E-02
 3.58582064E-02
 0.00000000E+00
 1.37908954E-01
 5.70999249E-02
 4.57448262E-02
 3.95464791E-02
 0.00000000E+00
 5.93994035E-02
 3.34505840E-02
 8.94064613E-02
 0.00000000E+00
 5.18065706E-02
 2.47933884E-02
 0.00000000E+00
 3.23065364E-02
 0.00000000E+00
 0.00000000E+00
 3.72481388E-01
 1.93702616E-01
 1.64401339E-01
 3.46970835E-02
 2.91601211E-01
 1.38822485E-01
 2.45884844E-03
 1.68157913E-01
 2.45884844E-03
 0.00000000E+00
 3.92049723E-02
 6.84129044E-01
 5.90994468E-01
 5.94426610E-01
 0.00000000E+00
 0.00000000E+00
 0.00000000E+00
 0.00000000E+00
 0.00000000E+00
 0.00000000E+00
 0.00000000E+00
 0.00000000E+00
 0.00000000E+00
 0.00000000E+00
 0.00000000E+00
 0.00000000E+00
 0.00000000E+00
 2.98408579E-01
 1.55358241E-01
 9.11566833E-02
 7.85465474E-02
 9.02090021E-02
 2.07294584E-01
 1.55358241E-01
 9.97370398E-02
 8.35325456E-02
 1.14131548E-01
 1.78334813E-01
 0.00000000E+00
 9.11566833E-02
 8.35325456E-02
 7.32531931E-02
 7.08967967E-02
 7.85465474E-02
 1.14131548E-01
 7.08967967E-02
 9.02090021E-02
 1.78334813E-01
 2.07294584E-01
 1.70357216E-01
 9.02602281E-02
 7.13066047E-02
 1.03681443E-01
 1.73212212E-01
 9.14896523E-02
 1.01427498E-01
 1.03135032E-01
 8.16201079E-02
 7.33556451E-02
 1.03135032E-01
 4.06393006E-02
 1.05525579E-01
 8.16201079E-02
 1.74441637E-01
 1.51782665E-01
 5.14309132E-02
 5.13796872E-02
 4.63083123E-02
 7.69300822E-02
 4.28932450E-02
 4.06393006E-02
 7.46021447E-02
 5.29335428E-02
 0.00000000E+00
 7.41752613E-02
 4.20121576E-01
 2.77132710E-01
 1.64537941E-01
 4.50140018E-01
 2.71566150E-01
 0.00000000E+00
 0.00000000E+00
 0.00000000E+00
 0.00000000E+00
 0.00000000E+00
 0.00000000E+00
 1.99207704E-01
 8.63926644E-02
 5.91717323E-02
 7.37313025E-02
 4.32347517E-02
 0.00000000E+00
 8.50607882E-02
 8.35325456E-02
 7.32531931E-02
 7.08967967E-02
 0.00000000E+00
 5.84887189E-02
 7.32531931E-02
 8.94064613E-02
 0.00000000E+00
 7.31165904E-02
 7.08967967E-02
 0.00000000E+00
 4.28249437E-02
 0.00000000E+00
 0.00000000E+00
 7.53022335E-02
 5.09186531E-02
 7.32531931E-02
 7.08967967E-02
 5.39239123E-02
 1.03135032E-01
 4.06393006E-02
 8.34983949E-02
 4.06393006E-02
 0.00000000E+00
 8.31910389E-02
 8.90877217E-02
 2.03879516E-02
 6.37934567E-02
 0.00000000E+00
 6.87111536E-02
 4.92452701E-02
 0.00000000E+00
 6.14712110E-04
 0.00000000E+00
 0.00000000E+00
 5.03312615E-01
 0.00000000E+00
 0.00000000E+00
 0.00000000E+00
 0.00000000E+00
 0.00000000E+00
 0.00000000E+00
 0.00000000E+00
 0.00000000E+00
 0.00000000E+00
 1.63615873E-01
 6.72085240E-02
 7.37313025E-02
 1.50945974E-02
 7.58144935E-02
 1.19049245E-01
 7.08967967E-02
 1.04466908E-01
 8.31910389E-02
 0.00000000E+00
 2.17881292E-02
 7.00088792E-02
 6.27518612E-02
 7.08967967E-02
 0.00000000E+00
 1.24223072E-01
 1.01290895E-01
 0.00000000E+00
 2.82972475E-01
 0.00000000E+00
 1.57434601E-01
 4.05709992E-02
 0.00000000E+00
 0.00000000E+00
 0.00000000E+00
 0.00000000E+00
 0.00000000E+00
 0.00000000E+00
 1.69865446E-01
 9.33850147E-02
 4.32347517E-02
 8.80575097E-02
 2.07840994E-01
 3.91366710E-02
 2.04699133E-01
 1.81305922E-01
 0.00000000E+00
 1.96878629E-01
 0.00000000E+00
 6.12663069E-02
 2.32907588E-01
 0.00000000E+00
 2.32907588E-01
 0.00000000E+00
 0.00000000E+00
 8.87917492E-03
 0.00000000E+00
 0.00000000E+00
 0.00000000E+00
 3.68212554E-01
 0.00000000E+00
 4.18618947E-01
 2.51109897E-01
 1.77160030E-01
 1.55214808E-01
 1.31753296E-01
 2.21296360E-02
 3.86244109E-01
 2.60945291E-01
 1.19718598E-01
 6.84806366E-02
 6.50342645E-02
 7.57632675E-02
 2.26555563E-01
 1.77160030E-01
 6.84806366E-02
 6.19493204E-02
 9.51779250E-02
 9.59633905E-02
 0.00000000E+00
 1.55214808E-01
 6.50342645E-02
 9.51779250E-02
 9.73294174E-02
 1.31753296E-01
 7.57632675E-02
 9.59633905E-02
 2.21296360E-02
 2.26555563E-01
 0.00000000E+00
 3.86244109E-01
 2.53397992E-01
 1.16310361E-01
 6.45618469E-02
 4.85394896E-02
 6.85404002E-02
 2.26555563E-01
 0.00000000E+00
 1.40570999E-01
 8.27983061E-02
 6.47724427E-02
 1.09316304E-01
 2.02650092E-01
 0.00000000E+00
 6.55863671E-02
 6.47724427E-02
 7.36288505E-02
 8.13810532E-02
 0.00000000E+00
 4.93591057E-02
 1.09316304E-01
 8.13810532E-02
 0.00000000E+00
 6.89502083E-02
 2.02650092E-01
 0.00000000E+00
 2.26555563E-01
 0.00000000E+00
 0.00000000E+00
 1.93087904E-01
 5.28396284E-02
 5.13626118E-02
 5.61437060E-02
 7.48582747E-02
 0.00000000E+00
 1.00513968E-01
 3.48109191E-02
 4.82207499E-02
 5.31042962E-02
 0.00000000E+00
 3.67916581E-02
 2.43152790E-02
 8.94064613E-02
 0.00000000E+00
 4.30298477E-02
 2.44177310E-02
 0.00000000E+00
 6.61157025E-02
 0.00000000E+00
 0.00000000E+00
 2.92910320E-01
 1.13892494E-01
 1.37183253E-01
 6.90526603E-02
 2.42754366E-01
 9.64414999E-02
 7.03503859E-03
 1.37183253E-01
 1.45481866E-02
 0.00000000E+00
 6.90526603E-02
 6.35771691E-01
 5.48135373E-01
 6.24274298E-01
 0.00000000E+00
 0.00000000E+00
 0.00000000E+00
 0.00000000E+00
 0.00000000E+00
 0.00000000E+00
 0.00000000E+00
 0.00000000E+00
 0.00000000E+00
 0.00000000E+00
 0.00000000E+00
 0.00000000E+00
 0.00000000E+00
 2.55378731E-01
 1.20292330E-01
 6.84806366E-02
 6.50342645E-02
 7.57632675E-02
 2.26555563E-01
 1.20292330E-01
 7.83245680E-02
 7.48127405E-02
 1.17614917E-01
 2.05723653E-01
 0.00000000E+00
 6.84806366E-02
 7.48127405E-02
 7.36288505E-02
 8.13810532E-02
 6.50342645E-02
 1.17614917E-01
 8.13810532E-02
 7.57632675E-02
 2.05723653E-01
 2.26555563E-01
 1.27518612E-01
 7.52680828E-02
 6.47724427E-02
 1.09316304E-01
 2.02650092E-01
 7.69073151E-02
 1.28474831E-01
 1.43962161E-01
 1.73314664E-01
 6.75044965E-02
 1.43962161E-01
 9.65098012E-02
 1.11775152E-01
 1.73314664E-01
 2.04289324E-01
 1.04518134E-01
 2.44974159E-02
 4.82207499E-02
 5.31042962E-02
 5.18179541E-02
 3.92220477E-02
 9.65098012E-02
 5.91489652E-02
 8.28495321E-02
 0.00000000E+00
 6.62181545E-02
 3.64319377E-01
 2.18871662E-01
 1.40495868E-01
 4.44539307E-01
 2.90588075E-01
 0.00000000E+00
 0.00000000E+00
 0.00000000E+00
 0.00000000E+00
 0.00000000E+00
 0.00000000E+00
 1.64783826E-01
 6.77634724E-02
 6.19493204E-02
 9.51779250E-02
 9.59633905E-02
 0.00000000E+00
 6.44850079E-02
 7.48127405E-02
 7.36288505E-02
 8.13810532E-02
 0.00000000E+00
 5.85342531E-02
 7.36288505E-02
 8.94064613E-02
 0.00000000E+00
 9.21043645E-02
 8.13810532E-02
 0.00000000E+00
 9.39143501E-02
 0.00000000E+00
 0.00000000E+00
 3.48507616E-02
 4.69799422E-02
 7.36288505E-02
 8.13810532E-02
 4.69799422E-02
 1.43962161E-01
 9.65098012E-02
 7.97759716E-02
 9.65098012E-02
 0.00000000E+00
 8.87575985E-02
 4.17321221E-02
 4.37128611E-03
 7.40386586E-02
 0.00000000E+00
 4.00245885E-02
 5.53923912E-02
 0.00000000E+00
 5.86708558E-02
 0.00000000E+00
 0.00000000E+00
 4.48193429E-01
 0.00000000E+00
 0.00000000E+00
 0.00000000E+00
 0.00000000E+00
 0.00000000E+00
 0.00000000E+00
 0.00000000E+00
 0.00000000E+00
 0.00000000E+00
 1.31377638E-01
 5.71796098E-02
 9.51779250E-02
 9.73294174E-02
 5.86367051E-02
 1.24171846E-01
 8.13810532E-02
 1.17375862E-01
 9.77733761E-02
 0.00000000E+00
 1.23966942E-01
 1.72119391E-02
 6.52619357E-02
 8.13810532E-02
 0.00000000E+00
 1.17170958E-01
 1.99542381E-01
 0.00000000E+00
 2.89017144E-01
 0.00000000E+00
 9.07041869E-02
 8.03906837E-02
 0.00000000E+00
 0.00000000E+00
 0.00000000E+00
 0.00000000E+00
 0.00000000E+00
 0.00000000E+00
 1.42089566E-01
 9.05163582E-02
 9.59633905E-02
 7.74024998E-02
 2.45065228E-01
 7.54729868E-02
 1.65118503E-01
 2.27341029E-01
 0.00000000E+00
 2.24062564E-01
 0.00000000E+00
 3.13503176E-02
 2.41923366E-01
 0.00000000E+00
 2.41923366E-01
 0.00000000E+00
 0.00000000E+00
 5.85342531E-02
 0.00000000E+00
 0.00000000E+00
 0.00000000E+00
 3.71491018E-01
 0.00000000E+00
 3.74164528E-01
 2.06167612E-01
 1.43801653E-01
 1.31753296E-01
 1.07028208E-01
 1.63923229E-03
 3.79687180E-01
 2.18461854E-01
 8.20299160E-02
 4.58045899E-02
 5.15219816E-02
 6.13175330E-02
 2.45816543E-01
 1.43801653E-01
 4.58045899E-02
 6.47269085E-02
 1.16624548E-01
 1.48692029E-01
 0.00000000E+00
 1.31753296E-01
 5.15219816E-02
 1.16624548E-01
 2.09753432E-01
 1.07028208E-01
 6.13175330E-02
 1.48692029E-01
 1.63923229E-03
 2.45816543E-01
 0.00000000E+00
 3.79687180E-01
 1.98039751E-01
 7.23038044E-02
 3.49190629E-02
 2.61138811E-02
 4.98941329E-02
 2.45816543E-01
 0.00000000E+00
 1.02629602E-01
 6.56034424E-02
 5.82382806E-02
 1.14951165E-01
 2.32087972E-01
 0.00000000E+00
 3.61997131E-02
 5.82382806E-02
 7.40045079E-02
 9.18653097E-02
 0.00000000E+00
 2.71384013E-02
 1.14951165E-01
 9.18653097E-02
 0.00000000E+00
 5.04063930E-02
 2.32087972E-01
 0.00000000E+00
 2.45816543E-01
 0.00000000E+00
 0.00000000E+00
 1.31780616E-01
 5.40434397E-03
 3.74063702E-02
 5.51533365E-02
 1.13858343E-01
 0.00000000E+00
 6.31189809E-02
 1.25219133E-02
 5.06966737E-02
 6.66621132E-02
 0.00000000E+00
 1.41839128E-02
 1.51799740E-02
 8.94064613E-02
 0.00000000E+00
 3.42531248E-02
 2.40420736E-02
 0.00000000E+00
 9.99248685E-02
 0.00000000E+00
 0.00000000E+00
 2.13339253E-01
 3.40823714E-02
 1.09965166E-01
 1.03408237E-01
 1.93907520E-01
 5.40605150E-02
 1.16112287E-02
 1.06208592E-01
 2.66375248E-02
 0.00000000E+00
 9.89003483E-02
 5.87414339E-01
 5.05276279E-01
 6.54121986E-01
 0.00000000E+00
 0.00000000E+00
 0.00000000E+00
 0.00000000E+00
 0.00000000E+00
 0.00000000E+00
 0.00000000E+00
 0.00000000E+00
 0.00000000E+00
 0.00000000E+00
 0.00000000E+00
 0.00000000E+00
 0.00000000E+00
 2.12348883E-01
 8.52264190E-02
 4.58045899E-02
 5.15219816E-02
 6.13175330E-02
 2.45816543E-01
 8.52264190E-02
 5.69120962E-02
 6.60929354E-02
 1.21098286E-01
 2.33112492E-01
 0.00000000E+00
 4.58045899E-02
 6.60929354E-02
 7.40045079E-02
 9.18653097E-02
 5.15219816E-02
 1.21098286E-01
 9.18653097E-02
 6.13175330E-02
 2.33112492E-01
 2.45816543E-01
 8.46800082E-02
 6.02759374E-02
 5.82382806E-02
 1.14951165E-01
 2.32087972E-01
 6.23249778E-02
 1.55522164E-01
 1.84789290E-01
 2.65009221E-01
 6.16533479E-02
 1.84789290E-01
 1.52380302E-01
 1.18024725E-01
 2.65009221E-01
 2.34137012E-01
 5.72536029E-02
 2.43608132E-03
 4.50618127E-02
 5.99002800E-02
 2.67058261E-02
 3.55508504E-02
 1.52380302E-01
 4.36957858E-02
 1.12765521E-01
 0.00000000E+00
 5.82610477E-02
 3.08517178E-01
 1.60610614E-01
 1.16453794E-01
 4.38938597E-01
 3.09609999E-01
 0.00000000E+00
 0.00000000E+00
 0.00000000E+00
 0.00000000E+00
 0.00000000E+00
 0.00000000E+00
 1.30359948E-01
 4.91342804E-02
 6.47269085E-02
 1.16624548E-01
 1.48692029E-01
 0.00000000E+00
 4.39092275E-02
 6.60929354E-02
 7.40045079E-02
 9.18653097E-02
 0.00000000E+00
 5.85797874E-02
 7.40045079E-02
 8.94064613E-02
 0.00000000E+00
 1.11092139E-01
 9.18653097E-02
 0.00000000E+00
 1.45003757E-01
 0.00000000E+00
 0.00000000E+00
 5.60071033E-03
 4.30412312E-02
 7.40045079E-02
 9.18653097E-02
 4.00359720E-02
 1.84789290E-01
 1.52380302E-01
 7.60535483E-02
 1.52380302E-01
 0.00000000E+00
 9.43241582E-02
 5.62347745E-03
 2.91305239E-02
 8.42838604E-02
 0.00000000E+00
 1.13380234E-02
 6.15395123E-02
 0.00000000E+00
 1.16727000E-01
 0.00000000E+00
 0.00000000E+00
 3.93074244E-01
 0.00000000E+00
 0.00000000E+00
 0.00000000E+00
 0.00000000E+00
 0.00000000E+00
 0.00000000E+00
 0.00000000E+00
 0.00000000E+00
 0.00000000E+00
 9.91394030E-02
 4.71506955E-02
 1.16624548E-01
 2.09753432E-01
 4.14589167E-02
 1.29294447E-01
 9.18653097E-02
 1.30284817E-01
 1.12355713E-01
 0.00000000E+00
 2.26145755E-01
 3.55850010E-02
 6.77720101E-02
 9.18653097E-02
 0.00000000E+00
 1.10118844E-01
 2.97793867E-01
 0.00000000E+00
 2.95061813E-01
 0.00000000E+00
 2.39737723E-02
 1.20210368E-01
 0.00000000E+00
 0.00000000E+00
 0.00000000E+00
 0.00000000E+00
 0.00000000E+00
 0.00000000E+00
 1.14313685E-01
 8.76477017E-02
 1.48692029E-01
 6.67474899E-02
 2.82289461E-01
 1.11809303E-01
 1.25537873E-01
 2.73376136E-01
 0.00000000E+00
 2.51246500E-01
 0.00000000E+00
 1.43432826E-03
 2.50939144E-01
 0.00000000E+00
 2.50939144E-01
 0.00000000E+00
 0.00000000E+00
 1.25947681E-01
 0.00000000E+00
 0.00000000E+00
 0.00000000E+00
 3.74769483E-01
 0.00000000E+00
 3.74164528E-01
 2.06167612E-01
 1.43801653E-01
 1.31753296E-01
 1.07028208E-01
 1.63923229E-03
 3.79687180E-01
 2.18461854E-01
 8.20299160E-02
 4.58045899E-02
 5.15219816E-02
 6.13175330E-02
 2.45816543E-01
 1.43801653E-01
 4.58045899E-02
 6.47269085E-02
 1.16624548E-01
 1.48692029E-01
 0.00000000E+00
 1.31753296E-01
 5.15219816E-02
 1.16624548E-01
 2.09753432E-01
 1.07028208E-01
 6.13175330E-02
 1.48692029E-01
 1.63923229E-03
 2.45816543E-01
 0.00000000E+00
 3.79687180E-01
 1.98039751E-01
 7.23038044E-02
 3.49190629E-02
 2.61138811E-02
 4.98941329E-02
 2.45816543E-01
 0.00000000E+00
 1.02629602E-01
 6.56034424E-02
 5.82382806E-02
 1.14951165E-01
 2.32087972E-01
 0.00000000E+00
 3.61997131E-02
 5.82382806E-02
 7.40045079E-02
 9.18653097E-02
 0.00000000E+00
 2.71384013E-02
 1.14951165E-01
 9.18653097E-02
 0.00000000E+00
 5.04063930E-02
 2.32087972E-01
 0.00000000E+00
 2.45816543E-01
 0.00000000E+00
 0.00000000E+00
 1.31780616E-01
 5.40434397E-03
 3.74063702E-02
 5.51533365E-02
 1.13858343E-01
 0.00000000E+00
 6.31189809E-02
 1.25219133E-02
 5.06966737E-02
 6.66621132E-02
 0.00000000E+00
 1.41839128E-02
 1.51799740E-02
 8.94064613E-02
 0.00000000E+00
 3.42531248E-02
 2.40420736E-02
 0.00000000E+00
 9.99248685E-02
 0.00000000E+00
 0.00000000E+00
 2.13339253E-01
 3.40823714E-02
 1.09965166E-01
 1.03408237E-01
 1.93907520E-01
 5.40605150E-02
 1.16112287E-02
 1.06208592E-01
 2.66375248E-02
 0.00000000E+00
 9.89003483E-02
 5.87414339E-01
 5.05276279E-01
 6.54121986E-01
 0.00000000E+00
 0.00000000E+00
 0.00000000E+00
 0.00000000E+00
 0.00000000E+00
 0.00000000E+00
 0.00000000E+00
 0.00000000E+00
 0.00000000E+00
 0.00000000E+00
 0.00000000E+00
 0.00000000E+00
 0.00000000E+00
 2.12348883E-01
 8.52264190E-02
 4.58045899E-02
 5.15219816E-02
 6.13175330E-02
 2.45816543E-01
 8.52264190E-02
 5.69120962E-02
 6.60929354E-02
 1.21098286E-01
 2.33112492E-01
 0.00000000E+00
 4.58045899E-02
 6.60929354E-02
 7.40045079E-02
 9.18653097E-02
 5.15219816E-02
 1.21098286E-01
 9.18653097E-02
 6.13175330E-02
 2.33112492E-01
 2.45816543E-01
 8.46800082E-02
 6.02759374E-02
 5.82382806E-02
 1.14951165E-01
 2.32087972E-01
 6.23249778E-02
 1.55522164E-01
 1.84789290E-01
 2.65009221E-01
 6.16533479E-02
 1.84789290E-01
 1.52380302E-01
 1.18024725E-01
 2.65009221E-01
 2.34137012E-01
 5.72536029E-02
 2.43608132E-03
 4.50618127E-02
 5.99002800E-02
 2.67058261E-02
 3.55508504E-02
 1.52380302E-01
 4.36957858E-02
 1.12765521E-01
 0.00000000E+00
 5.82610477E-02
 3.08517178E-01
 1.60610614E-01
 1.16453794E-01
 4.38938597E-01
 3.09609999E-01
 0.00000000E+00
 0.00000000E+00
 0.00000000E+00
 0.00000000E+00
 0.00000000E+00
 0.00000000E+00
 1.30359948E-01
 4.91342804E-02
 6.47269085E-02
 1.16624548E-01
 1.48692029E-01
 0.00000000E+00
 4.39092275E-02
 6.60929354E-02
 7.40045079E-02
 9.18653097E-02
 0.00000000E+00
 5.85797874E-02
 7.40045079E-02
 8.94064613E-02
 0.00000000E+00
 1.11092139E-01
 9.18653097E-02
 0.00000000E+00
 1.45003757E-01
 0.00000000E+00
 0.00000000E+00
 5.60071033E-03
 4.30412312E-02
 7.40045079E-02
 9.18653097E-02
 4.00359720E-02
 1.84789290E-01
 1.52380302E-01
 7.60535483E-02
 1.52380302E-01
 0.00000000E+00
 9.43241582E-02
 5.62347745E-03
 2.91305239E-02
 8.42838604E-02
 0.00000000E+00
 1.13380234E-02
 6.15395123E-02
 0.00000000E+00
 1.16727000E-01
 0.00000000E+00
 0.00000000E+00
 3.93074244E-01
 0.00000000E+00
 0.00000000E+00
 0.00000000E+00
 0.00000000E+00
 0.00000000E+00
 0.00000000E+00
 0.00000000E+00
 0.00000000E+00
 0.00000000E+00
 9.91394030E-02
 4.71506955E-02
 1.16624548E-01
 2.09753432E-01
 4.14589167E-02
 1.29294447E-01
 9.18653097E-02
 1.30284817E-01
 1.12355713E-01
 0.00000000E+00
 2.26145755E-01
 3.55850010E-02
 6.77720101E-02
 9.18653097E-02
 0.00000000E+00
 1.10118844E-01
 2.97793867E-01
 0.00000000E+00
 2.95061813E-01
 0.00000000E+00
 2.39737723E-02
 1.20210368E-01
 0.00000000E+00
 0.00000000E+00
 0.00000000E+00
 0.00000000E+00
 0.00000000E+00
 0.00000000E+00
 1.14313685E-01
 8.76477017E-02
 1.48692029E-01
 6.67474899E-02
 2.82289461E-01
 1.11809303E-01
 1.25537873E-01
 2.73376136E-01
 0.00000000E+00
 2.51246500E-01
 0.00000000E+00
 1.43432826E-03
 2.50939144E-01
 0.00000000E+00
 2.50939144E-01
 0.00000000E+00
 0.00000000E+00
 1.25947681E-01
 0.00000000E+00
 0.00000000E+00
 0.00000000E+00
 3.74769483E-01
 0.00000000E+00
 4.18618947E-01
 2.51109897E-01
 1.77160030E-01
 1.55214808E-01
 1.31753296E-01
 2.21296360E-02
 3.86244109E-01
 2.60945291E-01
 1.19718598E-01
 6.84806366E-02
 6.50342645E-02
 7.57632675E-02
 2.26555563E-01
 1.77160030E-01
 6.84806366E-02
 6.19493204E-02
 9.51779250E-02
 9.59633905E-02
 0.00000000E+00
 1.55214808E-01
 6.50342645E-02
 9.51779250E-02
 9.73294174E-02
 1.31753296E-01
 7.57632675E-02
 9.59633905E-02
 2.21296360E-02
 2.26555563E-01
 0.00000000E+00
 3.86244109E-01
 2.53397992E-01
 1.16310361E-01
 6.45618469E-02
 4.85394896E-02
 6.85404002E-02
 2.26555563E-01
 0.00000000E+00
 1.40570999E-01
 8.27983061E-02
 6.47724427E-02
 1.09316304E-01
 2.02650092E-01
 0.00000000E+00
 6.55863671E-02
 6.47724427E-02
 7.36288505E-02
 8.13810532E-02
 0.00000000E+00
 4.93591057E-02
 1.09316304E-01
 8.13810532E-02
 0.00000000E+00
 6.89502083E-02
 2.02650092E-01
 0.00000000E+00
 2.26555563E-01
 0.00000000E+00
 0.00000000E+00
 1.93087904E-01
 5.28396284E-02
 5.13626118E-02
 5.61437060E-02
 7.48582747E-02
 0.00000000E+00
 1.00513968E-01
 3.48109191E-02
 4.82207499E-02
 5.31042962E-02
 0.00000000E+00
 3.67916581E-02
 2.43152790E-02
 8.94064613E-02
 0.00000000E+00
 4.30298477E-02
 2.44177310E-02
 0.00000000E+00
 6.61157025E-02
 0.00000000E+00
 0.00000000E+00
 2.92910320E-01
 1.13892494E-01
 1.37183253E-01
 6.90526603E-02
 2.42754366E-01
 9.64414999E-02
 7.03503859E-03
 1.37183253E-01
 1.45481866E-02
 0.00000000E+00
 6.90526603E-02
 6.35771691E-01
 5.48135373E-01
 6.24274298E-01
 0.00000000E+00
 0.00000000E+00
 0.00000000E+00
 0.00000000E+00
 0.00000000E+00
 0.00000000E+00
 0.00000000E+00
 0.00000000E+00
 0.00000000E+00
 0.00000000E+00
 0.00000000E+00
 0.00000000E+00
 0.00000000E+00
 2.55378731E-01
 1.20292330E-01
 6.84806366E-02
 6.50342645E-02
 7.57632675E-02
 2.26555563E-01
 1.20292330E-01
 7.83245680E-02
 7.48127405E-02
 1.17614917E-01
 2.05723653E-01
 0.00000000E+00
 6.84806366E-02
 7.48127405E-02
 7.36288505E-02
 8.13810532E-02
 6.50342645E-02
 1.17614917E-01
 8.13810532E-02
 7.57632675E-02
 2.05723653E-01
 2.26555563E-01
 1.27518612E-01
 7.52680828E-02
 6.47724427E-02
 1.09316304E-01
 2.02650092E-01
 7.69073151E-02
 1.28474831E-01
 1.43962161E-01
 1.73314664E-01
 6.75044965E-02
 1.43962161E-01
 9.65098012E-02
 1.11775152E-01
 1.73314664E-01
 2.04289324E-01
 1.04518134E-01
 2.44974159E-02
 4.82207499E-02
 5.31042962E-02
 5.18179541E-02
 3.92220477E-02
 9.65098012E-02
 5.91489652E-02
 8.28495321E-02
 0.00000000E+00
 6.62181545E-02
 3.64319377E-01
 2.18871662E-01
 1.40495868E-01
 4.44539307E-01
 2.90588075E-01
 0.00000000E+00
 0.00000000E+00
 0.00000000E+00
 0.00000000E+00
 0.00000000E+00
 0.00000000E+00
 1.64783826E-01
 6.77634724E-02
 6.19493204E-02
 9.51779250E-02
 9.59633905E-02
 0.00000000E+00
 6.44850079E-02
 7.48127405E-02
 7.36288505E-02
 8.13810532E-02
 0.00000000E+00
 5.85342531E-02
 7.36288505E-02
 8.94064613E-02
 0.00000000E+00
 9.21043645E-02
 8.13810532E-02
 0.00000000E+00
 9.39143501E-02
 0.00000000E+00
 0.00000000E+00
 3.48507616E-02
 4.69799422E-02
 7.36288505E-02
 8.13810532E-02
 4.69799422E-02
 1.43962161E-01
 9.65098012E-02
 7.97759716E-02
 9.65098012E-02
 0.00000000E+00
 8.87575985E-02
 4.17321221E-02
 4.37128611E-03
 7.40386586E-02
 0.00000000E+00
 4.00245885E-02
 5.53923912E-02
 0.00000000E+00
 5.86708558E-02
 0.00000000E+00
 0.00000000E+00
 4.48193429E-01
 0.00000000E+00
 0.00000000E+00
 0.00000000E+00
 0.00000000E+00
 0.00000000E+00
 0.00000000E+00
 0.00000000E+00
 0.00000000E+00
 0.00000000E+00
 1.31377638E-01
 5.71796098E-02
 9.51779250E-02
 9.73294174E-02
 5.86367051E-02
 1.24171846E-01
 8.13810532E-02
 1.17375862E-01
 9.77733761E-02
 0.00000000E+00
 1.23966942E-01
 1.72119391E-02
 6.52619357E-02
 8.13810532E-02
 0.00000000E+00
 1.17170958E-01
 1.99542381E-01
 0.00000000E+00
 2.89017144E-01
 0.00000000E+00
 9.07041869E-02
 8.03906837E-02
 0.00000000E+00
 0.00000000E+00
 0.00000000E+00
 0.00000000E+00
 0.00000000E+00
 0.00000000E+00
 1.42089566E-01
 9.05163582E-02
 9.59633905E-02
 7.74024998E-02
 2.45065228E-01
 7.54729868E-02
 1.65118503E-01
 2.27341029E-01
 0.00000000E+00
 2.24062564E-01
 0.00000000E+00
 3.13503176E-02
 2.41923366E-01
 0.00000000E+00
 2.41923366E-01
 0.00000000E+00
 0.00000000E+00
 5.85342531E-02
 0.00000000E+00
 0.00000000E+00
 0.00000000E+00
 3.71491018E-01
 0.00000000E+00
 4.63073365E-01
 2.96052182E-01
 2.10518407E-01
 1.78676320E-01
 1.56478383E-01
 4.58985042E-02
 3.92801038E-01
 3.03428728E-01
 1.57407281E-01
 9.11566833E-02
 7.85465474E-02
 9.02090021E-02
 2.07294584E-01
 2.10518407E-01
 9.11566833E-02
 5.91717323E-02
 7.37313025E-02
 4.32347517E-02
 0.00000000E+00
 1.78676320E-01
 7.85465474E-02
 7.37313025E-02
 1.50945974E-02
 1.56478383E-01
 9.02090021E-02
 4.32347517E-02
 4.58985042E-02
 2.07294584E-01
 0.00000000E+00
 3.92801038E-01
 3.08756232E-01
 1.60316918E-01
 9.42046308E-02
 7.09650980E-02
 8.71866676E-02
 2.07294584E-01
 0.00000000E+00
 1.78512397E-01
 9.99931699E-02
 7.13066047E-02
 1.03681443E-01
 1.73212212E-01
 0.00000000E+00
 9.49730210E-02
 7.13066047E-02
 7.32531931E-02
 7.08967967E-02
 0.00000000E+00
 7.15798101E-02
 1.03681443E-01
 7.08967967E-02
 0.00000000E+00
 8.74940236E-02
 1.73212212E-01
 0.00000000E+00
 2.07294584E-01
 0.00000000E+00
 0.00000000E+00
 2.54395192E-01
 1.00274913E-01
 6.53188534E-02
 5.71340755E-02
 3.58582064E-02
 0.00000000E+00
 1.37908954E-01
 5.70999249E-02
 4.57448262E-02
 3.95464791E-02
 0.00000000E+00
 5.93994035E-02
 3.34505840E-02
 8.94064613E-02
 0.00000000E+00
 5.18065706E-02
 2.47933884E-02
 0.00000000E+00
 3.23065364E-02
 0.00000000E+00
 0.00000000E+00
 3.72481388E-01
 1.93702616E-01
 1.64401339E-01
 3.46970835E-02
 2.91601211E-01
 1.38822485E-01
 2.45884844E-03
 1.68157913E-01
 2.45884844E-03
 0.00000000E+00
 3.92049723E-02
 6.84129044E-01
 5.90994468E-01
 5.94426610E-01
 0.00000000E+00
 0.00000000E+00
 0.00000000E+00
 0.00000000E+00
 0.00000000E+00
 0.00000000E+00
 0.00000000E+00
 0.00000000E+00
 0.00000000E+00
 0.00000000E+00
 0.00000000E+00
 0.00000000E+00
 0.00000000E+00
 2.98408579E-01
 1.55358241E-01
 9.11566833E-02
 7.85465474E-02
 9.02090021E-02
 2.07294584E-01
 1.55358241E-01
 9.97370398E-02
 8.35325456E-02
 1.14131548E-01
 1.78334813E-01
 0.00000000E+00
 9.11566833E-02
 8.35325456E-02
 7.32531931E-02
 7.08967967E-02
 7.85465474E-02
 1.14131548E-01
 7.08967967E-02
 9.02090021E-02
 1.78334813E-01
 2.07294584E-01
 1.70357216E-01
 9.02602281E-02
 7.13066047E-02
 1.03681443E-01
 1.73212212E-01
 9.14896523E-02
 1.01427498E-01
 1.03135032E-01
 8.16201079E-02
 7.33556451E-02
 1.03135032E-01
 4.06393006E-02
 1.05525579E-01
 8.16201079E-02
 1.74441637E-01
 1.51782665E-01
 5.14309132E-02
 5.13796872E-02
 4.63083123E-02
 7.69300822E-02
 4.28932450E-02
 4.06393006E-02
 7.46021447E-02
 5.29335428E-02
 0.00000000E+00
 7.41752613E-02
 4.20121576E-01
 2.77132710E-01
 1.64537941E-01
 4.50140018E-01
 2.71566150E-01
 0.00000000E+00
 0.00000000E+00
 0.00000000E+00
 0.00000000E+00
 0.00000000E+00
 0.00000000E+00
 1.99207704E-01
 8.63926644E-02
 5.91717323E-02
 7.37313025E-02
 4.32347517E-02
 0.00000000E+00
 8.50607882E-02
 8.35325456E-02
 7.32531931E-02
 7.08967967E-02
 0.00000000E+00
 5.84887189E-02
 7.32531931E-02
 8.94064613E-02
 0.00000000E+00
 7.31165904E-02
 7.08967967E-02
 0.00000000E+00
 4.28249437E-02
 0.00000000E+00
 0.00000000E+00
 7.53022335E-02
 5.09186531E-02
 7.32531931E-02
 7.08967967E-02
 5.39239123E-02
 1.03135032E-01
 4.06393006E-02
 8.34983949E-02
 4.06393006E-02
 0.00000000E+00
 8.31910389E-02
 8.90877217E-02
 2.03879516E-02
 6.37934567E-02
 0.00000000E+00
 6.87111536E-02
 4.92452701E-02
 0.00000000E+00
 6.14712110E-04
 0.00000000E+00
 0.00000000E+00
 5.03312615E-01
 0.00000000E+00
 0.00000000E+00
 0.00000000E+00
 0.00000000E+00
 0.00000000E+00
 0.00000000E+00
 0.00000000E+00
 0.00000000E+00
 0.00000000E+00
 1.63615873E-01
 6.72085240E-02
 7.37313025E-02
 1.50945974E-02
 7.58144935E-02
 1.19049245E-01
 7.08967967E-02
 1.04466908E-01
 8.31910389E-02
 0.00000000E+00
 2.17881292E-02
 7.00088792E-02
 6.27518612E-02
 7.08967967E-02
 0.00000000E+00
 1.24223072E-01
 1.01290895E-01
 0.00000000E+00
 2.82972475E-01
 0.00000000E+00
 1.57434601E-01
 4.05709992E-02
 0.00000000E+00
 0.00000000E+00
 0.00000000E+00
 0.00000000E+00
 0.00000000E+00
 0.00000000E+00
 1.69865446E-01
 9.33850147E-02
 4.32347517E-02
 8.80575097E-02
 2.07840994E-01
 3.91366710E-02
 2.04699133E-01
 1.81305922E-01
 0.00000000E+00
 1.96878629E-01
 0.00000000E+00
 6.12663069E-02
 2.32907588E-01
 0.00000000E+00
 2.32907588E-01
 0.00000000E+00
 0.00000000E+00
 8.87917492E-03
 0.00000000E+00
 0.00000000E+00
 0.00000000E+00
 3.68212554E-01
 0.00000000E+00
 5.59514865E-01
 4.02021720E-01
 3.16822621E-01
 3.00799126E-01
 2.76825353E-01
 1.71094871E-01
 2.37073970E-01
 4.06939417E-01
 2.50788881E-01
 1.76507752E-01
 1.87578262E-01
 1.85540605E-01
 1.08121030E-01
 3.16822621E-01
 1.76507752E-01
 1.26744530E-01
 1.61805888E-01
 1.02793525E-01
 0.00000000E+00
 3.00799126E-01
 1.87578262E-01
 1.61805888E-01
 5.93538693E-02
 2.76825353E-01
 1.85540605E-01
 1.02793525E-01
 1.71094871E-01
 1.08121030E-01
 0.00000000E+00
 2.37073970E-01
 4.26610204E-01
 2.68315006E-01
 1.89980193E-01
 1.91676343E-01
 1.88101906E-01
 1.08121030E-01
 0.00000000E+00
 2.80445325E-01
 1.59756847E-01
 1.10625413E-01
 1.71504679E-01
 1.75739362E-01
 0.00000000E+00
 1.90492453E-01
 1.10625413E-01
 8.51717779E-02
 1.12355713E-01
 0.00000000E+00
 1.92086151E-01
 1.71504679E-01
 1.12355713E-01
 0.00000000E+00
 1.88306810E-01
 1.75739362E-01
 0.00000000E+00
 1.08121030E-01
 0.00000000E+00
 0.00000000E+00
 3.87254969E-01
 2.22679462E-01
 1.58846163E-01
 1.75944266E-01
 1.14677959E-01
 0.00000000E+00
 2.48224165E-01
 1.26516859E-01
 7.86148487E-02
 1.05593880E-01
 0.00000000E+00
 1.56114109E-01
 7.17847142E-02
 8.94064613E-02
 0.00000000E+00
 1.73485418E-01
 9.73977187E-02
 0.00000000E+00
 1.13038727E-01
 0.00000000E+00
 0.00000000E+00
 5.07683901E-01
 3.45673110E-01
 2.85772830E-01
 1.68772625E-01
 4.11242401E-01
 2.59271908E-01
 9.86271430E-02
 2.89187897E-01
 9.99931699E-02
 0.00000000E+00
 1.72870706E-01
 7.57757894E-01
 6.71709583E-01
 6.30762926E-01
 0.00000000E+00
 0.00000000E+00
 0.00000000E+00
 0.00000000E+00
 0.00000000E+00
 0.00000000E+00
 0.00000000E+00
 0.00000000E+00
 0.00000000E+00
 0.00000000E+00
 0.00000000E+00
 0.00000000E+00
 0.00000000E+00
 4.06051499E-01
 2.50297111E-01
 1.76507752E-01
 1.87578262E-01
 1.85540605E-01
 1.08121030E-01
 2.50297111E-01
 1.48350523E-01
 1.13767275E-01
 1.73963527E-01
 1.76149170E-01
 0.00000000E+00
 1.76507752E-01
 1.13767275E-01
 8.51717779E-02
 1.12355713E-01
 1.87578262E-01
 1.73963527E-01
 1.12355713E-01
 1.85540605E-01
 1.76149170E-01
 1.08121030E-01
 2.81797691E-01
 1.55966123E-01
 1.10625413E-01
 1.71504679E-01
 1.75739362E-01
 1.56785739E-01
 9.65098012E-02
 8.02882317E-02
 1.08872345E-01
 1.11991440E-01
 8.02882317E-02
 3.21016324E-03
 1.72734103E-01
 1.08872345E-01
 1.76558978E-01
 2.70097671E-01
 1.29385516E-01
 8.37374496E-02
 1.11741001E-01
 1.47599208E-01
 6.11638549E-02
 3.21016324E-03
 1.02861826E-01
 1.68704323E-02
 0.00000000E+00
 1.34690253E-01
 5.13967625E-01
 3.68280855E-01
 2.23618605E-01
 4.84529745E-01
 3.04487398E-01
 0.00000000E+00
 0.00000000E+00
 0.00000000E+00
 0.00000000E+00
 0.00000000E+00
 0.00000000E+00
 3.14691619E-01
 1.75073424E-01
 1.26744530E-01
 1.61805888E-01
 1.02793525E-01
 0.00000000E+00
 1.74458712E-01
 1.13767275E-01
 8.51717779E-02
 1.12355713E-01
 0.00000000E+00
 1.26744530E-01
 8.51717779E-02
 8.94064613E-02
 0.00000000E+00
 1.61805888E-01
 1.12355713E-01
 0.00000000E+00
 1.02793525E-01
 0.00000000E+00
 0.00000000E+00
 1.92951301E-01
 1.02702457E-01
 8.51717779E-02
 1.12355713E-01
 1.05434510E-01
 8.02882317E-02
 3.21016324E-03
 9.33679393E-02
 3.21016324E-03
 0.00000000E+00
 1.22191107E-01
 2.06793707E-01
 7.89563554E-02
 6.89160576E-02
 0.00000000E+00
 1.14814562E-01
 1.85096646E-02
 0.00000000E+00
 1.42749812E-02
 0.00000000E+00
 0.00000000E+00
 5.59456321E-01
 0.00000000E+00
 0.00000000E+00
 0.00000000E+00
 0.00000000E+00
 0.00000000E+00
 0.00000000E+00
 0.00000000E+00
 0.00000000E+00
 0.00000000E+00
 3.01277235E-01
 1.83616784E-01
 1.61805888E-01
 5.93538693E-02
 1.91175466E-01
 1.77241992E-01
 1.12355713E-01
 1.85711359E-01
 1.20551875E-01
 0.00000000E+00
 8.80404344E-02
 2.22730688E-01
 1.57058944E-01
 1.12355713E-01
 0.00000000E+00
 2.03503859E-01
 1.21986203E-01
 0.00000000E+00
 2.67399768E-01
 0.00000000E+00
 3.10019807E-01
 9.39143501E-02
 0.00000000E+00
 0.00000000E+00
 0.00000000E+00
 0.00000000E+00
 0.00000000E+00
 0.00000000E+00
 3.03508412E-01
 1.94966191E-01
 1.02793525E-01
 1.92507342E-01
 1.95819958E-01
 1.02793525E-01
 3.26548733E-01
 2.15490745E-01
 0.00000000E+00
 2.30243836E-01
 0.00000000E+00
 2.07977597E-01
 1.10170070E-01
 0.00000000E+00
 1.10170070E-01
 0.00000000E+00
 0.00000000E+00
 1.56205177E-01
 0.00000000E+00
 0.00000000E+00
 0.00000000E+00
 1.78061608E-01
 0.00000000E+00
 7.23867417E-01
 6.07768140E-01
 5.42845434E-01
 5.47196230E-01
 5.36689206E-01
 4.69435148E-01
 1.95683355E-01
 6.10226988E-01
 4.77153200E-01
 4.10456936E-01
 4.42034925E-01
 4.47681169E-01
 2.51280650E-01
 5.42845434E-01
 4.10456936E-01
 3.51638094E-01
 3.97855338E-01
 3.58786968E-01
 0.00000000E+00
 5.47196230E-01
 4.42034925E-01
 3.97855338E-01
 3.19035585E-01
 5.36689206E-01
 4.47681169E-01
 3.58786968E-01
 4.69435148E-01
 2.51280650E-01
 0.00000000E+00
 1.95683355E-01
 6.31275186E-01
 4.97800697E-01
 4.25517383E-01
 4.50743346E-01
 4.52291510E-01
 2.51280650E-01
 0.00000000E+00
 5.03865856E-01
 3.66795301E-01
 2.99524167E-01
 3.70568950E-01
 3.60631104E-01
 0.00000000E+00
 4.25773513E-01
 2.99524167E-01
 2.29253466E-01
 2.45918995E-01
 0.00000000E+00
 4.50948250E-01
 3.70568950E-01
 2.45918995E-01
 0.00000000E+00
 4.52393962E-01
 3.60631104E-01
 0.00000000E+00
 2.51280650E-01
 0.00000000E+00
 0.00000000E+00
 6.05928557E-01
 4.62741616E-01
 3.88179314E-01
 4.23365890E-01
 3.77023427E-01
 0.00000000E+00
 4.75513968E-01
 3.26935774E-01
 2.37500854E-01
 2.56369100E-01
 0.00000000E+00
 3.86813287E-01
 2.34085786E-01
 2.80035517E-03
 0.00000000E+00
 4.22136466E-01
 2.52271020E-01
 0.00000000E+00
 3.76203811E-01
 0.00000000E+00
 0.00000000E+00
 6.97083533E-01
 5.72991371E-01
 5.00819616E-01
 4.22921932E-01
 6.05776017E-01
 4.59019193E-01
 2.69790315E-01
 5.02527150E-01
 2.70473328E-01
 0.00000000E+00
 4.24970972E-01
 8.54563668E-01
 7.88095075E-01
 7.25223687E-01
 0.00000000E+00
 0.00000000E+00
 0.00000000E+00
 0.00000000E+00
 0.00000000E+00
 0.00000000E+00
 0.00000000E+00
 0.00000000E+00
 0.00000000E+00
 0.00000000E+00
 0.00000000E+00
 0.00000000E+00
 0.00000000E+00
 6.12002823E-01
 4.78136739E-01
 4.10456936E-01
 4.42034925E-01
 4.47681169E-01
 2.51280650E-01
 4.78136739E-01
 3.51103067E-01
 2.95972497E-01
 3.67188034E-01
 3.57762448E-01
 0.00000000E+00
 4.10456936E-01
 2.95972497E-01
 2.29253466E-01
 2.45918995E-01
 4.42034925E-01
 3.67188034E-01
 2.45918995E-01
 4.47681169E-01
 3.57762448E-01
 2.51280650E-01
 5.09869544E-01
 3.67973499E-01
 2.99524167E-01
 3.70568950E-01
 3.60631104E-01
 3.68383307E-01
 2.39123011E-01
 1.75927191E-01
 2.05279694E-01
 3.00207181E-01
 1.75927191E-01
 1.49579947E-02
 3.71183662E-01
 2.05279694E-01
 3.61040913E-01
 4.94774947E-01
 3.33492703E-01
 2.40062154E-01
 2.59442661E-01
 3.42599549E-01
 1.80196025E-01
 1.49579947E-02
 2.49624343E-01
 2.17881292E-02
 0.00000000E+00
 2.70917287E-01
 6.63798010E-01
 5.18134007E-01
 3.32286046E-01
 5.76258452E-01
 3.39969947E-01
 0.00000000E+00
 0.00000000E+00
 0.00000000E+00
 0.00000000E+00
 0.00000000E+00
 0.00000000E+00
 5.46697630E-01
 4.12044942E-01
 3.51638094E-01
 3.97855338E-01
 3.58786968E-01
 0.00000000E+00
 4.11737586E-01
 2.95972497E-01
 2.29253466E-01
 2.45918995E-01
 0.00000000E+00
 3.51638094E-01
 2.29253466E-01
 2.80035517E-03
 0.00000000E+00
 3.97855338E-01
 2.45918995E-01
 0.00000000E+00
 3.58786968E-01
 0.00000000E+00
 0.00000000E+00
 4.39297179E-01
 3.01709810E-01
 2.29253466E-01
 2.45918995E-01
 3.03075837E-01
 1.75927191E-01
 1.49579947E-02
 2.33351547E-01
 1.49579947E-02
 0.00000000E+00
 2.50836691E-01
 4.32643490E-01
 2.49197459E-01
 1.30455570E-02
 0.00000000E+00
 2.67126562E-01
 2.26077454E-02
 0.00000000E+00
 4.03660952E-02
 0.00000000E+00
 0.00000000E+00
 6.56102725E-01
 0.00000000E+00
 0.00000000E+00
 0.00000000E+00
 0.00000000E+00
 0.00000000E+00
 0.00000000E+00
 0.00000000E+00
 0.00000000E+00
 0.00000000E+00
 5.55631446E-01
 4.44152266E-01
 3.97855338E-01
 3.19035585E-01
 4.47931608E-01
 3.68827266E-01
 2.45918995E-01
 4.09808073E-01
 2.50017075E-01
 0.00000000E+00
 3.33378868E-01
 4.88126949E-01
 3.75640325E-01
 2.45918995E-01
 0.00000000E+00
 3.98862783E-01
 2.11836623E-01
 0.00000000E+00
 3.23441022E-01
 0.00000000E+00
 5.31384468E-01
 2.81264941E-01
 0.00000000E+00
 0.00000000E+00
 0.00000000E+00
 0.00000000E+00
 0.00000000E+00
 0.00000000E+00
 5.63691005E-01
 4.60077864E-01
 3.58786968E-01
 4.58848439E-01
 3.67597842E-01
 3.58786968E-01
 5.62495731E-01
 4.11242401E-01
 0.00000000E+00
 4.18618947E-01
 0.00000000E+00
 5.08366915E-01
 2.65623933E-01
 0.00000000E+00
 2.65623933E-01
 0.00000000E+00
 0.00000000E+00
 4.65405368E-01
 0.00000000E+00
 0.00000000E+00
 0.00000000E+00
 2.57974182E-01
 0.00000000E+00
