 4.50170267E-01
 2.66862677E-01
 1.54877334E-01
 1.20781674E-01
 1.28134706E-01
 2.33449752E-01
 3.81645908E-01
 2.69779075E-01
 6.41380194E-02
 3.69141647E-02
 7.53207548E-02
 1.32174262E-02
 1.41944035E-01
 1.52944307E-01
 3.59654064E-02
 9.40286931E-02
 8.04801588E-02
 8.19652661E-02
 2.87102922E-01
 1.19482367E-01
 7.58283700E-02
 8.33818128E-02
 7.49034526E-02
 1.42185306E-01
 1.18858173E-02
 7.91852135E-02
 2.48266207E-01
 1.56000695E-01
 2.94432745E-01
 4.11987638E-01
 3.27228455E-01
 1.24697861E-01
 4.51615481E-02
 1.78228853E-02
 5.97301337E-03
 1.42396394E-01
 3.13262950E-01
 1.75692733E-01
 4.10019111E-02
 1.12516643E-01
 1.63430506E-01
 1.93428268E-02
 1.78314071E-01
 6.38071566E-02
 1.16291609E-01
 9.93632892E-02
 4.26354981E-02
 2.64007296E-01
 8.36545180E-03
 1.68044843E-01
 4.40749390E-02
 1.44357774E-01
 3.43211203E-02
 1.91010535E-02
 2.65386389E-01
 1.59131980E-01
 1.90598636E-01
 3.48206754E-01
 3.46372230E-01
 1.72674868E-01
 1.23233887E-01
 6.10553468E-02
 1.28702577E-01
 2.87634804E-01
 1.93683639E-01
 4.38109235E-02
 4.45393240E-02
 4.24977938E-02
 2.91307534E-01
 1.33461004E-01
 5.19754623E-02
 1.85181807E-01
 3.07412548E-01
 9.72426121E-02
 5.66203103E-02
 3.11082998E-01
 1.96537775E-01
 2.96366531E-01
 3.34593238E-01
 5.36154721E-01
 3.88186516E-01
 3.95405171E-01
 3.74745783E-01
 4.57913451E-01
 2.97554645E-01
 3.43847368E-01
 4.60754392E-01
 3.73074017E-01
 5.28355973E-01
 5.12321544E-01
 8.56686861E-01
 8.30263529E-01
 8.54710323E-01
 0.00000000E+00
 0.00000000E+00
 0.00000000E+00
 0.00000000E+00
 0.00000000E+00
 0.00000000E+00
 0.00000000E+00
 0.00000000E+00
 0.00000000E+00
 0.00000000E+00
 0.00000000E+00
 0.00000000E+00
 0.00000000E+00
 2.70375337E-01
 5.94397056E-02
 4.68092124E-02
 8.09581472E-02
 1.36480108E-02
 1.44243896E-01
 5.31595188E-02
 1.60709954E-01
 1.87472104E-01
 2.06809366E-01
 3.25684592E-02
 1.80615283E-01
 5.23598639E-02
 1.92487531E-01
 9.73360876E-02
 3.87920859E-02
 7.07517261E-02
 2.10735714E-01
 4.00052066E-02
 3.69996290E-02
 3.15554605E-02
 1.90526113E-01
 1.58012193E-01
 5.22231699E-02
 1.22703599E-01
 1.68350240E-01
 2.00418407E-02
 3.43921672E-02
 1.35904408E-01
 1.39278158E-01
 1.08324519E-01
 6.10730107E-02
 1.46150288E-01
 2.47809082E-02
 8.92978681E-02
 1.12059426E-01
 1.21061455E-01
 2.96584039E-01
 1.32967241E-01
 6.51557593E-02
 5.75296184E-02
 1.76319279E-01
 6.59963719E-02
 5.11121968E-02
 1.55960016E-01
 1.04208989E-01
 1.84635478E-01
 1.95828483E-01
 6.27082270E-01
 5.19255978E-01
 4.92492354E-01
 6.40367196E-01
 5.29094357E-01
 0.00000000E+00
 0.00000000E+00
 0.00000000E+00
 0.00000000E+00
 0.00000000E+00
 0.00000000E+00
 1.65189606E-01
 3.85298277E-02
 1.09815221E-01
 8.46470477E-02
 8.72644298E-02
 2.94729868E-01
 4.71370514E-02
 2.01375324E-01
 1.09795599E-01
 4.26576302E-02
 2.68075547E-01
 1.11304569E-01
 1.11490018E-01
 1.69730348E-01
 3.01963761E-01
 8.20871343E-02
 4.09617505E-02
 3.06895206E-01
 1.18788437E-01
 2.70312073E-01
 3.11071163E-01
 1.00168099E-01
 8.67684467E-02
 1.09173281E-01
 4.20661512E-02
 2.55152432E-02
 9.00832341E-02
 2.83745830E-02
 2.21071323E-02
 1.74290527E-02
 1.59174146E-01
 1.35418605E-02
 3.52850515E-01
 2.35279067E-01
 2.18739036E-01
 3.30956798E-01
 2.57678890E-01
 1.79869394E-01
 1.88513795E-01
 2.99256581E-01
 2.77355121E-01
 0.00000000E+00
 7.57695500E-01
 0.00000000E+00
 0.00000000E+00
 0.00000000E+00
 0.00000000E+00
 0.00000000E+00
 0.00000000E+00
 0.00000000E+00
 0.00000000E+00
 0.00000000E+00
 1.69601845E-01
 4.57629309E-02
 9.25481505E-02
 8.10452176E-02
 1.78699639E-02
 1.85958442E-01
 4.71629042E-02
 1.26680977E-02
 1.87337184E-02
 3.12150006E-01
 1.53423705E-01
 1.57627419E-01
 5.90941042E-02
 4.65170524E-02
 1.56142660E-01
 2.09356995E-01
 4.91575059E-02
 1.26095127E-01
 3.40569499E-01
 2.87629750E-01
 5.41201635E-01
 3.92155497E-01
 3.38473321E-01
 0.00000000E+00
 0.00000000E+00
 0.00000000E+00
 0.00000000E+00
 0.00000000E+00
 2.50066122E-01
 6.59913904E-02
 8.00602093E-02
 8.88679197E-02
 6.84963094E-03
 1.38388631E-01
 3.76931865E-01
 2.12171577E-01
 2.71364713E-01
 4.81237049E-01
 0.00000000E+00
 4.05511255E-01
 2.74387132E-01
 3.15883242E-01
 2.77173350E-01
 2.57455729E-01
 3.25527873E-01
 5.52507913E-01
 0.00000000E+00
 0.00000000E+00
 0.00000000E+00
 6.01760630E-01
 0.00000000E+00
 3.64980606E-01
 2.24655447E-01
 1.29674416E-01
 1.00904257E-01
 5.00860576E-02
 1.48624158E-01
 3.02525413E-01
 2.33964355E-01
 7.26248289E-02
 2.89581069E-02
 9.17592805E-02
 1.11456036E-01
 3.67614116E-02
 1.28212709E-01
 2.60147689E-02
 1.16271635E-01
 1.58258731E-01
 5.94163520E-02
 1.65460070E-01
 9.86725422E-02
 9.03589849E-02
 1.61491901E-01
 4.29842687E-02
 7.33505794E-02
 1.09730150E-01
 6.29978616E-02
 1.61288798E-01
 5.23769913E-02
 1.75652873E-01
 3.32036490E-01
 2.01635992E-01
 3.62240325E-02
 7.79825536E-03
 5.29486436E-02
 9.87755200E-02
 3.68789451E-02
 2.21202424E-01
 1.44906102E-01
 5.68493990E-02
 1.37898917E-01
 2.37893918E-01
 1.68482370E-01
 3.16827565E-02
 5.38373014E-02
 1.39552900E-01
 1.66681273E-01
 1.74672966E-01
 1.14059518E-01
 2.93304111E-02
 2.41437203E-01
 1.79068024E-01
 7.25453886E-04
 4.57417858E-02
 1.66703618E-01
 1.13824376E-01
 5.23901347E-02
 4.81867521E-02
 2.57091383E-01
 1.60391047E-01
 4.21326962E-03
 1.57087024E-02
 7.40227327E-02
 3.20278528E-02
 1.65770460E-01
 4.57704721E-02
 1.05823575E-01
 1.10633775E-01
 1.41759416E-01
 1.23813565E-01
 1.81394601E-02
 8.54743787E-02
 3.23466935E-02
 1.19552461E-01
 6.62282219E-03
 1.05347832E-01
 1.20927527E-01
 1.02948692E-01
 1.38701897E-01
 2.47136036E-01
 2.82366164E-01
 5.93494148E-02
 1.21305320E-01
 1.56020731E-01
 2.04702428E-01
 6.94841573E-02
 2.54312489E-02
 2.62689803E-01
 9.17828571E-02
 3.32032874E-01
 4.39070276E-01
 7.76248001E-01
 7.44341921E-01
 8.08192174E-01
 0.00000000E+00
 0.00000000E+00
 0.00000000E+00
 0.00000000E+00
 0.00000000E+00
 0.00000000E+00
 0.00000000E+00
 0.00000000E+00
 0.00000000E+00
 0.00000000E+00
 0.00000000E+00
 0.00000000E+00
 0.00000000E+00
 2.05373149E-01
 5.62930555E-02
 3.62201088E-02
 9.98136768E-02
 1.15077936E-01
 3.62865853E-02
 5.14774011E-02
 1.57040966E-01
 2.07150506E-01
 2.82500896E-01
 1.87278097E-01
 2.80131897E-02
 3.81413870E-02
 2.09145934E-01
 1.71563608E-01
 1.78463985E-01
 7.76267812E-02
 2.85683516E-01
 1.83287596E-01
 1.98239126E-02
 1.85436440E-01
 1.09691216E-01
 1.98572484E-02
 1.27178420E-01
 1.52701008E-01
 2.50737276E-01
 1.77700226E-01
 5.36583861E-02
 7.48640577E-02
 8.60676263E-02
 1.00673261E-01
 2.12281267E-02
 9.30747763E-02
 1.35291500E-02
 9.31528325E-02
 1.06208493E-01
 9.59698834E-02
 1.20347102E-01
 9.20415570E-03
 7.44288147E-02
 1.21250763E-01
 8.20010117E-02
 2.42982192E-02
 1.91593859E-02
 1.11681589E-01
 9.06582628E-02
 1.22796736E-01
 1.52743182E-01
 4.69204677E-01
 3.28652595E-01
 3.20818123E-01
 5.75055025E-01
 4.15255256E-01
 0.00000000E+00
 0.00000000E+00
 0.00000000E+00
 0.00000000E+00
 0.00000000E+00
 0.00000000E+00
 7.21785566E-02
 6.15793685E-02
 1.29487093E-01
 1.64659128E-01
 5.57307425E-02
 1.70853833E-01
 8.26713052E-02
 2.45427367E-01
 1.79733643E-01
 1.77473131E-01
 1.16377382E-01
 1.45975098E-01
 1.87989604E-01
 4.54666741E-02
 1.31865203E-01
 1.75391670E-01
 1.80765381E-01
 1.33861270E-01
 5.13312677E-03
 1.18366779E-01
 1.87964638E-01
 9.67882593E-02
 2.07508427E-01
 1.79551522E-01
 1.77387098E-01
 1.73240530E-03
 6.68222309E-02
 1.38797532E-02
 4.87415659E-02
 2.04252535E-02
 1.02462046E-01
 1.01558121E-01
 1.39769653E-01
 8.16435778E-02
 9.12294003E-02
 1.58878097E-01
 9.70817174E-02
 1.05192765E-01
 1.24484809E-01
 1.90729533E-01
 2.57592910E-01
 0.00000000E+00
 6.78176578E-01
 0.00000000E+00
 0.00000000E+00
 0.00000000E+00
 0.00000000E+00
 0.00000000E+00
 0.00000000E+00
 0.00000000E+00
 0.00000000E+00
 0.00000000E+00
 2.69932655E-02
 1.29255985E-01
 1.72693282E-01
 4.07246636E-02
 1.28788136E-01
 3.30813385E-01
 1.89416525E-01
 7.57701306E-02
 1.32047891E-01
 1.35403395E-01
 2.35842010E-02
 1.16054443E-01
 2.92326639E-01
 1.88947427E-01
 7.70634282E-03
 1.36586367E-01
 2.65012140E-02
 8.98185735E-02
 3.70156145E-01
 2.61993624E-01
 3.29980664E-01
 1.89486359E-01
 1.59942397E-01
 0.00000000E+00
 0.00000000E+00
 0.00000000E+00
 0.00000000E+00
 0.00000000E+00
 9.53956692E-02
 7.16594465E-02
 6.46915274E-02
 4.91877182E-02
 1.86854242E-01
 2.29342878E-03
 1.68632861E-01
 8.16163028E-03
 1.15088128E-01
 4.88523754E-01
 0.00000000E+00
 2.85928662E-01
 1.64486716E-01
 1.99230464E-01
 1.65558557E-01
 1.02510968E-01
 2.06854243E-01
 4.01507010E-01
 0.00000000E+00
 0.00000000E+00
 0.00000000E+00
 5.44959628E-01
 0.00000000E+00
 2.79674881E-01
 1.66280304E-01
 1.02313524E-01
 1.22063347E-01
 2.74454330E-02
 1.18466791E-01
 2.66656941E-01
 1.82582084E-01
 4.52695289E-02
 2.02671075E-02
 3.90510396E-02
 1.30563888E-01
 3.85574283E-03
 1.00777781E-01
 1.83693905E-02
 7.90936444E-02
 1.13442134E-01
 9.05738500E-02
 1.33137898E-01
 1.20795597E-01
 3.54809868E-02
 1.13276355E-01
 3.56908226E-02
 6.19187761E-02
 1.29115464E-01
 9.35504891E-02
 1.29616987E-01
 1.86418852E-02
 1.45113956E-01
 2.94370353E-01
 9.86269414E-02
 5.14878048E-02
 1.14406939E-02
 8.55183417E-03
 1.20750165E-01
 3.94525589E-03
 1.86542053E-01
 1.07190471E-01
 1.22610800E-01
 1.74518908E-01
 2.37017985E-01
 2.52761149E-01
 6.71122838E-02
 5.11976170E-02
 1.77529970E-01
 1.79042255E-01
 1.82163339E-01
 4.61150414E-02
 2.59595853E-02
 2.38784412E-01
 1.85528122E-01
 1.67569557E-02
 4.25866335E-02
 2.50104458E-01
 4.50687559E-02
 1.89402165E-02
 4.80707439E-02
 2.21963131E-01
 3.33943506E-02
 1.21225620E-01
 7.47746559E-02
 7.45333027E-02
 7.85257658E-02
 1.33327296E-01
 4.66813047E-02
 2.15580672E-01
 1.99147498E-01
 1.94644134E-01
 4.05805485E-02
 2.70490853E-02
 1.65142648E-01
 3.28181646E-02
 5.84617558E-02
 4.68569515E-02
 1.38957075E-01
 5.99648787E-02
 1.22562152E-01
 6.34849596E-02
 2.48300069E-01
 6.06530923E-02
 2.41080033E-01
 1.18343740E-01
 7.86746981E-03
 2.23503682E-02
 4.28879036E-01
 2.80871564E-01
 9.46022639E-02
 1.81103790E-01
 1.46912849E-01
 4.34948008E-01
 7.05648177E-01
 6.66127963E-01
 7.70407020E-01
 0.00000000E+00
 0.00000000E+00
 0.00000000E+00
 0.00000000E+00
 0.00000000E+00
 0.00000000E+00
 0.00000000E+00
 0.00000000E+00
 0.00000000E+00
 0.00000000E+00
 0.00000000E+00
 0.00000000E+00
 0.00000000E+00
 1.46293163E-01
 3.45453613E-02
 2.21212764E-02
 4.67332335E-02
 1.34020109E-01
 3.91126773E-03
 2.58731541E-02
 2.13837053E-01
 2.38872690E-01
 2.81703619E-01
 2.73958113E-01
 7.29898465E-02
 3.02107491E-02
 2.41736383E-01
 1.84716651E-01
 1.89450993E-01
 2.23859321E-02
 2.83254226E-01
 1.93737885E-01
 7.57450020E-03
 2.71498864E-01
 8.95536821E-02
 9.61911232E-02
 2.25438650E-01
 1.87425124E-01
 2.52228476E-01
 2.65633560E-01
 2.27083117E-02
 1.57204126E-01
 1.35670880E-01
 8.82193165E-02
 2.35396491E-02
 1.46337032E-01
 2.25727537E-02
 4.75768801E-02
 9.31337278E-02
 1.09566259E-01
 2.53282505E-03
 1.07231141E-01
 1.49951872E-01
 1.69686359E-01
 8.16436531E-03
 4.69703054E-02
 9.33656277E-02
 9.16546026E-02
 5.91630923E-02
 7.97920636E-02
 2.02488886E-01
 3.09540697E-01
 1.12402226E-01
 1.32726958E-01
 4.71547897E-01
 2.22777204E-01
 0.00000000E+00
 0.00000000E+00
 0.00000000E+00
 0.00000000E+00
 0.00000000E+00
 0.00000000E+00
 2.57204285E-02
 4.97549813E-02
 8.98202682E-02
 1.23950254E-01
 8.91615335E-02
 1.36401517E-01
 8.49273643E-02
 2.77565459E-01
 1.92340612E-01
 1.87881613E-01
 4.69358831E-02
 1.26550082E-01
 2.14111427E-01
 2.84235713E-02
 9.87664245E-02
 1.48892319E-01
 1.97964942E-01
 9.98498794E-02
 1.95052922E-02
 4.73091868E-02
 1.53305801E-01
 2.23707767E-01
 2.88125106E-01
 1.92213801E-01
 1.88073520E-01
 1.87695631E-02
 1.06156458E-01
 2.24993837E-02
 6.04205407E-02
 5.97584645E-02
 8.15145690E-02
 1.13918637E-01
 8.80811996E-03
 1.19139404E-03
 4.66326520E-02
 1.09382480E-01
 1.34477375E-02
 3.84738596E-02
 8.12982487E-02
 1.22280413E-01
 2.29581194E-01
 0.00000000E+00
 5.88654434E-01
 0.00000000E+00
 0.00000000E+00
 0.00000000E+00
 0.00000000E+00
 0.00000000E+00
 0.00000000E+00
 0.00000000E+00
 0.00000000E+00
 0.00000000E+00
 3.24000318E-02
 1.07237743E-01
 1.23512727E-01
 3.87147725E-02
 1.60647493E-01
 3.79800352E-01
 1.97991642E-01
 8.50556689E-02
 1.83613809E-01
 1.00291706E-01
 1.24243066E-02
 3.02587123E-01
 4.17753212E-01
 1.97661490E-01
 1.18276533E-02
 7.84951199E-02
 9.23063057E-02
 1.18304522E-01
 3.80153449E-01
 2.21939300E-01
 1.87366180E-01
 8.85767527E-02
 1.09653636E-01
 0.00000000E+00
 0.00000000E+00
 0.00000000E+00
 0.00000000E+00
 0.00000000E+00
 3.15368671E-02
 1.00894294E-01
 9.65033474E-02
 8.77040222E-02
 2.87519513E-01
 3.97199471E-02
 2.82571344E-02
 1.48633877E-01
 4.30260151E-02
 5.19723611E-01
 0.00000000E+00
 2.46357594E-01
 1.45853613E-01
 1.69075185E-01
 1.46686503E-01
 2.25549100E-02
 1.74744506E-01
 3.00412715E-01
 0.00000000E+00
 0.00000000E+00
 0.00000000E+00
 5.45628502E-01
 0.00000000E+00
 2.32800321E-01
 1.53255542E-01
 6.54160589E-02
 7.72831667E-02
 1.31802113E-02
 9.99729251E-02
 2.40025169E-01
 1.73462716E-01
 1.00715608E-01
 8.16192739E-03
 1.96344239E-02
 1.22585544E-01
 2.94259802E-02
 6.31085116E-02
 1.17558538E-02
 9.49886726E-02
 1.33261469E-01
 1.35219705E-01
 1.15301077E-01
 7.59440676E-02
 1.51132716E-02
 1.31197545E-01
 8.66434281E-02
 3.35290740E-02
 1.21083638E-01
 1.37349070E-01
 1.10061463E-01
 4.20936216E-02
 1.28798464E-01
 2.65982235E-01
 8.60698150E-02
 3.11205525E-02
 2.82099366E-02
 2.60408835E-02
 1.07850732E-01
 2.95234694E-02
 1.98153842E-01
 1.47429447E-01
 6.89488055E-02
 1.39072841E-01
 2.22815688E-01
 2.70267671E-01
 7.47623002E-02
 7.27846065E-02
 1.42754636E-01
 1.49588684E-01
 1.64414147E-01
 2.57056972E-02
 5.04839682E-02
 2.26227784E-01
 1.67907792E-01
 1.82419038E-02
 1.04656621E-02
 2.68199534E-01
 2.41245568E-02
 4.28644422E-02
 5.63648090E-02
 2.30655538E-01
 3.35974668E-02
 1.55723116E-01
 7.81002621E-02
 7.49078574E-02
 1.17111329E-01
 1.15426832E-01
 7.57740929E-02
 2.08660633E-01
 1.89262094E-01
 1.88796245E-01
 1.58134174E-02
 4.94735841E-02
 1.67490031E-01
 3.80521277E-02
 5.54145212E-02
 6.70736676E-02
 1.29222810E-01
 5.70229911E-02
 1.44043903E-01
 4.08400568E-02
 2.63991623E-01
 2.63603454E-02
 3.48743240E-01
 1.92218820E-01
 6.08815580E-02
 6.94862834E-02
 5.37241464E-01
 3.90096458E-01
 7.07539317E-02
 2.68670353E-01
 6.71561979E-02
 4.94584039E-01
 6.84527792E-01
 6.57312066E-01
 7.91091172E-01
 0.00000000E+00
 0.00000000E+00
 0.00000000E+00
 0.00000000E+00
 0.00000000E+00
 0.00000000E+00
 0.00000000E+00
 0.00000000E+00
 0.00000000E+00
 0.00000000E+00
 0.00000000E+00
 0.00000000E+00
 0.00000000E+00
 1.33220301E-01
 7.95999329E-02
 4.68506936E-03
 2.87478033E-02
 1.26365903E-01
 2.98736922E-02
 4.01705276E-02
 1.37668363E-01
 1.82330703E-01
 2.53465725E-01
 2.86798021E-01
 7.99501676E-02
 4.48156955E-02
 1.86612622E-01
 1.53039062E-01
 1.69891011E-01
 4.53567060E-02
 2.57276734E-01
 1.74280306E-01
 1.79227290E-02
 2.85280510E-01
 7.89997699E-02
 1.00533898E-01
 1.99434390E-01
 1.46993782E-01
 2.33678632E-01
 2.82006906E-01
 2.36364704E-02
 1.88470568E-01
 1.88052850E-01
 1.53352015E-01
 7.05291313E-02
 2.02719031E-01
 4.63088185E-02
 9.29274115E-02
 1.61221252E-01
 9.21114560E-02
 5.97272341E-02
 1.25381543E-01
 1.46253506E-01
 1.66992037E-01
 6.38346812E-02
 7.70911969E-02
 1.23342661E-01
 2.54362887E-02
 3.28677034E-02
 5.87214602E-02
 1.80526836E-01
 2.33214603E-01
 1.53002010E-02
 4.72398089E-02
 4.42440660E-01
 1.47303286E-01
 0.00000000E+00
 0.00000000E+00
 0.00000000E+00
 0.00000000E+00
 0.00000000E+00
 0.00000000E+00
 6.24713508E-03
 2.29319296E-02
 1.07241561E-01
 1.47826177E-01
 1.35594882E-01
 1.16795647E-01
 6.72645497E-02
 2.14589379E-01
 1.60173566E-01
 1.68915795E-01
 2.65769174E-02
 1.43621148E-01
 1.75416381E-01
 2.85859328E-02
 9.88869632E-02
 1.73861161E-01
 1.76290442E-01
 9.99671724E-02
 4.14006788E-02
 2.76585221E-02
 1.33610365E-01
 2.16302558E-01
 2.54454392E-01
 1.60069605E-01
 1.69108940E-01
 1.94140243E-02
 1.00343080E-01
 4.67188542E-02
 8.14077418E-02
 8.76023353E-02
 6.04041358E-02
 1.25946435E-01
 5.72394118E-02
 2.65823824E-02
 3.94667214E-02
 1.05175029E-01
 9.60882112E-02
 6.69328565E-04
 6.02479426E-02
 5.29390447E-02
 2.04236840E-01
 0.00000000E+00
 5.19845913E-01
 0.00000000E+00
 0.00000000E+00
 0.00000000E+00
 0.00000000E+00
 0.00000000E+00
 0.00000000E+00
 0.00000000E+00
 0.00000000E+00
 0.00000000E+00
 5.58440394E-02
 7.34760456E-02
 1.42436957E-01
 9.39300085E-02
 1.65857315E-01
 3.43593692E-01
 1.79239864E-01
 1.13364600E-01
 1.56793921E-01
 1.00403476E-01
 7.59488911E-02
 3.46789573E-01
 4.18201557E-01
 1.78962910E-01
 1.34081168E-02
 5.29039756E-02
 1.24336427E-01
 1.04139553E-01
 3.32969566E-01
 1.82818150E-01
 1.35011399E-01
 7.69461814E-02
 1.05762939E-01
 0.00000000E+00
 0.00000000E+00
 0.00000000E+00
 0.00000000E+00
 0.00000000E+00
 1.24857261E-02
 9.17995364E-02
 1.40537897E-01
 8.39880374E-02
 2.93964248E-01
 7.79142715E-02
 1.48030470E-03
 1.73026780E-01
 2.13163380E-02
 5.64301753E-01
 0.00000000E+00
 2.49811886E-01
 1.72639666E-01
 1.53126577E-01
 1.72470679E-01
 2.92677052E-02
 1.57220459E-01
 2.82310198E-01
 0.00000000E+00
 0.00000000E+00
 0.00000000E+00
 5.77162380E-01
 0.00000000E+00
 1.85964417E-01
 1.40240727E-01
 2.85485909E-02
 3.25405136E-02
 5.37716162E-02
 8.14938705E-02
 2.13416437E-01
 1.64350805E-01
 1.56109838E-01
 3.65620856E-02
 2.38793194E-04
 1.14617822E-01
 5.49683704E-02
 2.54740499E-02
 4.18498314E-02
 1.10870749E-01
 1.53063682E-01
 1.79822119E-01
 9.74807377E-02
 3.11368181E-02
 5.23048864E-03
 1.49102728E-01
 1.37542918E-01
 5.16823774E-03
 1.13064449E-01
 1.81099914E-01
 9.05266019E-02
 6.55125833E-02
 1.12500746E-01
 2.37629049E-01
 7.35233523E-02
 1.07745365E-02
 6.78193684E-02
 6.05965747E-02
 9.49674697E-02
 5.50724014E-02
 2.09750975E-01
 1.87626828E-01
 1.53440842E-02
 1.03667345E-01
 2.08632324E-01
 2.87758864E-01
 8.24071346E-02
 9.43461015E-02
 1.08021013E-01
 1.20172439E-01
 1.46689634E-01
 5.31748369E-03
 7.49766401E-02
 2.13690357E-01
 1.50313701E-01
 1.97288125E-02
 2.16101242E-02
 2.86275442E-01
 3.20511310E-03
 6.67504233E-02
 6.46514472E-02
 2.39330276E-01
 1.00520306E-01
 1.90186015E-01
 8.14255907E-02
 7.52854947E-02
 1.55655852E-01
 9.75445808E-02
 1.04836272E-01
 2.01752349E-01
 1.79392856E-01
 1.82959983E-01
 8.92591040E-03
 7.18738492E-02
 1.69838901E-01
 4.32833187E-02
 5.23674905E-02
 8.72585317E-02
 1.19507415E-01
 5.40810700E-02
 1.65488552E-01
 1.82262716E-02
 2.79651961E-01
 1.13270689E-01
 4.56276271E-01
 2.66003605E-01
 1.29544129E-01
 1.16563034E-01
 6.45460733E-01
 4.99172369E-01
 4.69365812E-02
 3.56108909E-01
 1.24786809E-02
 5.54118322E-01
 6.63436510E-01
 6.48507722E-01
 8.11742680E-01
 0.00000000E+00
 0.00000000E+00
 0.00000000E+00
 0.00000000E+00
 0.00000000E+00
 0.00000000E+00
 0.00000000E+00
 0.00000000E+00
 0.00000000E+00
 0.00000000E+00
 0.00000000E+00
 0.00000000E+00
 0.00000000E+00
 1.20159260E-01
 1.24610337E-01
 3.14626882E-02
 1.07830106E-02
 1.18722552E-01
 5.58064470E-02
 5.44531691E-02
 6.15795413E-02
 1.25851575E-01
 2.25261907E-01
 2.99627698E-01
 8.69060274E-02
 5.94058734E-02
 1.31552413E-01
 1.21401299E-01
 1.50357787E-01
 6.83026755E-02
 2.31334228E-01
 1.54851203E-01
 2.82610209E-02
 2.99048525E-01
 6.84569855E-02
 1.04873095E-01
 1.73460286E-01
 1.06610789E-01
 2.15153764E-01
 2.98365479E-01
 2.45627169E-02
 2.19702470E-01
 2.40375689E-01
 2.18408122E-01
 1.17462197E-01
 2.59031856E-01
 7.00175084E-02
 1.38219139E-01
 2.29216279E-01
 7.46793098E-02
 1.21913358E-01
 1.43512029E-01
 1.42564257E-01
 1.64305887E-01
 1.35740486E-01
 1.07174184E-01
 1.53282122E-01
 4.06886425E-02
 6.60783474E-03
 3.76794300E-02
 1.58596695E-01
 1.56995368E-01
 8.16624668E-02
 3.81219999E-02
 4.13377702E-01
 7.19498440E-02
 0.00000000E+00
 0.00000000E+00
 0.00000000E+00
 0.00000000E+00
 0.00000000E+00
 0.00000000E+00
 1.32062201E-02
 3.86066509E-03
 1.24646921E-01
 1.71678636E-01
 1.81978016E-01
 9.72101404E-02
 4.96223929E-02
 1.51689129E-01
 1.28049263E-01
 1.49977579E-01
 6.24030740E-03
 1.60672157E-01
 1.36773421E-01
 2.87443493E-02
 9.90037298E-02
 1.98798807E-01
 1.54650498E-01
 1.00080330E-01
 6.32669629E-02
 8.03462852E-03
 1.13943985E-01
 2.08907894E-01
 2.20828158E-01
 1.27970838E-01
 1.50173794E-01
 5.75458848E-02
 9.45399704E-02
 7.09085664E-02
 1.02366918E-01
 1.15407466E-01
 3.93223498E-02
 1.37959167E-01
 1.23195378E-01
 5.43184866E-02
 3.23070851E-02
 1.00969721E-01
 1.78601739E-01
 3.97524557E-02
 3.92282178E-02
 1.62842390E-02
 1.78934603E-01
 0.00000000E+00
 4.51153880E-01
 0.00000000E+00
 0.00000000E+00
 0.00000000E+00
 0.00000000E+00
 0.00000000E+00
 0.00000000E+00
 0.00000000E+00
 0.00000000E+00
 0.00000000E+00
 7.92612112E-02
 3.97585673E-02
 1.61341194E-01
 1.49077016E-01
 1.71061461E-01
 3.07439427E-01
 1.60519339E-01
 1.41633511E-01
 1.30017438E-01
 1.00510782E-01
 1.39373063E-01
 3.90933086E-01
 4.18653956E-01
 1.60297851E-01
 1.49909818E-02
 2.73512274E-02
 1.56318088E-01
 8.99937046E-02
 2.85867765E-01
 1.43765937E-01
 8.27420069E-02
 6.53316565E-02
 1.01873937E-01
 0.00000000E+00
 0.00000000E+00
 0.00000000E+00
 0.00000000E+00
 0.00000000E+00
 6.54078107E-03
 8.27212288E-02
 1.84511683E-01
 8.02795958E-02
 3.00402448E-01
 1.16043668E-01
 3.11714816E-02
 1.97382535E-01
 3.59773343E-04
 6.08794851E-01
 0.00000000E+00
 2.53258181E-01
 1.99376284E-01
 1.37201782E-01
 1.98204388E-01
 3.59634072E-02
 1.39731628E-01
 2.64240969E-01
 0.00000000E+00
 0.00000000E+00
 0.00000000E+00
 6.08631184E-01
 0.00000000E+00
 1.86037010E-01
 1.40225298E-01
 2.86275486E-02
 3.26682663E-02
 5.36763303E-02
 8.15296622E-02
 2.13478903E-01
 1.64342180E-01
 1.55895130E-01
 3.64523482E-02
 3.01897783E-04
 1.14662709E-01
 5.48825681E-02
 2.55720045E-02
 4.17248091E-02
 1.10834203E-01
 1.53013850E-01
 1.79700285E-01
 9.75410908E-02
 3.12976737E-02
 5.16676093E-03
 1.49061514E-01
 1.37390771E-01
 5.24981277E-03
 1.13118532E-01
 1.80972794E-01
 9.05921781E-02
 6.54343436E-02
 1.12579545E-01
 2.37764068E-01
 7.34532742E-02
 1.09352517E-02
 6.76538939E-02
 6.04727254E-02
 9.50356996E-02
 5.49801772E-02
 2.09708997E-01
 1.87466925E-01
 1.55584216E-02
 1.03799945E-01
 2.08693851E-01
 2.87723302E-01
 8.23854517E-02
 9.42700724E-02
 1.08161190E-01
 1.20288963E-01
 1.46758523E-01
 5.39269442E-03
 7.48839746E-02
 2.13747190E-01
 1.50393038E-01
 1.97146804E-02
 2.14561443E-02
 2.86226145E-01
 3.29524238E-03
 6.66512110E-02
 6.45864037E-02
 2.39349871E-01
 1.00383286E-01
 1.90149057E-01
 8.14572956E-02
 7.53032500E-02
 1.55538548E-01
 9.76193050E-02
 1.04784023E-01
 2.01826629E-01
 1.79456138E-01
 1.82986841E-01
 8.82677724E-03
 7.18151698E-02
 1.69856775E-01
 4.32697599E-02
 5.23926486E-02
 8.71822613E-02
 1.19538337E-01
 5.41125470E-02
 1.65424274E-01
 1.83541435E-02
 2.79653380E-01
 1.13060344E-01
 4.56005689E-01
 2.65798561E-01
 1.29306114E-01
 1.16445152E-01
 6.45127552E-01
 4.98778903E-01
 4.70304390E-02
 3.55759540E-01
 1.21257825E-02
 5.53934986E-01
 6.63515763E-01
 6.48551175E-01
 8.11688558E-01
 0.00000000E+00
 0.00000000E+00
 0.00000000E+00
 0.00000000E+00
 0.00000000E+00
 0.00000000E+00
 0.00000000E+00
 0.00000000E+00
 0.00000000E+00
 0.00000000E+00
 0.00000000E+00
 0.00000000E+00
 0.00000000E+00
 1.20150931E-01
 1.24430029E-01
 3.13627520E-02
 1.08463715E-02
 1.18771003E-01
 5.57135557E-02
 5.43810069E-02
 6.19025756E-02
 1.26085399E-01
 2.25388744E-01
 2.99614279E-01
 8.68868741E-02
 5.93657481E-02
 1.31791840E-01
 1.21525507E-01
 1.50433046E-01
 6.82173652E-02
 2.31454952E-01
 1.54937539E-01
 2.82276197E-02
 2.99020208E-01
 6.85210489E-02
 1.04990132E-01
 1.73666307E-01
 1.06813102E-01
 2.15275243E-01
 2.98354819E-01
 2.45222751E-02
 2.19642441E-01
 2.40214282E-01
 2.18195278E-01
 1.17304826E-01
 2.58842156E-01
 6.99295795E-02
 1.38088267E-01
 2.28951340E-01
 7.47318883E-02
 1.21732621E-01
 1.43478950E-01
 1.42602190E-01
 1.64326085E-01
 1.35481501E-01
 1.07068641E-01
 1.53173848E-01
 4.04185276E-02
 6.73351811E-03
 3.78016832E-02
 1.58694769E-01
 1.57282096E-01
 8.12881319E-02
 3.77625285E-02
 4.13530867E-01
 7.23023223E-02
 0.00000000E+00
 0.00000000E+00
 0.00000000E+00
 0.00000000E+00
 0.00000000E+00
 0.00000000E+00
 1.32065149E-02
 3.72321215E-03
 1.24608885E-01
 1.71612263E-01
 1.81832601E-01
 9.72894254E-02
 4.97366193E-02
 1.51996129E-01
 1.28200170E-01
 1.50056951E-01
 6.32103919E-03
 1.60654951E-01
 1.36973393E-01
 2.87476691E-02
 9.90218362E-02
 1.98730571E-01
 1.54746757E-01
 1.00102890E-01
 6.31693648E-02
 8.14418632E-03
 1.14093223E-01
 2.09092312E-01
 2.21087238E-01
 1.28155379E-01
 1.50279088E-01
 5.73418012E-02
 9.46108875E-02
 7.08116694E-02
 1.02310804E-01
 1.15295326E-01
 3.94435761E-02
 1.37937135E-01
 1.22964643E-01
 5.42222008E-02
 3.23406226E-02
 1.01014634E-01
 1.78261814E-01
 3.95733752E-02
 3.93617826E-02
 1.59524753E-02
 1.79100489E-01
 0.00000000E+00
 4.51468976E-01
 0.00000000E+00
 0.00000000E+00
 0.00000000E+00
 0.00000000E+00
 0.00000000E+00
 0.00000000E+00
 0.00000000E+00
 0.00000000E+00
 0.00000000E+00
 7.92416942E-02
 3.99296184E-02
 1.61301502E-01
 1.48879031E-01
 1.71096103E-01
 3.07654050E-01
 1.60621609E-01
 1.41541918E-01
 1.30143757E-01
 1.00534212E-01
 1.39060238E-01
 3.90904500E-01
 4.18792379E-01
 1.60437389E-01
 1.49812440E-02
 2.74410686E-02
 1.56192310E-01
 9.00960380E-02
 2.86128816E-01
 1.44019446E-01
 8.29778524E-02
 6.54004979E-02
 1.01929866E-01
 0.00000000E+00
 0.00000000E+00
 0.00000000E+00
 0.00000000E+00
 0.00000000E+00
 6.50945558E-03
 8.27967305E-02
 1.84357772E-01
 8.03319650E-02
 3.00407031E-01
 1.15873823E-01
 3.10894632E-02
 1.97310800E-01
 2.43990835E-04
 6.08618354E-01
 0.00000000E+00
 2.53279727E-01
 1.99312692E-01
 1.37338190E-01
 1.98149434E-01
 3.60253429E-02
 1.39930956E-01
 2.64386817E-01
 0.00000000E+00
 0.00000000E+00
 0.00000000E+00
 6.08594290E-01
 0.00000000E+00
 2.32959469E-01
 1.53192738E-01
 6.56051556E-02
 7.76073663E-02
 1.29488737E-02
 1.00055040E-01
 2.40175480E-01
 1.73424727E-01
 1.00146962E-01
 7.87217394E-03
 1.97962652E-02
 1.22708646E-01
 2.92062476E-02
 6.33486189E-02
 1.14247768E-02
 9.49026683E-02
 1.33142107E-01
 1.34923675E-01
 1.15453723E-01
 7.63577520E-02
 1.52724239E-02
 1.31102698E-01
 8.62710153E-02
 3.37267054E-02
 1.21232123E-01
 1.37044349E-01
 1.10222884E-01
 4.19025813E-02
 1.29003518E-01
 2.66330999E-01
 8.58422061E-02
 3.15735460E-02
 2.77711528E-02
 2.57206063E-02
 1.08035860E-01
 2.92863088E-02
 1.98046241E-01
 1.47010134E-01
 6.95095398E-02
 1.39415101E-01
 2.22977481E-01
 2.70189595E-01
 7.47100489E-02
 7.25914809E-02
 1.43117462E-01
 1.49888164E-01
 1.64589845E-01
 2.58948472E-02
 5.02491079E-02
 2.26375554E-01
 1.68113020E-01
 1.82023297E-02
 1.08657604E-02
 2.68087437E-01
 2.43520826E-02
 4.26175772E-02
 5.61879287E-02
 2.30734761E-01
 3.32920582E-02
 1.55667771E-01
 7.82007673E-02
 7.49616950E-02
 1.16826061E-01
 1.15619311E-01
 7.56670344E-02
 2.08871213E-01
 1.89434070E-01
 1.88865974E-01
 1.60638607E-02
 4.93393507E-02
 1.67548070E-01
 3.80217489E-02
 5.54837967E-02
 6.68864134E-02
 1.29294903E-01
 5.71109674E-02
 1.43900042E-01
 4.11700476E-02
 2.64035912E-01
 2.58872345E-02
 3.48131886E-01
 1.91744815E-01
 6.03024799E-02
 6.92264508E-02
 5.36464030E-01
 3.89146800E-01
 7.09829342E-02
 2.67821875E-01
 6.80266184E-02
 4.94181007E-01
 6.84720406E-01
 6.57423003E-01
 7.90975729E-01
 0.00000000E+00
 0.00000000E+00
 0.00000000E+00
 0.00000000E+00
 0.00000000E+00
 0.00000000E+00
 0.00000000E+00
 0.00000000E+00
 0.00000000E+00
 0.00000000E+00
 0.00000000E+00
 0.00000000E+00
 0.00000000E+00
 1.33177115E-01
 7.91232942E-02
 4.42426356E-03
 2.89111860E-02
 1.26499609E-01
 2.96351845E-02
 3.99755489E-02
 1.38520557E-01
 1.82943467E-01
 2.53800895E-01
 2.86778746E-01
 7.99043652E-02
 4.47189370E-02
 1.87239364E-01
 1.53357774E-01
 1.70082631E-01
 4.51411419E-02
 2.57591897E-01
 1.74503100E-01
 1.78423787E-02
 2.85222799E-01
 7.91695735E-02
 1.00891638E-01
 2.00010279E-01
 1.47533872E-01
 2.34011621E-01
 2.82003115E-01
 2.35168151E-02
 1.88345173E-01
 1.87662724E-01
 1.52833609E-01
 7.01446189E-02
 2.02258019E-01
 4.60918671E-02
 9.26276738E-02
 1.60570581E-01
 9.22295478E-02
 5.92978082E-02
 1.25315967E-01
 1.46360163E-01
 1.67047288E-01
 6.32007951E-02
 7.68361429E-02
 1.23080973E-01
 2.61010694E-02
 3.31849813E-02
 5.90385988E-02
 1.80767124E-01
 2.33912372E-01
 1.62103393E-02
 4.81249265E-02
 4.42831120E-01
 1.48175530E-01
 0.00000000E+00
 0.00000000E+00
 0.00000000E+00
 0.00000000E+00
 0.00000000E+00
 0.00000000E+00
 6.21564217E-03
 2.33009341E-02
 1.07156126E-01
 1.47667304E-01
 1.35238831E-01
 1.16998787E-01
 6.75769402E-02
 2.15399909E-01
 1.60568401E-01
 1.69118880E-01
 2.67805536E-02
 1.43601224E-01
 1.75942026E-01
 2.85962352E-02
 9.89415199E-02
 1.73707470E-01
 1.76533338E-01
 1.00035090E-01
 4.11575677E-02
 2.79408653E-02
 1.34007818E-01
 2.16842108E-01
 2.55168891E-01
 1.60561868E-01
 1.69387630E-01
 1.88775834E-02
 1.00543842E-01
 4.64790313E-02
 8.12852669E-02
 8.73289225E-02
 6.07182876E-02
 1.25909637E-01
 5.66869906E-02
 2.63540523E-02
 3.95512413E-02
 1.05299972E-01
 9.52630730E-02
 2.27526517E-04
 6.05953707E-02
 5.37505019E-02
 2.04664449E-01
 0.00000000E+00
 5.20615799E-01
 0.00000000E+00
 0.00000000E+00
 0.00000000E+00
 0.00000000E+00
 0.00000000E+00
 0.00000000E+00
 0.00000000E+00
 0.00000000E+00
 0.00000000E+00
 5.58276433E-02
 7.39266186E-02
 1.42353729E-01
 9.34437083E-02
 1.65971396E-01
 3.44163764E-01
 1.79507295E-01
 1.13151484E-01
 1.57112329E-01
 1.00474008E-01
 7.51650432E-02
 3.46796580E-01
 4.18617447E-01
 1.79339498E-01
 1.33825194E-02
 5.31136720E-02
 1.24036618E-01
 1.04410926E-01
 3.33628496E-01
 1.83471367E-01
 1.35586709E-01
 7.71222665E-02
 1.05920104E-01
 0.00000000E+00
 0.00000000E+00
 0.00000000E+00
 0.00000000E+00
 0.00000000E+00
 1.25399129E-02
 9.20063000E-02
 1.40174024E-01
 8.41363869E-02
 2.93993376E-01
 7.75043364E-02
 1.30849034E-03
 1.72874649E-01
 2.16053171E-02
 5.63898341E-01
 0.00000000E+00
 2.49885019E-01
 1.72517506E-01
 1.53493240E-01
 1.72377772E-01
 2.94728510E-02
 1.57762014E-01
 2.82692542E-01
 0.00000000E+00
 0.00000000E+00
 0.00000000E+00
 5.77145754E-01
 0.00000000E+00
 2.79842408E-01
 1.66148116E-01
 1.02549089E-01
 1.22505280E-01
 2.77401650E-02
 1.18561584E-01
 2.66845676E-01
 1.82498578E-01
 4.44476020E-02
 2.06842203E-02
 3.92749406E-02
 1.30749742E-01
 3.55236157E-03
 1.01088371E-01
 1.88478436E-02
 7.89896447E-02
 1.13293366E-01
 9.01961980E-02
 1.33344998E-01
 1.21370291E-01
 3.56928129E-02
 1.13166210E-01
 3.52101243E-02
 6.21697179E-02
 1.29339934E-01
 9.31702855E-02
 1.29827231E-01
 1.83963560E-02
 1.45403540E-01
 2.94857860E-01
 9.82186416E-02
 5.21941828E-02
 1.20758843E-02
 9.00012686E-03
 1.21026052E-01
 3.61589598E-03
 1.86393319E-01
 1.06592295E-01
 1.23408191E-01
 1.74996704E-01
 2.37249587E-01
 2.52678636E-01
 6.70464624E-02
 5.09340438E-02
 1.78038453E-01
 1.79457828E-01
 1.82404472E-01
 4.63695511E-02
 2.56400989E-02
 2.38992737E-01
 1.85815444E-01
 1.66956239E-02
 4.31503150E-02
 2.49977189E-01
 4.53766093E-02
 1.86134885E-02
 4.78062570E-02
 2.22129321E-01
 3.37273028E-02
 1.21225887E-01
 7.49510846E-02
 7.46239170E-02
 7.81613240E-02
 1.33595329E-01
 4.65856395E-02
 2.15911140E-01
 1.99404256E-01
 1.94742184E-01
 4.09197659E-02
 2.68949633E-02
 1.65246652E-01
 3.27846101E-02
 5.85669676E-02
 4.66142118E-02
 1.39042664E-01
 6.01008437E-02
 1.22404101E-01
 6.39456751E-02
 2.48440713E-01
 6.11784426E-02
 2.40395029E-01
 1.17788868E-01
 8.60772890E-03
 2.20735991E-02
 4.27953387E-01
 2.79673263E-01
 9.48964077E-02
 1.80022259E-01
 1.48049845E-01
 4.34521333E-01
 7.05893978E-01
 6.66280515E-01
 7.70292851E-01
 0.00000000E+00
 0.00000000E+00
 0.00000000E+00
 0.00000000E+00
 0.00000000E+00
 0.00000000E+00
 0.00000000E+00
 0.00000000E+00
 0.00000000E+00
 0.00000000E+00
 0.00000000E+00
 0.00000000E+00
 0.00000000E+00
 1.46190842E-01
 3.38581119E-02
 2.24908994E-02
 4.69609873E-02
 1.34223489E-01
 3.58075139E-03
 2.55840202E-02
 2.15062511E-01
 2.39746049E-01
 2.82186595E-01
 2.73960887E-01
 7.29328757E-02
 3.00888501E-02
 2.42628355E-01
 1.85157912E-01
 1.89713355E-01
 2.20939078E-02
 2.83701085E-01
 1.94048765E-01
 7.47360890E-03
 2.71447988E-01
 8.97994568E-02
 9.67984100E-02
 2.26328154E-01
 1.88213792E-01
 2.52730969E-01
 2.65674146E-01
 2.25116646E-02
 1.57086264E-01
 1.35177430E-01
 8.75554473E-02
 2.30447694E-02
 1.45748777E-01
 2.22891475E-02
 4.72320563E-02
 9.22894475E-02
 1.09697087E-01
 3.06056927E-03
 1.07177904E-01
 1.50117641E-01
 1.69769447E-01
 8.98242923E-03
 4.66477779E-02
 9.30346080E-02
 9.25200437E-02
 5.95923650E-02
 8.02380283E-02
 2.02799567E-01
 3.10432976E-01
 1.13564398E-01
 1.33880073E-01
 4.72083637E-01
 2.23922362E-01
 0.00000000E+00
 0.00000000E+00
 0.00000000E+00
 0.00000000E+00
 0.00000000E+00
 0.00000000E+00
 2.56169143E-02
 5.02977177E-02
 8.97256069E-02
 1.23752476E-01
 8.87017106E-02
 1.36682281E-01
 8.53975537E-02
 2.78732202E-01
 1.92902117E-01
 1.88161620E-01
 4.72110784E-02
 1.26569702E-01
 2.14863685E-01
 2.84413894E-02
 9.88578227E-02
 1.48721153E-01
 1.98293234E-01
 9.99635606E-02
 1.91828297E-02
 4.77026296E-02
 1.53884557E-01
 2.24584168E-01
 2.89211329E-01
 1.92931880E-01
 1.88475919E-01
 1.95372801E-02
 1.06471051E-01
 2.21843710E-02
 6.02928254E-02
 5.94077266E-02
 8.19557078E-02
 1.13906043E-01
 9.49587244E-03
 1.47111515E-03
 4.67467957E-02
 1.09574490E-01
 1.23968480E-02
 3.90512073E-02
 8.17886339E-02
 1.23326559E-01
 2.30177232E-01
 0.00000000E+00
 5.89645245E-01
 0.00000000E+00
 0.00000000E+00
 0.00000000E+00
 0.00000000E+00
 0.00000000E+00
 0.00000000E+00
 0.00000000E+00
 0.00000000E+00
 0.00000000E+00
 3.24429575E-02
 1.07884362E-01
 1.23433679E-01
 3.80836268E-02
 1.60854562E-01
 3.80627435E-01
 1.98371626E-01
 8.48032568E-02
 1.84043526E-01
 1.00409757E-01
 1.13755580E-02
 3.02753360E-01
 4.18447314E-01
 1.98218975E-01
 1.17909112E-02
 7.87449145E-02
 9.19357749E-02
 1.18697540E-01
 3.81044627E-01
 2.22849192E-01
 1.88104711E-01
 8.88195926E-02
 1.09898007E-01
 0.00000000E+00
 0.00000000E+00
 0.00000000E+00
 0.00000000E+00
 0.00000000E+00
 3.15608847E-02
 1.01205941E-01
 9.60599013E-02
 8.79366653E-02
 2.87593631E-01
 3.92027201E-02
 2.84198197E-02
 1.48485344E-01
 4.34104926E-02
 5.19261397E-01
 0.00000000E+00
 2.46493682E-01
 1.45764447E-01
 1.69615456E-01
 1.46651620E-01
 2.29291359E-02
 1.75553088E-01
 3.00958034E-01
 0.00000000E+00
 0.00000000E+00
 0.00000000E+00
 5.45757601E-01
 0.00000000E+00
 3.65125376E-01
 2.24565359E-01
 1.29693654E-01
 1.00890689E-01
 5.01323257E-02
 1.48627430E-01
 3.02646789E-01
 2.33862978E-01
 7.20579283E-02
 2.94144993E-02
 9.22870675E-02
 1.11704027E-01
 3.65593766E-02
 1.28253459E-01
 2.64832226E-02
 1.16469362E-01
 1.58490062E-01
 5.91815498E-02
 1.65686582E-01
 9.86259562E-02
 9.09737020E-02
 1.61857760E-01
 4.28819387E-02
 7.32629991E-02
 1.10037294E-01
 6.28006303E-02
 1.61390821E-01
 5.22887892E-02
 1.75981538E-01
 3.32499940E-01
 2.01381690E-01
 3.57925889E-02
 7.23114793E-03
 5.36344511E-02
 9.90952749E-02
 3.66474563E-02
 2.21142024E-01
 1.44420382E-01
 5.72710887E-02
 1.38221043E-01
 2.38253475E-01
 1.68300515E-01
 3.19885021E-02
 5.34309549E-02
 1.39889102E-01
 1.67026844E-01
 1.74927141E-01
 1.14430085E-01
 3.01443849E-02
 2.41899657E-01
 1.79419001E-01
 6.95816956E-04
 4.64171105E-02
 1.66487528E-01
 1.14275090E-01
 5.22179413E-02
 4.87674491E-02
 2.57474317E-01
 1.60747475E-01
 4.03756701E-03
 1.57615569E-02
 7.42252564E-02
 3.17070235E-02
 1.66077176E-01
 4.59185663E-02
 1.05802751E-01
 1.10579537E-01
 1.41729305E-01
 1.24311699E-01
 1.82053357E-02
 8.53587392E-02
 3.25889139E-02
 1.19837972E-01
 6.06802279E-03
 1.05432578E-01
 1.21252835E-01
 1.02734964E-01
 1.39310511E-01
 2.47427073E-01
 2.83275714E-01
 6.06376622E-02
 1.22401120E-01
 1.57015433E-01
 2.05555299E-01
 6.77489376E-02
 2.72465992E-02
 2.63466405E-01
 9.34697381E-02
 3.33510042E-01
 4.38905266E-01
 7.76653209E-01
 7.44742760E-01
 8.08319404E-01
 0.00000000E+00
 0.00000000E+00
 0.00000000E+00
 0.00000000E+00
 0.00000000E+00
 0.00000000E+00
 0.00000000E+00
 0.00000000E+00
 0.00000000E+00
 0.00000000E+00
 0.00000000E+00
 0.00000000E+00
 0.00000000E+00
 2.05222125E-01
 5.57101689E-02
 3.67426824E-02
 1.00405168E-01
 1.15366605E-01
 3.60527692E-02
 5.10926299E-02
 1.57840328E-01
 2.07806760E-01
 2.83059168E-01
 1.87157776E-01
 2.83173479E-02
 3.84228380E-02
 2.09816349E-01
 1.71925222E-01
 1.78722880E-01
 7.80600773E-02
 2.86330482E-01
 1.83641150E-01
 2.00582297E-02
 1.85270882E-01
 1.09889981E-01
 1.94898706E-02
 1.27694334E-01
 1.53329412E-01
 2.51328780E-01
 1.77598904E-01
 5.34285503E-02
 7.45762564E-02
 8.56359136E-02
 1.00334090E-01
 2.11214842E-02
 9.25717411E-02
 1.33077078E-02
 9.34467702E-02
 1.05846859E-01
 9.59329323E-02
 1.20920699E-01
 8.92569451E-03
 7.43352719E-02
 1.21194623E-01
 8.27204179E-02
 2.47662788E-02
 1.86552960E-02
 1.12310771E-01
 9.11183902E-02
 1.23375928E-01
 1.52743065E-01
 4.70354941E-01
 3.30213982E-01
 3.22324435E-01
 5.75876097E-01
 4.16797001E-01
 0.00000000E+00
 0.00000000E+00
 0.00000000E+00
 0.00000000E+00
 0.00000000E+00
 0.00000000E+00
 7.19096113E-02
 6.22555754E-02
 1.29831408E-01
 1.64899447E-01
 5.54189673E-02
 1.71172765E-01
 8.33623384E-02
 2.46357600E-01
 1.80240204E-01
 1.77762449E-01
 1.16768331E-01
 1.46464010E-01
 1.88605603E-01
 4.55147383E-02
 1.32035507E-01
 1.75743828E-01
 1.81115278E-01
 1.34073408E-01
 4.94667955E-03
 1.18906498E-01
 1.88660876E-01
 9.73023757E-02
 2.08231689E-01
 1.80194915E-01
 1.77756567E-01
 2.38559538E-03
 6.69755967E-02
 1.36592591E-02
 4.87695125E-02
 2.00481753E-02
 1.02952743E-01
 1.01615168E-01
 1.40618203E-01
 8.21182369E-02
 9.15095586E-02
 1.59254363E-01
 9.82339218E-02
 1.05929668E-01
 1.25124876E-01
 1.91849865E-01
 2.58321297E-01
 0.00000000E+00
 6.79249550E-01
 0.00000000E+00
 0.00000000E+00
 0.00000000E+00
 0.00000000E+00
 0.00000000E+00
 0.00000000E+00
 0.00000000E+00
 0.00000000E+00
 0.00000000E+00
 2.67127021E-02
 1.30243854E-01
 1.73281141E-01
 4.05420340E-02
 1.29295795E-01
 3.31629225E-01
 1.89928847E-01
 7.59161796E-02
 1.32328773E-01
 1.35633402E-01
 2.43683341E-02
 1.15871105E-01
 2.92727622E-01
 1.89572767E-01
 7.76843115E-03
 1.36833130E-01
 2.60948388E-02
 9.00260977E-02
 3.70773023E-01
 2.62938713E-01
 3.31005825E-01
 1.90062935E-01
 1.60410533E-01
 0.00000000E+00
 0.00000000E+00
 0.00000000E+00
 0.00000000E+00
 0.00000000E+00
 9.53364781E-02
 7.20337573E-02
 6.44901424E-02
 4.94914284E-02
 1.86689200E-01
 2.67431331E-03
 1.69188298E-01
 7.53839467E-03
 1.15725387E-01
 4.88193196E-01
 0.00000000E+00
 2.86173347E-01
 1.64615582E-01
 1.99879725E-01
 1.65738300E-01
 1.03345050E-01
 2.07848055E-01
 4.02474987E-01
 0.00000000E+00
 0.00000000E+00
 0.00000000E+00
 5.45347397E-01
 0.00000000E+00
 4.49763205E-01
 2.66179658E-01
 1.54206678E-01
 1.20107039E-01
 1.27723752E-01
 2.33178425E-01
 3.81528637E-01
 2.68978759E-01
 6.30708181E-02
 3.78055285E-02
 7.62043766E-02
 1.36546591E-02
 1.41708533E-01
 1.52098998E-01
 3.69691574E-02
 9.45903612E-02
 8.09285400E-02
 8.20460620E-02
 2.87302700E-01
 1.18551787E-01
 7.69475358E-02
 8.39732251E-02
 7.47922389E-02
 1.41515754E-01
 1.24856551E-02
 7.92069070E-02
 2.48002622E-01
 1.55824977E-01
 2.94724540E-01
 4.12167107E-01
 3.26692865E-01
 1.23989168E-01
 4.43626944E-02
 1.87038794E-02
 5.53319361E-03
 1.42156282E-01
 3.13181685E-01
 1.74765052E-01
 4.18140565E-02
 1.13080524E-01
 1.63945682E-01
 1.92753181E-02
 1.78592980E-01
 6.28167920E-02
 1.17006000E-01
 9.96870779E-02
 4.27600958E-02
 2.64403117E-01
 9.60900149E-03
 1.68805029E-01
 4.42527040E-02
 1.44526727E-01
 3.35203155E-02
 1.90935043E-02
 2.65886926E-01
 1.58975594E-01
 1.91101090E-01
 3.48621438E-01
 3.46452123E-01
 1.72704221E-01
 1.23193202E-01
 6.08996501E-02
 1.28956993E-01
 2.87929235E-01
 1.93562470E-01
 4.37752803E-02
 4.47082150E-02
 4.26929333E-02
 2.91822471E-01
 1.33261681E-01
 5.20326565E-02
 1.85559067E-01
 3.07870341E-01
 9.66833398E-02
 5.66290597E-02
 3.11634483E-01
 1.96432777E-01
 2.96938974E-01
 3.35040406E-01
 5.36901768E-01
 3.89306169E-01
 3.96432565E-01
 3.75652098E-01
 4.58690635E-01
 2.99057745E-01
 3.45418055E-01
 4.61479820E-01
 3.74505019E-01
 5.29623488E-01
 5.12451346E-01
 8.57038859E-01
 8.30666384E-01
 8.54952483E-01
 0.00000000E+00
 0.00000000E+00
 0.00000000E+00
 0.00000000E+00
 0.00000000E+00
 0.00000000E+00
 0.00000000E+00
 0.00000000E+00
 0.00000000E+00
 0.00000000E+00
 0.00000000E+00
 0.00000000E+00
 0.00000000E+00
 2.69600370E-01
 5.82904229E-02
 4.78909597E-02
 8.19523822E-02
 1.41187608E-02
 1.44008731E-01
 5.19301895E-02
 1.62001476E-01
 1.88350802E-01
 2.07499001E-01
 3.25474200E-02
 1.80902563E-01
 5.36247016E-02
 1.93556783E-01
 9.76557502E-02
 3.89061149E-02
 7.19711394E-02
 2.11669002E-01
 4.01686770E-02
 3.63537804E-02
 3.15840821E-02
 1.90522164E-01
 1.57385052E-01
 5.30060899E-02
 1.23502936E-01
 1.68992570E-01
 1.99691740E-02
 3.34901907E-02
 1.36418243E-01
 1.39427424E-01
 1.08350860E-01
 6.18348238E-02
 1.46412317E-01
 2.47036301E-02
 9.00762307E-02
 1.12186148E-01
 1.20911443E-01
 2.96894073E-01
 1.33165485E-01
 6.53596383E-02
 5.77971445E-02
 1.76618714E-01
 6.62348655E-02
 5.15567138E-02
 1.56240964E-01
 1.04516091E-01
 1.85226585E-01
 1.95914534E-01
 6.27959848E-01
 5.20491215E-01
 4.93747816E-01
 6.41036756E-01
 5.30318685E-01
 0.00000000E+00
 0.00000000E+00
 0.00000000E+00
 0.00000000E+00
 0.00000000E+00
 0.00000000E+00
 1.64354716E-01
 3.97208489E-02
 1.10719908E-01
 8.52116270E-02
 8.73919159E-02
 2.95033364E-01
 4.84798378E-02
 2.02608591E-01
 1.10365601E-01
 4.28792457E-02
 2.68455375E-01
 1.12501879E-01
 1.12268708E-01
 1.69920449E-01
 3.02311767E-01
 8.28237623E-02
 4.12883371E-02
 3.07344086E-01
 1.18862562E-01
 2.70801671E-01
 3.11772486E-01
 9.96768075E-02
 8.74544043E-02
 1.09765485E-01
 4.22554533E-02
 2.46831947E-02
 9.05556680E-02
 2.83771455E-02
 2.24871168E-02
 1.73613584E-02
 1.59698242E-01
 1.35934058E-02
 3.53576763E-01
 2.35804597E-01
 2.19189082E-01
 3.31535515E-01
 2.58627227E-01
 1.80574388E-01
 1.89222617E-01
 3.00294283E-01
 2.78161155E-01
 0.00000000E+00
 7.58517099E-01
 0.00000000E+00
 0.00000000E+00
 0.00000000E+00
 0.00000000E+00
 0.00000000E+00
 0.00000000E+00
 0.00000000E+00
 0.00000000E+00
 0.00000000E+00
 1.68885445E-01
 4.70305194E-02
 9.34847729E-02
 8.09328266E-02
 1.88590070E-02
 1.86886424E-01
 4.75399948E-02
 1.20500609E-02
 1.85035899E-02
 3.12674906E-01
 1.53845150E-01
 1.57779755E-01
 5.92999587E-02
 4.68440176E-02
 1.56428381E-01
 2.09351554E-01
 4.94168233E-02
 1.26446914E-01
 3.40844678E-01
 2.88430825E-01
 5.42170282E-01
 3.92972750E-01
 3.39284234E-01
 0.00000000E+00
 0.00000000E+00
 0.00000000E+00
 0.00000000E+00
 0.00000000E+00
 2.49737488E-01
 6.54809611E-02
 8.00305058E-02
 8.83936994E-02
 6.93733642E-03
 1.38540223E-01
 3.77477772E-01
 2.12892253E-01
 2.72135528E-01
 4.81132750E-01
 0.00000000E+00
 4.05676597E-01
 2.74593590E-01
 3.16509016E-01
 2.77456712E-01
 2.58357254E-01
 3.26536859E-01
 5.53466983E-01
 0.00000000E+00
 0.00000000E+00
 0.00000000E+00
 6.02279448E-01
 0.00000000E+00
