 8.79063813E-05
 2.34082686E-05
 1.94766245E-08
 5.84546440E-08
 9.73933850E-08
 1.16877270E-07
 1.16898966E-07
 1.16838684E-07
 4.38499721E-09
 1.17058370E-07
 1.48368315E-04
 2.22453516E-05
 1.95920190E-08
 2.74264255E-08
 3.09761076E-07
 4.70600645E-07
 4.70560380E-07
 4.70422407E-07
 1.76297985E-08
 4.70619746E-07
 1.11143244E-04
 2.80046202E-05
 2.36671956E-08
 3.55466039E-08
 9.48324260E-08
 3.16397981E-07
 3.79883061E-07
 4.43227504E-07
 1.10485654E-07
 5.70501377E-07
 7.39237119E-05
 2.33807222E-05
 2.77953965E-08
 4.56605325E-08
 8.72551530E-08
 3.17597134E-07
 6.35283759E-07
 9.52741129E-07
 7.14060198E-08
 1.58887658E-06
 3.67030113E-05
 1.87573176E-05
 2.99791979E-08
 7.54082966E-08
 3.07651753E-07
 5.11144766E-07
 6.38298755E-07
 7.65223309E-07
 4.47246381E-07
 1.01994730E-06
 3.66113849E-05
 1.87362068E-05
 3.01797324E-08
 4.89078930E-09
 3.10070036E-07
 5.15821698E-07
 6.45125196E-07
 7.74111663E-07
 4.99343584E-07
 1.03314566E-06
 7.36442600E-05
 2.33167086E-05
 2.83587538E-08
 2.83579136E-08
 1.13647550E-07
 3.24394050E-07
 6.47938977E-07
 9.71080080E-07
 2.83699343E-07
 1.61899642E-06
 1.10669876E-04
 2.78967955E-05
 2.44732386E-08
 2.44700170E-08
 1.95416751E-07
 3.25540233E-07
 3.90265396E-07
 4.54844984E-07
 3.17297568E-07
 5.84800862E-07
 1.47694921E-04
 2.21510227E-05
 1.84781791E-08
 1.84780960E-08
 3.20108203E-07
 4.92494528E-07
 4.92498091E-07
 4.92220159E-07
 4.46967587E-08
 4.92619708E-07
 8.74983255E-05
 2.32890796E-05
 1.03414410E-08
 1.03373489E-08
 8.26394764E-08
 8.26410665E-08
 1.04834978E-08
 1.03447886E-08
 3.14657333E-10
 8.34077228E-09
