 2.44249065E-16
 1.35693925E-16
 3.60223025E-09
 1.07641285E-08
 1.80365722E-08
 2.16319655E-08
 2.15586736E-08
 2.17408895E-08
 8.01158064E-10
 2.10645044E-08
 0.00000000E+00
 1.35693925E-16
 3.53239933E-09
 4.93579666E-09
 5.56715936E-08
 8.43827861E-08
 8.44784872E-08
 8.48883109E-08
 3.19150233E-09
 8.42821579E-08
 1.22124533E-16
 2.71387850E-16
 4.13374892E-09
 3.22628098E-08
 1.63721559E-08
 5.42765506E-08
 6.50636760E-08
 7.63004143E-08
 1.93232757E-08
 9.70271902E-08
 1.22124533E-16
 1.35693925E-16
 4.69494108E-09
 7.68484829E-09
 1.48233222E-08
 5.35009404E-08
 1.07597499E-07
 1.62451091E-07
 1.21706468E-08
 2.68567568E-07
 0.00000000E+00
 2.71387850E-16
 4.89283569E-09
 4.72586983E-08
 5.02619337E-08
 8.37040905E-08
 1.05426934E-07
 1.27885136E-07
 7.37313645E-08
 1.70213956E-07
 1.22124533E-16
 2.71387850E-16
 4.75338102E-09
 1.41277746E-07
 4.85143124E-08
 8.02146118E-08
 1.00200119E-07
 1.21183115E-07
 7.85965538E-08
 1.60028119E-07
 0.00000000E+00
 2.71387850E-16
 4.29943344E-09
 4.30078319E-09
 1.70018554E-08
 4.86510149E-08
 9.87001331E-08
 1.50029570E-07
 4.30868805E-08
 2.47903595E-07
 1.22124533E-16
 2.71387850E-16
 3.56546037E-09
 3.57293227E-09
 2.88244537E-08
 4.81083550E-08
 5.82277634E-08
 6.88070753E-08
 4.72537497E-08
 8.76058136E-08
 0.00000000E+00
 1.35693925E-16
 2.58918744E-09
 2.58915868E-09
 4.49721965E-08
 6.91167901E-08
 6.90679292E-08
 6.98832481E-08
 1.42795140E-07
 6.86708909E-08
 1.22124533E-16
 0.00000000E+00
 1.37230303E-09
 1.38320378E-09
 1.11321273E-08
 1.11308028E-08
 9.37626181E-10
 1.35929345E-09
 6.70378953E-09
 3.11322854E-08
