 0.00000000E+00
 0.00000000E+00
 2.88790522E-07
 8.66575579E-07
 1.44436114E-06
 1.73325368E-06
 1.73325369E-06
 1.73325368E-06
 6.49759216E-08
 1.73325366E-06
 0.00000000E+00
 0.00000000E+00
 2.87228182E-07
 4.01996913E-07
 4.54153209E-06
 6.89878288E-06
 6.89878312E-06
 6.89878310E-06
 2.58535596E-07
 6.89878298E-06
 0.00000000E+00
 0.00000000E+00
 3.43046083E-07
 3.43044202E-07
 1.37439045E-06
 4.58512373E-06
 5.50608871E-06
 6.42705369E-06
 1.60192993E-06
 8.26898361E-06
 0.00000000E+00
 0.00000000E+00
 3.98325762E-07
 6.54117838E-07
 1.25029876E-06
 4.54988503E-06
 9.10628289E-06
 1.36626806E-05
 1.02359583E-06
 2.27754757E-05
 0.00000000E+00
 0.00000000E+00
 4.24799150E-07
 8.07480859E-07
 4.35879196E-06
 7.24128532E-06
 9.04482458E-06
 1.08483641E-05
 6.33951569E-06
 1.44554427E-05
 0.00000000E+00
 0.00000000E+00
 4.22872028E-07
 5.49622128E-07
 4.34398702E-06
 7.22571384E-06
 9.03899522E-06
 1.08522764E-05
 6.99905368E-06
 1.44788387E-05
 0.00000000E+00
 0.00000000E+00
 3.92929304E-07
 3.92929090E-07
 1.57456071E-06
 4.49308262E-06
 8.97969146E-06
 1.34663002E-05
 3.93225657E-06
 2.24395174E-05
 0.00000000E+00
 0.00000000E+00
 3.35334081E-07
 3.35334556E-07
 2.67758886E-06
 4.46010342E-06
 5.34827072E-06
 6.23643793E-06
 4.34908242E-06
 8.01277215E-06
 0.00000000E+00
 0.00000000E+00
 2.50432422E-07
 2.50432415E-07
 4.33801221E-06
 6.67377178E-06
 6.67377195E-06
 6.67377189E-06
 2.78249511E-08
 6.67377180E-06
 0.00000000E+00
 0.00000000E+00
 1.38551595E-07
 1.38551549E-07
 1.10770593E-06
 1.10770569E-06
 1.38551512E-07
 1.38551390E-07
 2.42349002E-08
 2.42367765E-08
