 0.00000000E+00
 0.00000000E+00
 5.95122182E-08
 1.78333694E-07
 2.97153535E-07
 3.56564230E-07
 3.56564199E-07
 3.56564295E-07
 1.33920491E-08
 3.56563993E-07
 0.00000000E+00
 0.00000000E+00
 5.79848611E-08
 8.12989666E-08
 9.12994631E-07
 1.38658434E-06
 1.38658359E-06
 1.38658380E-06
 5.21574745E-08
 1.38658417E-06
 0.00000000E+00
 0.00000000E+00
 6.76268222E-08
 6.76190395E-08
 2.68472075E-07
 8.91441351E-07
 1.06620032E-06
 1.24095938E-06
 3.14614420E-07
 1.59047694E-06
 0.00000000E+00
 0.00000000E+00
 7.67434877E-08
 1.26327837E-07
 2.42635408E-07
 8.79386142E-07
 1.75294574E-06
 2.62650600E-06
 1.97948054E-07
 4.37362573E-06
 0.00000000E+00
 0.00000000E+00
 8.00066019E-08
 1.51686808E-07
 8.23589635E-07
 1.37309081E-06
 1.72242361E-06
 2.07175552E-06
 1.19842486E-06
 2.77042014E-06
 0.00000000E+00
 0.00000000E+00
 7.78707568E-08
 1.01352367E-07
 7.97413008E-07
 1.32187099E-06
 1.64677429E-06
 1.97167855E-06
 1.28125840E-06
 2.62148554E-06
 0.00000000E+00
 0.00000000E+00
 7.07577965E-08
 7.07583341E-08
 2.80769536E-07
 8.06804543E-07
 1.61885904E-06
 2.43091400E-06
 7.05297878E-07
 4.05502302E-06
 0.00000000E+00
 0.00000000E+00
 5.90644176E-08
 5.90629973E-08
 4.76518351E-07
 7.96249901E-07
 9.58620660E-07
 1.12099172E-06
 7.75954041E-07
 1.44573386E-06
 0.00000000E+00
 0.00000000E+00
 4.31526131E-08
 4.31526868E-08
 7.50119786E-07
 1.15410187E-06
 1.15410137E-06
 1.15410188E-06
 4.82773189E-09
 1.15410165E-06
 0.00000000E+00
 0.00000000E+00
 2.33593591E-08
 2.33594708E-08
 1.87390366E-07
 1.87391054E-07
 2.33594376E-08
 2.33599892E-08
 4.09756302E-09
 4.10169097E-09
