 0.00000000E+00
 0.00000000E+00
 1.31593857E-06
 3.94329449E-06
 6.57064943E-06
 7.88432745E-06
 7.88432724E-06
 7.88432788E-06
 2.96125951E-07
 7.88432455E-06
 0.00000000E+00
 0.00000000E+00
 1.29053259E-06
 1.80939727E-06
 2.03195604E-05
 3.08597347E-05
 3.08597339E-05
 3.08597351E-05
 1.16081565E-06
 3.08597353E-05
 0.00000000E+00
 0.00000000E+00
 1.51472009E-06
 1.51459315E-06
 6.01340530E-06
 1.99670791E-05
 2.38814396E-05
 2.77958014E-05
 7.04693803E-06
 3.56245193E-05
 0.00000000E+00
 0.00000000E+00
 1.72981037E-06
 2.84742412E-06
 5.46902021E-06
 1.98213976E-05
 3.95114746E-05
 5.92015541E-05
 4.46175492E-06
 9.85817028E-05
 0.00000000E+00
 0.00000000E+00
 1.81455107E-06
 3.44029664E-06
 1.86791330E-05
 3.11419108E-05
 3.90648206E-05
 4.69877302E-05
 2.71804585E-05
 6.28335444E-05
 0.00000000E+00
 0.00000000E+00
 1.77690237E-06
 2.31276429E-06
 1.81961365E-05
 3.01637409E-05
 3.75777055E-05
 4.49916737E-05
 2.92369975E-05
 5.98195994E-05
 0.00000000E+00
 0.00000000E+00
 1.62435270E-06
 1.62435209E-06
 6.44550265E-06
 1.85214115E-05
 3.71633456E-05
 5.58052828E-05
 1.61911713E-05
 9.30891436E-05
 0.00000000E+00
 0.00000000E+00
 1.36394936E-06
 1.36394846E-06
 1.10041341E-05
 1.83876069E-05
 2.21371978E-05
 2.58867899E-05
 1.79189095E-05
 3.33859697E-05
 0.00000000E+00
 0.00000000E+00
 1.00232245E-06
 1.00232306E-06
 1.74235754E-05
 2.68071484E-05
 2.68071474E-05
 2.68071503E-05
 1.12136816E-07
 2.68071459E-05
 0.00000000E+00
 0.00000000E+00
 5.45714675E-07
 5.45714567E-07
 4.37772202E-06
 4.37772237E-06
 5.45713255E-07
 5.45715374E-07
 9.57285051E-08
 9.58205743E-08
