 3.81684329E+01
 6.33386869E+01
 6.23689078E+01
 1.82504860E+00
 1.02302030E+00
 8.22372117E-01
 2.40941098E-01
 5.46351454E-02
 2.93437817E-01
 4.00793421E-01
 2.05286825E-01
 8.22465968E-02
 5.02515470E+01
 7.57863582E+00
 1.18314088E-01
 4.85127823E-03
 1.42389620E-03
 1.63235443E-03
 2.09386717E-01
 3.59366617E-03
 1.13535916E+02
 1.38332669E-01
 2.70622259E-03
 1.15093336E-02
 2.56900645E-02
 1.52020610E-02
 2.04675269E-01
 3.00240227E-03
 2.88807685E+00
 1.18943782E-02
 4.11404264E-03
 4.06002638E-03
 1.45614941E-03
 3.01391918E+01
 4.04185706E+02
 8.50285972E+00
 1.27982847E+00
 9.04191248E-02
 6.40333139E-02
 1.96160009E-01
 1.66512825E-01
 1.13417275E+02
 1.49747076E-02
 7.06899949E-02
 1.95566811E-01
 1.42391834E+00
 1.79339885E+00
 4.99449509E-01
 1.99035801E-01
 6.87364439E-01
 1.06574723E+01
 4.04627478E-01
 1.00148432E+00
 1.26181673E+01
 2.13036632E+01
 1.61025513E+01
 1.86694618E+00
 4.28975803E-01
 5.81112088E-01
 2.06046041E-02
 1.07984226E-02
 2.98848871E-01
 3.97799735E-01
 2.88013952E-01
 8.80417822E-01
 1.28980710E+00
 7.23764685E-01
 9.32240410E-03
 8.59695445E-03
 1.45952542E-03
 1.61322853E-03
 4.41615962E-01
 1.03706386E+00
 1.73384800E+01
 2.31778626E-01
 5.10219523E-04
 1.04619028E-02
 2.62615349E-02
 1.54178462E-02
 5.83042539E-01
 1.22915793E+00
 2.11271644E+01
 9.91986760E-02
 2.70036575E-03
 4.26366205E-03
 8.69367542E-05
 1.91067522E+00
 2.03588272E+01
 4.06049871E-01
 6.89620272E-02
 4.46233018E-03
 7.19738645E-02
 6.33460193E-01
 1.10272511E+00
 9.10447330E-01
 1.40234280E-02
 6.37742750E-02
 4.29122290E-01
 2.29830448E+00
 1.37640415E-02
 1.28705126E-01
 2.55607426E-01
 6.29329978E-01
 1.49844443E-01
 9.69625849E-02
 1.00178537E+00
 3.49261137E-01
 4.25257225E-02
 1.96529753E+01
 5.64395874E-01
 3.77911673E-02
 8.75826170E-03
 2.37831811E-03
 5.94203777E-03
 3.11464183E-01
 4.01119096E-01
 2.74912963E-01
 2.98852237E-02
 3.30549222E+01
 6.00715389E-01
 3.12861034E-03
 1.57362684E-02
 1.68347975E-03
 1.74006402E-03
 2.09676926E-01
 4.85729184E+00
 4.43387749E+01
 1.59692733E+01
 5.67271749E-03
 9.62571776E-03
 2.69688939E-02
 1.58503608E-02
 2.05007244E-01
 2.16031887E+01
 1.34119982E+02
 2.66425288E-01
 4.54203120E-03
 4.62930022E-03
 4.74549549E-03
 2.32868718E+01
 4.45065940E+01
 1.06300100E+00
 1.89502294E-01
 6.95340635E-02
 8.60425116E-02
 1.81566541E-01
 5.61340910E-03
 1.21338953E+00
 4.12205019E-03
 5.60208106E-02
 1.84967718E-01
 4.04604272E+00
 1.70225473E-01
 1.15156529E-01
 1.91405837E-01
 5.85416993E-01
 2.18570887E-01
 3.99693445E-01
 6.75663350E-01
 7.39639994E-01
 6.85386194E-01
 4.08343561E+00
 3.65554611E-01
 5.75419841E-02
 6.66045884E-03
 5.18340408E-03
 8.96399008E-03
 3.15582295E-01
 3.97156783E-01
 2.75092619E-01
 2.99598567E-02
 1.32992039E+01
 4.87024125E-01
 1.14961493E-03
 1.42384409E-02
 1.74493549E-03
 1.47032618E-03
 2.09819988E-01
 3.53573866E-03
 1.10201420E+00
 4.19052257E-01
 6.46345316E-03
 9.01629424E-03
 2.72929826E-02
 1.58094474E-02
 2.05170818E-01
 2.95191516E-03
 1.23900817E+01
 4.83838713E-02
 3.93512552E-03
 4.74049558E-03
 4.54562225E-04
 2.00557015E-01
 2.57873101E-03
 1.04131451E+00
 1.30958361E-03
 1.50689559E-03
 8.95605831E-02
 1.22950535E-01
 2.20340908E-02
 2.56592379E-01
 5.01336107E-03
 5.46968260E-02
 1.40877174E-01
 5.39073275E+00
 6.76482788E-01
 6.21041174E-02
 1.59356277E-01
 5.64792594E-01
 3.03892132E-01
 3.78119136E-01
 6.64126249E-01
 3.58882925E-02
 6.65503592E-01
 6.04156801E+00
 3.18819993E-01
 6.01643772E-02
 1.61561554E-02
 8.68517812E-03
 4.16152300E-03
 3.13127516E-01
 3.87344909E-01
 3.91649604E-01
 8.89252922E-02
 1.50042633E+01
 6.24677472E-01
 1.70181619E-01
 1.20640546E-02
 2.30267357E-03
 2.00922813E-03
 3.55622806E-01
 6.75584178E-02
 4.16326787E+01
 4.15983143E+00
 1.29173940E-02
 8.32136430E-03
 2.83497183E-02
 1.68568867E-02
 3.40102624E-01
 5.70686751E-02
 6.80673307E-02
 2.51220591E-01
 1.47264619E-02
 5.39828466E-03
 2.80607734E-03
 3.24134059E-01
 4.61155611E-02
 1.06499662E+01
 1.36381165E-02
 2.90986933E-03
 9.19578259E-02
 1.67129264E-01
 1.81669308E+00
 8.83936607E-01
 1.08282238E-02
 5.50601812E-02
 1.74202358E-01
 1.22706033E+01
 3.44917428E+00
 1.72067893E-03
 1.83654928E-01
 7.97358445E-01
 1.29922030E+00
 3.94678341E-01
 6.73185023E-01
 1.02249223E+00
 1.03708227E+00
 1.36574539E+01
 7.58421114E+01
 4.97634538E-01
 2.25418548E-01
 1.29728632E-02
 1.26585572E-02
 3.21743218E-01
 3.87394035E-01
 3.89848689E-01
 1.13206284E-02
 1.60632366E+01
 1.48747047E-01
 1.07468123E-01
 1.02818234E-02
 2.91252314E-03
 2.34499171E-03
 4.39582928E-01
 1.08631633E-01
 1.40127147E+01
 2.22692645E-01
 4.39779388E-02
 8.68997640E-03
 2.92508921E-02
 1.76761209E-02
 4.17906605E-01
 9.18466238E-02
 8.22882194E+00
 2.38292157E+00
 8.99675308E-03
 2.33627228E-03
 3.96325669E-02
 3.95511492E-01
 7.44577631E-02
 7.17316872E+01
 3.14176727E-01
 3.58936515E-03
 9.31927782E-02
 1.96826309E-01
 1.33341245E+01
 4.45582294E-01
 2.46835042E-02
 5.60324447E-02
 2.01104033E-01
 8.22195673E+00
 2.29633132E+00
 3.43283055E-02
 2.39168843E-01
 5.60967650E-01
 9.03814324E-01
 4.41176133E-01
 6.98395040E-01
 1.01909014E+02
 1.67428124E+02
 3.52905807E+02
 8.46811251E+02
 5.07986067E+00
 7.65971957E-01
 3.12924755E-01
 2.04441390E-01
 4.39952121E-01
 4.87784792E-01
 2.51925203E-01
 2.12704469E-01
 2.04709240E+00
 7.07971310E-02
 1.40039674E-03
 8.61311135E-03
 3.47097521E-03
 2.43239063E-03
 4.40188255E-01
 1.09130937E-01
 4.77158000E+00
 3.16592966E-01
 8.85788979E-02
 9.97341393E-03
 2.99228028E-02
 1.82234489E-02
 4.18648823E-01
 9.24520292E-02
 1.82700344E+01
 1.88854708E+00
 7.56973739E-03
 6.63468963E-03
 4.51211128E-03
 3.96412645E-01
 7.51878873E-02
 1.59226415E+02
 2.14952782E+00
 3.59330441E-03
 9.32857595E-02
 1.97027663E-01
 6.27360252E+00
 1.79287513E+00
 7.67046842E-03
 5.78203255E-02
 2.10328759E-01
 5.54376820E+00
 2.31194321E+00
 6.31865502E-02
 3.18084348E-01
 7.67429987E+01
 6.94267608E-01
 5.12403654E-01
 7.36929173E-01
 1.06204004E-02
 6.32382114E-01
 8.69191278E+00
 2.73209741E+01
 2.62781963E+00
 3.02813844E-02
 7.36083951E-03
 1.21957472E-03
 3.17718422E-01
 3.68130949E-01
 1.13207638E-01
 4.38211422E-01
 8.15288504E-01
 4.22195815E+01
 2.59151420E-02
 5.17036129E-03
 4.24104757E-03
 3.21635278E-03
 4.40807339E-01
 1.09656001E-01
 3.66526585E+00
 1.53495547E+00
 1.65697832E-01
 1.05504488E-02
 3.11414697E-02
 1.97635792E-02
 4.19407345E-01
 9.30879351E-02
 2.53926181E+00
 1.18942305E+00
 5.03311897E-02
 7.41570399E-03
 3.56828720E-03
 3.97332943E-01
 7.59538191E-02
 3.39969092E+01
 2.58839847E-01
 5.19729257E-03
 9.23217932E-02
 1.97227473E-01
 7.23797818E+00
 3.68502791E-01
 3.87022572E-03
 6.09758986E-02
 2.19612646E-01
 6.13804941E+00
 4.82229578E+00
 5.30045495E-02
 3.97557941E-01
 9.08175885E+01
 6.32168580E-01
 5.84109054E-01
 7.75693770E-01
 5.31022928E+03
 8.76527540E+03
 8.94668689E+03
 4.73824349E+03
 5.55276736E+02
 2.52374775E+01
 1.33918337E+01
 8.30696671E+00
 4.63176369E+00
 4.28132221E+00
 2.81185637E-01
 1.07875115E+00
 5.13958742E-01
 2.18920688E+01
 1.24823329E-01
 1.17144582E-01
 1.91129454E-01
 2.24785150E-01
 6.08785292E-02
 6.89993518E-01
 2.55697494E-01
 2.02622029E-01
 1.65367611E-02
 9.72726280E-02
 1.89539810E-01
 2.03891491E-01
 3.69447122E-01
 1.44562970E-02
 1.79528417E+01
 4.36366846E-01
 5.54845485E-01
 7.73620675E-02
 1.13074359E-01
 3.98228803E-01
 7.66886798E-02
 2.52871778E+01
 5.62685843E+00
 6.52650701E-03
 5.90536826E-02
 2.69945298E-01
 4.27928195E+00
 3.07244229E+01
 1.55486069E-01
 9.17699446E-02
 3.23627990E-01
 1.32743310E+00
 1.43116978E-01
 1.88146716E-01
 4.95942645E-01
 7.41074716E+01
 7.51320228E-01
 6.56276870E-01
 8.14680486E-01
 5.81886795E-01
 3.09642259E-01
 2.32590760E+00
 2.11856484E+01
 4.78372809E-02
 3.64944583E-01
 5.07607685E-01
 5.61175164E-01
 7.09956159E-01
 7.24578241E-01
 2.20908446E-02
 6.59084163E-01
 6.23894737E-01
 1.75459841E+01
 1.34416543E+01
 2.80229443E-01
 4.46947145E-01
 5.22083053E-01
 2.21633408E-02
 5.58501487E-01
 9.18787110E-01
 5.70512176E+01
 5.10848578E-04
 2.19376541E-01
 4.03899028E-01
 4.50860790E-01
 3.78496796E-01
 2.80215720E-02
 2.59652659E+01
 3.23326497E-01
 9.04234799E-01
 1.73178174E-01
 2.70125379E-01
 3.99118274E-01
 7.74200348E-02
 3.68594540E+01
 3.66879216E+00
 1.48835887E-02
 1.41216868E-02
 3.67417981E-01
 2.05324850E+00
 1.55156062E+01
 4.04956089E-01
 1.32666213E-01
 4.60035495E-01
 4.69218725E-01
 8.41505563E-01
 5.19006883E-01
 6.01147552E-01
 3.74888909E+01
 8.66105861E-01
 7.28913536E-01
 8.53892792E-01
