 0.00000000E+00
 0.00000000E+00
 0.00000000E+00
 2.38536934E-02
 9.75083949E-05
 1.71246620E-04
 4.72922910E-05
 2.80547235E-04
 2.78486442E-01
 6.16748073E-01
 0.00000000E+00
 0.00000000E+00
 0.00000000E+00
 4.15135866E-02
 5.21278449E-05
 6.77576723E-05
 8.38151120E-04
 2.32714304E-03
 0.00000000E+00
 0.00000000E+00
 0.00000000E+00
 6.05151492E-05
 9.35188204E-05
 1.14769080E-04
 4.97644885E-03
 4.04364566E-02
 0.00000000E+00
 0.00000000E+00
 3.18841198E-02
 4.52943581E-06
 1.56948629E-05
 7.73703719E-05
 2.07861464E-02
 0.00000000E+00
 0.00000000E+00
 6.41595158E-01
 1.72468223E-01
 5.51368819E-02
 1.46248684E-02
 0.00000000E+00
 0.00000000E+00
 3.77746205E-02
 2.61125538E-05
 1.49059504E-02
 0.00000000E+00
 0.00000000E+00
 5.27259836E-03
 1.76994356E-02
 0.00000000E+00
 1.80575237E-01
 3.67898227E-02
 0.00000000E+00
 1.00000000E+00
 0.00000000E+00
 0.00000000E+00
 0.00000000E+00
 1.32583071E-01
 4.95277126E-05
 4.11965076E-05
 1.17058819E-04
 4.25580435E-04
 2.78751365E-01
 6.17075609E-01
 0.00000000E+00
 0.00000000E+00
 0.00000000E+00
 7.22893469E-02
 2.88998969E-05
 9.94296539E-05
 9.56318967E-04
 2.49607318E-03
 0.00000000E+00
 0.00000000E+00
 0.00000000E+00
 5.19414235E-05
 1.27224085E-05
 2.20327746E-04
 4.95875441E-03
 4.01454077E-02
 0.00000000E+00
 0.00000000E+00
 0.00000000E+00
 1.36301400E-05
 7.18782497E-05
 1.17914032E-04
 2.05526584E-02
 0.00000000E+00
 0.00000000E+00
 4.20612999E-02
 2.58657004E-02
 3.92905361E-03
 1.20441703E-02
 0.00000000E+00
 0.00000000E+00
 7.30005590E-02
 3.44816337E-05
 1.24484765E-02
 0.00000000E+00
 0.00000000E+00
 5.14678334E-03
 1.74192900E-02
 0.00000000E+00
 1.80547730E-01
 3.65970254E-02
 0.00000000E+00
 1.00000000E+00
 0.00000000E+00
 0.00000000E+00
 0.00000000E+00
 2.74544853E-01
 7.48608513E-06
 8.36661439E-05
 9.72787246E-05
 3.76431436E-04
 2.79151319E-01
 6.17441427E-01
 0.00000000E+00
 0.00000000E+00
 0.00000000E+00
 1.13289315E-01
 4.17412243E-05
 6.59827321E-05
 8.98768453E-04
 2.52121699E-03
 0.00000000E+00
 0.00000000E+00
 0.00000000E+00
 2.56493783E-02
 1.29573361E-05
 7.00004556E-05
 5.11721288E-03
 4.00264232E-02
 0.00000000E+00
 0.00000000E+00
 0.00000000E+00
 1.93610227E-02
 3.50331125E-05
 1.81148151E-06
 2.05695493E-02
 0.00000000E+00
 0.00000000E+00
 4.03722565E-01
 1.38050991E-01
 4.28774885E-02
 1.17997959E-02
 0.00000000E+00
 0.00000000E+00
 2.55788958E-02
 1.09138567E-04
 1.22154299E-02
 0.00000000E+00
 0.00000000E+00
 1.22787496E-01
 1.52704595E-02
 0.00000000E+00
 1.80589043E-01
 7.27169777E-02
 0.00000000E+00
 0.00000000E+00
 0.00000000E+00
 0.00000000E+00
 0.00000000E+00
 2.76758138E-01
 4.50662768E-05
 8.61411255E-05
 1.60129292E-04
 4.62145310E-04
 2.79438146E-01
 6.17713571E-01
 0.00000000E+00
 0.00000000E+00
 0.00000000E+00
 1.50031365E-01
 6.64548914E-05
 6.30302415E-06
 9.44372436E-04
 2.63380023E-03
 0.00000000E+00
 0.00000000E+00
 0.00000000E+00
 4.53223952E-02
 2.73238778E-05
 8.44201810E-05
 5.23299507E-03
 3.98941353E-02
 0.00000000E+00
 0.00000000E+00
 0.00000000E+00
 2.75428971E-03
 1.32735305E-05
 4.72158816E-05
 2.03931082E-02
 0.00000000E+00
 0.00000000E+00
 6.70507669E-01
 5.23232174E-05
 4.50273540E-05
 1.16430869E-02
 0.00000000E+00
 0.00000000E+00
 3.97625801E-02
 7.82388931E-05
 1.20681799E-02
 0.00000000E+00
 0.00000000E+00
 1.87372094E-01
 6.77370735E-03
 0.00000000E+00
 1.80663650E-01
 1.71784563E-01
 0.00000000E+00
 0.00000000E+00
 0.00000000E+00
 0.00000000E+00
 0.00000000E+00
 2.81497447E-01
 1.84868962E-05
 1.34133682E-06
 2.29613362E-04
 4.67817904E-04
 2.79791566E-01
 6.17986925E-01
 0.00000000E+00
 0.00000000E+00
 0.00000000E+00
 1.89072898E-01
 2.18066681E-05
 7.29120167E-05
 1.08473674E-03
 2.80886438E-03
 0.00000000E+00
 0.00000000E+00
 0.00000000E+00
 1.06923145E-01
 7.50246987E-05
 1.98128076E-04
 5.24231391E-03
 3.96587987E-02
 0.00000000E+00
 0.00000000E+00
 0.00000000E+00
 2.05188943E-02
 3.47771779E-05
 2.33352286E-05
 2.02936419E-02
 0.00000000E+00
 0.00000000E+00
 0.00000000E+00
 1.69759815E-04
 3.09335393E-05
 1.14703952E-02
 0.00000000E+00
 0.00000000E+00
 2.05796030E-01
 2.55078693E-05
 1.19461489E-02
 0.00000000E+00
 0.00000000E+00
 4.90338227E-01
 1.12736486E-03
 0.00000000E+00
 1.80606962E-01
 4.46980917E-01
 0.00000000E+00
 0.00000000E+00
 0.00000000E+00
 0.00000000E+00
 0.00000000E+00
 0.00000000E+00
 3.66346964E-02
 1.87714815E-05
 2.28104285E-04
 4.79325265E-04
 2.80120859E-01
 6.18212618E-01
 0.00000000E+00
 0.00000000E+00
 0.00000000E+00
 1.50423170E-01
 3.04800921E-05
 6.07565630E-05
 1.12217070E-03
 2.90150927E-03
 0.00000000E+00
 0.00000000E+00
 0.00000000E+00
 7.86741849E-05
 1.25607309E-04
 1.98909041E-04
 5.31393110E-03
 3.95207308E-02
 0.00000000E+00
 0.00000000E+00
 0.00000000E+00
 4.81221276E-02
 3.16358320E-05
 2.46016380E-04
 1.80103318E-02
 0.00000000E+00
 0.00000000E+00
 0.00000000E+00
 6.13261570E-05
 5.85467198E-05
 1.13323857E-02
 0.00000000E+00
 0.00000000E+00
 2.91287580E-01
 6.61886442E-03
 1.17992213E-02
 0.00000000E+00
 0.00000000E+00
 1.60323618E-01
 1.53781164E-03
 0.00000000E+00
 1.93084390E-01
 8.74425392E-02
 0.00000000E+00
 0.00000000E+00
 0.00000000E+00
 0.00000000E+00
 0.00000000E+00
 0.00000000E+00
 2.10067569E-03
 2.14349447E-05
 1.93986260E-04
 5.62648454E-04
 2.80374013E-01
 6.18362080E-01
 0.00000000E+00
 0.00000000E+00
 0.00000000E+00
 1.15841117E-01
 2.91370759E-05
 1.59732578E-05
 1.09024609E-03
 2.97482471E-03
 0.00000000E+00
 0.00000000E+00
 0.00000000E+00
 9.33636638E-02
 4.44593051E-05
 1.11451635E-04
 5.46940172E-03
 3.94915417E-02
 0.00000000E+00
 0.00000000E+00
 0.00000000E+00
 6.11195018E-02
 3.68014867E-05
 8.67242599E-05
 2.00386087E-02
 0.00000000E+00
 0.00000000E+00
 0.00000000E+00
 1.09484200E-02
 6.86782743E-06
 1.12459842E-02
 0.00000000E+00
 0.00000000E+00
 5.29672422E-01
 7.24698106E-05
 1.17458537E-02
 0.00000000E+00
 0.00000000E+00
 8.39680013E-02
 7.80339146E-03
 0.00000000E+00
 0.00000000E+00
 2.11609397E-01
 0.00000000E+00
 0.00000000E+00
 0.00000000E+00
 0.00000000E+00
 0.00000000E+00
 0.00000000E+00
 7.79073850E-02
 2.29067470E-05
 1.56374356E-04
 5.42116683E-04
 2.80714134E-01
 6.18520546E-01
 0.00000000E+00
 0.00000000E+00
 0.00000000E+00
 0.00000000E+00
 1.12109183E-02
 2.39911128E-05
 1.13112070E-03
 3.06558853E-03
 0.00000000E+00
 0.00000000E+00
 0.00000000E+00
 3.61222402E-02
 3.62108718E-06
 1.21951873E-04
 5.53511705E-03
 3.93554268E-02
 0.00000000E+00
 0.00000000E+00
 0.00000000E+00
 1.14724100E-02
 1.03295399E-05
 6.08005506E-05
 1.99792882E-02
 0.00000000E+00
 0.00000000E+00
 0.00000000E+00
 5.60477110E-05
 7.49391141E-05
 1.11432485E-02
 0.00000000E+00
 0.00000000E+00
 4.37552755E-01
 8.59330974E-05
 1.16337751E-02
 0.00000000E+00
 0.00000000E+00
 5.01915802E-02
 1.70151640E-02
 0.00000000E+00
 0.00000000E+00
 4.41518987E-01
 0.00000000E+00
 0.00000000E+00
 0.00000000E+00
 0.00000000E+00
 0.00000000E+00
 0.00000000E+00
 6.91901580E-05
 2.72933979E-02
 8.16186110E-02
 1.35248434E-01
 3.88174476E-01
 6.75461525E-01
 0.00000000E+00
 0.00000000E+00
 0.00000000E+00
 0.00000000E+00
 2.75013043E-05
 2.83074316E-02
 8.37898181E-02
 1.38233171E-01
 0.00000000E+00
 0.00000000E+00
 0.00000000E+00
 3.01920670E-01
 5.09425047E-05
 2.89874889E-02
 9.07768277E-02
 1.68341045E-01
 0.00000000E+00
 0.00000000E+00
 0.00000000E+00
 9.84591174E-02
 9.81940456E-05
 2.90044236E-02
 9.63417401E-02
 0.00000000E+00
 0.00000000E+00
 0.00000000E+00
 3.86517071E-02
 1.77413611E-04
 3.24489038E-02
 0.00000000E+00
 0.00000000E+00
 0.00000000E+00
 2.82730186E-02
 3.26712968E-02
 0.00000000E+00
 0.00000000E+00
 3.27606718E-01
 9.32735929E-02
 0.00000000E+00
 0.00000000E+00
 6.27031877E-01
 0.00000000E+00
 0.00000000E+00
 0.00000000E+00
 0.00000000E+00
 0.00000000E+00
 0.00000000E+00
 2.69292363E-02
 6.19020711E-02
 1.84927616E-01
 3.06656814E-01
 5.23602292E-01
 7.47231254E-01
 0.00000000E+00
 0.00000000E+00
 0.00000000E+00
 0.00000000E+00
 3.21608033E-03
 6.41821624E-02
 1.91172063E-01
 3.16751065E-01
 0.00000000E+00
 0.00000000E+00
 0.00000000E+00
 0.00000000E+00
 5.89903959E-03
 6.59097454E-02
 1.98670057E-01
 3.31795997E-01
 0.00000000E+00
 0.00000000E+00
 0.00000000E+00
 2.67555427E-01
 2.53499127E-02
 6.58701887E-02
 1.93129767E-01
 0.00000000E+00
 0.00000000E+00
 0.00000000E+00
 1.02364980E-01
 1.05708304E-02
 5.94108338E-02
 0.00000000E+00
 0.00000000E+00
 0.00000000E+00
 6.39626461E-02
 5.92967606E-02
 0.00000000E+00
 0.00000000E+00
 6.73805526E-01
 1.87039274E-01
 0.00000000E+00
 0.00000000E+00
 8.18977422E-01
 0.00000000E+00
 0.00000000E+00
