 3.80865039E-05
 2.83652671E-05
 3.40480993E-04
 1.93379520E-04
 1.23578316E-04
 6.46701242E-05
 1.51052115E-04
 3.11091151E-04
 2.77210939E-01
 0.00000000E+00
 6.15426767E-05
 3.34555006E-06
 5.55921092E-05
 6.91319017E-05
 7.65863264E-05
 3.55288282E-05
 1.78394148E-03
 5.34939363E-03
 1.09753112E-05
 6.31782705E-06
 4.19115670E-04
 1.97294078E-04
 2.41982924E-04
 5.03779654E-04
 4.29688421E-02
 1.27953910E-01
 3.24472438E-06
 7.61060839E-06
 6.78898834E-04
 1.63838070E-04
 3.94136734E-04
 5.30863811E-03
 8.52969572E-02
 1.43806730E-04
 5.03932250E-04
 6.27223792E-04
 2.94061238E-05
 4.05769376E-04
 6.98908023E-02
 1.70861390E-04
 1.81798692E-04
 1.22283440E-03
 2.95848823E-03
 6.34367538E-02
 1.82570322E-03
 9.32611320E-03
 3.40967099E-03
 6.23075094E-02
 3.52328291E-03
 1.59238472E-02
 9.32190459E-02
 3.33365892E-01
 7.11833088E-01
 2.45307077E-05
 1.04887169E-05
 6.26086027E-05
 1.22194276E-04
 4.99114980E-07
 7.72872850E-05
 1.30688754E-04
 2.96201774E-04
 2.77600902E-01
 0.00000000E+00
 5.32533784E-05
 1.13106949E-05
 9.47213618E-05
 3.35749441E-05
 6.40214444E-05
 2.34394244E-05
 1.95444741E-03
 5.76106717E-03
 9.00183973E-06
 7.10213168E-06
 3.63105955E-04
 2.10879590E-04
 2.46724519E-04
 5.35861597E-04
 4.24101775E-02
 1.27929031E-01
 1.49076383E-05
 3.60403764E-06
 1.66269902E-03
 1.12188513E-04
 2.03262209E-04
 4.57897941E-03
 8.52656937E-02
 4.71253874E-05
 1.20142593E-04
 8.73247353E-04
 1.02357402E-04
 2.80927904E-04
 5.99996156E-02
 1.66381113E-04
 1.99969043E-04
 1.32634345E-03
 2.77676999E-03
 5.47292571E-02
 1.81397027E-03
 8.56447181E-03
 3.42381213E-03
 6.29154249E-02
 3.51423080E-03
 1.75596002E-02
 9.37207818E-02
 3.33365940E-01
 7.10325527E-01
 5.63659690E-05
 2.25348955E-05
 2.90803280E-05
 2.52067452E-04
 4.54813489E-06
 6.07934556E-05
 1.63526640E-04
 3.33982795E-04
 2.77950296E-01
 0.00000000E+00
 2.73796072E-05
 5.13913084E-05
 5.12099595E-05
 5.65133791E-05
 4.25387895E-06
 4.93048537E-05
 2.16158794E-03
 6.33221886E-03
 1.01231387E-04
 9.35304911E-05
 9.14149659E-05
 4.72209138E-06
 1.17762688E-04
 5.84671221E-04
 4.21620793E-02
 1.27918146E-01
 5.82524030E-05
 2.84885857E-05
 7.71998212E-04
 6.26053814E-05
 1.42129870E-04
 4.52503350E-03
 8.52943334E-02
 7.68654900E-05
 1.90401029E-04
 1.66705527E-03
 2.73291020E-06
 1.49172198E-04
 6.00596410E-02
 1.61605189E-04
 2.15500129E-04
 1.35744327E-03
 2.80424917E-03
 5.50396662E-02
 1.79857764E-03
 7.74925564E-03
 3.44594974E-03
 6.29295074E-02
 3.48491417E-03
 1.92772236E-02
 9.46924992E-02
 3.33381958E-01
 7.09629550E-01
 1.20767036E-05
 4.88548282E-05
 2.71853958E-05
 9.92760394E-04
 4.40253592E-05
 3.90634761E-05
 2.39912377E-04
 3.78897123E-04
 2.78296645E-01
 0.00000000E+00
 5.67407263E-05
 6.22539315E-05
 4.80124779E-05
 1.72005610E-05
 9.52777457E-06
 8.49829010E-05
 2.35969028E-03
 6.88402968E-03
 2.82567764E-06
 6.73202731E-05
 4.02539834E-05
 1.00934070E-04
 5.46578267E-05
 6.41096301E-04
 4.19163115E-02
 1.27991829E-01
 2.88733013E-05
 2.39963462E-05
 2.12975595E-04
 8.44713139E-05
 5.22799385E-05
 4.51628521E-03
 8.53959693E-02
 4.14739932E-05
 3.22259604E-05
 4.80886975E-03
 1.03546481E-04
 6.56332972E-05
 6.06518139E-02
 1.67637100E-04
 2.37622534E-04
 1.26042229E-03
 2.85523198E-03
 5.54933101E-02
 1.81362517E-03
 6.93318978E-03
 3.83546464E-03
 6.13843027E-02
 3.50190746E-03
 2.10352815E-02
 9.70502168E-02
 3.33364945E-01
 7.09614063E-01
 8.51222095E-06
 5.51549453E-05
 3.71920011E-05
 4.12645470E-04
 3.39241124E-05
 6.99874867E-05
 1.66711237E-04
 3.54616084E-04
 2.78672269E-01
 0.00000000E+00
 6.40003661E-05
 3.46258348E-05
 7.46424313E-05
 8.09738461E-05
 4.22925777E-05
 6.03984323E-05
 2.46450761E-03
 7.28236844E-03
 2.35357688E-05
 2.88885938E-06
 2.26888297E-04
 7.94179993E-05
 1.95025442E-04
 5.59974296E-04
 4.16894400E-02
 1.28153927E-01
 1.60433574E-05
 2.84214178E-05
 3.02677476E-04
 8.41007126E-05
 2.46654890E-04
 4.42984614E-03
 8.55759526E-02
 4.63041966E-05
 3.40230684E-06
 6.66929085E-04
 1.53205511E-04
 1.76613098E-04
 6.12796485E-02
 1.73869767E-04
 2.25515765E-04
 8.88357099E-04
 2.89621732E-03
 5.61234589E-02
 1.82917895E-03
 6.02432319E-03
 4.37726779E-03
 5.99011361E-02
 3.51962778E-03
 2.28395667E-02
 9.95664686E-02
 3.33347480E-01
 7.09598440E-01
 2.95929546E-05
 3.45650238E-05
 1.41545445E-04
 1.67599039E-04
 2.35964410E-05
 8.10980084E-05
 1.69719062E-04
 3.79714783E-04
 2.79008954E-01
 0.00000000E+00
 5.09422917E-05
 4.33272563E-05
 6.65276058E-05
 1.09519680E-03
 4.96655992E-05
 6.49573462E-05
 2.59570034E-03
 7.73285809E-03
 1.53420474E-05
 3.84514710E-06
 2.98177892E-04
 1.22801705E-04
 2.27040521E-04
 5.65136133E-04
 4.16489517E-02
 1.28341442E-01
 1.72669878E-05
 3.95830205E-05
 1.10288249E-03
 9.35838250E-05
 2.75631557E-04
 2.57595926E-03
 9.70235172E-02
 3.31978227E-05
 2.51568310E-05
 2.48349625E-03
 1.34819557E-04
 2.04044477E-04
 6.19523277E-02
 1.74584687E-04
 4.31214767E-04
 4.66351526E-04
 2.07425618E-03
 5.67175101E-02
 1.85262521E-03
 5.40928222E-03
 1.18573176E-02
 6.78113063E-02
 3.52332231E-03
 2.48150952E-02
 1.47280589E-01
 3.33342623E-01
 7.09588371E-01
 8.51014373E-05
 6.88379754E-07
 1.06758233E-04
 1.95135466E-03
 9.37148807E-05
 6.87139461E-05
 2.54446520E-04
 4.57596303E-04
 2.79302724E-01
 0.00000000E+00
 2.34551616E-05
 8.44176194E-05
 1.09380052E-04
 2.69963956E-04
 3.19419672E-05
 9.96922365E-05
 2.75228602E-03
 8.23286023E-03
 1.54812706E-05
 4.25278696E-05
 1.56345994E-04
 1.26475118E-04
 1.85514617E-04
 6.50660656E-04
 4.17720042E-02
 1.28552262E-01
 3.18567609E-05
 5.52561073E-05
 2.01732435E-04
 7.69227127E-05
 1.82097188E-04
 4.57162076E-03
 8.60131953E-02
 1.07542896E-05
 4.45815086E-05
 3.89129192E-04
 9.77713153E-05
 1.91768282E-04
 6.26695913E-02
 1.69165784E-04
 2.11019703E-04
 4.79522586E-03
 2.98995495E-03
 5.73388648E-02
 1.87232810E-03
 4.24331190E-03
 2.35901047E-02
 7.53642870E-02
 3.51092370E-03
 1.99057868E-02
 2.39138123E-01
 3.33350336E-01
 7.09583838E-01
 2.04481081E-05
 3.19347997E-05
 6.15410240E-05
 2.06809400E-04
 1.09768156E-04
 9.20833752E-05
 2.10517629E-04
 4.72722235E-04
 2.79619245E-01
 0.00000000E+00
 3.68337647E-05
 4.07933332E-05
 1.13600950E-05
 9.10305877E-04
 7.13307231E-05
 8.08117800E-05
 2.81573069E-03
 8.57560007E-03
 2.74606691E-06
 1.34366734E-06
 1.60824903E-05
 1.12720085E-04
 2.05579539E-04
 6.10684623E-04
 4.19024390E-02
 1.28837465E-01
 4.19450824E-05
 6.12003355E-05
 4.89841168E-05
 8.82963308E-05
 1.86277473E-04
 4.61775441E-03
 8.63147638E-02
 4.86401547E-05
 1.30707420E-05
 1.12718882E-04
 1.61921217E-04
 1.99097299E-04
 6.34220669E-02
 1.63909246E-04
 2.11343078E-04
 6.44702626E-03
 3.08874472E-03
 5.79782948E-02
 1.81134168E-03
 3.34296136E-03
 3.69520526E-02
 8.23854335E-02
 3.48482180E-03
 1.25471307E-02
 3.31857678E-01
 3.33357328E-01
 7.09579051E-01
 4.18818519E-05
 5.53815385E-06
 8.31670596E-05
 1.98188883E-04
 4.75006993E-05
 2.52747036E-02
 7.52729454E-02
 1.24996854E-01
 3.79135013E-01
 0.00000000E+00
 4.99304074E-05
 9.23394202E-06
 7.05770064E-05
 2.25641113E-03
 2.46590729E-05
 2.66043735E-02
 7.79061746E-02
 1.27913296E-01
 1.31344717E-05
 3.98264607E-05
 2.84747192E-05
 1.05321225E-03
 1.52227855E-04
 2.97211139E-02
 6.39316623E-02
 2.88717929E-01
 1.44460224E-05
 3.11361282E-05
 9.45818098E-05
 3.73359614E-04
 2.16031053E-04
 3.85616393E-02
 2.17723552E-01
 6.05493229E-05
 2.38433591E-06
 2.98925256E-05
 2.43785543E-04
 4.03877423E-04
 1.23804308E-01
 3.38710398E-02
 3.41982121E-02
 2.92273513E-02
 4.70590464E-02
 1.15271666E-01
 9.56629191E-02
 9.57863071E-02
 1.36624640E-01
 2.05052605E-01
 1.50479920E-01
 1.46957640E-01
 4.38555945E-01
 4.43930622E-01
 7.57743502E-01
 8.20125288E-05
 1.43892308E-05
 3.03531858E-05
 1.69903733E-04
 5.57520171E-05
 5.91561448E-02
 1.76907304E-01
 2.93920524E-01
 5.12880729E-01
 0.00000000E+00
 4.55606530E-05
 3.40773053E-05
 7.76788121E-05
 2.85971736E-05
 7.58941079E-05
 6.24907427E-02
 1.86666265E-01
 3.11647967E-01
 3.08795282E-06
 8.91539137E-05
 1.04357199E-04
 8.17165156E-04
 2.23385117E-04
 7.06976492E-02
 2.06893866E-01
 5.03874722E-01
 9.04161412E-06
 3.17434971E-05
 1.08009310E-04
 8.92922813E-05
 3.58772925E-04
 9.69682125E-02
 3.94540193E-01
 5.34705330E-05
 1.01689771E-05
 4.28720422E-04
 7.36014191E-04
 1.05178148E-03
 2.04861136E-01
 7.92219005E-02
 8.00190950E-02
 7.79836607E-02
 1.15019374E-01
 1.92203016E-01
 2.25525787E-01
 2.27530660E-01
 2.66978768E-01
 3.67820394E-01
 3.55623446E-01
 3.56985497E-01
 5.50724481E-01
 5.91264426E-01
 8.21926035E-01
