 3.17470266E-03
 5.87612208E-03
 5.62824814E-01
 2.81252738E-01
 8.79205699E-02
 1.62876242E-02
 3.02574202E-01
 2.19424463E-01
 5.11471445E-01
 8.27890403E-01
 1.65414126E-04
 2.24348970E-04
 1.72178966E-01
 6.99472452E-02
 6.06908042E-02
 5.89501569E-02
 7.73852995E-02
 3.31068509E-02
 1.00315697E-01
 1.99931406E-01
 2.68021260E-01
 7.26205638E-01
 8.39766307E-01
 3.28755650E+00
 3.90719127E-01
 5.02257971E-01
 3.30335595E-03
 7.98741141E-03
 3.76176818E-01
 5.72236630E-01
 1.67971535E-01
 4.37979823E-01
 3.40887954E-01
 5.27599376E-02
 2.84087143E-01
 2.08113887E+00
 1.59827786E-01
 5.21779292E-01
 4.00559586E-01
 7.61577738E-04
 4.96334159E-03
 7.06522115E-02
 4.23848903E-01
 5.81639892E-01
 6.72852056E-04
 1.54779413E-01
 1.50084383E-02
 1.05149604E-01
 1.36436244E-04
 5.62393165E-01
 1.98539280E-01
 2.65554488E-01
 1.69962345E+00
 2.65741000E-03
 4.85760350E-03
 2.56327116E-01
 4.20357595E-03
 1.45873010E-01
 3.26211398E-01
 6.42399997E-02
 2.32877905E-01
 5.69317730E-01
 8.56905183E-01
 1.61619233E-04
 2.30277057E-04
 1.41586356E-01
 2.95120058E-01
 2.16792362E-02
 1.40080095E+00
 3.38379361E+00
 2.51485111E-01
 1.40475309E-02
 2.84397400E-02
 1.70930590E-01
 2.21180024E-01
 1.06070371E+00
 2.22002058E+00
 3.58223171E-01
 2.00577573E-01
 1.78722902E-02
 3.71075961E-02
 7.28308643E-01
 1.32129176E+00
 1.87138950E+00
 4.21954591E-01
 3.72442872E-01
 9.23357830E-02
 4.73302279E-02
 9.11644079E-01
 2.70026441E+00
 1.52428458E+00
 7.54355242E-01
 2.18191306E-03
 3.17156828E-02
 2.91876031E-02
 1.29540936E-01
 4.42001765E-01
 6.67636994E-04
 2.34586641E-01
 2.54926186E-01
 3.38747174E-01
 1.33559677E-04
 3.81877311E-01
 1.54641430E-01
 2.65566233E-01
 1.74088848E+00
 4.57117805E-02
 7.44372265E-02
 2.23321759E-01
 1.78890375E-02
 3.34211751E-01
 1.03143610E-01
 2.59166523E-02
 6.13156123E-01
 6.18409964E-01
 8.83385482E-01
 3.22555405E-02
 3.15551249E-02
 1.52786153E-01
 6.98644609E-01
 3.57616345E-01
 5.78462770E-01
 5.11574663E+00
 1.49076773E-01
 2.58914476E-02
 5.91813508E-02
 3.56919046E-01
 6.87602519E-02
 7.60331907E-01
 1.35153554E+00
 1.16102914E-01
 2.95025984E-01
 6.41998607E-02
 1.83229068E-02
 1.30457009E+00
 5.44767388E-01
 5.12860145E-01
 1.23424158E+00
 4.36581935E-01
 1.10012054E-01
 2.44481456E-01
 3.60541703E-01
 7.54636868E-01
 5.38474596E-01
 5.86375745E-01
 6.08353806E-02
 1.82488028E-01
 6.20079680E-01
 3.12075890E-01
 4.29589919E-01
 5.46429657E-02
 3.07013147E-01
 2.62221012E-01
 2.60928011E-01
 4.14847564E-02
 3.44484928E-01
 5.62944264E-01
 2.93568307E-01
 6.45151819E-01
 2.61878232E-02
 5.21291184E-02
 8.41281947E-02
 7.55921687E-01
 2.45210968E-03
 2.67432890E-02
 7.42802541E-02
 3.47548812E-01
 5.19428864E-01
 8.41447330E-01
 1.62979237E-04
 2.24078319E-04
 3.74652039E-02
 1.64601568E-01
 7.73977830E-01
 1.54974910E-01
 4.92293473E+00
 8.89965850E-01
 2.76213830E-04
 3.64842874E-05
 1.81838860E-01
 3.01768926E-01
 1.06770454E+00
 6.19132314E-02
 4.05268411E+00
 3.03255364E-01
 2.11752536E-03
 2.85823668E-03
 1.21288058E-01
 5.53320864E-02
 1.98565669E-01
 6.80658474E-01
 1.00437671E-01
 6.54477507E-03
 1.43464137E-02
 7.74252570E-01
 4.74520476E-01
 1.04999850E+00
 4.48685425E-01
 2.78093184E-03
 1.18554063E-04
 6.29223407E-01
 3.06533422E-01
 5.22641568E-01
 6.57325107E-04
 1.32136356E-01
 6.81411893E-01
 1.23947562E-01
 1.27953301E-04
 7.13724438E-01
 7.02430976E-01
 2.65589694E-01
 6.31096196E-01
 2.54461890E-03
 4.79679236E-03
 1.19318631E-01
 6.06734905E-01
 7.66045747E-02
 1.19110931E-02
 5.42445000E-01
 4.50556417E-01
 5.98428862E-01
 8.76119594E-01
 3.73303644E-03
 7.15625372E-03
 2.34658570E-01
 1.60219843E-01
 2.80781803E+00
 1.79351938E-01
 6.69713002E-03
 1.40416106E+00
 9.52584331E-02
 1.89453135E-01
 1.03327395E-01
 6.78685346E-01
 1.32179990E+00
 2.87073330E+00
 6.78044756E-01
 2.24062518E-01
 6.49788890E-03
 1.27695955E-02
 5.14456835E-01
 3.76368771E-02
 4.35226135E-01
 4.58086935E-01
 5.70258794E-01
 2.80281401E-02
 5.54890365E-02
 7.37887841E-01
 7.35782816E-01
 8.30149890E-01
 5.38354122E-01
 3.21352345E-03
 4.63573345E-03
 2.32718930E+00
 1.85525503E-01
 4.55133517E-01
 3.63565106E-03
 1.08358244E-01
 3.21700027E+00
 3.15077114E-02
 2.41035196E-03
 7.10567199E-01
 2.49083626E+00
 2.67147944E-01
 6.31877307E-01
 1.75919991E-05
 1.76346414E-04
 1.11861456E-01
 6.98464640E-01
 1.02342053E+00
 1.03448953E-01
 9.55357271E-02
 5.19744999E-01
 6.86065573E-01
 9.12160399E-01
 4.68953877E-02
 9.28329003E-02
 1.56603320E-01
 1.94213152E-01
 5.32183630E-01
 2.86188019E-01
 1.79430754E-01
 5.21613544E-01
 1.76261311E-03
 3.88497404E-03
 9.17602338E-02
 7.26620091E-01
 1.33178923E+00
 3.00382436E-01
 4.67689939E-02
 1.61818043E-01
 8.38601059E-03
 1.63322201E-02
 3.90549788E-01
 9.31602285E-02
 6.22641083E-01
 1.67036268E-01
 1.99978787E-01
 2.86495217E-02
 5.55403155E-02
 9.68861443E-01
 9.18139672E-01
 2.09655592E-01
 8.43345727E-01
 7.40043204E-04
 1.25837914E-01
 6.12604574E-02
 5.49501144E-02
 3.22650327E-01
 7.79557712E-04
 5.67409677E-02
 3.43334380E-01
 4.05025197E-01
 1.34057898E-03
 5.66414156E-01
 8.89584466E-01
 2.66712264E-01
 6.31656882E-01
 1.62727552E-04
 4.60366950E-04
 1.45659096E-01
 3.27204960E-01
 3.75299793E-01
 1.70606637E+00
 4.40458009E-02
 1.77552028E+00
 8.00776950E-01
 9.39950625E-01
 2.95387494E-02
 5.85755048E-02
 4.13511215E-01
 2.90968043E-01
 1.72132224E+00
 1.40405389E+00
 9.48627384E-02
 1.42544438E+00
 6.26669215E-04
 8.69446204E-04
 1.61086867E-01
 4.83889721E-01
 1.80641832E+00
 4.75146612E-01
 1.18021754E-02
 1.82617560E-01
 2.31281271E-02
 4.66556453E-02
 3.46995292E-01
 8.53229496E-01
 7.82504544E-01
 2.73298546E-01
 1.10421649E-01
 1.52265265E-02
 3.27884728E-02
 9.76284298E-01
 7.16433378E-01
 1.63775927E+00
 4.37816390E-02
 1.20942885E-03
 2.34975572E-02
 1.15067854E+00
 5.68446902E-01
 8.36728376E-01
 6.17912145E-04
 2.16934012E-01
 2.83839120E-01
 5.28832193E-02
 1.94739798E-03
 1.40142842E+00
 3.31830187E-01
 2.67548819E-01
 6.32075566E-01
 4.09767643E-02
 8.11196225E-02
 2.81120268E-01
 1.85431234E-01
 5.04350884E-01
 1.28697275E+00
 3.91423733E-01
 9.49345433E-03
 3.77408085E-01
 8.28007639E-01
 2.35404907E-02
 4.65754190E-02
 3.17980625E-03
 2.07553696E-01
 3.62575386E-01
 1.50781395E-01
 2.09362933E-01
 3.19453706E-01
 6.10282862E-02
 1.21725223E-01
 1.69508981E-01
 1.54161869E-01
 1.75721800E-01
 6.51461043E-01
 2.00477071E+00
 3.19928545E-01
 1.18341290E-02
 2.32561342E-02
 4.18461763E-02
 1.51090318E-01
 6.25921332E-01
 4.43503652E-01
 5.27430504E-01
 2.55511404E-03
 3.04537910E-03
 4.55147718E-01
 7.84828486E-01
 6.40661879E-01
 5.44121985E-01
 1.61040274E-03
 3.47278678E-02
 8.32762350E-01
 2.76399389E-01
 9.00274831E-02
 1.21254822E-03
 2.50649491E-01
 4.05959311E-01
 7.96306952E-02
 7.41306470E-04
 1.43809134E+00
 7.16158125E-01
 2.65192750E-01
 6.30890572E-01
 1.66055092E-05
 1.67942145E-04
 3.32203592E-02
 5.88014198E-01
 4.22667317E-01
 2.33339369E-01
 4.91855625E-01
 5.27030864E-01
 5.38198584E-01
 9.10380620E-01
 1.73450503E-03
 3.37659279E-03
 2.73042974E-02
 3.96216989E-01
 5.18401917E-01
 2.48709392E-01
 1.60999493E-01
 3.46654701E+00
 2.94461108E-04
 9.52790414E-04
 3.22665282E-03
 6.07481783E-01
 2.85607523E+00
 6.10367571E+00
 1.89368399E+00
 5.93055908E-01
 1.02798322E-01
 2.05907883E-01
 3.87268934E-01
 7.48696678E-01
 4.55529792E+00
 8.19747515E-02
 2.85561499E-01
 7.39142363E-03
 1.28093438E-02
 4.52204917E-02
 7.04091512E-01
 6.55926794E-01
 1.90187221E-01
 2.27782546E-02
 4.82872852E-02
 9.43519045E-01
 8.40066714E-02
 7.02412277E-02
 6.82852041E-02
 2.42684523E-01
 6.78136319E-01
 2.98742265E-01
 1.15885070E-01
 1.14335697E+00
 1.20117532E+00
 3.59730661E-01
 6.78377723E-01
 4.24031675E-04
 7.04986781E-04
 1.00822837E-01
 3.17094788E-01
 3.32777944E-01
 3.75191981E-01
 4.06372147E-03
 3.48147925E-01
 6.24925236E-01
 9.00856240E-01
 2.06636731E-03
 4.03455526E-03
 2.21332202E-01
 1.10835615E+00
 2.55827375E+02
 7.97563673E+00
 2.00740867E-01
 3.31340459E+00
 1.39474549E-03
 2.41076870E-03
 1.86010632E-01
 3.91190525E-01
 7.21231711E-01
 1.56030079E-01
 2.94185442E-01
 1.21056082E-02
 4.13298289E-02
 8.30041719E-02
 1.81936860E-02
 1.30639684E+00
 8.45194308E-02
 5.53010364E-01
 5.60951264E-01
 2.53670098E-02
 4.90299240E-02
 5.06291465E-01
 2.97364313E-01
 7.08685616E-01
 6.69882969E-02
 4.54175251E-02
 5.10390681E-02
 4.99329326E-01
 2.07578936E-02
 4.50017957E-01
 1.52985459E-01
 2.31181510E-01
 1.38494485E+00
 2.87612532E-02
 2.66058547E-01
 7.71622336E-01
 1.76464454E+00
 4.82355227E-01
 7.39973917E-01
