 1.08065676E-04
 5.30206116E-05
 3.49292802E-01
 7.62687511E-02
 3.23167663E-02
 4.40142689E-03
 1.21061028E-01
 5.42419650E-02
 3.06329789E-01
 0.00000000E+00
 1.73140524E-03
 3.41366344E-03
 1.71342257E-02
 1.18024127E-01
 3.02787688E-02
 4.87675746E-02
 1.80262805E-02
 3.34522912E-02
 7.93033211E-02
 1.60046215E-01
 2.96553960E-01
 1.19153390E-01
 1.41631902E-01
 1.17097390E-01
 1.91284940E-01
 0.00000000E+00
 6.74536766E-03
 1.29492276E-02
 1.55372221E-01
 5.38881908E-02
 3.82307520E-02
 8.12147964E-02
 0.00000000E+00
 3.06770223E-01
 8.23410921E-01
 1.35595632E+00
 3.55028391E-01
 6.81049911E-01
 0.00000000E+00
 4.84245333E-03
 3.26589429E-02
 5.27884284E-02
 5.59064473E-01
 0.00000000E+00
 5.26792558E-03
 3.18756624E-01
 6.47490301E-02
 0.00000000E+00
 4.47698639E-03
 5.07058348E-01
 0.00000000E+00
 2.91628992E-01
 0.00000000E+00
 1.40566452E-03
 3.58887301E-03
 2.11941613E-01
 1.56818102E-01
 7.35501830E-03
 2.61489907E-01
 5.30951955E-02
 3.90558385E-02
 2.96074699E-01
 0.00000000E+00
 7.47149146E-05
 1.21491574E-03
 1.23893818E-03
 1.45088569E-01
 7.79059909E-02
 1.95393329E-01
 1.30970308E-01
 2.56692495E-02
 7.98612492E-03
 1.51668584E-02
 1.94164349E-01
 1.03988206E-01
 3.50668896E-01
 2.39937626E-01
 1.47319322E-01
 0.00000000E+00
 2.91181545E-02
 5.87884831E-02
 8.15400006E-01
 3.14774542E-01
 2.93651767E-01
 7.71137791E-02
 0.00000000E+00
 1.79813033E-01
 1.49701998E-01
 5.48035326E-01
 1.11749138E+00
 1.13667578E+00
 0.00000000E+00
 1.75245515E-03
 2.09460179E-01
 8.07803625E-02
 4.47488392E-01
 0.00000000E+00
 2.83912506E-03
 7.79004682E-01
 4.04848256E-01
 0.00000000E+00
 2.70340501E-03
 1.06070279E-01
 0.00000000E+00
 2.92716195E-01
 0.00000000E+00
 1.33324292E-03
 1.90301533E-02
 1.35780300E-01
 4.73910872E-01
 1.67339910E-01
 2.76399405E-02
 6.19434705E-02
 6.65709684E-02
 2.98441601E-01
 0.00000000E+00
 2.54347024E-03
 4.81759358E-02
 2.35168854E-01
 4.88276492E-01
 9.19559083E-02
 1.16780944E-01
 1.68150964E-01
 6.62462579E-03
 3.26228853E-02
 6.35784145E-02
 5.90536856E-01
 2.80698984E-02
 1.25407800E-01
 3.07797763E-01
 1.85167984E-01
 0.00000000E+00
 7.79824977E-02
 8.92310470E-02
 2.28350886E+00
 6.29801693E-02
 2.84261485E-01
 2.97180597E-01
 0.00000000E+00
 2.27085886E-01
 5.09177398E-01
 3.51546155E-01
 4.50198724E-01
 3.92337207E-01
 0.00000000E+00
 7.74260161E-02
 2.66676397E-01
 4.00062352E-01
 4.81415058E-01
 0.00000000E+00
 5.93243880E-02
 4.98175245E-01
 1.66564192E-01
 0.00000000E+00
 4.26268796E-02
 4.00957484E-01
 0.00000000E+00
 3.21776188E-01
 0.00000000E+00
 3.20065987E-03
 6.16553221E-03
 1.14597847E-02
 5.80465964E-01
 3.68295228E-02
 3.74194846E-03
 1.06244468E-01
 6.54327360E-02
 3.21628738E-01
 0.00000000E+00
 7.36385840E-05
 2.23387046E-04
 8.71669520E-02
 2.73202300E-01
 6.66223820E-01
 4.28523082E-02
 4.83495171E-01
 2.25287415E-01
 6.30203365E-05
 1.14916488E-04
 2.20878705E-01
 1.46726932E-01
 2.18102873E-01
 9.27499608E-03
 2.03463521E-01
 0.00000000E+00
 1.82400963E-03
 4.36737447E-03
 3.59529070E-01
 1.63022574E-02
 9.27556987E-02
 2.26589592E-01
 0.00000000E+00
 5.40628590E-02
 1.08938374E-01
 6.74003616E-01
 4.14776241E-01
 6.90415210E-01
 0.00000000E+00
 4.71444275E-04
 2.36518666E-02
 4.56329136E-01
 6.04738907E-01
 0.00000000E+00
 1.82720478E-03
 1.33819315E-01
 3.73228277E-01
 0.00000000E+00
 1.96012523E-03
 1.28951859E+00
 0.00000000E+00
 2.93091194E-01
 0.00000000E+00
 3.26786762E-03
 7.34930701E-03
 2.05375552E-01
 3.49615722E-01
 8.16245892E-02
 2.27129070E-03
 1.74999444E-01
 5.94560564E-02
 3.08766354E-01
 0.00000000E+00
 7.08287484E-05
 1.24983901E-03
 3.96222642E-01
 2.45776690E-01
 4.58143665E-02
 9.29202554E-02
 4.09034639E-02
 2.37608080E-01
 7.20016185E-02
 1.46824252E-01
 5.65675274E-02
 3.35258544E-01
 1.55084066E-02
 1.87344325E-01
 1.84783107E-01
 0.00000000E+00
 7.79903790E-03
 1.86081988E-02
 5.48751051E-01
 1.54283340E-01
 1.67765515E-01
 2.18629815E-01
 0.00000000E+00
 1.95491265E-01
 3.92214166E-01
 4.95821319E-01
 7.79477814E-01
 6.16650128E-01
 0.00000000E+00
 4.72844978E-04
 6.44523561E-02
 1.56097488E+00
 2.67170302E-01
 0.00000000E+00
 1.82487177E-03
 6.57350905E-02
 4.86908629E+00
 0.00000000E+00
 1.95518025E-03
 1.16804170E+00
 0.00000000E+00
 2.93043773E-01
 0.00000000E+00
 2.33358293E-03
 5.76150982E-03
 1.10482425E-01
 1.28005162E+00
 2.01683976E-01
 6.92801559E-02
 8.29887610E-02
 3.32630476E-02
 3.05335054E-01
 0.00000000E+00
 1.81717860E-02
 3.82833946E-02
 1.37442299E-01
 2.33800081E-01
 1.44311398E-01
 2.44096209E-02
 1.11171427E-01
 1.04415361E-01
 8.01452629E-04
 4.06673187E-03
 3.90647233E-02
 1.48804044E-02
 3.11504138E-01
 5.66031307E-02
 1.34699698E-01
 0.00000000E+00
 1.28567665E-02
 2.18887709E-02
 5.79581039E-01
 1.09166819E-01
 4.35639977E-01
 9.53968100E-02
 0.00000000E+00
 8.88497530E-02
 1.75542046E-01
 1.56500579E+00
 3.51389762E-01
 3.28519960E-01
 0.00000000E+00
 4.74248020E-04
 1.40153662E-01
 2.53027851E-01
 3.44372716E-01
 0.00000000E+00
 6.06724824E-03
 1.15873229E-01
 2.22649579E-01
 0.00000000E+00
 2.77622055E-03
 1.32519371E+00
 0.00000000E+00
 2.92996254E-01
 0.00000000E+00
 1.54410597E-04
 1.37467570E-03
 1.18947340E-01
 9.20385106E-01
 1.14008459E-01
 3.10420162E-01
 9.70141491E-02
 4.95405412E-02
 1.88693248E-01
 0.00000000E+00
 7.71879734E-03
 1.38634337E-02
 3.00618521E-01
 1.59937674E-01
 6.51125644E-01
 1.67290968E-01
 1.67219916E-01
 1.53707233E-01
 9.99187704E-07
 2.43020062E-03
 2.50038794E-01
 1.01904187E-01
 6.41377483E-01
 1.08837333E-01
 1.44077472E-01
 0.00000000E+00
 4.12979458E-02
 8.74678725E-02
 3.62183247E-01
 1.39670598E-01
 6.53591405E-01
 6.41560656E-02
 0.00000000E+00
 9.15396980E-02
 1.88661932E-01
 1.36130121E+00
 6.64175769E-01
 2.42540178E+00
 0.00000000E+00
 4.75773244E-04
 1.99713190E-01
 6.66876060E-01
 1.50569873E+00
 0.00000000E+00
 1.82061965E-03
 6.58539023E-01
 7.62209879E-01
 0.00000000E+00
 1.94669510E-03
 1.59138092E+00
 0.00000000E+00
 2.92948628E-01
 0.00000000E+00
 5.59657590E-03
 1.01910045E-02
 6.16079159E-02
 6.02736700E-01
 1.79861154E-01
 3.41919896E-01
 1.35712675E-01
 3.08259048E-01
 3.54456083E-01
 0.00000000E+00
 9.11659284E-03
 2.00232559E-02
 1.75987649E-02
 1.26385231E+00
 2.64162947E-01
 3.60904692E-02
 8.26940653E-02
 1.25616398E-02
 5.07787316E-02
 1.04844690E-01
 1.48902936E-01
 3.33799358E-02
 1.76909499E-01
 1.10597640E-01
 1.44835259E-01
 0.00000000E+00
 2.40315213E-02
 4.45091089E-02
 1.70573338E-02
 1.81060091E-01
 7.15238009E-01
 2.49591384E-01
 0.00000000E+00
 8.72500562E-03
 1.38130336E-02
 7.19758747E-01
 7.96027334E-01
 1.08787700E+00
 0.00000000E+00
 4.77049761E-04
 2.81456147E-01
 6.50577269E-01
 4.06596444E-01
 0.00000000E+00
 1.81829961E-03
 8.57379208E-01
 5.80094697E+00
 0.00000000E+00
 1.94153827E-03
 1.62898675E+00
 0.00000000E+00
 2.92902245E-01
 0.00000000E+00
 1.53180287E-04
 1.35738782E-03
 5.89972308E-03
 1.59356930E-01
 1.02535401E-01
 5.81745078E-02
 2.50731359E-01
 3.34991400E-01
 4.89425734E-01
 0.00000000E+00
 4.78259679E-04
 2.61760808E-03
 1.57352767E-02
 5.53157140E-01
 4.81176669E-01
 9.50814392E-02
 6.70554487E-03
 2.73372939E-01
 2.49300822E-06
 2.39105621E-03
 5.16071574E-03
 5.27381094E-01
 6.48658293E-01
 3.88068905E-01
 1.02853847E-01
 0.00000000E+00
 1.77536701E-01
 3.62541926E-01
 6.21266167E-01
 4.65895576E-01
 2.02839197E+00
 7.53422129E-02
 0.00000000E+00
 5.34820401E-03
 1.45675737E-02
 5.74997019E-03
 8.58583336E-01
 1.19776809E+00
 0.00000000E+00
 2.60908686E-02
 2.16127563E-01
 1.27386349E+00
 5.62852399E-01
 0.00000000E+00
 7.79460300E-02
 6.51870361E-01
 6.50463684E-01
 0.00000000E+00
 1.30112531E-01
 1.19277443E+00
 0.00000000E+00
 3.94962847E-01
 0.00000000E+00
 2.11037920E-03
 5.28351359E-03
 6.65209761E-02
 6.00794758E-01
 2.35559680E-01
 1.44695193E-01
 2.56790272E-01
 2.69243904E-01
 6.34781536E-01
 0.00000000E+00
 9.28256789E-04
 3.51167054E-03
 8.74239125E-02
 8.11567958E-01
 1.93959320E-01
 3.58261804E-01
 1.30630115E-01
 5.32140211E-01
 2.72770551E-03
 3.12322733E-03
 9.25445424E-02
 1.41180379E+00
 1.14930556E-01
 1.32183681E-01
 2.24680552E-01
 0.00000000E+00
 8.33221751E-02
 1.72235081E-01
 2.40293791E-01
 4.92824332E-01
 3.04987736E-01
 3.24746848E-01
 0.00000000E+00
 6.92850586E-02
 1.36122397E-01
 6.06972031E-01
 1.21015278E+00
 9.07588351E-01
 0.00000000E+00
 6.15273764E-02
 1.58992983E-01
 6.88707889E-01
 3.64803226E-01
 0.00000000E+00
 1.84343111E-01
 4.76251711E-01
 2.45938547E+00
 0.00000000E+00
 3.06280926E-01
 8.45045296E-01
 0.00000000E+00
 5.31156181E-01
 0.00000000E+00
