 4.45465596E-06
 8.90931191E-06
 4.28363018E-04
 1.98688130E-04
 1.27703183E-04
 1.77264799E-04
 1.45796224E-03
 2.86424203E-03
 3.23947226E-01
 0.00000000E+00
 2.88739489E-06
 5.77478979E-06
 6.53074378E-05
 1.17217705E-04
 1.32001263E-04
 2.46504018E-04
 8.46374097E-03
 2.09945260E-02
 7.22564473E-06
 1.44512895E-05
 6.27000597E-04
 9.16309061E-05
 2.21585374E-04
 1.43398005E-03
 4.13270865E-02
 1.36198225E-01
 5.78692767E-06
 1.15738553E-05
 8.78792260E-04
 1.49515438E-04
 2.81818714E-04
 5.36125898E-03
 8.26369055E-02
 1.93850309E-04
 7.01075653E-04
 7.39609880E-04
 1.97637199E-04
 9.63368959E-04
 5.26768690E-02
 2.03540888E-16
 1.92566604E-05
 8.08930554E-04
 1.53835901E-03
 4.90061049E-02
 1.74463618E-16
 6.34873822E-03
 9.25585663E-03
 5.06843988E-02
 1.52655666E-16
 8.49692536E-03
 8.60214114E-02
 3.33333333E-01
 7.01722049E-01
 2.66205348E-05
 5.32410697E-05
 7.17582538E-05
 3.79741376E-05
 9.25133316E-05
 1.46552219E-04
 1.48556659E-03
 2.95260133E-03
 3.27240560E-01
 0.00000000E+00
 2.28737143E-05
 4.57474286E-05
 1.21640533E-04
 1.07947514E-04
 5.48710758E-05
 4.20600100E-04
 9.24763421E-03
 2.21741023E-02
 1.59191352E-05
 2.35983092E-05
 4.52166994E-04
 2.54164651E-05
 8.78699781E-05
 1.58759284E-03
 4.03265824E-02
 1.36052816E-01
 1.77397066E-05
 4.57955854E-06
 2.17898130E-03
 5.04194521E-05
 1.07266449E-04
 4.91604678E-03
 8.26644666E-02
 5.52433814E-05
 2.65312806E-04
 1.03670613E-03
 5.25004715E-05
 1.62421315E-04
 4.51530197E-02
 0.00000000E+00
 4.55943001E-06
 9.77886298E-04
 1.37682042E-03
 4.22776375E-02
 1.74463618E-16
 5.64055843E-03
 9.24509664E-03
 5.11763752E-02
 1.52655666E-16
 1.02418389E-02
 8.67032028E-02
 3.33333333E-01
 7.00545607E-01
 1.63302856E-05
 3.26605712E-05
 1.37864234E-04
 2.90733410E-04
 1.25980586E-04
 1.37819579E-04
 1.71309702E-03
 3.36664506E-03
 3.30233304E-01
 0.00000000E+00
 4.54238163E-06
 9.08476326E-06
 1.87937870E-04
 5.57175417E-05
 4.78470174E-05
 5.35990826E-04
 1.00571550E-02
 2.39445724E-02
 1.07176817E-06
 2.56511701E-05
 2.24148094E-04
 1.21647758E-05
 7.78159478E-05
 1.61104601E-03
 3.97906565E-02
 1.36016651E-01
 6.41250599E-07
 1.02947648E-04
 8.37688104E-04
 1.71365103E-05
 5.50684661E-05
 4.88790635E-03
 8.28139849E-02
 7.51866537E-05
 3.61858424E-04
 2.20080475E-03
 1.06604822E-04
 6.97735255E-05
 4.51296133E-02
 2.03540888E-16
 2.34944694E-06
 9.95247084E-04
 1.39239858E-03
 4.24760438E-02
 0.00000000E+00
 4.89193781E-03
 9.38636780E-03
 5.17256661E-02
 0.00000000E+00
 1.20478459E-02
 8.79520940E-02
 3.33333333E-01
 7.00000000E-01
 1.84920657E-05
 3.69841313E-05
 7.24410095E-05
 9.71183326E-04
 1.27015299E-04
 9.96799507E-05
 1.79111268E-03
 3.62871343E-03
 3.33261873E-01
 0.00000000E+00
 2.86848964E-06
 5.73697927E-06
 6.82119543E-05
 5.90282214E-05
 5.18176235E-05
 5.42782969E-04
 1.06453399E-02
 2.53760930E-02
 4.75882210E-06
 9.51764420E-06
 1.10223511E-04
 3.63874309E-05
 4.80477440E-05
 1.63384868E-03
 3.93142788E-02
 1.36088030E-01
 3.49304600E-07
 6.98609200E-07
 1.91324472E-04
 2.52958534E-05
 3.03797854E-05
 4.88641385E-03
 8.30395417E-02
 4.06438458E-07
 8.12876917E-07
 5.95952345E-03
 3.29823023E-05
 3.60584473E-05
 4.57954721E-02
 0.00000000E+00
 3.41208863E-06
 9.00865184E-04
 1.43432938E-03
 4.30009330E-02
 1.74463618E-16
 4.12265605E-03
 9.94140520E-03
 5.22402438E-02
 1.52655666E-16
 1.39261863E-02
 9.07241297E-02
 3.33333333E-01
 7.00000000E-01
 3.79220301E-06
 7.58440602E-06
 2.01225483E-04
 2.98335948E-04
 5.08201096E-05
 1.92500301E-04
 1.97605608E-03
 3.94975214E-03
 3.36188746E-01
 0.00000000E+00
 3.23599914E-06
 6.47199828E-06
 2.17849432E-04
 7.41298627E-06
 3.97028308E-05
 5.76084409E-04
 1.11745301E-02
 2.66529966E-02
 4.52088029E-06
 9.04176058E-06
 4.57599032E-04
 2.55182343E-05
 2.55517397E-05
 1.63681475E-03
 3.90121414E-02
 1.36252339E-01
 6.34726487E-07
 1.26945297E-06
 5.61669476E-04
 4.05589403E-05
 2.87293459E-05
 4.88798292E-03
 8.33428304E-02
 4.36675602E-06
 8.73351204E-06
 8.81238168E-04
 3.98614788E-05
 1.17225196E-05
 4.64855153E-02
 2.58608670E-06
 8.54207225E-08
 5.00357188E-04
 1.49281257E-03
 4.36152160E-02
 1.77331659E-06
 3.33954427E-03
 1.06634692E-02
 5.28272831E-02
 1.16373902E-06
 1.58727719E-02
 9.36682851E-02
 3.33332644E-01
 6.99999690E-01
 3.53981400E-06
 7.07962801E-06
 1.36315231E-04
 5.37544406E-04
 4.78098560E-05
 1.22574429E-04
 2.14083026E-03
 4.24736936E-03
 3.39059240E-01
 0.00000000E+00
 3.40482975E-06
 6.80965950E-06
 1.24854748E-04
 1.12285652E-03
 3.92384676E-05
 3.87501996E-04
 1.16887930E-02
 2.79163742E-02
 3.20428853E-06
 6.40857706E-06
 4.65644041E-04
 6.84044991E-05
 2.81938312E-05
 1.65525137E-03
 3.89049000E-02
 1.36495928E-01
 1.03483133E-07
 2.06966266E-07
 1.37840083E-03
 1.42375416E-05
 2.31913215E-05
 4.76708391E-03
 8.48580575E-02
 2.09501757E-06
 4.19003513E-06
 3.00490789E-03
 3.51057686E-05
 1.48605061E-05
 4.72255870E-02
 2.03540888E-16
 2.22778406E-04
 4.60637526E-05
 1.52060167E-03
 4.42709148E-02
 1.15798675E-07
 2.79962760E-03
 1.82479003E-02
 5.73741924E-02
 9.11914564E-07
 1.79446821E-02
 1.43709522E-01
 3.33332613E-01
 6.99999676E-01
 2.01980567E-05
 4.03961133E-05
 2.21841604E-04
 3.00063258E-03
 2.17499391E-04
 1.09716826E-04
 2.18933385E-03
 4.47041729E-03
 3.41897707E-01
 0.00000000E+00
 6.05650884E-06
 1.21130177E-05
 3.33722853E-04
 3.21301715E-04
 2.89446725E-05
 3.81883401E-05
 1.20847705E-02
 2.89660168E-02
 7.22233444E-07
 1.44446689E-06
 3.70459967E-04
 1.70628749E-04
 3.81238688E-05
 1.65598185E-03
 3.89108466E-02
 1.36833987E-01
 1.12724240E-06
 2.25448481E-06
 5.04121361E-04
 5.87643760E-07
 2.80375400E-05
 4.99434979E-03
 8.41431439E-02
 6.97085874E-07
 1.39417175E-06
 4.54046497E-04
 3.77529266E-05
 1.60562445E-05
 4.80231081E-02
 7.08494034E-07
 1.90398086E-06
 4.86321559E-03
 1.70903257E-03
 4.49460543E-02
 4.85824481E-07
 1.73004121E-03
 2.99997381E-02
 6.44410586E-02
 3.18822315E-07
 1.36718564E-02
 2.39573218E-01
 3.33333144E-01
 6.99999915E-01
 1.22588634E-05
 2.45177269E-05
 1.63684352E-05
 2.82560726E-04
 3.84196929E-05
 1.29820534E-04
 2.37697818E-03
 4.75773831E-03
 3.44628557E-01
 0.00000000E+00
 4.54238163E-06
 9.08476326E-06
 1.75597970E-06
 9.31269158E-04
 3.46670157E-06
 4.71445210E-04
 1.24558251E-02
 2.99151483E-02
 3.25715976E-07
 6.51431951E-07
 4.02384909E-05
 5.08297774E-06
 5.87359379E-05
 1.64039151E-03
 3.90476279E-02
 1.37241980E-01
 2.91366200E-06
 5.82732401E-06
 1.86729096E-04
 2.46181139E-05
 4.43714534E-05
 5.06605457E-03
 8.46375833E-02
 1.30711942E-06
 2.61423885E-06
 1.80829421E-04
 5.84257874E-05
 6.32332735E-06
 4.88655167E-02
 1.41698807E-06
 6.66768608E-07
 6.71894024E-03
 1.79044345E-03
 4.56428840E-02
 9.71648961E-07
 9.01961282E-04
 4.35378804E-02
 7.17023542E-02
 6.37644631E-07
 7.12467584E-03
 3.36137844E-01
 3.33332955E-01
 6.99999830E-01
 4.67002961E-06
 9.34005922E-06
 4.37934317E-05
 5.50286157E-04
 6.52072655E-05
 3.49919265E-02
 9.85011844E-02
 1.54867968E-01
 4.59408130E-01
 0.00000000E+00
 3.02825442E-06
 6.05650884E-06
 6.49570874E-06
 3.37404965E-03
 3.84514040E-06
 3.83676741E-02
 1.01598860E-01
 1.54084055E-01
 1.63132262E-06
 3.26264523E-06
 3.03686386E-05
 1.25196811E-03
 8.05495820E-05
 4.29926119E-02
 9.98737588E-02
 3.15947245E-01
 3.45717613E-07
 6.91435226E-07
 1.45803679E-05
 3.46374565E-04
 1.28884070E-04
 5.10466595E-02
 2.25772002E-01
 5.52442740E-06
 1.10488548E-05
 7.53780211E-05
 1.07240768E-04
 7.17873025E-05
 1.06799814E-01
 4.54507915E-02
 4.54488274E-02
 3.97972433E-02
 5.58972987E-02
 9.97161150E-02
 1.16880543E-01
 1.16376211E-01
 1.57634453E-01
 1.99161289E-01
 1.70452856E-01
 1.66470292E-01
 4.49176454E-01
 4.54544453E-01
 7.54545004E-01
 5.57279322E-06
 1.11455864E-05
 9.26189986E-07
 7.58468761E-04
 1.00012448E-04
 8.22821790E-02
 2.33482982E-01
 3.67197245E-01
 6.09765569E-01
 0.00000000E+00
 4.70767540E-06
 9.41535081E-06
 1.04054891E-05
 4.79799135E-05
 5.41221280E-05
 9.09019982E-02
 2.54841145E-01
 3.99692674E-01
 1.23052271E-06
 2.46104541E-06
 2.26305754E-05
 7.66608712E-04
 2.12329568E-04
 1.03412246E-01
 2.87521572E-01
 5.56008517E-01
 5.56859833E-06
 1.11371967E-05
 6.53362065E-05
 4.59623413E-05
 3.47708425E-04
 1.27184880E-01
 4.15339935E-01
 1.07080300E-05
 2.14160600E-05
 4.38763441E-04
 6.24479511E-04
 5.58756621E-04
 1.84446724E-01
 1.06060606E-01
 1.06061501E-01
 1.03234022E-01
 1.34196842E-01
 1.72199474E-01
 2.72727273E-01
 2.72476394E-01
 3.07524577E-01
 3.68055901E-01
 3.97727273E-01
 3.95736835E-01
 5.68424265E-01
 6.16161616E-01
 8.27272727E-01
