 2.42217315E-06
 2.42217315E-06
 1.47203859E-03
 6.45657328E-04
 5.03277687E-05
 1.29228314E-05
 8.73612340E-05
 1.97665904E-04
 2.68737174E-01
 0.00000000E+00
 1.27665398E-05
 1.27665398E-05
 8.31585366E-06
 5.74895656E-05
 4.12520464E-05
 1.76778645E-05
 1.41969509E-03
 4.54109013E-03
 3.01263332E-06
 3.01263332E-06
 2.95930652E-03
 9.07907417E-05
 1.40980648E-04
 4.67075673E-04
 4.23996945E-02
 3.50717695E-01
 2.02532586E-05
 2.02532586E-05
 3.79012175E-03
 1.55950729E-04
 3.29425783E-04
 6.69462581E-03
 2.40815448E-01
 2.19775738E-03
 4.07034084E-03
 2.93876254E-03
 1.50949653E-03
 2.55010290E-03
 1.25010690E-01
 3.05311332E-16
 2.40198005E-05
 1.94882721E-03
 3.79980173E-03
 1.08124716E-01
 3.05311332E-16
 2.47415518E-02
 4.83568929E-03
 1.02738254E-01
 1.52655666E-16
 3.89239374E-02
 1.69703323E-01
 2.72727273E-01
 6.14083514E-01
 2.35781034E-05
 2.35781034E-05
 3.27391069E-05
 7.77666750E-05
 3.38853716E-05
 1.12313236E-06
 9.19688863E-05
 2.04157210E-04
 2.68532037E-01
 0.00000000E+00
 3.94772324E-05
 3.94772324E-05
 4.91581351E-04
 2.37298553E-04
 7.83893145E-06
 5.60369158E-05
 1.59055492E-03
 4.91430392E-03
 4.80632090E-05
 3.72447883E-05
 1.38842630E-03
 6.00000060E-05
 5.68473876E-05
 5.92845598E-04
 4.18262090E-02
 3.46785158E-01
 7.91161735E-05
 2.50240702E-05
 8.31124336E-03
 7.48652982E-05
 1.17262381E-04
 5.90584687E-03
 2.38073883E-01
 5.17094668E-04
 1.31160280E-03
 4.08256841E-03
 9.85845183E-05
 3.49215025E-04
 1.04717480E-01
 1.52655666E-16
 7.51635290E-06
 2.55847531E-03
 3.31150880E-03
 9.19155462E-02
 0.00000000E+00
 2.19064669E-02
 4.72682766E-03
 1.02911335E-01
 0.00000000E+00
 4.81986541E-02
 1.69959466E-01
 2.72727273E-01
 6.29615206E-01
 1.25143776E-05
 1.25143776E-05
 1.08375321E-04
 1.67885044E-03
 1.83299988E-05
 1.48149487E-06
 1.04230970E-04
 2.25143006E-04
 2.68350384E-01
 0.00000000E+00
 1.30572538E-05
 1.30572538E-05
 2.17271330E-04
 3.36426695E-05
 1.07154155E-06
 6.12117016E-05
 1.73634718E-03
 5.35607991E-03
 2.85692134E-06
 7.05613858E-05
 5.64324383E-04
 1.09626447E-04
 5.30753797E-05
 5.69107933E-04
 4.13906326E-02
 3.43140063E-01
 3.43451420E-05
 3.32746394E-04
 3.39638351E-03
 1.80731394E-05
 7.77426169E-05
 5.77148598E-03
 2.35803622E-01
 6.72066944E-04
 1.60407904E-03
 6.67532985E-03
 4.71013711E-04
 3.49048080E-04
 1.02335029E-01
 1.52655666E-16
 4.22910129E-06
 2.42797448E-03
 3.25705980E-03
 9.07329184E-02
 0.00000000E+00
 1.89855066E-02
 6.14556152E-03
 1.04297486E-01
 0.00000000E+00
 5.68527546E-02
 1.79512014E-01
 2.72727273E-01
 6.36363636E-01
 6.69468345E-06
 6.69468345E-06
 8.83501286E-07
 5.58511398E-03
 3.09574777E-06
 1.16460629E-05
 1.16042138E-04
 2.49721805E-04
 2.68183834E-01
 0.00000000E+00
 1.74096717E-05
 1.74096717E-05
 2.25707248E-04
 3.36059796E-06
 1.44678621E-05
 6.43113110E-05
 1.85043296E-03
 5.78188883E-03
 3.80922845E-06
 3.80922845E-06
 2.25691153E-04
 1.02611421E-04
 3.74354370E-05
 5.90112976E-04
 4.10018668E-02
 3.39762777E-01
 2.23618467E-05
 2.23618467E-05
 7.55002951E-04
 3.05934322E-05
 5.86897847E-05
 5.71704429E-03
 2.33732491E-01
 1.73349502E-07
 1.73349502E-07
 1.91697715E-02
 4.44866631E-05
 1.62854711E-04
 1.03307637E-01
 0.00000000E+00
 2.64906219E-06
 1.91382889E-03
 3.21327614E-03
 9.12810616E-02
 0.00000000E+00
 1.60099273E-02
 1.05690805E-02
 1.07978294E-01
 0.00000000E+00
 6.50029602E-02
 2.12723451E-01
 2.72727273E-01
 6.36363636E-01
 1.14451181E-05
 1.14451181E-05
 1.22352006E-04
 2.30640536E-03
 2.14402222E-05
 4.26521976E-06
 1.11999288E-04
 2.50326711E-04
 2.68010380E-01
 0.00000000E+00
 3.52885882E-06
 3.52885882E-06
 2.52736711E-04
 4.84846888E-04
 2.56107461E-05
 6.18800773E-05
 1.95306671E-03
 6.17208130E-03
 1.57508491E-05
 1.57508491E-05
 8.62389478E-04
 5.87740691E-05
 2.95172600E-05
 5.81939484E-04
 4.06587923E-02
 3.36685565E-01
 8.09939760E-06
 8.09939760E-06
 1.40848497E-03
 1.79247265E-04
 5.27621936E-05
 5.64570985E-03
 2.31941525E-01
 3.04198890E-06
 3.04198890E-06
 2.73206381E-03
 6.38211712E-05
 1.08538182E-04
 1.04444406E-01
 1.55165204E-05
 1.23590068E-05
 1.67863486E-04
 3.26286496E-03
 9.22761966E-02
 1.24132163E-05
 1.29832304E-02
 1.58246798E-02
 1.11796840E-01
 9.30991222E-06
 7.26564671E-02
 2.45487683E-01
 2.72733479E-01
 6.36366740E-01
 5.86351150E-06
 5.86351150E-06
 4.01498947E-05
 6.42448613E-04
 2.21168233E-05
 5.35052994E-06
 1.26308616E-04
 2.78958512E-04
 2.67871940E-01
 0.00000000E+00
 5.23437179E-06
 5.23437179E-06
 1.34971620E-04
 4.95265130E-03
 2.25852443E-05
 3.13719534E-05
 2.04940293E-03
 6.55305681E-03
 1.68615637E-05
 1.68615637E-05
 7.80477904E-04
 6.90576303E-05
 2.17483306E-05
 5.89726511E-04
 4.03878055E-02
 3.33803832E-01
 1.58552781E-06
 1.58552781E-06
 3.06625671E-03
 4.58449839E-05
 5.72444616E-05
 5.28833511E-03
 2.38483800E-01
 3.35575915E-07
 3.35575915E-07
 8.65392078E-03
 5.78919914E-05
 8.35848475E-05
 1.05681123E-01
 1.52655666E-16
 8.76320997E-04
 1.74077539E-03
 3.63297792E-03
 9.34338774E-02
 8.10590746E-07
 1.09047657E-02
 2.11723875E-02
 1.14176941E-01
 7.29531671E-06
 8.00842683E-02
 2.72890392E-01
 2.72733757E-01
 6.36366879E-01
 2.88512257E-06
 2.88512257E-06
 1.25656707E-04
 8.46591469E-03
 4.70869025E-04
 8.73312849E-06
 1.25008371E-04
 2.89912251E-04
 2.67733876E-01
 0.00000000E+00
 2.05218607E-05
 2.05218607E-05
 3.65308208E-04
 1.44160742E-03
 1.21110554E-05
 1.26062446E-05
 2.12923920E-03
 6.90049617E-03
 1.77780887E-06
 1.77780887E-06
 6.15156063E-04
 1.43745097E-04
 1.61483360E-05
 5.98708242E-04
 4.01563492E-02
 3.31110847E-01
 2.56969359E-06
 2.56969359E-06
 1.05669439E-03
 5.90569792E-06
 5.75565925E-05
 5.62281665E-03
 2.28966142E-01
 1.60417517E-05
 1.60417517E-05
 1.66383189E-03
 4.77980465E-05
 8.87789298E-05
 1.07109989E-01
 4.25096421E-06
 5.21729097E-06
 1.46585740E-02
 3.56944780E-03
 9.45526903E-02
 3.40077137E-06
 6.73346714E-03
 9.69524759E-03
 1.15809696E-01
 2.55057853E-06
 6.05518887E-02
 2.69719006E-01
 2.72728973E-01
 6.36364487E-01
 5.04665437E-06
 5.04665437E-06
 1.62211879E-04
 1.01578909E-03
 2.23507232E-04
 9.48342320E-06
 1.24794456E-04
 2.99604960E-04
 2.67603874E-01
 0.00000000E+00
 1.65888170E-05
 1.65888170E-05
 1.50731008E-05
 3.46678239E-03
 4.33646076E-05
 3.77826764E-05
 2.19320014E-03
 7.20308789E-03
 8.31715330E-06
 8.31715330E-06
 7.08931956E-05
 1.48020346E-05
 2.20055635E-05
 5.83255340E-04
 3.99648728E-02
 3.28644434E-01
 1.15129279E-06
 1.15129279E-06
 3.89406180E-04
 2.43984898E-05
 6.62001248E-05
 5.61771252E-03
 2.27780190E-01
 6.58035114E-06
 6.58035114E-06
 3.51983983E-04
 5.33274633E-05
 1.14926357E-04
 1.08559115E-01
 8.50192843E-06
 1.04345819E-05
 1.96114688E-02
 3.60147092E-03
 9.56519120E-02
 6.80154274E-06
 3.51520789E-03
 8.62046673E-03
 1.18601032E-01
 5.10115706E-06
 3.15382399E-02
 2.65170454E-01
 2.72730673E-01
 6.36365337E-01
 4.10342356E-06
 4.10342356E-06
 1.48150273E-05
 4.69801148E-04
 1.34009080E-05
 2.55381601E-02
 7.68717845E-02
 1.28475291E-01
 3.70900066E-01
 0.00000000E+00
 1.79950741E-06
 1.79950741E-06
 1.73081172E-05
 8.15445756E-03
 6.46629465E-06
 2.45127063E-02
 7.47948648E-02
 1.25683495E-01
 2.45491457E-05
 2.45491457E-05
 1.62906307E-05
 3.40366998E-03
 3.76866885E-05
 2.11545116E-02
 8.24159596E-02
 4.12441943E-01
 4.17945696E-07
 4.17945696E-07
 1.60195659E-05
 1.54570976E-03
 1.30244888E-04
 5.21556451E-03
 4.18000324E-01
 2.05266144E-05
 2.05266144E-05
 1.06546440E-04
 3.94735854E-04
 3.02544763E-04
 2.33936768E-01
 2.48159123E-02
 2.48159123E-02
 4.11226354E-02
 1.63734229E-02
 2.05798576E-01
 7.43981844E-02
 7.63556430E-02
 3.23853132E-02
 2.82767915E-01
 1.23980456E-01
 1.41597584E-01
 2.46386280E-01
 3.71909836E-01
 6.85954918E-01
 1.41248323E-05
 1.41248323E-05
 1.09972321E-05
 7.95418327E-04
 5.94315595E-06
 5.81084772E-02
 1.74711906E-01
 2.91883230E-01
 5.02675874E-01
 0.00000000E+00
 2.84249303E-05
 2.84249303E-05
 3.02591902E-05
 2.84582904E-04
 3.91027135E-05
 5.56065811E-02
 1.67083694E-01
 2.76366337E-01
 4.21975278E-06
 4.21975278E-06
 1.75847757E-05
 3.64020360E-03
 5.74986311E-05
 4.72333932E-02
 1.36350052E-01
 5.18267144E-01
 3.00592802E-05
 3.00592802E-05
 4.78467587E-05
 6.19369149E-04
 2.77697265E-04
 4.76401263E-03
 6.57431572E-01
 2.64804270E-05
 2.64804270E-05
 1.15946214E-03
 1.60627527E-03
 1.49764896E-03
 3.91283868E-01
 5.78512397E-02
 5.78512397E-02
 6.60187911E-02
 4.13516957E-02
 3.44119573E-01
 1.73553719E-01
 1.74532448E-01
 8.40373929E-02
 4.88392621E-01
 2.89256198E-01
 2.98064762E-01
 2.23540020E-01
 5.04132231E-01
 7.52066116E-01
