 9.09395541E-06
 2.61359096E-06
 8.35965763E-05
 3.71281388E-05
 2.34908722E-05
 8.87464574E-06
 9.01961895E-05
 1.92609833E-04
 2.76301573E-01
 0.00000000E+00
 1.31587248E-05
 3.28894606E-06
 1.17941036E-05
 1.99574762E-05
 3.99303499E-05
 2.07984687E-05
 1.43122236E-03
 4.27990362E-03
 1.25711609E-05
 3.42184318E-06
 1.33128687E-04
 4.03453194E-05
 1.24366586E-04
 3.92931594E-04
 3.06695219E-02
 1.13206745E-01
 9.35322900E-06
 6.53944785E-06
 7.54132454E-05
 1.01974454E-04
 3.02842471E-04
 3.96838634E-03
 7.43864644E-02
 1.44901774E-05
 1.74717140E-05
 1.51554853E-04
 1.98517116E-04
 4.86870192E-04
 6.14905865E-02
 2.25019942E-04
 2.33387486E-04
 7.84607235E-04
 2.20473995E-03
 5.61511178E-02
 1.90043826E-03
 5.54551275E-03
 3.50750246E-03
 5.56029438E-02
 3.57023695E-03
 1.09926191E-02
 8.37596641E-02
 3.33338810E-01
 7.10799785E-01
 6.63009397E-06
 3.46452947E-06
 8.01629055E-06
 1.01058682E-05
 1.27845010E-05
 8.50274993E-06
 9.17436861E-05
 1.96448785E-04
 2.76587109E-01
 0.00000000E+00
 8.19330767E-06
 5.05761510E-06
 2.38241649E-05
 9.14971363E-06
 1.13463688E-05
 5.61190210E-05
 1.58682192E-03
 4.56758058E-03
 4.06033878E-06
 6.37821260E-06
 5.82389158E-06
 6.61631811E-06
 3.95277028E-05
 4.74712633E-04
 2.98694721E-02
 1.12601019E-01
 3.79930404E-06
 4.24439455E-06
 3.77855003E-05
 2.68506378E-05
 1.14724776E-04
 3.40334970E-03
 7.39470280E-02
 1.12326938E-05
 2.65957931E-05
 1.13924815E-04
 8.58297957E-05
 2.26648618E-04
 5.25431377E-02
 2.23283439E-04
 2.53825758E-04
 8.43466434E-04
 2.10426789E-03
 4.82062663E-02
 1.89844438E-03
 5.22119369E-03
 3.48686602E-03
 5.58388385E-02
 3.56729228E-03
 1.15160632E-02
 8.38004792E-02
 3.33335338E-01
 7.09988134E-01
 5.91745850E-06
 4.15956175E-06
 5.96517644E-06
 1.30875405E-04
 7.89259976E-06
 8.65930901E-06
 1.08838551E-04
 2.31362085E-04
 2.76843078E-01
 0.00000000E+00
 8.99980318E-06
 6.25039385E-06
 1.57567826E-05
 4.75194780E-06
 4.25126838E-06
 7.18307808E-05
 1.73672089E-03
 4.98546234E-03
 1.99075098E-06
 1.09009586E-05
 1.61922981E-05
 7.99481358E-06
 1.44147034E-05
 4.69410690E-04
 2.92637513E-02
 1.12043676E-01
 1.71471010E-06
 2.15980798E-05
 2.48058975E-05
 4.74660702E-06
 5.01888878E-05
 3.32534064E-03
 7.35785783E-02
 9.87725884E-06
 5.86998408E-05
 3.90492928E-04
 1.37354827E-05
 1.10994611E-04
 5.23767062E-02
 2.22516423E-04
 2.58553848E-04
 8.56142082E-04
 2.08643545E-03
 4.82678109E-02
 1.89754973E-03
 4.85272207E-03
 3.41050189E-03
 5.55724398E-02
 3.56553361E-03
 1.20764131E-02
 8.39647300E-02
 3.33331129E-01
 7.09607409E-01
 4.85828776E-06
 3.00633847E-06
 8.72757321E-07
 4.46743630E-04
 4.49161133E-06
 9.12218936E-06
 1.14450382E-04
 2.50035769E-04
 2.77105760E-01
 0.00000000E+00
 6.55134511E-06
 4.23048271E-06
 6.63559685E-06
 1.13113120E-05
 8.43103526E-06
 6.90794775E-05
 1.83540192E-03
 5.32316299E-03
 2.42480727E-06
 8.32043629E-06
 8.41576180E-06
 1.90090846E-06
 1.29724540E-05
 4.70466297E-04
 2.86854690E-02
 1.11540800E-01
 1.62646530E-06
 7.00727275E-06
 3.85526305E-06
 1.02948456E-05
 3.98187830E-05
 3.27782818E-03
 7.32537321E-02
 2.39558602E-06
 5.13983174E-07
 8.76717226E-04
 2.87008712E-05
 9.04757579E-05
 5.25813708E-02
 2.22823308E-04
 2.59660834E-04
 8.21095397E-04
 2.10586164E-03
 4.84236137E-02
 1.89674111E-03
 4.46881667E-03
 3.37103394E-03
 5.38889804E-02
 3.56305227E-03
 1.26697169E-02
 8.44714578E-02
 3.33327582E-01
 7.09597788E-01
 4.40011112E-06
 2.75566422E-06
 1.16404796E-05
 1.93782776E-04
 4.65411924E-06
 1.07239709E-05
 1.23983275E-04
 2.69255973E-04
 2.77361230E-01
 0.00000000E+00
 5.53079377E-06
 4.74299240E-06
 2.37616808E-05
 4.27504528E-05
 4.94937072E-06
 7.71654675E-05
 1.92899845E-03
 5.62572105E-03
 2.24471371E-06
 7.55580681E-06
 5.08434138E-05
 7.51012039E-08
 7.94773100E-06
 4.71735910E-04
 2.81808587E-02
 1.11084098E-01
 1.68972930E-06
 7.62179730E-06
 8.26075102E-05
 1.13958623E-05
 2.67996789E-05
 3.22775169E-03
 7.29731142E-02
 1.80381814E-06
 1.17800836E-06
 1.24192182E-04
 2.15144171E-05
 7.28505906E-05
 5.28048165E-02
 2.23461336E-04
 2.61373527E-04
 7.31262161E-04
 2.13092743E-03
 4.86406575E-02
 1.89654358E-03
 4.07792816E-03
 3.35542330E-03
 5.22477489E-02
 3.56137621E-03
 1.32926339E-02
 8.50315527E-02
 3.33323535E-01
 7.09588009E-01
 5.28409044E-06
 4.06501379E-06
 7.69690217E-06
 9.48964720E-05
 8.72910228E-06
 6.25504523E-06
 1.33784508E-04
 2.92292815E-04
 2.77604411E-01
 0.00000000E+00
 5.29690305E-06
 5.46549200E-06
 8.70332512E-06
 2.66864484E-04
 4.19057100E-06
 5.14433563E-05
 2.01787965E-03
 5.92178374E-03
 2.52937923E-06
 8.29989649E-06
 6.22442375E-05
 1.62465527E-05
 9.16535269E-06
 4.73461290E-04
 2.77577671E-02
 1.10670735E-01
 1.45911536E-06
 7.04061218E-06
 2.44853609E-04
 4.34728042E-06
 2.45701311E-05
 1.84271229E-03
 8.17271291E-02
 7.01562630E-07
 3.42165641E-06
 5.80650599E-04
 2.01313894E-05
 7.44880916E-05
 5.30614614E-02
 2.23645114E-04
 3.45833201E-04
 6.33205957E-04
 1.39134060E-03
 4.88832344E-02
 1.89749610E-03
 3.79976121E-03
 9.57390872E-03
 5.90014576E-02
 3.55998258E-03
 1.39687097E-02
 1.29568126E-01
 3.33319489E-01
 7.09578293E-01
 7.29569665E-06
 6.51400964E-06
 3.85512556E-05
 5.74825614E-04
 2.76212322E-05
 2.05072318E-06
 1.37124775E-04
 3.05337431E-04
 2.77845133E-01
 0.00000000E+00
 5.67645054E-06
 6.05261451E-06
 3.78186107E-05
 8.37963968E-05
 7.03667318E-06
 6.47230268E-07
 2.07808068E-03
 6.15592111E-03
 2.41538781E-06
 8.86664259E-06
 5.85226101E-05
 3.33262464E-05
 1.47339754E-05
 4.67662094E-04
 2.73853941E-02
 1.10299844E-01
 1.38359743E-06
 6.11972353E-06
 9.90715302E-05
 2.04995021E-06
 3.85373610E-05
 3.20008370E-03
 7.25381304E-02
 1.79896603E-06
 8.91222654E-07
 3.97855684E-05
 3.38363553E-05
 1.09061335E-04
 5.33551152E-02
 2.23215618E-04
 2.59896904E-04
 1.82286662E-03
 2.10531991E-03
 4.91262081E-02
 1.89493171E-03
 3.26104636E-03
 2.13343739E-02
 6.57601166E-02
 3.55801623E-03
 1.16424556E-02
 2.17914316E-01
 3.33315451E-01
 7.09568640E-01
 8.41760263E-06
 6.92589296E-06
 4.97612870E-06
 7.59301882E-05
 2.14537661E-05
 9.65489445E-06
 1.45012919E-04
 3.20675288E-04
 2.78072569E-01
 0.00000000E+00
 6.27763307E-06
 6.73482778E-06
 5.37025306E-07
 1.78186128E-04
 1.05709393E-05
 6.00577382E-05
 2.13052159E-03
 6.36134216E-03
 1.93736625E-06
 8.37955476E-06
 1.02858837E-05
 5.74702510E-07
 1.23880272E-05
 4.59872726E-04
 2.70709939E-02
 1.09968248E-01
 2.39318274E-06
 6.94261679E-06
 4.09985020E-05
 6.88127866E-06
 4.89158501E-05
 3.19379636E-03
 7.23770193E-02
 3.56953376E-06
 3.28737332E-06
 6.12273824E-05
 4.37618071E-05
 1.41632828E-04
 5.36695562E-02
 2.22923823E-04
 2.59018314E-04
 2.34676971E-03
 2.16245498E-03
 4.93846389E-02
 1.89402826E-03
 2.83850441E-03
 3.34165102E-02
 7.19955190E-02
 3.55698497E-03
 8.23404750E-03
 3.06662313E-01
 3.33310958E-01
 7.09558850E-01
 6.97324697E-06
 3.74092363E-06
 3.46945442E-06
 2.07715285E-06
 1.27619288E-05
 2.54499293E-02
 7.61282266E-02
 1.26553339E-01
 3.78881021E-01
 0.00000000E+00
 8.38987103E-06
 6.14961176E-06
 2.15906556E-06
 1.97761866E-04
 1.28190740E-05
 2.65168689E-02
 7.81715278E-02
 1.28879061E-01
 3.15816583E-06
 6.72804679E-06
 2.65250862E-06
 1.11593532E-05
 3.84767848E-05
 2.88262823E-02
 7.07188489E-02
 2.60492640E-01
 2.70490496E-06
 4.41929909E-06
 2.19462451E-06
 6.40986332E-06
 1.13553771E-04
 3.51217943E-02
 1.90053655E-01
 6.80621070E-06
 1.09507490E-05
 2.14180443E-05
 7.27016357E-05
 3.16870859E-04
 1.04787868E-01
 3.38205761E-02
 3.41448414E-02
 3.26352757E-02
 4.11774697E-02
 9.81651142E-02
 9.55869839E-02
 9.60551384E-02
 1.29334234E-01
 1.81997549E-01
 1.50419559E-01
 1.49374175E-01
 4.09397837E-01
 4.43892834E-01
 7.57727039E-01
 9.77329164E-06
 3.74850802E-06
 1.36735570E-06
 1.59501513E-05
 2.36627353E-05
 5.92446119E-02
 1.77361003E-01
 2.94900384E-01
 5.12475720E-01
 0.00000000E+00
 1.49078748E-05
 7.73976613E-06
 7.25228732E-07
 3.50419951E-05
 4.12084305E-05
 6.18595272E-02
 1.84898459E-01
 3.08515592E-01
 1.28473366E-05
 8.92600952E-06
 1.83247008E-06
 1.87528613E-04
 1.15635996E-04
 6.78421734E-02
 2.01010105E-01
 4.62295098E-01
 1.06844376E-05
 1.08355125E-07
 2.76336255E-05
 1.15762208E-04
 2.95398279E-04
 8.63858711E-02
 3.47817230E-01
 2.99764784E-06
 2.74971022E-05
 1.50127742E-04
 2.98197866E-04
 8.81469096E-04
 1.73207314E-01
 7.91838184E-02
 7.99781966E-02
 7.96477711E-02
 9.93422064E-02
 1.63462391E-01
 2.25478364E-01
 2.27654582E-01
 2.53902275E-01
 3.27318216E-01
 3.55586823E-01
 3.58186117E-01
 5.17191745E-01
 5.91241697E-01
 8.21916133E-01
