 0.00000000E+00
 0.00000000E+00
 0.00000000E+00
 9.87098639E-03
 2.43229943E-04
 4.22567744E-05
 6.22822592E-05
 3.35117673E-04
 2.65599569E-01
 0.00000000E+00
 0.00000000E+00
 0.00000000E+00
 0.00000000E+00
 3.48745998E-02
 1.45070559E-04
 3.98857551E-05
 2.07561668E-03
 6.91201412E-03
 0.00000000E+00
 0.00000000E+00
 0.00000000E+00
 3.22303630E-05
 2.76636267E-04
 5.04660751E-04
 6.89916726E-02
 0.00000000E+00
 0.00000000E+00
 0.00000000E+00
 3.54600815E-02
 2.59447904E-04
 5.25976398E-04
 4.32926318E-03
 0.00000000E+00
 0.00000000E+00
 0.00000000E+00
 6.96209219E-01
 2.01549513E-01
 9.17800193E-02
 0.00000000E+00
 0.00000000E+00
 0.00000000E+00
 3.43234752E-02
 4.92786351E-04
 0.00000000E+00
 0.00000000E+00
 0.00000000E+00
 4.83435278E-02
 0.00000000E+00
 0.00000000E+00
 2.76211378E-01
 0.00000000E+00
 0.00000000E+00
 0.00000000E+00
 0.00000000E+00
 0.00000000E+00
 0.00000000E+00
 1.17650208E-01
 1.14905488E-05
 3.61987180E-04
 1.52714439E-04
 1.18966187E-04
 2.64753840E-01
 0.00000000E+00
 0.00000000E+00
 0.00000000E+00
 0.00000000E+00
 6.34821555E-02
 1.71659835E-05
 3.37970594E-04
 2.07673395E-03
 7.37577935E-03
 0.00000000E+00
 0.00000000E+00
 0.00000000E+00
 1.19896333E-04
 4.66980232E-05
 2.83718532E-04
 6.80195789E-02
 0.00000000E+00
 0.00000000E+00
 0.00000000E+00
 0.00000000E+00
 1.15997256E-04
 2.39951446E-04
 3.43830660E-03
 0.00000000E+00
 0.00000000E+00
 0.00000000E+00
 1.18915591E-02
 3.27197330E-02
 2.40871118E-03
 0.00000000E+00
 0.00000000E+00
 0.00000000E+00
 6.92276625E-02
 3.04661726E-03
 0.00000000E+00
 0.00000000E+00
 0.00000000E+00
 4.74050411E-02
 0.00000000E+00
 0.00000000E+00
 2.76244194E-01
 0.00000000E+00
 0.00000000E+00
 0.00000000E+00
 0.00000000E+00
 0.00000000E+00
 0.00000000E+00
 2.62070732E-01
 1.00418896E-04
 1.32180554E-04
 2.05444865E-07
 3.45513181E-04
 2.64232809E-01
 0.00000000E+00
 0.00000000E+00
 0.00000000E+00
 0.00000000E+00
 1.03999711E-01
 1.89603011E-04
 1.31723151E-04
 2.47761528E-03
 8.28966360E-03
 0.00000000E+00
 0.00000000E+00
 0.00000000E+00
 2.43170986E-02
 1.95989028E-04
 4.78897344E-04
 6.75270098E-02
 0.00000000E+00
 0.00000000E+00
 0.00000000E+00
 0.00000000E+00
 1.66160679E-02
 3.29111881E-05
 3.57204542E-03
 0.00000000E+00
 0.00000000E+00
 0.00000000E+00
 3.74740676E-01
 1.43248279E-01
 5.20938603E-02
 0.00000000E+00
 0.00000000E+00
 0.00000000E+00
 3.89317125E-02
 4.06759975E-03
 0.00000000E+00
 0.00000000E+00
 0.00000000E+00
 1.29844541E-01
 0.00000000E+00
 0.00000000E+00
 2.76396562E-01
 0.00000000E+00
 0.00000000E+00
 0.00000000E+00
 0.00000000E+00
 0.00000000E+00
 0.00000000E+00
 2.64720198E-01
 2.04016512E-04
 1.01896476E-04
 1.89307649E-04
 3.94221014E-04
 2.63527936E-01
 0.00000000E+00
 0.00000000E+00
 0.00000000E+00
 0.00000000E+00
 1.43156772E-01
 1.99323748E-04
 7.87491530E-05
 2.82861005E-03
 9.13834796E-03
 0.00000000E+00
 0.00000000E+00
 0.00000000E+00
 4.52833738E-02
 8.32278700E-05
 5.56700861E-04
 6.67881491E-02
 0.00000000E+00
 0.00000000E+00
 0.00000000E+00
 0.00000000E+00
 3.64633645E-03
 9.29199286E-05
 3.64647308E-03
 0.00000000E+00
 0.00000000E+00
 0.00000000E+00
 6.18014711E-01
 2.88567792E-04
 8.47410044E-04
 0.00000000E+00
 0.00000000E+00
 0.00000000E+00
 4.16149904E-02
 4.52524242E-03
 0.00000000E+00
 0.00000000E+00
 0.00000000E+00
 2.10388364E-01
 0.00000000E+00
 0.00000000E+00
 2.76876723E-01
 0.00000000E+00
 0.00000000E+00
 0.00000000E+00
 0.00000000E+00
 0.00000000E+00
 0.00000000E+00
 2.86898844E-01
 1.18444962E-04
 1.94921114E-04
 1.38784187E-04
 4.88650915E-04
 2.62898655E-01
 0.00000000E+00
 0.00000000E+00
 0.00000000E+00
 0.00000000E+00
 1.98176529E-01
 4.60730009E-05
 2.38792353E-05
 2.89474888E-03
 9.67691044E-03
 0.00000000E+00
 0.00000000E+00
 0.00000000E+00
 1.08013436E-01
 8.43341723E-05
 4.23205549E-04
 6.60248475E-02
 0.00000000E+00
 0.00000000E+00
 0.00000000E+00
 0.00000000E+00
 2.35219778E-02
 9.68576825E-05
 3.62623560E-03
 0.00000000E+00
 0.00000000E+00
 0.00000000E+00
 0.00000000E+00
 1.37703864E-04
 1.05032769E-03
 0.00000000E+00
 0.00000000E+00
 0.00000000E+00
 2.25282968E-01
 4.78967784E-03
 0.00000000E+00
 0.00000000E+00
 0.00000000E+00
 6.51015546E-01
 0.00000000E+00
 0.00000000E+00
 2.77230256E-01
 0.00000000E+00
 0.00000000E+00
 0.00000000E+00
 0.00000000E+00
 0.00000000E+00
 0.00000000E+00
 0.00000000E+00
 3.65110573E-02
 1.83040576E-04
 1.87331126E-04
 5.63031733E-04
 2.62222542E-01
 0.00000000E+00
 0.00000000E+00
 0.00000000E+00
 0.00000000E+00
 1.58846761E-01
 3.13736122E-05
 8.65638984E-06
 3.22566168E-03
 1.04713741E-02
 0.00000000E+00
 0.00000000E+00
 0.00000000E+00
 3.13228165E-04
 7.30854046E-05
 4.45715790E-04
 6.54174904E-02
 0.00000000E+00
 0.00000000E+00
 0.00000000E+00
 0.00000000E+00
 5.10931854E-02
 1.10084311E-04
 5.24037321E-03
 0.00000000E+00
 0.00000000E+00
 0.00000000E+00
 0.00000000E+00
 2.84240447E-04
 1.20136324E-03
 0.00000000E+00
 0.00000000E+00
 0.00000000E+00
 3.24863528E-01
 6.12349686E-04
 0.00000000E+00
 0.00000000E+00
 0.00000000E+00
 2.04642522E-01
 0.00000000E+00
 0.00000000E+00
 2.88731172E-01
 0.00000000E+00
 0.00000000E+00
 0.00000000E+00
 0.00000000E+00
 0.00000000E+00
 0.00000000E+00
 0.00000000E+00
 4.17884543E-03
 1.53382997E-04
 3.12323168E-04
 5.83931997E-04
 2.61474297E-01
 0.00000000E+00
 0.00000000E+00
 0.00000000E+00
 0.00000000E+00
 8.16135336E-02
 2.56405287E-05
 1.51203622E-05
 3.73615975E-03
 1.14751938E-02
 0.00000000E+00
 0.00000000E+00
 0.00000000E+00
 1.01278033E-01
 2.33678318E-05
 5.91247533E-04
 6.48822795E-02
 0.00000000E+00
 0.00000000E+00
 0.00000000E+00
 0.00000000E+00
 7.29340289E-02
 1.12348564E-04
 3.61836036E-03
 0.00000000E+00
 0.00000000E+00
 0.00000000E+00
 0.00000000E+00
 1.68299203E-02
 1.45451446E-03
 0.00000000E+00
 0.00000000E+00
 0.00000000E+00
 5.85186675E-01
 2.01576200E-03
 0.00000000E+00
 0.00000000E+00
 0.00000000E+00
 1.17186596E-01
 0.00000000E+00
 0.00000000E+00
 0.00000000E+00
 0.00000000E+00
 0.00000000E+00
 0.00000000E+00
 0.00000000E+00
 0.00000000E+00
 0.00000000E+00
 0.00000000E+00
 7.68091005E-02
 2.22071838E-04
 2.28752481E-04
 6.45383345E-04
 2.60796161E-01
 0.00000000E+00
 0.00000000E+00
 0.00000000E+00
 0.00000000E+00
 0.00000000E+00
 1.31693798E-02
 2.02864902E-04
 3.56973246E-03
 1.20966666E-02
 0.00000000E+00
 0.00000000E+00
 0.00000000E+00
 3.52934096E-02
 1.09680295E-04
 6.17284449E-04
 6.42899004E-02
 0.00000000E+00
 0.00000000E+00
 0.00000000E+00
 0.00000000E+00
 1.35769334E-02
 1.63662719E-06
 4.03974832E-03
 0.00000000E+00
 0.00000000E+00
 0.00000000E+00
 0.00000000E+00
 2.75025522E-04
 1.38370127E-03
 0.00000000E+00
 0.00000000E+00
 0.00000000E+00
 4.80099491E-01
 2.75643427E-03
 0.00000000E+00
 0.00000000E+00
 0.00000000E+00
 4.93150934E-02
 0.00000000E+00
 0.00000000E+00
 0.00000000E+00
 0.00000000E+00
 0.00000000E+00
 0.00000000E+00
 0.00000000E+00
 0.00000000E+00
 0.00000000E+00
 0.00000000E+00
 1.62829450E-04
 2.30265387E-02
 7.03254549E-02
 1.18035839E-01
 3.55891775E-01
 0.00000000E+00
 0.00000000E+00
 0.00000000E+00
 0.00000000E+00
 0.00000000E+00
 4.43085416E-05
 2.02310837E-02
 6.34299301E-02
 1.07042085E-01
 0.00000000E+00
 0.00000000E+00
 0.00000000E+00
 3.16943280E-01
 2.54060749E-04
 1.43816455E-02
 7.81206438E-02
 0.00000000E+00
 0.00000000E+00
 0.00000000E+00
 0.00000000E+00
 1.32720846E-01
 1.37280465E-04
 1.53437864E-03
 0.00000000E+00
 0.00000000E+00
 0.00000000E+00
 0.00000000E+00
 7.44031770E-02
 3.48372862E-03
 0.00000000E+00
 0.00000000E+00
 0.00000000E+00
 0.00000000E+00
 1.50359128E-02
 0.00000000E+00
 0.00000000E+00
 0.00000000E+00
 3.01386927E-01
 0.00000000E+00
 0.00000000E+00
 0.00000000E+00
 0.00000000E+00
 0.00000000E+00
 0.00000000E+00
 0.00000000E+00
 0.00000000E+00
 0.00000000E+00
 0.00000000E+00
 1.98030988E-02
 5.47094471E-02
 1.64978739E-01
 2.76358834E-01
 4.84632118E-01
 0.00000000E+00
 0.00000000E+00
 0.00000000E+00
 0.00000000E+00
 0.00000000E+00
 2.62498551E-03
 4.81127369E-02
 1.44537693E-01
 2.35917980E-01
 0.00000000E+00
 0.00000000E+00
 0.00000000E+00
 0.00000000E+00
 6.28206222E-03
 3.32387580E-02
 9.74308222E-02
 0.00000000E+00
 0.00000000E+00
 0.00000000E+00
 0.00000000E+00
 2.85740672E-01
 3.46427129E-02
 8.67335172E-03
 0.00000000E+00
 0.00000000E+00
 0.00000000E+00
 0.00000000E+00
 1.12536258E-01
 6.47084279E-03
 0.00000000E+00
 0.00000000E+00
 0.00000000E+00
 0.00000000E+00
 3.93215333E-02
 0.00000000E+00
 0.00000000E+00
 0.00000000E+00
 6.46049038E-01
 0.00000000E+00
 0.00000000E+00
 0.00000000E+00
 0.00000000E+00
 0.00000000E+00
 0.00000000E+00
