 2.34422998E+02
 2.76882246E+02
 1.61394107E+02
 4.42989742E+00
 5.11436990E-01
 1.16706663E-01
 7.17441965E-02
 6.53008413E-02
 1.99840054E-01
 2.14529025E-01
 4.26207120E+02
 4.90610522E+02
 2.90490340E+02
 1.99758511E+02
 1.50280899E+00
 1.61387999E-02
 2.09563098E-02
 1.76392590E-02
 3.14472706E+02
 9.29671500E+02
 5.79782720E+02
 2.49548886E+00
 1.01289881E+00
 2.13265880E-02
 3.45545079E-02
 4.00143619E-02
 4.99240544E+02
 2.00237482E+03
 8.72270969E+00
 1.32441144E+01
 1.47472875E+00
 4.64541698E-02
 1.02300317E-03
 3.24557082E+02
 1.54742005E+03
 1.24261803E+01
 7.01538900E+00
 8.75067357E-01
 3.33241320E-02
 3.08431051E+02
 1.41574764E+03
 1.49566379E+02
 6.58643866E+00
 1.31411516E+00
 3.96991175E+02
 1.51763453E+03
 2.55058782E+01
 9.55661299E+00
 2.20147834E+02
 1.18597058E+01
 7.49755837E+00
 2.76161384E+02
 1.68411810E+00
 4.11587814E+00
 6.24323505E+00
 4.49965025E+00
 6.91274644E-01
 4.14334134E-01
 2.18988712E-01
 7.52717747E-02
 3.10097130E-02
 3.69225618E-02
 1.70321459E-02
 2.88013965E-01
 8.80417842E-01
 1.47404047E+01
 1.29484439E+00
 3.68924452E-02
 1.46695107E-02
 1.89861993E-02
 5.92704344E-02
 4.41615968E-01
 1.86091045E+00
 2.19855176E+01
 2.63260290E-02
 5.79232859E-03
 1.07903827E-02
 1.93894084E-02
 8.69540601E-02
 5.83042547E-01
 4.89457272E+00
 2.44896130E+00
 1.55221872E-01
 2.96401479E-02
 1.57760407E-02
 1.82014603E-02
 2.12755315E+01
 5.63767607E+01
 1.12322286E+00
 4.30037685E-01
 1.46790333E-01
 5.08188491E-02
 8.88026511E+00
 3.69213217E+01
 2.92189393E-01
 1.43145998E-01
 5.08855123E-02
 8.07641036E-01
 2.49395246E+00
 1.77094511E-01
 4.41180368E-02
 1.72020858E+00
 8.10714174E-01
 3.90676603E-02
 5.72113671E+00
 1.00235706E+00
 1.76727297E+01
 2.41378169E+01
 1.44743800E+01
 4.80194917E-01
 5.32824369E-01
 2.57213300E-01
 5.92249947E-02
 4.27396373E-03
 8.24254509E-02
 1.93346442E-01
 2.88133692E+01
 3.83195087E+01
 4.37342568E+01
 1.72050393E-01
 5.80265538E-02
 1.75348058E-02
 3.20142593E-03
 7.00999999E-02
 3.72125165E+01
 4.73606043E+01
 5.77569720E+01
 3.14560580E+01
 1.40635474E-01
 3.75324293E-03
 1.29351381E-02
 1.17306844E-01
 3.91054233E+01
 4.41883732E+01
 2.55319468E+01
 8.12606276E-01
 1.14560391E-01
 5.11596866E-03
 2.38012690E-02
 1.12889028E+01
 3.61785879E+01
 9.71519550E-01
 4.27020382E-03
 3.64401091E-02
 5.20998564E-02
 1.66357364E+01
 7.72475835E+01
 2.57594326E+00
 3.13607450E-01
 3.39853066E-02
 3.07704959E+01
 4.27881482E+01
 9.46623195E-01
 3.43656931E-01
 2.46219471E+01
 3.30629114E-01
 5.66862490E-01
 9.98721334E+00
 1.03513600E+01
 1.08049903E+00
 8.96579800E-02
 4.31444958E+00
 5.88985463E-01
 5.58398408E-01
 2.73778622E-01
 4.21303626E-02
 2.24193303E-02
 1.21865946E-01
 2.83363770E-01
 2.75092619E-01
 3.98914270E+00
 2.53831571E+01
 6.92244438E-01
 3.06691552E-02
 1.53515924E-02
 1.76784824E-03
 7.25119315E-02
 1.09589026E+00
 1.02035437E+01
 3.80387646E+01
 5.17644211E-01
 3.07939906E-02
 5.41130792E-03
 1.39021355E-02
 1.27550534E-01
 4.22689068E+00
 2.81981367E+01
 4.38229540E+01
 1.30787250E-01
 8.82155420E-03
 6.47632718E-03
 3.42366686E-02
 3.13841250E+00
 4.63380248E+00
 5.82329165E-01
 3.00277572E-03
 5.54058071E-02
 4.58311349E-02
 1.76645388E+02
 2.81600777E+02
 6.75463299E+00
 2.31722389E+00
 4.40899487E-01
 3.21849999E+00
 3.34795154E+01
 1.90941243E+00
 9.31859703E-02
 2.88285982E-01
 5.93771892E-01
 8.66844358E-01
 1.13081997E+01
 3.64423781E-01
 8.62859555E-01
 8.15675326E-01
 9.36477929E+00
 7.51678915E-01
 4.45029398E-01
 3.28053307E-01
 6.47476817E-02
 4.07080571E-03
 1.29130774E-01
 3.46904354E-01
 3.91649604E-01
 8.89252922E-02
 1.79158330E+01
 1.41323681E+00
 5.24928630E-01
 1.24474116E-02
 2.03240459E-04
 7.40816614E-02
 3.55622806E-01
 1.83379257E+00
 2.21964174E+01
 3.69486061E+00
 4.48190399E-01
 7.09117820E-03
 1.56240937E-02
 1.36692808E-01
 3.40102624E-01
 7.92096635E+00
 3.68100323E+01
 6.78195435E+00
 2.21248147E-01
 7.32739616E-03
 4.37052480E-02
 1.79798610E+00
 5.17392154E-01
 7.39477606E+01
 2.91655958E-01
 1.13506202E-01
 3.82942592E-02
 9.22073564E+01
 1.52030862E+02
 1.94612095E+00
 1.29370814E+00
 1.83824352E-01
 1.47444885E-01
 2.24038866E+01
 2.08723533E+00
 2.89812169E-03
 5.76145230E-01
 8.52481902E-01
 9.28317207E-01
 1.42847120E+01
 2.84902915E-01
 7.44817327E+01
 1.22147114E+02
 1.57393498E+02
 1.44759940E+02
 2.81847886E+00
 9.40392286E-01
 5.84296510E-01
 7.12745223E-01
 3.91057755E-01
 1.09367835E-01
 3.89848685E-01
 1.13206221E-02
 5.68856968E+01
 2.93875721E-01
 2.77588266E-01
 1.14788025E-02
 3.54214630E-04
 7.57401796E-02
 4.39582928E-01
 1.08631633E-01
 4.32305628E+01
 1.31365719E+00
 2.97423237E-01
 7.12758462E-03
 1.60185036E-02
 1.38784891E-01
 4.17906605E-01
 9.18466238E-02
 5.08432859E+01
 5.13383182E+00
 1.18353459E-01
 6.96988942E-03
 4.59003923E-02
 3.95511492E-01
 7.44577631E-02
 9.33108820E+01
 1.75112966E-03
 5.94649863E-02
 3.76088760E-02
 3.77770384E+01
 7.63019761E+01
 5.43491749E-01
 6.09576380E-01
 1.86373877E-02
 8.39128616E-02
 1.51860863E+01
 3.17371926E+00
 3.02846388E-02
 3.92460556E-01
 6.13453198E-01
 1.06342759E+00
 1.52701782E+01
 4.16987117E+00
 1.41960099E+02
 2.33483936E+02
 2.68520130E+02
 1.34178167E+02
 2.98764410E+00
 5.51766844E-01
 5.35901955E-01
 1.28563878E+00
 8.87633002E-01
 6.01671682E-01
 2.51925191E-01
 2.12704488E-01
 8.30946781E+01
 2.22720183E-01
 8.79806152E-01
 1.23397512E-02
 1.49776271E-03
 7.75296495E-02
 4.40188255E-01
 1.09130937E-01
 3.81393919E+01
 2.76246562E+00
 1.07815976E+00
 5.16562056E-03
 1.49811820E-02
 1.33745170E-01
 4.18648823E-01
 9.24520292E-02
 5.00662895E+01
 4.41685569E+00
 3.97106926E-01
 5.47268555E-03
 4.07119088E-02
 3.96412645E-01
 7.51878873E-02
 1.02187022E+02
 3.05829651E-01
 7.45896462E-02
 4.40037691E-02
 4.21854789E+01
 9.72267189E+01
 6.82204542E-01
 7.54887011E-01
 3.73858556E-02
 9.84182641E-01
 8.35444835E+00
 6.79318041E+00
 5.67564463E-02
 5.06074946E-01
 6.44238615E+01
 1.22189839E+00
 1.42448066E+01
 1.20542048E+01
 7.01504002E+01
 1.15091575E+02
 1.24503618E+02
 2.27514833E+01
 1.40126116E+01
 1.53334587E+00
 2.40005052E-01
 6.17085516E-01
 3.93509944E-01
 1.89557802E-01
 1.13207618E-01
 4.38211454E-01
 5.01317270E+01
 7.63445201E+01
 1.11244276E+00
 1.16360427E-02
 3.20426642E-03
 7.85818530E-02
 4.40807339E-01
 1.09656001E-01
 2.72766003E+01
 3.33481345E+00
 2.07237832E+00
 2.31936950E-03
 1.44720825E-02
 1.27523236E-01
 4.19407345E-01
 9.30879351E-02
 1.96580389E+01
 3.81768727E+00
 7.09641406E-01
 3.73062153E-03
 3.44364175E-02
 3.97332943E-01
 7.59538191E-02
 3.64862946E+01
 9.78001951E-01
 8.89902236E-02
 4.94786792E-02
 1.39226701E+01
 6.67433243E+01
 1.14286421E+00
 3.81981608E-01
 4.43951848E-02
 2.24094354E+00
 6.41947913E+00
 1.45546636E+01
 7.08301054E-02
 1.29998209E+00
 7.15168695E+01
 6.09137052E-01
 1.32123798E+01
 1.99845827E+01
 2.98420409E+02
 4.91897507E+02
 5.75563362E+02
 4.80474590E+02
 1.15289330E+02
 9.40272000E+00
 4.60822441E+00
 3.33615188E+00
 2.12645607E+00
 1.87448639E+00
 2.81185660E-01
 1.07875119E+00
 4.81265433E+01
 7.67565145E+01
 7.66463062E-01
 1.27456036E-02
 2.48956782E-02
 6.85873478E-02
 6.08785368E-02
 6.89993530E-01
 6.63504217E+00
 2.02215414E+00
 1.96363492E+00
 1.07130515E-02
 2.34754615E-02
 9.61640961E-02
 3.69447121E-01
 1.44562958E-02
 2.08124486E+00
 1.40727927E+00
 6.27168178E-01
 2.39730990E-02
 2.31270985E-02
 7.64302529E-02
 6.51591574E-01
 3.73788941E+01
 5.41608441E-01
 1.08052383E-01
 4.52986693E-02
 2.28956312E+02
 3.18801324E+02
 3.19998635E+02
 4.14462445E+00
 7.92828223E-01
 5.62293461E+02
 8.69804031E+02
 1.24903505E+02
 7.45083075E+00
 1.07786796E+02
 2.28462293E+02
 3.93556095E+00
 3.98429540E+00
 3.53479416E+01
 3.89542602E+01
 6.36672800E+01
 5.80645596E+01
 3.31971744E+01
 3.06246016E+00
 4.15032703E-02
 6.06789833E-02
 3.66457732E-01
 4.83204339E-01
 4.10483443E-01
 2.20908587E-02
 6.59084186E-01
 2.65568689E+01
 3.49930535E+01
 2.54131304E+00
 3.72188487E-02
 2.33969688E-02
 1.73474305E-02
 2.21633345E-02
 5.58501498E-01
 2.60625361E+00
 4.56363080E+01
 1.82780256E+00
 3.60009001E-02
 4.45493435E-02
 4.25675481E-02
 3.78496795E-01
 2.80215710E-02
 5.22581790E+00
 1.55837801E+00
 5.66814443E-01
 7.28076375E-02
 8.65284969E-03
 8.86676009E-01
 1.89675890E+00
 2.31504706E+01
 2.26232379E+00
 1.44646047E-01
 1.84146411E-02
 4.19715220E-01
 7.11547483E+00
 1.73907769E+01
 3.53612385E-01
 1.28495883E-01
 2.38440898E+01
 6.39296326E+01
 3.15829387E+00
 6.76759857E-01
 3.51894794E+00
 4.25656731E+01
 7.76232263E-01
 1.33354778E+01
 3.40669515E+01
