 0.00000000E+00
 0.00000000E+00
 0.00000000E+00
 2.45411754E-01
 3.77687091E-02
 6.42549970E-03
 1.82194342E-02
 2.75985717E-02
 1.20847203E-01
 3.57250757E-01
 0.00000000E+00
 0.00000000E+00
 0.00000000E+00
 1.27475296E-01
 1.07473009E-02
 1.30984037E-04
 1.33987624E-04
 3.03266318E-03
 0.00000000E+00
 0.00000000E+00
 0.00000000E+00
 4.94628134E-02
 3.50715871E-03
 3.10664142E-03
 1.39435114E-02
 3.88026529E-02
 0.00000000E+00
 0.00000000E+00
 8.21443609E-01
 1.14721102E-01
 2.00025587E-02
 1.43729170E-02
 5.05788207E-02
 0.00000000E+00
 0.00000000E+00
 5.58959993E-01
 1.80058993E-01
 4.67958119E-02
 5.25569226E-02
 0.00000000E+00
 0.00000000E+00
 3.28765829E-02
 4.55209762E-02
 5.89027664E-02
 0.00000000E+00
 0.00000000E+00
 4.39259247E-03
 4.73488834E-02
 0.00000000E+00
 3.95250914E-01
 1.18142241E-03
 0.00000000E+00
 7.56079718E-01
 0.00000000E+00
 0.00000000E+00
 0.00000000E+00
 2.55822877E-01
 1.13926009E-02
 1.16306533E-04
 1.52636818E-04
 1.33906435E-03
 1.15336022E-02
 2.06898432E-01
 0.00000000E+00
 0.00000000E+00
 0.00000000E+00
 1.36107057E-01
 5.82600473E-05
 2.26453707E-05
 2.91094125E-04
 4.73932110E-03
 0.00000000E+00
 0.00000000E+00
 0.00000000E+00
 2.30460937E-02
 5.76099296E-04
 8.05287199E-05
 5.49763114E-03
 3.32538587E-02
 0.00000000E+00
 0.00000000E+00
 0.00000000E+00
 4.92684288E-02
 1.33112645E-03
 7.85140370E-04
 1.96722646E-02
 0.00000000E+00
 0.00000000E+00
 6.74844931E-01
 2.00861052E-01
 4.92887496E-02
 4.05918288E-02
 0.00000000E+00
 0.00000000E+00
 5.79127791E-02
 6.35660876E-02
 5.37926198E-02
 0.00000000E+00
 0.00000000E+00
 2.49178295E-02
 2.05918809E-02
 0.00000000E+00
 2.90195817E-01
 3.86524129E-02
 0.00000000E+00
 7.52655082E-01
 0.00000000E+00
 0.00000000E+00
 0.00000000E+00
 2.22941999E-01
 2.53165753E-02
 7.21858219E-05
 1.90070072E-04
 1.55831766E-03
 1.51256416E-02
 1.52157923E-01
 0.00000000E+00
 0.00000000E+00
 0.00000000E+00
 5.30992654E-02
 4.68563117E-02
 2.88685878E-05
 5.61624419E-05
 5.63486531E-03
 0.00000000E+00
 0.00000000E+00
 0.00000000E+00
 1.38513068E-01
 6.31509992E-02
 5.23589356E-04
 3.72200215E-03
 2.95750920E-02
 0.00000000E+00
 0.00000000E+00
 0.00000000E+00
 1.39322540E-01
 6.99128697E-02
 3.88137207E-04
 1.83777766E-02
 0.00000000E+00
 0.00000000E+00
 7.20955699E-01
 1.88672489E-02
 2.08666746E-02
 3.45188869E-02
 0.00000000E+00
 0.00000000E+00
 1.54956029E-01
 6.43867785E-02
 6.00759729E-03
 0.00000000E+00
 0.00000000E+00
 1.70528109E-01
 1.94358802E-01
 0.00000000E+00
 1.44669755E-01
 2.64233990E-01
 0.00000000E+00
 0.00000000E+00
 0.00000000E+00
 0.00000000E+00
 0.00000000E+00
 3.31946171E-01
 1.61839606E-04
 9.13223364E-05
 1.08628764E-04
 1.63779870E-03
 1.75322233E-02
 1.25559077E-01
 0.00000000E+00
 0.00000000E+00
 0.00000000E+00
 2.38787006E-01
 1.01032799E-04
 6.64571212E-05
 1.24970776E-04
 5.93713442E-03
 0.00000000E+00
 0.00000000E+00
 0.00000000E+00
 8.94226548E-02
 1.59454887E-03
 3.99724944E-04
 2.86335225E-03
 2.70157985E-02
 0.00000000E+00
 0.00000000E+00
 0.00000000E+00
 3.26826810E-02
 7.62412814E-03
 5.20180082E-04
 1.74285393E-02
 0.00000000E+00
 0.00000000E+00
 4.59294485E-01
 1.37428951E-02
 8.32118812E-03
 2.90842585E-02
 0.00000000E+00
 0.00000000E+00
 1.35666695E-01
 6.46719649E-02
 4.49815370E-02
 0.00000000E+00
 0.00000000E+00
 2.75071393E-01
 6.10945501E-02
 0.00000000E+00
 2.89228551E-01
 3.33476757E-01
 0.00000000E+00
 0.00000000E+00
 0.00000000E+00
 0.00000000E+00
 0.00000000E+00
 3.24847476E-01
 8.66123076E-05
 1.18712646E-05
 8.59524574E-07
 1.67400217E-03
 1.97006290E-02
 1.00800545E-01
 0.00000000E+00
 0.00000000E+00
 0.00000000E+00
 2.10606554E-01
 3.29682687E-05
 3.11905661E-05
 6.07721265E-05
 6.33689718E-03
 0.00000000E+00
 0.00000000E+00
 0.00000000E+00
 5.92229669E-02
 9.08293579E-05
 3.83462263E-04
 1.95992610E-03
 2.45075899E-02
 0.00000000E+00
 0.00000000E+00
 0.00000000E+00
 3.10512992E-02
 1.69945154E-04
 5.73932879E-04
 1.66045915E-02
 0.00000000E+00
 0.00000000E+00
 0.00000000E+00
 2.13301736E-03
 5.18283362E-03
 2.39382861E-02
 0.00000000E+00
 0.00000000E+00
 3.07929531E-01
 2.01362371E-01
 8.41538220E-02
 0.00000000E+00
 0.00000000E+00
 1.92368859E-01
 1.27941059E-02
 0.00000000E+00
 3.21955226E-01
 3.18099250E-01
 0.00000000E+00
 0.00000000E+00
 0.00000000E+00
 0.00000000E+00
 0.00000000E+00
 0.00000000E+00
 3.52051651E-02
 3.88846281E-05
 6.48656029E-05
 1.70109982E-03
 1.93126513E-02
 1.05407387E-01
 0.00000000E+00
 0.00000000E+00
 0.00000000E+00
 1.41676064E-01
 6.72643222E-02
 2.12795545E-05
 1.19716871E-05
 6.62945816E-03
 0.00000000E+00
 0.00000000E+00
 0.00000000E+00
 9.92477553E-02
 1.63386788E-04
 4.22906539E-04
 2.06511293E-03
 2.42898345E-02
 0.00000000E+00
 0.00000000E+00
 0.00000000E+00
 7.52346515E-02
 2.89278255E-04
 5.46162471E-04
 1.65618319E-02
 0.00000000E+00
 0.00000000E+00
 0.00000000E+00
 2.09227381E-02
 2.66871680E-03
 2.43594200E-02
 0.00000000E+00
 0.00000000E+00
 5.39538878E-01
 3.07927080E-01
 1.16868586E-01
 0.00000000E+00
 0.00000000E+00
 1.74559410E-01
 2.54633758E-03
 0.00000000E+00
 3.28981757E-01
 3.12906341E-01
 0.00000000E+00
 0.00000000E+00
 0.00000000E+00
 0.00000000E+00
 0.00000000E+00
 0.00000000E+00
 7.66829017E-02
 1.25901669E-04
 1.37264083E-04
 1.98469858E-03
 1.68193516E-02
 1.36412310E-01
 0.00000000E+00
 0.00000000E+00
 0.00000000E+00
 9.44868320E-02
 1.77708978E-01
 7.52493796E-05
 1.81950722E-04
 6.98575334E-03
 0.00000000E+00
 0.00000000E+00
 0.00000000E+00
 2.22901516E-01
 1.89976313E-04
 4.88131795E-04
 3.11547791E-03
 2.61827388E-02
 0.00000000E+00
 0.00000000E+00
 0.00000000E+00
 1.87123934E-01
 5.94935119E-04
 4.54273341E-04
 1.72257393E-02
 0.00000000E+00
 0.00000000E+00
 0.00000000E+00
 6.09576672E-02
 3.16878697E-03
 2.98825795E-02
 0.00000000E+00
 0.00000000E+00
 7.79062577E-01
 3.46589706E-01
 1.31096721E-01
 0.00000000E+00
 0.00000000E+00
 1.83091229E-01
 3.28038569E-03
 0.00000000E+00
 0.00000000E+00
 2.94787350E-01
 0.00000000E+00
 0.00000000E+00
 0.00000000E+00
 0.00000000E+00
 0.00000000E+00
 0.00000000E+00
 5.81572842E-02
 1.35695328E-04
 2.41214720E-04
 2.10027642E-03
 1.43112831E-02
 1.65504526E-01
 0.00000000E+00
 0.00000000E+00
 0.00000000E+00
 0.00000000E+00
 1.60854563E-01
 5.38419245E-05
 4.12932757E-04
 7.33930288E-03
 0.00000000E+00
 0.00000000E+00
 0.00000000E+00
 3.39174688E-01
 2.76551364E-04
 6.41925429E-04
 4.02395999E-03
 2.78653524E-02
 0.00000000E+00
 0.00000000E+00
 0.00000000E+00
 2.92406835E-01
 8.28101842E-04
 2.88310673E-04
 1.79236293E-02
 0.00000000E+00
 0.00000000E+00
 0.00000000E+00
 9.86058787E-02
 3.64259091E-03
 3.50470069E-02
 0.00000000E+00
 0.00000000E+00
 1.03478031E+00
 1.51416761E-01
 6.70835875E-02
 0.00000000E+00
 0.00000000E+00
 1.41031670E-01
 4.02688921E-03
 0.00000000E+00
 0.00000000E+00
 2.76327044E-02
 0.00000000E+00
 0.00000000E+00
 0.00000000E+00
 0.00000000E+00
 0.00000000E+00
 0.00000000E+00
 1.55741676E-01
 1.67670006E-04
 5.32687093E-05
 2.11723348E-03
 1.57906249E-02
 2.22652420E-01
 0.00000000E+00
 0.00000000E+00
 0.00000000E+00
 0.00000000E+00
 5.71720719E-02
 6.20814323E-04
 2.46533365E-03
 7.00542565E-03
 0.00000000E+00
 0.00000000E+00
 0.00000000E+00
 3.07980087E-01
 8.55483211E-04
 4.02365900E-05
 6.08071416E-03
 3.12379684E-02
 0.00000000E+00
 0.00000000E+00
 0.00000000E+00
 2.53071243E-01
 1.94358090E-03
 1.73156119E-03
 1.91139728E-02
 0.00000000E+00
 0.00000000E+00
 0.00000000E+00
 8.43649182E-02
 4.51339600E-03
 4.06587423E-02
 0.00000000E+00
 0.00000000E+00
 0.00000000E+00
 1.26217784E-01
 7.07823437E-02
 0.00000000E+00
 0.00000000E+00
 1.94364365E-01
 2.19637381E-02
 0.00000000E+00
 0.00000000E+00
 5.39926001E-02
 0.00000000E+00
 0.00000000E+00
 0.00000000E+00
 0.00000000E+00
 0.00000000E+00
 0.00000000E+00
 2.54112915E-01
 6.41878059E-03
 1.83355046E-02
 2.88372678E-02
 1.31596259E-01
 3.75638005E-01
 0.00000000E+00
 0.00000000E+00
 0.00000000E+00
 0.00000000E+00
 1.77974243E-01
 1.04943382E-03
 2.78976927E-03
 2.56228036E-03
 0.00000000E+00
 0.00000000E+00
 0.00000000E+00
 0.00000000E+00
 1.75487355E-01
 3.27098371E-03
 1.48893009E-02
 3.68180627E-02
 0.00000000E+00
 0.00000000E+00
 0.00000000E+00
 4.09793380E-01
 9.86764900E-02
 1.60411718E-02
 5.02137846E-02
 0.00000000E+00
 0.00000000E+00
 0.00000000E+00
 1.32138130E-01
 2.86397999E-02
 5.15702343E-02
 0.00000000E+00
 0.00000000E+00
 0.00000000E+00
 7.50384379E-02
 6.77289303E-02
 0.00000000E+00
 0.00000000E+00
 7.88864403E-02
 1.02109403E-01
 0.00000000E+00
 0.00000000E+00
 1.91752443E-02
 0.00000000E+00
 0.00000000E+00
