 2.42595776E-01
 1.02212004E-01
 3.02122737E-02
 1.53126298E-02
 1.24330330E-02
 2.42069789E-02
 7.19334105E-02
 7.33120540E-02
 2.05289391E-01
 0.00000000E+00
 9.15823591E-02
 2.10082813E-02
 2.96384210E-03
 2.42446429E-04
 1.29989497E-02
 3.68230371E-02
 1.01272505E-01
 1.07476979E-02
 2.76079237E-02
 3.31630966E-03
 3.42941541E-03
 6.73246886E-03
 2.17108319E-02
 9.71244898E-03
 2.86958143E-02
 1.91636495E-01
 1.48345218E-02
 5.56483419E-03
 1.12380210E-03
 2.07470739E-02
 3.44503975E-02
 2.05206017E-02
 1.89831970E-01
 9.18453782E-03
 1.32213467E-02
 1.54950706E-02
 2.84342495E-02
 1.45809230E-02
 1.94763763E-01
 1.09818780E-02
 1.53599203E-03
 5.47872498E-03
 1.04899001E-02
 1.77936762E-01
 3.10999668E-02
 1.29385460E-02
 1.06273351E-02
 1.34393205E-01
 4.23313476E-02
 2.22206833E-02
 9.77100944E-02
 1.42801434E-01
 4.29444887E-01
 9.89697702E-02
 2.08534049E-02
 9.92979698E-04
 2.51268707E-03
 1.80321554E-03
 8.04133652E-04
 8.48159157E-03
 4.65234308E-02
 6.85613915E-03
 0.00000000E+00
 1.82775777E-02
 3.74769855E-05
 9.63014127E-04
 1.87340200E-04
 4.01702323E-03
 2.07378629E-02
 7.29661304E-02
 1.34787506E-01
 3.61494365E-04
 4.90484240E-04
 2.68803777E-03
 1.94109841E-03
 8.48643780E-03
 5.63826227E-03
 3.11280043E-02
 2.29228375E-01
 5.84910997E-04
 2.01041138E-03
 8.71282012E-03
 2.41385373E-03
 1.61540334E-02
 4.02764153E-02
 9.86520438E-02
 1.15593338E-03
 5.07584642E-03
 2.92874698E-03
 1.25288689E-02
 1.20093467E-02
 1.67457503E-01
 2.60967217E-04
 2.55293111E-03
 5.76400956E-03
 1.70077290E-02
 1.53446652E-01
 6.89722788E-04
 1.63138085E-03
 4.26625613E-03
 5.85653292E-02
 3.29072733E-04
 6.14411084E-03
 9.60206630E-02
 1.93689586E-02
 2.64039171E-01
 3.29341200E-02
 7.12394787E-05
 5.87769273E-04
 1.69272892E-03
 1.08232520E-03
 3.16720030E-04
 1.37554669E-03
 4.13405171E-02
 2.00518596E-01
 0.00000000E+00
 2.37725224E-04
 1.14425542E-04
 7.62422122E-04
 2.88119472E-04
 1.92302920E-03
 1.26634250E-03
 1.69709381E-02
 1.35592889E-01
 3.23420660E-04
 1.03518528E-04
 7.94573890E-04
 8.56578633E-04
 4.38597709E-03
 7.28999393E-03
 1.87790453E-02
 2.45983386E-01
 1.09972002E-04
 2.72836654E-04
 6.22096203E-03
 1.60183611E-03
 8.01376155E-03
 7.74347464E-03
 1.03655347E-01
 3.15175767E-04
 2.23441281E-03
 2.35487587E-03
 5.61936418E-03
 8.37812942E-03
 1.51788327E-01
 6.17004863E-05
 3.25403021E-03
 3.22477065E-04
 6.58399904E-03
 1.37369620E-01
 1.36137178E-04
 3.27050033E-03
 1.21465062E-03
 6.05590442E-02
 1.49136849E-04
 4.60576493E-03
 9.47414290E-02
 6.84541271E-03
 2.09715333E-01
 1.97725806E-02
 4.52829319E-05
 9.16869632E-04
 1.94210001E-03
 8.05971287E-04
 2.50653166E-04
 9.92122401E-04
 2.95828592E-02
 2.37712114E-01
 0.00000000E+00
 6.00499810E-05
 4.21439333E-05
 1.34182212E-03
 1.48960003E-04
 1.32067632E-03
 9.08771524E-04
 1.13626011E-02
 1.18179328E-01
 1.45076787E-04
 8.35574269E-05
 1.01095973E-03
 1.25438274E-03
 3.37400276E-03
 6.18826599E-03
 2.38711858E-02
 2.37806986E-01
 4.64584924E-05
 1.47183717E-04
 2.14417114E-03
 1.71446166E-03
 6.63026800E-03
 5.96468889E-03
 1.03476938E-01
 1.08414758E-05
 8.00786142E-04
 5.80480161E-03
 4.57853052E-03
 6.82678685E-03
 1.27799374E-01
 2.79082386E-06
 2.54029426E-03
 2.62552718E-03
 5.45662708E-03
 1.17668768E-01
 1.91866031E-04
 3.90021758E-03
 1.79286630E-03
 6.07802034E-02
 1.08697854E-04
 6.13585125E-03
 9.28091036E-02
 8.06166318E-03
 1.82661636E-01
 6.56157489E-03
 2.64041202E-05
 8.56310724E-04
 2.61151058E-03
 4.77684527E-04
 2.36809632E-04
 8.03964286E-04
 1.78875422E-02
 2.75290126E-01
 0.00000000E+00
 1.32221800E-05
 4.40341530E-05
 1.18261103E-03
 7.16596295E-04
 6.84793349E-04
 7.35616111E-04
 6.19792584E-03
 1.01091331E-01
 8.32131198E-05
 7.82674019E-05
 2.14468636E-03
 8.94514351E-04
 2.34513095E-03
 5.12092984E-03
 2.90658407E-02
 2.29733205E-01
 2.06858625E-05
 3.15690870E-05
 2.38621812E-03
 1.56867956E-03
 5.27590433E-03
 4.25328906E-03
 1.03369282E-01
 6.76709015E-05
 3.25296035E-04
 1.53690290E-03
 3.94390786E-03
 5.35287263E-03
 1.03658151E-01
 2.94267375E-04
 2.82922705E-03
 6.16330426E-03
 3.91578388E-03
 9.78496969E-02
 2.16763438E-04
 5.14297462E-03
 1.50491736E-03
 6.11144393E-02
 1.23679645E-05
 7.64529307E-03
 9.13076421E-02
 9.21578820E-03
 1.55599697E-01
 6.56183296E-03
 1.37944567E-05
 1.07641519E-03
 3.76898619E-03
 3.81789321E-04
 2.58452203E-04
 8.72995692E-04
 1.68675481E-02
 2.76465572E-01
 0.00000000E+00
 5.90946643E-08
 4.43458982E-05
 1.55049023E-03
 1.42442081E-03
 9.55407840E-04
 7.46752785E-04
 5.94507544E-03
 9.85986978E-02
 9.69384310E-05
 1.07391174E-04
 3.31427477E-03
 5.20582140E-05
 2.43863519E-03
 5.29195981E-03
 2.91830687E-02
 2.28731438E-01
 2.38765713E-05
 1.30186346E-04
 6.06107094E-03
 1.13435489E-03
 5.53814805E-03
 4.18963398E-03
 1.03537714E-01
 3.52244778E-05
 3.52618816E-04
 4.41449752E-03
 4.13845334E-03
 6.12177628E-03
 1.04790422E-01
 4.62281774E-04
 3.03079281E-03
 5.96637661E-03
 3.79602415E-03
 9.91119668E-02
 2.11466691E-04
 5.61022347E-03
 4.29276408E-04
 6.17812574E-02
 4.12456003E-05
 1.05703285E-02
 9.38934591E-02
 8.69513455E-03
 1.57442370E-01
 1.97678762E-02
 3.20795355E-05
 1.43025945E-03
 2.75511989E-04
 4.24525445E-04
 3.12823333E-04
 1.19773308E-03
 2.66771658E-02
 2.40764062E-01
 0.00000000E+00
 9.39577022E-05
 5.57444076E-06
 2.22023242E-03
 2.33128153E-03
 2.08443383E-03
 9.43453078E-04
 1.06797412E-02
 1.10875839E-01
 1.72096914E-04
 6.37530105E-05
 4.20323642E-03
 1.14151457E-03
 3.68849205E-03
 6.73275759E-03
 2.41133497E-02
 2.34905885E-01
 1.84111508E-05
 2.01734642E-04
 8.33452971E-03
 5.20349579E-04
 7.48479015E-03
 5.80223231E-03
 1.03984503E-01
 9.77924377E-05
 8.50394711E-04
 9.03769732E-03
 5.19058346E-03
 9.20146215E-03
 1.31589009E-01
 3.92754278E-04
 2.91018546E-03
 8.86731004E-04
 5.28324837E-03
 1.21759148E-01
 2.19257752E-04
 5.36828527E-03
 3.58567424E-03
 6.28309313E-02
 2.77102183E-04
 8.12738916E-03
 1.00354656E-01
 6.50148624E-03
 1.88159813E-01
 3.29895541E-02
 9.47332781E-05
 2.74781311E-04
 1.70611060E-03
 2.32826987E-04
 4.03765063E-04
 1.69590054E-03
 3.67397999E-02
 2.04822654E-01
 0.00000000E+00
 1.46959072E-04
 5.15163532E-05
 4.02314013E-04
 1.41126767E-03
 2.78105669E-03
 1.31610666E-03
 1.59332355E-02
 1.23681486E-01
 2.03673727E-04
 1.10357711E-04
 1.85720012E-03
 2.21481329E-03
 5.02008718E-03
 8.24548305E-03
 1.90022382E-02
 2.41300124E-01
 8.45585426E-06
 2.82947570E-04
 6.45520546E-03
 8.57917482E-05
 9.56594554E-03
 7.51554402E-03
 1.04500271E-01
 2.55247893E-04
 1.39868042E-03
 8.91208379E-03
 6.38990347E-03
 1.24393643E-02
 1.58760341E-01
 3.25010116E-04
 1.49878214E-03
 1.06866360E-02
 7.77300406E-03
 1.44489282E-01
 3.07720501E-04
 5.39927530E-03
 3.79297682E-03
 6.39181926E-02
 5.26498925E-04
 3.17029395E-03
 1.05172823E-01
 4.30839393E-03
 2.18855504E-01
 9.89651200E-02
 2.08031328E-02
 6.72271717E-05
 1.02569107E-03
 1.55678425E-03
 9.91106251E-04
 8.38912629E-03
 4.20691960E-02
 1.26276066E-02
 0.00000000E+00
 1.82693640E-02
 1.45231486E-05
 2.20160591E-04
 1.66895840E-03
 4.01649228E-03
 1.95844509E-02
 6.78767523E-02
 1.21868569E-01
 3.87921379E-04
 2.01766480E-04
 2.03067485E-03
 3.17981810E-03
 1.01552443E-02
 5.27876009E-03
 3.24217375E-02
 2.25705067E-01
 6.06449190E-04
 3.95521533E-04
 6.79754391E-03
 6.44914134E-04
 2.01459489E-02
 4.26574159E-02
 9.94867520E-02
 4.01952006E-04
 2.61994235E-03
 1.20176576E-02
 1.43520927E-02
 1.83026690E-02
 1.77420218E-01
 1.66255671E-03
 6.61703874E-03
 1.87825641E-02
 2.26394864E-02
 1.62972464E-01
 4.59497838E-04
 2.03588331E-02
 2.36013967E-04
 6.33741161E-02
 8.48364535E-04
 3.86369257E-03
 1.08050898E-01
 2.47604076E-02
 2.78231384E-01
 2.43212884E-01
 1.02803674E-01
 3.67990712E-02
 2.25971907E-02
 8.56958452E-03
 2.40390860E-02
 7.05937476E-02
 6.95213658E-02
 2.01594298E-01
 0.00000000E+00
 9.14577760E-02
 1.94733754E-02
 3.65388720E-03
 5.22184874E-03
 1.31352764E-02
 3.52777511E-02
 9.57049381E-02
 5.81206962E-03
 2.72423154E-02
 5.76507588E-04
 7.51969867E-03
 5.94501209E-03
 2.58621499E-02
 1.03951673E-02
 3.02336143E-02
 1.90644905E-01
 1.35481169E-02
 7.70572523E-05
 1.34924449E-02
 1.88045655E-02
 4.25164222E-02
 2.50519962E-02
 1.92523062E-01
 8.30855073E-03
 1.01953678E-02
 2.58588780E-02
 3.41563546E-02
 2.23154026E-02
 2.07234870E-01
 1.13066064E-02
 1.09241457E-02
 1.42316731E-02
 6.52243423E-03
 1.90968491E-01
 3.58093249E-02
 2.93899724E-02
 1.66817202E-02
 1.49565869E-01
 4.36376057E-02
 1.58047000E-02
 1.10634753E-01
 1.51753657E-01
 4.40328290E-01
