 1.85892293E-01
 6.16610863E-02
 6.01208670E-01
 1.36743345E-01
 2.55237881E-01
 2.52512528E-01
 2.45989771E-02
 1.00189553E-04
 2.05280651E-01
 4.87031432E-01
 1.01356254E-01
 5.56681277E-02
 5.48239358E-01
 5.71844070E-01
 4.85179653E-01
 4.09780199E-01
 1.37872152E+00
 1.03564562E-01
 8.41735389E-02
 2.15255672E-02
 5.43549122E-02
 7.57480720E-01
 1.09257717E+00
 8.39132951E-01
 3.26188190E-01
 3.86851232E-01
 5.14908815E-02
 3.34843669E-01
 1.86833895E+00
 1.25361658E+00
 3.49028356E-01
 5.05522307E-01
 3.21670539E-01
 1.84139191E-01
 5.90544253E-01
 1.60719347E+00
 4.69107061E-01
 1.74302568E-01
 9.74827116E-02
 1.18457090E-01
 1.54512180E-01
 3.85821254E-01
 7.62059394E-02
 5.80199288E-03
 5.07789099E-02
 4.91979176E-01
 2.48631786E-01
 2.31869781E-01
 5.46114623E-02
 9.37558212E-01
 4.00852171E-01
 2.55412043E-01
 1.41367188E+00
 1.49496999E-01
 1.05459845E-01
 3.05803617E-01
 1.82264284E-01
 1.57418447E-01
 3.12744079E-01
 6.25201987E-02
 5.44810537E-03
 3.19702326E-02
 3.08534279E-01
 2.28890775E-01
 5.14742579E-01
 1.22735843E+00
 8.61114393E-01
 4.37155835E-01
 7.13344862E-01
 5.40801002E+00
 1.40041441E-01
 5.14755314E-02
 5.65461205E-02
 1.40135441E-01
 3.48976189E-01
 1.94186073E+00
 1.81888433E+00
 5.81477219E-01
 8.33887607E-01
 5.56536356E-03
 1.04360047E-01
 6.63514225E-02
 1.13120456E-01
 3.58318768E+00
 2.00340573E-01
 6.22726807E-01
 1.96354888E-01
 7.03802642E-01
 1.72852441E+00
 6.76423787E-01
 1.28028464E+00
 3.62898302E-01
 1.32313153E-01
 2.38278062E-01
 1.56011305E-01
 1.52731022E-02
 2.19126347E-01
 1.35139531E-02
 3.16211096E-01
 4.49342073E-01
 1.79831647E-01
 8.04981715E-03
 6.85137029E-01
 2.21240852E-01
 1.37977036E-02
 1.72366810E+00
 2.12371015E-01
 5.16883509E-01
 1.09916005E+00
 6.59951137E-01
 3.38989510E-01
 1.03764730E+00
 1.43068066E-01
 8.08348175E-01
 2.16596776E-01
 1.95931515E-01
 7.68419591E-02
 2.14301694E-01
 7.76822472E-01
 4.54142561E-01
 3.08205432E-01
 2.42604768E-01
 6.23902679E+00
 5.20245983E-03
 1.89845287E-01
 2.75374015E-01
 3.45203145E-01
 1.37027795E-01
 5.42412319E-01
 4.89898565E-01
 3.60905834E+00
 1.35213470E+00
 2.67153903E-01
 3.65331673E-01
 1.79075818E-01
 4.03450437E+00
 4.22789552E-01
 4.69365021E-01
 6.08915506E-01
 7.73436782E-02
 4.66511384E-01
 1.77979775E+00
 1.83231725E-01
 1.11460709E+00
 6.57945559E-01
 1.80265571E-01
 7.66188008E-03
 2.21212299E-01
 8.25785166E-01
 7.15515298E-01
 3.51169310E-01
 6.82825007E-01
 3.23550524E-01
 1.07946229E+00
 3.00966975E-01
 5.59333735E-02
 1.23001670E+00
 9.52468428E-02
 4.93687275E-01
 8.91266002E-02
 2.01138452E-01
 4.15354902E-01
 4.62209236E-01
 3.24959678E-01
 1.94840354E-01
 1.08694660E-01
 1.67336225E-01
 8.89396133E-02
 1.79206712E-01
 4.33864654E-02
 5.56832803E-02
 3.59001784E-01
 1.05559621E-01
 8.76005449E-01
 7.68059012E-01
 3.38223181E+00
 2.00742420E-01
 1.30852318E-01
 1.82556155E-01
 1.96995550E-01
 9.70661174E-01
 3.36618161E-02
 6.50340736E-01
 6.25861472E+01
 1.15743322E+00
 1.04350849E-02
 2.42509168E-01
 2.39484715E-01
 3.31299205E-01
 3.83219275E-01
 3.26180343E-01
 7.59510407E-01
 2.77829539E-02
 5.16439472E-02
 1.28623761E+00
 3.65931086E-01
 1.59982901E+00
 9.30367579E-01
 1.05616623E-01
 1.65304470E-01
 3.59602489E-01
 2.16474199E-01
 6.44108289E-01
 8.82469664E-02
 7.13695366E-01
 1.17945071E+00
 3.88790124E-01
 4.80527330E-02
 3.70113871E-01
 1.26244545E+00
 3.58659695E-01
 2.55334073E-01
 1.37543267E-03
 1.08169844E-02
 2.66015548E-02
 5.94261056E-01
 3.65468759E-01
 3.99475700E-02
 1.77186410E-01
 1.46838726E-01
 3.60520476E-02
 1.69425864E-01
 1.76438764E-03
 3.73287433E-03
 4.41444036E-02
 7.18858957E-01
 1.57513845E-02
 7.49386176E-01
 1.71611338E-02
 3.47257777E-01
 6.03826741E-02
 1.04374516E-01
 8.36196380E-02
 1.90243838E-01
 4.19905195E+00
 3.92110708E+00
 4.44387871E-01
 1.41899452E-01
 3.09785645E-03
 8.56531635E-02
 3.60861999E-01
 1.89352120E-01
 7.22700055E-01
 1.13436626E-01
 2.17405684E-01
 2.23471474E-02
 7.68198809E-02
 8.15821272E-01
 3.89607432E-01
 1.56926677E+00
 7.73844996E-01
 2.04178861E-01
 4.73738344E-01
 5.66430972E-01
 4.39347189E-01
 4.67643647E-01
 3.87414692E-02
 3.87534014E-01
 1.59143701E+00
 3.74647722E-01
 3.47680903E-02
 6.02097096E-01
 1.59230011E+00
 3.95408437E-01
 1.64480048E-01
 1.10186075E-01
 2.31126953E-01
 3.30300601E-02
 7.36339570E-01
 1.23942453E+00
 2.12717617E-02
 1.56503194E-02
 2.32009376E-01
 5.65490795E-02
 2.25045690E-01
 2.38205688E-01
 4.71916370E-01
 2.85128713E-01
 6.69961175E-01
 4.37538533E-02
 2.42286818E+00
 4.06479108E-01
 2.27762922E-01
 1.30729790E-01
 2.59552463E-01
 9.22273396E-02
 7.96914988E-01
 3.57923116E+00
 1.03785516E+01
 2.10525191E+00
 5.71896233E-01
 4.64270213E-02
 9.23814581E-02
 2.73004811E-01
 7.70855968E-01
 5.38912814E-01
 7.77056825E-01
 1.44230675E+00
 7.39698083E-02
 1.46803332E-01
 9.15061727E-01
 1.75512036E-01
 6.30531501E-01
 7.40508058E-01
 2.78393467E-01
 7.59686116E-01
 9.70628355E-01
 1.10177301E+00
 2.48183578E-01
 4.55446870E-02
 2.17526961E-01
 6.01627569E-01
 3.25856854E-01
 3.22635213E-02
 6.50388813E-01
 2.02539973E+00
 3.89087660E-01
 1.76316448E-01
 2.02146062E-01
 4.39386454E-01
 5.66184543E-02
 2.08479574E-01
 6.93172347E-01
 1.48316501E+00
 1.64838312E-01
 1.52713043E+00
 2.22556362E-01
 3.12437564E-01
 1.75107325E-02
 3.47482714E-02
 5.82863964E-01
 1.17480828E+00
 1.29640530E+00
 1.61861567E-01
 3.08956908E-01
 6.65203932E-01
 2.09816068E-01
 4.16822167E-01
 3.20554783E-02
 2.05587218E+00
 1.12746592E+00
 1.26155194E+00
 2.02158867E+00
 1.02200840E+00
 4.13494917E-02
 8.22464481E-02
 3.36321860E-01
 1.03655150E+00
 6.58936160E-01
 1.10619722E+00
 1.02098853E+00
 3.91927755E-02
 7.67956001E-02
 1.17337228E+00
 2.45802760E-01
 1.54678822E+00
 1.27337152E+00
 3.07955566E-01
 9.47609567E-01
 1.22670138E+00
 9.77882599E-01
 1.04684740E-01
 5.49267216E-02
 1.86576852E-01
 1.09422874E+00
 1.32453636E-01
 5.69912687E-02
 1.18522939E+00
 1.85181940E+00
 3.17955630E-01
 2.96997207E-01
 1.14139498E-01
 1.59119891E-01
 6.23879387E-01
 1.38897051E+00
 3.83561457E-01
 2.10434254E-01
 5.14600015E-01
 5.97239764E-01
 1.56346861E-01
 3.61455125E-01
 1.58133573E-01
 3.13215177E-01
 6.26770775E-01
 1.20112712E+00
 1.32834854E+00
 1.02382873E+00
 1.42184800E-01
 6.91196851E-02
 1.25816244E-01
 2.49811975E-01
 9.96737501E-02
 1.10337788E+00
 9.67631620E-01
 3.92330359E-02
 4.59605222E-01
 6.33255914E-01
 9.84054032E-03
 1.92705259E-02
 2.13147699E-01
 2.08369209E-01
 2.52381913E-01
 5.57721648E-02
 6.81038566E-01
 1.36267671E-02
 2.95394784E-02
 3.40218015E-01
 9.27939766E-03
 4.51606285E-01
 9.00652469E-01
 1.02122145E-01
 6.32327769E-01
 1.80292113E+00
 2.60927506E-01
 8.62345186E-02
 4.32493736E-02
 1.83792240E-01
 3.19418040E-01
 1.92001926E-02
 2.49491556E-02
 1.12774087E+00
 6.67278880E-01
 2.74605324E-01
 4.03755171E-01
 2.20672170E-01
 2.56812788E-01
 6.76689177E-01
 1.86699230E+00
 8.72690560E-01
 3.79057888E-01
 1.11762917E-01
 5.23695634E-01
 4.65331745E-01
 3.31717732E-01
 9.65620673E-02
 1.50916941E-01
 2.47784141E-01
 9.40718216E-01
 1.01142668E+00
 3.98406638E-01
 5.84859377E-01
 2.29219900E+00
 5.96489307E-02
 1.18248424E-01
 5.29453033E-02
 5.46979612E-01
 2.19694971E-01
 2.89076850E+00
 2.44615409E+00
 6.32568405E-01
 3.10898806E-02
 6.25448111E-02
 1.30548967E-01
 4.01287734E-01
 2.41603500E+00
 4.58870781E-01
 5.95819791E-01
 1.28165017E-01
 2.60150885E-01
 4.23591562E-01
 7.79068801E-01
 1.24750262E+00
 1.12460927E+00
 5.33388017E-02
 3.34602947E-01
 4.21713611E-02
 6.18429441E-01
 1.01518042E-01
 1.08044217E-01
 5.92787614E-01
 3.62600558E-01
 1.01588958E-02
 4.39844104E-02
 1.27991691E+00
 5.40363146E-02
 8.60305165E-03
 6.30673074E-01
 2.92849848E-02
 4.50077248E-01
 6.91033971E-01
 6.07183860E-01
 3.98338807E-01
 2.32290902E-01
 1.00492852E-01
 3.67862349E-02
 2.09059762E-01
 4.01792761E-01
 4.28786304E-02
 9.71405421E-02
 3.23924111E-01
 5.03365390E-01
 1.98444501E+02
 7.88170329E+00
 1.64656099E-01
 2.26944285E+00
 1.44127339E-02
 9.72980570E-02
 1.66410921E-01
 4.59187984E-01
 4.45939535E+00
 7.33971108E-01
 1.18849225E+00
 4.00327269E-01
 1.91831125E-02
 8.01950837E-02
 1.65770561E-01
 7.17609322E-01
 5.16219723E-01
 4.31686794E-01
 2.66229748E-01
 3.19097098E-02
 5.18769749E-02
 2.89432363E-01
 9.43962540E-01
 1.83932530E-01
 3.77749905E-01
 3.94332244E-02
 8.50749374E-02
 3.24999625E-01
 1.81808815E-01
 2.41442299E-01
 1.38912521E-01
 7.90195198E-01
 1.13876401E-01
 7.73257504E-01
 7.33342340E-02
 1.20494111E+00
 4.20966491E-01
 2.40270079E-01
 7.61924198E-01
