 6.76586321E-01
 5.51736408E-01
 4.59911408E-01
 4.60009004E-01
 4.72580158E-01
 5.26993521E-01
 6.21496753E-01
 5.29984899E-01
 3.65937471E-01
 2.61362491E-01
 2.80106202E-01
 3.42973997E-01
 4.34022514E-01
 4.79993337E-01
 3.17552669E-01
 2.63841246E-01
 3.13540042E-01
 4.39064117E-01
 5.51897371E-01
 4.73177848E-01
 3.14853859E-01
 3.14136172E-01
 4.41211275E-01
 4.78831180E-01
 3.56014753E-01
 4.39637206E-01
 5.29344289E-01
 4.35588454E-01
 5.51925415E-01
 6.22974037E-01
 5.48926908E-01
 4.35367638E-01
 3.11566622E-01
 3.10513956E-01
 3.53406931E-01
 4.34392546E-01
 5.47250783E-01
 3.91964781E-01
 2.71041279E-01
 1.33378375E-01
 1.81069074E-01
 3.20935953E-01
 4.52019601E-01
 3.51894396E-01
 2.45772883E-01
 1.84827833E-01
 2.86853742E-01
 5.20114341E-01
 3.36800322E-01
 2.49981737E-01
 2.87141089E-01
 4.36854280E-01
 3.64740384E-01
 3.45075114E-01
 5.19470843E-01
 4.36757790E-01
 4.52098763E-01
 5.46877183E-01
 5.72919254E-01
 5.28206803E-01
 4.20234374E-01
 4.07130631E-01
 4.69830721E-01
 5.51215553E-01
 4.53923232E-01
 4.02235727E-01
 2.70961485E-01
 3.38123726E-01
 5.36963704E-01
 4.61229453E-01
 4.21101836E-01
 3.83269545E-01
 5.25077125E-01
 4.32691881E-01
 4.28609931E-01
 5.23967426E-01
 4.78048039E-01
 5.66018153E-01
 5.47690373E-01
 8.53046122E-01
 4.72073033E-01
 1.60321059E+00
 1.43616446E+00
 8.83302573E-01
 3.06345427E-01
 1.73461842E+00
 1.14285089E+00
 1.22628339E+00
 2.38215475E+00
 1.61226124E+00
 8.64558177E-01
 6.74451404E-01
 9.09830657E-01
 9.99451964E-01
 4.54105575E-01
 3.94707262E-01
 1.08932403E+00
 1.04300618E+00
 1.30231791E-01
 1.22414114E+00
 1.17058060E-01
 7.75068633E-01
 7.66712120E-01
 6.70775983E-01
 5.63449926E-01
 8.89654421E-01
 5.33772464E-01
 3.66032326E-01
 2.78782914E-01
 2.90609752E-01
 3.46505707E-01
 4.34073797E-01
 3.50879932E-01
 1.63423281E-01
 1.06029256E-01
 1.64458523E-01
 3.15377496E-01
 4.52055203E-01
 2.91154782E-01
 1.36107208E-01
 1.84526555E-01
 2.86824297E-01
 2.99738974E-01
 1.83555128E-01
 2.87176050E-01
 3.51664977E-01
 3.22635267E-01
 4.36334134E-01
 3.99573136E-01
 2.71348661E-01
 1.68417121E-01
 2.02140511E-01
 3.27913124E-01
 2.41071136E-01
 1.44635251E-01
 6.13931251E-02
 1.80971892E-01
 1.92719151E-01
 1.20767217E-01
 1.41257117E-01
 2.18922699E-01
 2.17014522E-01
 3.34679390E-01
 2.88516873E+00
 4.10819183E-01
 3.43650582E-01
 3.81641990E-01
 3.58038263E-01
 2.88122187E-01
 1.94188519E-01
 3.62323623E-01
 2.60982310E-01
 2.50825066E-01
 3.92010883E-01
 1.38940226E+00
 1.12111730E+00
 1.12872590E+00
 1.32742057E+00
 1.29206693E+00
 1.26172461E+00
 1.07735005E+00
 3.01286124E-01
 8.54527524E-01
 9.31420397E-01
 7.36728611E-01
 4.72973020E-01
 2.98051636E-01
 2.63564640E-01
 3.13443631E-01
 4.39068128E-01
 5.51967332E-01
 2.96114737E-01
 1.40137949E-01
 1.84246693E-01
 2.86721974E-01
 5.20692756E-01
 2.65267316E-01
 1.85309382E-01
 3.84867357E-01
 5.26719309E-01
 3.15653759E-01
 2.87879193E-01
 5.26481376E-01
 4.40379751E-01
 5.20836769E-01
 5.51719704E-01
 3.37936090E-01
 2.06994850E-01
 1.84565515E-01
 2.86673314E-01
 2.02938631E-01
 1.29331505E-01
 1.40989210E-01
 1.86449631E-01
 1.41121326E-01
 2.60772838E-01
 2.87711621E-01
 6.04055937E-01
 3.78090556E-01
 4.24190971E-01
 5.49456698E-01
 3.68676888E-01
 2.83948181E-01
 2.81806241E-01
 4.15511214E-01
 2.59920697E-01
 5.39053065E-01
 1.68305093E+00
 1.19562552E+00
 1.15067820E+00
 2.68884464E+00
 1.34607352E+00
 1.21672293E+00
 9.73392875E-01
 9.28532680E-01
 9.41576210E-01
 8.24727026E-01
 4.68878870E-01
 3.02972402E-01
 3.13785761E-01
 4.41143252E-01
 3.02369997E-01
 1.85600865E-01
 2.86902154E-01
 3.15217084E-01
 2.87604022E-01
 5.26619752E-01
 4.42167206E-01
 3.28466529E-01
 2.26642588E-01
 2.86655526E-01
 4.36500947E-01
 2.24866192E-01
 2.21916728E-01
 3.17858897E-01
 2.87259735E-01
 3.17090397E-01
 7.83815118E-01
 4.01360697E-01
 5.47458230E-01
 3.94367031E-01
 3.99576174E-01
 5.37539676E-01
 4.19093584E-01
 1.03055625E+00
 4.77428558E-01
 3.51966769E-01
 4.39337100E-01
 3.52325313E-01
 3.23176614E-01
 4.39944641E-01
 3.62190144E-01
 3.37258285E-01
 5.18700097E-01
 3.36635431E-01
 1.49897582E+00
 5.30798170E-01
 4.37376247E-01
 5.53318256E-01
 4.38571059E-01
 4.54850551E-01
 5.54350872E-01
 4.39609442E-01
 4.54890461E-01
 4.55256193E-01
 1.30096480E+00
 6.28109223E-01
 5.58440457E-01
 5.13771562E-01
 3.84632282E-01
 2.64933785E-01
 2.31363067E-01
 2.22734592E-01
 2.91002890E-01
 4.32655765E-01
 3.08256581E-01
 1.39692794E-01
 6.39628270E-03
 3.54272955E-02
 2.37666878E-02
 1.44959073E-01
 2.39129958E-01
 5.65067726E-02
 2.84271225E-02
 1.93099113E-02
 1.41386330E-01
 3.02099561E-01
 2.17048826E-01
 3.46590659E-03
 1.83864576E-02
 1.46967647E-01
 2.19967176E-01
 3.82422660E-02
 1.42103329E-01
 2.93462680E-01
 1.46379684E-01
 3.01886826E-01
 4.34022891E-01
 2.90898850E-01
 2.25915103E-01
 7.16061296E-02
 1.19287999E-02
 4.01157017E-02
 1.45667664E-01
 3.16137912E-01
 7.36688491E-02
 4.22908127E-02
 1.39161725E-01
 1.56997503E-01
 9.39995404E-03
 1.86727638E-01
 2.11081519E-02
 1.27262963E-02
 9.98901222E-02
 4.19747082E-02
 2.78103176E-01
 1.53862466E-02
 7.89285401E-02
 4.11197768E-02
 1.44488383E-01
 3.44198805E-02
 3.67750927E-02
 2.77335229E-01
 1.48613869E-01
 1.86295281E-01
 3.15092731E-01
 2.76419926E-01
 3.39813351E-01
 2.31317527E-01
 1.36143069E-01
 1.92483229E-01
 3.00958554E-01
 9.32788714E-02
 1.81536935E-01
 3.30840050E-02
 3.70289958E-02
 3.03968376E-01
 1.17077616E-01
 1.86076303E-01
 1.62683009E-01
 2.88516303E-01
 6.88605023E-02
 1.29602277E-01
 2.87409147E-01
 1.69055347E-01
 3.32845354E-01
 2.94942107E-01
 7.81652919E-01
 9.36553015E-01
 1.34320633E+00
 1.55755009E+00
 8.19066627E-01
 6.42160696E-01
 1.89104900E+00
 1.29473379E+00
 1.31010618E+00
 2.48975952E+00
 2.14912427E+00
 1.60316022E+00
 1.47884511E-01
 5.76916920E-01
 8.79032216E-01
 8.77571680E-01
 3.01104101E+00
 8.75686109E-01
 1.03685111E+00
 2.53430988E+00
 1.10450146E+00
 4.82098037E-01
 6.71887302E-01
 7.63231536E-01
 3.90668823E-01
 6.00561549E+00
 8.60846528E-01
 3.11042538E-01
 1.36359921E-01
 2.85900470E-02
 1.43242511E-02
 3.08782026E-02
 1.45077296E-01
 8.10032157E-02
 9.74488987E-02
 1.77195123E-01
 1.80358108E-01
 1.36564766E-03
 1.86501065E-01
 3.02820337E-03
 1.54713964E-01
 1.01060884E-01
 4.26495973E-02
 2.72790275E-02
 1.65497692E-01
 4.19521497E-02
 2.92148684E-02
 7.07181258E-03
 1.47740098E-01
 7.92658091E-02
 3.58201094E-02
 6.87967359E-02
 1.14615582E-01
 2.35468028E-02
 7.41443997E-02
 7.48520020E-03
 7.93902740E-02
 4.06935482E-02
 1.19049945E-01
 3.46270629E-02
 1.75091634E-03
 1.40768602E-01
 1.26513644E-02
 1.68242146E-02
 9.48783129E-02
 1.88070636E-01
 1.79016427E-01
 1.24521989E-01
 8.89565129E-03
 1.34321501E-01
 7.72961352E-02
 6.95052848E-02
 1.01120747E-01
 1.43643121E-01
 5.82265283E-02
 2.22778323E+00
 1.08910533E+00
 9.81101709E-01
 1.88816106E+00
 1.26404795E+00
 1.44074469E+00
 9.89727159E-01
 7.06909703E-01
 1.99383359E-01
 9.80227050E-01
 5.71160381E-01
 2.15521670E-01
 1.04648091E-02
 2.87015007E-02
 1.93542693E-02
 1.41422872E-01
 3.02201825E-01
 5.80158333E-03
 1.51948109E-01
 1.01487296E-01
 4.28085745E-02
 2.78637772E-01
 2.69013225E-02
 1.00424409E-01
 1.63551857E-01
 2.90128288E-01
 1.62962032E-02
 4.11740523E-02
 2.89995075E-01
 1.43041523E-01
 2.78650024E-01
 3.01360766E-01
 2.60601131E-02
 1.04455052E-01
 9.98367567E-02
 4.19313450E-02
 1.12975888E-01
 2.80667774E-02
 1.83524562E-03
 9.63341667E-02
 1.25291223E-03
 1.58307592E-01
 3.87560224E-02
 2.84297363E-02
 7.87425583E-02
 2.45687393E-01
 3.38017506E-01
 6.05893922E-02
 1.31540917E-01
 2.07211649E-01
 2.31814269E-01
 1.68404828E-01
 3.23194419E-01
 1.25971443E-01
 1.34399718E+00
 1.03863585E+00
 3.31098288E-01
 1.37669570E+00
 1.14047971E+00
 1.16096470E+00
 9.39873969E-01
 1.00797007E+00
 9.12119919E-01
 2.02825833E-01
 2.43193835E-02
 1.86874891E-02
 1.47017964E-01
 2.60561594E-02
 1.64363017E-01
 4.23377986E-02
 1.68036458E-02
 4.15112759E-02
 2.90169878E-01
 1.48490261E-01
 4.34433184E-02
 1.33715947E-01
 4.11780845E-02
 1.44375964E-01
 1.37120422E-01
 8.63177815E-03
 1.17700306E-01
 3.90509560E-02
 1.17463614E-01
 1.36189787E-02
 6.30680940E-02
 3.36102006E-01
 5.07319945E-02
 1.92633766E-01
 3.21500186E-01
 5.04370473E-01
 1.33426235E+00
 2.15236654E-01
 2.88088089E-02
 1.41742956E-01
 2.91867672E-02
 7.05330238E-03
 1.42448181E-01
 2.54840765E-02
 1.85942885E-02
 2.76513306E-01
 1.79911775E-02
 1.47289272E-01
 2.95587887E-01
 1.49031824E-01
 3.04104267E-01
 1.50976720E-01
 1.89608319E-01
 3.05523193E-01
 1.53022139E-01
 1.90636289E-01
 1.91938407E-01
 9.30944666E+00
 4.41680477E-01
 3.32642258E-01
 4.45741786E-01
 3.56832684E-01
 2.54011282E-01
 1.94880651E-01
 1.56741932E-01
 2.17326651E-01
 3.73700032E-01
 2.32316660E-01
 1.08716331E-01
 3.58884867E-02
 1.09264260E-01
 7.63488906E-02
 4.31440799E-02
 1.72022306E-01
 9.00898794E-03
 8.92917380E-02
 1.30564170E-01
 2.80339264E-02
 2.01194589E-01
 1.46215218E-01
 8.16749555E-02
 1.29612968E-01
 3.52911325E-02
 1.41838277E-01
 6.62138708E-02
 2.86167348E-02
 2.18850942E-01
 4.37278965E-02
 2.00668647E-01
 3.74260547E-01
 1.49070322E-01
 1.72833997E-01
 4.62358338E-02
 5.92321636E-02
 5.89147030E-02
 4.41018373E-02
 2.34839725E-01
 7.52176966E-02
 1.46155059E-02
 1.61114131E-01
 2.41957927E-01
 8.49270341E-02
 1.00159653E-01
 1.15550065E-01
 7.00953898E-02
 1.77790586E-01
 1.78431183E-01
 1.76118991E-01
 1.53374351E-01
 1.85149016E-01
 1.77136848E-01
 8.73349559E-03
 8.69870538E-02
 6.49290700E-02
 1.75421112E-01
 4.67530319E-02
 9.91079578E-02
 2.33176820E-01
 7.40665863E-02
 2.62775833E-01
 2.16947356E-01
 5.27023777E-02
 8.82344279E-02
 1.99796247E-01
 1.34020050E-01
 9.14115639E-02
 2.09529602E-02
 8.54194793E-02
 2.06453534E-01
 7.85301101E-02
 6.37263090E-02
 5.48511864E-02
 1.41616272E-01
 1.23607248E-01
 3.39433560E-02
 1.40668310E-01
 2.77110916E-02
 2.20904935E-01
 1.92312247E-01
 7.46601465E-01
 1.09184950E+00
 1.67015976E+00
 1.45701154E+00
 1.62820857E+00
 1.09929414E+00
 1.60095379E+00
 1.40084844E+00
 1.33630282E+00
 1.98217162E+00
 2.19107755E+00
 5.28622126E-01
 7.13073299E-01
 7.78820125E-02
 7.00083918E-01
 7.89862914E-01
 3.36003413E+00
 2.84922152E-01
 1.27612646E+00
 1.39664608E+00
 9.62592800E-01
 2.83258264E-01
 4.48313672E-01
 1.52476139E+00
 1.61780330E-01
 9.42969458E-01
 9.29963889E-01
 2.24597069E-01
 9.22959622E-02
 1.01986662E-02
 8.14467389E-02
 6.69514530E-02
 4.33273018E-02
 1.01261388E-02
 1.21116567E-01
 2.04280565E-01
 2.68764707E-01
 9.44205904E-02
 9.95378658E-02
 5.59232609E-02
 2.04069105E-01
 1.79679112E-01
 1.79784025E-01
 1.18861659E-01
 2.67579099E-01
 1.78932049E-01
 7.70073326E-02
 9.38590107E-02
 4.55589010E-02
 9.07158088E-02
 1.80784455E-02
 6.84572551E-02
 1.86062748E-01
 6.61558683E-02
 1.80656499E-01
 8.77338261E-02
 2.03971537E-02
 1.87455872E-02
 1.97940924E-01
 2.14122030E-02
 2.19869620E-02
 2.58664396E-01
 1.66486745E-02
 8.76975080E-02
 1.69062654E-01
 6.01605253E-02
 1.67960858E-01
 2.79472772E-02
 1.99626193E-01
 8.86537755E-02
 1.01792677E-01
 6.67823618E-02
 4.57513976E-02
 1.07743658E-01
 1.13055873E-01
 5.61158927E+00
 1.10368560E+00
 7.70340198E-01
 3.74952928E+00
 1.24234186E+00
 1.46933865E+00
 1.23065561E+00
 6.45324065E-01
 4.80758049E-01
 1.11967421E+00
 1.10354426E+00
 1.15904746E-01
 7.40612939E-02
 8.94613831E-02
 1.30517662E-01
 2.81020136E-02
 2.01302886E-01
 6.99210267E-02
 2.12431007E-01
 1.80204007E-01
 1.79999590E-01
 1.76340583E-01
 8.83989043E-02
 1.79663842E-01
 5.17344259E-02
 1.41107047E-01
 1.27666580E-01
 1.78545363E-01
 1.41085145E-01
 2.93808479E-02
 1.75985526E-01
 1.99826710E-01
 2.27976033E-01
 2.36027827E-01
 1.77384228E-01
 1.78109775E-01
 2.25437043E-01
 5.96318142E-03
 2.20608610E-02
 1.72917888E-01
 2.26156061E-02
 1.24708469E-01
 1.73125058E-01
 2.77345817E-01
 1.53020325E-01
 1.58594242E-01
 2.03451324E-01
 1.37844135E-01
 4.33781847E-02
 1.87620573E-01
 1.51292265E-01
 1.40553904E-01
 1.92195265E-01
 7.22838581E-02
 1.67440931E+00
 9.01062395E-01
 3.01054011E-01
 1.46921851E+00
 9.58098692E-01
 1.81160532E+00
 1.08287849E+00
 1.49381196E+00
 1.11600162E+00
 1.12547557E-01
 1.31587170E-01
 1.29711558E-01
 3.55050827E-02
 1.27678837E-01
 2.73187391E-01
 1.79379864E-01
 1.28047424E-01
 1.78836451E-01
 1.41266598E-01
 3.68734263E-02
 2.20430247E-01
 2.84107841E-01
 1.76570289E-01
 9.01707463E-03
 2.74941209E-01
 2.54731094E-02
 7.38830865E-02
 1.73061551E-01
 7.40354449E-02
 2.45724433E-01
 1.66812838E-01
 2.01852061E-01
 1.58526543E-01
 8.05266061E-02
 1.90577024E-01
 1.57496111E+00
 1.31798176E+00
 1.30588789E-01
 8.30767737E-02
 2.83193731E-02
 8.05468004E-02
 9.63883199E-02
 2.88108500E-02
 1.08823940E-01
 9.76584065E-02
 1.74870247E-01
 9.32158563E-02
 1.70610638E-02
 2.21138400E-01
 4.66530739E-02
 2.03257117E-01
 4.90317759E-02
 1.01780956E-01
 2.04661904E-01
 5.17694318E-02
 1.04163544E-01
 1.06656046E-01
 1.91732095E-01
 3.82671086E-01
 2.52882253E-01
 4.03600167E-01
 3.02089870E-01
 2.50613474E-01
 2.20387060E-01
 1.57935253E-01
 2.03898417E-01
 3.62955169E-01
 2.08063252E-01
 5.19879107E-02
 4.49492042E-02
 9.39259169E-02
 9.66616093E-02
 4.55323612E-03
 2.00282862E-01
 3.15923754E-03
 6.33032240E-02
 9.84849097E-02
 3.21354143E-02
 1.89975209E-01
 1.89936863E-01
 6.89034396E-02
 9.79062104E-02
 6.42335437E-02
 1.49031654E-01
 8.72851173E-02
 3.25542288E-02
 2.05396778E-01
 5.31847192E-03
 1.89411740E-01
 3.63489106E-01
 6.97182537E-02
 7.22832007E-02
 1.08752843E-02
 5.96323392E-02
 8.44396794E-02
 5.55431104E-03
 2.03985522E-01
 1.14604470E-01
 6.44798099E-02
 1.93265120E-01
 2.48606810E-01
 1.27659767E-01
 4.08558754E-02
 8.73546489E-02
 1.08806388E-01
 2.05128320E-01
 1.98295453E-01
 1.43218441E-01
 1.16303642E-01
 1.96412818E-01
 1.97138642E-01
 5.35650722E-03
 9.97523120E-02
 1.08984211E-01
 1.42571528E-01
 8.53128818E-03
 3.99743689E-02
 2.02458048E-01
 3.87354962E-03
 1.63800933E-01
 2.15491876E-01
 6.82985631E-02
 8.68150318E-02
 1.88538763E-01
 1.40720005E-01
 2.33066774E-02
 2.07295444E-02
 8.88583900E-02
 1.78932784E-01
 1.46519268E-02
 4.81439490E-02
 5.80451843E-02
 1.26972931E-01
 5.16658018E-02
 4.74308461E-02
 1.26001178E-01
 4.51182551E-02
 1.89945302E-01
 1.80882098E-01
 7.53501496E-01
 9.64057891E-01
 8.36669679E+00
 1.34489739E+00
 1.64619381E+00
 1.09855691E+00
 1.13420567E+00
 1.21744731E+00
 6.50063470E-01
 1.36501861E+00
 7.86461130E-01
 6.92449910E-01
 2.73374806E+00
 3.22728832E-01
 6.04077245E-01
 1.15522921E+00
 5.67350836E-01
 1.42066835E+00
 1.02514061E+00
 8.06943559E-01
 1.04901004E+00
 2.76946588E-01
 3.78312047E-01
 8.45208577E-01
 5.23756888E-02
 9.53461975E-01
 6.74436520E-01
 1.69969443E-01
 1.15573957E-04
 7.36989535E-03
 7.11952271E-02
 8.89381048E-02
 4.76853655E-03
 2.38338577E-02
 2.24182267E-01
 2.55517819E-01
 2.87096719E-01
 1.41261153E-01
 3.99681529E-02
 3.13870535E-02
 2.53753073E-01
 2.07281236E-01
 1.99990843E-01
 8.39947029E-02
 2.85801775E-01
 1.99408881E-01
 9.04913417E-02
 1.40648430E-01
 7.43452318E-03
 1.91037974E-01
 1.68789561E-01
 1.17708408E-01
 2.02887060E-01
 1.12202270E-01
 2.13666959E-01
 2.00314615E-02
 2.23488442E-02
 2.91750941E-02
 1.61985194E-01
 2.61551828E-02
 3.08198470E-02
 2.24299133E-01
 3.21840538E-02
 1.15602692E-01
 2.76620379E-01
 1.33265830E-01
 1.20054095E-01
 4.33218800E-03
 2.03102623E-01
 1.52825439E-02
 8.97667263E-02
 3.56960430E-02
 4.42362907E-02
 1.13237328E-01
 5.43918741E-02
 8.80221663E+00
 1.46577872E+00
 7.54463623E-01
 9.34151155E+00
 1.46907496E+00
 8.24346965E-01
 1.41821386E+00
 7.80291713E-01
 4.37614137E-01
 1.05364221E+00
 1.00846182E+00
 8.11683294E-02
 1.41947356E-01
 6.34524439E-02
 9.84421282E-02
 3.21966016E-02
 1.90080471E-01
 9.30010396E-02
 2.93219410E-01
 2.07918515E-01
 2.00308401E-01
 1.43196093E-01
 6.27192803E-02
 2.07426041E-01
 4.04616558E-02
 1.17816311E-01
 9.64083719E-02
 1.99441038E-01
 1.17721211E-01
 3.31149877E-02
 1.42592933E-01
 1.88498418E-01
 3.26265681E-01
 3.86668721E-01
 2.04665189E-01
 1.97894806E-01
 2.85178173E-01
 5.17114289E-02
 3.08884514E-02
 1.99512778E-01
 3.13184597E-02
 1.24712706E-01
 1.92386605E-01
 3.95019160E-01
 3.73247417E-01
 1.18582877E-01
 1.62796879E-01
 1.98142098E-01
 8.14073459E-02
 1.60887019E-01
 1.52800098E-01
 1.31778066E-01
 1.76560385E-01
 2.57119487E-01
 2.54620706E+00
 9.54215757E-01
 5.26092006E-01
 1.78351153E+00
 8.19716711E-01
 3.43784836E+01
 1.41458775E+00
 6.84127190E-01
 1.13859502E+00
 1.18423371E-01
 1.52313576E-01
 9.80123698E-02
 6.44285282E-02
 1.21457942E-01
 3.10311183E-01
 2.00077926E-01
 9.67574294E-02
 1.99822847E-01
 1.17876673E-01
 6.52193742E-02
 2.59445771E-01
 3.62651855E-01
 1.96445837E-01
 4.96541959E-03
 2.98234020E-01
 1.43007160E-02
 9.86764369E-02
 1.92293267E-01
 9.86566709E-02
 3.01040193E-01
 3.04221218E-01
 1.60995601E-01
 1.98562068E-01
 2.38558751E-02
 1.74999807E-01
 1.75450172E+00
 6.30052477E-01
 1.25158430E-01
 1.15309884E-01
 3.22283555E-02
 1.03614622E-01
 1.49647956E-01
 3.25251503E-02
 1.47040642E-01
 1.64074394E-01
 1.42116236E-01
 1.40465291E-01
 4.24053132E-02
 2.07734970E-01
 8.41430477E-03
 1.92039925E-01
 1.10883796E-02
 4.23318898E-02
 1.93413718E-01
 1.36842434E-02
 4.55330974E-02
 4.90100912E-02
 1.80412489E-01
 3.72046941E-01
 2.22894824E-01
 3.93925149E-01
 2.70637151E-01
 2.45095429E-01
 2.44625758E-01
 1.58704771E-01
 1.90468076E-01
 3.52208635E-01
 2.04902895E-01
 1.02823312E-02
 5.56013056E-02
 7.95392333E-02
 1.17295723E-01
 3.40436584E-02
 2.22038448E-01
 2.02138860E-02
 3.73103360E-02
 6.64003981E-02
 3.62376494E-02
 1.78754220E-01
 2.29759538E-01
 5.90615443E-02
 6.61943934E-02
 9.31803775E-02
 1.54923753E-01
 1.09337453E-01
 3.64923545E-02
 1.91940684E-01
 3.30961347E-02
 1.78153468E-01
 3.52716280E-01
 5.53939139E-02
 1.83908005E-02
 2.87380746E-02
 6.25819433E-02
 1.10818641E-01
 3.29988332E-02
 1.73126940E-01
 1.11717700E-01
 1.13452442E-01
 2.28609368E-01
 2.57171102E-01
 1.71037065E-01
 1.84556831E-02
 7.22116856E-02
 1.57324543E-01
 2.32469686E-01
 2.18162203E-01
 1.10314068E-01
 8.70718021E-02
 2.13569824E-01
 2.17142694E-01
 1.94479336E-02
 1.15138980E-01
 1.55013341E-01
 1.09719491E-01
 2.96934224E-02
 1.91618149E-02
 1.71738810E-01
 1.60853877E-02
 1.35103302E-01
 2.07636962E-01
 8.00535291E-02
 8.41131171E-02
 1.77280091E-01
 8.36885962E-02
 6.49079025E-04
 2.53194073E-02
 9.51902818E-02
 1.50443931E-01
 8.81226309E-02
 1.77400371E-02
 6.12391826E-02
 1.12328834E-01
 8.39726574E-03
 6.98605657E-02
 1.11333867E-01
 5.85374285E-02
 1.55979976E-01
 1.69452923E-01
 8.04200708E-01
 9.94851759E-01
 4.64434226E+00
 1.20221014E+00
 1.53071927E+00
 1.03752975E+00
 7.94501153E-01
 1.04175223E+00
 2.62267127E+00
 8.83775396E-01
 3.73176627E+00
 8.99160882E-01
 6.32595346E+00
 1.17453507E+00
 4.72573482E-01
 1.05436846E+00
 4.89303505E-01
 5.90191659E+00
 3.29182036E+00
 8.29080223E-01
 8.19982174E-01
 1.00397440E-01
 2.94420401E-01
 1.06039269E+00
 6.03407213E-01
 8.83206921E-01
 9.53657528E-01
 1.84611786E-01
 4.13653049E-02
 2.65317455E-02
 6.18965207E-02
 1.11246462E-01
 3.37961933E-02
 8.28022805E-03
 2.90705547E-01
 3.07956534E-01
 3.06147915E-01
 1.88347683E-01
 1.96102063E-02
 1.17324472E-02
 3.07111579E-01
 2.34887402E-01
 2.20200478E-01
 5.20552284E-02
 3.06229297E-01
 2.19888418E-01
 1.04955758E-01
 1.88179037E-01
 3.06942067E-02
 1.52481707E-01
 2.16888491E-01
 1.70157450E-01
 2.21629519E-01
 1.58893847E-01
 1.47307672E-01
 2.57245936E-02
 2.19031422E-02
 7.56609386E-02
 1.35843208E-01
 2.35232222E-02
 3.96535100E-02
 1.95836981E-01
 7.65785302E-02
 1.45486466E-01
 1.74638749E-01
 1.71755904E-01
 6.73216930E-02
 3.95116553E-02
 5.62974815E-02
 8.08130402E-03
 7.41045708E-02
 1.23273943E-01
 3.15021788E-02
 1.18730019E-01
 4.75109159E-03
 1.03349734E+00
 1.57825538E+00
 7.47194417E-01
 3.80437288E-01
 1.37680816E+00
 4.86917457E-01
 8.56716873E-01
 6.84331558E-01
 3.85729372E-01
 1.80996717E+00
 7.36173724E-01
 1.36285962E-01
 1.42423579E-01
 3.74392911E-02
 6.63615527E-02
 3.62918908E-02
 1.78856500E-01
 4.86710883E-02
 3.23424965E-01
 2.35636986E-01
 2.20619975E-01
 1.10047284E-01
 3.70358010E-02
 2.35192018E-01
 2.91874641E-02
 9.45228871E-02
 6.51461143E-02
 2.20339130E-01
 9.43550001E-02
 3.68493846E-02
 1.09197879E-01
 1.77169386E-01
 2.44162142E-01
 4.01901336E-01
 2.31949387E-01
 2.17682023E-01
 2.09368040E-01
 7.56077522E-03
 3.97166520E-02
 2.26109892E-01
 4.00215057E-02
 1.24716615E-01
 2.11648877E-01
 2.39570075E-01
 3.88188752E-01
 7.85708635E-02
 1.22142951E-01
 5.23293497E-02
 5.09885300E-02
 1.34155736E-01
 1.54306732E-01
 1.23003012E-01
 1.60930100E-01
 5.67872230E-01
 6.89279321E+00
 1.01891817E+00
 8.74373382E-01
 1.61518572E+00
 2.96454570E+00
 9.61167641E-01
 1.36861071E+00
 7.21290352E-01
 6.99599350E-01
 1.78221348E-01
 1.32578908E-01
 6.63085147E-02
 9.33560115E-02
 7.47728310E-02
 3.17059768E-01
 2.20778552E-01
 6.54635984E-02
 2.20811564E-01
 9.44846258E-02
 9.35676225E-02
 1.90004703E-01
 3.59740455E-01
 2.16323064E-01
 1.89489157E-02
 2.39926050E-01
 5.82385905E-02
 1.23469381E-01
 2.11525364E-01
 1.23275400E-01
 1.91252355E-01
 3.17316766E-01
 1.20144440E-01
 1.13365588E-01
 6.18438759E-02
 1.59428554E-01
 1.77785580E+00
 1.10068398E+00
 1.37690077E-01
 1.34064497E-01
 3.61378178E-02
 1.13204053E-01
 1.92786028E-01
 3.62395700E-02
 1.49046460E-01
 2.03272749E-01
 1.09361898E-01
 1.60424531E-01
 1.21703161E-02
 1.94329759E-01
 2.98290363E-02
 1.80821487E-01
 2.68589001E-02
 1.71215163E-02
 1.82164735E-01
 2.44010701E-02
 1.30944070E-02
 8.62734006E-03
 1.69096446E-01
 3.61421311E-01
 1.92908356E-01
 3.75271252E-01
 2.58843189E-01
 2.49746375E-01
 2.47419352E-01
 1.59630620E-01
 1.90460220E-01
 3.52202844E-01
 1.75128223E-01
 9.49189627E-03
 4.96401872E-02
 7.59646797E-02
 1.16116208E-01
 3.40603334E-02
 1.85825509E-01
 4.80325347E-02
 3.73084881E-02
 6.64030200E-02
 3.62332403E-02
 1.78750522E-01
 2.08015008E-01
 7.57784117E-02
 6.62089812E-02
 9.31719300E-02
 1.47660046E-01
 1.14928505E-01
 3.64817738E-02
 1.91926573E-01
 3.31092190E-02
 1.78152774E-01
 3.52711008E-01
 1.80099707E-02
 5.25531881E-03
 1.94368769E-02
 5.70057233E-02
 1.08973381E-01
 3.30175331E-02
 1.73113649E-01
 1.71412191E-01
 1.53107075E-01
 2.16665249E-01
 2.50009579E-01
 1.68661895E-01
 1.84728711E-02
 1.44873889E-01
 2.13169775E-01
 2.32490361E-01
 2.18182261E-01
 1.10305801E-01
 1.30763267E-01
 2.47174632E-01
 2.17172453E-01
 1.94622690E-02
 1.29759494E-01
 1.66260523E-01
 1.09718581E-01
 2.97143377E-02
 1.91574326E-02
 1.71750641E-01
 5.10963372E-02
 8.21805223E-02
 2.03396365E-01
 7.75016470E-02
 8.32615326E-02
 1.77282563E-01
 1.87517138E-01
 7.89037719E-02
 2.59679453E-02
 9.55851170E-02
 1.50315366E-01
 3.29460961E-02
 8.01735166E-02
 5.12844028E-02
 1.06342830E-01
 6.45803508E-02
 1.28953948E-01
 1.05327630E-01
 3.40577239E-02
 1.36132556E-01
 1.69507837E-01
 2.71191482E+00
 8.48256010E-01
 3.74306454E+00
 1.27285916E+00
 1.85379487E+00
 5.62380903E-01
 9.22849647E-01
 1.20065453E+00
 5.30381528E-01
 8.32873214E-01
 5.75028920E-01
 8.45872159E-01
 2.10177390E+00
 3.55771993E-01
 3.91926271E-01
 1.33285103E+00
 6.62154730E-01
 5.76703125E-01
 6.95826513E-01
 1.08432761E+00
 1.86520963E+00
 2.15407351E-02
 2.42856657E-01
 1.16953837E+00
 2.23022365E+01
 1.29626346E+00
 1.04679945E+00
 1.79425480E-01
 4.63186183E-02
 2.87850541E-02
 6.32533636E-02
 1.11711778E-01
 3.38133237E-02
 2.25371743E-02
 3.01520352E-01
 3.07803214E-01
 3.06064379E-01
 1.88335289E-01
 1.96301259E-02
 3.92901819E-02
 3.28292523E-01
 2.34904793E-01
 2.20219358E-01
 6.86299318E-02
 3.18980798E-01
 2.19916393E-01
 1.10506967E-01
 1.92450681E-01
 3.07115249E-02
 1.62910661E-01
 2.26840545E-01
 1.74687452E-01
 2.24360490E-01
 1.59817764E-01
 1.75938842E-01
 4.02500593E-03
 2.22417097E-02
 7.58674676E-02
 1.91236500E-01
 1.90579711E-02
 3.96424908E-02
 2.29206971E-01
 5.09075922E-02
 1.56659831E-01
 2.06905724E-01
 2.10822354E-01
 3.72172125E-02
 5.76069803E-02
 1.20922201E-01
 6.76071758E-02
 5.33328726E-02
 2.13642154E-02
 5.04562286E-02
 1.11202019E-01
 6.64226507E-02
 4.17980560E-01
 1.96194889E+00
 8.74960897E-01
 8.69433157E-02
 1.65098620E+00
 8.84176951E-01
 3.92369579E-02
 7.48702457E-01
 4.13951851E-01
 1.42103149E+00
 7.23345696E-01
 1.58784711E-01
 1.25226282E-01
 3.74419365E-02
 6.63682137E-02
 3.62862796E-02
 1.78853195E-01
 2.84709710E-02
 3.08033256E-01
 2.35655778E-01
 2.20640359E-01
 1.10034747E-01
 3.70573266E-02
 2.35216618E-01
 2.91796833E-02
 9.45137069E-02
 6.51908110E-02
 2.20379960E-01
 9.43464501E-02
 3.68289567E-02
 1.09187202E-01
 1.77180396E-01
 1.99036616E-01
 3.67387164E-01
 2.31974541E-01
 2.17704219E-01
 1.68773912E-01
 2.34275754E-02
 3.97033824E-02
 2.26153149E-01
 3.99990364E-02
 1.24720622E-01
 2.11693182E-01
 1.87971469E-01
 3.57981695E-01
 5.94100053E-02
 1.10623037E-01
 1.25300628E-02
 2.74943634E-02
 1.19666362E-01
 1.35483559E-01
 1.08820069E-01
 1.49515746E-01
 6.48189186E-01
 3.26467080E+00
 1.17105774E+00
 8.29816246E-01
 1.55839573E-01
 1.27597488E+00
 9.64109711E-01
 1.73046204E+00
 5.97937071E-01
 2.79318579E-01
 1.91694035E-01
 1.22290303E-01
 6.63370990E-02
 9.33393242E-02
 6.26947406E-02
 3.07861687E-01
 2.20815287E-01
 6.55212987E-02
 2.20861828E-01
 9.44754525E-02
 9.35276853E-02
 1.62943286E-01
 3.39037589E-01
 2.16363218E-01
 1.89645108E-02
 2.15563713E-01
 7.68606212E-02
 1.23462992E-01
 2.11580630E-01
 1.23255246E-01
 1.60108256E-01
 2.99036605E-01
 1.08549797E-01
 8.91887071E-02
 7.62016267E-02
 1.47985747E-01
 1.99287098E+00
 1.09793128E+00
 1.42157565E-01
 1.30653080E-01
 3.61212733E-02
 1.09204426E-01
 1.89732081E-01
 3.62129558E-02
 1.40055009E-01
 1.96364940E-01
 1.09374933E-01
 1.52278086E-01
 1.65241220E-03
 1.94306164E-01
 2.98442534E-02
 1.80819633E-01
 2.68811386E-02
 1.71237733E-02
 1.82170402E-01
 2.44340031E-02
 1.30743591E-02
 8.57424545E-03
 1.69255463E-01
 3.61401957E-01
 1.92902367E-01
 3.49619954E-01
 2.68123445E-01
 2.64413701E-01
 2.28669337E-01
 1.60681788E-01
 2.03878167E-01
 3.62940427E-01
 1.29613978E-01
 7.75875151E-04
 2.71781017E-02
 8.32747877E-02
 9.31410494E-02
 4.51245415E-03
 1.10416378E-01
 7.25214448E-02
 6.33040170E-02
 9.85004351E-02
 3.21212312E-02
 1.89966646E-01
 1.35961303E-01
 1.10599519E-01
 9.79573712E-02
 6.42017083E-02
 1.30996336E-01
 1.01232163E-01
 3.25216403E-02
 2.05357421E-01
 5.28704525E-03
 1.89411702E-01
 3.63475375E-01
 3.84659874E-02
 4.17759799E-03
 3.84794955E-02
 4.30883350E-02
 7.89597247E-02
 5.50676447E-03
 2.03952307E-01
 2.71895839E-01
 1.67193723E-01
 1.57655609E-01
 2.27258996E-01
 1.20571508E-01
 4.08160397E-02
 2.67680730E-01
 2.48057321E-01
 2.05184807E-01
 1.98351863E-01
 1.43199371E-01
 2.24756544E-01
 2.80227690E-01
 1.97224575E-01
 5.39748577E-03
 1.36053191E-01
 1.37036681E-01
 1.42572281E-01
 8.47275063E-03
 3.99910545E-02
 2.02493738E-01
 1.99455886E-01
 9.28278133E-03
 2.02302342E-01
 6.03590206E-02
 8.41667219E-02
 1.88547916E-01
 4.19364684E-01
 1.90854377E-01
 2.30268826E-02
 9.02538327E-02
 1.78479535E-01
 2.91675428E-01
 2.02838536E-01
 2.81796711E-02
 1.09015379E-01
 2.36323074E-01
 1.98911233E-01
 1.07982256E-01
 1.68155524E-02
 1.39079062E-01
 1.81043910E-01
 4.07234770E+00
 5.41145149E-01
 2.19807611E+00
 1.45302928E+00
 2.53043842E+00
 3.20434218E+00
 1.33529586E+00
 6.63015353E-01
 3.30017788E-01
 5.54432521E-01
 2.49860674E-01
 7.24722876E-01
 8.33976623E-01
 4.90647857E-01
 8.20517760E-01
 2.47917003E+00
 1.19032108E+00
 7.56089410E-01
 2.92406315E-01
 1.59638940E+00
 2.60486971E-01
 1.21667801E-01
 2.31262409E-01
 2.02619283E+00
 1.33025822E+00
 1.93940474E+01
 1.42734460E+00
 1.49054266E-01
 1.90391201E-02
 1.42420865E-02
 7.53382322E-02
 9.03521113E-02
 4.72625037E-03
 6.35774229E-02
 2.54379802E-01
 2.55132658E-01
 2.86894092E-01
 1.41230771E-01
 3.99214663E-02
 9.99720313E-02
 3.06706041E-01
 2.07327188E-01
 2.00043130E-01
 1.25265891E-01
 3.17699069E-01
 1.99488680E-01
 1.04319060E-01
 1.51333135E-01
 7.38902908E-03
 2.33064299E-01
 2.06804708E-01
 1.31521687E-01
 2.11216903E-01
 1.15011737E-01
 2.93490824E-01
 4.05888251E-02
 2.31891837E-02
 2.96811530E-02
 2.99846843E-01
 8.03113019E-02
 3.07855081E-02
 3.07374205E-01
 3.20195098E-02
 1.43416581E-01
 3.89628570E-01
 2.62795725E-01
 2.93906616E-02
 5.88284087E-02
 3.87791759E-01
 1.87077012E-01
 2.71852611E-02
 2.27039146E-01
 1.69267240E-01
 9.06545659E-02
 2.13376107E-01
 6.60637197E-01
 2.68391061E+00
 1.13512324E+00
 3.90452474E+00
 2.02479631E+00
 4.95002529E-01
 1.66592972E-01
 1.17373652E+00
 5.71614374E-01
 5.82267965E-01
 1.37839124E+00
 1.34974143E-01
 1.00616987E-01
 6.34665057E-02
 9.84694897E-02
 3.21788512E-02
 1.90072980E-01
 4.26710201E-02
 2.54737648E-01
 2.07968811E-01
 2.00365310E-01
 1.43165004E-01
 6.27895169E-02
 2.07494093E-01
 4.04404696E-02
 1.17792774E-01
 9.65485257E-02
 1.99559976E-01
 1.17698850E-01
 3.30531538E-02
 1.42564354E-01
 1.88532145E-01
 2.18365343E-01
 3.03736825E-01
 2.04735803E-01
 1.97958178E-01
 1.84041459E-01
 2.57473438E-02
 3.08475370E-02
 1.99639498E-01
 3.12503804E-02
 1.24724731E-01
 1.92519171E-01
 2.81815393E-01
 3.13878883E-01
 6.11005524E-02
 1.28236163E-01
 1.10119166E-01
 3.45500887E-02
 1.17416826E-01
 9.63351168E-02
 8.92311301E-02
 1.42314583E-01
 5.75511728E-01
 3.69412662E+00
 1.35269115E+00
 2.56657889E-01
 3.37369867E-01
 9.03612258E-01
 1.28809788E+00
 1.23305915E+00
 9.66157231E-01
 9.64903436E-01
 1.50620422E-01
 1.27611073E-01
 9.81050037E-02
 6.43724816E-02
 9.13921337E-02
 2.87339424E-01
 2.00184293E-01
 9.69363259E-02
 1.99970288E-01
 1.17852159E-01
 6.50958543E-02
 1.94782011E-01
 3.12943835E-01
 1.96564073E-01
 5.01105637E-03
 2.37574147E-01
 3.22196623E-02
 9.86571956E-02
 1.92459452E-01
 9.85987815E-02
 2.32736234E-01
 2.68306879E-01
 1.26205077E-01
 1.45072460E-01
 5.25363641E-02
 1.40667859E-01
 2.55927226E+00
 3.24975510E+00
 1.35824111E-01
 1.07124037E-01
 3.21779842E-02
 9.36658742E-02
 1.42020680E-01
 3.24448337E-02
 1.25578777E-01
 1.47492944E-01
 1.42155234E-01
 1.20181497E-01
 1.93028451E-02
 2.07666823E-01
 8.37540489E-03
 1.92036057E-01
 1.10272366E-02
 4.23312607E-02
 1.93431286E-01
 1.35847455E-02
 4.55877374E-02
 4.91547053E-02
 1.80878676E-01
 3.71991004E-01
 2.22874092E-01
 3.70333835E-01
 3.10584667E-01
 2.75876959E-01
 2.07991963E-01
 1.61091671E-01
 2.17298433E-01
 3.73679847E-01
 1.81371424E-01
 8.28220799E-02
 7.11740156E-03
 9.20295936E-02
 7.06434273E-02
 4.30915146E-02
 1.60002632E-01
 3.21708349E-03
 8.93036216E-02
 1.30602812E-01
 2.80086948E-02
 2.01184535E-01
 1.38907600E-01
 8.91274889E-02
 1.29710565E-01
 3.52272521E-02
 1.39341834E-01
 6.87537688E-02
 2.85610100E-02
 2.18790311E-01
 4.36885633E-02
 2.00671992E-01
 3.74241137E-01
 2.08026321E-03
 8.00777597E-02
 8.99801006E-02
 3.30252766E-02
 5.02275415E-02
 4.40368478E-02
 2.34795464E-01
 1.77445963E-01
 3.73972593E-02
 1.03460379E-01
 2.07401122E-01
 7.34405531E-02
 1.00112808E-01
 1.39785282E-01
 9.47352776E-02
 1.77875502E-01
 1.78518923E-01
 1.76096761E-01
 1.68143602E-01
 2.00152048E-01
 1.77274496E-01
 8.66857959E-03
 9.20412962E-02
 6.99890580E-02
 1.75428176E-01
 4.66624873E-02
 9.91416697E-02
 2.33236640E-01
 2.08036227E-01
 3.64669894E-02
 1.91528455E-01
 3.74012036E-02
 8.31323247E-02
 1.99814399E-01
 3.57389959E-01
 8.57954198E-02
 2.73659730E-02
 8.92973242E-02
 2.05184666E-01
 1.71786937E-01
 4.09600531E-02
 5.07336869E-03
 1.11687782E-01
 1.79951024E-01
 9.72034455E-02
 1.10636419E-01
 8.85091154E-03
 1.99759692E-01
 1.92577071E-01
 4.96000422E+00
 2.97698302E-01
 2.31612518E+00
 1.50075725E+00
 5.42326790E-01
 2.45267154E+00
 4.47453077E-01
 5.00214836E-01
 3.22472419E-01
 2.76037467E-01
 2.36376193E-01
 2.99251647E+00
 1.00041270E+00
 6.59826137E-01
 9.19188896E-01
 4.91618073E+00
 1.14131123E+00
 9.93938871E-01
 7.29497615E-01
 1.08877883E+00
 3.51077932E-01
 1.06010012E+00
 1.96357248E-01
 2.90829501E+00
 6.63647979E-01
 7.76268758E-01
 1.92753560E+00
 1.50512407E-01
 3.09239242E-02
 2.10262285E-03
 8.88689757E-02
 6.94704134E-02
 4.32719995E-02
 3.38486708E-02
 1.55029114E-01
 2.04258895E-01
 2.68804485E-01
 9.44805225E-02
 9.94818420E-02
 6.68453966E-02
 2.14701728E-01
 1.79745332E-01
 1.79863914E-01
 1.25591490E-01
 2.74127824E-01
 1.79058168E-01
 7.93392403E-02
 9.60898405E-02
 4.54938467E-02
 2.39407140E-01
 1.41285036E-01
 9.31764399E-02
 2.00969519E-01
 7.11665325E-02
 2.69032712E-01
 1.96007507E-02
 2.05100257E-02
 1.86893309E-02
 2.19945049E-01
 4.65434893E-05
 2.19275974E-02
 2.72144999E-01
 2.96737668E-02
 9.22143303E-02
 4.76089238E-01
 2.46113382E-01
 1.42707420E-02
 6.44326229E-02
 4.39918583E-01
 1.47878115E-01
 4.46199333E-03
 1.89354223E-01
 7.27079230E-02
 7.01077671E-02
 1.87228927E-01
 7.97184344E-01
 3.03007970E+00
 1.37327510E+00
 9.58247702E+00
 2.60002690E+00
 2.85804326E-01
 8.58015918E-02
 1.86436900E+00
 8.39728797E-01
 1.53159862E+00
 4.44556973E+00
 1.05256334E-01
 8.04329239E-02
 8.94950287E-02
 1.30575562E-01
 2.80709018E-02
 2.01294441E-01
 6.13019882E-02
 2.04757705E-01
 1.80277700E-01
 1.80087363E-01
 1.76299634E-01
 8.85253976E-02
 1.79767681E-01
 5.17027106E-02
 1.41074493E-01
 1.27910275E-01
 1.78737668E-01
 1.41053361E-01
 2.92768775E-02
 1.75943649E-01
 1.99884092E-01
 2.49548226E-01
 2.48975035E-01
 1.77493835E-01
 1.78210031E-01
 2.08215830E-01
 2.13779323E-02
 2.19908309E-02
 1.73123995E-01
 2.25010268E-02
 1.24728524E-01
 1.73345411E-01
 3.93605651E-01
 2.83259452E-01
 6.27907523E-02
 1.45848488E-01
 2.21244457E-01
 5.17987206E-02
 1.15166748E-01
 5.71914453E-02
 6.96454178E-02
 1.35114262E-01
 4.74993441E-01
 1.62429719E+01
 4.01773953E+00
 2.46198601E+00
 1.34822862E-01
 5.31666188E-01
 1.94880199E+00
 1.40277308E+00
 1.94748248E+00
 1.27243877E+00
 1.05998134E-01
 1.35590853E-01
 1.29877415E-01
 3.54016981E-02
 1.22751801E-01
 2.68810152E-01
 1.79550746E-01
 1.28355242E-01
 1.79076600E-01
 1.41230754E-01
 3.66613840E-02
 2.33749069E-01
 2.92199098E-01
 1.76763635E-01
 8.94293264E-03
 2.64946478E-01
 1.64540970E-02
 7.38509044E-02
 1.73339160E-01
 7.39432637E-02
 3.16205006E-01
 2.45744052E-01
 1.43856815E-01
 2.09168707E-01
 2.26632013E-02
 1.33351095E-01
 3.03470531E+00
 3.05094856E-02
 1.28309734E-01
 8.44775222E-02
 2.82341934E-02
 7.90110673E-02
 9.49695574E-02
 2.86762038E-02
 1.13480730E-01
 1.00407739E-01
 1.74935074E-01
 8.98787364E-02
 4.05995792E-02
 2.21029221E-01
 4.65994959E-02
 2.03253498E-01
 4.89391630E-02
 1.01790150E-01
 2.04692140E-01
 5.16024496E-02
 1.04245453E-01
 1.06872650E-01
 1.92491069E-01
 3.82581400E-01
 2.52843111E-01
 4.22432802E-01
 3.23820344E-01
 2.81294575E-01
 2.41142858E-01
 2.25935480E-01
 2.90923579E-01
 4.32595339E-01
 2.36766413E-01
 9.55058961E-02
 1.57486604E-02
 2.21984571E-02
 2.81012997E-02
 1.44860223E-01
 2.14537699E-01
 3.54765176E-02
 2.84991944E-02
 1.94082693E-02
 1.41314061E-01
 3.02054095E-01
 2.02147197E-01
 9.31641091E-03
 1.85395523E-02
 1.46859092E-01
 2.14846089E-01
 3.38411746E-02
 1.41994576E-01
 2.93278940E-01
 1.46232049E-01
 3.01848342E-01
 4.33912637E-01
 1.07904215E-01
 1.04057001E-01
 1.04384245E-01
 3.15276580E-02
 4.65652051E-02
 1.45557899E-01
 3.16059762E-01
 6.96350889E-02
 4.62888866E-02
 9.47147865E-02
 1.30386805E-01
 1.82203069E-02
 1.86662351E-01
 2.82234605E-02
 5.49078525E-02
 1.00001619E-01
 4.20832644E-02
 2.78074500E-01
 4.52681605E-02
 1.04494046E-01
 4.12583515E-02
 1.44426612E-01
 2.42353612E-02
 2.81308758E-02
 2.77351126E-01
 1.48424325E-01
 1.86274802E-01
 3.15106161E-01
 4.26360519E-02
 8.70724926E-02
 2.07700211E-01
 1.21908579E-01
 1.87714762E-01
 3.00948234E-01
 1.78051242E-01
 3.09888230E-02
 2.54880873E-02
 3.24409024E-02
 3.02464226E-01
 2.62915253E-03
 6.84542089E-02
 1.22861392E-01
 2.64583823E-01
 3.41673132E-03
 5.85617571E-02
 2.63434478E-01
 1.44828203E-01
 3.09088105E-01
 2.95222340E-01
 6.83729973E-01
 1.09916178E-01
 1.72160269E+00
 5.40185552E-01
 2.32637912E-01
 2.68706464E-01
 3.83416665E-01
 3.18964068E-01
 3.74114797E-01
 3.31303847E-01
 3.40901251E-01
 5.16432306E+00
 1.25697854E+00
 8.94546392E-01
 1.02793163E+00
 2.41369101E+00
 1.71598446E+00
 1.20849854E+00
 8.47280575E-01
 1.12349241E+00
 6.57593987E-01
 9.22271607E-01
 7.82453762E-01
 1.57021923E+00
 7.77197371E-01
 1.03593183E+00
 8.66445197E+00
 1.97742963E-01
 4.63077927E-02
 1.78698292E-02
 2.08251162E-02
 2.86319360E-02
 1.44976328E-01
 3.40180143E-04
 1.59527850E-01
 1.77848541E-01
 1.80824886E-01
 1.14453891E-03
 1.86421765E-01
 1.70189398E-02
 1.71712247E-01
 1.01162056E-01
 4.27633432E-02
 3.95233766E-02
 1.75894794E-01
 4.21003156E-02
 2.49619043E-02
 3.49941997E-03
 1.47572354E-01
 1.47934076E-01
 1.44783838E-01
 9.02507567E-02
 1.27574400E-01
 1.91736911E-02
 2.37351604E-01
 1.17055000E-01
 8.05506862E-02
 4.14021594E-02
 1.59207678E-01
 6.86410701E-02
 1.81216201E-03
 1.65156141E-01
 3.32583675E-02
 8.63250158E-03
 3.13931309E-01
 1.80693910E-01
 5.36107965E-02
 4.91466207E-02
 3.23060351E-01
 1.60808441E-01
 9.52057213E-03
 6.25852695E-02
 1.92240026E-02
 1.13618535E-01
 2.16191796E-02
 6.33137893E-01
 2.64282632E+00
 1.89636509E+00
 2.39824029E+00
 2.52719855E-02
 3.05030434E-01
 4.53086351E-01
 9.39409793E+00
 1.24907093E+00
 1.66476938E+00
 4.56081046E-01
 1.45423198E-01
 4.08595619E-02
 2.88103976E-02
 1.94788820E-02
 1.41342740E-01
 3.02158275E-01
 3.35669028E-02
 1.80542694E-01
 1.01609049E-01
 4.29369766E-02
 2.78577254E-01
 2.71626999E-02
 1.00627655E-01
 1.63495086E-01
 2.90074545E-01
 1.66250662E-02
 4.14182337E-02
 2.89957926E-01
 1.42875166E-01
 2.78581683E-01
 3.01384659E-01
 1.66832120E-01
 2.07533389E-01
 9.99749425E-02
 4.20472948E-02
 1.92036682E-01
 8.54568988E-02
 1.90844574E-03
 9.65836712E-02
 1.38522883E-03
 1.58333619E-01
 3.89256282E-02
 2.51387855E-01
 1.65831082E-01
 1.69077166E-01
 2.91976377E-01
 1.47033896E-01
 5.06400846E-02
 1.49368264E-01
 1.56674769E-01
 1.11916816E-01
 2.77849795E-01
 4.89795927E-01
 4.34819758E+00
 5.72869460E-01
 5.87105030E-02
 1.31870371E-01
 4.95871027E-01
 3.14771823E+00
 1.52073887E+00
 1.07733966E+01
 1.46454246E+00
 1.60532525E-01
 5.53613005E-02
 1.89088766E-02
 1.46872131E-01
 4.99812877E-02
 1.81794644E-01
 4.25288328E-02
 1.71871737E-02
 4.17931128E-02
 2.90135761E-01
 1.48246091E-01
 1.28473788E-01
 1.96039368E-01
 4.13412798E-02
 1.44331092E-01
 1.85064529E-01
 4.34311586E-02
 1.17748538E-01
 3.92414987E-02
 1.17496300E-01
 1.55704220E-01
 8.50299545E-02
 2.89843005E-01
 7.52397552E-02
 8.19181119E-02
 2.76144809E-01
 2.39614105E+00
 6.17127149E-01
 2.00909432E-01
 1.82732745E-02
 1.41600830E-01
 2.09875408E-02
 1.11017973E-03
 1.42249206E-01
 3.24300574E-03
 2.35982173E-03
 2.76616056E-01
 1.90595133E-03
 9.04860907E-02
 2.95288667E-01
 1.48810713E-01
 3.04051484E-01
 1.50722331E-01
 1.89500399E-01
 3.05507179E-01
 1.52703633E-01
 1.90631279E-01
 1.92134569E-01
 2.95224418E-01
 4.41439331E-01
 3.32506948E-01
 6.03727834E-01
 5.00502640E-01
 4.67205271E-01
 4.64335464E-01
 4.73942502E-01
 5.26886076E-01
 6.21413382E-01
 4.61337282E-01
 3.18814736E-01
 2.71715770E-01
 2.86252497E-01
 3.44931484E-01
 4.33901553E-01
 4.42653939E-01
 2.88198698E-01
 2.63686377E-01
 3.13392243E-01
 4.38960625E-01
 5.51829772E-01
 4.50636414E-01
 2.97092484E-01
 3.13955489E-01
 4.41083180E-01
 4.71138032E-01
 3.49927294E-01
 4.39507098E-01
 5.29121586E-01
 4.35397428E-01
 5.51860897E-01
 6.22827278E-01
 4.03021587E-01
 3.32782952E-01
 3.26247648E-01
 3.19252163E-01
 3.56224421E-01
 4.34267090E-01
 5.47158628E-01
 2.54458832E-01
 1.76685693E-01
 1.54260910E-01
 1.93540793E-01
 3.25032045E-01
 4.51941311E-01
 2.77106197E-01
 1.87008681E-01
 1.84641887E-01
 2.86712260E-01
 5.20066583E-01
 2.91679654E-01
 2.14506395E-01
 2.86997409E-01
 4.36786995E-01
 3.49468381E-01
 3.33107068E-01
 5.19470390E-01
 4.36554408E-01
 4.52042232E-01
 5.46854720E-01
 3.31570750E-01
 3.39205235E-01
 4.05948194E-01
 3.98505892E-01
 4.66918767E-01
 5.51180334E-01
 2.19116733E-01
 2.20597841E-01
 2.65269212E-01
 3.34690430E-01
 5.35834153E-01
 3.25823721E-01
 3.05492657E-01
 3.63299896E-01
 5.13090686E-01
 3.51013120E-01
 3.58840203E-01
 5.12006120E-01
 4.50649512E-01
 5.42660361E-01
 5.47903096E-01
 7.63271190E-01
 4.76237124E+00
 1.44875343E+00
 6.56042862E-01
 2.02690065E+00
 4.45733400E-01
 5.21586889E-01
 5.46235484E-01
 5.41317309E-01
 5.44170772E-01
 5.75190801E-01
 3.75986817E+00
 1.41305890E+00
 1.06607754E+00
 1.08004151E+00
 3.18391478E-01
 5.78773734E+00
 1.29372616E+00
 1.34677459E+00
 1.32910045E+00
 1.52621470E+00
 1.04137265E+00
 8.98582141E-01
 5.95597474E-01
 9.97450708E-01
 1.05860399E+00
 4.76139869E-01
 4.35626629E-01
 2.89525988E-01
 2.72697903E-01
 2.86888026E-01
 3.45171989E-01
 4.33952176E-01
 2.69655902E-01
 1.01667414E-01
 1.05095133E-01
 1.63827877E-01
 3.15093024E-01
 4.51961907E-01
 2.62245507E-01
 1.13374102E-01
 1.84334535E-01
 2.86665438E-01
 2.82215103E-01
 1.69756973E-01
 2.87004934E-01
 3.45638448E-01
 3.17910430E-01
 4.36136890E-01
 2.02871102E-01
 1.18034261E-01
 1.56349319E-01
 1.94830372E-01
 3.25417441E-01
 7.82420745E-02
 2.08757044E-02
 5.97417269E-02
 1.79972864E-01
 1.34879517E-01
 7.53393579E-02
 1.41082499E-01
 1.83988403E-01
 1.89614978E-01
 3.22951038E-01
 1.32336480E-01
 1.31469475E-01
 2.79069364E-01
 3.42831370E-01
 6.94395306E-02
 4.76939758E-02
 1.49366460E-01
 2.39218464E-01
 1.57875785E-01
 2.35869842E-01
 3.17657743E-01
 3.54666407E-01
 1.93688324E-01
 5.81444372E-01
 4.28704207E-01
 2.52742172E-01
 5.04680819E-01
 7.53336111E-01
 1.29686987E+00
 2.06247578E+00
 1.64094467E+00
 1.33142486E+00
 3.95689494E-01
 2.40644010E-01
 2.63376964E-01
 3.13274903E-01
 4.38958903E-01
 5.51901797E-01
 2.44657682E-01
 1.01930226E-01
 1.84034164E-01
 2.86550150E-01
 5.20612633E-01
 2.64941730E-01
 1.85012465E-01
 3.84722856E-01
 5.26620940E-01
 3.15341850E-01
 2.87630705E-01
 5.26409715E-01
 4.40211190E-01
 5.20757004E-01
 5.51709622E-01
 1.82884512E-01
 9.18486809E-02
 1.84368555E-01
 2.86535827E-01
 9.97278389E-02
 5.27477121E-02
 1.40816462E-01
 1.86189462E-01
 1.40925511E-01
 2.60709862E-01
 2.87612619E-01
 1.63570846E-01
 1.59612328E-01
 3.85875461E-01
 5.26455885E-01
 1.68344292E-01
 1.20234740E-01
 2.53013869E-01
 3.78092534E-01
 2.32016125E-01
 5.16734683E-01
 5.61725972E-01
 1.23377610E+01
 6.63615691E-01
 3.41307458E-01
 3.23043663E-01
 6.20292405E-01
 2.32878433E+00
 1.50092173E+00
 1.65048847E-01
 1.63967328E+00
 4.22298884E-01
 2.68315203E-01
 3.13561834E-01
 4.40993415E-01
 2.71251181E-01
 1.62462776E-01
 2.86707047E-01
 3.14876287E-01
 2.87339354E-01
 5.26556901E-01
 4.41965886E-01
 2.34951698E-01
 1.57162493E-01
 2.86527523E-01
 4.36470308E-01
 1.62526470E-01
 1.75688973E-01
 3.17911469E-01
 2.87179026E-01
 3.17197686E-01
 2.51609015E-01
 2.69142723E-01
 5.24461743E-01
 2.72910211E-01
 3.00252391E-01
 5.15338379E-01
 5.45781239E-01
 1.46418496E+00
 4.61646623E-01
 3.40193560E-01
 4.39184524E-01
 3.41712230E-01
 3.15304482E-01
 4.39754824E-01
 3.30655034E-01
 3.13903474E-01
 5.18788927E-01
 3.15735131E-01
 4.15230077E-01
 5.30455919E-01
 4.37099541E-01
 5.53241189E-01
 4.38279002E-01
 4.54688953E-01
 5.54306387E-01
 4.39297980E-01
 4.54839825E-01
 4.55402172E-01
 5.47964639E-01
 6.27834546E-01
 5.58293496E-01
