 1.23221938E-03
 6.27391439E-03
 5.39040685E-03
 6.61409313E-03
 1.65037963E-02
 7.53168660E-02
 1.97821926E-01
 1.05752245E-01
 1.58233324E-01
 0.00000000E+00
 1.30078334E-03
 6.41104230E-03
 1.65268661E-03
 5.70923257E-03
 1.45875460E-02
 7.12388061E-02
 1.69902660E-01
 2.98694978E-02
 1.67593259E-03
 7.38190475E-03
 3.70263405E-03
 6.73740516E-03
 1.16940173E-02
 1.11321824E-02
 2.71256865E-03
 1.91867335E-01
 2.50353886E-03
 9.64366816E-03
 5.14079039E-03
 1.16804374E-02
 9.76555731E-03
 2.91486759E-03
 1.93560925E-01
 3.69989748E-03
 8.99177466E-03
 1.97218081E-03
 4.25590044E-03
 8.48829512E-03
 1.68038348E-01
 1.54339900E-02
 3.47633898E-03
 5.27523153E-05
 2.57406655E-02
 1.51346916E-01
 3.60740015E-02
 1.85133415E-02
 1.87785650E-02
 1.19788914E-01
 4.75624524E-02
 1.60715897E-02
 8.54436797E-02
 1.51625247E-01
 4.25252555E-01
 4.11700134E-04
 8.23400267E-04
 3.55448340E-03
 1.46617495E-03
 5.65893198E-03
 6.67951860E-03
 3.16685302E-02
 1.11327646E-01
 8.85889309E-02
 0.00000000E+00
 1.19034059E-04
 2.38068117E-04
 1.50676246E-04
 1.46729210E-03
 4.46714718E-03
 4.24053150E-02
 1.24198393E-01
 1.46659537E-01
 3.91376652E-04
 1.42436072E-03
 3.44101945E-03
 2.75279915E-03
 4.44529548E-03
 1.12008096E-02
 1.72482392E-02
 2.17976444E-01
 3.61031755E-04
 3.12809133E-03
 1.22579859E-02
 2.08370929E-03
 3.65491740E-03
 3.29152958E-02
 9.53599109E-02
 1.52397197E-03
 4.18679339E-03
 3.25222052E-03
 4.49130610E-04
 8.53737832E-03
 1.38528005E-01
 1.20759824E-03
 8.93158641E-04
 4.11844656E-03
 6.66583648E-03
 1.26793594E-01
 4.20299268E-04
 6.16761859E-03
 1.58785326E-03
 4.96895595E-02
 3.22799393E-04
 7.37659903E-03
 8.08554950E-02
 2.34644925E-02
 2.59062297E-01
 2.46752907E-04
 2.62930473E-04
 3.31880823E-03
 6.58601187E-04
 3.13168043E-03
 3.12153359E-03
 9.43907034E-03
 8.60762493E-02
 3.43360001E-01
 0.00000000E+00
 2.19722668E-04
 2.08869994E-04
 1.56570128E-03
 2.06255365E-04
 2.82001283E-03
 4.56459152E-03
 3.02439169E-02
 1.33514222E-01
 1.42645395E-04
 3.55008371E-05
 1.34960085E-03
 1.14361757E-03
 3.10550226E-03
 7.96853811E-04
 1.15730381E-02
 2.25695198E-01
 3.88721206E-05
 3.80374377E-04
 8.79788023E-03
 1.34569887E-03
 2.33066153E-03
 1.17989585E-02
 9.64571033E-02
 4.55034875E-04
 1.78625605E-03
 6.21014744E-03
 8.54695309E-05
 7.73257343E-03
 1.24174567E-01
 5.89299943E-04
 3.02142435E-03
 6.00948117E-04
 3.93626336E-03
 1.12188237E-01
 2.40186381E-04
 1.80584368E-03
 1.71730388E-03
 5.02210015E-02
 5.75076030E-05
 6.19559067E-03
 7.87521123E-02
 6.06386313E-03
 2.03563411E-01
 3.30115797E-05
 4.92645112E-05
 3.76840287E-03
 3.69636655E-04
 2.38260464E-03
 2.62941317E-03
 7.24390486E-03
 5.15545998E-02
 4.00422786E-01
 0.00000000E+00
 5.59643666E-05
 3.35893746E-06
 2.62350491E-03
 3.34280131E-04
 2.12778345E-03
 3.43409098E-03
 2.11874514E-02
 1.05974500E-01
 7.60674310E-05
 4.00112558E-05
 1.39387820E-03
 1.61490128E-03
 2.59895745E-03
 2.26393922E-03
 1.67984092E-02
 2.15157569E-01
 9.91741723E-05
 2.05158503E-04
 3.27214819E-03
 1.47025738E-03
 2.34301673E-03
 1.02977175E-02
 9.45986711E-02
 9.83009545E-05
 3.46475881E-04
 9.55789623E-03
 7.58709441E-05
 7.11035770E-03
 1.04885832E-01
 4.80325235E-04
 2.39831915E-03
 1.98080281E-03
 3.49153263E-03
 9.64085186E-02
 2.81765581E-04
 2.55567117E-03
 1.34223780E-03
 5.01715529E-02
 6.79369211E-06
 7.54242781E-03
 7.77142403E-02
 6.70131404E-03
 1.76679882E-01
 2.54694494E-05
 5.09388988E-05
 3.21870193E-03
 1.43675709E-03
 1.49507576E-03
 2.05328692E-03
 5.24816050E-03
 1.80676112E-02
 4.57237076E-01
 0.00000000E+00
 4.43447834E-05
 8.86895667E-05
 2.68201294E-03
 4.47720843E-04
 1.27360480E-03
 2.67355984E-03
 1.33991450E-02
 7.98938666E-02
 7.29875278E-05
 1.07545832E-04
 3.68380036E-03
 1.09717416E-03
 1.99338931E-03
 3.66780997E-03
 2.22139645E-02
 2.04802348E-01
 1.03106834E-04
 6.21040788E-05
 3.25658882E-03
 1.34248737E-03
 2.36374065E-03
 8.97374136E-03
 9.27891883E-02
 3.83525481E-05
 1.22820164E-04
 3.38467449E-03
 6.75194073E-04
 6.37192354E-03
 8.55115805E-02
 6.46953800E-04
 2.92084324E-03
 5.91843695E-03
 2.65513598E-03
 8.06466823E-02
 2.79994796E-04
 3.94869132E-03
 1.86083400E-03
 5.02138460E-02
 1.35893355E-05
 8.86151175E-03
 7.71593912E-02
 7.30117534E-03
 1.49800472E-01
 2.36229132E-05
 4.72458264E-05
 3.98043444E-03
 2.39369288E-03
 1.73441089E-03
 2.19717840E-03
 5.57909993E-03
 1.52188400E-02
 4.56641331E-01
 0.00000000E+00
 4.13245901E-05
 8.26491802E-05
 3.83690649E-03
 1.36324801E-03
 1.53985964E-03
 2.64444970E-03
 1.26548609E-02
 7.52518109E-02
 7.08938368E-05
 1.41787674E-04
 6.04110942E-03
 9.65808135E-05
 2.16225831E-03
 4.17451195E-03
 2.23578910E-02
 2.03779538E-01
 1.05370626E-04
 2.10741251E-04
 8.55061498E-03
 8.30516154E-04
 2.71024411E-03
 8.97649540E-03
 9.30325828E-02
 9.81792054E-05
 1.96358411E-04
 4.03885528E-03
 8.52175821E-04
 5.80049902E-03
 8.74575633E-02
 8.63805312E-04
 3.31921262E-03
 5.63701045E-03
 2.64542218E-03
 8.25119822E-02
 3.07914808E-04
 4.43898213E-03
 3.94494199E-03
 5.10126767E-02
 2.85499116E-05
 1.19030363E-02
 8.00725460E-02
 6.91816030E-03
 1.51175042E-01
 3.01534985E-05
 6.03069971E-05
 5.34318911E-03
 2.76848044E-03
 3.01501380E-03
 3.04742124E-03
 8.17116367E-03
 4.25990274E-02
 4.00267458E-01
 0.00000000E+00
 4.95853142E-05
 9.91706283E-05
 5.42447546E-03
 2.31017717E-03
 2.94127297E-03
 3.34542667E-03
 1.89424614E-02
 9.18219277E-02
 8.62583024E-05
 1.72516605E-04
 7.77527738E-03
 1.18570950E-03
 3.16595759E-03
 3.77557756E-03
 1.71252636E-02
 2.12210148E-01
 1.62466834E-04
 3.24933667E-04
 1.17749131E-02
 7.06416300E-05
 3.42560306E-03
 1.03390350E-02
 9.53399919E-02
 2.58774455E-04
 5.17548910E-04
 8.99591068E-03
 5.88963642E-04
 5.40246853E-03
 1.10991659E-01
 9.95927235E-04
 3.31537748E-03
 1.57459041E-04
 3.64878783E-03
 1.02192228E-01
 3.99115092E-04
 4.08083752E-03
 7.14356339E-03
 5.26223045E-02
 1.39149469E-04
 1.03547336E-02
 8.62065890E-02
 5.55260591E-03
 1.80804069E-01
 3.25182776E-05
 6.50365551E-05
 1.25993416E-04
 5.59266134E-03
 3.30646897E-03
 3.81840396E-03
 1.08900130E-02
 7.03249301E-02
 3.45795973E-01
 0.00000000E+00
 5.36802319E-05
 1.07360464E-04
 7.59002441E-04
 6.97827132E-04
 3.97939999E-03
 4.38270984E-03
 2.63362447E-02
 1.09278946E-01
 9.81617789E-05
 1.96323558E-04
 3.47403517E-03
 2.57415255E-03
 4.19047406E-03
 3.29980451E-03
 1.19462923E-02
 2.20912440E-01
 2.18040300E-04
 4.36080600E-04
 9.02288977E-03
 7.44306255E-04
 4.20420787E-03
 1.19015521E-02
 9.77104402E-02
 4.14268446E-04
 8.28536892E-04
 8.01217975E-03
 3.52161136E-04
 4.97086615E-03
 1.34806737E-01
 3.15720145E-04
 1.77060774E-03
 1.31743176E-02
 5.71783669E-03
 1.21873654E-01
 4.81487706E-04
 3.90277871E-03
 7.24151349E-03
 5.42581361E-02
 2.52689651E-04
 6.45867454E-03
 9.06050617E-02
 4.21740827E-03
 2.10470064E-01
 2.56929503E-04
 5.13859007E-04
 8.68386451E-05
 7.13613386E-03
 4.08303511E-03
 7.79127794E-03
 3.04829714E-02
 9.00273104E-02
 7.61666888E-02
 0.00000000E+00
 7.26915983E-05
 1.45383197E-04
 5.13519620E-04
 4.85702114E-03
 5.30424808E-03
 3.63751572E-02
 1.03335083E-01
 1.14445675E-01
 3.08184677E-04
 6.16369354E-04
 3.90598480E-03
 3.51463878E-03
 7.00087992E-03
 1.04382361E-02
 2.05324068E-02
 2.13607922E-01
 3.49188375E-04
 6.98376749E-04
 9.59970210E-03
 1.32804219E-03
 8.52860302E-03
 3.76372986E-02
 9.63380731E-02
 5.28690131E-04
 1.05738026E-03
 8.42222641E-03
 1.76379763E-03
 4.30119241E-03
 1.52863570E-01
 1.75764017E-04
 6.16119420E-03
 1.90859210E-02
 1.29945617E-02
 1.39565069E-01
 6.93599629E-04
 1.57817783E-02
 6.76008061E-03
 5.54660545E-02
 7.93854892E-04
 1.41856087E-04
 9.47720581E-02
 2.74409638E-02
 2.69823716E-01
 8.01817131E-04
 1.60363426E-03
 1.09607017E-02
 2.15552759E-02
 1.88354419E-02
 7.02692545E-02
 1.77036857E-01
 8.10600511E-02
 1.82025127E-01
 0.00000000E+00
 8.83413840E-04
 1.76682768E-03
 1.09179585E-02
 1.72244290E-02
 1.85262286E-02
 6.19479868E-02
 1.43516625E-01
 3.23448728E-02
 1.03010513E-03
 2.06021025E-03
 1.28610909E-02
 7.27276813E-03
 1.85569219E-02
 1.27461076E-02
 7.17332087E-03
 1.89895975E-01
 5.74973486E-04
 1.14994697E-03
 1.62158298E-02
 1.13670710E-02
 1.99923659E-02
 4.56995014E-03
 1.97578104E-01
 2.98847368E-03
 5.97694737E-03
 1.62208617E-02
 1.02419681E-02
 3.11463257E-03
 1.85656385E-01
 1.65468912E-02
 1.11055879E-02
 1.05621621E-02
 2.28295431E-02
 1.68713648E-01
 4.20771165E-02
 2.44503403E-02
 2.65836036E-02
 1.39256584E-01
 4.90583723E-02
 1.30596813E-02
 1.00874762E-01
 1.58206242E-01
 4.33499889E-01
