 2.63944672E-02
 2.29922854E-02
 5.58603609E-02
 5.19683559E-02
 1.30374504E-02
 2.18342863E-03
 5.61619764E-03
 1.63721323E-02
 1.96293102E-01
 0.00000000E+00
 4.96662116E-04
 7.30102574E-03
 3.19903547E-02
 1.29578946E-02
 8.86372968E-04
 2.11682566E-02
 5.94483967E-02
 5.58897109E-04
 4.36342455E-03
 1.51483421E-02
 3.82375881E-02
 2.68795351E-03
 7.34957522E-03
 1.09511395E-02
 3.39621535E-02
 5.94467272E-01
 1.48899272E-02
 3.13905147E-02
 3.32251510E-02
 1.39396767E-02
 1.21945659E-02
 3.42627879E-02
 5.26332632E-01
 2.50759470E-02
 3.21486507E-02
 3.08427722E-03
 1.34267538E-02
 1.42614565E-02
 4.06866798E-01
 1.14363335E-02
 2.42384287E-02
 9.13194658E-03
 6.91713277E-03
 3.37497864E-01
 1.64855142E-02
 9.13695341E-02
 3.63288223E-03
 2.51974780E-01
 4.05525495E-03
 7.35316388E-02
 1.65411139E-01
 1.22976087E-01
 4.40503709E-01
 2.43202416E-05
 2.43202416E-05
 1.34483531E-02
 1.83051248E-02
 2.45199093E-03
 5.38384163E-04
 4.18272675E-03
 1.84589981E-02
 1.11201469E-02
 0.00000000E+00
 6.28255114E-05
 6.28255114E-05
 1.05254298E-02
 2.70543269E-03
 1.03292778E-03
 1.16951949E-02
 4.17221598E-02
 7.15099629E-02
 5.15320015E-04
 2.22491724E-03
 1.93024902E-02
 1.39975617E-03
 2.50859599E-03
 5.51821812E-03
 2.78708205E-02
 7.20250236E-01
 8.52855861E-04
 9.40084200E-03
 4.63512693E-02
 9.00762248E-04
 3.72007467E-03
 4.09868958E-02
 2.88495041E-01
 1.30939479E-02
 1.81385161E-02
 9.95234577E-03
 4.78245588E-03
 1.64735366E-02
 3.32651026E-01
 5.45562839E-03
 7.41187036E-03
 7.24586720E-03
 1.44279869E-02
 2.81926964E-01
 1.44480098E-03
 3.56334647E-02
 1.33583685E-02
 1.04373436E-01
 4.38733124E-04
 3.82558729E-02
 1.54286272E-01
 1.19600630E-02
 3.49032825E-01
 4.96220230E-04
 2.93048502E-04
 5.62557109E-04
 1.06724078E-02
 2.96312919E-04
 2.31174686E-04
 9.02099983E-04
 1.42136855E-02
 1.82450181E-01
 0.00000000E+00
 9.92080093E-04
 5.85736637E-04
 2.76046150E-03
 2.41222086E-03
 5.57333143E-04
 9.50030950E-04
 9.97520369E-03
 6.67426444E-02
 1.21577954E-03
 5.55471422E-04
 5.07839191E-03
 5.22649794E-04
 1.55712371E-03
 2.20441202E-03
 1.90798362E-02
 7.57814746E-01
 7.13317624E-04
 3.53333948E-04
 3.10477379E-02
 8.74672544E-04
 2.11075878E-03
 1.48938052E-02
 2.95864797E-01
 2.72201424E-03
 6.58227707E-03
 2.22899325E-02
 2.22270019E-04
 1.66011528E-02
 2.98383854E-01
 3.29155764E-03
 4.76052752E-03
 2.38537101E-03
 8.96815982E-03
 2.47852463E-01
 1.31967299E-04
 4.01833368E-03
 9.15385132E-03
 1.05257528E-01
 2.01429954E-03
 2.98882033E-02
 1.55599860E-01
 5.41342217E-02
 2.88966333E-01
 1.78680866E-05
 8.37177774E-05
 1.63502426E-03
 1.19969964E-02
 2.66138327E-04
 2.04842394E-04
 7.16179424E-04
 8.51277279E-03
 2.13657480E-01
 0.00000000E+00
 2.58728173E-05
 1.77298911E-04
 5.62633770E-03
 2.01422862E-03
 4.89525586E-04
 7.46076013E-04
 6.94191017E-03
 5.46733393E-02
 5.31019940E-05
 4.54827326E-04
 3.38137949E-03
 2.91631267E-03
 1.40528506E-03
 2.77377155E-03
 2.09586775E-02
 7.16766670E-01
 1.39710079E-05
 1.43617310E-03
 1.27960690E-02
 1.24455194E-03
 2.17644554E-03
 1.30736783E-02
 2.87812805E-01
 3.51024834E-05
 6.95410599E-04
 3.35832023E-02
 4.38130723E-04
 1.55401316E-02
 2.46682337E-01
 2.87260666E-03
 4.45725269E-03
 1.22181911E-02
 7.56907285E-03
 2.12260745E-01
 9.00115375E-04
 6.50397078E-03
 5.79002679E-04
 1.06708264E-01
 6.99870320E-04
 3.63627511E-02
 1.79118051E-01
 6.03118263E-02
 2.41465641E-01
 1.32184928E-05
 1.32184928E-05
 1.50651445E-03
 1.45097507E-02
 1.51570123E-04
 1.66048947E-04
 5.55196314E-04
 3.17778627E-03
 2.43037653E-01
 0.00000000E+00
 6.34990734E-06
 6.34990734E-06
 3.84003153E-03
 4.25337457E-03
 2.85707261E-04
 5.88437646E-04
 4.21076292E-03
 4.34253064E-02
 9.76820225E-05
 3.90384149E-06
 6.64420379E-03
 1.81029076E-03
 1.10948354E-03
 3.29885226E-03
 2.28109874E-02
 6.78901937E-01
 2.69985100E-04
 2.37944220E-04
 5.05786734E-03
 1.49120047E-03
 2.24225764E-03
 1.15672226E-02
 2.80297186E-01
 2.28037241E-05
 1.80368004E-04
 1.58359833E-02
 4.55561016E-04
 1.39282751E-02
 1.99199019E-01
 5.25964463E-03
 9.94467301E-03
 2.65629231E-02
 3.89814419E-03
 1.80959420E-01
 1.18065994E-03
 1.25693479E-02
 1.55821766E-02
 1.09411839E-01
 5.83961339E-04
 4.19485604E-02
 2.07975525E-01
 6.57105781E-02
 1.94144039E-01
 5.86351150E-06
 5.86351150E-06
 2.29574601E-03
 1.93983659E-02
 5.35214648E-04
 1.71662804E-04
 6.15417784E-04
 3.40572287E-03
 2.38313407E-01
 0.00000000E+00
 7.32144331E-06
 7.32144331E-06
 4.44521698E-03
 6.98877670E-03
 1.42959550E-03
 6.38530292E-04
 4.46982267E-03
 4.30290867E-02
 1.03650288E-04
 1.03650288E-04
 9.87802319E-03
 1.49254664E-03
 1.21412098E-03
 3.37224019E-03
 2.23469106E-02
 6.71151212E-01
 2.98641242E-04
 2.98641242E-04
 1.83833499E-02
 9.25634288E-05
 2.43723837E-03
 1.16675324E-02
 2.78747215E-01
 2.75323424E-04
 2.75323424E-04
 5.15063163E-03
 9.70607065E-05
 1.31727326E-02
 2.11886666E-01
 7.60527114E-03
 1.34654736E-02
 2.61511974E-02
 2.71393302E-03
 1.92030941E-01
 1.33464659E-03
 1.44581532E-02
 2.88995022E-02
 1.12881811E-01
 4.79560487E-04
 5.58272276E-02
 2.36577423E-01
 6.22634427E-02
 1.80398339E-01
 2.88512257E-06
 2.88512257E-06
 3.65720371E-03
 4.60599819E-03
 2.10543558E-03
 2.27596387E-04
 9.01591373E-04
 8.78567410E-03
 2.02219684E-01
 0.00000000E+00
 2.67830753E-05
 2.67830753E-05
 7.05713308E-03
 1.05627509E-02
 3.53741591E-03
 8.83267594E-04
 7.48308960E-03
 5.26175664E-02
 1.50020588E-04
 1.50020588E-04
 1.25804378E-02
 6.33302953E-03
 1.72500104E-03
 3.03588105E-03
 1.97775390E-02
 6.90348734E-01
 4.78090331E-04
 4.78090331E-04
 2.57586031E-02
 2.89949587E-03
 2.85267112E-03
 1.32219381E-02
 2.82539804E-01
 7.70711797E-04
 7.70711797E-04
 1.83721467E-02
 1.35227048E-03
 1.31482274E-02
 2.78439263E-01
 8.71978837E-03
 1.37852492E-02
 8.59003635E-03
 4.48580854E-03
 2.40693973E-01
 1.77879543E-03
 1.25024987E-02
 3.78595826E-02
 1.17731164E-01
 3.03051630E-04
 5.03509144E-02
 2.60981243E-01
 4.99734532E-02
 2.00223773E-01
 5.04665437E-06
 5.04665437E-06
 1.54239087E-05
 3.72402556E-03
 6.07410676E-03
 2.78109548E-04
 1.19039804E-03
 1.39208997E-02
 1.67898823E-01
 0.00000000E+00
 2.70241746E-05
 2.70241746E-05
 1.74476505E-03
 7.82061916E-03
 3.57384016E-03
 1.15419988E-03
 1.04700683E-02
 6.18161055E-02
 1.74767788E-04
 1.74767788E-04
 5.37802726E-03
 1.09156139E-02
 2.23603004E-03
 2.71296926E-03
 1.74451902E-02
 7.08350756E-01
 6.55136854E-04
 6.55136854E-04
 2.00115657E-02
 5.55228375E-03
 3.33166813E-03
 1.48634716E-02
 2.86010997E-01
 1.25811083E-03
 1.25811083E-03
 1.52665770E-02
 2.61374805E-03
 1.29942808E-02
 3.40882372E-01
 2.77881762E-03
 7.32759513E-03
 3.05478566E-02
 1.06554249E-02
 2.83574950E-01
 2.15157124E-03
 1.12392471E-02
 2.86259030E-02
 1.22269373E-01
 1.05995757E-04
 3.47790950E-02
 2.59909945E-01
 3.79566744E-02
 2.19679522E-01
 4.10342356E-06
 4.10342356E-06
 2.72418329E-03
 2.19138651E-03
 1.70461522E-02
 6.90864687E-04
 4.53370839E-03
 1.77420680E-02
 1.87870217E-02
 0.00000000E+00
 2.42388320E-05
 2.42388320E-05
 4.53016625E-04
 9.53675632E-04
 1.58660790E-03
 1.21327924E-02
 4.20009994E-02
 6.40510919E-02
 5.99171790E-04
 5.99171790E-04
 4.50143779E-03
 1.71994722E-02
 3.51496859E-03
 6.26131336E-03
 2.84503456E-02
 6.52119739E-01
 1.04051696E-03
 1.04051696E-03
 1.74242949E-02
 1.00465985E-02
 6.53798756E-03
 4.53017227E-02
 2.70385072E-01
 1.33984459E-03
 1.33984459E-03
 1.35284406E-02
 3.68721786E-03
 1.27715453E-02
 3.72393252E-01
 1.19056114E-03
 1.94954979E-02
 4.23910126E-02
 2.27656524E-02
 3.14745912E-01
 2.76246368E-03
 5.30096248E-02
 2.77673717E-02
 1.32298666E-01
 2.35903003E-03
 9.02333270E-03
 2.62593134E-01
 2.38281782E-02
 2.39779369E-01
 1.00355587E-02
 1.00355587E-02
 1.19288557E-02
 2.19589988E-02
 3.17576657E-02
 2.27259860E-03
 5.42891493E-03
 1.90400295E-02
 2.22193032E-01
 0.00000000E+00
 7.96189461E-04
 7.96189461E-04
 6.08386192E-03
 2.60298368E-03
 7.17557777E-03
 2.06070909E-02
 5.67026363E-02
 8.69057240E-03
 2.21301923E-03
 2.21301923E-03
 1.44052639E-02
 5.53702288E-03
 8.36131453E-03
 1.21481767E-02
 3.44749531E-02
 5.25526502E-01
 1.71334994E-03
 1.71334994E-03
 2.21861135E-02
 6.49888176E-03
 1.48999110E-02
 3.88852689E-02
 5.03867418E-01
 9.36314586E-03
 9.36314586E-03
 2.03426380E-02
 2.22165993E-03
 1.07971946E-02
 4.35115499E-01
 2.49227712E-02
 3.41777423E-02
 3.46455010E-02
 1.00710973E-02
 3.73400416E-01
 7.05215189E-02
 8.53142601E-02
 5.14898728E-02
 3.66768974E-01
 1.68694960E-02
 5.78619547E-02
 2.69201059E-01
 6.37471273E-02
 3.57149872E-01
