 1.98218722E-01
 2.10843057E-01
 2.95221191E-01
 3.85028349E-01
 4.52682195E-01
 5.65148100E-01
 7.01815840E-01
 8.68937376E-02
 3.35518268E-02
 9.37875309E-02
 2.10536470E-01
 3.29544238E-01
 4.79999089E-01
 6.07838512E-02
 6.23791714E-03
 1.66495913E-01
 2.87582815E-01
 4.44382214E-01
 5.89053571E-01
 4.07648508E-02
 9.60042078E-02
 2.75003984E-01
 4.71347586E-01
 1.65262805E-01
 2.46968504E-01
 4.53634770E-01
 2.99228195E-01
 3.88019944E-01
 5.89053571E-01
 4.39382556E-01
 1.21901467E-01
 7.10397936E-02
 6.69125691E-02
 1.98442737E-01
 3.26319243E-01
 4.79999089E-01
 6.43427947E-01
 3.79306224E-01
 2.48716931E-01
 5.99262473E-02
 1.10711626E-01
 3.15601009E-01
 4.97302097E-01
 2.66503158E-01
 1.09749424E-01
 1.21189354E-01
 2.96496141E-01
 5.47025476E-01
 1.47279806E-01
 1.85229980E-02
 2.67354234E-01
 4.85485964E-01
 5.22659281E-02
 2.67757103E-01
 5.34640166E-01
 2.34341917E-01
 4.55467523E-01
 3.87473533E-01
 1.62089635E-01
 9.11309288E-02
 9.59914548E-02
 2.55855809E-01
 4.35921679E-01
 5.89053571E-01
 3.48312257E-01
 1.77727730E-01
 7.20296096E-02
 2.74374256E-01
 5.41126307E-01
 8.79253971E-02
 1.13560218E-01
 4.10308959E-01
 5.91889219E-01
 2.86872862E-02
 2.54762727E-01
 5.51018834E-01
 2.88732795E-01
 5.63303533E-01
 4.80909774E-01
 1.67171704E-02
 4.37617387E-02
 2.42691631E-01
 4.73411131E-01
 1.91413713E-01
 1.18294756E-02
 2.49930738E-01
 2.86551376E-02
 2.65304231E-01
 5.66526299E-01
 2.21445004E-01
 1.50049801E-01
 2.40770204E-01
 4.53961320E-01
 6.98635408E-01
 5.22934348E-02
 2.74956408E-01
 5.41994515E-01
 3.02878765E-01
 5.84686808E-01
 3.76860245E-01
 4.58149036E-01
 6.31693753E-01
 3.21603980E-01
 5.11179776E-01
 5.28207331E-01
 6.19625379E-01
 9.51300963E-02
 3.99105127E-02
 9.16505614E-02
 2.09574834E-01
 3.29287802E-01
 4.79999089E-01
 3.39989802E-01
 2.14032420E-01
 3.96299557E-02
 1.19844957E-01
 3.18036564E-01
 4.97302097E-01
 2.36022578E-01
 9.26867219E-02
 1.21189354E-01
 2.96496141E-01
 1.28991458E-01
 2.87606190E-02
 2.67354234E-01
 5.83620441E-02
 2.71169643E-01
 2.34341917E-01
 3.95778941E-01
 2.61434303E-01
 6.42001863E-02
 1.08788353E-01
 3.15088137E-01
 4.79924962E-01
 2.34840334E-01
 4.06013499E-02
 1.80114066E-01
 3.13244528E-01
 7.16517035E-02
 1.34849623E-01
 1.64205169E-01
 1.09976671E-01
 1.18704827E-01
 3.66875194E-01
 1.99383992E-01
 6.40725036E-02
 2.70793558E-01
 4.05662734E-01
 1.26717948E-01
 1.05021249E-01
 1.37438895E-01
 8.76910470E-02
 3.06327810E-01
 4.78146496E-02
 1.91020601E-01
 6.85143561E-03
 2.64061511E-01
 1.96017100E-01
 1.01766925E-01
 7.04551873E-02
 6.17907768E-02
 2.86780389E-01
 5.58931208E-01
 1.33117597E-01
 3.50820916E-01
 7.15613216E-02
 1.14798635E-04
 1.66495913E-01
 2.87582815E-01
 4.44382214E-01
 5.89053571E-01
 2.41794675E-01
 9.48460817E-02
 1.21189354E-01
 2.96496141E-01
 5.47025476E-01
 5.39580630E-03
 1.53404822E-01
 4.12608428E-01
 5.92923981E-01
 7.82050406E-02
 2.78669490E-01
 5.52398516E-01
 3.05238713E-01
 5.71272454E-01
 4.80909774E-01
 2.88058098E-01
 1.21995661E-01
 1.21189354E-01
 2.96496141E-01
 3.24788721E-01
 7.59704232E-02
 1.34849623E-01
 7.71122191E-02
 1.09008947E-01
 3.07879699E-01
 8.40106550E-02
 1.10814382E-01
 9.15723927E-02
 4.08273551E-01
 5.90973286E-01
 1.57328565E-01
 7.95617023E-02
 3.05401791E-01
 1.62401084E-01
 2.16448741E-01
 3.77230282E-01
 3.91107102E-02
 2.81195406E-01
 5.87559113E-01
 7.10852612E-02
 3.36953745E-01
 4.13554696E-01
 3.19607015E-01
 5.98163398E-01
 4.41903585E-01
 5.66285408E-01
 3.42983686E-02
 9.23303367E-02
 2.75003984E-01
 4.71347586E-01
 1.32454716E-01
 2.74650031E-02
 2.67354234E-01
 7.82050406E-02
 2.78669490E-01
 5.52398516E-01
 2.55788539E-01
 1.60212770E-01
 1.11752558E-02
 2.67354234E-01
 4.85485964E-01
 1.71131685E-01
 1.07385440E-01
 3.30646814E-01
 8.40106550E-02
 3.23406871E-01
 2.04125651E-02
 2.41570032E-01
 5.49797589E-01
 3.58808475E-02
 3.05738524E-01
 3.77230282E-01
 2.69637832E-01
 5.54923535E-01
 1.63107311E-01
 2.45743880E-01
 4.53634770E-01
 5.72076247E-02
 2.70737771E-01
 3.05238713E-01
 4.79549400E-02
 2.65307855E-01
 5.34640166E-01
 1.16395988E-01
 2.90581098E-01
 2.99228195E-01
 3.88019944E-01
 5.89053571E-01
 2.34341917E-01
 4.55467523E-01
 4.80909774E-01
 2.34341917E-01
 4.55467523E-01
 3.36110921E-01
 4.91804300E-01
 4.39382556E-01
 3.87473533E-01
 7.98760132E-02
 8.38965519E-03
 7.47073487E-02
 1.32228375E-01
 1.94280093E-01
 3.48860506E-01
 5.53504347E-01
 2.60882782E-01
 3.02785403E-01
 1.98787947E-01
 1.34495898E-01
 1.99613965E-03
 2.14989869E-01
 2.77203308E-01
 3.08890387E-01
 1.47917947E-01
 7.10333994E-02
 1.43391845E-01
 3.60244063E-01
 2.19515073E-01
 2.68579912E-01
 5.83976504E-02
 1.91038863E-01
 1.15928333E-01
 1.05873426E-01
 1.71368076E-01
 3.55850010E-02
 7.65658083E-02
 3.60244063E-01
 2.28468001E-01
 2.86733869E-01
 3.44329903E-01
 2.30044811E-01
 1.48561487E-01
 1.75468411E-03
 2.14989869E-01
 4.61707338E-01
 5.47515171E-01
 5.15208127E-01
 3.63857796E-01
 2.67079359E-01
 3.99897813E-03
 2.54149307E-01
 4.99970444E-01
 4.24009856E-01
 1.86166701E-01
 5.96953760E-02
 3.06877945E-01
 4.70380463E-01
 3.63947612E-01
 6.23135942E-02
 2.06406666E-01
 2.80145718E-01
 6.19620012E-02
 3.03781618E-01
 6.68670173E-02
 1.87555495E-01
 1.46506386E-01
 3.68870734E-01
 4.21536519E-01
 2.34943523E-01
 1.10194908E-01
 1.32948776E-01
 3.60244063E-01
 5.74193475E-01
 4.96077651E-01
 2.43998684E-01
 8.57197683E-02
 2.99938108E-01
 3.36630982E-01
 1.84966752E-01
 1.84891761E-01
 3.47701668E-01
 3.18883172E-01
 9.26479701E-02
 3.20601974E-01
 1.42697111E-02
 3.34347405E-01
 2.35024930E-01
 2.98620340E-01
 3.54665386E-01
 1.18200486E-01
 1.87763257E-01
 5.38578101E-01
 4.18503092E-01
 1.00400708E-01
 3.50075282E-01
 1.00997320E-01
 3.28085103E-01
 1.29536230E-01
 1.48326848E-01
 1.25675168E-01
 1.62333952E-01
 5.30478013E-01
 2.88971140E-01
 5.75962223E-02
 3.08225545E-01
 1.22002161E-02
 3.55678464E-01
 1.34752441E-01
 1.77584542E-01
 4.22192505E-01
 5.26854895E-02
 2.70645561E-01
 2.97988582E-01
 4.70864177E-01
 2.72556922E-01
 3.13703309E-01
 2.03061886E-01
 1.36419171E-01
 1.48326697E-03
 2.14989869E-01
 5.13874327E-01
 4.75363450E-01
 3.40135007E-01
 2.56404104E-01
 1.15224345E-03
 2.54149307E-01
 4.69944595E-01
 4.01485194E-01
 1.86166701E-01
 5.96953760E-02
 4.52364954E-01
 3.50432814E-01
 6.23135942E-02
 2.74140548E-01
 5.74570688E-02
 6.68670173E-02
 5.70863451E-01
 5.37043937E-01
 3.72405674E-01
 2.70925904E-01
 5.02472349E-03
 4.47255519E-01
 2.47291343E-01
 1.58470501E-01
 6.22583821E-02
 3.87263002E-01
 1.52673277E-01
 8.58320242E-03
 3.86527599E-01
 7.74792477E-02
 1.18050920E-01
 6.16821584E-01
 5.33991775E-01
 2.59912896E-01
 9.28811637E-02
 4.66414462E-01
 2.00399686E-01
 3.78743221E-02
 2.69805530E-01
 8.02589659E-03
 1.98908837E-01
 2.11169569E-01
 5.57173760E-01
 4.28732069E-01
 8.98354044E-02
 4.50521267E-01
 1.09219502E-01
 2.21032507E-01
 2.94300682E-01
 5.48944387E-02
 3.26332130E-01
 1.19849686E-01
 7.95969616E-02
 2.89161095E-01
 3.17537691E-01
 1.47917947E-01
 7.10333994E-02
 1.43391845E-01
 3.60244063E-01
 4.74290922E-01
 4.03104714E-01
 1.86166701E-01
 5.96953760E-02
 3.06877945E-01
 2.45816543E-01
 1.33119322E-01
 1.89490700E-01
 3.49771190E-01
 2.64394509E-01
 6.15395123E-02
 3.23361337E-01
 3.89317670E-03
 3.44716891E-01
 2.35024930E-01
 5.23886017E-01
 4.41304464E-01
 1.86166701E-01
 5.96953760E-02
 3.95955657E-01
 1.55912316E-01
 8.58320242E-03
 2.04835735E-01
 1.37285705E-02
 2.02012613E-01
 1.72187692E-01
 3.83719996E-01
 2.18145604E-01
 1.80820944E-01
 3.45869801E-01
 2.87991272E-01
 1.61869868E-02
 1.97056799E-01
 7.61169689E-02
 1.84212283E-01
 2.05249445E-01
 3.46696874E-01
 8.87351214E-02
 3.53205279E-01
 2.21099988E-01
 1.46841556E-01
 2.20832312E-01
 2.35215968E-03
 3.69499212E-01
 2.25163181E-01
 3.47326744E-01
 2.26689745E-01
 2.73768294E-01
 5.83976504E-02
 1.91038863E-01
 4.54972750E-01
 3.51404526E-01
 6.23135942E-02
 2.64394509E-01
 6.15395123E-02
 3.23361337E-01
 6.87794550E-02
 4.84729807E-01
 3.74324376E-01
 6.23135942E-02
 2.06406666E-01
 3.91743192E-01
 7.94226716E-02
 1.39403046E-01
 1.72187692E-01
 1.58049314E-01
 3.47136580E-01
 1.12555281E-01
 3.18159484E-01
 2.22081014E-01
 1.40099979E-01
 2.05249445E-01
 6.54669907E-02
 3.36932092E-01
 1.18319891E-01
 1.07602887E-01
 1.71368076E-01
 2.75009813E-01
 5.77809728E-02
 3.89317670E-03
 2.84928832E-01
 6.54209228E-02
 3.03781618E-01
 1.19789451E-01
 2.36875139E-02
 3.55850010E-02
 7.65658083E-02
 3.60244063E-01
 6.68670173E-02
 1.87555495E-01
 2.35024930E-01
 6.68670173E-02
 1.87555495E-01
 1.23010723E-01
 2.36824471E-01
 2.28468001E-01
 1.46506386E-01
 2.77867992E-01
 9.51539225E-02
 1.15964088E-01
 1.10222908E-01
 1.29727452E-01
 2.81925187E-01
 5.07605843E-01
 3.62044440E-02
 2.20867079E-01
 1.81053790E-01
 2.03450163E-01
 9.90818267E-02
 1.22100039E-01
 9.45109217E-02
 2.90682989E-01
 1.82751634E-01
 1.89638686E-01
 2.80718530E-02
 2.68037247E-01
 9.84796560E-02
 3.22869598E-01
 1.47917947E-01
 8.89966532E-02
 7.18493874E-02
 2.04929850E-01
 7.17847142E-02
 3.96830818E-02
 3.20333311E-02
 2.68037247E-01
 2.31746465E-01
 3.25435056E-02
 2.48733204E-01
 2.03174161E-01
 2.13404331E-01
 1.01736271E-01
 1.22100039E-01
 3.98011455E-01
 2.48694661E-01
 3.92966997E-01
 3.39818574E-01
 3.55435263E-01
 1.00123902E-01
 1.74919746E-01
 3.22619275E-01
 4.28951525E-01
 2.57883114E-01
 2.15934704E-01
 2.03196503E-01
 3.90115517E-01
 4.55041839E-01
 1.87988070E-01
 7.54729868E-02
 2.74017742E-01
 1.66058046E-01
 2.10208774E-01
 9.35045420E-02
 9.17628577E-02
 1.25196366E-01
 1.24876005E-01
 3.74964477E-01
 2.53805676E-01
 2.21613005E-01
 1.95453679E-02
 2.68037247E-01
 3.52377726E-01
 4.75348241E-01
 3.03023663E-01
 2.36247951E-01
 1.97779637E-01
 2.60211461E-01
 2.90118795E-01
 6.40995288E-02
 1.80647943E-01
 3.54173458E-01
 2.65055499E-01
 1.72995154E-01
 7.52101087E-02
 2.16602291E-01
 1.73553719E-01
 1.59635105E-01
 4.14380293E-01
 2.17622616E-01
 8.10511309E-02
 4.46708317E-01
 5.10565593E-01
 2.34126023E-01
 4.07398716E-01
 2.93066173E-01
 1.66861254E-01
 2.18072583E-01
 1.07841884E-01
 2.31423909E-01
 5.60438341E-02
 4.63985670E-01
 2.79866880E-01
 1.57985545E-01
 2.14319238E-01
 8.38411121E-02
 2.34740211E-01
 1.34602301E-01
 7.88434975E-02
 3.35900451E-01
 3.32748734E-02
 1.88701963E-01
 2.37459569E-01
 4.69793289E-01
 4.77632009E-02
 2.34759987E-01
 1.87120687E-01
 2.06180267E-01
 9.98098544E-02
 1.22100039E-01
 2.39499409E-01
 3.61248670E-01
 3.21082113E-01
 3.47003855E-01
 9.78755266E-02
 1.74919746E-01
 3.08907965E-01
 4.06835007E-01
 2.57883114E-01
 2.15934704E-01
 3.81888731E-01
 4.41771928E-01
 1.87988070E-01
 2.71275480E-01
 1.61634743E-01
 9.35045420E-02
 2.71812175E-01
 4.20752813E-01
 3.51952369E-01
 3.60895471E-01
 1.01579957E-01
 4.94486923E-02
 1.09208144E-01
 2.51854550E-02
 3.23555009E-02
 1.13547096E-01
 1.67377458E-02
 3.13730847E-02
 2.43935921E-01
 1.77560001E-02
 4.92103413E-02
 3.97620386E-01
 5.24220269E-01
 3.25554276E-01
 2.46386727E-01
 1.35986820E-01
 3.57115670E-03
 1.73931409E-02
 1.87986434E-01
 2.05616916E-02
 1.57152085E-01
 2.45474054E-01
 4.86060251E-01
 5.41456432E-01
 2.33948037E-01
 2.98025058E-01
 4.71309705E-02
 2.80345125E-01
 3.06428740E-01
 1.72640786E-01
 2.25783272E-01
 5.45064672E-02
 4.45694034E-02
 1.02267896E-01
 2.99849012E-01
 1.82751634E-01
 1.89638686E-01
 2.80718530E-02
 2.68037247E-01
 3.08917147E-01
 4.06832263E-01
 2.57883114E-01
 2.15934704E-01
 2.03196503E-01
 2.00737655E-01
 2.41718462E-01
 6.99633449E-02
 1.83286661E-01
 3.18489174E-01
 2.36015300E-01
 1.76513444E-01
 6.33153473E-02
 2.26282358E-01
 1.73553719E-01
 3.38133224E-01
 4.47283571E-01
 2.57883114E-01
 2.15934704E-01
 1.13565459E-01
 1.67432334E-02
 3.13730847E-02
 1.45413565E-01
 3.21699337E-02
 1.61031806E-01
 2.19930333E-01
 2.98621582E-01
 3.27377658E-01
 5.86106499E-02
 1.78177948E-01
 1.94470903E-01
 1.64370894E-02
 1.54837038E-01
 1.23243941E-02
 1.60410153E-01
 7.68161241E-02
 4.11000144E-01
 2.87607252E-01
 1.91835259E-01
 2.74202776E-01
 8.48321245E-02
 6.98044478E-02
 7.65728244E-02
 2.44961498E-01
 1.82543201E-01
 2.83755833E-01
 1.03133840E-01
 3.28369212E-01
 1.47917947E-01
 8.89966532E-02
 3.81894240E-01
 4.41770282E-01
 1.87988070E-01
 3.18489174E-01
 2.36015300E-01
 1.76513444E-01
 1.49921453E-01
 3.99423886E-01
 4.66041067E-01
 1.87988070E-01
 7.54729868E-02
 2.43946939E-01
 1.77527076E-02
 1.09282153E-01
 2.19930333E-01
 1.08257633E-01
 3.77219531E-01
 2.87410817E-01
 1.69701827E-01
 2.49364736E-01
 9.88179261E-02
 7.68161241E-02
 1.52718947E-01
 2.74741348E-01
 7.34007822E-02
 2.06763054E-01
 7.17847142E-02
 2.71277316E-01
 1.61634194E-01
 6.33153473E-02
 2.77120532E-01
 1.69724456E-01
 2.10208774E-01
 4.92140139E-02
 8.28921328E-02
 3.96830818E-02
 3.20333311E-02
 2.68037247E-01
 9.35045420E-02
 9.17628577E-02
 1.73553719E-01
 9.35045420E-02
 9.17628577E-02
 1.55795369E-01
 1.73553719E-01
 2.31746465E-01
 1.25196366E-01
 2.81226073E-01
 8.00562848E-02
 1.42981857E-01
 1.61148748E-01
 1.35330079E-01
 2.69630945E-01
 4.99175505E-01
 8.56494783E-02
 2.88162970E-01
 1.92684872E-01
 1.79232610E-01
 1.20672898E-01
 8.65833390E-02
 1.79602503E-02
 2.77630625E-01
 1.32891651E-01
 1.43910935E-01
 3.30715115E-02
 2.57792045E-01
 3.82095748E-02
 2.87389795E-01
 1.02474785E-01
 1.23420531E-01
 5.06735912E-03
 2.19695239E-01
 8.09370945E-02
 6.01734854E-02
 7.30141384E-02
 2.57792045E-01
 2.48138788E-01
 7.09062312E-02
 3.09322578E-01
 2.05601069E-01
 1.85044899E-01
 1.22222842E-01
 8.65833390E-02
 3.73657147E-01
 3.82555018E-01
 5.26329356E-01
 4.04152613E-01
 3.66354025E-01
 1.47841255E-01
 1.20278669E-01
 3.39519982E-01
 5.05059761E-01
 2.90667759E-01
 2.35195683E-01
 1.69100471E-01
 3.23621831E-01
 4.90564031E-01
 2.10664117E-01
 6.25640325E-02
 2.73299803E-01
 2.31276278E-01
 1.78516950E-01
 1.32436309E-01
 1.44115839E-02
 9.40509528E-02
 3.17304937E-02
 3.50386484E-01
 1.87666225E-01
 1.68559493E-01
 2.64985626E-02
 2.57792045E-01
 3.75089618E-01
 5.51503568E-01
 3.31903373E-01
 2.53751710E-01
 1.64152198E-01
 1.78065634E-01
 3.32442462E-01
 5.22781586E-02
 1.52788883E-01
 2.50791296E-01
 3.03973366E-01
 1.50876036E-01
 3.66513073E-02
 1.66746942E-01
 1.73553719E-01
 2.41439547E-03
 3.72189358E-01
 1.65665860E-01
 1.12499493E-01
 3.70054069E-01
 5.43426097E-01
 2.57082960E-01
 2.99090134E-01
 3.38812862E-01
 1.37976215E-01
 1.26250065E-01
 3.95950081E-02
 2.48212917E-01
 6.42835108E-02
 4.69586445E-01
 2.80642707E-01
 2.23732169E-01
 1.81353945E-01
 4.93068123E-02
 1.80110845E-01
 1.53503808E-01
 4.17331803E-02
 3.25820462E-01
 1.60771925E-03
 1.18906689E-01
 2.34752361E-01
 4.80411979E-01
 9.50707973E-02
 3.03517271E-01
 1.99512695E-01
 1.82305130E-01
 1.21492237E-01
 8.65833390E-02
 3.73129797E-01
 4.89453100E-01
 3.85275326E-01
 3.57859246E-01
 1.45575980E-01
 1.20278669E-01
 3.34019083E-01
 4.80080367E-01
 2.90667759E-01
 2.35195683E-01
 3.20321292E-01
 4.75576395E-01
 2.10664117E-01
 2.72199623E-01
 2.26280400E-01
 1.32436309E-01
 4.01397656E-01
 5.57037958E-01
 4.17808260E-01
 3.72499066E-01
 1.49479932E-01
 9.20010054E-02
 6.46700576E-02
 2.95085422E-02
 3.45034871E-02
 1.61720292E-01
 1.98269710E-02
 4.36673269E-02
 1.82682063E-01
 3.81922006E-02
 5.06488190E-02
 4.14354238E-01
 6.05150745E-01
 3.57028268E-01
 2.65057912E-01
 1.87346229E-01
 1.05492138E-02
 3.46621883E-02
 1.90846901E-01
 3.40905714E-02
 1.58703973E-01
 2.04365391E-01
 4.11490982E-01
 5.85112848E-01
 2.64079788E-01
 2.21895958E-01
 2.06193937E-02
 2.37853826E-01
 3.09933300E-01
 2.47767411E-01
 1.87346064E-01
 5.85144914E-02
 9.06736147E-03
 2.26479079E-02
 2.87777049E-01
 1.32891651E-01
 1.43910935E-01
 3.30715115E-02
 2.57792045E-01
 3.33913147E-01
 4.80066648E-01
 2.90667759E-01
 2.35195683E-01
 1.69100471E-01
 1.35168363E-01
 2.83723789E-01
 5.63030758E-02
 1.54600096E-01
 2.25052934E-01
 2.74742162E-01
 1.53290986E-01
 2.80718530E-02
 1.76490677E-01
 1.73553719E-01
 3.48895297E-01
 5.25352609E-01
 2.90667759E-01
 2.35195683E-01
 1.61508420E-01
 1.98544089E-02
 4.36673269E-02
 1.51560686E-01
 4.13906154E-02
 1.61031806E-01
 1.80793662E-01
 2.06138490E-01
 3.71882531E-01
 4.72232554E-02
 1.50514176E-01
 1.94506541E-01
 3.16314793E-02
 1.57314945E-01
 1.60064402E-02
 1.61911005E-01
 7.90253517E-02
 3.03554290E-01
 3.38762358E-01
 1.60848248E-01
 2.27000165E-01
 1.13288515E-01
 6.46078895E-02
 4.44445377E-02
 1.86860871E-01
 1.77737997E-01
 2.79712892E-01
 3.53969803E-02
 2.93477649E-01
 1.02474785E-01
 1.23420531E-01
 3.20257730E-01
 4.75568163E-01
 2.10664117E-01
 2.25052934E-01
 2.74742162E-01
 1.53290986E-01
 6.14029096E-02
 3.29247020E-01
 5.02739740E-01
 2.10664117E-01
 6.25640325E-02
 1.82554939E-01
 3.82086634E-02
 1.34690253E-01
 1.80793662E-01
 1.34075541E-01
 2.67635010E-01
 3.27637407E-01
 1.47843094E-01
 2.06561175E-01
 1.28220060E-01
 7.90253517E-02
 6.77530997E-02
 2.97442113E-01
 6.00489064E-03
 2.21724524E-01
 8.09370945E-02
 2.72178436E-01
 2.26277656E-01
 2.80718530E-02
 2.75174866E-01
 2.35334848E-01
 1.78516950E-01
 5.06064445E-02
 4.22658784E-02
 6.01734854E-02
 7.30141384E-02
 2.57792045E-01
 1.32436309E-01
 1.44115839E-02
 1.73553719E-01
 1.32436309E-01
 1.44115839E-02
 1.14814562E-01
 1.73553719E-01
 2.48138788E-01
 9.40509528E-02
 2.84480326E-01
 6.48962588E-02
 1.69968356E-01
 2.12060516E-01
 1.40928953E-01
 2.57336703E-01
 4.90745168E-01
 1.35196751E-01
 3.55514791E-01
 2.04339407E-01
 1.55025610E-01
 1.42266784E-01
 5.10666393E-02
 5.85416867E-02
 2.64596537E-01
 8.30316691E-02
 9.81831842E-02
 3.80711700E-02
 2.47546843E-01
 1.74869565E-01
 2.51920957E-01
 5.70316235E-02
 1.57844410E-01
 6.17049223E-02
 2.34464284E-01
 9.00894748E-02
 8.06638891E-02
 1.13994946E-01
 2.47546843E-01
 2.64531111E-01
 1.09476613E-01
 3.70036729E-01
 2.08090518E-01
 1.56713611E-01
 1.42716918E-01
 5.10666393E-02
 3.49302838E-01
 5.16619852E-01
 6.59803573E-01
 4.68533559E-01
 3.77293896E-01
 1.95564236E-01
 6.56375931E-02
 3.56518157E-01
 5.81204548E-01
 3.23452405E-01
 2.54456663E-01
 1.35004440E-01
 2.57186627E-01
 5.26108153E-01
 2.33340163E-01
 4.96550782E-02
 2.72601357E-01
 2.96501821E-01
 1.46825126E-01
 1.71368076E-01
 6.29396899E-02
 6.29055392E-02
 6.11035330E-02
 3.25995657E-01
 1.21620586E-01
 1.15548197E-01
 3.34404999E-02
 2.47546843E-01
 3.98108225E-01
 6.27826681E-01
 3.60853442E-01
 2.71287129E-01
 1.30516315E-01
 9.60660104E-02
 3.74820956E-01
 4.04567885E-02
 1.24929822E-01
 1.47496856E-01
 3.42924129E-01
 1.28756918E-01
 1.87825342E-03
 1.16880628E-01
 1.73553719E-01
 1.58405082E-01
 3.28976280E-01
 1.12292695E-01
 1.44885894E-01
 2.91559861E-01
 5.77217526E-01
 2.80639131E-01
 1.87606943E-01
 3.85886556E-01
 1.12776137E-01
 3.13494884E-02
 3.01778611E-02
 2.65512930E-01
 7.27822988E-02
 4.75386395E-01
 2.81646728E-01
 2.91539568E-01
 1.47340801E-01
 1.36609225E-02
 1.23586884E-01
 1.72764166E-01
 3.48593169E-03
 3.15444574E-01
 3.77666267E-02
 4.66087325E-02
 2.31942754E-01
 4.91289463E-01
 1.42514777E-01
 3.72343289E-01
 2.11928155E-01
 1.58440547E-01
 1.43177434E-01
 5.10666393E-02
 5.06880748E-01
 6.17715934E-01
 4.49486129E-01
 3.68722552E-01
 1.93278545E-01
 6.56375931E-02
 3.59166752E-01
 5.53339435E-01
 3.23452405E-01
 2.54456663E-01
 2.58775784E-01
 5.09389085E-01
 2.33340163E-01
 2.73131076E-01
 2.90928798E-01
 1.71368076E-01
 5.31255904E-01
 6.93460570E-01
 4.83711057E-01
 3.84123770E-01
 1.97385536E-01
 2.33691829E-01
 2.00151641E-02
 3.37964502E-02
 1.01346644E-01
 2.09966590E-01
 2.28887831E-02
 5.59615691E-02
 1.21472065E-01
 9.41239535E-02
 5.21019170E-02
 4.31497240E-01
 6.86287421E-01
 3.88572619E-01
 2.83760759E-01
 2.39067327E-01
 1.73520610E-02
 5.18784667E-02
 1.93817021E-01
 4.75783316E-02
 1.60255862E-01
 1.63322519E-01
 3.35007337E-01
 6.30000121E-01
 2.94979201E-01
 1.43565263E-01
 9.06187738E-02
 1.93735997E-01
 3.13702214E-01
 3.25342386E-01
 1.47673817E-01
 6.28297830E-02
 2.77762299E-02
 5.68550559E-02
 2.75748970E-01
 8.30316691E-02
 9.81831842E-02
 3.80711700E-02
 2.47546843E-01
 3.58996916E-01
 5.53333947E-01
 3.23452405E-01
 2.54456663E-01
 1.35004440E-01
 6.95990711E-02
 3.25729117E-01
 4.26428067E-02
 1.25913530E-01
 1.31616693E-01
 3.13469025E-01
 1.30068529E-01
 7.17164128E-03
 1.26698996E-01
 1.73553719E-01
 3.59891418E-01
 6.03509414E-01
 3.23452405E-01
 2.54456663E-01
 2.09626916E-01
 2.28997582E-02
 5.59615691E-02
 1.57707807E-01
 5.06112970E-02
 1.61031806E-01
 1.41656991E-01
 1.14006471E-01
 4.16519055E-01
 3.58358609E-02
 1.22850405E-01
 1.94805482E-01
 4.67271300E-02
 1.59792852E-01
 1.96884863E-02
 1.63411858E-01
 8.12345794E-02
 1.92564689E-01
 3.91467244E-01
 1.28973334E-01
 1.77991697E-01
 1.43030374E-01
 5.94707230E-02
 1.09892307E-02
 1.26540638E-01
 1.72768048E-01
 2.75734914E-01
 1.73857587E-01
 2.58612417E-01
 5.70316235E-02
 1.57844410E-01
 2.58673882E-01
 5.09385793E-01
 2.33340163E-01
 1.31616693E-01
 3.13469025E-01
 1.30068529E-01
 2.71156342E-02
 2.59210583E-01
 5.39491073E-01
 2.33340163E-01
 4.96550782E-02
 1.21268261E-01
 9.41305386E-02
 1.60098354E-01
 1.41656991E-01
 1.59893450E-01
 1.58261133E-01
 3.67942988E-01
 1.25984362E-01
 1.63915596E-01
 1.57562950E-01
 8.12345794E-02
 2.06267261E-02
 3.21391515E-01
 6.13675961E-02
 2.36694770E-01
 9.00894748E-02
 2.73097109E-01
 2.90927701E-01
 7.17164128E-03
 2.73276009E-01
 3.00962794E-01
 1.46825126E-01
 5.20339824E-02
 1.70983864E-03
 8.06638891E-02
 1.13994946E-01
 2.47546843E-01
 1.71368076E-01
 6.29396899E-02
 1.73553719E-01
 1.71368076E-01
 6.29396899E-02
 7.38337545E-02
 1.73553719E-01
 2.64531111E-01
 6.29055392E-02
 2.83632307E-01
 6.53873916E-02
 1.71033836E-01
 2.12539982E-01
 1.41056811E-01
 2.57336703E-01
 4.90745168E-01
 1.36402777E-01
 3.55692661E-01
 2.03992785E-01
 1.54869631E-01
 1.42225190E-01
 5.10666393E-02
 5.92537385E-02
 2.64315714E-01
 8.30316691E-02
 9.81831842E-02
 3.80711700E-02
 2.47546843E-01
 1.75296796E-01
 2.51752464E-01
 5.70316235E-02
 1.57844410E-01
 6.18473326E-02
 2.34408119E-01
 9.00894748E-02
 8.06638891E-02
 1.13994946E-01
 2.47546843E-01
 2.64531111E-01
 1.11172652E-01
 3.69054463E-01
 2.05959557E-01
 1.55754678E-01
 1.42461202E-01
 5.10666393E-02
 3.49302838E-01
 5.19031905E-01
 6.60159313E-01
 4.67840316E-01
 3.76981936E-01
 1.95481047E-01
 6.56375931E-02
 3.55094053E-01
 5.80642903E-01
 3.23452405E-01
 2.54456663E-01
 1.35004440E-01
 2.56332164E-01
 5.25771166E-01
 2.33340163E-01
 4.96550782E-02
 2.72316536E-01
 2.96389492E-01
 1.46825126E-01
 1.71368076E-01
 6.29396899E-02
 6.29055392E-02
 6.29763102E-02
 3.21210827E-01
 1.16217321E-01
 1.13116728E-01
 3.40888918E-02
 2.47546843E-01
 3.96460506E-01
 6.24703288E-01
 3.57570471E-01
 2.69809792E-01
 1.30910272E-01
 9.00235123E-02
 3.71631627E-01
 4.16327650E-02
 1.25459012E-01
 1.43871358E-01
 3.41010532E-01
 1.29462504E-01
 3.08675304E-03
 1.17518494E-01
 1.73553719E-01
 1.65362291E-01
 3.28584979E-01
 1.12578193E-01
 1.39632200E-01
 2.88508583E-01
 5.82488043E-01
 2.87263174E-01
 1.83447714E-01
 3.94914598E-01
 1.18656020E-01
 2.59420059E-02
 3.49551385E-02
 2.66385868E-01
 7.26430289E-02
 4.73465062E-01
 2.81650517E-01
 2.97442968E-01
 1.42645381E-01
 1.19453757E-02
 1.16601835E-01
 1.74473804E-01
 8.61371264E-04
 3.14240700E-01
 4.11493557E-02
 3.93863225E-02
 2.30114648E-01
 4.91391409E-01
 1.43173656E-01
 3.72238572E-01
 2.11476637E-01
 1.58237364E-01
 1.43123252E-01
 5.10666393E-02
 5.08562944E-01
 6.18332259E-01
 4.49486857E-01
 3.68722880E-01
 1.93278632E-01
 6.56375931E-02
 3.59196141E-01
 5.53340103E-01
 3.23452405E-01
 2.54456663E-01
 2.58793417E-01
 5.09389486E-01
 2.33340163E-01
 2.73136954E-01
 2.90928932E-01
 1.71368076E-01
 5.32573663E-01
 6.93251136E-01
 4.82808019E-01
 3.83717403E-01
 1.97277171E-01
 2.37056221E-01
 1.87825143E-02
 3.37949948E-02
 1.01345990E-01
 2.10025367E-01
 2.28874461E-02
 5.59615691E-02
 1.21507332E-01
 9.41231513E-02
 5.21136726E-02
 4.27527384E-01
 6.81755358E-01
 3.84567427E-01
 2.81958422E-01
 2.37594144E-01
 1.97697266E-02
 5.43052517E-02
 1.89785385E-01
 4.97827390E-02
 1.61137844E-01
 1.60903537E-01
 3.29248255E-01
 6.34301892E-01
 3.01004919E-01
 1.37254390E-01
 9.35955255E-02
 1.94905247E-01
 3.12789587E-01
 3.31939868E-01
 1.42386789E-01
 6.33291008E-02
 3.16453790E-02
 5.80942897E-02
 2.75272986E-01
 8.30316691E-02
 9.81831842E-02
 3.80711700E-02
 2.47546843E-01
 3.59025118E-01
 5.53336070E-01
 3.23452405E-01
 2.54456663E-01
 1.35004440E-01
 6.95990711E-02
 3.25729117E-01
 4.26428067E-02
 1.25913530E-01
 1.31616693E-01
 3.13469025E-01
 1.30068529E-01
 7.17164128E-03
 1.26698996E-01
 1.73553719E-01
 3.57412951E-01
 6.02557447E-01
 3.23452405E-01
 2.54456663E-01
 2.09683321E-01
 2.28955128E-02
 5.59615691E-02
 1.57707807E-01
 5.06112970E-02
 1.61031806E-01
 1.41656991E-01
 1.05021038E-01
 4.11622428E-01
 3.78268980E-02
 1.23746372E-01
 1.89749244E-01
 4.97685369E-02
 1.61286130E-01
 2.20685787E-02
 1.64304392E-01
 8.26626348E-02
 1.83911509E-01
 3.97885264E-01
 1.22364456E-01
 1.75692652E-01
 1.40901045E-01
 6.02320312E-02
 8.06903957E-03
 1.19497570E-01
 1.70253043E-01
 2.72740847E-01
 1.74601127E-01
 2.58326827E-01
 5.70316235E-02
 1.57844410E-01
 2.58690803E-01
 5.09387066E-01
 2.33340163E-01
 1.31616693E-01
 3.13469025E-01
 1.30068529E-01
 2.71156342E-02
 2.57723503E-01
 5.38919893E-01
 2.33340163E-01
 4.96550782E-02
 1.21302104E-01
 9.41279914E-02
 1.60098354E-01
 1.41656991E-01
 1.59893450E-01
 1.52869873E-01
 3.65005012E-01
 1.27178984E-01
 1.60881853E-01
 1.59387794E-01
 8.26626348E-02
 1.91165590E-02
 3.19289321E-01
 6.16154429E-02
 2.36599574E-01
 9.00894748E-02
 2.73102749E-01
 2.90928125E-01
 7.17164128E-03
 2.72780316E-01
 3.00772401E-01
 1.46825126E-01
 5.20452633E-02
 8.72478881E-05
 8.06638891E-02
 1.13994946E-01
 2.47546843E-01
 1.71368076E-01
 6.29396899E-02
 1.73553719E-01
 1.71368076E-01
 6.29396899E-02
 7.38337545E-02
 1.73553719E-01
 2.64531111E-01
 6.29055392E-02
 2.78684775E-01
 8.15312037E-02
 1.46178946E-01
 1.62587438E-01
 1.35713730E-01
 2.69630945E-01
 4.99175505E-01
 8.92648929E-02
 2.88695217E-01
 1.91644522E-01
 1.78764453E-01
 1.20548056E-01
 8.65833390E-02
 1.58229062E-02
 2.76787711E-01
 1.32891651E-01
 1.43910935E-01
 3.30715115E-02
 2.57792045E-01
 3.94919813E-02
 2.86884047E-01
 1.02474785E-01
 1.23420531E-01
 4.63989030E-03
 2.19526656E-01
 8.09370945E-02
 6.01734854E-02
 7.30141384E-02
 2.57792045E-01
 2.48138788E-01
 7.59888266E-02
 3.06372740E-01
 1.99206891E-01
 1.82167519E-01
 1.21455541E-01
 8.65833390E-02
 3.73657147E-01
 3.89785848E-01
 5.27393849E-01
 4.02071914E-01
 3.65417710E-01
 1.47591571E-01
 1.20278669E-01
 3.35245293E-01
 5.03373934E-01
 2.90667759E-01
 2.35195683E-01
 1.69100471E-01
 3.21057018E-01
 4.89552535E-01
 2.10664117E-01
 6.25640325E-02
 2.72444865E-01
 2.30939113E-01
 1.78516950E-01
 1.32436309E-01
 1.44115839E-02
 9.40509528E-02
 2.61038788E-02
 3.36027435E-01
 1.71454489E-01
 1.61264212E-01
 2.84439710E-02
 2.57792045E-01
 3.70138467E-01
 5.42129298E-01
 3.22053007E-01
 2.49319045E-01
 1.65334242E-01
 1.59934575E-01
 3.22873140E-01
 5.58060882E-02
 1.54376451E-01
 2.39912661E-01
 2.98231773E-01
 1.52992794E-01
 3.30250954E-02
 1.68660807E-01
 1.73553719E-01
 1.27587413E-02
 3.72669875E-01
 1.68689900E-01
 9.51482381E-02
 3.63953805E-01
 5.58018912E-01
 2.76195346E-01
 2.91446585E-01
 3.50582315E-01
 1.45716208E-01
 1.13490970E-01
 2.78099563E-02
 2.50152285E-01
 6.34836769E-02
 4.63464208E-01
 2.80608242E-01
 2.38529542E-01
 1.68744239E-01
 4.58805341E-02
 1.61877859E-01
 1.57887802E-01
 3.54841587E-02
 3.22656726E-01
 1.01224500E-02
 1.00804802E-01
 2.29322200E-01
 4.80196875E-01
 9.70434771E-02
 3.03201273E-01
 1.98157654E-01
 1.81695362E-01
 1.21329632E-01
 8.65833390E-02
 3.78172971E-01
 4.91300522E-01
 3.85277145E-01
 3.57860065E-01
 1.45576199E-01
 1.20278669E-01
 3.34106359E-01
 4.80082039E-01
 2.90667759E-01
 2.35195683E-01
 3.20373657E-01
 4.75577397E-01
 2.10664117E-01
 2.72217078E-01
 2.26280734E-01
 1.32436309E-01
 4.05343016E-01
 5.56405960E-01
 4.15098177E-01
 3.71279529E-01
 1.49154722E-01
 1.02087354E-01
 6.09752144E-02
 2.95049037E-02
 3.45018498E-02
 1.61894843E-01
 1.98236285E-02
 4.36673269E-02
 1.82786793E-01
 3.81901951E-02
 5.06837292E-02
 4.02432800E-01
 5.91549013E-01
 3.45011236E-01
 2.59650248E-01
 1.82916438E-01
 1.78068698E-02
 4.19436349E-02
 1.78749318E-01
 4.07047965E-02
 1.61349921E-01
 1.97106841E-01
 3.97260148E-01
 5.96192674E-01
 2.80983558E-01
 2.06415970E-01
 2.61307213E-02
 2.43836160E-01
 3.06977016E-01
 2.63940252E-01
 1.73354034E-01
 5.98084163E-02
 6.82522981E-04
 1.89264329E-02
 2.86347683E-01
 1.32891651E-01
 1.43910935E-01
 3.30715115E-02
 2.57792045E-01
 3.33994924E-01
 4.80071955E-01
 2.90667759E-01
 2.35195683E-01
 1.69100471E-01
 1.35168363E-01
 2.83723789E-01
 5.63030758E-02
 1.54600096E-01
 2.25052934E-01
 2.74742162E-01
 1.53290986E-01
 2.80718530E-02
 1.76490677E-01
 1.73553719E-01
 3.41452347E-01
 5.22493878E-01
 2.90667759E-01
 2.35195683E-01
 1.61671973E-01
 1.98437952E-02
 4.36673269E-02
 1.51560686E-01
 4.13906154E-02
 1.61031806E-01
 1.80793662E-01
 1.79170871E-01
 3.57188403E-01
 5.31963665E-02
 1.53202076E-01
 1.79329336E-01
 4.07588842E-02
 1.61794778E-01
 2.31467175E-02
 1.64588609E-01
 8.33095181E-02
 2.82758379E-01
 3.55574712E-01
 1.42431908E-01
 2.22781669E-01
 1.06005057E-01
 6.90333273E-02
 3.75265150E-02
 1.69109512E-01
 1.70343062E-01
 2.70767515E-01
 3.76298653E-02
 2.92620030E-01
 1.02474785E-01
 1.23420531E-01
 3.20306796E-01
 4.75571347E-01
 2.10664117E-01
 2.25052934E-01
 2.74742162E-01
 1.53290986E-01
 6.14029096E-02
 3.24781250E-01
 5.01024501E-01
 2.10664117E-01
 6.25640325E-02
 1.82653071E-01
 3.82022952E-02
 1.34690253E-01
 1.80793662E-01
 1.34075541E-01
 2.51454438E-01
 3.18820930E-01
 1.51426961E-01
 1.97454852E-01
 1.33696503E-01
 8.33095181E-02
 7.75237895E-02
 2.89253894E-01
 5.26059565E-03
 2.21438651E-01
 8.09370945E-02
 2.72194791E-01
 2.26278717E-01
 2.80718530E-02
 2.73686276E-01
 2.34763102E-01
 1.78516950E-01
 5.06391551E-02
 3.68723546E-02
 6.01734854E-02
 7.30141384E-02
 2.57792045E-01
 1.32436309E-01
 1.44115839E-02
 1.73553719E-01
 1.32436309E-01
 1.44115839E-02
 1.14814562E-01
 1.73553719E-01
 2.48138788E-01
 9.40509528E-02
 2.73652744E-01
 9.76232713E-02
 1.21297314E-01
 1.12622860E-01
 1.30367439E-01
 2.81925187E-01
 5.07605843E-01
 4.22105914E-02
 2.21744160E-01
 1.79316316E-01
 2.02668300E-01
 9.88733298E-02
 1.22100039E-01
 9.09399662E-02
 2.89274865E-01
 1.82751634E-01
 1.89638686E-01
 2.80718530E-02
 2.68037247E-01
 9.63370826E-02
 3.22024723E-01
 1.47917947E-01
 8.89966532E-02
 7.11351963E-02
 2.04648225E-01
 7.17847142E-02
 3.96830818E-02
 3.20333311E-02
 2.68037247E-01
 2.31746465E-01
 4.09740019E-02
 2.43794507E-01
 1.92507711E-01
 2.08604428E-01
 1.00456297E-01
 1.22100039E-01
 3.98011455E-01
 2.60706956E-01
 3.94721159E-01
 3.36343626E-01
 3.53871536E-01
 9.97069082E-02
 1.74919746E-01
 3.15477364E-01
 4.26135277E-01
 2.57883114E-01
 2.15934704E-01
 2.03196503E-01
 3.85830370E-01
 4.53352090E-01
 1.87988070E-01
 7.54729868E-02
 2.72589360E-01
 1.65494797E-01
 2.10208774E-01
 9.35045420E-02
 9.17628577E-02
 1.25196366E-01
 1.15437569E-01
 3.50999276E-01
 2.26771884E-01
 2.09447799E-01
 2.27894229E-02
 2.68037247E-01
 3.44067177E-01
 4.59694466E-01
 2.86595713E-01
 2.28855374E-01
 1.99750991E-01
 2.29966883E-01
 2.74160119E-01
 6.99794115E-02
 1.83293891E-01
 3.36026711E-01
 2.55480294E-01
 1.76523084E-01
 6.91611929E-02
 2.19794026E-01
 1.73553719E-01
 1.43805463E-01
 4.17920868E-01
 2.26271503E-01
 4.94761322E-02
 4.41599808E-01
 5.32848802E-01
 2.55835191E-01
 4.02707300E-01
 2.98198498E-01
 1.72776397E-01
 2.01136931E-01
 9.24048638E-02
 2.33507665E-01
 5.40817693E-02
 4.53182933E-01
 2.79699809E-01
 1.77781068E-01
 1.95764577E-01
 8.09892535E-02
 2.08884637E-01
 1.40696996E-01
 7.11499229E-02
 3.31377867E-01
 2.18296878E-02
 1.64480330E-01
 2.28501195E-01
 4.68581267E-01
 5.10219775E-02
 2.34219770E-01
 1.84858728E-01
 2.05162385E-01
 9.95384192E-02
 1.22100039E-01
 2.47879664E-01
 3.64316317E-01
 3.21082476E-01
 3.47004019E-01
 9.78755703E-02
 1.74919746E-01
 3.09046888E-01
 4.06835341E-01
 2.57883114E-01
 2.15934704E-01
 3.81972085E-01
 4.41772129E-01
 1.87988070E-01
 2.71303265E-01
 1.61634809E-01
 9.35045420E-02
 2.78329728E-01
 4.19672380E-01
 3.47428449E-01
 3.58859707E-01
 1.01037087E-01
 3.26881831E-02
 1.03072852E-01
 2.51847273E-02
 3.23558284E-02
 1.13824941E-01
 1.67370773E-02
 3.13730847E-02
 2.44102628E-01
 1.77564012E-02
 4.92659103E-02
 3.77664253E-01
 5.01510061E-01
 3.05515217E-01
 2.37369150E-01
 1.28528728E-01
 1.57014184E-02
 2.95368899E-02
 1.67804186E-01
 3.15927535E-02
 1.61561997E-01
 2.33364706E-01
 4.67375294E-01
 5.56867930E-01
 2.60173492E-01
 2.77944928E-01
 4.36368884E-02
 2.75318590E-01
 3.01096260E-01
 1.93551774E-01
 2.05572123E-01
 5.62935049E-02
 3.14413844E-02
 9.60377636E-02
 2.97456358E-01
 1.82751634E-01
 1.89638686E-01
 2.80718530E-02
 2.68037247E-01
 3.09032685E-01
 4.06833324E-01
 2.57883114E-01
 2.15934704E-01
 2.03196503E-01
 2.00737655E-01
 2.41718462E-01
 6.99633449E-02
 1.83286661E-01
 3.18489174E-01
 2.36015300E-01
 1.76513444E-01
 6.33153473E-02
 2.26282358E-01
 1.73553719E-01
 3.25672959E-01
 4.42498264E-01
 2.57883114E-01
 2.15934704E-01
 1.13796537E-01
 1.67411107E-02
 3.13730847E-02
 1.45413565E-01
 3.21699337E-02
 1.61031806E-01
 2.19930333E-01
 2.53592528E-01
 3.02856311E-01
 6.85658350E-02
 1.82657781E-01
 1.69113296E-01
 3.16727810E-02
 1.62303427E-01
 2.42248563E-02
 1.64872826E-01
 8.39564014E-02
 3.84919833E-01
 3.11563146E-01
 1.63471393E-01
 2.71627192E-01
 8.71981224E-02
 7.78346235E-02
 6.80936126E-02
 2.20999873E-01
 1.70470129E-01
 2.68898805E-01
 9.93957611E-02
 3.26933620E-01
 1.47917947E-01
 8.89966532E-02
 3.81963563E-01
 4.41770919E-01
 1.87988070E-01
 3.18489174E-01
 2.36015300E-01
 1.76513444E-01
 1.49921453E-01
 3.91947727E-01
 4.63169882E-01
 1.87988070E-01
 7.54729868E-02
 2.44085585E-01
 1.77539812E-02
 1.09282153E-01
 2.19930333E-01
 1.08257633E-01
 3.50202098E-01
 2.72698009E-01
 1.75674938E-01
 2.34150171E-01
 1.07959341E-01
 8.39564014E-02
 1.77764535E-01
 2.57929059E-01
 7.21547558E-02
 2.06284523E-01
 7.17847142E-02
 2.71300424E-01
 1.61634406E-01
 6.33153473E-02
 2.74628479E-01
 1.68767394E-01
 2.10208774E-01
 4.92602294E-02
 7.38863220E-02
 3.96830818E-02
 3.20333311E-02
 2.68037247E-01
 9.35045420E-02
 9.17628577E-02
 1.73553719E-01
 9.35045420E-02
 9.17628577E-02
 1.55795369E-01
 1.73553719E-01
 2.31746465E-01
 1.25196366E-01
 9.16428825E-02
 2.02800305E-02
 8.46242567E-02
 1.36690983E-01
 1.95470122E-01
 3.48860506E-01
 5.53504347E-01
 2.49694414E-01
 2.94311277E-01
 1.93160222E-01
 1.31963422E-01
 2.67146666E-03
 2.14989869E-01
 2.65068575E-01
 3.04284649E-01
 1.47917947E-01
 7.10333994E-02
 1.43391845E-01
 3.60244063E-01
 2.12234233E-01
 2.65816469E-01
 5.83976504E-02
 1.91038863E-01
 1.13501387E-01
 1.04952279E-01
 1.71368076E-01
 3.55850010E-02
 7.65658083E-02
 3.60244063E-01
 2.28468001E-01
 2.63200131E-01
 3.20549153E-01
 2.10210995E-01
 1.39636270E-01
 6.25373813E-04
 2.14989869E-01
 4.61707338E-01
 5.25138436E-01
 4.98259873E-01
 3.52602346E-01
 2.62014406E-01
 2.64832410E-03
 2.54149307E-01
 4.75700978E-01
 4.14798381E-01
 1.86166701E-01
 5.96953760E-02
 3.06877945E-01
 4.55818784E-01
 3.58420727E-01
 6.23135942E-02
 2.06406666E-01
 2.75291825E-01
 6.01197063E-02
 3.03781618E-01
 6.68670173E-02
 1.87555495E-01
 1.46506386E-01
 3.15902782E-01
 3.72619670E-01
 1.96365506E-01
 9.28348009E-02
 1.37578138E-01
 3.60244063E-01
 5.19565181E-01
 4.56027257E-01
 2.18143086E-01
 7.40847493E-02
 3.03040779E-01
 2.84601412E-01
 1.61762097E-01
 1.89595667E-01
 3.49818426E-01
 2.87665430E-01
 7.87251768E-02
 3.23424317E-01
 3.86379726E-03
 3.38988336E-01
 2.35024930E-01
 2.84318412E-01
 3.69660057E-01
 1.43842069E-01
 1.44656373E-01
 5.40892222E-01
 4.56558993E-01
 1.25695380E-01
 3.48497179E-01
 1.12638470E-01
 3.21341253E-01
 1.19241057E-01
 1.22991247E-01
 1.28359035E-01
 1.53201465E-01
 5.14460715E-01
 2.80921972E-01
 7.91343738E-02
 2.82301781E-01
 1.71673022E-02
 3.22912708E-01
 1.51893897E-01
 1.72490997E-01
 4.14771582E-01
 5.13210430E-02
 2.48913132E-01
 2.86088380E-01
 4.74504855E-01
 2.58000284E-01
 3.03656454E-01
 1.97014572E-01
 1.33697880E-01
 2.20894460E-03
 2.14989869E-01
 5.04226548E-01
 4.69301842E-01
 3.36956989E-01
 2.54973996E-01
 7.70881256E-04
 2.54149307E-01
 4.63097256E-01
 3.98876032E-01
 1.86166701E-01
 5.96953760E-02
 4.48256550E-01
 3.48867317E-01
 6.23135942E-02
 2.72771080E-01
 5.69352365E-02
 6.68670173E-02
 5.41750174E-01
 5.16950227E-01
 3.60311047E-01
 2.65483322E-01
 3.57336822E-03
 4.27959960E-01
 2.35168126E-01
 1.52114464E-01
 5.93981657E-02
 3.73568325E-01
 1.47454954E-01
 8.58320242E-03
 3.78310792E-01
 7.43482542E-02
 1.15311985E-01
 5.49365699E-01
 4.86979563E-01
 2.31168411E-01
 7.99461457E-02
 4.11392040E-01
 1.65148300E-01
 1.86243948E-02
 2.32784302E-01
 8.62723905E-03
 2.02436766E-01
 1.88956832E-01
 5.50178479E-01
 4.63737275E-01
 1.38597353E-01
 4.51756321E-01
 1.22170528E-01
 2.27110730E-01
 2.85412743E-01
 8.03668655E-02
 2.97019323E-01
 1.22322497E-01
 7.19280520E-02
 2.72558271E-01
 3.11266548E-01
 1.47917947E-01
 7.10333994E-02
 1.43391845E-01
 3.60244063E-01
 4.65669315E-01
 3.99837798E-01
 1.86166701E-01
 5.96953760E-02
 3.06877945E-01
 2.45816543E-01
 1.33119322E-01
 1.89490700E-01
 3.49771190E-01
 2.64394509E-01
 6.15395123E-02
 3.23361337E-01
 3.89317670E-03
 3.44716891E-01
 2.35024930E-01
 4.90680370E-01
 4.28762180E-01
 1.86166701E-01
 5.96953760E-02
 3.78712443E-01
 1.49378486E-01
 8.58320242E-03
 2.04835735E-01
 1.37285705E-02
 2.02012613E-01
 1.72187692E-01
 3.12840600E-01
 1.85457469E-01
 1.88785092E-01
 3.49453667E-01
 2.41563071E-01
 5.80485934E-03
 2.03029910E-01
 8.56373387E-02
 1.87782422E-01
 2.10961667E-01
 3.47111578E-01
 1.36826549E-01
 3.08378368E-01
 2.50730940E-01
 1.33892543E-01
 2.07992085E-01
 2.49842635E-04
 3.36783598E-01
 2.00025958E-01
 3.25909116E-01
 2.16728051E-01
 2.70005609E-01
 5.83976504E-02
 1.91038863E-01
 4.49799786E-01
 3.49444377E-01
 6.23135942E-02
 2.64394509E-01
 6.15395123E-02
 3.23361337E-01
 6.87794550E-02
 4.64806419E-01
 3.66799006E-01
 6.23135942E-02
 2.06406666E-01
 3.81397263E-01
 7.55023733E-02
 1.39403046E-01
 1.72187692E-01
 1.58049314E-01
 3.04608943E-01
 9.29424002E-02
 3.22937973E-01
 1.94224094E-01
 1.53295087E-01
 2.10961667E-01
 1.16608868E-01
 3.07603017E-01
 1.14999326E-01
 1.06348658E-01
 1.71368076E-01
 2.73285492E-01
 5.71275897E-02
 3.89317670E-03
 2.78287703E-01
 6.29124660E-02
 3.03781618E-01
 1.16340808E-01
 9.51163475E-03
 3.55850010E-02
 7.65658083E-02
 3.60244063E-01
 6.68670173E-02
 1.87555495E-01
 2.35024930E-01
 6.68670173E-02
 1.87555495E-01
 1.23010723E-01
 2.35024930E-01
 2.28468001E-01
 1.46506386E-01
 2.16716206E-01
 2.25049644E-01
 3.04887821E-01
 3.89378332E-01
 4.53842190E-01
 5.65148100E-01
 7.01815840E-01
 6.79735929E-02
 2.16691795E-02
 1.00132525E-01
 2.13391717E-01
 3.30305637E-01
 4.79999089E-01
 4.69856364E-02
 1.14398539E-02
 1.66495913E-01
 2.87582815E-01
 4.44382214E-01
 5.89053571E-01
 4.90437797E-02
 9.91253699E-02
 2.75003984E-01
 4.71347586E-01
 1.68022448E-01
 2.48008891E-01
 4.53634770E-01
 2.99228195E-01
 3.88019944E-01
 5.89053571E-01
 4.39382556E-01
 8.49064998E-02
 4.26266186E-02
 8.62458276E-02
 2.07142704E-01
 3.28639234E-01
 4.79999089E-01
 6.43427947E-01
 3.41465935E-01
 2.24951637E-01
 4.72362593E-02
 1.16422121E-01
 3.17123808E-01
 4.97302097E-01
 2.38906728E-01
 9.93455500E-02
 1.21189354E-01
 2.96496141E-01
 5.47025476E-01
 1.30721948E-01
 2.47653222E-02
 2.67354234E-01
 4.85485964E-01
 5.77852141E-02
 2.69837877E-01
 5.34640166E-01
 2.34341917E-01
 4.55467523E-01
 3.87473533E-01
 9.77635116E-02
 4.18883045E-02
 1.29404989E-01
 2.70891899E-01
 4.39931303E-01
 5.89053571E-01
 2.81020227E-01
 1.34765781E-01
 9.55508028E-02
 2.84958793E-01
 5.43948850E-01
 3.87180677E-02
 1.33859750E-01
 4.12660912E-01
 5.92947598E-01
 5.82116838E-02
 2.66942447E-01
 5.52430006E-01
 2.98574261E-01
 5.67363440E-01
 4.80909774E-01
 1.97496337E-02
 1.68318549E-02
 2.07802060E-01
 4.40436053E-01
 2.14766949E-01
 4.65986703E-02
 2.22796196E-01
 1.75806034E-02
 2.46155098E-01
 5.51388474E-01
 2.19413877E-01
 1.65166219E-01
 2.32335325E-01
 4.39236142E-01
 6.82471916E-01
 5.12762037E-02
 2.50889757E-01
 5.14564268E-01
 2.86326010E-01
 5.52703829E-01
 3.89640125E-01
 4.52185629E-01
 6.22394222E-01
 3.19076040E-01
 4.92647559E-01
 5.13093841E-01
 6.21086287E-01
 7.35513659E-02
 2.68760823E-02
 9.82053496E-02
 2.12524488E-01
 3.30074376E-01
 4.79999089E-01
 3.21541536E-01
 2.03906213E-01
 3.53925980E-02
 1.21751768E-01
 3.18545047E-01
 4.97302097E-01
 2.26800773E-01
 8.92078402E-02
 1.21189354E-01
 2.96496141E-01
 1.23458375E-01
 3.08479480E-02
 2.67354234E-01
 6.02064052E-02
 2.71865419E-01
 2.34341917E-01
 3.52621480E-01
 2.35365442E-01
 5.10906098E-02
 1.14687663E-01
 3.16661286E-01
 4.43028430E-01
 2.14587920E-01
 3.21266344E-02
 1.83927688E-01
 2.94800917E-01
 6.46939401E-02
 1.34849623E-01
 1.53139002E-01
 1.14151329E-01
 1.22393549E-01
 3.00195001E-01
 1.51844877E-01
 8.90381401E-02
 2.82028095E-01
 3.37278393E-01
 8.78060471E-02
 1.22591258E-01
 1.01533872E-01
 1.02540518E-01
 3.08091775E-01
 6.93576631E-02
 2.11559013E-01
 5.73770072E-02
 2.09204307E-01
 2.37667696E-01
 6.93042624E-02
 4.26193096E-02
 5.79605603E-02
 2.57912995E-01
 5.27989851E-01
 1.13985819E-01
 3.40625614E-01
 5.35801611E-02
 6.88027550E-03
 1.66495913E-01
 2.87582815E-01
 4.44382214E-01
 5.89053571E-01
 2.30224060E-01
 9.04901948E-02
 1.21189354E-01
 2.96496141E-01
 5.47025476E-01
 5.39580630E-03
 1.53404822E-01
 4.12608428E-01
 5.92923981E-01
 7.82050406E-02
 2.78669490E-01
 5.52398516E-01
 3.05238713E-01
 5.71272454E-01
 4.80909774E-01
 2.52095777E-01
 1.08464707E-01
 1.21189354E-01
 2.96496141E-01
 3.01647491E-01
 6.72586493E-02
 1.34849623E-01
 7.71122191E-02
 1.09008947E-01
 3.07879699E-01
 8.40106550E-02
 6.13866920E-02
 1.18806177E-01
 4.12255625E-01
 5.92765219E-01
 1.12335030E-01
 9.87249134E-02
 3.08388347E-01
 1.67161269E-01
 2.18233810E-01
 3.80086393E-01
 6.61096152E-03
 2.21133490E-01
 5.44907031E-01
 2.22601739E-02
 3.02898914E-01
 3.78601602E-01
 3.01567120E-01
 5.64526983E-01
 4.02939065E-01
 5.41679855E-01
 4.50870649E-02
 9.63896229E-02
 2.75003984E-01
 4.71347586E-01
 1.25512347E-01
 3.00785353E-02
 2.67354234E-01
 7.82050406E-02
 2.78669490E-01
 5.52398516E-01
 2.55788539E-01
 1.38635378E-01
 1.92938280E-02
 2.67354234E-01
 4.85485964E-01
 1.57246947E-01
 1.12612504E-01
 3.30646814E-01
 8.40106550E-02
 3.23406871E-01
 4.46105092E-02
 2.57910303E-01
 5.52186833E-01
 6.28769686E-02
 3.17236451E-01
 3.80086393E-01
 2.07599210E-01
 5.20438935E-01
 1.66703543E-01
 2.47096976E-01
 4.53634770E-01
 5.95217477E-02
 2.71608948E-01
 3.05238713E-01
 5.51474042E-02
 2.68014046E-01
 5.34640166E-01
 1.21024235E-01
 2.94040536E-01
 2.99228195E-01
 3.88019944E-01
 5.89053571E-01
 2.34341917E-01
 4.55467523E-01
 4.80909774E-01
 2.34341917E-01
 4.55467523E-01
 3.36110921E-01
 4.80909774E-01
 4.39382556E-01
 3.87473533E-01
