 8.63807358E-01
 8.04051865E-01
 7.65145332E-01
 7.68111440E-01
 7.73054955E-01
 7.46602008E-01
 5.94563213E-01
 8.04171821E-01
 7.28764587E-01
 6.83597752E-01
 7.01398613E-01
 7.17875956E-01
 6.35270815E-01
 7.65294598E-01
 6.83602839E-01
 6.28896023E-01
 6.47223550E-01
 6.25708626E-01
 0.00000000E+00
 7.68223390E-01
 7.01402682E-01
 6.47223550E-01
 5.54128816E-01
 7.73104711E-01
 7.17877991E-01
 6.25708626E-01
 7.46602008E-01
 6.35270815E-01
 0.00000000E+00
 5.94563213E-01
 7.96735758E-01
 7.22224987E-01
 6.78726317E-01
 6.97501464E-01
 7.15927382E-01
 6.35270815E-01
 0.00000000E+00
 7.22512884E-01
 6.34014465E-01
 5.87879643E-01
 6.23832475E-01
 6.26506899E-01
 0.00000000E+00
 6.79099482E-01
 5.87893206E-01
 5.20524554E-01
 5.05020149E-01
 0.00000000E+00
 6.97799996E-01
 6.23844682E-01
 5.05020149E-01
 0.00000000E+00
 7.16076648E-01
 6.26515037E-01
 0.00000000E+00
 6.35270815E-01
 0.00000000E+00
 0.00000000E+00
 7.45918332E-01
 6.66351403E-01
 6.16826053E-01
 6.36360578E-01
 6.18466645E-01
 0.00000000E+00
 6.67069146E-01
 5.78645620E-01
 5.17635587E-01
 5.01553389E-01
 0.00000000E+00
 6.17933219E-01
 5.17903175E-01
 3.30394090E-01
 0.00000000E+00
 6.37357027E-01
 5.01874493E-01
 0.00000000E+00
 6.19130944E-01
 0.00000000E+00
 0.00000000E+00
 7.61423351E-01
 7.01445294E-01
 6.57272005E-01
 5.63437126E-01
 7.01398455E-01
 6.36152463E-01
 5.34573325E-01
 6.54938694E-01
 5.31004449E-01
 0.00000000E+00
 5.52168424E-01
 7.77740067E-01
 7.30792323E-01
 6.55919237E-01
 0.00000000E+00
 7.31360156E-01
 6.57234465E-01
 0.00000000E+00
 6.54137279E-01
 0.00000000E+00
 7.79962264E-01
 6.81308142E-01
 0.00000000E+00
 6.81982514E-01
 0.00000000E+00
 0.00000000E+00
 7.31609843E-01
 8.03341079E-01
 7.28545175E-01
 6.83603751E-01
 7.01403412E-01
 7.17878356E-01
 6.35270815E-01
 7.28549332E-01
 6.37046106E-01
 5.88598229E-01
 6.24479202E-01
 6.26938051E-01
 0.00000000E+00
 6.83590896E-01
 5.88598229E-01
 5.20524554E-01
 5.05020149E-01
 7.01393128E-01
 6.24479202E-01
 5.05020149E-01
 7.17873214E-01
 6.26938051E-01
 6.35270815E-01
 7.20519102E-01
 6.33465936E-01
 5.87895640E-01
 6.23846872E-01
 6.26516497E-01
 6.33476328E-01
 5.11234121E-01
 4.44607609E-01
 4.09261662E-01
 5.87861359E-01
 4.44607609E-01
 2.74639710E-01
 6.23816020E-01
 4.09261662E-01
 6.26495929E-01
 6.65275438E-01
 5.76972365E-01
 5.17210787E-01
 5.01043628E-01
 5.77239204E-01
 4.37086601E-01
 2.73669478E-01
 5.17620567E-01
 2.73948709E-01
 0.00000000E+00
 5.01535364E-01
 7.04693112E-01
 6.45043049E-01
 5.49458782E-01
 6.42997522E-01
 4.46096272E-01
 5.40604287E-01
 7.35421082E-01
 6.69002510E-01
 0.00000000E+00
 6.66280406E-01
 6.94492175E-01
 7.64289444E-01
 6.83516749E-01
 6.28896023E-01
 6.47223550E-01
 6.25708626E-01
 0.00000000E+00
 6.83498655E-01
 5.88598229E-01
 5.20524554E-01
 5.05020149E-01
 0.00000000E+00
 6.28896023E-01
 5.20524554E-01
 3.30646814E-01
 0.00000000E+00
 6.47223550E-01
 5.05020149E-01
 0.00000000E+00
 6.25708626E-01
 0.00000000E+00
 0.00000000E+00
 6.76586598E-01
 5.87663634E-01
 5.20524554E-01
 5.05020149E-01
 5.87615382E-01
 4.44607609E-01
 2.74639710E-01
 5.20524554E-01
 2.74639710E-01
 0.00000000E+00
 5.05020149E-01
 6.17089150E-01
 5.16242533E-01
 3.29513171E-01
 0.00000000E+00
 5.16389233E-01
 2.73260068E-01
 0.00000000E+00
 3.30040713E-01
 0.00000000E+00
 0.00000000E+00
 6.66632668E-01
 5.56330484E-01
 0.00000000E+00
 5.50891803E-01
 0.00000000E+00
 0.00000000E+00
 6.67953330E-01
 0.00000000E+00
 0.00000000E+00
 0.00000000E+00
 7.67469525E-01
 7.01333810E-01
 6.47223550E-01
 5.54128816E-01
 7.01319335E-01
 6.24479202E-01
 5.05020149E-01
 6.47223550E-01
 5.05020149E-01
 0.00000000E+00
 5.54128816E-01
 6.95789689E-01
 6.23638067E-01
 5.05020149E-01
 0.00000000E+00
 6.23594641E-01
 4.09261662E-01
 0.00000000E+00
 5.05020149E-01
 0.00000000E+00
 6.37295406E-01
 4.99881723E-01
 0.00000000E+00
 5.00057763E-01
 0.00000000E+00
 0.00000000E+00
 5.84320200E-01
 0.00000000E+00
 7.72769659E-01
 7.17843555E-01
 6.25708626E-01
 7.17836317E-01
 6.26938051E-01
 6.25708626E-01
 7.15071494E-01
 6.26377294E-01
 0.00000000E+00
 6.26348343E-01
 6.20565754E-01
 7.46602008E-01
 6.35270815E-01
 0.00000000E+00
 6.35270815E-01
 0.00000000E+00
 0.00000000E+00
 6.35270815E-01
 0.00000000E+00
 0.00000000E+00
 0.00000000E+00
 5.94563213E-01
 0.00000000E+00
 7.40104105E-01
 6.32692214E-01
 5.63075309E-01
 5.60811365E-01
 5.57038126E-01
 4.93204016E-01
 1.89126426E-01
 6.32932127E-01
 5.05613320E-01
 4.32081783E-01
 4.54706248E-01
 4.61706424E-01
 2.70541630E-01
 5.63373841E-01
 4.32091956E-01
 3.48860506E-01
 3.76408715E-01
 3.06058329E-01
 0.00000000E+00
 5.61035265E-01
 4.54714386E-01
 3.76408715E-01
 2.06611570E-01
 5.57137637E-01
 4.61710493E-01
 3.06058329E-01
 4.93204016E-01
 2.70541630E-01
 0.00000000E+00
 1.89126426E-01
 6.18060000E-01
 4.92534122E-01
 4.22338911E-01
 4.46911950E-01
 4.57809275E-01
 2.70541630E-01
 0.00000000E+00
 4.93109915E-01
 3.60918760E-01
 3.03255131E-01
 3.62411210E-01
 3.29511305E-01
 0.00000000E+00
 4.23085242E-01
 3.03282258E-01
 2.28877809E-01
 2.35434738E-01
 0.00000000E+00
 4.47509015E-01
 3.62435625E-01
 2.35434738E-01
 0.00000000E+00
 4.58107808E-01
 3.29527582E-01
 0.00000000E+00
 2.70541630E-01
 0.00000000E+00
 0.00000000E+00
 5.24621310E-01
 3.97589085E-01
 3.24720566E-01
 3.54682770E-01
 2.91574366E-01
 0.00000000E+00
 3.99024570E-01
 2.84787086E-01
 2.23099875E-01
 2.28501218E-01
 0.00000000E+00
 3.26934899E-01
 2.23635049E-01
 2.29490807E-03
 0.00000000E+00
 3.56675669E-01
 2.29143427E-01
 0.00000000E+00
 2.92902965E-01
 0.00000000E+00
 0.00000000E+00
 5.38636019E-01
 4.41418811E-01
 3.79133045E-01
 2.04369610E-01
 4.41318917E-01
 3.66339815E-01
 2.63500901E-01
 3.74889109E-01
 2.58249139E-01
 0.00000000E+00
 1.82788517E-01
 5.57842785E-01
 4.73786548E-01
 3.43701516E-01
 0.00000000E+00
 4.74680681E-01
 3.63153668E-01
 0.00000000E+00
 3.39797883E-01
 0.00000000E+00
 5.53782672E-01
 3.53136034E-01
 0.00000000E+00
 3.53703163E-01
 0.00000000E+00
 0.00000000E+00
 4.54724405E-01
 6.31270642E-01
 5.05174497E-01
 4.32093781E-01
 4.54715846E-01
 4.61711223E-01
 2.70541630E-01
 5.05182811E-01
 3.66982042E-01
 3.04692302E-01
 3.63704665E-01
 3.30373608E-01
 0.00000000E+00
 4.32068071E-01
 3.04692302E-01
 2.28877809E-01
 2.35434738E-01
 4.54695278E-01
 3.63704665E-01
 2.35434738E-01
 4.61700939E-01
 3.30373608E-01
 2.70541630E-01
 4.89122351E-01
 3.59821701E-01
 3.03287125E-01
 3.62440005E-01
 3.29530502E-01
 3.59842487E-01
 1.97319687E-01
 1.35100061E-01
 1.13585138E-01
 3.03218564E-01
 1.35100061E-01
 4.09125060E-02
 3.62378300E-01
 1.13585138E-01
 3.29489365E-01
 3.90556828E-01
 2.81440574E-01
 2.22250273E-01
 2.27481695E-01
 2.81974254E-01
 1.20058047E-01
 4.28529717E-02
 2.23069833E-01
 4.22945081E-02
 0.00000000E+00
 2.28465168E-01
 4.45619011E-01
 3.79599952E-01
 2.84579895E-01
 3.76013240E-01
 1.39592134E-01
 2.71002872E-01
 4.80869334E-01
 3.82326849E-01
 0.00000000E+00
 3.76888780E-01
 3.77505438E-01
 5.61363534E-01
 4.31919777E-01
 3.48860506E-01
 3.76408715E-01
 3.06058329E-01
 0.00000000E+00
 4.31883588E-01
 3.04692302E-01
 2.28877809E-01
 2.35434738E-01
 0.00000000E+00
 3.48860506E-01
 2.28877809E-01
 2.80035517E-03
 0.00000000E+00
 3.76408715E-01
 2.35434738E-01
 0.00000000E+00
 3.06058329E-01
 0.00000000E+00
 0.00000000E+00
 4.18059473E-01
 3.02823113E-01
 2.28877809E-01
 2.35434738E-01
 3.02726610E-01
 1.35100061E-01
 4.09125060E-02
 2.28877809E-01
 4.09125060E-02
 0.00000000E+00
 2.35434738E-01
 3.14851957E-01
 2.20313766E-01
 5.33069354E-04
 0.00000000E+00
 2.20607166E-01
 4.36717900E-02
 0.00000000E+00
 1.58815355E-03
 0.00000000E+00
 0.00000000E+00
 3.91574295E-01
 2.91913949E-01
 0.00000000E+00
 2.83369455E-01
 0.00000000E+00
 0.00000000E+00
 3.60403840E-01
 0.00000000E+00
 0.00000000E+00
 0.00000000E+00
 5.59527534E-01
 4.54576643E-01
 3.76408715E-01
 2.06611570E-01
 4.54547692E-01
 3.63704665E-01
 2.35434738E-01
 3.76408715E-01
 2.35434738E-01
 0.00000000E+00
 2.06611570E-01
 4.43488400E-01
 3.62022395E-01
 2.35434738E-01
 0.00000000E+00
 3.61935542E-01
 1.13585138E-01
 0.00000000E+00
 2.35434738E-01
 0.00000000E+00
 3.45801021E-01
 2.25157887E-01
 0.00000000E+00
 2.25509967E-01
 0.00000000E+00
 0.00000000E+00
 2.35566943E-01
 0.00000000E+00
 5.56467534E-01
 4.61641621E-01
 3.06058329E-01
 4.61627146E-01
 3.30373608E-01
 3.06058329E-01
 4.56097500E-01
 3.29252095E-01
 0.00000000E+00
 3.29194193E-01
 2.85653200E-01
 4.93204016E-01
 2.70541630E-01
 0.00000000E+00
 2.70541630E-01
 0.00000000E+00
 0.00000000E+00
 2.70541630E-01
 0.00000000E+00
 0.00000000E+00
 0.00000000E+00
 1.89126426E-01
 0.00000000E+00
 6.45319499E-01
 5.06722662E-01
 4.14922441E-01
 4.00560726E-01
 3.84274286E-01
 2.86250939E-01
 1.41998497E-01
 5.07047435E-01
 3.52381763E-01
 2.63180265E-01
 2.77912106E-01
 2.68170815E-01
 1.63240216E-02
 4.15317151E-01
 2.63177416E-01
 1.68089611E-01
 1.91926781E-01
 7.21945222E-02
 0.00000000E+00
 4.00856759E-01
 2.77909827E-01
 1.91926781E-01
 4.09125060E-02
 3.84405856E-01
 2.68169675E-01
 7.21945222E-02
 2.86250939E-01
 1.63240216E-02
 0.00000000E+00
 1.41998497E-01
 4.86780490E-01
 3.35060692E-01
 2.50235546E-01
 2.67556331E-01
 2.62992928E-01
 1.63240216E-02
 0.00000000E+00
 3.35840148E-01
 1.95243049E-01
 1.44315691E-01
 2.08095993E-01
 1.37432936E-01
 0.00000000E+00
 2.51222323E-01
 1.44308093E-01
 9.26166245E-02
 1.26015983E-01
 0.00000000E+00
 2.68345753E-01
 2.08089155E-01
 1.26015983E-01
 0.00000000E+00
 2.63387638E-01
 1.37428377E-01
 0.00000000E+00
 1.63240216E-02
 0.00000000E+00
 0.00000000E+00
 3.62491777E-01
 2.17208981E-01
 1.35909841E-01
 1.62964988E-01
 5.28866601E-02
 0.00000000E+00
 2.19204273E-01
 1.20505695E-01
 8.60226081E-02
 1.18103163E-01
 0.00000000E+00
 1.38965903E-01
 8.67167186E-02
 9.01646320E-02
 0.00000000E+00
 1.65715443E-01
 1.18936095E-01
 0.00000000E+00
 5.47202970E-02
 0.00000000E+00
 0.00000000E+00
 3.60696787E-01
 2.47183871E-01
 1.79583117E-01
 6.33987565E-02
 2.47032252E-01
 1.95688907E-01
 1.39624477E-01
 1.73879347E-01
 1.34099405E-01
 0.00000000E+00
 9.38645472E-02
 3.77129618E-01
 2.72883439E-01
 1.04517484E-01
 0.00000000E+00
 2.73882967E-01
 1.60900615E-01
 0.00000000E+00
 9.84109562E-02
 0.00000000E+00
 3.64942459E-01
 8.89238951E-02
 0.00000000E+00
 8.88337907E-02
 0.00000000E+00
 0.00000000E+00
 2.22528546E-01
 5.04782187E-01
 3.51897860E-01
 2.63262952E-01
 2.77978255E-01
 2.68203890E-01
 1.63240216E-02
 3.51879186E-01
 2.02430089E-01
 1.45550167E-01
 2.09207021E-01
 1.38173622E-01
 0.00000000E+00
 2.63192725E-01
 1.45550167E-01
 9.26166245E-02
 1.26015983E-01
 2.77922074E-01
 2.09207021E-01
 1.26015983E-01
 2.68175799E-01
 1.38173622E-01
 1.63240216E-02
 3.30403553E-01
 1.94033291E-01
 1.44536189E-01
 2.08294441E-01
 1.37565235E-01
 1.93986606E-01
 3.88232000E-02
 1.06208592E-02
 4.78109419E-03
 1.44348918E-01
 1.06208592E-02
 9.62365959E-02
 2.08125897E-01
 4.78109419E-03
 1.37452872E-01
 2.07524067E-01
 1.16357586E-01
 8.51363436E-02
 1.17039645E-01
 1.17002380E-01
 8.94941191E-03
 9.91472944E-02
 8.61757170E-02
 9.83095991E-02
 0.00000000E+00
 1.18286893E-01
 2.50757803E-01
 2.10455531E-01
 1.61557190E-01
 2.05823745E-01
 1.42515703E-03
 1.46512072E-01
 2.80204959E-01
 1.84006962E-01
 0.00000000E+00
 1.76176431E-01
 1.19502142E-01
 4.12672109E-01
 2.63126851E-01
 1.68089611E-01
 1.91926781E-01
 7.21945222E-02
 0.00000000E+00
 2.63055564E-01
 1.45550167E-01
 9.26166245E-02
 1.26015983E-01
 0.00000000E+00
 1.68089611E-01
 9.26166245E-02
 8.94064613E-02
 0.00000000E+00
 1.91926781E-01
 1.26015983E-01
 0.00000000E+00
 7.21945222E-02
 0.00000000E+00
 0.00000000E+00
 2.44609716E-01
 1.44173253E-01
 9.26166245E-02
 1.26015983E-01
 1.43983156E-01
 1.06208592E-02
 9.62365959E-02
 9.26166245E-02
 9.62365959E-02
 0.00000000E+00
 1.26015983E-01
 1.22693580E-01
 8.29810158E-02
 9.28073900E-02
 0.00000000E+00
 8.33190966E-02
 1.00375522E-01
 0.00000000E+00
 9.12247637E-02
 0.00000000E+00
 0.00000000E+00
 1.91499503E-01
 1.66778471E-01
 0.00000000E+00
 1.56989817E-01
 0.00000000E+00
 0.00000000E+00
 1.20996068E-01
 0.00000000E+00
 0.00000000E+00
 0.00000000E+00
 3.98872977E-01
 2.77869374E-01
 1.91926781E-01
 4.09125060E-02
 2.77812345E-01
 2.09207021E-01
 1.26015983E-01
 1.91926781E-01
 1.26015983E-01
 0.00000000E+00
 4.09125060E-02
 2.63055667E-01
 2.07967798E-01
 1.26015983E-01
 0.00000000E+00
 2.07796711E-01
 4.78109419E-03
 0.00000000E+00
 1.26015983E-01
 0.00000000E+00
 1.51070353E-01
 1.14453252E-01
 0.00000000E+00
 1.14858949E-01
 0.00000000E+00
 0.00000000E+00
 2.88691793E-02
 0.00000000E+00
 3.83524175E-01
 2.68149449E-01
 7.21945222E-02
 2.68120935E-01
 1.38173622E-01
 7.21945222E-02
 2.60742596E-01
 1.37347473E-01
 0.00000000E+00
 1.37233415E-01
 4.49569033E-02
 2.86250939E-01
 1.63240216E-02
 0.00000000E+00
 1.63240216E-02
 0.00000000E+00
 0.00000000E+00
 1.63240216E-02
 0.00000000E+00
 0.00000000E+00
 0.00000000E+00
 1.41998497E-01
 0.00000000E+00
 6.14809933E-01
 4.72664137E-01
 3.69508672E-01
 3.37199122E-01
 3.21598626E-01
 2.18632607E-01
 2.50187829E-01
 4.72968479E-01
 3.22357868E-01
 2.25326801E-01
 2.17376392E-01
 2.15818856E-01
 6.95990711E-02
 3.69840299E-01
 2.25256604E-01
 1.21189354E-01
 1.18912643E-01
 2.66375248E-03
 0.00000000E+00
 3.37447842E-01
 2.17320234E-01
 1.18912643E-01
 1.65494160E-01
 3.21709169E-01
 2.15790778E-01
 2.66375248E-03
 2.18632607E-01
 6.95990711E-02
 0.00000000E+00
 2.50187829E-01
 4.53430448E-01
 3.07688103E-01
 2.14189001E-01
 2.08466152E-01
 2.11363736E-01
 6.95990711E-02
 0.00000000E+00
 3.08418524E-01
 1.84625630E-01
 1.32938950E-01
 1.68555649E-01
 1.22410730E-01
 0.00000000E+00
 2.15018068E-01
 1.32751759E-01
 8.44204631E-02
 9.13872003E-02
 0.00000000E+00
 2.09129406E-01
 1.68387176E-01
 9.13872003E-02
 0.00000000E+00
 2.11695363E-01
 1.22298415E-01
 0.00000000E+00
 6.95990711E-02
 0.00000000E+00
 0.00000000E+00
 3.18852350E-01
 1.85180220E-01
 9.30601698E-02
 9.35963767E-02
 1.95412630E-02
 0.00000000E+00
 1.87261510E-01
 1.15463213E-01
 8.32290159E-02
 8.99574637E-02
 0.00000000E+00
 9.61616474E-02
 8.37561112E-02
 9.04173555E-02
 0.00000000E+00
 9.63877066E-02
 9.05899780E-02
 0.00000000E+00
 1.76803765E-02
 0.00000000E+00
 0.00000000E+00
 2.91216638E-01
 1.82800109E-01
 9.98659329E-02
 1.96423287E-01
 1.82699029E-01
 1.52001380E-01
 9.89661115E-02
 9.33459087E-02
 9.34109996E-02
 0.00000000E+00
 2.33038126E-01
 3.13066939E-01
 2.22203438E-01
 3.06149136E-02
 0.00000000E+00
 2.23326488E-01
 1.49744794E-01
 0.00000000E+00
 2.32556581E-02
 0.00000000E+00
 3.03569258E-01
 4.12690590E-02
 0.00000000E+00
 4.09919275E-02
 0.00000000E+00
 0.00000000E+00
 1.45813817E-01
 4.70780405E-01
 3.22351880E-01
 2.25674245E-01
 2.17654347E-01
 2.15957834E-01
 6.95990711E-02
 3.22212782E-01
 1.87212773E-01
 1.31206885E-01
 1.66996790E-01
 1.21371491E-01
 0.00000000E+00
 2.25464519E-01
 1.31206885E-01
 8.44204631E-02
 9.13872003E-02
 2.17486566E-01
 1.66996790E-01
 9.13872003E-02
 2.15873943E-01
 1.21371491E-01
 6.95990711E-02
 3.03167147E-01
 1.84610660E-01
 1.33865468E-01
 1.69389515E-01
 1.22966641E-01
 1.84262916E-01
 3.18479536E-02
 1.36602691E-03
 7.45167680E-02
 1.33306198E-01
 1.36602691E-03
 1.08530838E-01
 1.68886172E-01
 7.45167680E-02
 1.22631079E-01
 1.75433058E-01
 1.13128483E-01
 8.34705034E-02
 9.02472487E-02
 1.13417214E-01
 1.64863022E-02
 1.12411769E-01
 8.41597901E-02
 1.11294842E-01
 0.00000000E+00
 9.10743927E-02
 1.85405467E-01
 1.67870957E-01
 1.21174335E-01
 1.62712748E-01
 9.14022796E-02
 1.05692287E-01
 2.27651075E-01
 1.74579138E-01
 0.00000000E+00
 1.65637309E-01
 6.82081194E-02
 3.67671775E-01
 2.25950764E-01
 1.21189354E-01
 1.18912643E-01
 2.66375248E-03
 0.00000000E+00
 2.25793370E-01
 1.31206885E-01
 8.44204631E-02
 9.13872003E-02
 0.00000000E+00
 1.21189354E-01
 8.44204631E-02
 8.94064613E-02
 0.00000000E+00
 1.18912643E-01
 9.13872003E-02
 0.00000000E+00
 2.66375248E-03
 0.00000000E+00
 0.00000000E+00
 2.09596759E-01
 1.34602852E-01
 8.44204631E-02
 9.13872003E-02
 1.34183136E-01
 1.36602691E-03
 1.08530838E-01
 8.44204631E-02
 1.08530838E-01
 0.00000000E+00
 9.13872003E-02
 8.12562182E-02
 8.33446547E-02
 9.39410329E-02
 0.00000000E+00
 8.34213586E-02
 1.14049406E-01
 0.00000000E+00
 9.18308645E-02
 0.00000000E+00
 0.00000000E+00
 1.12037185E-01
 1.27394005E-01
 0.00000000E+00
 1.17079399E-01
 0.00000000E+00
 0.00000000E+00
 4.69574604E-02
 0.00000000E+00
 0.00000000E+00
 0.00000000E+00
 3.35821450E-01
 2.17875562E-01
 1.18912643E-01
 1.65494160E-01
 2.17749647E-01
 1.66996790E-01
 9.13872003E-02
 1.18912643E-01
 9.13872003E-02
 0.00000000E+00
 1.65494160E-01
 2.04792358E-01
 1.70053160E-01
 9.13872003E-02
 0.00000000E+00
 1.69675416E-01
 7.45167680E-02
 0.00000000E+00
 9.13872003E-02
 0.00000000E+00
 8.29728203E-02
 9.00962302E-02
 0.00000000E+00
 9.01882749E-02
 0.00000000E+00
 0.00000000E+00
 1.60086959E-01
 0.00000000E+00
 3.20986327E-01
 2.16068442E-01
 2.66375248E-03
 2.16005484E-01
 1.21371491E-01
 2.66375248E-03
 2.09526840E-01
 1.23409071E-01
 0.00000000E+00
 1.23157242E-01
 2.66236340E-02
 2.18632607E-01
 6.95990711E-02
 0.00000000E+00
 6.95990711E-02
 0.00000000E+00
 0.00000000E+00
 6.95990711E-02
 0.00000000E+00
 0.00000000E+00
 0.00000000E+00
 2.50187829E-01
 0.00000000E+00
 5.84300367E-01
 4.38605612E-01
 3.24094903E-01
 2.73837518E-01
 2.58922967E-01
 1.51014275E-01
 3.58377160E-01
 4.38889523E-01
 2.92333972E-01
 1.87473336E-01
 1.56840677E-01
 1.63466897E-01
 1.22874121E-01
 3.24363446E-01
 1.87335792E-01
 7.42890968E-02
 4.58985042E-02
 7.75220272E-02
 0.00000000E+00
 2.74038926E-01
 1.56730642E-01
 4.58985042E-02
 2.90075814E-01
 2.59012481E-01
 1.63411880E-01
 7.75220272E-02
 1.51014275E-01
 1.22874121E-01
 0.00000000E+00
 3.58377160E-01
 4.20080406E-01
 2.80315514E-01
 1.78142455E-01
 1.49375973E-01
 1.59734545E-01
 1.22874121E-01
 0.00000000E+00
 2.80996901E-01
 1.74008210E-01
 1.21562209E-01
 1.29015304E-01
 1.07388524E-01
 0.00000000E+00
 1.78813813E-01
 1.21195425E-01
 7.62243016E-02
 5.67584181E-02
 0.00000000E+00
 1.49913059E-01
 1.28685198E-01
 5.67584181E-02
 0.00000000E+00
 1.60003088E-01
 1.07168453E-01
 0.00000000E+00
 1.22874121E-01
 0.00000000E+00
 0.00000000E+00
 2.75212922E-01
 1.53151460E-01
 5.02104985E-02
 2.42277657E-02
 9.19691862E-02
 0.00000000E+00
 1.55318748E-01
 1.10420731E-01
 8.04354237E-02
 6.18117646E-02
 0.00000000E+00
 5.33573922E-02
 8.07955037E-02
 9.06700791E-02
 0.00000000E+00
 2.70599700E-02
 6.22438606E-02
 0.00000000E+00
 9.00810500E-02
 0.00000000E+00
 0.00000000E+00
 2.20123464E-01
 1.16878535E-01
 1.81447133E-02
 3.32987384E-01
 1.16752058E-01
 1.07197688E-01
 5.72256884E-02
 1.05486970E-02
 5.15651320E-02
 0.00000000E+00
 3.76683782E-01
 2.47444239E-01
 1.70258711E-01
 4.52633455E-02
 0.00000000E+00
 1.71424822E-01
 1.38380741E-01
 0.00000000E+00
 5.42314393E-02
 0.00000000E+00
 2.40594873E-01
 7.64072772E-03
 0.00000000E+00
 8.22788923E-03
 0.00000000E+00
 0.00000000E+00
 6.68454688E-02
 4.36778623E-01
 2.92805899E-01
 1.88085538E-01
 1.57330439E-01
 1.63711778E-01
 1.22874121E-01
 2.92546378E-01
 1.71995457E-01
 1.16863602E-01
 1.24786558E-01
 1.04569360E-01
 0.00000000E+00
 1.87736312E-01
 1.16863602E-01
 7.62243016E-02
 5.67584181E-02
 1.57051058E-01
 1.24786558E-01
 5.67584181E-02
 1.63572088E-01
 1.04569360E-01
 1.22874121E-01
 2.75930741E-01
 1.75188029E-01
 1.23194748E-01
 1.30484589E-01
 1.08368047E-01
 1.74539226E-01
 2.48727072E-02
 1.33529131E-02
 1.53814630E-01
 1.22263478E-01
 1.33529131E-02
 1.20825080E-01
 1.29646447E-01
 1.53814630E-01
 1.07809286E-01
 1.43342049E-01
 1.09899380E-01
 8.18046632E-02
 6.34548521E-02
 1.09832048E-01
 2.40231925E-02
 1.25676245E-01
 8.21438632E-02
 1.24280086E-01
 0.00000000E+00
 6.38618920E-02
 1.18352485E-01
 1.24182941E-01
 7.97070001E-02
 1.18411038E-01
 1.87108086E-01
 6.36042791E-02
 1.73633970E-01
 1.65065110E-01
 0.00000000E+00
 1.54957016E-01
 1.53587288E-02
 3.22671442E-01
 1.88774677E-01
 7.42890968E-02
 4.58985042E-02
 7.75220272E-02
 0.00000000E+00
 1.88531176E-01
 1.16863602E-01
 7.62243016E-02
 5.67584181E-02
 0.00000000E+00
 7.42890968E-02
 7.62243016E-02
 8.94064613E-02
 0.00000000E+00
 4.58985042E-02
 5.67584181E-02
 0.00000000E+00
 7.75220272E-02
 0.00000000E+00
 0.00000000E+00
 1.74583802E-01
 1.25032451E-01
 7.62243016E-02
 5.67584181E-02
 1.24383116E-01
 1.33529131E-02
 1.20825080E-01
 7.62243016E-02
 1.20825080E-01
 0.00000000E+00
 5.67584181E-02
 3.98188565E-02
 8.37082935E-02
 9.50746758E-02
 0.00000000E+00
 8.35236206E-02
 1.27723290E-01
 0.00000000E+00
 9.24369654E-02
 0.00000000E+00
 0.00000000E+00
 3.01900267E-02
 8.68889446E-02
 0.00000000E+00
 7.59371599E-02
 0.00000000E+00
 0.00000000E+00
 2.95550511E-02
 0.00000000E+00
 0.00000000E+00
 0.00000000E+00
 2.72769922E-01
 1.57881750E-01
 4.58985042E-02
 2.90075814E-01
 1.57686949E-01
 1.24786558E-01
 5.67584181E-02
 4.58985042E-02
 5.67584181E-02
 0.00000000E+00
 2.90075814E-01
 1.46529050E-01
 1.32138522E-01
 5.67584181E-02
 0.00000000E+00
 1.31554121E-01
 1.53814630E-01
 0.00000000E+00
 5.67584181E-02
 0.00000000E+00
 1.48752879E-02
 6.57392084E-02
 0.00000000E+00
 6.55176009E-02
 0.00000000E+00
 0.00000000E+00
 2.95895748E-01
 0.00000000E+00
 2.58448480E-01
 1.63987434E-01
 7.75220272E-02
 1.63890033E-01
 1.04569360E-01
 7.75220272E-02
 1.58311084E-01
 1.09470669E-01
 0.00000000E+00
 1.09081068E-01
 9.82041714E-02
 1.51014275E-01
 1.22874121E-01
 0.00000000E+00
 1.22874121E-01
 0.00000000E+00
 0.00000000E+00
 1.22874121E-01
 0.00000000E+00
 0.00000000E+00
 0.00000000E+00
 3.58377160E-01
 0.00000000E+00
 5.84988749E-01
 4.39235909E-01
 3.24467113E-01
 2.74116676E-01
 2.59047037E-01
 1.51014275E-01
 3.58377160E-01
 4.39547809E-01
 2.92793600E-01
 1.87637951E-01
 1.56972370E-01
 1.63532744E-01
 1.22874121E-01
 3.24779424E-01
 1.87515118E-01
 7.42890968E-02
 4.58985042E-02
 7.75220272E-02
 0.00000000E+00
 2.74350909E-01
 1.56874103E-01
 4.58985042E-02
 2.90075814E-01
 2.59151141E-01
 1.63483610E-01
 7.75220272E-02
 1.51014275E-01
 1.22874121E-01
 0.00000000E+00
 3.58377160E-01
 4.21686632E-01
 2.81828226E-01
 1.79072981E-01
 1.50120393E-01
 1.60106755E-01
 1.22874121E-01
 0.00000000E+00
 2.82576786E-01
 1.75157282E-01
 1.22001183E-01
 1.29410381E-01
 1.07651909E-01
 0.00000000E+00
 1.79853758E-01
 1.21673627E-01
 7.62243016E-02
 5.67584181E-02
 0.00000000E+00
 1.50745015E-01
 1.29115581E-01
 5.67584181E-02
 0.00000000E+00
 1.60419066E-01
 1.07455375E-01
 0.00000000E+00
 1.22874121E-01
 0.00000000E+00
 0.00000000E+00
 2.78104129E-01
 1.55987795E-01
 5.20715490E-02
 2.59027112E-02
 9.08525559E-02
 0.00000000E+00
 1.58281032E-01
 1.12718874E-01
 8.14231161E-02
 6.29969955E-02
 0.00000000E+00
 5.54372827E-02
 8.18714590E-02
 9.06700791E-02
 0.00000000E+00
 2.89318714E-02
 6.35350070E-02
 0.00000000E+00
 8.88331157E-02
 0.00000000E+00
 0.00000000E+00
 2.15034665E-01
 1.10340101E-01
 8.61699591E-03
 3.47223863E-01
 1.09925405E-01
 9.90615600E-02
 4.58298300E-02
 6.57761556E-05
 3.94618259E-02
 0.00000000E+00
 3.82421817E-01
 2.43970139E-01
 1.66450103E-01
 5.27796440E-02
 0.00000000E+00
 1.67340772E-01
 1.34483771E-01
 0.00000000E+00
 6.30554083E-02
 0.00000000E+00
 2.37603520E-01
 1.04788668E-02
 0.00000000E+00
 1.16943362E-02
 0.00000000E+00
 0.00000000E+00
 6.14225716E-02
 4.37521191E-01
 2.93327102E-01
 1.88269870E-01
 1.57477904E-01
 1.63785511E-01
 1.22874121E-01
 2.93090986E-01
 1.72219994E-01
 1.16863602E-01
 1.24786558E-01
 1.04569360E-01
 0.00000000E+00
 1.87946966E-01
 1.16863602E-01
 7.62243016E-02
 5.67584181E-02
 1.57219581E-01
 1.24786558E-01
 5.67584181E-02
 1.63656349E-01
 1.04569360E-01
 1.22874121E-01
 2.77712902E-01
 1.76491036E-01
 1.23686299E-01
 1.30926985E-01
 1.08662978E-01
 1.75900745E-01
 2.54714723E-02
 1.33529131E-02
 1.53814630E-01
 1.22825221E-01
 1.33529131E-02
 1.20825080E-01
 1.30152015E-01
 1.53814630E-01
 1.08146331E-01
 1.46683601E-01
 1.12505394E-01
 8.29106527E-02
 6.47820394E-02
 1.12555087E-01
 2.26759710E-02
 1.25676245E-01
 8.34077846E-02
 1.24280086E-01
 0.00000000E+00
 6.53785977E-02
 1.11265454E-01
 1.15981249E-01
 6.80934364E-02
 1.09647760E-01
 2.03493672E-01
 5.02148133E-02
 1.69024042E-01
 1.61146847E-01
 0.00000000E+00
 1.50423389E-01
 1.04866119E-02
 3.23228121E-01
 1.89030496E-01
 7.42890968E-02
 4.58985042E-02
 7.75220272E-02
 0.00000000E+00
 1.88797244E-01
 1.16863602E-01
 7.62243016E-02
 5.67584181E-02
 0.00000000E+00
 7.42890968E-02
 7.62243016E-02
 8.94064613E-02
 0.00000000E+00
 4.58985042E-02
 5.67584181E-02
 0.00000000E+00
 7.75220272E-02
 0.00000000E+00
 0.00000000E+00
 1.75975501E-01
 1.25714636E-01
 7.62243016E-02
 5.67584181E-02
 1.25092630E-01
 1.33529131E-02
 1.20825080E-01
 7.62243016E-02
 1.20825080E-01
 0.00000000E+00
 5.67584181E-02
 4.26022554E-02
 8.52432098E-02
 9.50746758E-02
 0.00000000E+00
 8.51200280E-02
 1.27723290E-01
 0.00000000E+00
 9.24369654E-02
 0.00000000E+00
 0.00000000E+00
 1.92128262E-02
 7.47379673E-02
 0.00000000E+00
 6.27244121E-02
 0.00000000E+00
 0.00000000E+00
 3.91947132E-02
 0.00000000E+00
 0.00000000E+00
 0.00000000E+00
 2.73187432E-01
 1.58086405E-01
 4.58985042E-02
 2.90075814E-01
 1.57899804E-01
 1.24786558E-01
 5.67584181E-02
 4.58985042E-02
 5.67584181E-02
 0.00000000E+00
 2.90075814E-01
 1.47642410E-01
 1.32752489E-01
 5.67584181E-02
 0.00000000E+00
 1.32192684E-01
 1.53814630E-01
 0.00000000E+00
 5.67584181E-02
 0.00000000E+00
 1.73803469E-02
 6.75811080E-02
 0.00000000E+00
 6.74332898E-02
 0.00000000E+00
 0.00000000E+00
 3.14462369E-01
 0.00000000E+00
 2.58634040E-01
 1.64089761E-01
 7.75220272E-02
 1.63996461E-01
 1.04569360E-01
 7.75220272E-02
 1.58867764E-01
 1.09879980E-01
 0.00000000E+00
 1.09506777E-01
 9.65341321E-02
 1.51014275E-01
 1.22874121E-01
 0.00000000E+00
 1.22874121E-01
 0.00000000E+00
 0.00000000E+00
 1.22874121E-01
 0.00000000E+00
 0.00000000E+00
 0.00000000E+00
 3.58377160E-01
 0.00000000E+00
 6.16875080E-01
 4.74555027E-01
 3.70625302E-01
 3.38036595E-01
 3.21970836E-01
 2.18632607E-01
 2.50187829E-01
 4.74943336E-01
 3.23736753E-01
 2.25820647E-01
 2.17771469E-01
 2.16016395E-01
 6.95990711E-02
 3.71088233E-01
 2.25794582E-01
 1.21189354E-01
 1.18912643E-01
 2.66375248E-03
 0.00000000E+00
 3.38383793E-01
 2.17750616E-01
 1.18912643E-01
 1.65494160E-01
 3.22125147E-01
 2.16005969E-01
 2.66375248E-03
 2.18632607E-01
 6.95990711E-02
 0.00000000E+00
 2.50187829E-01
 4.58249126E-01
 3.12226239E-01
 2.16980577E-01
 2.10699412E-01
 2.12480367E-01
 6.95990711E-02
 0.00000000E+00
 3.13158179E-01
 1.88072843E-01
 1.34255873E-01
 1.69740879E-01
 1.23200884E-01
 0.00000000E+00
 2.18137904E-01
 1.34186366E-01
 8.44204631E-02
 9.13872003E-02
 0.00000000E+00
 2.11625274E-01
 1.69678323E-01
 9.13872003E-02
 0.00000000E+00
 2.12943298E-01
 1.23159180E-01
 0.00000000E+00
 6.95990711E-02
 0.00000000E+00
 0.00000000E+00
 3.27525971E-01
 1.93689225E-01
 9.86433213E-02
 9.86212131E-02
 1.61913721E-02
 0.00000000E+00
 1.96148364E-01
 1.22357640E-01
 8.61920929E-02
 9.35131561E-02
 0.00000000E+00
 1.02401319E-01
 8.69839772E-02
 9.04173555E-02
 0.00000000E+00
 1.02003411E-01
 9.44634172E-02
 0.00000000E+00
 1.39365736E-02
 0.00000000E+00
 0.00000000E+00
 2.78396713E-01
 1.65480732E-01
 7.41989921E-02
 2.33961477E-01
 1.64616033E-01
 1.29160172E-01
 6.61466413E-02
 6.47539147E-02
 6.78609024E-02
 0.00000000E+00
 2.48266764E-01
 3.05083511E-01
 2.12767765E-01
 1.10510053E-02
 0.00000000E+00
 2.13177221E-01
 1.38401021E-01
 0.00000000E+00
 2.55841668E-04
 0.00000000E+00
 2.97146448E-01
 3.48532738E-02
 0.00000000E+00
 3.28674878E-02
 0.00000000E+00
 0.00000000E+00
 1.33103027E-01
 4.73008107E-01
 3.23915488E-01
 2.26227240E-01
 2.18096743E-01
 2.16179032E-01
 6.95990711E-02
 3.23846605E-01
 1.87886384E-01
 1.31206885E-01
 1.66996790E-01
 1.21371491E-01
 0.00000000E+00
 2.26096479E-01
 1.31206885E-01
 8.44204631E-02
 9.13872003E-02
 2.17992135E-01
 1.66996790E-01
 9.13872003E-02
 2.16126728E-01
 1.21371491E-01
 6.95990711E-02
 3.08513630E-01
 1.88519680E-01
 1.35340121E-01
 1.70716702E-01
 1.23851433E-01
 1.88347475E-01
 3.36442489E-02
 1.36602691E-03
 7.45167680E-02
 1.34991426E-01
 1.36602691E-03
 1.08530838E-01
 1.70402877E-01
 7.45167680E-02
 1.23642216E-01
 1.85457713E-01
 1.20946523E-01
 8.67884718E-02
 9.42288108E-02
 1.21586331E-01
 1.24446378E-02
 1.12411769E-01
 8.79515544E-02
 1.11294842E-01
 0.00000000E+00
 9.56245099E-02
 1.66723561E-01
 1.44867306E-01
 8.77522522E-02
 1.38121273E-01
 1.36520544E-01
 6.70792562E-02
 2.16186881E-01
 1.63099607E-01
 0.00000000E+00
 1.52363422E-01
 5.62916795E-02
 3.69341814E-01
 2.26718222E-01
 1.21189354E-01
 1.18912643E-01
 2.66375248E-03
 0.00000000E+00
 2.26591574E-01
 1.31206885E-01
 8.44204631E-02
 9.13872003E-02
 0.00000000E+00
 1.21189354E-01
 8.44204631E-02
 8.94064613E-02
 0.00000000E+00
 1.18912643E-01
 9.13872003E-02
 0.00000000E+00
 2.66375248E-03
 0.00000000E+00
 0.00000000E+00
 2.13771857E-01
 1.36649407E-01
 8.44204631E-02
 9.13872003E-02
 1.36311679E-01
 1.36602691E-03
 1.08530838E-01
 8.44204631E-02
 1.08530838E-01
 0.00000000E+00
 9.13872003E-02
 8.96064148E-02
 8.79494035E-02
 9.39410329E-02
 0.00000000E+00
 8.82105809E-02
 1.14049406E-01
 0.00000000E+00
 9.18308645E-02
 0.00000000E+00
 0.00000000E+00
 8.26627543E-02
 9.24416971E-02
 0.00000000E+00
 7.90222852E-02
 0.00000000E+00
 0.00000000E+00
 2.19869845E-02
 0.00000000E+00
 0.00000000E+00
 0.00000000E+00
 3.37073979E-01
 2.18489529E-01
 1.18912643E-01
 1.65494160E-01
 2.18388210E-01
 1.66996790E-01
 9.13872003E-02
 1.18912643E-01
 9.13872003E-02
 0.00000000E+00
 1.65494160E-01
 2.08132437E-01
 1.71895060E-01
 9.13872003E-02
 0.00000000E+00
 1.71591105E-01
 7.45167680E-02
 0.00000000E+00
 9.13872003E-02
 0.00000000E+00
 9.04879972E-02
 9.56219289E-02
 0.00000000E+00
 9.59353417E-02
 0.00000000E+00
 0.00000000E+00
 2.08996728E-01
 0.00000000E+00
 3.21543007E-01
 2.16375425E-01
 2.66375248E-03
 2.16324766E-01
 1.21371491E-01
 2.66375248E-03
 2.11196879E-01
 1.24637004E-01
 0.00000000E+00
 1.24434368E-01
 2.16135161E-02
 2.18632607E-01
 6.95990711E-02
 0.00000000E+00
 6.95990711E-02
 0.00000000E+00
 0.00000000E+00
 6.95990711E-02
 0.00000000E+00
 0.00000000E+00
 0.00000000E+00
 2.50187829E-01
 0.00000000E+00
 6.48761412E-01
 5.09874145E-01
 4.16783491E-01
 4.01956514E-01
 3.84894636E-01
 2.86250939E-01
 1.41998497E-01
 5.10338863E-01
 3.54679905E-01
 2.64003342E-01
 2.78570568E-01
 2.68500046E-01
 1.63240216E-02
 4.17397042E-01
 2.64074045E-01
 1.68089611E-01
 1.91926781E-01
 7.21945222E-02
 0.00000000E+00
 4.02416677E-01
 2.78627130E-01
 1.91926781E-01
 4.09125060E-02
 3.85099153E-01
 2.68528327E-01
 7.21945222E-02
 2.86250939E-01
 1.63240216E-02
 0.00000000E+00
 1.41998497E-01
 4.94811621E-01
 3.42624252E-01
 2.54888173E-01
 2.71278432E-01
 2.64853978E-01
 1.63240216E-02
 0.00000000E+00
 3.43739573E-01
 2.00988405E-01
 1.46510563E-01
 2.10071378E-01
 1.38749860E-01
 0.00000000E+00
 2.56422050E-01
 1.46699105E-01
 9.26166245E-02
 1.26015983E-01
 0.00000000E+00
 2.72505533E-01
 2.10241065E-01
 1.26015983E-01
 0.00000000E+00
 2.65467529E-01
 1.38862985E-01
 0.00000000E+00
 1.63240216E-02
 0.00000000E+00
 0.00000000E+00
 3.76947813E-01
 2.31390655E-01
 1.45215094E-01
 1.71339715E-01
 5.84698116E-02
 0.00000000E+00
 2.34015695E-01
 1.31996406E-01
 9.09610698E-02
 1.24029317E-01
 0.00000000E+00
 1.49365355E-01
 9.20964953E-02
 9.01646320E-02
 0.00000000E+00
 1.75074950E-01
 1.25391827E-01
 0.00000000E+00
 6.09599684E-02
 0.00000000E+00
 0.00000000E+00
 3.43408348E-01
 2.22141622E-01
 1.41659171E-01
 1.17352707E-01
 2.20883705E-01
 1.60221662E-01
 9.36139028E-02
 1.31635287E-01
 1.01857220E-01
 0.00000000E+00
 1.14111710E-01
 3.67889209E-01
 2.60471124E-01
 7.68836910E-02
 0.00000000E+00
 2.60470357E-01
 1.42566961E-01
 0.00000000E+00
 6.58543022E-02
 0.00000000E+00
 3.58490268E-01
 8.17286347E-02
 0.00000000E+00
 7.90845498E-02
 0.00000000E+00
 0.00000000E+00
 2.07271618E-01
 5.08495023E-01
 3.54503873E-01
 2.64184610E-01
 2.78715582E-01
 2.68572553E-01
 1.63240216E-02
 3.54602225E-01
 2.03552773E-01
 1.45550167E-01
 2.09207021E-01
 1.38173622E-01
 0.00000000E+00
 2.64245993E-01
 1.45550167E-01
 9.26166245E-02
 1.26015983E-01
 2.78764688E-01
 2.09207021E-01
 1.26015983E-01
 2.68597106E-01
 1.38173622E-01
 1.63240216E-02
 3.39314357E-01
 2.00548325E-01
 1.46993943E-01
 2.10506420E-01
 1.39039888E-01
 2.00794204E-01
 4.18170255E-02
 1.06208592E-02
 4.78109419E-03
 1.47157632E-01
 1.06208592E-02
 9.62365959E-02
 2.10653739E-01
 4.78109419E-03
 1.39138101E-01
 2.24231825E-01
 1.29387652E-01
 9.06662909E-02
 1.23675582E-01
 1.30617574E-01
 2.21330461E-03
 9.91472944E-02
 9.24953242E-02
 9.83095991E-02
 0.00000000E+00
 1.25870422E-01
 2.23913010E-01
 1.74774012E-01
 1.08199969E-01
 1.67654122E-01
 6.70665531E-02
 9.82798136E-02
 2.65034682E-01
 1.65322475E-01
 0.00000000E+00
 1.54584052E-01
 1.04134389E-01
 4.15455507E-01
 2.64405948E-01
 1.68089611E-01
 1.91926781E-01
 7.21945222E-02
 0.00000000E+00
 2.64385904E-01
 1.45550167E-01
 9.26166245E-02
 1.26015983E-01
 0.00000000E+00
 1.68089611E-01
 9.26166245E-02
 8.94064613E-02
 0.00000000E+00
 1.91926781E-01
 1.26015983E-01
 0.00000000E+00
 7.21945222E-02
 0.00000000E+00
 0.00000000E+00
 2.51568213E-01
 1.47584178E-01
 9.26166245E-02
 1.26015983E-01
 1.47530728E-01
 1.06208592E-02
 9.62365959E-02
 9.26166245E-02
 9.62365959E-02
 0.00000000E+00
 1.26015983E-01
 1.36610574E-01
 9.06555973E-02
 9.28073900E-02
 0.00000000E+00
 9.13011337E-02
 1.00375522E-01
 0.00000000E+00
 9.12247637E-02
 0.00000000E+00
 0.00000000E+00
 1.48452637E-01
 1.10997575E-01
 0.00000000E+00
 9.61600563E-02
 0.00000000E+00
 0.00000000E+00
 8.59377115E-02
 0.00000000E+00
 0.00000000E+00
 0.00000000E+00
 4.00960526E-01
 2.78892652E-01
 1.91926781E-01
 4.09125060E-02
 2.78876617E-01
 2.09207021E-01
 1.26015983E-01
 1.91926781E-01
 1.26015983E-01
 0.00000000E+00
 4.09125060E-02
 2.68622464E-01
 2.11037631E-01
 1.26015983E-01
 0.00000000E+00
 2.10989526E-01
 4.78109419E-03
 0.00000000E+00
 1.26015983E-01
 0.00000000E+00
 1.63595647E-01
 1.23662750E-01
 0.00000000E+00
 1.24437394E-01
 0.00000000E+00
 0.00000000E+00
 9.91093312E-02
 0.00000000E+00
 3.84451975E-01
 2.68661088E-01
 7.21945222E-02
 2.68653071E-01
 1.38173622E-01
 7.21945222E-02
 2.63525994E-01
 1.39394028E-01
 0.00000000E+00
 1.39361958E-01
 5.33070999E-02
 2.86250939E-01
 1.63240216E-02
 0.00000000E+00
 1.63240216E-02
 0.00000000E+00
 0.00000000E+00
 1.63240216E-02
 0.00000000E+00
 0.00000000E+00
 0.00000000E+00
 1.41998497E-01
 0.00000000E+00
 7.42857635E-01
 6.35213400E-01
 5.64564149E-01
 5.61927996E-01
 5.57534406E-01
 4.93204016E-01
 1.89126426E-01
 6.35565269E-01
 5.07451834E-01
 4.32740245E-01
 4.55233017E-01
 4.61969809E-01
 2.70541630E-01
 5.65037754E-01
 4.32809259E-01
 3.48860506E-01
 3.76408715E-01
 3.06058329E-01
 0.00000000E+00
 5.62283199E-01
 4.55288229E-01
 3.76408715E-01
 2.06611570E-01
 5.57692274E-01
 4.61997415E-01
 3.06058329E-01
 4.93204016E-01
 2.70541630E-01
 0.00000000E+00
 1.89126426E-01
 6.24484905E-01
 4.98584970E-01
 4.26061012E-01
 4.49889631E-01
 4.59298116E-01
 2.70541630E-01
 0.00000000E+00
 4.99429455E-01
 3.65515044E-01
 3.05011028E-01
 3.63991518E-01
 3.30564844E-01
 0.00000000E+00
 4.27245023E-01
 3.05195067E-01
 2.28877809E-01
 2.35434738E-01
 0.00000000E+00
 4.50836840E-01
 3.64157153E-01
 2.35434738E-01
 0.00000000E+00
 4.59771720E-01
 3.30675267E-01
 0.00000000E+00
 2.70541630E-01
 0.00000000E+00
 0.00000000E+00
 5.36186138E-01
 4.08934424E-01
 3.32164768E-01
 3.61382552E-01
 2.96040887E-01
 0.00000000E+00
 4.10873708E-01
 2.93979655E-01
 2.27050645E-01
 2.33242141E-01
 0.00000000E+00
 3.35254461E-01
 2.27938871E-01
 2.29490807E-03
 0.00000000E+00
 3.64163275E-01
 2.34308012E-01
 0.00000000E+00
 2.97894702E-01
 0.00000000E+00
 0.00000000E+00
 5.16095823E-01
 4.09215820E-01
 3.33635494E-01
 1.42938109E-01
 4.07604903E-01
 3.19794247E-01
 2.11904122E-01
 3.33496076E-01
 2.17749735E-01
 0.00000000E+00
 1.55116403E-01
 5.42222643E-01
 4.52704302E-01
 3.06047918E-01
 0.00000000E+00
 4.52076560E-01
 3.30351453E-01
 0.00000000E+00
 2.95534454E-01
 0.00000000E+00
 5.40004599E-01
 3.33379475E-01
 0.00000000E+00
 3.30588724E-01
 0.00000000E+00
 0.00000000E+00
 4.30492896E-01
 6.34240911E-01
 5.07259308E-01
 4.32831107E-01
 4.55305707E-01
 4.62006154E-01
 2.70541630E-01
 5.07361242E-01
 3.67880190E-01
 3.04692302E-01
 3.63704665E-01
 3.30373608E-01
 0.00000000E+00
 4.32910685E-01
 3.04692302E-01
 2.28877809E-01
 2.35434738E-01
 4.55369369E-01
 3.63704665E-01
 2.35434738E-01
 4.62037985E-01
 3.30373608E-01
 2.70541630E-01
 4.96250994E-01
 3.65033728E-01
 3.05253329E-01
 3.64209589E-01
 3.30710224E-01
 3.65288564E-01
 1.99714748E-01
 1.35100061E-01
 1.13585138E-01
 3.05465535E-01
 1.35100061E-01
 4.09125060E-02
 3.64400575E-01
 1.13585138E-01
 3.30837548E-01
 4.03923035E-01
 2.91864627E-01
 2.26674231E-01
 2.32790445E-01
 2.92866410E-01
 1.25446933E-01
 4.28529717E-02
 2.28125519E-01
 4.22945081E-02
 0.00000000E+00
 2.34531990E-01
 4.10726301E-01
 3.32146410E-01
 2.14020763E-01
 3.25265610E-01
 5.87252040E-02
 2.15153498E-01
 4.55992441E-01
 3.48327885E-01
 0.00000000E+00
 3.38787833E-01
 3.48481989E-01
 5.63590253E-01
 4.32943054E-01
 3.48860506E-01
 3.76408715E-01
 3.06058329E-01
 0.00000000E+00
 4.32947860E-01
 3.04692302E-01
 2.28877809E-01
 2.35434738E-01
 0.00000000E+00
 3.48860506E-01
 2.28877809E-01
 2.80035517E-03
 0.00000000E+00
 3.76408715E-01
 2.35434738E-01
 0.00000000E+00
 3.06058329E-01
 0.00000000E+00
 0.00000000E+00
 4.23626271E-01
 3.05551853E-01
 2.28877809E-01
 2.35434738E-01
 3.05564668E-01
 1.35100061E-01
 4.09125060E-02
 2.28877809E-01
 4.09125060E-02
 0.00000000E+00
 2.35434738E-01
 3.25985552E-01
 2.26453431E-01
 5.33069354E-04
 0.00000000E+00
 2.26992796E-01
 4.36717900E-02
 0.00000000E+00
 1.58815355E-03
 0.00000000E+00
 0.00000000E+00
 3.38668485E-01
 2.16476218E-01
 0.00000000E+00
 2.02190582E-01
 0.00000000E+00
 0.00000000E+00
 3.11801845E-01
 0.00000000E+00
 0.00000000E+00
 0.00000000E+00
 5.61197573E-01
 4.55395265E-01
 3.76408715E-01
 2.06611570E-01
 4.55399109E-01
 3.63704665E-01
 2.35434738E-01
 3.76408715E-01
 2.35434738E-01
 0.00000000E+00
 2.06611570E-01
 4.47941838E-01
 3.64478261E-01
 2.35434738E-01
 0.00000000E+00
 3.64489794E-01
 1.13585138E-01
 0.00000000E+00
 2.35434738E-01
 0.00000000E+00
 3.55821257E-01
 2.32525485E-01
 0.00000000E+00
 2.33172722E-01
 0.00000000E+00
 0.00000000E+00
 1.53183066E-01
 0.00000000E+00
 5.57209774E-01
 4.62050932E-01
 3.06058329E-01
 4.62052855E-01
 3.30373608E-01
 3.06058329E-01
 4.58324219E-01
 3.30889339E-01
 0.00000000E+00
 3.30897027E-01
 2.92333357E-01
 4.93204016E-01
 2.70541630E-01
 0.00000000E+00
 2.70541630E-01
 0.00000000E+00
 0.00000000E+00
 2.70541630E-01
 0.00000000E+00
 0.00000000E+00
 0.00000000E+00
 1.89126426E-01
 0.00000000E+00
 8.65184123E-01
 8.05312458E-01
 7.65889752E-01
 7.68669756E-01
 7.73303095E-01
 7.46602008E-01
 5.94563213E-01
 8.05488392E-01
 7.29683844E-01
 6.83926983E-01
 7.01661997E-01
 7.18007649E-01
 6.35270815E-01
 7.66126554E-01
 6.83961491E-01
 6.28896023E-01
 6.47223550E-01
 6.25708626E-01
 0.00000000E+00
 7.68847357E-01
 7.01689603E-01
 6.47223550E-01
 5.54128816E-01
 7.73382029E-01
 7.18021452E-01
 6.25708626E-01
 7.46602008E-01
 6.35270815E-01
 0.00000000E+00
 5.94563213E-01
 7.99948210E-01
 7.25250411E-01
 6.80587367E-01
 6.98990304E-01
 7.16671802E-01
 6.35270815E-01
 0.00000000E+00
 7.25672654E-01
 6.36312607E-01
 5.88757592E-01
 6.24622629E-01
 6.27033668E-01
 0.00000000E+00
 6.81179372E-01
 5.88849611E-01
 5.20524554E-01
 5.05020149E-01
 0.00000000E+00
 6.99463909E-01
 6.24705446E-01
 5.05020149E-01
 0.00000000E+00
 7.16908604E-01
 6.27088880E-01
 0.00000000E+00
 6.35270815E-01
 0.00000000E+00
 0.00000000E+00
 7.51700746E-01
 6.72024073E-01
 6.20548154E-01
 6.39710468E-01
 6.20699905E-01
 0.00000000E+00
 6.72993715E-01
 5.83241905E-01
 5.19610972E-01
 5.03923850E-01
 0.00000000E+00
 6.22093000E-01
 5.20055085E-01
 3.30394090E-01
 0.00000000E+00
 6.41100830E-01
 5.04456786E-01
 0.00000000E+00
 6.21626813E-01
 0.00000000E+00
 0.00000000E+00
 7.43165161E-01
 6.75304866E-01
 6.21406507E-01
 5.22292086E-01
 6.73977423E-01
 6.02523993E-01
 4.93254841E-01
 6.25767231E-01
 4.96177647E-01
 0.00000000E+00
 5.28381233E-01
 7.63644028E-01
 7.11725221E-01
 6.24603182E-01
 0.00000000E+00
 7.10972710E-01
 6.26427250E-01
 0.00000000E+00
 6.17326586E-01
 0.00000000E+00
 7.66751782E-01
 6.61610710E-01
 0.00000000E+00
 6.59680518E-01
 0.00000000E+00
 0.00000000E+00
 7.10668363E-01
 8.04826213E-01
 7.29587580E-01
 6.83972415E-01
 7.01698342E-01
 7.18025821E-01
 6.35270815E-01
 7.29638548E-01
 6.37495180E-01
 5.88598229E-01
 6.24479202E-01
 6.26938051E-01
 0.00000000E+00
 6.84012203E-01
 5.88598229E-01
 5.20524554E-01
 5.05020149E-01
 7.01730173E-01
 6.24479202E-01
 5.05020149E-01
 7.18041737E-01
 6.26938051E-01
 6.35270815E-01
 7.24083424E-01
 6.36071949E-01
 5.88878742E-01
 6.24731664E-01
 6.27106359E-01
 6.36199367E-01
 5.12431651E-01
 4.44607609E-01
 4.09261662E-01
 5.88984845E-01
 4.44607609E-01
 2.74639710E-01
 6.24827157E-01
 4.09261662E-01
 6.27170021E-01
 6.69518378E-01
 5.82184391E-01
 5.19422766E-01
 5.03698002E-01
 5.82685282E-01
 4.39781044E-01
 2.73669478E-01
 5.20148409E-01
 2.73948709E-01
 0.00000000E+00
 5.04568775E-01
 6.76188407E-01
 6.04737020E-01
 4.89373795E-01
 5.99881211E-01
 3.81831696E-01
 4.94879529E-01
 7.13237098E-01
 6.36947319E-01
 0.00000000E+00
 6.30734267E-01
 6.68193696E-01
 7.65402804E-01
 6.84028388E-01
 6.28896023E-01
 6.47223550E-01
 6.25708626E-01
 0.00000000E+00
 6.84030791E-01
 5.88598229E-01
 5.20524554E-01
 5.05020149E-01
 0.00000000E+00
 6.28896023E-01
 5.20524554E-01
 3.30646814E-01
 0.00000000E+00
 6.47223550E-01
 5.05020149E-01
 0.00000000E+00
 6.25708626E-01
 0.00000000E+00
 0.00000000E+00
 6.79369996E-01
 5.89028004E-01
 5.20524554E-01
 5.05020149E-01
 5.89034411E-01
 4.44607609E-01
 2.74639710E-01
 5.20524554E-01
 2.74639710E-01
 0.00000000E+00
 5.05020149E-01
 6.17458546E-01
 5.19312366E-01
 3.29513171E-01
 0.00000000E+00
 5.19582048E-01
 2.73260068E-01
 0.00000000E+00
 3.30040713E-01
 0.00000000E+00
 0.00000000E+00
 6.24250854E-01
 4.89379892E-01
 0.00000000E+00
 4.88398071E-01
 0.00000000E+00
 0.00000000E+00
 6.27211674E-01
 0.00000000E+00
 0.00000000E+00
 0.00000000E+00
 7.68304544E-01
 7.01743121E-01
 6.47223550E-01
 5.54128816E-01
 7.01745043E-01
 6.24479202E-01
 5.05020149E-01
 6.47223550E-01
 5.05020149E-01
 0.00000000E+00
 5.54128816E-01
 6.98016408E-01
 6.24866000E-01
 5.05020149E-01
 0.00000000E+00
 6.24871767E-01
 4.09261662E-01
 0.00000000E+00
 5.05020149E-01
 0.00000000E+00
 6.36929821E-01
 5.03565522E-01
 0.00000000E+00
 5.03889141E-01
 0.00000000E+00
 0.00000000E+00
 5.20195767E-01
 0.00000000E+00
 7.73140779E-01
 7.18048211E-01
 6.25708626E-01
 7.18049172E-01
 6.26938051E-01
 6.25708626E-01
 7.16184854E-01
 6.27195916E-01
 0.00000000E+00
 6.27199760E-01
 6.18846140E-01
 7.46602008E-01
 6.35270815E-01
 0.00000000E+00
 6.35270815E-01
 0.00000000E+00
 0.00000000E+00
 6.35270815E-01
 0.00000000E+00
 0.00000000E+00
 0.00000000E+00
 5.94563213E-01
 0.00000000E+00
