 0.00000000E+00
 0.00000000E+00
 0.00000000E+00
 2.51730488E-01
 4.05708000E-02
 6.27792840E-03
 1.87640209E-02
 3.12398748E-02
 1.24005466E-01
 3.74931612E-01
 0.00000000E+00
 0.00000000E+00
 0.00000000E+00
 1.34361977E-01
 1.22875862E-02
 4.43352741E-04
 1.26132186E-03
 1.25727472E-03
 0.00000000E+00
 0.00000000E+00
 0.00000000E+00
 4.82337866E-02
 3.46424147E-03
 2.40019790E-03
 1.02230280E-02
 3.22978510E-02
 0.00000000E+00
 0.00000000E+00
 8.26437072E-01
 1.13387985E-01
 2.00184585E-02
 1.21015710E-02
 4.40311465E-02
 0.00000000E+00
 0.00000000E+00
 5.64486616E-01
 1.81314156E-01
 4.82889194E-02
 4.93913218E-02
 0.00000000E+00
 0.00000000E+00
 3.25619323E-02
 4.53254782E-02
 5.67413425E-02
 0.00000000E+00
 0.00000000E+00
 5.72702690E-03
 4.54096135E-02
 0.00000000E+00
 3.98648963E-01
 3.93214814E-03
 0.00000000E+00
 7.57577640E-01
 0.00000000E+00
 0.00000000E+00
 0.00000000E+00
 2.55462039E-01
 1.23389745E-02
 3.08931065E-05
 8.54950814E-05
 1.01758577E-03
 1.66202584E-02
 2.24985411E-01
 0.00000000E+00
 0.00000000E+00
 0.00000000E+00
 1.41041632E-01
 1.43603650E-04
 2.08129395E-04
 8.77182284E-04
 3.26203975E-03
 0.00000000E+00
 0.00000000E+00
 0.00000000E+00
 2.26319046E-02
 3.78570394E-04
 7.14161858E-06
 3.53799327E-03
 2.75531673E-02
 0.00000000E+00
 0.00000000E+00
 0.00000000E+00
 5.10438532E-02
 9.18844154E-04
 6.54322602E-04
 1.72956579E-02
 0.00000000E+00
 0.00000000E+00
 6.80150999E-01
 2.02699186E-01
 5.10709672E-02
 3.86351851E-02
 0.00000000E+00
 0.00000000E+00
 5.81451631E-02
 6.53712092E-02
 5.26581944E-02
 0.00000000E+00
 0.00000000E+00
 2.60052451E-02
 2.03418635E-02
 0.00000000E+00
 2.92953963E-01
 4.20199442E-02
 0.00000000E+00
 7.55582758E-01
 0.00000000E+00
 0.00000000E+00
 0.00000000E+00
 2.28720045E-01
 2.15572412E-02
 1.31289001E-05
 2.87524349E-06
 1.05179177E-03
 5.91439807E-03
 1.69957422E-01
 0.00000000E+00
 0.00000000E+00
 0.00000000E+00
 7.21039057E-02
 4.26571084E-02
 1.86544491E-05
 2.04437489E-04
 3.70342622E-03
 0.00000000E+00
 0.00000000E+00
 0.00000000E+00
 1.28775280E-01
 6.04894820E-02
 2.90779299E-04
 2.36916962E-03
 2.47139514E-02
 0.00000000E+00
 0.00000000E+00
 0.00000000E+00
 1.32422178E-01
 6.94084010E-02
 2.87633476E-04
 1.63956221E-02
 0.00000000E+00
 0.00000000E+00
 7.26128467E-01
 2.00594474E-02
 2.05912217E-02
 3.28450497E-02
 0.00000000E+00
 0.00000000E+00
 1.54996673E-01
 6.52843908E-02
 8.54631064E-03
 0.00000000E+00
 0.00000000E+00
 1.75117361E-01
 2.00800327E-01
 0.00000000E+00
 1.42337977E-01
 2.74156819E-01
 0.00000000E+00
 0.00000000E+00
 0.00000000E+00
 0.00000000E+00
 0.00000000E+00
 3.24725601E-01
 2.44707106E-05
 2.26571556E-05
 8.47994340E-06
 9.52139569E-04
 6.99251403E-03
 1.43378081E-01
 0.00000000E+00
 0.00000000E+00
 0.00000000E+00
 2.43280662E-01
 2.15991565E-05
 8.43198375E-06
 1.26263295E-04
 3.72831807E-03
 0.00000000E+00
 0.00000000E+00
 0.00000000E+00
 9.01839106E-02
 1.55136630E-03
 2.05000271E-04
 1.73983452E-03
 2.29296921E-02
 0.00000000E+00
 0.00000000E+00
 0.00000000E+00
 3.70709224E-02
 7.50104181E-03
 3.66383511E-04
 1.57652921E-02
 0.00000000E+00
 0.00000000E+00
 4.67327286E-01
 1.53647199E-02
 7.75187153E-03
 2.78065934E-02
 0.00000000E+00
 0.00000000E+00
 1.34958598E-01
 6.62366882E-02
 4.43706762E-02
 0.00000000E+00
 0.00000000E+00
 2.80792652E-01
 6.32332401E-02
 0.00000000E+00
 2.90420576E-01
 3.44409116E-01
 0.00000000E+00
 0.00000000E+00
 0.00000000E+00
 0.00000000E+00
 0.00000000E+00
 3.20156069E-01
 1.57655794E-05
 6.16595657E-06
 1.84039765E-05
 8.94560313E-04
 7.95344887E-03
 1.18647460E-01
 0.00000000E+00
 0.00000000E+00
 0.00000000E+00
 2.16620991E-01
 2.43846713E-05
 2.01359948E-05
 6.83517358E-05
 3.75076698E-03
 0.00000000E+00
 0.00000000E+00
 0.00000000E+00
 5.85027772E-02
 8.38686141E-05
 1.35340315E-04
 1.16041130E-03
 2.12559571E-02
 0.00000000E+00
 0.00000000E+00
 0.00000000E+00
 3.23334538E-02
 2.31057575E-04
 4.24172049E-04
 1.51501400E-02
 0.00000000E+00
 0.00000000E+00
 0.00000000E+00
 2.75010074E-03
 4.60822802E-03
 2.31118281E-02
 0.00000000E+00
 0.00000000E+00
 3.06277377E-01
 2.04114190E-01
 8.46637859E-02
 0.00000000E+00
 0.00000000E+00
 1.96354223E-01
 1.35326425E-02
 0.00000000E+00
 3.23726434E-01
 3.28004362E-01
 0.00000000E+00
 0.00000000E+00
 0.00000000E+00
 0.00000000E+00
 0.00000000E+00
 0.00000000E+00
 3.28715372E-02
 9.79505095E-06
 1.60237046E-05
 9.61651090E-04
 7.87928027E-03
 1.22914031E-01
 0.00000000E+00
 0.00000000E+00
 0.00000000E+00
 1.43240846E-01
 7.08181458E-02
 2.19488542E-05
 1.13024937E-04
 3.91311335E-03
 0.00000000E+00
 0.00000000E+00
 0.00000000E+00
 9.91877088E-02
 9.92081790E-05
 1.65394158E-04
 1.29018389E-03
 2.12830947E-02
 0.00000000E+00
 0.00000000E+00
 0.00000000E+00
 7.69834282E-02
 2.79271338E-04
 4.07486817E-04
 1.51554813E-02
 0.00000000E+00
 0.00000000E+00
 0.00000000E+00
 2.19965604E-02
 1.98311720E-03
 2.37251549E-02
 0.00000000E+00
 0.00000000E+00
 5.36181795E-01
 3.10335704E-01
 1.17798525E-01
 0.00000000E+00
 0.00000000E+00
 1.78931827E-01
 3.25241883E-03
 0.00000000E+00
 3.30860524E-01
 3.22539522E-01
 0.00000000E+00
 0.00000000E+00
 0.00000000E+00
 0.00000000E+00
 0.00000000E+00
 0.00000000E+00
 7.01277013E-02
 3.16579561E-05
 1.28378182E-05
 1.14056335E-03
 6.86480301E-03
 1.53360339E-01
 0.00000000E+00
 0.00000000E+00
 0.00000000E+00
 8.76674303E-02
 1.86582110E-01
 1.47458810E-05
 2.50122267E-04
 4.20060137E-03
 0.00000000E+00
 0.00000000E+00
 0.00000000E+00
 2.24369769E-01
 1.51187934E-04
 2.86888833E-04
 2.05813062E-03
 2.28379680E-02
 0.00000000E+00
 0.00000000E+00
 0.00000000E+00
 1.91813093E-01
 4.61875126E-04
 3.35519718E-04
 1.57109384E-02
 0.00000000E+00
 0.00000000E+00
 0.00000000E+00
 6.40197742E-02
 2.41284257E-03
 2.91118363E-02
 0.00000000E+00
 0.00000000E+00
 7.74339370E-01
 3.47881122E-01
 1.31611984E-01
 0.00000000E+00
 0.00000000E+00
 1.87513878E-01
 4.07670626E-03
 0.00000000E+00
 0.00000000E+00
 3.03618738E-01
 0.00000000E+00
 0.00000000E+00
 0.00000000E+00
 0.00000000E+00
 0.00000000E+00
 0.00000000E+00
 6.54181355E-02
 3.15885026E-05
 8.50656784E-06
 1.34570354E-03
 5.86307445E-03
 1.81897359E-01
 0.00000000E+00
 0.00000000E+00
 0.00000000E+00
 0.00000000E+00
 1.68384061E-01
 1.93714817E-05
 3.89875540E-04
 4.47021477E-03
 0.00000000E+00
 0.00000000E+00
 0.00000000E+00
 3.41205694E-01
 2.20532954E-04
 4.00860440E-04
 2.78920610E-03
 2.42662311E-02
 0.00000000E+00
 0.00000000E+00
 0.00000000E+00
 2.98897857E-01
 6.57750998E-04
 2.62986569E-04
 1.62048469E-02
 0.00000000E+00
 0.00000000E+00
 0.00000000E+00
 1.03196666E-01
 2.79880161E-03
 3.41470998E-02
 0.00000000E+00
 0.00000000E+00
 1.03437885E+00
 1.51485870E-01
 6.65779064E-02
 0.00000000E+00
 0.00000000E+00
 1.43279336E-01
 4.87826244E-03
 0.00000000E+00
 0.00000000E+00
 2.91275727E-02
 0.00000000E+00
 0.00000000E+00
 0.00000000E+00
 0.00000000E+00
 0.00000000E+00
 0.00000000E+00
 1.60750301E-01
 4.04832833E-05
 1.34728850E-04
 1.34249230E-03
 2.09175008E-02
 2.39637237E-01
 0.00000000E+00
 0.00000000E+00
 0.00000000E+00
 0.00000000E+00
 5.93425980E-02
 4.45672514E-04
 1.70964120E-03
 4.13479357E-03
 0.00000000E+00
 0.00000000E+00
 0.00000000E+00
 3.09729368E-01
 5.98964119E-04
 4.86102625E-05
 4.22238948E-03
 2.70357785E-02
 0.00000000E+00
 0.00000000E+00
 0.00000000E+00
 2.58685201E-01
 1.43115090E-03
 1.23820897E-03
 1.70481375E-02
 0.00000000E+00
 0.00000000E+00
 0.00000000E+00
 8.84534756E-02
 3.49873061E-03
 3.94225846E-02
 0.00000000E+00
 0.00000000E+00
 0.00000000E+00
 1.25774623E-01
 7.00813509E-02
 0.00000000E+00
 0.00000000E+00
 1.96824694E-01
 2.35272575E-02
 0.00000000E+00
 0.00000000E+00
 5.40113920E-02
 0.00000000E+00
 0.00000000E+00
 0.00000000E+00
 0.00000000E+00
 0.00000000E+00
 0.00000000E+00
 2.50691221E-01
 6.57283524E-03
 1.96381427E-02
 3.30194655E-02
 1.34714731E-01
 3.91119275E-01
 0.00000000E+00
 0.00000000E+00
 0.00000000E+00
 0.00000000E+00
 1.76996195E-01
 8.25509207E-04
 2.26613236E-03
 9.87038231E-04
 0.00000000E+00
 0.00000000E+00
 0.00000000E+00
 0.00000000E+00
 1.79980654E-01
 2.72270648E-03
 1.14343208E-02
 3.18212434E-02
 0.00000000E+00
 0.00000000E+00
 0.00000000E+00
 4.25046193E-01
 1.05470402E-01
 1.36263068E-02
 4.47692392E-02
 0.00000000E+00
 0.00000000E+00
 0.00000000E+00
 1.40792081E-01
 3.23153061E-02
 4.93107800E-02
 0.00000000E+00
 0.00000000E+00
 0.00000000E+00
 7.22458486E-02
 6.58675793E-02
 0.00000000E+00
 0.00000000E+00
 7.79501724E-02
 1.08354554E-01
 0.00000000E+00
 0.00000000E+00
 1.72653063E-02
 0.00000000E+00
 0.00000000E+00
