 2.28994685E-01
 9.18198021E-02
 3.45434791E-02
 2.28043984E-02
 1.22919219E-02
 1.91101635E-02
 5.67846489E-02
 6.10793516E-02
 2.02437490E-01
 0.00000000E+00
 8.58452247E-02
 1.72065898E-02
 3.39662395E-03
 2.44659255E-03
 9.95657912E-03
 2.65300093E-02
 7.30403092E-02
 6.22604090E-03
 2.55784829E-02
 8.18187014E-04
 4.06089012E-03
 4.98589743E-03
 1.57226857E-02
 6.49494314E-03
 1.78768005E-02
 1.65778535E-01
 1.29212062E-02
 9.17097425E-04
 4.62650568E-03
 1.45044950E-02
 2.53980806E-02
 1.21984840E-02
 1.66662577E-01
 6.72127214E-03
 7.20570901E-03
 1.15222917E-02
 2.05067760E-02
 1.18635784E-02
 1.71804510E-01
 9.12341753E-03
 6.82883072E-04
 3.32362407E-03
 1.07965952E-02
 1.57836250E-01
 2.73854323E-02
 2.53330012E-03
 1.05592313E-02
 1.19967689E-01
 3.89087046E-02
 1.39611867E-02
 8.76388475E-02
 1.41991589E-01
 4.31735094E-01
 9.28093670E-02
 1.80493994E-02
 1.44502823E-03
 1.91288386E-03
 1.84971817E-03
 5.82726185E-04
 5.93585538E-03
 3.24127654E-02
 9.48534320E-03
 0.00000000E+00
 1.70820532E-02
 1.27609340E-04
 1.08184219E-03
 7.45855704E-04
 2.89632768E-03
 1.48651092E-02
 5.22764369E-02
 9.57450569E-02
 4.30349541E-04
 1.25996012E-04
 1.31089607E-03
 1.36035972E-03
 6.10919951E-03
 4.26667967E-03
 2.15287809E-02
 1.95219064E-01
 6.32561510E-04
 5.92707497E-04
 9.47443861E-04
 1.83061651E-03
 1.19426849E-02
 3.02431919E-02
 8.49008070E-02
 1.86626471E-04
 2.13639036E-03
 3.54481445E-03
 8.85959022E-03
 9.99951343E-03
 1.46691783E-01
 6.76451615E-04
 2.60794630E-03
 4.10424313E-03
 1.31278559E-02
 1.35190770E-01
 9.27163175E-04
 1.77561118E-03
 2.16048398E-03
 5.18403315E-02
 9.51249900E-05
 2.56319514E-03
 8.56046160E-02
 1.84785645E-02
 2.69870660E-01
 3.08910998E-02
 4.72982753E-05
 3.27972234E-04
 1.02215741E-03
 7.31299889E-04
 2.44154647E-04
 1.00957096E-03
 2.85565850E-02
 1.99405285E-01
 0.00000000E+00
 2.51642030E-04
 5.67741696E-05
 6.87243040E-05
 3.31264090E-04
 1.39958920E-03
 9.47744201E-04
 1.20644340E-02
 9.52254581E-02
 2.81988313E-04
 5.14203592E-05
 3.12759420E-04
 6.39497428E-04
 3.13749222E-03
 5.02071817E-03
 1.25770800E-02
 2.07455288E-01
 9.76693115E-05
 1.65893140E-04
 3.24562988E-04
 1.46947673E-03
 5.87347836E-03
 5.61291846E-03
 8.84080383E-02
 8.48970046E-05
 1.10284471E-03
 1.40793585E-03
 4.24480784E-03
 7.27301133E-03
 1.32116598E-01
 3.08431685E-04
 2.00104714E-03
 1.92551853E-04
 4.84906514E-03
 1.20325420E-01
 1.62121536E-05
 2.08952999E-03
 5.25596898E-05
 5.32907397E-02
 1.78642414E-06
 1.72897670E-03
 8.37815970E-02
 3.03071984E-03
 2.15602239E-01
 1.84982437E-02
 2.79698188E-05
 1.90034074E-04
 1.17246528E-03
 4.94628175E-04
 2.10447038E-04
 7.72461460E-04
 2.02523392E-02
 2.35592544E-01
 0.00000000E+00
 1.56400934E-04
 3.04428937E-05
 3.58631354E-06
 3.49815885E-04
 9.43797243E-04
 7.07789366E-04
 8.04766267E-03
 8.19408016E-02
 2.01993437E-04
 3.73967991E-05
 2.48118779E-04
 4.61376608E-04
 2.35608411E-03
 4.21672461E-03
 1.63134547E-02
 1.99173383E-01
 8.33267688E-05
 4.61608584E-05
 4.88167551E-04
 1.19739612E-03
 4.75551857E-03
 4.20641514E-03
 8.76751195E-02
 3.38403029E-05
 5.61733911E-04
 5.85327171E-04
 3.49810189E-03
 5.98960436E-03
 1.10737577E-01
 2.25421730E-04
 1.48462634E-03
 4.81159558E-04
 3.97072745E-03
 1.02446188E-01
 9.15182338E-06
 2.35332941E-03
 1.30533423E-03
 5.31005912E-02
 4.48099947E-05
 2.35932840E-03
 8.05880404E-02
 3.86862034E-03
 1.87433186E-01
 6.09732920E-03
 1.46710240E-05
 1.85008673E-04
 1.33988418E-03
 2.52314611E-04
 1.64954505E-04
 5.62923779E-04
 1.20871016E-02
 2.71610563E-01
 0.00000000E+00
 8.67460429E-05
 1.58285538E-05
 1.73182857E-04
 4.06344672E-04
 4.79365434E-04
 5.40298680E-04
 4.33581304E-03
 6.90552643E-02
 1.48719096E-04
 6.10014792E-06
 5.31178982E-04
 3.34899865E-04
 1.57040844E-03
 3.38339905E-03
 2.01274184E-02
 1.90989129E-01
 7.86361408E-05
 4.77641003E-05
 1.05120541E-03
 9.72496302E-04
 3.65559798E-03
 2.92313580E-03
 8.69674737E-02
 1.02081357E-04
 2.23963697E-04
 1.20631892E-03
 2.86333863E-03
 4.73143510E-03
 8.93072808E-02
 7.36955847E-05
 1.24083151E-03
 1.43646423E-03
 3.00953545E-03
 8.45488958E-02
 2.20521274E-05
 2.80892583E-03
 2.45948833E-03
 5.29295164E-02
 1.05808920E-04
 2.98648897E-03
 7.75169739E-02
 4.70939737E-03
 1.59298238E-01
 6.10568344E-03
 1.73741693E-05
 2.26252300E-04
 1.76963658E-03
 3.31719602E-04
 1.75481526E-04
 5.96559310E-04
 1.10668388E-02
 2.71214416E-01
 0.00000000E+00
 8.80064646E-05
 1.73618390E-05
 3.63756797E-04
 5.43758433E-04
 4.24652393E-04
 5.39337319E-04
 4.00885495E-03
 6.61915186E-02
 1.50262361E-04
 4.42199927E-06
 8.93308323E-04
 3.76783408E-04
 1.59241512E-03
 3.43511953E-03
 2.00183334E-02
 1.88827167E-01
 8.13965623E-05
 6.31750845E-05
 1.73063994E-03
 9.00059586E-04
 3.76917628E-03
 2.81018022E-03
 8.65812143E-02
 8.95871062E-05
 2.40571847E-04
 2.61516719E-03
 3.01452446E-03
 5.22824973E-03
 8.93796733E-02
 3.03460900E-05
 1.11153434E-03
 1.16283054E-03
 3.00234344E-03
 8.48340621E-02
 3.05464512E-05
 3.02076451E-03
 2.05339104E-03
 5.31139615E-02
 6.62077318E-05
 4.07047284E-03
 7.82151120E-02
 4.42776157E-03
 1.60311316E-01
 1.85155475E-02
 3.05433974E-05
 2.62200429E-04
 7.75582542E-04
 7.51886760E-04
 2.39124537E-04
 8.66667525E-04
 1.71218536E-02
 2.34792611E-01
 0.00000000E+00
 1.59998229E-04
 2.53827547E-05
 4.55200805E-04
 7.91745073E-04
 7.92331751E-04
 7.00745048E-04
 7.03438621E-03
 7.32475783E-02
 2.04779489E-04
 1.99745726E-05
 1.16705295E-03
 5.76182126E-04
 2.42070158E-03
 4.37042745E-03
 1.59860130E-02
 1.92729311E-01
 8.29835188E-05
 1.04891679E-04
 2.33462552E-03
 9.82225180E-04
 5.10180221E-03
 3.86758128E-03
 8.65137092E-02
 4.65224090E-07
 6.03193532E-04
 4.20671388E-03
 3.94909509E-03
 7.49339337E-03
 1.11120642E-01
 1.37018733E-04
 1.01510790E-03
 6.47354140E-04
 4.01101373E-03
 1.03429809E-01
 4.22742645E-05
 3.00253201E-03
 2.05862195E-04
 5.36664871E-02
 7.53503157E-05
 2.64725647E-03
 8.26305499E-02
 3.02527208E-03
 1.90442716E-01
 3.09215385E-02
 4.05534481E-05
 5.16929960E-05
 2.42144166E-04
 1.32964371E-03
 2.92802802E-04
 1.15423376E-03
 2.32105830E-02
 1.98726801E-01
 0.00000000E+00
 2.32177674E-04
 3.34944177E-05
 3.01058934E-05
 8.36507815E-04
 1.27277993E-03
 9.27641898E-04
 1.02979860E-02
 8.05291300E-02
 2.58904070E-04
 3.44634422E-05
 5.47073362E-04
 7.50762780E-04
 3.25464754E-03
 5.27910443E-03
 1.20217443E-02
 1.96766287E-01
 8.52856470E-05
 1.45547997E-04
 1.84053853E-03
 1.04161120E-03
 6.46016600E-03
 5.03337514E-03
 8.64675122E-02
 8.94563931E-05
 9.63926764E-04
 4.53665930E-03
 4.89949014E-03
 9.78993687E-03
 1.33034079E-01
 4.96898911E-04
 4.77860153E-04
 4.32261735E-03
 5.37723238E-03
 1.22091675E-01
 4.91755386E-05
 3.09251663E-03
 8.06120678E-04
 5.42256394E-02
 2.18670768E-04
 1.03507285E-04
 8.65901858E-02
 1.64400197E-03
 2.20576957E-01
 9.28112815E-02
 1.80063319E-02
 2.34409203E-04
 1.08600241E-03
 3.21577398E-03
 6.62799260E-04
 5.25150288E-03
 2.61834634E-02
 5.97904712E-03
 0.00000000E+00
 1.70754285E-02
 1.45968121E-04
 1.83347439E-05
 1.07310377E-03
 3.27469338E-03
 1.24426468E-02
 4.31166107E-02
 7.83150458E-02
 4.64156891E-04
 1.62843111E-05
 8.45118779E-04
 1.54334214E-03
 6.57239557E-03
 3.50614571E-03
 2.02741485E-02
 1.84004069E-01
 6.66798332E-04
 1.91743302E-04
 2.59264466E-03
 1.53406781E-03
 1.34358166E-02
 2.89222720E-02
 8.22304956E-02
 1.32987709E-04
 1.84414189E-03
 7.02119704E-03
 1.06347531E-02
 1.39266268E-02
 1.48319444E-01
 1.52787777E-03
 3.30353520E-03
 8.94365228E-03
 1.57423641E-02
 1.37372848E-01
 8.07535355E-04
 1.11990788E-02
 1.95974317E-03
 5.31020430E-02
 2.28550279E-04
 3.24572531E-03
 8.87166419E-02
 2.13979266E-02
 2.77592658E-01
 2.28482839E-01
 9.07280947E-02
 3.16155517E-02
 2.18912674E-02
 1.44402998E-02
 1.74867517E-02
 5.14348148E-02
 5.53561775E-02
 2.06573462E-01
 0.00000000E+00
 8.57066836E-02
 1.67244255E-02
 1.72055781E-03
 3.31646777E-03
 1.10962150E-02
 2.21298424E-02
 6.02499881E-02
 2.94794350E-03
 2.53960914E-02
 8.28716393E-05
 3.57586335E-03
 5.80195563E-03
 1.67626717E-02
 5.81003026E-03
 1.57886903E-02
 1.56702897E-01
 1.25790116E-02
 3.37378433E-04
 7.19728126E-03
 1.52995546E-02
 2.81807547E-02
 1.24625134E-02
 1.60515450E-01
 6.78882388E-03
 7.09428868E-03
 1.65405860E-02
 2.41545037E-02
 1.65954429E-02
 1.73200724E-01
 8.81868484E-03
 5.04029073E-03
 6.05804760E-03
 7.24588045E-03
 1.60515765E-01
 2.90718859E-02
 1.53728153E-02
 1.05476440E-02
 1.23170715E-01
 3.94818367E-02
 8.82664262E-03
 9.07404886E-02
 1.46846478E-01
 4.37684327E-01
