 0.00000000E+00
 0.00000000E+00
 0.00000000E+00
 1.71266743E-01
 1.66249171E-02
 1.36249624E-02
 2.96280088E-02
 1.38753299E-02
 7.51042513E-02
 3.64934766E-01
 0.00000000E+00
 0.00000000E+00
 0.00000000E+00
 8.53637166E-02
 9.00929258E-03
 9.87624467E-03
 2.43750197E-02
 3.42400889E-03
 0.00000000E+00
 0.00000000E+00
 0.00000000E+00
 5.58865035E-02
 1.23060349E-02
 4.30007730E-03
 1.87845317E-02
 8.93743518E-02
 0.00000000E+00
 0.00000000E+00
 8.01568414E-01
 1.25385996E-01
 3.44162771E-02
 1.43205726E-02
 9.81706769E-02
 0.00000000E+00
 0.00000000E+00
 5.46667269E-01
 1.88062434E-01
 6.04294460E-02
 1.04050921E-01
 0.00000000E+00
 0.00000000E+00
 2.89191996E-02
 3.69875212E-02
 1.04230234E-01
 0.00000000E+00
 0.00000000E+00
 2.15580340E-03
 7.71162443E-02
 0.00000000E+00
 3.81976409E-01
 3.34723111E-02
 0.00000000E+00
 7.43506027E-01
 0.00000000E+00
 0.00000000E+00
 0.00000000E+00
 2.45613768E-01
 4.71922504E-03
 2.50607586E-03
 5.77167473E-03
 1.58048768E-02
 1.35721731E-02
 2.38712155E-01
 0.00000000E+00
 0.00000000E+00
 0.00000000E+00
 1.02374167E-01
 3.04273409E-03
 5.53972857E-03
 1.56133579E-02
 1.92365306E-02
 0.00000000E+00
 0.00000000E+00
 0.00000000E+00
 2.34062320E-02
 2.58730453E-03
 3.62706566E-04
 6.73595605E-03
 9.46567561E-02
 0.00000000E+00
 0.00000000E+00
 0.00000000E+00
 4.09254970E-02
 4.89759841E-03
 4.08370414E-03
 4.43835269E-02
 0.00000000E+00
 0.00000000E+00
 6.66695009E-01
 2.01885063E-01
 6.18984327E-02
 8.77597520E-02
 0.00000000E+00
 0.00000000E+00
 5.15796306E-02
 4.70576805E-02
 9.44621579E-02
 0.00000000E+00
 0.00000000E+00
 2.15619240E-02
 3.43884589E-02
 0.00000000E+00
 2.81564591E-01
 6.77116658E-03
 0.00000000E+00
 7.26525648E-01
 0.00000000E+00
 0.00000000E+00
 0.00000000E+00
 1.48902151E-01
 6.35542340E-02
 1.39343461E-03
 2.58822082E-03
 1.41385537E-02
 1.47879072E-02
 2.21520678E-01
 0.00000000E+00
 0.00000000E+00
 0.00000000E+00
 6.50132461E-02
 7.04921206E-02
 8.47674823E-04
 4.03068112E-03
 1.87804669E-02
 0.00000000E+00
 0.00000000E+00
 0.00000000E+00
 1.84992894E-01
 7.36653408E-02
 1.30512849E-03
 5.30192993E-03
 9.56610752E-02
 0.00000000E+00
 0.00000000E+00
 0.00000000E+00
 1.68855288E-01
 6.91111256E-02
 1.04479281E-03
 4.43080955E-02
 0.00000000E+00
 0.00000000E+00
 7.20258207E-01
 1.85195086E-02
 6.99828165E-03
 7.79846470E-02
 0.00000000E+00
 0.00000000E+00
 1.50362645E-01
 6.74819989E-02
 3.92075049E-02
 0.00000000E+00
 0.00000000E+00
 1.51451298E-01
 1.46238003E-01
 0.00000000E+00
 1.57576611E-01
 1.80902687E-01
 0.00000000E+00
 0.00000000E+00
 0.00000000E+00
 0.00000000E+00
 0.00000000E+00
 4.05171975E-01
 1.55721910E-03
 1.18931583E-03
 1.98711641E-03
 1.04745942E-02
 1.58639436E-02
 2.02028969E-01
 0.00000000E+00
 0.00000000E+00
 0.00000000E+00
 2.11727216E-01
 7.64274499E-04
 6.17485042E-04
 2.69899926E-03
 1.53175907E-02
 0.00000000E+00
 0.00000000E+00
 0.00000000E+00
 8.65004789E-02
 1.20815498E-03
 6.73717644E-04
 2.62692116E-03
 9.11654593E-02
 0.00000000E+00
 0.00000000E+00
 0.00000000E+00
 1.39761441E-02
 6.30906746E-03
 1.29324220E-03
 4.37977998E-02
 0.00000000E+00
 0.00000000E+00
 4.42125093E-01
 1.01526380E-02
 2.47042919E-03
 6.58329745E-02
 0.00000000E+00
 0.00000000E+00
 1.24129739E-01
 4.82163216E-02
 7.39283996E-02
 0.00000000E+00
 0.00000000E+00
 2.58820194E-01
 3.61590756E-02
 0.00000000E+00
 2.87067470E-01
 2.47227569E-01
 0.00000000E+00
 0.00000000E+00
 0.00000000E+00
 0.00000000E+00
 0.00000000E+00
 3.76849514E-01
 8.93699518E-04
 8.72337487E-04
 1.39496680E-03
 6.90974825E-03
 1.69952735E-02
 1.82516996E-01
 0.00000000E+00
 0.00000000E+00
 0.00000000E+00
 1.75842254E-01
 4.67369864E-04
 5.08222082E-04
 1.81628317E-03
 1.21511951E-02
 0.00000000E+00
 0.00000000E+00
 0.00000000E+00
 6.42774272E-02
 3.37559574E-04
 8.55929876E-06
 9.88485131E-05
 8.66536354E-02
 0.00000000E+00
 0.00000000E+00
 0.00000000E+00
 2.62160908E-02
 9.76050197E-04
 1.48247220E-03
 4.32609531E-02
 0.00000000E+00
 0.00000000E+00
 0.00000000E+00
 1.53321764E-03
 3.90249699E-03
 5.33027562E-02
 0.00000000E+00
 0.00000000E+00
 3.05438633E-01
 1.86021236E-01
 1.02303164E-01
 0.00000000E+00
 0.00000000E+00
 1.81890333E-01
 7.12826657E-03
 0.00000000E+00
 3.18016659E-01
 2.38087705E-01
 0.00000000E+00
 0.00000000E+00
 0.00000000E+00
 0.00000000E+00
 0.00000000E+00
 0.00000000E+00
 5.58711629E-02
 8.63888488E-04
 1.42252559E-03
 5.88786876E-03
 1.73524574E-02
 1.83180926E-01
 0.00000000E+00
 0.00000000E+00
 0.00000000E+00
 1.34237315E-01
 4.31471114E-02
 4.58828210E-04
 1.45631285E-03
 1.04334950E-02
 0.00000000E+00
 0.00000000E+00
 0.00000000E+00
 9.60963087E-02
 2.62236737E-04
 1.61999702E-04
 3.29552184E-04
 8.53750884E-02
 0.00000000E+00
 0.00000000E+00
 0.00000000E+00
 6.51163894E-02
 8.46584201E-04
 1.48208225E-03
 4.30859586E-02
 0.00000000E+00
 0.00000000E+00
 0.00000000E+00
 1.74000124E-02
 6.56947279E-03
 5.20172531E-02
 0.00000000E+00
 0.00000000E+00
 5.55217467E-01
 3.02590445E-01
 1.33364132E-01
 0.00000000E+00
 0.00000000E+00
 1.59130805E-01
 1.68005222E-02
 0.00000000E+00
 3.24753352E-01
 2.34479492E-01
 0.00000000E+00
 0.00000000E+00
 0.00000000E+00
 0.00000000E+00
 0.00000000E+00
 0.00000000E+00
 1.42126742E-01
 1.18034891E-03
 2.06260593E-03
 7.45515479E-03
 1.69340724E-02
 2.04012115E-01
 0.00000000E+00
 0.00000000E+00
 0.00000000E+00
 1.41129589E-01
 1.20301976E-01
 4.68972658E-04
 1.61019133E-03
 1.02162765E-02
 0.00000000E+00
 0.00000000E+00
 0.00000000E+00
 2.10733787E-01
 4.94685115E-04
 1.87890173E-04
 2.03826120E-03
 8.74642716E-02
 0.00000000E+00
 0.00000000E+00
 0.00000000E+00
 1.64520919E-01
 1.25990161E-03
 1.28160474E-03
 4.32662978E-02
 0.00000000E+00
 0.00000000E+00
 0.00000000E+00
 5.08353381E-02
 7.56302612E-03
 6.25087242E-02
 0.00000000E+00
 0.00000000E+00
 8.12372519E-01
 3.55031158E-01
 1.55190900E-01
 0.00000000E+00
 0.00000000E+00
 1.68147247E-01
 1.61200788E-02
 0.00000000E+00
 0.00000000E+00
 2.22140570E-01
 0.00000000E+00
 0.00000000E+00
 0.00000000E+00
 0.00000000E+00
 0.00000000E+00
 0.00000000E+00
 2.09819226E-02
 1.43460058E-03
 2.71716472E-03
 9.16289940E-03
 1.65586864E-02
 2.24810762E-01
 0.00000000E+00
 0.00000000E+00
 0.00000000E+00
 0.00000000E+00
 1.14058486E-01
 5.88437722E-04
 2.11528309E-03
 1.02650663E-02
 0.00000000E+00
 0.00000000E+00
 0.00000000E+00
 3.29613180E-01
 7.53222730E-04
 5.60944388E-04
 4.50257791E-03
 8.97110227E-02
 0.00000000E+00
 0.00000000E+00
 0.00000000E+00
 2.67360709E-01
 1.72566455E-03
 1.05639740E-03
 4.34321345E-02
 0.00000000E+00
 0.00000000E+00
 0.00000000E+00
 8.53220595E-02
 8.58208890E-03
 7.33471792E-02
 0.00000000E+00
 0.00000000E+00
 1.04353633E+00
 1.60060676E-01
 1.02100469E-01
 0.00000000E+00
 0.00000000E+00
 1.25227240E-01
 1.53720746E-02
 0.00000000E+00
 0.00000000E+00
 1.75474505E-04
 0.00000000E+00
 0.00000000E+00
 0.00000000E+00
 0.00000000E+00
 0.00000000E+00
 0.00000000E+00
 9.70744919E-02
 2.59008780E-03
 5.21740546E-03
 9.51367768E-03
 1.99219973E-02
 2.41330854E-01
 0.00000000E+00
 0.00000000E+00
 0.00000000E+00
 0.00000000E+00
 4.53628472E-02
 2.54169056E-03
 6.60866875E-03
 8.15721326E-03
 0.00000000E+00
 0.00000000E+00
 0.00000000E+00
 3.05223413E-01
 1.93958766E-03
 4.56097597E-05
 6.49320580E-03
 8.88475268E-02
 0.00000000E+00
 0.00000000E+00
 0.00000000E+00
 2.36371720E-01
 3.65626770E-03
 2.50793744E-03
 4.34155018E-02
 0.00000000E+00
 0.00000000E+00
 0.00000000E+00
 7.82695982E-02
 1.04608171E-02
 8.31609026E-02
 0.00000000E+00
 0.00000000E+00
 0.00000000E+00
 1.25744951E-01
 1.07584093E-01
 0.00000000E+00
 0.00000000E+00
 1.79373781E-01
 6.96628177E-04
 0.00000000E+00
 0.00000000E+00
 7.16066616E-02
 0.00000000E+00
 0.00000000E+00
 0.00000000E+00
 0.00000000E+00
 0.00000000E+00
 0.00000000E+00
 2.93290090E-01
 1.04014440E-02
 2.13152920E-02
 6.94666919E-03
 7.41989297E-02
 3.74540816E-01
 0.00000000E+00
 0.00000000E+00
 0.00000000E+00
 0.00000000E+00
 1.85333353E-01
 4.59738403E-03
 1.20563215E-02
 3.95164109E-03
 0.00000000E+00
 0.00000000E+00
 0.00000000E+00
 0.00000000E+00
 1.62050298E-01
 3.66132490E-03
 1.94056229E-02
 8.54999817E-02
 0.00000000E+00
 0.00000000E+00
 0.00000000E+00
 3.54518015E-01
 8.53379519E-02
 1.64057558E-02
 9.51820940E-02
 0.00000000E+00
 0.00000000E+00
 0.00000000E+00
 1.13883328E-01
 3.41522534E-02
 1.00070175E-01
 0.00000000E+00
 0.00000000E+00
 0.00000000E+00
 8.24904566E-02
 1.12192725E-01
 0.00000000E+00
 0.00000000E+00
 8.00787307E-02
 4.45389102E-02
 0.00000000E+00
 0.00000000E+00
 4.54149474E-02
 0.00000000E+00
 0.00000000E+00
