 0.00000000E+00
 0.00000000E+00
 0.00000000E+00
 2.52139062E-01
 4.49370487E-02
 6.61396612E-03
 2.06420534E-02
 3.65224295E-02
 1.30578800E-01
 4.07061550E-01
 0.00000000E+00
 0.00000000E+00
 0.00000000E+00
 1.36374277E-01
 1.48506880E-02
 5.53466452E-04
 1.35589540E-03
 1.43950093E-03
 0.00000000E+00
 0.00000000E+00
 0.00000000E+00
 4.69124961E-02
 4.42581742E-03
 1.52892288E-03
 5.22259624E-03
 2.98425856E-02
 0.00000000E+00
 0.00000000E+00
 8.26172695E-01
 1.12578379E-01
 2.25242029E-02
 8.85254115E-03
 4.13240607E-02
 0.00000000E+00
 0.00000000E+00
 5.70427117E-01
 1.82966526E-01
 5.27214846E-02
 5.29422061E-02
 0.00000000E+00
 0.00000000E+00
 2.73694040E-02
 3.93796362E-02
 5.99827424E-02
 0.00000000E+00
 0.00000000E+00
 5.10520256E-03
 4.74407059E-02
 0.00000000E+00
 4.04903877E-01
 2.54051554E-03
 0.00000000E+00
 7.48880679E-01
 0.00000000E+00
 0.00000000E+00
 0.00000000E+00
 2.45014129E-01
 1.42350679E-02
 1.61484066E-04
 2.67768506E-04
 2.33043519E-05
 2.36274199E-02
 2.58516719E-01
 0.00000000E+00
 0.00000000E+00
 0.00000000E+00
 1.36752223E-01
 1.26632511E-04
 2.98754562E-04
 6.46263933E-04
 1.00225056E-03
 0.00000000E+00
 0.00000000E+00
 0.00000000E+00
 1.98046959E-02
 1.25761830E-04
 9.68793651E-05
 5.38943962E-04
 2.79841729E-02
 0.00000000E+00
 0.00000000E+00
 0.00000000E+00
 4.87258468E-02
 3.95109181E-04
 2.52054614E-04
 1.73149957E-02
 0.00000000E+00
 0.00000000E+00
 6.93271905E-01
 2.04500592E-01
 5.59912164E-02
 4.36605038E-02
 0.00000000E+00
 0.00000000E+00
 5.11259580E-02
 5.85993321E-02
 5.64615395E-02
 0.00000000E+00
 0.00000000E+00
 2.40567352E-02
 2.17729885E-02
 0.00000000E+00
 2.93715745E-01
 3.23071696E-02
 0.00000000E+00
 7.38405461E-01
 0.00000000E+00
 0.00000000E+00
 0.00000000E+00
 2.22816719E-01
 1.83069087E-02
 8.72115514E-05
 1.73579210E-04
 1.87345987E-04
 6.60714824E-03
 2.04044562E-01
 0.00000000E+00
 0.00000000E+00
 0.00000000E+00
 8.28589913E-02
 3.85529271E-02
 9.11495408E-05
 2.19785634E-04
 1.46441456E-03
 0.00000000E+00
 0.00000000E+00
 0.00000000E+00
 1.21262983E-01
 5.75933320E-02
 1.28304560E-04
 5.18143752E-04
 2.75302834E-02
 0.00000000E+00
 0.00000000E+00
 0.00000000E+00
 1.29488850E-01
 6.84835849E-02
 8.75221415E-05
 1.74838204E-02
 0.00000000E+00
 0.00000000E+00
 7.50395237E-01
 2.22586131E-02
 1.75399742E-02
 3.80773200E-02
 0.00000000E+00
 0.00000000E+00
 1.48827466E-01
 7.55589076E-02
 6.50443045E-03
 0.00000000E+00
 0.00000000E+00
 1.74767090E-01
 2.04377442E-01
 0.00000000E+00
 1.40315542E-01
 2.67389527E-01
 0.00000000E+00
 0.00000000E+00
 0.00000000E+00
 0.00000000E+00
 0.00000000E+00
 3.12617438E-01
 6.96101967E-05
 6.81045767E-05
 1.30456558E-04
 2.75628296E-04
 7.63809457E-03
 1.76899859E-01
 0.00000000E+00
 0.00000000E+00
 0.00000000E+00
 2.45393056E-01
 3.45350438E-05
 5.95555240E-05
 1.52419195E-04
 1.75235240E-03
 0.00000000E+00
 0.00000000E+00
 0.00000000E+00
 9.24508174E-02
 1.40470215E-03
 1.19006817E-04
 4.80801298E-05
 2.69325741E-02
 0.00000000E+00
 0.00000000E+00
 0.00000000E+00
 4.03857098E-02
 7.29739942E-03
 1.00578674E-04
 1.73967399E-02
 0.00000000E+00
 0.00000000E+00
 4.89497745E-01
 1.75003375E-02
 5.30976265E-03
 3.24536081E-02
 0.00000000E+00
 0.00000000E+00
 1.16388925E-01
 5.31362355E-02
 4.50514826E-02
 0.00000000E+00
 0.00000000E+00
 2.91868643E-01
 6.54053567E-02
 0.00000000E+00
 2.90419510E-01
 3.45240424E-01
 0.00000000E+00
 0.00000000E+00
 0.00000000E+00
 0.00000000E+00
 0.00000000E+00
 3.14357368E-01
 3.63121156E-05
 4.75290538E-05
 8.93462062E-05
 3.49879324E-04
 8.64844769E-03
 1.49754278E-01
 0.00000000E+00
 0.00000000E+00
 0.00000000E+00
 2.22568293E-01
 1.94027424E-05
 4.88686835E-05
 1.51956974E-04
 1.98281274E-03
 0.00000000E+00
 0.00000000E+00
 0.00000000E+00
 5.94405662E-02
 3.19313651E-05
 1.10864380E-04
 4.36467920E-04
 2.62922449E-02
 0.00000000E+00
 0.00000000E+00
 0.00000000E+00
 3.43574887E-02
 7.47785051E-05
 1.23295091E-04
 1.73039820E-02
 0.00000000E+00
 0.00000000E+00
 0.00000000E+00
 3.60221719E-03
 2.35313773E-03
 2.68721972E-02
 0.00000000E+00
 0.00000000E+00
 2.93535174E-01
 1.99389108E-01
 8.68380610E-02
 0.00000000E+00
 0.00000000E+00
 2.04843511E-01
 1.25826505E-02
 0.00000000E+00
 3.25559955E-01
 3.31143611E-01
 0.00000000E+00
 0.00000000E+00
 0.00000000E+00
 0.00000000E+00
 0.00000000E+00
 0.00000000E+00
 2.84663591E-02
 4.62379348E-05
 8.79986626E-05
 3.86855843E-04
 8.62264334E-03
 1.49576019E-01
 0.00000000E+00
 0.00000000E+00
 0.00000000E+00
 1.50307014E-01
 6.88301227E-02
 4.12282075E-05
 1.10169623E-04
 2.14308892E-03
 0.00000000E+00
 0.00000000E+00
 0.00000000E+00
 9.45121825E-02
 3.46658667E-05
 1.21102709E-04
 3.77833115E-04
 2.66423446E-02
 0.00000000E+00
 0.00000000E+00
 0.00000000E+00
 7.52637566E-02
 7.59122065E-05
 1.17591848E-04
 1.73920731E-02
 0.00000000E+00
 0.00000000E+00
 0.00000000E+00
 2.20619192E-02
 6.52718970E-04
 2.71062175E-02
 0.00000000E+00
 0.00000000E+00
 5.35306650E-01
 3.18023327E-01
 1.23401574E-01
 0.00000000E+00
 0.00000000E+00
 1.82449957E-01
 1.09533961E-03
 0.00000000E+00
 3.33173937E-01
 3.26252053E-01
 0.00000000E+00
 0.00000000E+00
 0.00000000E+00
 0.00000000E+00
 0.00000000E+00
 0.00000000E+00
 6.15290186E-02
 6.40409047E-05
 1.25605556E-04
 3.89025817E-04
 7.56491892E-03
 1.76365516E-01
 0.00000000E+00
 0.00000000E+00
 0.00000000E+00
 8.96654824E-02
 1.87246919E-01
 3.68226630E-05
 2.69838035E-05
 2.23255103E-03
 0.00000000E+00
 0.00000000E+00
 0.00000000E+00
 2.19027778E-01
 3.86564256E-05
 1.48698641E-04
 2.15504358E-04
 2.79759275E-02
 0.00000000E+00
 0.00000000E+00
 0.00000000E+00
 1.92123657E-01
 1.28947249E-04
 8.51058879E-05
 1.76620737E-02
 0.00000000E+00
 0.00000000E+00
 0.00000000E+00
 6.60276572E-02
 7.11517174E-04
 3.30788221E-02
 0.00000000E+00
 0.00000000E+00
 7.84775985E-01
 3.66524302E-01
 1.41158217E-01
 0.00000000E+00
 0.00000000E+00
 1.93060172E-01
 1.93460131E-03
 0.00000000E+00
 0.00000000E+00
 3.10339537E-01
 0.00000000E+00
 0.00000000E+00
 0.00000000E+00
 0.00000000E+00
 0.00000000E+00
 0.00000000E+00
 7.13079597E-02
 8.02227015E-05
 1.62380293E-04
 3.82952838E-04
 6.49229269E-03
 2.03154108E-01
 0.00000000E+00
 0.00000000E+00
 0.00000000E+00
 0.00000000E+00
 1.74368003E-01
 4.65431288E-05
 1.21849475E-05
 2.28380940E-03
 0.00000000E+00
 0.00000000E+00
 0.00000000E+00
 3.42776840E-01
 4.94179034E-05
 1.78183241E-04
 7.90985314E-04
 2.92666933E-02
 0.00000000E+00
 0.00000000E+00
 0.00000000E+00
 3.08162246E-01
 1.91148702E-04
 6.13332572E-05
 1.79284532E-02
 0.00000000E+00
 0.00000000E+00
 0.00000000E+00
 1.09666422E-01
 7.70583368E-04
 3.89920320E-02
 0.00000000E+00
 0.00000000E+00
 1.03992717E+00
 1.62332854E-01
 7.39532290E-02
 0.00000000E+00
 0.00000000E+00
 1.39655819E-01
 2.75811458E-03
 0.00000000E+00
 0.00000000E+00
 3.55147614E-02
 0.00000000E+00
 0.00000000E+00
 0.00000000E+00
 0.00000000E+00
 0.00000000E+00
 0.00000000E+00
 1.61440164E-01
 1.41569935E-04
 2.15090951E-04
 3.19095644E-04
 2.43405591E-02
 2.57739598E-01
 0.00000000E+00
 0.00000000E+00
 0.00000000E+00
 0.00000000E+00
 6.81583711E-02
 6.56835519E-05
 4.42707058E-04
 2.20166066E-03
 0.00000000E+00
 0.00000000E+00
 0.00000000E+00
 3.16963793E-01
 1.60778328E-04
 3.35663700E-05
 9.34450697E-04
 3.01289799E-02
 0.00000000E+00
 0.00000000E+00
 0.00000000E+00
 2.72764616E-01
 4.43962673E-04
 4.17946255E-04
 1.79572331E-02
 0.00000000E+00
 0.00000000E+00
 0.00000000E+00
 9.71392510E-02
 9.14743201E-04
 4.46894936E-02
 0.00000000E+00
 0.00000000E+00
 0.00000000E+00
 1.27980388E-01
 7.52338949E-02
 0.00000000E+00
 0.00000000E+00
 1.97718611E-01
 2.11670481E-02
 0.00000000E+00
 0.00000000E+00
 5.09179618E-02
 0.00000000E+00
 0.00000000E+00
 0.00000000E+00
 0.00000000E+00
 0.00000000E+00
 0.00000000E+00
 2.44911289E-01
 6.82577111E-03
 2.10847810E-02
 3.66218041E-02
 1.30976264E-01
 4.05511280E-01
 0.00000000E+00
 0.00000000E+00
 0.00000000E+00
 0.00000000E+00
 1.68777702E-01
 1.08714550E-04
 2.46253724E-04
 1.19791300E-03
 0.00000000E+00
 0.00000000E+00
 0.00000000E+00
 0.00000000E+00
 1.84104206E-01
 1.76256181E-03
 5.88635744E-03
 3.20100655E-02
 0.00000000E+00
 0.00000000E+00
 0.00000000E+00
 4.47382687E-01
 1.14420461E-01
 9.03942289E-03
 4.32981567E-02
 0.00000000E+00
 0.00000000E+00
 0.00000000E+00
 1.54754715E-01
 3.95707945E-02
 5.41820934E-02
 0.00000000E+00
 0.00000000E+00
 0.00000000E+00
 7.16973164E-02
 7.10908492E-02
 0.00000000E+00
 0.00000000E+00
 7.95767189E-02
 1.05193613E-01
 0.00000000E+00
 0.00000000E+00
 1.69093045E-02
 0.00000000E+00
 0.00000000E+00
