 0.00000000E+00
 0.00000000E+00
 0.00000000E+00
 2.54049298E-01
 3.61750605E-02
 4.49776103E-03
 1.32143096E-02
 5.01515160E-03
 2.19857686E-01
 0.00000000E+00
 0.00000000E+00
 0.00000000E+00
 0.00000000E+00
 1.40703161E-01
 8.18913678E-03
 3.01641059E-02
 8.85087752E-02
 2.62824733E-02
 0.00000000E+00
 0.00000000E+00
 0.00000000E+00
 3.84495846E-02
 4.65465885E-02
 1.19597483E-02
 6.06539620E-02
 0.00000000E+00
 0.00000000E+00
 0.00000000E+00
 8.29095417E-01
 7.81971185E-02
 9.35551608E-02
 8.09852298E-02
 0.00000000E+00
 0.00000000E+00
 0.00000000E+00
 5.32905473E-01
 6.37761053E-02
 1.58464178E-01
 0.00000000E+00
 0.00000000E+00
 0.00000000E+00
 3.30174226E-02
 1.06065214E-01
 0.00000000E+00
 0.00000000E+00
 0.00000000E+00
 4.41900048E-02
 0.00000000E+00
 0.00000000E+00
 5.22444662E-01
 0.00000000E+00
 0.00000000E+00
 0.00000000E+00
 0.00000000E+00
 0.00000000E+00
 0.00000000E+00
 2.40854119E-01
 1.07987878E-02
 8.15890231E-04
 6.10768013E-03
 4.28081820E-02
 1.68671686E-02
 0.00000000E+00
 0.00000000E+00
 0.00000000E+00
 0.00000000E+00
 1.37767760E-01
 9.35810563E-03
 1.70525508E-02
 6.37192354E-02
 1.59092314E-01
 0.00000000E+00
 0.00000000E+00
 0.00000000E+00
 1.69764486E-02
 2.22080696E-02
 6.94495222E-04
 4.54321148E-02
 0.00000000E+00
 0.00000000E+00
 0.00000000E+00
 0.00000000E+00
 4.96470201E-02
 6.35559149E-02
 6.20552083E-02
 0.00000000E+00
 0.00000000E+00
 0.00000000E+00
 6.96240341E-01
 1.43415401E-01
 1.49258997E-01
 0.00000000E+00
 0.00000000E+00
 0.00000000E+00
 4.32070927E-02
 1.30985800E-01
 0.00000000E+00
 0.00000000E+00
 0.00000000E+00
 1.91680739E-02
 0.00000000E+00
 0.00000000E+00
 2.75593891E-01
 0.00000000E+00
 0.00000000E+00
 0.00000000E+00
 0.00000000E+00
 0.00000000E+00
 0.00000000E+00
 2.29805358E-01
 1.44744116E-02
 3.07693774E-04
 9.03602528E-04
 4.33544586E-02
 1.61638949E-01
 0.00000000E+00
 0.00000000E+00
 0.00000000E+00
 0.00000000E+00
 1.11357774E-01
 3.23355515E-02
 9.37773624E-04
 1.44904549E-02
 1.73514194E-01
 0.00000000E+00
 0.00000000E+00
 0.00000000E+00
 9.36060720E-02
 5.66188955E-02
 1.48458802E-02
 2.36222650E-02
 0.00000000E+00
 0.00000000E+00
 0.00000000E+00
 0.00000000E+00
 1.06339323E-01
 9.48978692E-02
 1.65562453E-02
 0.00000000E+00
 0.00000000E+00
 0.00000000E+00
 7.81494335E-01
 3.94407410E-03
 1.97347858E-01
 0.00000000E+00
 0.00000000E+00
 0.00000000E+00
 1.26096344E-01
 1.15203188E-01
 0.00000000E+00
 0.00000000E+00
 0.00000000E+00
 2.12295023E-01
 0.00000000E+00
 0.00000000E+00
 3.15613900E-02
 0.00000000E+00
 0.00000000E+00
 0.00000000E+00
 0.00000000E+00
 0.00000000E+00
 0.00000000E+00
 3.05384846E-01
 1.02102788E-03
 2.45987476E-04
 6.09382381E-04
 3.64328958E-02
 1.93126788E-01
 0.00000000E+00
 0.00000000E+00
 0.00000000E+00
 0.00000000E+00
 2.49025016E-01
 1.97319944E-03
 6.01284570E-04
 9.26699055E-03
 1.62539065E-01
 0.00000000E+00
 0.00000000E+00
 0.00000000E+00
 9.50700128E-02
 6.96883547E-03
 9.54396115E-03
 3.14609269E-02
 0.00000000E+00
 0.00000000E+00
 0.00000000E+00
 0.00000000E+00
 5.34756388E-02
 2.80924686E-02
 2.05069654E-02
 0.00000000E+00
 0.00000000E+00
 0.00000000E+00
 5.35132991E-01
 1.80264933E-03
 1.61067599E-01
 0.00000000E+00
 0.00000000E+00
 0.00000000E+00
 7.14020290E-02
 3.54912975E-02
 0.00000000E+00
 0.00000000E+00
 0.00000000E+00
 3.76456997E-01
 0.00000000E+00
 0.00000000E+00
 2.54937727E-01
 0.00000000E+00
 0.00000000E+00
 0.00000000E+00
 0.00000000E+00
 0.00000000E+00
 0.00000000E+00
 3.09904031E-01
 8.26766652E-04
 4.49583848E-04
 6.82515006E-04
 2.95189833E-02
 2.24538859E-01
 0.00000000E+00
 0.00000000E+00
 0.00000000E+00
 0.00000000E+00
 2.28751127E-01
 1.31715313E-03
 6.92613030E-04
 4.80451182E-03
 1.51648254E-01
 0.00000000E+00
 0.00000000E+00
 0.00000000E+00
 5.82232489E-02
 3.37796172E-03
 4.21817934E-03
 3.94281827E-02
 0.00000000E+00
 0.00000000E+00
 0.00000000E+00
 0.00000000E+00
 3.85709063E-02
 1.24999484E-02
 2.40236028E-02
 0.00000000E+00
 0.00000000E+00
 0.00000000E+00
 0.00000000E+00
 7.73039857E-03
 1.34152684E-01
 0.00000000E+00
 0.00000000E+00
 0.00000000E+00
 2.54896053E-01
 2.17767338E-01
 0.00000000E+00
 0.00000000E+00
 0.00000000E+00
 2.52440666E-01
 0.00000000E+00
 0.00000000E+00
 3.14258943E-01
 0.00000000E+00
 0.00000000E+00
 0.00000000E+00
 0.00000000E+00
 0.00000000E+00
 0.00000000E+00
 0.00000000E+00
 2.70736789E-02
 4.62570826E-04
 7.36260169E-04
 2.80609717E-02
 2.25305419E-01
 0.00000000E+00
 0.00000000E+00
 0.00000000E+00
 0.00000000E+00
 1.53546617E-01
 7.22358063E-02
 7.02230537E-04
 4.18155507E-03
 1.47525101E-01
 0.00000000E+00
 0.00000000E+00
 0.00000000E+00
 9.12334448E-02
 3.06909537E-03
 3.37452279E-03
 3.98707381E-02
 0.00000000E+00
 0.00000000E+00
 0.00000000E+00
 0.00000000E+00
 7.81472675E-02
 1.14930373E-02
 2.39073334E-02
 0.00000000E+00
 0.00000000E+00
 0.00000000E+00
 0.00000000E+00
 1.37554891E-02
 1.27246008E-01
 0.00000000E+00
 0.00000000E+00
 0.00000000E+00
 5.04207652E-01
 3.70589221E-01
 0.00000000E+00
 0.00000000E+00
 0.00000000E+00
 2.19405423E-01
 0.00000000E+00
 0.00000000E+00
 3.26387875E-01
 0.00000000E+00
 0.00000000E+00
 0.00000000E+00
 0.00000000E+00
 0.00000000E+00
 0.00000000E+00
 0.00000000E+00
 5.71404633E-02
 3.04891017E-04
 7.91081729E-04
 3.22322479E-02
 1.94574226E-01
 0.00000000E+00
 0.00000000E+00
 0.00000000E+00
 0.00000000E+00
 8.39113254E-02
 1.96706327E-01
 6.52664683E-04
 7.53203978E-03
 1.50503003E-01
 0.00000000E+00
 0.00000000E+00
 0.00000000E+00
 2.17879897E-01
 4.91249011E-03
 7.19676817E-03
 3.24090229E-02
 0.00000000E+00
 0.00000000E+00
 0.00000000E+00
 0.00000000E+00
 2.04064581E-01
 1.80740106E-02
 2.00650155E-02
 0.00000000E+00
 0.00000000E+00
 0.00000000E+00
 0.00000000E+00
 6.09789470E-02
 1.45346066E-01
 0.00000000E+00
 0.00000000E+00
 0.00000000E+00
 7.56712262E-01
 4.38198592E-01
 0.00000000E+00
 0.00000000E+00
 0.00000000E+00
 2.43678594E-01
 0.00000000E+00
 0.00000000E+00
 0.00000000E+00
 0.00000000E+00
 0.00000000E+00
 0.00000000E+00
 0.00000000E+00
 0.00000000E+00
 0.00000000E+00
 0.00000000E+00
 7.52612345E-02
 3.89048110E-04
 1.17102762E-03
 3.65956589E-02
 1.62637236E-01
 0.00000000E+00
 0.00000000E+00
 0.00000000E+00
 0.00000000E+00
 0.00000000E+00
 1.85373840E-01
 9.87120452E-04
 1.16941702E-02
 1.53928556E-01
 0.00000000E+00
 0.00000000E+00
 0.00000000E+00
 3.45993253E-01
 6.86979160E-03
 1.11992146E-02
 2.46208383E-02
 0.00000000E+00
 0.00000000E+00
 0.00000000E+00
 0.00000000E+00
 3.31723054E-01
 2.46624360E-02
 1.56807539E-02
 0.00000000E+00
 0.00000000E+00
 0.00000000E+00
 0.00000000E+00
 1.09082846E-01
 1.63472447E-01
 0.00000000E+00
 0.00000000E+00
 0.00000000E+00
 1.03737013E+00
 1.93660445E-01
 0.00000000E+00
 0.00000000E+00
 0.00000000E+00
 2.01054777E-01
 0.00000000E+00
 0.00000000E+00
 0.00000000E+00
 0.00000000E+00
 0.00000000E+00
 0.00000000E+00
 0.00000000E+00
 0.00000000E+00
 0.00000000E+00
 0.00000000E+00
 1.60508936E-01
 9.65886019E-04
 5.35598691E-03
 3.55325646E-02
 7.82209166E-03
 0.00000000E+00
 0.00000000E+00
 0.00000000E+00
 0.00000000E+00
 0.00000000E+00
 8.07507266E-02
 1.38175977E-02
 5.07825115E-02
 1.37966907E-01
 0.00000000E+00
 0.00000000E+00
 0.00000000E+00
 3.22449791E-01
 1.86446363E-02
 1.86477478E-03
 4.16129650E-02
 0.00000000E+00
 0.00000000E+00
 0.00000000E+00
 0.00000000E+00
 2.97865571E-01
 5.38106536E-02
 5.27767505E-02
 0.00000000E+00
 0.00000000E+00
 0.00000000E+00
 0.00000000E+00
 6.37321108E-02
 1.98497450E-01
 0.00000000E+00
 0.00000000E+00
 0.00000000E+00
 0.00000000E+00
 2.00715859E-01
 0.00000000E+00
 0.00000000E+00
 0.00000000E+00
 3.03941627E-01
 0.00000000E+00
 0.00000000E+00
 0.00000000E+00
 0.00000000E+00
 0.00000000E+00
 0.00000000E+00
 0.00000000E+00
 0.00000000E+00
 0.00000000E+00
 0.00000000E+00
 2.30167851E-01
 3.03125779E-03
 8.08999209E-03
 1.18514240E-02
 2.09383606E-01
 0.00000000E+00
 0.00000000E+00
 0.00000000E+00
 0.00000000E+00
 0.00000000E+00
 1.42399143E-01
 2.45215957E-02
 7.20152513E-02
 2.02496224E-02
 0.00000000E+00
 0.00000000E+00
 0.00000000E+00
 0.00000000E+00
 1.51701373E-01
 1.16727450E-02
 5.07551881E-02
 0.00000000E+00
 0.00000000E+00
 0.00000000E+00
 0.00000000E+00
 4.82170099E-01
 4.26950001E-02
 6.59863723E-02
 0.00000000E+00
 0.00000000E+00
 0.00000000E+00
 0.00000000E+00
 9.76609323E-02
 1.40434055E-01
 0.00000000E+00
 0.00000000E+00
 0.00000000E+00
 0.00000000E+00
 1.17438760E-01
 0.00000000E+00
 0.00000000E+00
 0.00000000E+00
 1.39632915E-01
 0.00000000E+00
 0.00000000E+00
 0.00000000E+00
 0.00000000E+00
 0.00000000E+00
 0.00000000E+00
