 1.41501474E-04
 2.07727954E-04
 2.57965290E-04
 1.50177756E-04
 3.68852214E-04
 4.06014730E-04
 1.34513864E-04
 2.56566938E-04
 3.96817149E-04
 9.51062233E-05
 1.45456039E-04
 3.47035086E-04
 2.28440538E-04
 1.34672981E-04
 3.06865179E-04
 4.10872100E-04
 1.36405499E-04
 2.59484208E-04
 4.00864154E-04
 9.61751217E-05
 1.48143881E-04
 2.60823950E-04
 1.98723316E-04
 1.18828445E-04
 2.45614233E-04
 4.15286329E-04
 1.37960497E-04
 2.62151579E-04
 4.04732681E-04
 9.71340036E-05
 1.57684084E-04
 1.82165164E-04
 1.74310051E-04
 1.07088418E-04
 1.88659091E-04
 4.22074642E-04
 1.41299705E-04
 2.66142242E-04
 4.09535483E-04
 9.86663040E-05
 1.54646880E-04
 9.48069264E-05
 1.42000992E-04
 8.88024887E-05
 1.27379031E-04
 4.24512964E-04
 1.41363784E-04
 2.67705062E-04
 4.12620857E-04
 9.91451642E-05
 1.56339731E-04
 1.05488980E-04
 1.46810550E-04
 9.14854795E-05
 1.35047060E-04
 3.65623447E-04
 1.42648238E-04
 2.70171909E-04
 4.16343060E-04
 1.00013823E-04
 1.62614915E-04
 2.11412544E-04
 1.87691403E-04
 1.14553884E-04
 2.09751961E-04
 2.47105572E-04
 1.45125037E-04
 2.73523075E-04
 4.20689067E-04
 1.01265250E-04
 1.56699650E-04
 3.05395508E-04
 2.19682087E-04
 1.30625036E-04
 2.77848904E-04
 1.26660747E-04
 1.44447679E-04
 2.74538445E-04
 4.23384885E-04
 1.01507038E-04
 1.57501290E-04
 1.77477038E-04
 1.74500974E-04
 1.06036085E-04
 3.47684257E-04
 1.94472297E-04
 1.45503295E-04
 2.76837285E-04
 4.26985186E-04
 1.02302182E-04
 1.57161052E-04
 2.00211482E-04
 1.82997768E-04
 1.10358989E-04
 2.31418222E-04
 3.21446533E-04
 1.46266803E-04
 2.78920567E-04
 4.30432485E-04
 1.03004389E-04
