 8.32088488E-05
 1.13027316E-04
 1.31813846E-04
 7.65891507E-05
 1.68756324E-04
 1.79194878E-04
 6.63308634E-05
 1.09410202E-04
 1.66327973E-04
 4.82114147E-05
 1.14086701E-04
 2.14533413E-04
 1.48299917E-04
 1.00111692E-04
 1.74056883E-04
 2.11664887E-04
 9.76302577E-05
 1.41209628E-04
 1.98678794E-04
 7.94451603E-05
 1.26505458E-04
 1.83881749E-04
 1.45788450E-04
 1.04668527E-04
 1.59945305E-04
 2.25152269E-04
 1.09886071E-04
 1.53921764E-04
 2.11910706E-04
 9.15415290E-05
 2.30109081E-04
 2.44330110E-04
 2.35510354E-04
 2.02127592E-04
 2.38827938E-04
 3.32507959E-04
 2.16305278E-04
 2.61024525E-04
 3.19691653E-04
 1.98280919E-04
 1.69711506E-04
 1.38709842E-04
 1.58568443E-04
 1.32101240E-04
 1.49058032E-04
 2.71045006E-04
 1.53368405E-04
 1.98364967E-04
 2.57424454E-04
 1.34803309E-04
 1.66322883E-04
 1.35876586E-04
 1.55080695E-04
 1.28093625E-04
 1.45369988E-04
 2.42879250E-04
 1.49293509E-04
 1.94709132E-04
 2.54259427E-04
 1.30486399E-04
 2.25879887E-04
 2.43046386E-04
 2.31522617E-04
 1.96417184E-04
 2.34657599E-04
 2.53493248E-04
 2.10273997E-04
 2.56269517E-04
 3.16422440E-04
 1.91563957E-04
 1.29630523E-04
 1.93980910E-04
 1.50089863E-04
 1.05779563E-04
 1.64552965E-04
 1.02635842E-04
 1.10168629E-04
 1.56344770E-04
 2.16819548E-04
 9.07098427E-05
 1.17298374E-04
 1.21016902E-04
 1.16702774E-04
 8.21421404E-05
 1.81056896E-04
 1.15519599E-04
 9.67939941E-05
 1.43364984E-04
 2.04310841E-04
 7.70384825E-05
 9.19343416E-05
 1.07366772E-04
 9.48684471E-05
 5.76475368E-05
 1.07200742E-04
 1.41701126E-04
 6.99146261E-05
 1.16845649E-04
 1.78237283E-04
 4.97876314E-05
