 6.16161616E-01
 4.28571429E-01
 2.72727273E-01
 2.72727273E-01
 2.72727273E-01
 2.72727273E-01
 2.72727273E-01
 2.72727273E-01
 4.28571429E-01
 6.16161616E-01
 3.33333333E-01
 1.16883117E-01
 0.00000000E+00
 0.00000000E+00
 1.22124533E-15
 0.00000000E+00
 0.00000000E+00
 0.00000000E+00
 1.16883117E-01
 3.33333333E-01
 1.51515152E-01
 1.74463618E-16
 0.00000000E+00
 0.00000000E+00
 1.22124533E-15
 0.00000000E+00
 0.00000000E+00
 0.00000000E+00
 0.00000000E+00
 1.51515152E-01
 9.09090909E-02
 1.74463618E-16
 0.00000000E+00
 0.00000000E+00
 1.22124533E-15
 0.00000000E+00
 0.00000000E+00
 0.00000000E+00
 0.00000000E+00
 9.09090909E-02
 3.03030303E-02
 1.74463618E-16
 0.00000000E+00
 0.00000000E+00
 1.22124533E-15
 0.00000000E+00
 0.00000000E+00
 0.00000000E+00
 0.00000000E+00
 3.03030303E-02
 3.03030303E-02
 3.48927236E-16
 0.00000000E+00
 0.00000000E+00
 1.22124533E-15
 0.00000000E+00
 0.00000000E+00
 0.00000000E+00
 0.00000000E+00
 3.03030303E-02
 9.09090909E-02
 1.74463618E-16
 0.00000000E+00
 0.00000000E+00
 1.22124533E-15
 0.00000000E+00
 0.00000000E+00
 0.00000000E+00
 0.00000000E+00
 9.09090909E-02
 1.51515152E-01
 1.74463618E-16
 0.00000000E+00
 0.00000000E+00
 1.22124533E-15
 0.00000000E+00
 0.00000000E+00
 0.00000000E+00
 0.00000000E+00
 1.51515152E-01
 3.33333333E-01
 1.16883117E-01
 0.00000000E+00
 0.00000000E+00
 1.22124533E-15
 0.00000000E+00
 0.00000000E+00
 0.00000000E+00
 1.16883117E-01
 3.33333333E-01
 6.16161616E-01
 4.28571429E-01
 2.72727273E-01
 2.72727273E-01
 2.72727273E-01
 2.72727273E-01
 2.72727273E-01
 2.72727273E-01
 4.28571429E-01
 6.16161616E-01
