 6.60896590E-05
 9.38792351E-05
 1.14940883E-04
 6.34778258E-05
 1.54147527E-04
 1.69817337E-04
 5.70308356E-05
 1.01278848E-04
 1.60315771E-04
 3.88080456E-05
 6.92531064E-05
 1.57741668E-04
 1.02617964E-04
 5.77817735E-05
 1.29010880E-04
 1.72444954E-04
 5.82054079E-05
 1.02751532E-04
 1.62199128E-04
 3.93669670E-05
 7.11502537E-05
 1.19316080E-04
 8.97380140E-05
 5.15385881E-05
 1.03859465E-04
 1.74634347E-04
 5.90451396E-05
 1.03977781E-04
 1.63909732E-04
 3.98172931E-05
 7.98886232E-05
 8.74122199E-05
 8.17861885E-05
 4.91854056E-05
 8.22424985E-05
 1.79175283E-04
 6.16623022E-05
 1.06513604E-04
 1.66535221E-04
 4.08366393E-05
 7.60662212E-05
 4.59055888E-05
 6.56239251E-05
 4.01083441E-05
 5.56346564E-05
 1.79409363E-04
 6.10180448E-05
 1.06648928E-04
 1.67483864E-04
 4.08120371E-05
 7.69657062E-05
 5.11761762E-05
 6.79574343E-05
 4.13209020E-05
 5.90417410E-05
 1.54653822E-04
 6.15896528E-05
 1.07679108E-04
 1.69056611E-04
 4.11743815E-05
 8.24396227E-05
 1.01886621E-04
 8.82653111E-05
 5.25386264E-05
 9.16346259E-05
 1.05604477E-04
 6.33492264E-05
 1.09584696E-04
 1.71240792E-04
 4.19167207E-05
 7.57393282E-05
 1.41698540E-04
 1.00067991E-04
 5.69789077E-05
 1.18393908E-04
 5.33609686E-05
 6.19679093E-05
 1.09180952E-04
 1.71814021E-04
 4.16585929E-05
 7.57448935E-05
 8.25271061E-05
 7.92426547E-05
 4.63282669E-05
 1.47573452E-04
 8.19761093E-05
 6.23129750E-05
 1.10047335E-04
 1.73272921E-04
 4.19495597E-05
 7.46089197E-05
 9.21000151E-05
 8.24121040E-05
 4.75497509E-05
 9.82066887E-05
 1.35371438E-04
 6.23675852E-05
 1.10701338E-04
 1.74584083E-04
 4.21488982E-05
