 5.15360501E-01
 2.81774060E-01
 1.26519180E-01
 7.33230881E-02
 2.29948272E-02
 2.29948272E-02
 7.33230881E-02
 1.26519180E-01
 2.81774060E-01
 5.15360501E-01
 2.80202017E-01
 7.72700633E-02
 1.19598551E-03
 2.35933561E-03
 2.03655438E-03
 2.03655438E-03
 2.35933561E-03
 1.19598551E-03
 7.72700633E-02
 2.80202017E-01
 1.27579489E-01
 7.99525447E-04
 7.08740560E-04
 4.30151275E-04
 1.02677038E-03
 1.02677038E-03
 4.30151275E-04
 7.08740560E-04
 7.99525447E-04
 1.27579489E-01
 7.64052782E-02
 5.32151186E-04
 5.89273071E-04
 3.69455960E-04
 7.70520860E-04
 7.70520860E-04
 3.69455960E-04
 5.89273071E-04
 5.32151186E-04
 7.64052782E-02
 2.52310673E-02
 2.64776924E-04
 4.69805582E-04
 3.08760645E-04
 5.14271341E-04
 5.14271341E-04
 3.08760645E-04
 4.69805582E-04
 2.64776924E-04
 2.52310673E-02
 2.52310673E-02
 2.64776924E-04
 4.69805582E-04
 3.08760645E-04
 5.14271341E-04
 5.14271341E-04
 3.08760645E-04
 4.69805582E-04
 2.64776924E-04
 2.52310673E-02
 7.64052782E-02
 5.32151186E-04
 5.89273071E-04
 3.69455960E-04
 7.70520860E-04
 7.70520860E-04
 3.69455960E-04
 5.89273071E-04
 5.32151186E-04
 7.64052782E-02
 1.27579489E-01
 7.99525447E-04
 7.08740560E-04
 4.30151275E-04
 1.02677038E-03
 1.02677038E-03
 4.30151275E-04
 7.08740560E-04
 7.99525447E-04
 1.27579489E-01
 2.80202017E-01
 7.72700633E-02
 1.19598551E-03
 2.35933561E-03
 2.03655438E-03
 2.03655438E-03
 2.35933561E-03
 1.19598551E-03
 7.72700633E-02
 2.80202017E-01
 5.15360501E-01
 2.81774060E-01
 1.26519180E-01
 7.33230881E-02
 2.29948272E-02
 2.29948272E-02
 7.33230881E-02
 1.26519180E-01
 2.81774060E-01
 5.15360501E-01
