 6.16161616E-01
 4.28571429E-01
 2.72727273E-01
 2.72727273E-01
 2.72727273E-01
 2.72727273E-01
 2.72727273E-01
 2.72727273E-01
 4.28571429E-01
 6.16161616E-01
 3.33333333E-01
 1.16883117E-01
 0.00000000E+00
 0.00000000E+00
 1.67921232E-15
 3.05311332E-16
 0.00000000E+00
 0.00000000E+00
 1.16883117E-01
 3.33333333E-01
 1.51515152E-01
 1.74463618E-16
 0.00000000E+00
 0.00000000E+00
 1.37390099E-15
 3.05311332E-16
 0.00000000E+00
 0.00000000E+00
 0.00000000E+00
 1.51515152E-01
 9.09090909E-02
 1.74463618E-16
 0.00000000E+00
 0.00000000E+00
 1.37390099E-15
 1.52655666E-16
 2.03540888E-16
 0.00000000E+00
 0.00000000E+00
 9.09090909E-02
 3.03030303E-02
 1.74463618E-16
 0.00000000E+00
 2.03540888E-16
 1.22124533E-15
 0.00000000E+00
 2.03540888E-16
 0.00000000E+00
 0.00000000E+00
 3.03030303E-02
 3.03030303E-02
 1.74463618E-16
 0.00000000E+00
 0.00000000E+00
 1.22124533E-15
 1.52655666E-16
 0.00000000E+00
 0.00000000E+00
 0.00000000E+00
 3.03030303E-02
 9.09090909E-02
 0.00000000E+00
 0.00000000E+00
 0.00000000E+00
 1.52655666E-15
 1.52655666E-16
 0.00000000E+00
 0.00000000E+00
 0.00000000E+00
 9.09090909E-02
 1.51515152E-01
 0.00000000E+00
 0.00000000E+00
 0.00000000E+00
 1.37390099E-15
 1.52655666E-16
 0.00000000E+00
 0.00000000E+00
 0.00000000E+00
 1.51515152E-01
 3.33333333E-01
 1.16883117E-01
 1.22124533E-16
 2.03540888E-16
 1.67921232E-15
 4.57966998E-16
 0.00000000E+00
 1.22124533E-16
 1.16883117E-01
 3.33333333E-01
 6.16161616E-01
 4.28571429E-01
 2.72727273E-01
 2.72727273E-01
 2.72727273E-01
 2.72727273E-01
 2.72727273E-01
 2.72727273E-01
 4.28571429E-01
 6.16161616E-01
