 0.00000000E+00
 0.00000000E+00
 2.25430534E-02
 1.69468702E-01
 8.22494013E-02
 1.56859058E-01
 6.79047591E-01
 1.36887218E-01
 3.56891413E-01
 4.93730609E-01
 0.00000000E+00
 9.73585983E-01
 8.62006833E-02
 1.94634668E-01
 2.61703712E-01
 1.89607498E-02
 5.09830941E-02
 1.25154107E-01
 0.00000000E+00
 9.16708576E-01
 1.45481270E-01
 2.22593334E-02
 4.06583472E-03
 3.00761264E-02
 8.94944672E-02
 1.07695048E-01
 0.00000000E+00
 1.11496075E+00
 3.09755363E-02
 7.24638611E-03
 1.91023934E-02
 5.52846932E-02
 6.16866150E-02
 0.00000000E+00
 0.00000000E+00
 1.58450099E-03
 1.71100076E-02
 2.27430297E-02
 5.26260277E-04
 0.00000000E+00
 1.74688540E-01
 2.86986386E-02
 4.65708914E-02
 9.77992591E-02
 0.00000000E+00
 6.75602908E-01
 5.78668104E-02
 4.55254853E-02
 2.99035395E-01
 2.62932004E-02
 8.27747746E-01
 8.71498512E-01
 0.00000000E+00
 0.00000000E+00
 2.48531258E-01
 1.47837578E-01
 4.29265309E-02
 1.34591924E-01
 6.16019356E-01
 5.44289179E-03
 1.86892156E-01
 3.22635230E-01
 0.00000000E+00
 8.20874253E-01
 8.05469922E-02
 1.74188887E-01
 1.89847165E-01
 7.62280967E-02
 1.84629504E-02
 2.37217876E-03
 0.00000000E+00
 5.83398065E-01
 2.73024837E-03
 6.55871742E-02
 2.03673730E-02
 5.35137221E-03
 2.95739147E-02
 1.87296782E-01
 0.00000000E+00
 5.27500066E-01
 6.64480135E-02
 2.86356321E-03
 3.24723203E-02
 3.12228730E-02
 1.35623159E-02
 0.00000000E+00
 0.00000000E+00
 1.56711285E-02
 2.89174772E-02
 6.44155163E-02
 3.37218886E-02
 0.00000000E+00
 5.87229345E-01
 8.76161116E-03
 2.82420772E-02
 6.78609532E-02
 0.00000000E+00
 1.21898782E+00
 2.94468945E-02
 1.85721168E-02
 2.78002820E-01
 5.11897547E-03
 5.19283786E-01
 0.00000000E+00
 0.00000000E+00
 0.00000000E+00
 3.81040625E-01
 1.35920100E-01
 4.97663722E-02
 1.75177149E-01
 4.77444444E-01
 4.16828675E-02
 9.77380901E-02
 2.17090754E-01
 0.00000000E+00
 7.64773224E-01
 3.69478326E-02
 9.98657367E-02
 1.84878191E-01
 1.12596861E-01
 1.69934013E-02
 7.54571044E-02
 0.00000000E+00
 3.91615407E-01
 1.03597119E-01
 8.56339724E-02
 2.41364583E-02
 3.00258792E-04
 1.58137921E-02
 2.46698480E-01
 0.00000000E+00
 2.78679198E-01
 9.00019755E-02
 1.56250286E-03
 3.45114752E-02
 1.87130697E-02
 2.11199630E-03
 0.00000000E+00
 0.00000000E+00
 1.94705265E-02
 2.87441825E-02
 7.74794058E-02
 4.84352725E-02
 0.00000000E+00
 6.99850704E-01
 2.55600782E-04
 1.55254005E-02
 5.49528998E-02
 0.00000000E+00
 1.49407392E+00
 1.74810744E-02
 3.48464345E-03
 1.85017472E-01
 8.88337462E-03
 2.67359763E-01
 0.00000000E+00
 0.00000000E+00
 0.00000000E+00
 4.94589651E-01
 1.36301856E-01
 5.04675455E-02
 1.95376033E-01
 4.33627149E-01
 5.84562117E-02
 4.82184037E-02
 1.66259931E-01
 0.00000000E+00
 7.96613310E-01
 4.31941967E-03
 7.76425181E-02
 1.85602268E-01
 1.30940318E-01
 1.11458313E-02
 9.77425265E-02
 0.00000000E+00
 3.80758455E-01
 2.00447680E-02
 1.81787107E-02
 1.16077841E-02
 3.98431567E-03
 1.16900236E-02
 2.82241802E-01
 0.00000000E+00
 3.04980325E-01
 8.07229623E-03
 4.87594466E-02
 2.27741916E-02
 9.67582503E-03
 4.69401256E-03
 0.00000000E+00
 0.00000000E+00
 3.70924487E-03
 1.31199523E-02
 7.35793228E-02
 5.25606575E-02
 0.00000000E+00
 4.07289217E-02
 4.61422877E-03
 7.38777871E-03
 5.21207777E-02
 0.00000000E+00
 1.02656192E+00
 1.29030552E-02
 1.35278206E-03
 7.48598424E-02
 1.55906348E-02
 4.02136615E-02
 0.00000000E+00
 0.00000000E+00
 0.00000000E+00
 6.34417361E-01
 1.36990260E-01
 5.12871320E-02
 2.15989963E-01
 4.11251275E-01
 7.54675831E-02
 1.75204071E-03
 1.14713820E-01
 0.00000000E+00
 8.24857534E-01
 5.05966882E-02
 5.50383840E-02
 1.88732924E-01
 1.49430418E-01
 5.23462242E-03
 1.20220621E-01
 0.00000000E+00
 3.73347362E-01
 7.16993059E-02
 5.09344594E-02
 1.16363768E-03
 7.72002413E-03
 7.50678553E-03
 3.18284708E-01
 0.00000000E+00
 3.27029721E-01
 1.11217082E-01
 9.70918387E-02
 1.08266292E-02
 5.25604062E-04
 7.29573610E-03
 0.00000000E+00
 0.00000000E+00
 2.78227529E-02
 2.83635310E-03
 6.96109721E-02
 5.67312820E-02
 0.00000000E+00
 1.06842068E+00
 9.09465851E-03
 8.90493754E-04
 4.92520597E-02
 0.00000000E+00
 5.13106151E-01
 8.20797322E-03
 8.27247070E-04
 3.95321456E-02
 2.24382141E-02
 3.09000468E-01
 0.00000000E+00
 0.00000000E+00
 0.00000000E+00
 7.79463829E-01
 1.57966714E-01
 5.67436393E-02
 2.22199637E-01
 3.56354591E-01
 7.21049242E-02
 6.91965030E-04
 1.13521059E-01
 0.00000000E+00
 0.00000000E+00
 7.39220468E-02
 5.93220887E-02
 1.76185803E-01
 1.48478491E-01
 5.42691676E-03
 1.21629716E-01
 0.00000000E+00
 3.46257378E-01
 1.03273245E-01
 6.93210206E-02
 4.60432232E-03
 7.71742165E-03
 7.62681828E-03
 3.20713144E-01
 0.00000000E+00
 2.92333928E-01
 1.38474198E-01
 1.06462999E-01
 9.02498912E-03
 5.69400934E-04
 7.50512279E-03
 0.00000000E+00
 0.00000000E+00
 3.10787112E-02
 3.84274376E-03
 6.98104264E-02
 5.70541043E-02
 0.00000000E+00
 0.00000000E+00
 9.18252060E-03
 1.00487760E-03
 4.93095493E-02
 0.00000000E+00
 4.67004215E-01
 8.10122148E-03
 9.32514275E-04
 4.30698942E-02
 2.28420756E-02
 2.43506736E-01
 0.00000000E+00
 0.00000000E+00
 0.00000000E+00
 9.33583872E-01
 2.00383181E-01
 6.68701538E-02
 2.13823306E-01
 2.67583650E-01
 4.79818297E-02
 5.22489081E-02
 1.63932399E-01
 0.00000000E+00
 0.00000000E+00
 7.06526913E-02
 9.18992385E-02
 1.47637433E-01
 1.27845646E-01
 1.19656625E-02
 1.01476700E-01
 0.00000000E+00
 3.04085662E-01
 6.60571027E-02
 3.51921020E-02
 1.50868825E-03
 3.90540866E-03
 1.21171818E-02
 2.88795750E-01
 0.00000000E+00
 2.17142714E-01
 8.37511240E-02
 7.55838864E-02
 1.75960994E-02
 9.97672066E-03
 5.27910589E-03
 0.00000000E+00
 1.31070543E+00
 1.22358444E-02
 1.05124985E-02
 7.42563347E-02
 5.34559346E-02
 0.00000000E+00
 0.00000000E+00
 4.67509760E-03
 7.26646255E-03
 5.23564759E-02
 0.00000000E+00
 9.67335405E-01
 1.27392820E-02
 1.10127163E-03
 0.00000000E+00
 7.20853988E-02
 1.66320102E-02
 9.96900006E-02
 0.00000000E+00
 0.00000000E+00
 0.00000000E+00
 1.14735755E+00
 2.43830917E-01
 7.55345472E-02
 2.04335248E-01
 1.89014596E-01
 2.33767976E-02
 1.06155270E-01
 2.15502615E-01
 0.00000000E+00
 0.00000000E+00
 7.06405093E-02
 1.26319013E-01
 1.20626893E-01
 1.06861518E-01
 1.90308745E-02
 8.01841534E-02
 0.00000000E+00
 2.69993921E-01
 2.60749010E-02
 3.08880328E-04
 7.69277156E-03
 4.95838242E-05
 1.66387034E-02
 2.56400946E-01
 0.00000000E+00
 1.57170094E-01
 2.60978160E-02
 4.40766628E-02
 2.62776843E-02
 1.94979601E-02
 3.01511502E-03
 0.00000000E+00
 4.99301388E-01
 7.33177648E-03
 2.51292317E-02
 7.87549293E-02
 4.98050076E-02
 0.00000000E+00
 0.00000000E+00
 2.74018871E-05
 1.56549813E-02
 5.54371466E-02
 0.00000000E+00
 1.52948475E+00
 1.74600521E-02
 3.13802218E-03
 0.00000000E+00
 1.93629871E-01
 1.03426337E-02
 4.05946710E-01
 0.00000000E+00
 0.00000000E+00
 0.00000000E+00
 0.00000000E+00
 2.38672812E-01
 4.53921126E-02
 1.53876823E-01
 1.86613552E-01
 1.92373266E-02
 1.99979689E-01
 3.20703868E-01
 0.00000000E+00
 0.00000000E+00
 2.84653544E-01
 2.11197781E-01
 9.47010803E-02
 6.91842802E-02
 2.22600480E-02
 8.55646030E-03
 0.00000000E+00
 4.76143868E-01
 9.11836157E-02
 2.39291198E-03
 8.89290823E-03
 5.81284688E-03
 3.11263723E-02
 1.97542171E-01
 0.00000000E+00
 3.87289066E-01
 3.27392337E-02
 3.09335434E-02
 2.86367764E-02
 3.24363536E-02
 1.18424786E-02
 0.00000000E+00
 5.06608131E-01
 4.35814500E-03
 2.90823134E-02
 6.70257627E-02
 3.54109425E-02
 0.00000000E+00
 0.00000000E+00
 1.14725012E-02
 2.88218377E-02
 6.87799876E-02
 0.00000000E+00
 1.49728768E+00
 3.08534380E-02
 1.73311563E-02
 0.00000000E+00
 4.01451456E-01
 4.32939276E-03
 5.93222974E-01
 0.00000000E+00
 0.00000000E+00
 0.00000000E+00
 0.00000000E+00
 1.60346652E-01
 1.87975450E-02
 1.35455878E-01
 1.22276032E-01
 1.36670500E-01
 3.54458338E-01
 4.79365001E-01
 0.00000000E+00
 0.00000000E+00
 1.92607459E-01
 2.06867028E-01
 1.58205249E-01
 1.52993711E-02
 3.40833416E-02
 1.23751066E-01
 0.00000000E+00
 7.57988411E-01
 2.10540956E-01
 3.95962342E-02
 8.10316634E-03
 3.22179829E-02
 9.49920381E-02
 1.15090352E-01
 0.00000000E+00
 7.50542435E-01
 5.17983582E-02
 2.95709383E-02
 1.52265214E-02
 5.79069923E-02
 6.14770170E-02
 0.00000000E+00
 8.60149142E-01
 2.01654263E-02
 1.51495134E-02
 2.29939206E-02
 3.01677791E-04
 0.00000000E+00
 0.00000000E+00
 3.84901583E-02
 4.91261099E-02
 1.00588815E-01
 0.00000000E+00
 8.71059837E-01
 6.49337933E-02
 4.50226477E-02
 0.00000000E+00
 4.25160253E-01
 2.83980104E-02
 8.14385992E-01
 0.00000000E+00
