 0.00000000E+00
 0.00000000E+00
 1.47307680E-01
 1.14521476E-01
 8.13736732E-02
 7.99128842E-02
 1.09430076E-01
 1.41884944E-01
 2.99058652E-01
 5.51487241E-01
 0.00000000E+00
 3.80404700E-01
 3.03356252E-02
 1.84632060E-02
 6.15543526E-03
 5.46083125E-03
 1.51436972E-02
 3.36829171E-02
 0.00000000E+00
 2.53215487E-01
 9.27227169E-04
 2.35259084E-04
 4.17866981E-04
 9.82864992E-03
 3.43943526E-02
 0.00000000E+00
 0.00000000E+00
 2.21881434E-01
 6.22437868E-05
 1.64562825E-03
 2.25180158E-03
 3.56189577E-02
 1.15880835E-01
 0.00000000E+00
 1.93280046E-01
 2.83509500E-05
 9.22315465E-04
 1.00321689E-03
 7.33814949E-02
 0.00000000E+00
 1.68310166E-01
 7.35051145E-03
 2.98601507E-02
 6.93329537E-02
 0.00000000E+00
 4.25962462E-02
 2.07198870E-02
 8.86185674E-02
 2.77280833E-02
 4.03508137E-02
 4.80349111E-01
 6.79316387E-01
 0.00000000E+00
 0.00000000E+00
 3.01911018E-02
 1.83301836E-02
 6.00234565E-03
 5.00796006E-03
 1.39192807E-02
 2.27118168E-02
 1.26576027E-01
 3.89666647E-01
 0.00000000E+00
 3.70158634E-01
 9.42273686E-04
 8.12874356E-04
 1.69327066E-04
 2.30162389E-03
 8.18863408E-03
 7.98098341E-03
 0.00000000E+00
 1.47420796E-01
 4.85164526E-04
 2.57601089E-04
 9.23913116E-04
 2.87045101E-03
 1.64409145E-02
 0.00000000E+00
 0.00000000E+00
 9.68937369E-02
 1.26393424E-05
 6.48038629E-04
 2.44678747E-03
 1.47541805E-02
 6.46058967E-02
 0.00000000E+00
 4.79784655E-02
 7.65612522E-04
 1.85805028E-03
 3.99566073E-03
 6.29957783E-02
 0.00000000E+00
 4.04743319E-02
 2.98924116E-03
 1.32694903E-02
 6.15604862E-02
 0.00000000E+00
 1.31596331E-01
 1.09918556E-02
 4.90819685E-02
 8.55842845E-02
 3.76601663E-02
 2.77714558E-01
 5.18022669E-01
 0.00000000E+00
 0.00000000E+00
 4.45300925E-04
 3.18942678E-04
 8.56957854E-06
 1.95602159E-04
 9.54264983E-04
 7.63393914E-03
 3.73343539E-02
 2.88494760E-01
 0.00000000E+00
 4.21455812E-01
 2.44751664E-04
 2.70558262E-04
 1.59765427E-04
 1.75133725E-03
 8.38640775E-03
 1.74376453E-02
 0.00000000E+00
 1.07937802E-01
 2.51704386E-04
 1.85400564E-04
 7.93754434E-04
 4.32654971E-04
 7.19010256E-03
 0.00000000E+00
 0.00000000E+00
 6.42349236E-02
 7.60747081E-06
 1.97565524E-05
 2.11293973E-03
 2.92992607E-04
 2.88082257E-02
 0.00000000E+00
 2.12660962E-02
 6.62738567E-04
 1.64040849E-03
 4.66018660E-03
 5.66768043E-02
 0.00000000E+00
 5.58496906E-02
 1.65769485E-04
 1.13565445E-03
 5.62129152E-02
 0.00000000E+00
 1.40582478E-01
 4.92092078E-03
 2.05099108E-02
 4.46067854E-02
 3.58022874E-02
 2.00056256E-01
 4.34861087E-01
 0.00000000E+00
 0.00000000E+00
 3.08152914E-04
 2.30249421E-04
 2.24888780E-05
 1.56754790E-04
 4.97454087E-04
 8.50089850E-03
 1.95497106E-02
 2.69296358E-01
 0.00000000E+00
 5.06708252E-01
 2.05848857E-04
 2.08301354E-04
 5.09071307E-05
 9.23286538E-04
 5.93753789E-03
 1.95136321E-02
 0.00000000E+00
 1.30508628E-01
 1.88605543E-04
 1.44648602E-04
 5.81593109E-04
 7.05209222E-04
 6.71269335E-03
 0.00000000E+00
 0.00000000E+00
 7.63674497E-02
 1.12916861E-05
 5.08840480E-05
 1.75768424E-03
 7.74245209E-06
 2.82307753E-02
 0.00000000E+00
 2.53324299E-02
 4.79720993E-04
 1.35943278E-03
 4.43425012E-03
 5.64779764E-02
 0.00000000E+00
 1.07941836E-01
 6.08708134E-05
 5.88700844E-04
 5.59406795E-02
 0.00000000E+00
 1.00007698E-01
 4.71010782E-03
 2.03884203E-02
 3.04952865E-02
 3.54348677E-02
 1.76249745E-01
 4.23161708E-01
 0.00000000E+00
 0.00000000E+00
 1.72204245E-04
 1.43626884E-04
 5.57744320E-05
 1.25189530E-04
 3.96111464E-05
 9.34798933E-03
 2.13150138E-03
 2.50509159E-01
 0.00000000E+00
 5.90470647E-01
 1.66336003E-04
 1.48656186E-04
 6.10152909E-05
 1.02212313E-04
 3.52607917E-03
 2.15545196E-02
 0.00000000E+00
 1.52706152E-01
 1.26575675E-04
 1.05146419E-04
 3.72929715E-04
 9.73830507E-04
 6.23485599E-03
 0.00000000E+00
 0.00000000E+00
 8.83057291E-02
 3.03265934E-05
 8.15153633E-05
 1.40834273E-03
 3.04696954E-04
 2.76771600E-02
 0.00000000E+00
 2.93342403E-02
 3.01879165E-04
 1.08526030E-03
 4.21338711E-03
 5.62839906E-02
 0.00000000E+00
 1.59213178E-01
 2.84554254E-04
 5.10401591E-05
 5.56725815E-02
 0.00000000E+00
 6.00695899E-02
 4.50127709E-03
 2.02701229E-02
 1.66113059E-02
 3.50705440E-02
 1.52818448E-01
 4.11649420E-01
 0.00000000E+00
 0.00000000E+00
 1.73948420E-04
 1.48099137E-04
 5.92813123E-05
 1.39293906E-04
 3.51726505E-05
 9.26504057E-03
 2.92228439E-03
 2.51541593E-01
 0.00000000E+00
 0.00000000E+00
 1.64746770E-04
 1.48309798E-04
 5.84737649E-05
 7.38351500E-05
 3.46468964E-03
 2.13647504E-02
 0.00000000E+00
 1.51757410E-01
 1.17332836E-04
 9.17202290E-05
 3.88551012E-04
 9.07112480E-04
 6.40246339E-03
 0.00000000E+00
 0.00000000E+00
 8.77845693E-02
 3.44237532E-05
 8.67285375E-05
 1.41748306E-03
 1.70566650E-04
 2.74602700E-02
 0.00000000E+00
 2.91631781E-02
 3.04614733E-04
 1.08824823E-03
 4.20222611E-03
 5.62392059E-02
 0.00000000E+00
 1.57136569E-01
 2.73947834E-04
 8.24786162E-05
 5.56278898E-02
 0.00000000E+00
 6.16870689E-02
 4.51505391E-03
 2.02613896E-02
 1.71693880E-02
 3.50605859E-02
 1.72440556E-01
 4.21440351E-01
 0.00000000E+00
 0.00000000E+00
 3.10067706E-04
 2.41172559E-04
 3.34746200E-05
 1.97312807E-04
 4.71286229E-04
 8.27919582E-03
 2.13820923E-02
 2.71784380E-01
 0.00000000E+00
 0.00000000E+00
 2.00160238E-04
 2.05401643E-04
 5.60619710E-05
 8.17007522E-04
 5.68747169E-03
 1.90099221E-02
 0.00000000E+00
 1.28233275E-01
 1.59539053E-04
 1.03715944E-04
 6.22565049E-04
 5.13597596E-04
 7.19814339E-03
 0.00000000E+00
 0.00000000E+00
 7.51018740E-02
 2.41056444E-05
 6.73667207E-05
 1.77620793E-03
 3.84348326E-04
 2.75720397E-02
 0.00000000E+00
 2.49169969E-02
 4.83720813E-04
 1.36197244E-03
 4.39591282E-03
 5.63400533E-02
 0.00000000E+00
 1.02953350E-01
 3.45297366E-05
 6.69715371E-04
 5.58014320E-02
 0.00000000E+00
 1.03896685E-01
 4.74627880E-03
 2.03596269E-02
 0.00000000E+00
 3.18362853E-02
 3.53968852E-02
 2.34121975E-01
 4.52046123E-01
 0.00000000E+00
 0.00000000E+00
 4.43774398E-04
 3.30804500E-04
 5.14695837E-06
 2.54184255E-04
 8.93573207E-04
 7.31170896E-03
 3.94870447E-02
 2.91625194E-01
 0.00000000E+00
 0.00000000E+00
 2.32915228E-04
 2.59278305E-04
 1.70446457E-04
 1.54566825E-03
 7.86475535E-03
 1.67100265E-02
 0.00000000E+00
 1.05097098E-01
 2.01031069E-04
 1.15645973E-04
 8.52526456E-04
 1.27434736E-04
 7.97063868E-03
 0.00000000E+00
 0.00000000E+00
 6.26224950E-02
 1.44299196E-05
 4.86357817E-05
 2.12970659E-03
 9.30234713E-04
 2.76954229E-02
 0.00000000E+00
 2.07371374E-02
 6.62084373E-04
 1.63357689E-03
 4.58802765E-03
 5.64407329E-02
 0.00000000E+00
 4.96044631E-02
 2.00537403E-04
 1.24854769E-03
 5.59721333E-02
 0.00000000E+00
 1.45458347E-01
 4.97260606E-03
 2.04575353E-02
 0.00000000E+00
 4.62860274E-02
 3.57254974E-02
 2.94861902E-01
 4.82192025E-01
 0.00000000E+00
 0.00000000E+00
 3.15113925E-02
 1.91449433E-02
 6.26367460E-03
 5.47748607E-03
 1.51465279E-02
 2.42531639E-02
 1.31774734E-01
 3.96548811E-01
 0.00000000E+00
 0.00000000E+00
 8.72538227E-04
 7.74663536E-04
 2.37437590E-04
 2.01608562E-03
 7.41100736E-03
 7.76231340E-03
 0.00000000E+00
 1.47143312E-01
 3.86607403E-04
 1.58503791E-04
 1.03425098E-03
 3.15957543E-03
 1.72336264E-02
 0.00000000E+00
 0.00000000E+00
 9.70818723E-02
 6.19219883E-05
 7.04378637E-04
 2.48367255E-03
 1.53135256E-02
 6.24311724E-02
 0.00000000E+00
 4.85677953E-02
 7.56663626E-04
 1.84395140E-03
 3.90408376E-03
 6.25381697E-02
 0.00000000E+00
 3.58164859E-02
 3.07275881E-03
 1.36422248E-02
 6.13197328E-02
 0.00000000E+00
 1.34562575E-01
 1.11862059E-02
 4.96428823E-02
 0.00000000E+00
 8.80049189E-02
 3.75774805E-02
 3.55030995E-01
 5.57967876E-01
 0.00000000E+00
 0.00000000E+00
 1.50893319E-01
 1.17237828E-01
 8.32940357E-02
 8.18735436E-02
 1.11964604E-01
 1.44133085E-01
 3.04646983E-01
 5.58627533E-01
 0.00000000E+00
 0.00000000E+00
 3.09257170E-02
 1.86964325E-02
 6.19364062E-03
 5.53756759E-03
 1.52124528E-02
 3.25358811E-02
 0.00000000E+00
 2.54660478E-01
 7.44672034E-04
 5.71187174E-05
 5.75166866E-04
 9.53947444E-03
 3.36726315E-02
 0.00000000E+00
 0.00000000E+00
 2.23892451E-01
 2.17623312E-04
 1.84189442E-03
 2.28572271E-03
 3.52335687E-02
 1.10621418E-01
 0.00000000E+00
 1.95835835E-01
 3.39623259E-05
 1.01761982E-03
 9.59442350E-04
 7.22800850E-02
 0.00000000E+00
 1.68012156E-01
 7.42611006E-03
 3.01467362E-02
 6.90131509E-02
 0.00000000E+00
 4.39538313E-02
 2.09445937E-02
 8.90052566E-02
 0.00000000E+00
 2.84545633E-02
 4.02277080E-02
 5.21954521E-01
 7.01632745E-01
