 4.32704198E-01
 2.47576305E-01
 1.58468584E-01
 1.34034039E-01
 9.93506124E-02
 7.77817129E-02
 1.01577837E-01
 1.95605431E-01
 4.43545181E-01
 0.00000000E+00
 2.47134648E-01
 8.69360382E-02
 3.56548316E-02
 4.15291194E-02
 2.82811872E-02
 4.98071822E-03
 3.13428615E-02
 2.45830297E-01
 1.54849603E-01
 3.04248625E-02
 1.50122448E-02
 4.14320595E-02
 3.35213864E-02
 4.43773689E-02
 1.69145119E-01
 7.31452739E+00
 1.29605764E-01
 3.54784095E-02
 4.00179443E-02
 7.63184578E-02
 4.88133796E-02
 4.80267878E-02
 4.02164448E-01
 9.77787205E-02
 1.92946176E-02
 2.42001279E-02
 3.63354181E-02
 1.71090855E-02
 2.32032574E-01
 9.82797359E-02
 7.92241719E-03
 9.41058255E-03
 5.41150726E-02
 1.92726627E-01
 1.39421530E-01
 7.59647868E-03
 1.65086124E-02
 2.22571614E-01
 3.68003393E-03
 9.39994147E-02
 3.59484395E-01
 6.58691356E-01
 2.54241828E-01
 9.35282557E-02
 3.25037579E-02
 1.97404284E-02
 1.34129241E-02
 1.53946740E-02
 5.00340814E-02
 6.97300280E-02
 2.41251987E-01
 0.00000000E+00
 9.13764780E-02
 1.45340347E-02
 1.37243836E-03
 1.44078351E-03
 1.34091313E-02
 4.92431571E-02
 1.55404241E-01
 1.15930072E-01
 2.77822951E-02
 1.30430562E-03
 3.79188597E-03
 7.69385289E-03
 2.30911597E-02
 7.22564474E-03
 5.11831032E-03
 1.09818429E+01
 1.49685738E-02
 2.11289126E-04
 7.42355983E-03
 2.27701115E-02
 3.74492158E-02
 3.80598921E-02
 2.18283495E-01
 8.40058524E-03
 7.79428168E-03
 1.50603186E-02
 2.55455924E-02
 8.87300341E-03
 2.22562139E-01
 2.19612996E-02
 9.84460873E-04
 5.27395103E-03
 1.17946624E-02
 1.93458530E-01
 5.91024670E-02
 1.62330930E-03
 1.41094574E-02
 1.30438892E-01
 1.20969255E-02
 9.69855973E-02
 1.95917933E-01
 5.16187885E-01
 1.59934898E-01
 2.94675849E-02
 2.80232269E-04
 4.40824296E-04
 2.79217165E-03
 1.78913119E-04
 1.83586254E-02
 1.27707999E-01
 1.69574869E-01
 0.00000000E+00
 3.06156296E-02
 3.35276042E-03
 5.42952334E-04
 9.86575019E-04
 5.26354617E-03
 4.15389829E-02
 1.64455135E-01
 3.07290995E-01
 3.73374842E-04
 7.77358047E-04
 1.64207795E-03
 2.95429431E-03
 1.19976918E-02
 1.03604552E-02
 4.99887290E-02
 1.36214550E+01
 8.09034457E-04
 1.19060486E-04
 3.01621054E-03
 3.73080658E-03
 2.32759324E-02
 7.94159879E-02
 1.07203649E-01
 3.76474482E-04
 2.03115308E-03
 6.21468678E-03
 1.27153215E-02
 6.86824098E-03
 2.12201181E-01
 1.70025400E-02
 2.31853591E-03
 9.06245502E-03
 2.25984121E-02
 1.85418653E-01
 4.31914749E-02
 2.06911476E-03
 1.37980256E-03
 5.48052060E-02
 3.05298531E-03
 9.69372774E-02
 1.02700252E-01
 4.21300011E-01
 1.25034079E-01
 1.72154378E-02
 2.07084271E-04
 4.04795656E-04
 2.49420649E-03
 1.40645044E-04
 1.09098090E-02
 1.43240707E-01
 6.73508787E-02
 0.00000000E+00
 1.82142032E-02
 2.92697171E-03
 4.02643629E-04
 8.43097457E-04
 4.72439724E-03
 2.46911773E-02
 1.17555596E-01
 3.44643628E-01
 3.42084963E-04
 8.88996375E-04
 1.24061081E-03
 2.44164465E-03
 1.03033931E-02
 2.39548318E-03
 3.22437730E-02
 1.49141931E+01
 4.33114531E-04
 2.76057819E-05
 2.54492567E-03
 3.57213877E-03
 1.86977312E-02
 5.18769952E-02
 1.11558842E-01
 5.61577758E-04
 2.22722620E-03
 5.75537388E-03
 9.83153617E-03
 6.01455595E-03
 2.18366304E-01
 1.18810691E-02
 2.01325651E-03
 6.67260173E-03
 1.75917162E-02
 1.87378266E-01
 2.89789538E-02
 1.28496690E-03
 1.35967614E-03
 5.60064048E-02
 2.60356667E-03
 9.79419791E-02
 8.88264015E-02
 4.14599366E-01
 9.01359010E-02
 4.96706992E-03
 1.32972906E-04
 3.68587226E-04
 2.20299619E-03
 1.07302721E-04
 3.44911503E-03
 1.58789972E-01
 3.49334947E-02
 0.00000000E+00
 5.81349398E-03
 2.50181864E-03
 2.62603122E-04
 7.00835365E-04
 4.19913853E-03
 7.82953106E-03
 7.06604046E-02
 3.81963583E-01
 3.12490182E-04
 1.00414925E-03
 8.37007872E-04
 1.93091616E-03
 8.62541059E-03
 1.51409830E-02
 1.45657898E-02
 1.61783222E+01
 6.00931615E-05
 6.94312327E-05
 2.07267412E-03
 3.43274047E-03
 1.41503256E-02
 2.44526932E-02
 1.15950052E-01
 7.51988434E-04
 2.43543675E-03
 5.31611839E-03
 6.97713070E-03
 5.18093183E-03
 2.24575029E-01
 6.76140741E-03
 1.70725642E-03
 4.27921105E-03
 1.25757902E-02
 1.89357964E-01
 1.47731841E-02
 5.00331291E-04
 4.10593437E-03
 5.72241478E-02
 2.15347788E-03
 9.89507590E-02
 7.49217414E-02
 4.07888337E-01
 9.02151147E-02
 5.57823579E-03
 1.38907185E-04
 3.75193469E-04
 2.22701621E-03
 1.38618640E-04
 3.59082217E-03
 1.59137981E-01
 3.50100771E-02
 0.00000000E+00
 5.81300824E-03
 1.97015514E-03
 2.69094222E-04
 7.17458803E-04
 4.23807747E-03
 7.99990863E-03
 7.14509499E-02
 3.82422929E-01
 3.13056740E-04
 1.01566175E-03
 8.43380901E-04
 1.94294160E-03
 8.61336987E-03
 1.53947981E-02
 1.35181174E-02
 1.60105242E+01
 6.24678698E-05
 6.85721064E-05
 2.06323466E-03
 3.42858618E-03
 1.39718226E-02
 2.31001022E-02
 1.15763638E-01
 7.77654973E-04
 2.50061798E-03
 5.37777469E-03
 6.97229522E-03
 5.33165443E-03
 2.24329220E-01
 3.96230321E-03
 1.83206912E-03
 4.26322728E-03
 1.25786463E-02
 1.89255936E-01
 6.98938412E-03
 7.92901041E-04
 4.11483419E-03
 5.72418162E-02
 2.06747842E-03
 9.89866502E-02
 6.54046937E-02
 4.03990723E-01
 1.25267003E-01
 1.90467802E-02
 2.24430140E-04
 4.21743427E-04
 2.56516584E-03
 2.34404026E-04
 1.13449075E-02
 1.44267058E-01
 6.72067782E-02
 0.00000000E+00
 1.82108740E-02
 1.78751748E-03
 4.21075230E-04
 8.87710184E-04
 4.83893769E-03
 2.52116186E-02
 1.19911878E-01
 3.46079504E-01
 3.43692887E-04
 9.23213371E-04
 1.25904284E-03
 2.47139455E-03
 1.02648418E-02
 3.17253344E-03
 2.90184325E-02
 1.44562159E+01
 4.40249060E-04
 3.01604919E-05
 2.51514060E-03
 3.55047160E-03
 1.81563737E-02
 4.77236136E-02
 1.10987543E-01
 6.38498888E-04
 2.42201691E-03
 5.93879341E-03
 9.81099613E-03
 6.46408279E-03
 2.17612051E-01
 3.48336493E-03
 2.38918664E-03
 6.63232039E-03
 1.76181064E-02
 1.87064413E-01
 5.62611339E-03
 2.16632103E-03
 1.37740576E-03
 5.60515394E-02
 2.56042018E-03
 2.34654410E-03
 9.80464329E-02
 6.02897566E-02
 4.02913444E-01
 1.60315513E-01
 3.25167407E-02
 3.09892167E-04
 4.68540607E-04
 2.90858060E-03
 3.34792760E-04
 1.90971777E-02
 1.29383391E-01
 1.69482064E-01
 0.00000000E+00
 3.06065879E-02
 1.60047657E-03
 5.72497875E-04
 1.05830171E-03
 5.44941706E-03
 4.24244555E-02
 1.68356191E-01
 3.09778474E-01
 3.75858687E-04
 8.33616584E-04
 1.67442956E-03
 3.00493150E-03
 1.19325690E-02
 9.03928989E-03
 4.44771104E-02
 1.29337797E+01
 8.20668351E-04
 1.23990032E-04
 2.96772000E-03
 3.69229040E-03
 2.23671697E-02
 7.23305135E-02
 1.06230566E-01
 5.03530207E-04
 2.35273083E-03
 6.51837699E-03
 1.26820829E-02
 7.61482444E-03
 2.10912681E-01
 3.00547880E-03
 2.94747061E-03
 9.00524607E-03
 2.26599369E-02
 1.84884820E-01
 4.26732709E-03
 3.54396706E-03
 1.36336843E-03
 5.48738263E-02
 5.24510705E-03
 2.62649396E-03
 9.71070794E-02
 5.51629276E-02
 4.01834889E-01
 2.54940261E-01
 9.75905605E-02
 3.24524531E-02
 1.97770038E-02
 1.33409421E-02
 1.58743256E-02
 5.21270531E-02
 7.17582402E-02
 2.41005580E-01
 0.00000000E+00
 9.15828428E-02
 1.67781586E-02
 1.48196583E-03
 1.62953341E-03
 1.32649220E-02
 5.05690327E-02
 1.59629740E-01
 1.16707324E-01
 2.77631909E-02
 1.87736603E-03
 3.77411475E-03
 7.47578053E-03
 2.23369229E-02
 6.12810628E-03
 1.62697406E-03
 1.01891708E+01
 1.48898472E-02
 6.53460851E-04
 7.11053194E-03
 2.14556204E-02
 3.53278376E-02
 3.06277743E-02
 2.14580611E-01
 8.24842026E-03
 7.31246778E-03
 1.46435314E-02
 2.44442462E-02
 9.12346542E-03
 2.20006253E-01
 1.14173330E-02
 5.57464030E-04
 5.26662834E-03
 1.13818712E-02
 1.92524615E-01
 2.97542373E-02
 1.74033293E-04
 1.39461638E-02
 1.29986760E-01
 3.08296282E-02
 1.14219825E-02
 9.71180723E-02
 1.57268277E-01
 5.00421449E-01
 4.33630461E-01
 2.51815581E-01
 1.58302616E-01
 1.33621737E-01
 9.88132413E-02
 7.68502453E-02
 9.92754705E-02
 1.94209554E-01
 4.43463377E-01
 0.00000000E+00
 2.47666310E-01
 8.90256075E-02
 3.56885648E-02
 4.10289588E-02
 2.75691986E-02
 4.01291194E-03
 2.90284134E-02
 2.47219832E-01
 1.54814501E-01
 2.82142520E-02
 1.44257595E-02
 3.97556213E-02
 3.18582613E-02
 4.57044810E-02
 1.76860574E-01
 6.60170152E+00
 1.28874726E-01
 3.21975500E-02
 3.78189127E-02
 7.19479789E-02
 4.52296153E-02
 5.48574505E-02
 3.96325352E-01
 9.72426783E-02
 1.62561375E-02
 2.28286382E-02
 3.41411860E-02
 1.63276817E-02
 2.28695713E-01
 9.37522511E-02
 9.62060283E-03
 9.61864969E-03
 5.32808662E-02
 1.91651958E-01
 1.26803245E-01
 8.33403860E-03
 1.58459107E-02
 2.21556064E-01
 1.45455219E-01
 4.37856344E-03
 9.40071160E-02
 3.38764055E-01
 6.50457032E-01
