 5.22342965E-01
 5.37840418E-01
 2.19680427E-01
 9.41012737E-02
 4.53620365E-02
 2.29845560E-02
 7.59882635E-02
 1.76585605E-01
 1.00891269E+00
 0.00000000E+00
 3.14988217E-01
 3.35688206E-01
 1.01754730E-02
 8.59892387E-02
 9.36171681E-02
 7.25477732E-02
 1.70680505E-01
 4.44889947E-01
 1.90765283E-01
 1.30366127E-01
 7.17038429E-02
 1.21358770E-01
 1.06897307E-01
 8.93353037E-02
 3.69191634E-01
 9.97519593E-01
 1.45113205E-01
 4.49401136E-03
 6.68678570E-02
 9.59100012E-02
 8.98232634E-02
 2.33627247E-01
 9.27929327E+00
 9.81374582E-02
 1.49509407E-01
 5.34587914E-02
 5.51375315E-02
 6.27950379E-02
 7.88943152E-01
 1.43718901E-01
 2.74530424E-01
 4.70138086E-02
 6.35229908E-02
 2.15745532E-01
 3.11765373E-01
 2.45867329E-01
 6.38807535E-02
 1.49633288E-01
 1.92198099E-01
 7.45010599E-02
 3.43655387E-01
 4.15984309E-01
 3.11043651E-01
 3.33201563E-01
 6.00305885E-03
 8.46614105E-02
 8.51065301E-02
 5.15822742E-02
 9.24175938E-02
 1.18991995E-01
 6.22441093E-01
 0.00000000E+00
 1.15638855E-01
 1.95519848E-01
 6.08756455E-02
 7.55540945E-02
 6.16858911E-02
 2.79793192E-02
 1.31632210E-02
 3.18604627E-05
 3.41944374E-02
 6.28567656E-02
 3.73406861E-02
 1.98800339E-02
 1.78670614E-02
 3.34312460E-02
 1.10023053E-01
 9.98699423E-01
 2.10955204E-02
 1.49486088E-02
 2.88546853E-02
 1.17225775E-02
 6.11908240E-03
 1.10622045E-01
 3.56777820E+00
 7.24776014E-03
 2.58465610E-02
 2.07172371E-02
 4.14457987E-03
 1.45250413E-02
 6.37463800E-01
 5.18600139E-02
 8.20695859E-02
 1.62704334E-02
 2.37707296E-02
 1.32677595E-01
 2.14420122E-01
 2.84607864E-03
 2.06780608E-02
 6.27171552E-02
 6.41467576E-02
 3.26463539E-02
 2.15337744E-01
 2.89623198E-01
 1.86096483E-01
 1.98029969E-01
 7.91072177E-02
 1.04589287E-01
 8.33861528E-02
 3.35986841E-02
 3.52831037E-02
 1.35833788E-02
 2.15645140E-01
 0.00000000E+00
 3.45832667E-02
 1.30412300E-01
 4.03432867E-02
 1.72693047E-02
 1.57360868E-02
 1.27828870E-02
 1.59990072E-02
 1.13929902E-01
 3.01911061E-04
 3.54160573E-02
 2.09023522E-02
 8.46185063E-03
 3.79191079E-03
 1.07515797E-02
 5.05496465E-02
 9.99333841E-01
 1.35734954E-04
 3.58056382E-03
 1.47957387E-02
 6.62653175E-03
 2.50244164E-03
 3.88377768E-02
 1.19107396E+00
 2.16432731E-04
 1.79092533E-02
 8.34950392E-03
 1.09936461E-03
 2.57206597E-02
 5.55051966E-01
 2.15817623E-02
 8.68392512E-02
 4.36660068E-03
 7.27478145E-03
 1.08049273E-01
 1.53616225E-01
 5.52591221E-03
 5.55210451E-03
 2.29169516E-02
 2.10374612E-02
 1.36816994E-02
 1.08212412E-01
 1.81777333E-01
 1.41717991E-01
 1.36351417E-01
 7.22724579E-02
 7.41311715E-02
 6.07300954E-02
 2.81413999E-02
 2.38732949E-02
 4.67868266E-03
 1.23020099E-01
 0.00000000E+00
 2.08185977E-02
 1.17799334E-01
 3.46072087E-02
 1.39774798E-02
 1.16224698E-02
 1.04930758E-02
 9.72819305E-03
 1.34768739E-01
 2.72516363E-04
 3.47539242E-02
 1.61065567E-02
 6.53173694E-03
 2.89023616E-03
 6.93446989E-03
 4.34325567E-02
 9.99580283E-01
 1.14216332E-04
 8.08058152E-03
 1.11853275E-02
 5.22269121E-03
 2.26179451E-03
 2.63992237E-02
 1.00743915E+00
 1.53398187E-04
 1.40485816E-02
 6.26198737E-03
 1.13879114E-03
 2.51408353E-02
 5.35784993E-01
 1.14720452E-02
 1.07711253E-01
 2.58538139E-03
 4.08106932E-03
 1.03576115E-01
 8.59006305E-02
 1.81965530E-02
 3.35178067E-03
 2.05091111E-02
 2.22249377E-02
 8.95597281E-03
 1.03439594E-02
 8.48395822E-02
 9.72848398E-02
 7.44684889E-02
 6.57371787E-02
 4.50101988E-02
 3.89766450E-02
 2.28618693E-02
 1.28678117E-02
 3.84125082E-03
 3.40961224E-02
 0.00000000E+00
 7.01991341E-03
 1.07580403E-01
 2.93455386E-02
 1.11147320E-02
 7.81867417E-03
 8.24829053E-03
 3.71410099E-03
 1.54889753E-01
 2.55386830E-04
 3.53885186E-02
 1.16531105E-02
 4.68722976E-03
 2.03154456E-03
 3.33207371E-03
 3.66814307E-02
 9.99825639E-01
 1.03650053E-04
 1.31532387E-02
 7.83439839E-03
 3.85560088E-03
 2.05560812E-03
 1.46540840E-02
 8.68517363E-01
 9.75378292E-05
 1.00259904E-02
 4.33892846E-03
 1.18303588E-03
 2.45993864E-02
 5.17894495E-01
 4.45611070E-02
 1.27502704E-01
 9.17716573E-04
 9.84607464E-04
 9.92910367E-02
 1.80685359E-02
 3.09572757E-02
 1.20378637E-03
 1.79523466E-02
 2.18804500E-02
 4.31162702E-03
 8.15549032E-02
 8.44441062E-03
 9.58251023E-02
 5.99422991E-02
 6.84658501E-02
 5.13774060E-02
 4.32558422E-02
 2.35065654E-02
 1.40512694E-02
 2.82337805E-03
 3.80800097E-02
 0.00000000E+00
 7.06246830E-03
 9.50046097E-02
 3.12022673E-02
 1.18590705E-02
 8.33971539E-03
 8.65737343E-03
 3.47489884E-03
 1.51156503E-01
 2.62666399E-04
 3.91116712E-02
 1.29267412E-02
 4.99313292E-03
 2.17889026E-03
 3.71785503E-03
 3.68846427E-02
 9.99757006E-01
 1.07146204E-04
 1.39161799E-02
 8.75595435E-03
 4.04607203E-03
 1.93060455E-03
 1.54436675E-02
 7.84352809E-01
 1.02475701E-04
 1.11854424E-02
 4.86263595E-03
 1.15603439E-03
 2.42564414E-02
 5.11577435E-01
 5.78518980E-02
 1.43324040E-01
 1.07276576E-03
 1.04301258E-03
 9.93718718E-02
 1.82038699E-02
 8.95180303E-02
 9.34321340E-04
 1.71815725E-02
 5.21704057E-03
 3.43585541E-03
 8.90329836E-02
 2.26030203E-02
 1.37337227E-01
 9.27683918E-02
 7.98515679E-02
 9.13649906E-02
 7.23234145E-02
 2.98048794E-02
 2.68757958E-02
 7.28964445E-03
 1.29971051E-01
 0.00000000E+00
 2.09441002E-02
 9.76526144E-02
 3.97136917E-02
 1.60494626E-02
 1.29930588E-02
 1.15941938E-02
 8.71023492E-03
 1.24976056E-01
 2.92316311E-04
 4.56888622E-02
 1.95560745E-02
 7.38628975E-03
 3.32076916E-03
 7.86196064E-03
 4.35558320E-02
 9.99374379E-01
 1.22822501E-04
 1.08579947E-02
 1.36760267E-02
 5.79330817E-03
 1.80673199E-03
 2.78540198E-02
 7.39204492E-01
 1.66418894E-04
 1.70156176E-02
 7.68721376E-03
 9.19125235E-04
 2.39686556E-02
 5.15740492E-01
 5.13466079E-02
 1.55444566E-01
 2.95445270E-03
 4.25714891E-03
 1.03733256E-01
 2.29196666E-02
 1.90523568E-01
 2.45514073E-03
 1.83281738E-02
 7.56861566E-02
 5.74282578E-02
 6.15039965E-03
 1.89844716E-02
 3.79284526E-02
 1.78788721E-01
 1.25366563E-01
 9.07427796E-02
 1.30206571E-01
 1.00662618E-01
 3.59759418E-02
 3.94307351E-02
 1.72366754E-02
 2.18932118E-01
 0.00000000E+00
 3.47871467E-02
 1.00010128E-01
 4.80829705E-02
 2.04232118E-02
 1.77145864E-02
 1.44994434E-02
 1.36798916E-02
 9.97455235E-02
 3.34888881E-04
 5.31902779E-02
 2.60211881E-02
 9.68068798E-03
 4.41538488E-03
 1.19120479E-02
 4.99431756E-02
 9.98990659E-01
 1.50231044E-04
 8.97249813E-03
 1.84723603E-02
 7.41876783E-03
 1.73868848E-03
 3.97334980E-02
 7.02920762E-01
 2.37936933E-04
 2.20391242E-02
 1.04564772E-02
 7.47243065E-04
 2.37515201E-02
 5.19730558E-01
 4.48805865E-02
 1.66925534E-01
 4.78886581E-03
 7.23094629E-03
 1.07789326E-01
 2.77644676E-02
 2.87337290E-01
 3.87144154E-03
 1.90806485E-02
 1.02540436E-01
 1.09050661E-01
 8.66239868E-03
 4.77483244E-02
 9.61405797E-02
 2.99452371E-01
 2.55009487E-01
 1.13398668E-02
 1.12678938E-01
 1.05644057E-01
 5.56085986E-02
 1.01692632E-01
 1.29943910E-01
 6.31947177E-01
 0.00000000E+00
 1.11698923E-01
 1.81918501E-01
 7.37491823E-02
 9.30637934E-02
 7.39327390E-02
 3.12379790E-02
 1.87843217E-02
 8.94467413E-03
 3.42455896E-02
 1.37112190E-01
 4.63906120E-02
 2.37926954E-02
 2.04865298E-02
 3.56968745E-02
 1.06499895E-01
 9.98178825E-01
 2.12262633E-02
 6.94955010E-02
 3.58237988E-02
 1.39532471E-02
 8.05107767E-03
 1.09475713E-01
 1.75403401E+00
 7.30989148E-03
 4.23289932E-03
 2.54260918E-02
 5.45433461E-03
 1.16364653E-02
 5.80506628E-01
 5.54943358E-03
 1.37604611E-01
 1.87184628E-02
 2.26027252E-02
 1.29806628E-01
 5.65635532E-02
 2.60941748E-01
 2.01032412E-02
 5.18457244E-02
 2.08050595E-01
 1.45267892E-01
 2.84271040E-02
 1.92971486E-01
 2.28982171E-01
 5.08990444E-01
 4.75408221E-01
 2.23879874E-01
 7.39409910E-02
 2.96751200E-02
 2.08749942E-02
 8.44582816E-02
 1.85092952E-01
 9.91142342E-01
 0.00000000E+00
 3.04485571E-01
 3.46981391E-01
 2.56238612E-04
 1.14060940E-01
 1.14705640E-01
 7.65431035E-02
 1.77579099E-01
 4.27059001E-01
 1.84736927E-01
 2.70156466E-01
 8.55551577E-02
 1.44403505E-01
 1.23751828E-01
 9.03265985E-02
 3.45268441E-01
 9.96741532E-01
 1.41626423E-01
 1.46381184E-01
 7.80806142E-02
 1.12354293E-01
 1.02299759E-01
 2.20190129E-01
 3.51964158E+00
 9.69922190E-02
 7.82332582E-03
 6.16161593E-02
 6.34155462E-02
 6.92584460E-02
 6.89241327E-01
 1.11645402E-01
 1.83353910E-01
 5.35530843E-02
 6.30919742E-02
 2.08996375E-01
 2.22690725E-01
 2.98543335E-01
 6.90199279E-02
 1.34628373E-01
 3.77785539E-01
 2.89196886E-01
 7.41395612E-02
 3.93044381E-01
 4.16442456E-01
