 3.15221243E-01
 1.41820709E+00
 1.45975796E-01
 3.14544424E-01
 4.17222430E-02
 5.89025320E-02
 5.16128993E-02
 1.11079047E-01
 3.51976085E-01
 6.31431786E-01
 4.46065548E-02
 1.95622473E+00
 1.33845837E-01
 3.92062946E-01
 2.75433015E-01
 8.36317527E-03
 2.65330272E-02
 9.44838730E-03
 7.28051570E-02
 3.39279969E-01
 2.45454474E-01
 1.44270549E+00
 1.57767879E-01
 2.99788952E-02
 2.97016412E-02
 1.54744986E-01
 9.92627864E-02
 9.98434071E-02
 4.34456422E-01
 5.57217030E-01
 2.58790546E-01
 1.84287941E-01
 8.13229483E+00
 1.34206172E-01
 6.96271773E-01
 1.41584029E-01
 5.01073183E+00
 5.14003446E-01
 1.57193249E+00
 2.46767191E-01
 1.85330017E-01
 1.08510482E-01
 2.35277494E-01
 5.83906726E-01
 8.04178202E-01
 8.27608699E-02
 1.80774121E-01
 5.17744277E-01
 3.74584376E-01
 1.65275288E-01
 6.49842150E-01
 7.67674382E-01
 3.59174800E-01
 1.60485868E+00
 5.54222699E-02
 6.98798240E-02
 1.84623944E-01
 2.46490601E-01
 9.00477264E-02
 3.82953117E-02
 1.49146284E-01
 4.59814854E-01
 6.59256252E-02
 3.83413750E+00
 1.06314403E-01
 2.46062047E-01
 2.51208774E-01
 3.59332470E-02
 4.82916449E-02
 1.15689045E-02
 4.32586217E-02
 4.37984621E-01
 2.00253216E-01
 1.97221388E+00
 2.05920749E-01
 6.62649605E-02
 2.04454573E-02
 1.58631603E-01
 1.60982683E-03
 3.20643529E-02
 3.82558215E-01
 2.62530298E-01
 2.46675092E-01
 1.98853408E-02
 5.40074784E+00
 7.28374250E-02
 4.61846282E-01
 5.82642851E-02
 0.00000000E+00
 1.35728128E-01
 1.14008892E+00
 2.01201557E-01
 3.15333100E-01
 8.94973010E-02
 7.78056616E-02
 6.68972549E-01
 1.01476609E+00
 4.81814895E-01
 2.64167665E-01
 3.29220007E-01
 6.51349835E-01
 1.77259177E-01
 3.56351565E-01
 5.66444826E-01
 2.20022240E-01
 1.41700994E+00
 1.29199761E-01
 9.28769542E-02
 2.93333815E-01
 3.01137898E-01
 1.20286793E-01
 8.17222105E-02
 3.22658003E-02
 3.42963984E-01
 1.43294445E-01
 7.11732696E-01
 4.83474486E-02
 3.25740473E-02
 2.92145134E-01
 7.28919914E-02
 6.90490316E-02
 5.53769472E-03
 2.71408759E-02
 8.93427219E-01
 8.22082248E-02
 2.83025047E+00
 1.84086827E-01
 8.77348752E-02
 3.67870975E-02
 1.60554860E-01
 4.37499664E-02
 4.94322724E-01
 2.56087529E-01
 1.47430292E+00
 2.14241264E-01
 1.28356961E-01
 3.32592441E+00
 6.42928395E-02
 4.87220751E-01
 1.14773632E-01
 1.71159051E+00
 4.31381850E-01
 8.55370470E-01
 1.68753637E-01
 5.04028970E-01
 7.97604478E-02
 9.80251741E-03
 6.67689762E-01
 1.14142961E+00
 3.74358453E-01
 2.66045437E-01
 1.74734510E-01
 4.38053021E-01
 1.71198724E-01
 2.70526472E-01
 4.79006357E-01
 7.09759558E-02
 1.02583309E+00
 9.34924770E-02
 1.02034690E-01
 2.90219073E-01
 2.79106850E-01
 8.60880431E-02
 6.83042950E-02
 2.23010623E-02
 3.26841467E-01
 1.17890955E-01
 5.04654334E-01
 5.54051584E-02
 4.64399814E-02
 2.52308977E-01
 8.04896797E-02
 6.73122725E-02
 1.73628331E-02
 3.11073093E-02
 1.38447405E+00
 1.04783900E-01
 1.45397567E-01
 2.30717780E-01
 7.67005287E-02
 2.50296273E-02
 1.58265122E-01
 5.84778544E-02
 9.24666578E-01
 2.69555979E-01
 1.22196616E+00
 2.68229918E-01
 9.29348316E-02
 3.16977991E+00
 5.15839157E-02
 5.32488630E-01
 2.37457426E-01
 3.81772118E-01
 1.48323417E+00
 1.00465913E+00
 5.74290953E-02
 2.70014922E-01
 2.15943670E-01
 1.79926732E-01
 6.97317744E-01
 1.12969773E+00
 2.14627975E-01
 3.38478037E-01
 2.54620980E-01
 5.04190207E-01
 1.64671783E-01
 2.37173232E-01
 4.57079049E-01
 7.65414798E-02
 6.38594106E-01
 5.83213028E-02
 1.09972520E-01
 2.86844997E-01
 2.55256451E-01
 5.07389651E-02
 5.49385660E-02
 1.18052344E-02
 3.10357044E-01
 9.25523162E-02
 7.17729945E-01
 6.27326985E-02
 6.04455129E-02
 2.03031774E-01
 8.84386497E-02
 6.53279753E-02
 2.97014631E-02
 4.55678951E-02
 2.91438991E+00
 1.44596512E-01
 1.86204703E-01
 2.81021912E-01
 6.46849811E-02
 1.26639864E-02
 1.55792376E-01
 6.85258108E-02
 1.49003422E+00
 2.56821735E-01
 1.28861561E+00
 7.71857634E-02
 6.27439000E-02
 3.33609688E+00
 6.03860845E-02
 5.38109057E-01
 2.56148148E-01
 1.36470683E-01
 3.47957103E+00
 1.15468131E+00
 2.85620789E-02
 3.54243873E-01
 2.44352178E-01
 2.58203078E-01
 7.08310782E-01
 1.18255067E+00
 3.24873508E-01
 1.08367950E-01
 1.96362653E-01
 6.41552516E-01
 1.12892445E-01
 2.05588508E-01
 4.36669345E-01
 1.02452178E-01
 5.25295962E-01
 2.35836747E-02
 3.91526343E-02
 2.70573616E-01
 2.93259709E-01
 1.02983198E-01
 5.92488983E-02
 1.50652278E-02
 3.12710721E-01
 1.21972614E-01
 5.31251387E-01
 1.27675892E-01
 1.87619522E-01
 1.35194741E-01
 7.22384501E-02
 4.66788573E-02
 2.92402886E-02
 5.16009559E-02
 2.69015359E+01
 2.02571741E-01
 3.64409350E-01
 3.47535353E-01
 7.05542329E-02
 9.40167333E-03
 1.61234021E-01
 6.11564223E-02
 1.58664689E+00
 3.29445720E-01
 6.86644097E-01
 1.61219876E-02
 3.36591247E-01
 3.27224472E+00
 5.42949913E-02
 5.29421239E-01
 2.92685899E-01
 3.11109624E-01
 6.88813832E+00
 1.14540196E+00
 1.74250389E-02
 3.04649435E-01
 2.03915338E-01
 2.29619406E-01
 6.80466913E-01
 1.22320079E+00
 5.83611448E-01
 6.42386083E-02
 1.48258108E-01
 7.95108889E-01
 8.20273758E-02
 2.61813354E-01
 4.62038802E-01
 4.27989851E-02
 6.14768283E-01
 3.18462909E-02
 1.19080528E-01
 2.03151620E-01
 3.52632008E-01
 2.27672981E-01
 7.18465191E-02
 3.76558884E-02
 3.36657906E-01
 2.23149622E-01
 7.45467458E-01
 2.62082069E-01
 4.21188337E-01
 4.72782498E-03
 5.98624248E-02
 2.33785901E-02
 1.04531651E-02
 4.13335779E-02
 2.28287419E+00
 2.39980271E-01
 6.27338947E-01
 3.99222760E-01
 9.03404035E-02
 1.30612462E-02
 1.73751448E-01
 4.75520111E-02
 9.83938710E-01
 3.80749156E-01
 3.85349688E-01
 1.26298563E-01
 1.70781058E-01
 3.00305619E+00
 2.68388583E-02
 5.18348685E-01
 3.84157838E-01
 4.28423578E-01
 1.34461032E+01
 1.00428016E+00
 8.71244695E-02
 1.22757727E-01
 1.11842284E-01
 1.16819398E-01
 6.17276119E-01
 1.24219489E+00
 9.67427612E-01
 1.37066672E-01
 1.29162836E-01
 1.39107429E+00
 1.22574274E-01
 7.78239895E-02
 4.06680348E-01
 5.31921926E-01
 9.63077976E-02
 8.61808599E-01
 4.29113123E-02
 7.18255994E-01
 8.70248114E-02
 3.31902038E-01
 3.39540088E-01
 9.85032666E-02
 5.00442680E-02
 3.56593356E-01
 1.93355409E-01
 6.99034618E-01
 2.19598529E-01
 1.28755319E-01
 4.33526378E-02
 5.51303621E-02
 1.58603280E-02
 1.54729818E-02
 2.61699683E-03
 1.39916719E+00
 4.69882987E-02
 5.49348253E-01
 2.32008790E-01
 9.66806778E-02
 6.63343953E-04
 1.80385072E-01
 5.15471147E-02
 2.28701340E-01
 3.52098036E-02
 1.06332072E+00
 5.38613501E-02
 5.10154556E-02
 2.84730807E+00
 1.19956654E-03
 5.09571407E-01
 5.49201487E-01
 4.58728521E-01
 5.27382992E+00
 8.66670665E-01
 1.91394916E-01
 6.80669965E-02
 2.24966696E-02
 1.09242989E-02
 5.56087577E-01
 1.26004368E+00
 1.39270962E+00
 2.12043546E-01
 1.11901647E-01
 1.25438942E+00
 1.52149385E-01
 7.36024964E-02
 5.54977688E-01
 6.01793462E-01
 2.91458768E-01
 1.21515867E+00
 5.93218486E-02
 6.04445326E-01
 1.04467409E-01
 4.02471569E-01
 4.05182433E-01
 1.15137450E-01
 1.44375755E-01
 4.65028255E-01
 1.37027059E-01
 4.57677174E-01
 2.28931260E-01
 1.23693604E-01
 5.48044690E-02
 1.61991693E-02
 2.34318275E-02
 2.88150567E-02
 2.62151118E-02
 1.37149956E+00
 7.97349005E-02
 5.76738107E-02
 1.12917858E-01
 1.07149894E-01
 3.25598498E-02
 1.81432961E-01
 7.07437991E-03
 7.68908294E-01
 1.22032279E-01
 1.61982401E+00
 1.11663742E-01
 1.43435275E-01
 4.00146350E+00
 6.63924019E-03
 5.25865949E-01
 5.59389742E-01
 6.30673106E-01
 3.55599570E+00
 9.57045023E-01
 2.17790351E-01
 1.34091379E-01
 6.24722135E-03
 9.17431069E-04
 5.44939006E-01
 1.10353425E+00
 1.52916957E+00
 2.24536304E-01
 1.99352411E-01
 1.21005331E+00
 3.01526333E-01
 8.38520040E-02
 6.09894347E-01
 6.84931369E-01
 3.59378015E-01
 1.36860619E+00
 1.64825869E-01
 3.81667148E-01
 3.49670756E-02
 3.50055760E-01
 3.48892023E-01
 1.22116708E-01
 3.15380475E-01
 6.24852104E-01
 6.54006935E-03
 1.10390647E-01
 1.77045587E-01
 2.43097772E-01
 1.71933969E-01
 1.72592282E-01
 7.11872391E-02
 4.33205190E-02
 9.24523533E-02
 7.40964995E-01
 1.87508406E-01
 1.23586022E-01
 8.76899298E-03
 1.71057820E-01
 1.50667709E-01
 1.74029042E-01
 1.10658771E-01
 2.96083081E+00
 4.30634906E-01
 1.93438768E+00
 8.46838799E-02
 4.21159407E-01
 6.09220135E+00
 9.56388811E-02
 7.36278488E-01
 4.87764441E-01
 6.34056660E-01
 1.73230967E+00
 1.19641913E+00
 2.56794178E-01
 2.14187479E-01
 2.90944156E-03
 2.43786358E-03
 4.56062217E-01
 8.51252196E-01
 9.13212394E-01
 2.53400785E-01
 3.04579646E-01
 1.07066131E+00
 9.88161642E-02
 9.08068634E-02
 7.96167914E-01
 8.40484344E-01
