 7.67433355E-01
 1.69121612E+00
 1.24695814E-01
 1.52784322E-01
 6.92064437E-02
 9.87494456E-02
 8.12132748E-02
 1.63912693E-01
 4.72801735E-01
 0.00000000E+00
 5.07488955E-01
 5.11279386E-01
 4.94185460E-02
 4.36286550E-01
 1.07971081E-01
 2.13239530E-02
 4.81681853E-02
 1.80043311E-01
 3.49301887E-01
 2.28038898E-01
 1.37085894E-01
 6.59999480E-02
 2.93518400E-01
 4.02879368E-02
 3.94255542E-01
 0.00000000E+00
 3.80077382E-01
 1.43053331E-02
 3.22634261E-01
 3.61579842E-01
 3.16085948E-01
 2.23836527E-01
 0.00000000E+00
 4.74841821E-01
 3.91396010E-02
 3.30408341E-01
 5.01100994E-01
 2.28973750E-01
 0.00000000E+00
 5.70063156E-01
 1.32337298E-01
 7.93028166E-02
 1.45497793E-01
 0.00000000E+00
 1.91595395E+00
 6.19861262E-02
 3.29953626E-01
 0.00000000E+00
 1.65686474E-01
 0.00000000E+00
 6.66766954E-01
 0.00000000E+00
 4.73719974E-01
 1.45839045E+00
 6.05617904E-02
 2.99956458E-02
 3.90179836E-02
 5.32884320E-02
 7.28420554E-02
 1.74776747E-01
 2.59673395E-01
 0.00000000E+00
 1.82654660E-01
 5.54662766E-01
 3.76712042E-02
 2.02193401E-01
 7.92324940E-02
 1.17012749E-01
 3.41893298E-01
 3.46167550E-01
 4.60290154E-02
 1.65735377E-01
 5.37191083E-02
 1.12884702E-01
 2.75431805E-01
 4.82643410E-02
 2.58501546E-01
 0.00000000E+00
 2.64813854E-02
 8.55682903E-02
 8.23103201E-02
 1.97533647E-02
 3.02923052E-01
 2.01696555E-01
 0.00000000E+00
 3.08283769E-01
 7.46037049E-02
 2.86388369E-01
 5.04414714E-01
 5.33641514E-01
 0.00000000E+00
 6.08203396E-01
 1.05080955E-01
 2.78391435E-02
 1.61664160E-01
 0.00000000E+00
 2.60589622E+00
 2.87157278E-01
 2.53247619E-01
 0.00000000E+00
 3.78979576E-01
 0.00000000E+00
 4.62322516E-01
 0.00000000E+00
 2.57037077E-01
 1.09197230E+00
 6.20834469E-02
 1.15611200E-01
 5.95991874E-02
 1.04996550E-01
 1.38643412E-02
 2.82686866E-01
 1.83086351E-01
 0.00000000E+00
 5.33421005E-02
 5.31136696E-01
 1.69645045E-02
 2.19151638E-02
 1.28498793E-02
 1.24656066E-01
 3.94125045E-01
 6.71979578E-01
 2.56265649E-02
 1.32869038E-01
 2.51204985E-02
 2.26838594E-01
 2.04117161E-01
 8.98660328E-02
 2.12057791E-01
 0.00000000E+00
 2.44128205E-02
 7.15054761E-02
 6.00664068E-02
 7.73797815E-02
 2.66000297E-01
 1.50177019E-01
 0.00000000E+00
 2.06338835E-01
 2.06553658E-02
 1.93967081E-01
 4.15075709E-01
 6.08326129E-01
 0.00000000E+00
 4.37476472E-01
 9.73437625E-02
 2.18493322E-02
 1.78579567E-01
 0.00000000E+00
 2.62049531E+00
 2.54660331E-01
 2.60532189E-01
 0.00000000E+00
 6.04519941E-01
 0.00000000E+00
 4.45064749E-01
 0.00000000E+00
 1.84602574E-01
 7.64308040E-01
 4.67944710E-02
 1.03092542E-01
 6.39120109E-02
 9.89610846E-02
 1.20497300E-02
 3.42851763E-01
 5.98028095E-02
 0.00000000E+00
 4.42501724E-02
 7.08288822E-01
 1.78999306E-02
 3.53050825E-02
 1.13630150E-02
 8.70895453E-02
 3.06079996E-01
 7.32510530E-01
 2.53523871E-02
 1.68779973E-01
 2.16298296E-02
 1.41822090E-01
 1.93140161E-01
 1.37098762E-01
 1.63437067E-01
 0.00000000E+00
 4.61418899E-02
 1.41881002E-01
 4.43449532E-02
 5.83838760E-02
 2.73596377E-01
 1.15076708E-02
 0.00000000E+00
 1.45023813E-01
 3.63212898E-02
 1.19205852E-01
 3.27174610E-01
 5.93562189E-01
 0.00000000E+00
 1.81203010E-01
 1.62470364E-01
 3.71174132E-02
 1.37270918E-01
 0.00000000E+00
 2.54274945E+00
 1.33070390E-01
 2.34779099E-01
 0.00000000E+00
 7.52532552E-01
 0.00000000E+00
 3.66717735E-01
 0.00000000E+00
 1.12086169E-01
 4.36410825E-01
 3.14607827E-02
 9.01021864E-02
 6.81931202E-02
 9.28966221E-02
 9.25877375E-03
 4.00732020E-01
 6.10793321E-02
 0.00000000E+00
 3.52105059E-02
 8.12513015E-01
 1.88172028E-02
 4.92712189E-02
 1.13625563E-02
 4.92349077E-02
 2.17541475E-01
 7.92220809E-01
 4.34275633E-02
 1.90316190E-01
 3.46986958E-02
 1.70083430E-01
 1.83843956E-01
 1.85111945E-01
 1.13819166E-01
 0.00000000E+00
 5.95640898E-02
 2.07127510E-01
 2.12064093E-02
 8.29755872E-02
 1.06382732E-01
 7.35325806E-02
 0.00000000E+00
 1.21542792E-01
 6.81135642E-02
 7.07403376E-02
 2.50834563E-01
 5.80358371E-01
 0.00000000E+00
 4.80270872E-03
 2.41340960E-01
 3.92248417E-03
 7.57402214E-02
 0.00000000E+00
 2.63687475E+00
 1.33677128E-01
 9.48180316E-02
 0.00000000E+00
 9.44594828E-01
 0.00000000E+00
 2.87982494E-01
 0.00000000E+00
 1.14651554E-01
 4.47775247E-01
 2.26819851E-02
 2.41779914E-02
 5.76375156E-02
 1.15240586E-01
 2.72953385E-02
 3.99101734E-01
 5.78800542E-02
 0.00000000E+00
 4.27723382E-02
 1.40503314E+00
 3.76047245E-02
 1.63402199E-01
 3.81468441E-02
 3.67783777E-02
 1.98564315E-01
 7.80023057E-01
 5.17192512E-02
 1.86146732E-01
 5.45505961E-02
 2.81255568E-01
 2.15871769E-01
 1.94856160E-01
 6.49456731E-03
 0.00000000E+00
 5.14737051E-02
 2.01125776E-01
 2.67156857E-02
 7.74806857E-02
 1.23720094E-01
 3.74971641E-02
 0.00000000E+00
 1.20132763E-01
 7.00356092E-02
 6.50528507E-02
 2.42054103E-01
 5.98747156E-01
 0.00000000E+00
 6.57046653E-04
 2.21429011E-01
 1.19487532E-02
 6.92405415E-02
 0.00000000E+00
 2.68292919E+00
 2.28067696E-01
 2.26849919E-02
 0.00000000E+00
 1.06792494E+00
 0.00000000E+00
 3.12941598E-01
 0.00000000E+00
 2.00603759E-01
 8.15138655E-01
 9.50164154E-03
 1.13112403E-01
 6.63390445E-03
 1.41996276E-01
 8.22854844E-02
 3.28071816E-01
 6.19920954E-02
 0.00000000E+00
 7.07978791E-02
 1.71527280E+00
 7.63947884E-02
 3.75193778E-01
 9.92463079E-02
 6.02438243E-02
 2.55721108E-01
 6.99457668E-01
 3.98040353E-02
 1.65957505E-01
 6.52702349E-02
 4.44335505E-01
 2.75335629E-01
 1.58085392E-01
 3.80616092E-02
 0.00000000E+00
 3.96910443E-02
 1.40016129E-01
 4.25915834E-02
 5.76962428E-02
 1.94971989E-01
 9.91546075E-02
 0.00000000E+00
 1.29706885E-01
 4.92320415E-02
 9.35063194E-02
 2.92426654E-01
 6.44273075E-01
 0.00000000E+00
 1.83354916E-01
 1.05548135E-01
 2.82785149E-03
 1.23147679E-01
 0.00000000E+00
 2.65572769E+00
 4.03758502E-01
 3.80243876E-02
 0.00000000E+00
 3.81639233E+00
 3.93836080E-01
 0.00000000E+00
 4.44996338E-01
 0.00000000E+00
 2.68543786E-01
 1.14637231E+00
 2.93238213E-02
 1.84643457E-01
 6.62820543E-02
 1.26739745E-01
 1.23549369E-01
 2.49669481E-01
 1.89778558E-01
 0.00000000E+00
 6.88880652E-02
 1.96536104E+00
 5.27920849E-02
 2.34722592E-02
 1.30206788E-01
 8.65325982E-02
 3.06139245E-01
 6.05953629E-01
 6.92716059E-03
 1.77464618E-01
 7.97767331E-04
 3.79719052E-01
 2.54240391E-01
 4.79873754E-02
 1.01371549E-01
 0.00000000E+00
 4.58651557E-02
 9.78779585E-02
 1.90528479E-02
 1.18303332E-01
 2.34591219E-01
 1.77454596E-01
 0.00000000E+00
 1.39038988E-01
 2.85863613E-02
 1.17000111E-01
 3.21887815E-01
 6.83928801E-01
 0.00000000E+00
 3.66068598E-01
 1.39296479E-02
 6.48891183E-03
 1.78070974E-01
 0.00000000E+00
 2.62460719E+00
 5.88829966E-01
 5.32835552E-02
 0.00000000E+00
 3.39286990E+00
 3.53144900E-01
 0.00000000E+00
 5.81713503E-01
 0.00000000E+00
 4.72846607E-01
 1.45790829E+00
 6.50156806E-02
 1.94602408E-01
 6.44012156E-02
 1.15904992E-01
 8.97278121E-02
 1.11256596E-01
 2.81744994E-01
 0.00000000E+00
 2.03228203E-01
 2.12154514E+00
 5.20789482E-02
 3.11080729E-02
 1.48617399E-01
 7.50242024E-02
 2.70219697E-01
 2.87354375E-01
 2.05466099E-02
 2.50344985E-01
 1.56191544E-02
 1.25691016E-02
 2.70457047E-01
 6.91059216E-02
 1.51975776E-01
 0.00000000E+00
 3.67078653E-02
 1.27490325E-01
 6.80568036E-02
 4.98194884E-02
 2.82770004E-01
 1.86257222E-01
 0.00000000E+00
 2.16110226E-01
 1.76029351E-03
 1.91311185E-01
 3.90125179E-01
 6.03130940E-01
 0.00000000E+00
 5.33095475E-01
 7.16325264E-02
 5.68416048E-03
 1.53147153E-01
 0.00000000E+00
 2.55248655E+00
 6.24744311E-01
 4.93800634E-02
 0.00000000E+00
 3.16303854E+00
 1.88268444E-01
 0.00000000E+00
 5.89860194E-01
 0.00000000E+00
 7.33886844E-01
 1.59686440E+00
 1.79985138E-01
 2.08768697E-01
 2.26208906E-02
 2.15899178E-01
 2.49698132E-01
 9.44495911E-02
 5.11590705E-01
 0.00000000E+00
 4.99597405E-01
 2.10307512E+00
 3.79152501E-02
 4.22068826E-02
 1.47605249E-01
 4.13708039E-02
 8.86628313E-03
 2.24598825E-01
 3.18092941E-01
 4.92959646E-02
 1.27381671E-01
 1.74882961E-01
 2.58146313E-01
 1.37792326E-01
 3.11786345E-01
 0.00000000E+00
 3.33671738E-01
 1.02113743E-01
 3.64352372E-01
 3.43382177E-01
 2.88976530E-01
 1.98873216E-01
 0.00000000E+00
 3.81334936E-01
 1.15075078E-01
 2.50273534E-01
 4.09619690E-01
 2.87671720E-01
 0.00000000E+00
 5.27282554E-01
 1.37740541E-01
 5.41128330E-02
 1.25502234E-01
 0.00000000E+00
 1.86752635E+00
 1.91107828E-01
 1.73377523E-01
 0.00000000E+00
 2.26255655E+00
 2.68464756E-01
 0.00000000E+00
 7.43747822E-01
 0.00000000E+00
