 9.42064154E-02
 2.24906946E-02
 2.11476452E-02
 4.72461138E-02
 2.77251396E-02
 4.72740225E-02
 1.04512924E-01
 4.62883380E-02
 4.47582526E-01
 0.00000000E+00
 8.91088940E-02
 1.26187852E-02
 1.58227540E-02
 4.13197128E-02
 2.38867461E-02
 1.65421145E-02
 1.45367134E-02
 2.58968278E-01
 8.71323772E-02
 1.03344244E-02
 1.72794539E-02
 4.10703635E-02
 1.89635942E-02
 4.34552355E-02
 1.90685113E-01
 4.96009352E-01
 9.13683139E-02
 1.91263285E-02
 2.83343073E-02
 4.65492472E-02
 1.24060297E-02
 7.89733045E-02
 4.23706331E-01
 7.99806110E-02
 2.50760333E-03
 2.31253617E-03
 2.04245931E-03
 2.46319247E-02
 2.09942159E-01
 1.08312266E-01
 8.10092619E-04
 6.07469038E-03
 7.14504303E-02
 1.65268514E-01
 1.58573697E-01
 1.12114760E-02
 3.75148259E-02
 1.99962255E-01
 2.29542833E-02
 8.40670612E-02
 3.79589627E-01
 6.57771259E-01
 4.26134630E-03
 8.20004854E-03
 5.35460400E-03
 5.36169369E-03
 1.33986050E-02
 7.05941074E-02
 2.25196590E-01
 3.55576243E-01
 2.15562624E-01
 0.00000000E+00
 3.24013490E-03
 4.30413560E-03
 6.18541180E-03
 6.33974542E-03
 1.36345124E-02
 8.03114789E-02
 2.52110390E-01
 2.14527661E-01
 2.74887845E-03
 2.72733295E-03
 7.31882662E-03
 1.00867090E-02
 1.26366412E-02
 1.60704665E-02
 3.99202933E-03
 2.70029603E-01
 3.16668462E-03
 1.85597423E-03
 6.75087905E-03
 1.39792486E-02
 7.61838829E-03
 1.65685395E-02
 2.39398433E-01
 9.53071678E-04
 1.59903444E-03
 2.64127782E-03
 6.28420064E-03
 2.12039227E-02
 1.84809866E-01
 2.84382205E-02
 2.14761877E-03
 1.29754002E-03
 2.88850105E-02
 1.57112818E-01
 6.76394338E-02
 4.22373050E-03
 2.17251979E-02
 1.13007016E-01
 5.26414357E-03
 8.21047509E-02
 2.14055863E-01
 5.14496959E-01
 1.42832422E-03
 5.20427246E-03
 2.96019172E-03
 3.06231249E-03
 4.37406568E-03
 2.20477948E-03
 6.07708731E-02
 4.41342399E-01
 1.71564711E-01
 0.00000000E+00
 1.07351710E-03
 1.04886247E-03
 2.22379146E-03
 3.40090115E-03
 4.16086194E-03
 6.41111802E-02
 2.58713965E-01
 4.95415457E-01
 1.38983672E-03
 7.44422612E-04
 3.98657868E-03
 6.29330608E-03
 5.84524763E-03
 2.55792968E-02
 5.50663662E-02
 9.65371791E-02
 9.73013319E-04
 2.52810308E-04
 3.96794289E-03
 4.50980770E-03
 1.91976817E-03
 7.09930059E-02
 1.20352460E-01
 3.02361484E-04
 2.75527759E-03
 3.80347427E-03
 9.60288316E-03
 2.39048331E-02
 1.68448455E-01
 2.25148454E-02
 7.55920965E-05
 4.71006400E-03
 4.25420310E-03
 1.46893670E-01
 5.08309865E-02
 1.75594591E-03
 6.46269507E-03
 4.61089443E-02
 2.87658075E-03
 7.97248268E-02
 1.22969044E-01
 4.21460828E-01
 1.09977753E-03
 4.38089284E-03
 2.16617691E-03
 2.63776383E-03
 4.50793288E-03
 1.75981566E-03
 3.50815086E-02
 4.95472683E-01
 4.85774865E-02
 0.00000000E+00
 7.23619196E-04
 4.58067913E-04
 1.72200905E-03
 2.71648862E-03
 4.45209269E-03
 3.70294140E-02
 1.85541362E-01
 5.56913460E-01
 1.06848905E-03
 2.76607922E-04
 3.02235136E-03
 5.11955422E-03
 5.79582246E-03
 1.24009416E-02
 3.71358304E-02
 1.31189383E-03
 8.58714359E-04
 2.26527089E-04
 3.32494582E-03
 4.18962786E-03
 1.57573404E-03
 4.99841651E-02
 1.23029369E-01
 3.97198396E-05
 1.87763920E-03
 2.56170222E-03
 8.06085908E-03
 2.28649931E-02
 1.72351284E-01
 1.57885986E-02
 3.81600155E-04
 4.32988962E-03
 4.24324365E-03
 1.47186584E-01
 3.34001930E-02
 1.33210621E-03
 7.09075581E-03
 4.64883612E-02
 2.78819844E-03
 7.97709758E-02
 1.04863183E-01
 4.13529914E-01
 7.61854059E-04
 3.57495854E-03
 1.36545362E-03
 2.21926159E-03
 4.69006327E-03
 1.38800696E-03
 9.54611544E-03
 5.49046462E-01
 7.27011825E-02
 0.00000000E+00
 3.70043910E-04
 1.41268942E-04
 1.22482857E-03
 2.04771410E-03
 4.79293446E-03
 1.00997181E-02
 1.13132126E-01
 6.17513070E-01
 7.43397156E-04
 2.00333732E-04
 2.05970450E-03
 3.96155855E-03
 5.78004123E-03
 6.75616944E-04
 1.95084705E-02
 9.38604479E-02
 7.39379383E-04
 1.88294655E-04
 2.68113981E-03
 3.90441059E-03
 1.26849115E-03
 2.91699296E-02
 1.25776227E-01
 2.24518634E-04
 9.94243842E-04
 1.30750728E-03
 6.49906873E-03
 2.18197458E-02
 1.76298312E-01
 9.06214724E-03
 6.86973045E-04
 3.94863285E-03
 4.22374656E-03
 1.47496243E-01
 1.59720431E-02
 9.07712812E-04
 7.72306523E-03
 4.68857789E-02
 2.69913054E-03
 7.98198795E-02
 8.67188309E-02
 4.05589146E-01
 7.55211140E-04
 4.17863976E-03
 1.42241432E-03
 2.28805018E-03
 4.90203468E-03
 1.70340078E-03
 1.12916413E-02
 5.49557459E-01
 6.78693024E-02
 0.00000000E+00
 3.47463824E-04
 3.89253106E-04
 1.24453907E-03
 2.10987121E-03
 4.94828350E-03
 1.14543966E-02
 1.17995194E-01
 6.16736227E-01
 7.26952162E-04
 1.94090176E-04
 2.02396038E-03
 3.89803085E-03
 5.76452505E-03
 1.34846947E-03
 1.69626339E-02
 9.82341044E-02
 7.24387812E-04
 1.71200800E-04
 2.61957322E-03
 3.84416045E-03
 1.20419627E-03
 2.72493384E-02
 1.25242720E-01
 2.81756721E-04
 8.80777952E-04
 1.13282235E-03
 6.20220080E-03
 2.13804746E-02
 1.76202180E-01
 5.59778392E-03
 8.36363373E-04
 3.97216878E-03
 4.35665404E-03
 1.47500607E-01
 6.95402955E-03
 5.91672228E-04
 7.69642196E-03
 4.69129873E-02
 2.62155939E-03
 7.98799874E-02
 7.61673262E-02
 4.01074224E-01
 1.08002782E-03
 6.19130627E-03
 2.33190755E-03
 2.82388975E-03
 5.13148057E-03
 2.69551118E-03
 3.99467224E-02
 4.97902990E-01
 6.04333847E-02
 0.00000000E+00
 6.55526916E-04
 1.75247553E-03
 1.77590709E-03
 2.88306656E-03
 4.90954913E-03
 4.07832011E-02
 1.98887838E-01
 5.55986801E-01
 1.01918309E-03
 2.96605375E-04
 2.91191405E-03
 4.91218707E-03
 5.74414319E-03
 1.02376182E-02
 2.91798625E-02
 1.18099662E-02
 8.13190582E-04
 1.74293431E-04
 3.13610024E-03
 3.99340349E-03
 1.37514210E-03
 4.40650681E-02
 1.21420413E-01
 1.31808167E-04
 1.54033184E-03
 2.04340285E-03
 7.18337749E-03
 2.15503831E-02
 1.72053463E-01
 5.39570448E-03
 8.29455837E-04
 4.40369560E-03
 4.65125915E-03
 1.47195821E-01
 6.34627600E-03
 3.84233185E-04
 7.00734706E-03
 4.65630504E-02
 2.84506616E-03
 2.55541166E-03
 7.99502315E-02
 7.32327767E-02
 3.99991905E-01
 1.39980616E-03
 8.22730144E-03
 3.24041921E-03
 3.35810903E-03
 5.38261256E-03
 3.74203712E-03
 6.82289483E-02
 4.46822538E-01
 1.86978905E-01
 0.00000000E+00
 9.57856749E-04
 3.13763676E-03
 2.30351683E-03
 3.65492931E-03
 4.89454888E-03
 6.98667680E-02
 2.78887970E-01
 4.96198272E-01
 1.30807965E-03
 7.80909570E-04
 3.80292872E-03
 5.94189909E-03
 5.75590661E-03
 2.17323469E-02
 4.12733784E-02
 7.46652607E-02
 8.97182975E-04
 1.66423590E-04
 3.65292980E-03
 4.17592152E-03
 1.57756636E-03
 6.08555822E-02
 1.17654339E-01
 1.76315472E-05
 2.19957309E-03
 2.94674411E-03
 8.14625124E-03
 2.17148623E-02
 1.67932538E-01
 5.19346947E-03
 8.21424617E-04
 4.83492665E-03
 4.93576147E-03
 1.46905801E-01
 5.74112565E-03
 1.76568760E-04
 6.32008064E-03
 4.62299863E-02
 5.23725043E-03
 2.48875406E-03
 8.00232207E-02
 7.02914432E-02
 3.98908620E-01
 3.95808318E-03
 1.22315861E-02
 5.94366684E-03
 6.53002413E-03
 1.40189621E-02
 7.51669377E-02
 2.43421057E-01
 3.61604063E-01
 2.28212810E-01
 0.00000000E+00
 3.05114854E-03
 7.24698948E-03
 6.47526857E-03
 7.04376872E-03
 1.38156820E-02
 8.74198292E-02
 2.70539413E-01
 2.05658399E-01
 2.53083742E-03
 2.50221949E-03
 6.75586109E-03
 9.11143921E-03
 1.16397314E-02
 1.27558062E-02
 2.08319015E-02
 2.47793650E-01
 2.90755100E-03
 1.36596881E-03
 5.99733195E-03
 1.21266857E-02
 6.28181343E-03
 7.04703035E-03
 2.31557370E-01
 1.19887581E-03
 1.40211227E-03
 1.85123679E-03
 5.14776076E-03
 1.91111608E-02
 1.82781758E-01
 1.53985071E-02
 1.72446850E-03
 1.03895444E-03
 2.78295609E-02
 1.56928982E-01
 3.36027168E-02
 2.71569138E-03
 2.14564213E-02
 1.12970992E-01
 3.60025777E-02
 4.64389571E-03
 8.24214015E-02
 1.71503373E-01
 4.96493629E-01
 9.30917331E-02
 2.57993454E-02
 2.28926965E-02
 4.72870332E-02
 2.68945179E-02
 5.21824369E-02
 1.18275567E-01
 4.58318547E-02
 4.57461523E-01
 0.00000000E+00
 8.80456526E-02
 1.41218208E-02
 1.63679953E-02
 4.00921470E-02
 2.24909326E-02
 1.98086898E-02
 2.06980036E-02
 2.73060173E-01
 8.57543740E-02
 6.85827214E-03
 1.55236536E-02
 3.72245017E-02
 1.66117792E-02
 4.86971609E-02
 2.11106079E-01
 4.79501745E-01
 8.94987199E-02
 1.40162484E-02
 2.46510424E-02
 4.06253372E-02
 9.44502312E-03
 8.68805768E-02
 4.12482529E-01
 7.96322640E-02
 6.21004821E-04
 1.98242886E-03
 1.76543869E-03
 2.31871477E-02
 2.06209966E-01
 1.02605524E-01
 1.50364772E-03
 5.35858010E-03
 6.99302282E-02
 1.64892187E-01
 1.43595547E-01
 9.99726906E-03
 3.64979122E-02
 1.99572921E-01
 1.66461141E-01
 2.20041348E-02
 8.42696555E-02
 3.57091896E-01
 6.48644967E-01
