 2.38137452E-01
 3.03505464E-01
 1.73578832E-01
 1.31912973E-01
 9.52441838E-02
 9.57343722E-02
 1.31903702E-01
 2.15469024E-01
 4.36965508E-01
 0.00000000E+00
 8.35300788E-02
 1.63220284E-01
 3.43963722E-02
 1.15628516E-02
 6.02252055E-04
 1.26340525E-02
 4.80802235E-02
 2.34855400E-01
 2.04391653E-02
 8.44017783E-02
 8.76546717E-03
 2.15722683E-02
 1.30547012E-02
 5.28904890E-02
 1.84564129E-01
 9.39058185E-01
 2.81925783E-04
 4.53913143E-02
 2.42680813E-02
 4.44093864E-02
 2.03787489E-02
 4.62978956E-02
 8.54793225E-01
 3.89136677E-03
 1.99087512E-02
 8.32473543E-03
 1.03886259E-02
 4.54268095E-02
 5.61923205E-01
 4.91248564E-02
 2.31994161E-02
 1.49429124E-02
 4.79358188E-02
 4.09910545E-01
 1.68388089E-01
 5.08459634E-02
 1.61783822E-02
 4.72489097E-01
 7.53168219E-02
 1.75972962E-01
 3.80047053E-01
 4.92035552E-01
 8.33619278E-02
 1.46379280E-01
 3.51055735E-02
 2.08114876E-02
 5.34361137E-03
 6.94887988E-03
 2.24604716E-02
 2.63916602E-02
 2.37830255E-01
 0.00000000E+00
 1.52686240E-02
 8.32942848E-02
 1.46202122E-03
 1.38207845E-03
 3.78635351E-03
 3.70454875E-02
 1.16103093E-01
 8.00437163E-02
 1.18446026E-03
 4.05456877E-02
 2.95031545E-03
 4.80271984E-03
 7.53409199E-03
 9.26378262E-03
 5.44554968E-02
 9.09945057E-01
 2.56867113E-03
 2.59977475E-02
 5.18033998E-03
 1.34285710E-02
 1.20237837E-02
 5.36535850E-02
 6.92965219E-01
 3.20943532E-03
 9.83174544E-03
 1.46860386E-03
 6.52695274E-04
 3.51852113E-02
 5.50772975E-01
 1.53298931E-02
 6.42958954E-04
 9.05194708E-03
 1.31076050E-02
 4.09382356E-01
 8.59376511E-02
 4.32277013E-03
 1.43278699E-02
 2.69932534E-01
 1.35314917E-02
 1.77525051E-01
 2.69477576E-01
 3.95741241E-01
 2.40356774E-02
 7.81503592E-02
 4.31840369E-04
 4.30572766E-04
 4.92597210E-04
 2.07828615E-04
 1.14515283E-02
 7.86279884E-02
 1.60651364E-01
 0.00000000E+00
 5.36380022E-04
 5.18616011E-02
 5.01400363E-04
 7.61282822E-04
 9.79572923E-04
 3.22073486E-02
 1.24651116E-01
 2.30995358E-01
 3.62652864E-04
 1.64231237E-02
 1.41488814E-03
 2.38915947E-03
 3.11259223E-03
 8.90616650E-03
 4.08815856E-02
 8.88351906E-01
 7.68760289E-04
 1.04381765E-02
 2.75550630E-03
 3.53125271E-03
 4.68189250E-03
 7.84397125E-02
 4.06283590E-01
 5.36175967E-04
 5.85187407E-03
 2.12413527E-03
 8.03774276E-03
 4.15840123E-02
 5.08075415E-01
 4.38325848E-03
 7.41999598E-03
 9.72684408E-03
 1.59394656E-02
 3.85629353E-01
 4.25489936E-02
 2.15867337E-03
 1.32359367E-03
 1.06396021E-01
 9.55195796E-03
 1.71555232E-01
 2.15498064E-01
 3.47098779E-01
 1.46046340E-02
 5.60535221E-02
 3.04715380E-04
 3.55333707E-04
 5.33289987E-04
 1.67944072E-04
 6.90502752E-03
 8.73940263E-02
 6.35043633E-02
 0.00000000E+00
 3.45621734E-04
 4.40098841E-02
 3.85711572E-04
 6.39930078E-04
 1.11907171E-03
 1.93454139E-02
 8.84343249E-02
 2.56632454E-01
 2.55555877E-04
 1.61603566E-02
 1.06954690E-03
 1.95462896E-03
 3.01487723E-03
 1.51853698E-03
 2.94444691E-02
 8.74968849E-01
 7.29814677E-04
 1.02440155E-02
 2.33472105E-03
 3.36783127E-03
 3.63243841E-03
 5.43715928E-02
 4.22421256E-01
 7.87210336E-04
 5.08754723E-03
 1.09217930E-03
 7.24936526E-03
 4.06344597E-02
 5.28233952E-01
 1.98887711E-02
 9.22530374E-03
 8.90462237E-03
 1.50622115E-02
 3.86628012E-01
 5.93990388E-03
 2.31089032E-03
 3.67332205E-04
 1.08285265E-01
 9.78174741E-03
 1.70788724E-01
 1.66880377E-01
 3.08091425E-01
 5.17407519E-03
 3.39541835E-02
 1.80162523E-04
 2.81623843E-04
 5.74957639E-04
 1.28910441E-04
 2.44493779E-03
 9.59882458E-02
 3.18031338E-02
 0.00000000E+00
 1.55600419E-04
 3.63278428E-02
 2.72383901E-04
 5.21144449E-04
 1.25937815E-03
 6.74515617E-03
 5.29326003E-02
 2.81777354E-01
 1.46448664E-04
 1.59045305E-02
 7.31417936E-04
 1.53233963E-03
 2.92553987E-03
 5.71511769E-03
 1.82058585E-02
 8.61584981E-01
 6.87470895E-04
 1.00566472E-02
 1.92355933E-03
 3.21613341E-03
 2.61946518E-03
 3.07854328E-02
 4.38153411E-01
 1.04204122E-03
 4.33521404E-03
 7.22024195E-05
 6.45730866E-03
 3.96856180E-02
 5.47913261E-01
 3.53993972E-02
 1.09843947E-02
 8.10322327E-03
 1.42037753E-02
 3.87637368E-01
 3.06875393E-02
 2.46331406E-03
 2.01614092E-03
 1.10170478E-01
 1.00003294E-02
 1.70049928E-01
 1.19616610E-01
 2.70161370E-01
 3.01147575E-03
 2.63130354E-02
 1.83824087E-04
 2.85440567E-04
 5.89402580E-04
 1.52134984E-04
 2.60334403E-03
 9.54316828E-02
 2.71878019E-02
 0.00000000E+00
 1.42103323E-04
 2.99287840E-02
 2.79610627E-04
 5.33673451E-04
 1.28411374E-03
 7.30051175E-03
 5.42768770E-02
 2.80175662E-01
 1.73601350E-04
 1.62543660E-02
 7.53637408E-04
 1.56735802E-03
 2.95017776E-03
 5.46802629E-03
 1.80638364E-02
 8.60911528E-01
 7.06367041E-04
 1.03537957E-02
 1.93830040E-03
 3.21793952E-03
 2.57225498E-03
 3.06465820E-02
 4.34520752E-01
 1.12555990E-03
 4.41634550E-03
 3.01406279E-05
 6.38871697E-03
 3.92514270E-02
 5.44317611E-01
 4.15857535E-02
 1.22891159E-02
 8.15254721E-03
 1.43915286E-02
 3.86327338E-01
 4.76337538E-02
 6.84005830E-03
 1.87346956E-03
 1.09865956E-01
 7.99143818E-03
 1.69880722E-01
 1.15120654E-01
 2.66419563E-01
 8.11685911E-03
 3.31301647E-02
 3.11639937E-04
 3.63566801E-04
 5.76814777E-04
 2.35665384E-04
 7.24894308E-03
 8.59825465E-02
 7.45675298E-02
 0.00000000E+00
 3.05031653E-04
 3.04425095E-02
 4.03233480E-04
 6.71754108E-04
 1.19600562E-03
 2.06166237E-02
 9.13898388E-02
 2.52578492E-01
 3.37228243E-04
 1.71894849E-02
 1.12373314E-03
 2.04210428E-03
 3.08407775E-03
 2.03023277E-03
 2.87191982E-02
 8.72948492E-01
 7.86758943E-04
 1.11183814E-02
 2.36326097E-03
 3.36383882E-03
 3.45660463E-03
 5.32849093E-02
 4.12306512E-01
 1.03805359E-03
 5.30058515E-03
 9.32158198E-04
 7.02447784E-03
 3.93174569E-02
 5.18387446E-01
 3.84483235E-02
 1.31566766E-02
 9.02218993E-03
 1.55947245E-02
 3.82784750E-01
 4.48991879E-02
 1.52773317E-02
 7.90549603E-06
 1.07446852E-01
 3.28837424E-02
 3.84328048E-03
 1.70255998E-01
 1.51654457E-01
 2.95482683E-01
 1.32226097E-02
 3.99447241E-02
 4.37188685E-04
 4.42342062E-04
 5.66022851E-04
 3.18292391E-04
 1.18082789E-02
 7.67093561E-02
 1.74449884E-01
 0.00000000E+00
 4.68440192E-04
 3.09508411E-02
 5.24782432E-04
 8.10230988E-04
 1.11372626E-03
 3.36691163E-02
 1.27784035E-01
 2.25493270E-01
 4.98846816E-04
 1.81047703E-02
 1.48554112E-03
 2.50919933E-03
 3.22158074E-03
 9.37654277E-03
 3.91752278E-02
 8.84984623E-01
 8.63733407E-04
 1.18672632E-02
 2.77854931E-03
 3.51586571E-03
 4.33522707E-03
 7.55112321E-02
 3.90724582E-01
 9.53469233E-04
 6.15789342E-03
 1.80109577E-03
 7.62390663E-03
 3.93631062E-02
 4.93215488E-01
 3.53162321E-02
 1.40033352E-02
 9.86970450E-03
 1.67620269E-02
 3.79373208E-01
 4.21835834E-02
 2.35029484E-02
 1.80552896E-03
 1.05142930E-01
 5.58009242E-02
 1.98688588E-04
 1.70628374E-01
 1.87213088E-01
 3.23769163E-01
 6.27592000E-02
 9.62450142E-02
 3.63049776E-02
 2.14973770E-02
 5.49631889E-03
 7.15943721E-03
 2.27869630E-02
 2.29463530E-02
 2.49740868E-01
 0.00000000E+00
 8.62223712E-03
 5.83356827E-02
 1.48848335E-03
 1.46956159E-03
 3.94498710E-03
 3.77612629E-02
 1.16842166E-01
 7.05732244E-02
 1.52252527E-03
 4.99215909E-02
 3.01116144E-03
 4.81758310E-03
 7.47496783E-03
 9.60754434E-03
 5.14162472E-02
 9.05932263E-01
 3.25961522E-03
 3.34802202E-02
 5.05705947E-03
 1.28344629E-02
 1.10226734E-02
 4.74107399E-02
 6.69132204E-01
 3.90975681E-03
 1.46412591E-02
 1.37879684E-03
 9.02458364E-04
 3.32293351E-02
 5.29578386E-01
 1.50314260E-02
 4.21732280E-03
 9.24695410E-03
 1.29456414E-02
 4.00646586E-01
 1.57111940E-03
 1.59979073E-02
 1.41585153E-02
 2.72299250E-01
 1.08716360E-01
 6.00110631E-03
 1.75819084E-01
 2.49234142E-01
 3.79199330E-01
 2.08672184E-01
 2.50726400E-01
 1.75986986E-01
 1.33759381E-01
 9.66294125E-02
 9.73884584E-02
 1.34739763E-01
 2.21845057E-01
 4.46514595E-01
 0.00000000E+00
 6.18235079E-02
 1.37302848E-01
 3.48590906E-02
 1.18347493E-02
 4.02886949E-04
 1.35348878E-02
 5.12312557E-02
 2.45199717E-01
 7.89613947E-03
 1.04142928E-01
 8.43502182E-03
 2.09661243E-02
 1.23104910E-02
 5.35839842E-02
 1.81686936E-01
 9.35148510E-01
 9.36720300E-03
 6.71654871E-02
 2.28148743E-02
 4.17747506E-02
 1.79289882E-02
 3.83763162E-02
 8.08833520E-01
 7.35728461E-03
 4.32880039E-02
 7.12629038E-03
 8.70037762E-03
 4.41402847E-02
 5.32923224E-01
 2.96583765E-02
 4.23056686E-02
 1.57247521E-02
 4.66377724E-02
 3.97728592E-01
 1.13562359E-01
 5.77828474E-02
 1.40709464E-02
 4.67703463E-01
 2.51519405E-01
 7.67459326E-02
 1.72510561E-01
 3.91506501E-01
 5.01249397E-01
