 5.09445723E-01
 2.83915603E-01
 1.80434084E-01
 1.38030607E-01
 1.00090104E-01
 1.01562956E-01
 1.41866007E-01
 2.25937974E-01
 4.43285887E-01
 0.00000000E+00
 3.29884822E-01
 1.09894664E-01
 3.88954779E-02
 1.63027282E-02
 3.39771905E-03
 1.75864945E-02
 5.86655876E-02
 2.43811331E-01
 2.18297294E-01
 3.08593959E-02
 6.44048598E-03
 1.66415664E-02
 7.74410715E-03
 5.43322726E-02
 1.75098076E-01
 0.00000000E+00
 1.74671968E-01
 1.34434539E-02
 1.66823391E-02
 3.16838116E-02
 8.25087358E-03
 7.10080217E-03
 0.00000000E+00
 1.24103447E-01
 7.33616084E-03
 3.09380435E-04
 2.09315801E-04
 6.14514473E-02
 0.00000000E+00
 9.17793120E-02
 1.15866127E-02
 1.10746235E-03
 1.52035814E-01
 0.00000000E+00
 9.45265010E-02
 3.57687332E-02
 8.89871432E-02
 0.00000000E+00
 8.84231004E-02
 0.00000000E+00
 8.66856843E-03
 0.00000000E+00
 3.12578130E-01
 1.01842984E-01
 3.71016017E-02
 2.20756610E-02
 6.26855514E-03
 4.54860598E-03
 1.53017626E-02
 1.08698504E-02
 2.47708923E-01
 0.00000000E+00
 1.36744198E-01
 7.59810126E-03
 1.40982263E-03
 1.54210401E-03
 3.25523953E-03
 3.32716572E-02
 1.02401890E-01
 5.44181062E-02
 5.21198073E-02
 1.30460497E-02
 2.94798666E-03
 4.23917643E-03
 5.52601636E-03
 1.29256314E-02
 4.95221446E-02
 0.00000000E+00
 3.55070714E-02
 9.57221083E-03
 4.15940483E-03
 9.48703622E-03
 5.23945862E-03
 4.81941304E-02
 0.00000000E+00
 1.45648484E-02
 1.51126560E-03
 4.33944193E-03
 1.17515248E-02
 5.49717146E-02
 0.00000000E+00
 3.10137421E-03
 4.34228345E-03
 1.72775618E-03
 6.09058650E-02
 0.00000000E+00
 1.29175103E-02
 1.19149342E-02
 5.02527540E-02
 0.00000000E+00
 3.08558766E-02
 0.00000000E+00
 6.75303613E-02
 0.00000000E+00
 1.98272595E-01
 2.62994794E-02
 2.63750921E-04
 2.82242494E-04
 4.43612341E-04
 2.38553697E-04
 9.78855051E-03
 6.18352539E-02
 1.70947701E-01
 0.00000000E+00
 4.61521765E-02
 1.46694380E-02
 5.13885250E-04
 8.23851722E-04
 1.04641199E-03
 3.02451902E-02
 1.13280871E-01
 1.93579086E-01
 5.43836758E-04
 5.17980124E-03
 1.66313662E-03
 2.83158024E-03
 2.67931013E-03
 1.53119930E-02
 4.38609702E-02
 0.00000000E+00
 5.20548831E-04
 3.51410013E-03
 2.53566484E-03
 3.33103977E-03
 7.28525564E-04
 1.07354591E-01
 0.00000000E+00
 4.09596678E-04
 1.23343871E-03
 4.69735803E-03
 1.51677684E-02
 6.12150555E-02
 0.00000000E+00
 1.68471791E-03
 2.87551491E-03
 7.94689455E-03
 1.16883123E-02
 0.00000000E+00
 8.82169099E-03
 6.89649654E-03
 8.74948007E-03
 0.00000000E+00
 1.52854795E-02
 0.00000000E+00
 1.50155220E-02
 0.00000000E+00
 1.55279859E-01
 1.33315698E-02
 1.95899666E-04
 2.47550730E-04
 4.51738705E-04
 1.90851285E-04
 6.03012570E-03
 6.85364227E-02
 7.24919882E-02
 0.00000000E+00
 2.76684545E-02
 1.24958375E-02
 3.98916045E-04
 6.50641063E-04
 1.10429081E-03
 1.85926213E-02
 8.02391932E-02
 2.14441613E-01
 4.21415896E-04
 4.94382119E-03
 1.26272284E-03
 2.30599787E-03
 2.68982001E-03
 8.38101197E-03
 3.23985007E-02
 0.00000000E+00
 4.50840460E-04
 3.48278295E-03
 2.11442711E-03
 3.06823967E-03
 6.65958823E-04
 7.67901059E-02
 0.00000000E+00
 1.97161907E-04
 4.27226774E-04
 3.29536240E-03
 1.25499906E-02
 5.82715530E-02
 0.00000000E+00
 1.15663824E-04
 3.08660197E-03
 7.28576500E-03
 1.20597608E-02
 0.00000000E+00
 5.53358629E-03
 5.58846965E-03
 1.16100900E-02
 0.00000000E+00
 1.43585383E-02
 0.00000000E+00
 2.01219412E-02
 0.00000000E+00
 1.12288111E-01
 3.62104974E-04
 1.26669237E-04
 2.13251293E-04
 4.65888347E-04
 1.52279627E-04
 2.25927907E-03
 7.52780938E-02
 2.66717517E-02
 0.00000000E+00
 9.18555963E-03
 1.03075346E-02
 2.84475227E-04
 4.80404919E-04
 1.17779683E-03
 6.86111336E-03
 4.68981293E-02
 2.35530450E-01
 2.97677543E-04
 4.70247747E-03
 8.60310299E-04
 1.78258503E-03
 2.71894506E-03
 1.35595534E-03
 2.07387747E-02
 0.00000000E+00
 3.78341106E-04
 3.44266844E-03
 1.68947813E-03
 2.83475638E-03
 6.42843534E-04
 4.56981495E-02
 0.00000000E+00
 1.61103898E-05
 3.86242324E-04
 1.87165445E-03
 9.87671694E-03
 5.52643202E-02
 0.00000000E+00
 1.45497555E-03
 3.30165178E-03
 6.61808001E-03
 1.23922885E-02
 0.00000000E+00
 2.24553238E-03
 4.27706217E-03
 1.45026947E-02
 0.00000000E+00
 1.34270273E-02
 0.00000000E+00
 2.52413847E-02
 0.00000000E+00
 1.12529138E-01
 2.19693183E-03
 1.32962885E-04
 2.21488723E-04
 4.91545351E-04
 1.89525007E-04
 1.96787442E-03
 7.49223202E-02
 2.85986183E-02
 0.00000000E+00
 9.19289179E-03
 8.66229630E-03
 2.88391002E-04
 4.96815992E-04
 1.22512563E-03
 6.23330019E-03
 4.45937274E-02
 2.35033479E-01
 2.86750734E-04
 4.88215698E-03
 8.35030341E-04
 1.73925682E-03
 2.71217322E-03
 8.10020035E-04
 1.87179287E-02
 0.00000000E+00
 3.65197368E-04
 3.57854872E-03
 1.62842011E-03
 2.77428918E-03
 5.73475819E-04
 4.23068611E-02
 0.00000000E+00
 5.66447399E-05
 5.75655130E-04
 1.63899088E-03
 9.33884619E-03
 5.40612219E-02
 0.00000000E+00
 1.99976248E-03
 3.64339421E-03
 6.62174241E-03
 1.28617107E-02
 0.00000000E+00
 3.48150991E-04
 5.50868476E-03
 1.44031710E-02
 0.00000000E+00
 1.42148768E-02
 0.00000000E+00
 2.59187503E-02
 0.00000000E+00
 1.56002917E-01
 1.88361075E-02
 2.14981256E-04
 2.70494416E-04
 5.27342626E-04
 3.02862849E-04
 5.19093777E-03
 6.73965129E-02
 6.77746707E-02
 0.00000000E+00
 2.76905513E-02
 9.19856714E-03
 4.10459254E-04
 6.96959660E-04
 1.24298378E-03
 1.68494961E-02
 7.37803588E-02
 2.12572463E-01
 3.88617291E-04
 5.48677941E-03
 1.18930044E-03
 2.17480142E-03
 2.66607240E-03
 6.86470884E-03
 2.66216815E-02
 0.00000000E+00
 4.11000564E-04
 3.89127911E-03
 1.93150579E-03
 2.87522488E-03
 4.49437604E-04
 6.74213768E-02
 0.00000000E+00
 7.58025519E-05
 1.34545519E-04
 2.61558845E-03
 1.09883479E-02
 5.47072590E-02
 0.00000000E+00
 1.51852416E-03
 4.11253574E-03
 7.30867463E-03
 1.35089098E-02
 0.00000000E+00
 1.58418641E-04
 9.30301464E-03
 1.12785569E-02
 0.00000000E+00
 5.06160658E-03
 1.67322090E-02
 0.00000000E+00
 2.21341539E-02
 0.00000000E+00
 1.99477216E-01
 3.54730096E-02
 2.97345931E-04
 3.19112750E-04
 5.65931320E-04
 4.25091334E-04
 8.45261112E-03
 5.98226954E-02
 1.64850817E-01
 0.00000000E+00
 4.61895841E-02
 9.73956510E-03
 5.32055142E-04
 8.97565760E-04
 1.26730753E-03
 2.75686781E-02
 1.03273798E-01
 1.89836625E-01
 4.89341733E-04
 6.09176262E-03
 1.54752451E-03
 2.62265061E-03
 2.63749168E-03
 1.29875780E-02
 3.47123778E-02
 0.00000000E+00
 4.54166415E-04
 4.19804009E-03
 2.23649221E-03
 3.00745937E-03
 3.59930246E-04
 9.30782170E-02
 0.00000000E+00
 2.08325394E-04
 3.09154913E-04
 3.59134730E-03
 1.26238521E-02
 5.53376658E-02
 0.00000000E+00
 1.03885383E-03
 4.58691549E-03
 7.99693459E-03
 1.41105310E-02
 0.00000000E+00
 6.65234617E-04
 1.31203587E-02
 8.15400236E-03
 0.00000000E+00
 6.95146037E-03
 1.92586080E-02
 0.00000000E+00
 1.83369075E-02
 0.00000000E+00
 3.14901018E-01
 1.13872608E-01
 3.67294913E-02
 2.17672602E-02
 6.14193935E-03
 3.59128507E-03
 1.15549658E-02
 8.72614588E-03
 2.42779463E-01
 0.00000000E+00
 1.37622243E-01
 1.31393074E-02
 1.49196506E-03
 1.76097915E-03
 3.34692885E-03
 3.00747115E-02
 9.29364303E-02
 5.70343824E-02
 5.22615485E-02
 1.71954715E-02
 2.62860360E-03
 3.71003648E-03
 5.02897727E-03
 1.09927580E-02
 3.64053699E-02
 0.00000000E+00
 3.57949845E-02
 1.27175839E-02
 3.48723711E-03
 7.75711725E-03
 3.85395661E-03
 3.33373213E-02
 0.00000000E+00
 1.44591086E-02
 3.98439559E-03
 3.28799599E-03
 9.74901080E-03
 4.95411010E-02
 0.00000000E+00
 7.44862763E-04
 5.20574868E-03
 2.00153461E-03
 5.59949368E-02
 0.00000000E+00
 4.54988034E-03
 1.77565268E-02
 4.77741484E-02
 0.00000000E+00
 1.24180777E-02
 4.03048464E-02
 0.00000000E+00
 6.57865039E-02
 0.00000000E+00
 5.12843495E-01
 2.96696788E-01
 1.79756137E-01
 1.37785822E-01
 1.00124909E-01
 1.02534190E-01
 1.44652984E-01
 2.25713568E-01
 4.39100851E-01
 0.00000000E+00
 3.32863954E-01
 1.16121877E-01
 3.87326273E-02
 1.66485180E-02
 3.76443228E-03
 1.89834122E-02
 6.15976163E-02
 2.34553630E-01
 2.20679728E-01
 2.44363779E-02
 5.53796776E-03
 1.47347807E-02
 6.63490099E-03
 5.04457252E-02
 1.54906319E-01
 0.00000000E+00
 1.77432577E-01
 8.67242129E-03
 1.35538394E-02
 2.63896981E-02
 5.22194954E-03
 1.13136373E-02
 0.00000000E+00
 1.25144978E-01
 1.34066264E-03
 4.98585416E-05
 4.87052728E-04
 5.80260521E-02
 0.00000000E+00
 9.28093506E-02
 6.56674974E-03
 3.06573991E-04
 1.45053223E-01
 0.00000000E+00
 9.81639852E-02
 3.41798172E-02
 8.27836416E-02
 0.00000000E+00
 1.13354412E-01
 9.10352937E-02
 0.00000000E+00
 7.79082986E-04
 0.00000000E+00
