 0.00000000E+00
 0.00000000E+00
 1.61649468E-01
 1.26057868E-01
 9.04732014E-02
 9.05202300E-02
 1.25666575E-01
 1.61663322E-01
 3.10567891E-01
 5.76806842E-01
 0.00000000E+00
 3.93145446E-01
 3.30709592E-02
 1.95798463E-02
 6.12232582E-03
 6.53429919E-03
 1.97501817E-02
 3.55293636E-02
 0.00000000E+00
 2.58968354E-01
 1.29870447E-04
 5.85764840E-04
 8.37780438E-04
 6.11862065E-03
 2.07925640E-02
 0.00000000E+00
 0.00000000E+00
 2.26798382E-01
 6.25474948E-04
 1.45717856E-03
 1.61550900E-03
 2.76244882E-02
 8.54393447E-02
 0.00000000E+00
 1.95041229E-01
 7.82577932E-04
 1.47036578E-03
 8.76137364E-04
 6.47583899E-02
 0.00000000E+00
 1.67911686E-01
 5.74874975E-03
 2.66898217E-02
 6.45579009E-02
 0.00000000E+00
 4.10156893E-02
 1.84071024E-02
 8.25779595E-02
 2.61453769E-02
 3.82315093E-02
 4.80167244E-01
 6.77901159E-01
 0.00000000E+00
 0.00000000E+00
 3.28610866E-02
 1.97205803E-02
 6.37040951E-03
 6.27488770E-03
 1.87690452E-02
 3.13610521E-02
 1.27100337E-01
 4.12743570E-01
 0.00000000E+00
 3.90874834E-01
 4.96072979E-05
 4.63227190E-05
 3.75111045E-04
 6.81005615E-04
 2.21466240E-03
 1.89715042E-03
 0.00000000E+00
 1.55618151E-01
 9.53291013E-06
 6.96763570E-05
 7.40603318E-04
 2.26828193E-03
 1.09877710E-02
 0.00000000E+00
 0.00000000E+00
 1.02905916E-01
 8.92730371E-05
 4.32122418E-04
 1.53623993E-03
 1.21521462E-02
 4.73720055E-02
 0.00000000E+00
 5.00598212E-02
 7.31165636E-04
 1.49627175E-03
 2.45378587E-03
 5.74491188E-02
 0.00000000E+00
 3.92668088E-02
 2.35843050E-03
 1.18155204E-02
 5.76313512E-02
 0.00000000E+00
 1.34813413E-01
 1.01398492E-02
 4.60538591E-02
 8.80634432E-02
 3.61347770E-02
 2.76711826E-01
 5.16151746E-01
 0.00000000E+00
 0.00000000E+00
 9.64360436E-06
 5.00266675E-06
 1.09299473E-04
 2.61081172E-06
 2.53936965E-04
 1.78112927E-03
 3.46025302E-02
 3.10830020E-01
 0.00000000E+00
 4.43762897E-01
 1.07351639E-05
 1.23958077E-05
 2.13104750E-04
 5.52767078E-04
 2.29795897E-03
 4.54936541E-03
 0.00000000E+00
 1.10503324E-01
 1.15553314E-05
 1.46129412E-06
 4.97702780E-04
 7.80182519E-05
 4.98363739E-03
 0.00000000E+00
 0.00000000E+00
 6.62269125E-02
 1.53261560E-05
 2.15495062E-05
 1.22052088E-03
 9.61403496E-04
 2.00691823E-02
 0.00000000E+00
 2.18654465E-02
 4.95593715E-04
 1.19414583E-03
 2.73913872E-03
 5.26118358E-02
 0.00000000E+00
 5.46519550E-02
 6.98353329E-05
 9.19534388E-04
 5.29310079E-02
 0.00000000E+00
 1.43326949E-01
 4.61617459E-03
 1.95100025E-02
 4.51227073E-02
 3.46660998E-02
 1.99959351E-01
 4.33826638E-01
 0.00000000E+00
 0.00000000E+00
 5.57612315E-06
 1.30210633E-06
 8.26517040E-05
 1.90469268E-06
 1.53506722E-04
 1.98556828E-03
 1.98851301E-02
 2.92245360E-01
 0.00000000E+00
 5.28047845E-01
 9.45648586E-06
 6.74759386E-06
 1.57035187E-04
 3.23903816E-04
 1.64185535E-03
 5.09044337E-03
 0.00000000E+00
 1.32695211E-01
 8.78239761E-06
 1.09419558E-06
 3.86771972E-04
 2.65334394E-04
 4.73159913E-03
 0.00000000E+00
 0.00000000E+00
 7.94057236E-02
 1.46102416E-05
 2.35038764E-05
 1.00751114E-03
 5.00603485E-04
 1.98962888E-02
 0.00000000E+00
 2.63083482E-02
 3.87665987E-04
 9.87628993E-04
 2.62758165E-03
 5.23845037E-02
 0.00000000E+00
 1.06435027E-01
 6.40931231E-05
 5.56515321E-04
 5.27426607E-02
 0.00000000E+00
 1.01903384E-01
 4.45138099E-03
 1.94174498E-02
 3.04406738E-02
 3.44746724E-02
 1.76063048E-01
 4.21930246E-01
 0.00000000E+00
 0.00000000E+00
 2.30298563E-07
 1.94553025E-06
 5.45306316E-05
 2.09864354E-06
 4.86016272E-05
 2.17789347E-03
 5.49095581E-03
 2.74059756E-01
 0.00000000E+00
 6.10561158E-01
 6.63491005E-06
 2.47577488E-06
 9.82242281E-05
 9.44597942E-05
 9.94552869E-04
 5.61719877E-03
 0.00000000E+00
 1.54426752E-01
 5.07387287E-06
 1.02374506E-06
 2.81034772E-04
 4.51893054E-04
 4.48067327E-03
 0.00000000E+00
 0.00000000E+00
 9.23118811E-02
 1.43461120E-05
 2.62632498E-05
 8.00298832E-04
 4.90455206E-05
 1.97279263E-02
 0.00000000E+00
 3.06597430E-02
 2.83108828E-04
 7.86754220E-04
 2.51963949E-03
 5.21609287E-02
 0.00000000E+00
 1.57128843E-01
 1.96327845E-04
 2.01185693E-04
 5.25571887E-02
 0.00000000E+00
 6.13507145E-02
 4.28839195E-03
 1.93274670E-02
 1.60763163E-02
 3.42841212E-02
 1.52673412E-01
 4.10290162E-01
 0.00000000E+00
 0.00000000E+00
 4.97905110E-07
 6.16977368E-07
 5.43501118E-05
 1.38499971E-06
 5.17894843E-05
 2.16600496E-03
 6.30637517E-03
 2.75016807E-01
 0.00000000E+00
 0.00000000E+00
 6.95143075E-06
 3.89595297E-06
 1.00030964E-04
 1.01989269E-04
 1.02520650E-03
 5.58799119E-03
 0.00000000E+00
 1.53245092E-01
 4.08256753E-06
 2.77434565E-06
 2.90079609E-04
 4.33138894E-04
 4.51842728E-03
 0.00000000E+00
 0.00000000E+00
 9.16099868E-02
 1.50489245E-05
 2.70743787E-05
 8.15825074E-04
 9.44949309E-05
 1.97082766E-02
 0.00000000E+00
 3.04225232E-02
 2.90161034E-04
 8.00758796E-04
 2.52978344E-03
 5.21530898E-02
 0.00000000E+00
 1.54372999E-01
 1.87066441E-04
 2.28403201E-04
 5.25460827E-02
 0.00000000E+00
 6.35572110E-02
 4.30108397E-03
 1.93269073E-02
 1.68581592E-02
 3.42832826E-02
 1.72934171E-01
 4.20463919E-01
 0.00000000E+00
 0.00000000E+00
 6.86583258E-06
 5.43864760E-06
 8.13859918E-05
 7.98737542E-06
 1.60344873E-04
 1.95703207E-03
 2.18591649E-02
 2.94527699E-01
 0.00000000E+00
 0.00000000E+00
 1.05025516E-05
 1.07121370E-05
 1.61136138E-04
 3.39935961E-04
 1.71354524E-03
 5.02109017E-03
 0.00000000E+00
 1.29857845E-01
 5.75072333E-06
 4.01910091E-06
 4.10256797E-04
 2.15409774E-04
 4.83587208E-03
 0.00000000E+00
 0.00000000E+00
 7.77202372E-02
 1.66764653E-05
 2.58414644E-05
 1.04709614E-03
 6.21575506E-04
 1.98327644E-02
 0.00000000E+00
 2.57381746E-02
 4.05334625E-04
 1.02277885E-03
 2.65427344E-03
 5.23543320E-02
 0.00000000E+00
 9.98191078E-02
 4.06286821E-05
 6.26579744E-04
 5.27040608E-02
 0.00000000E+00
 1.07201505E-01
 4.48409387E-03
 1.94132174E-02
 0.00000000E+00
 3.23184640E-02
 3.44663779E-02
 2.35495279E-01
 4.51778790E-01
 0.00000000E+00
 0.00000000E+00
 1.32290835E-05
 9.44360792E-06
 1.11912071E-04
 1.05113861E-05
 2.68693688E-04
 1.75360137E-03
 3.70994731E-02
 3.13649362E-01
 0.00000000E+00
 0.00000000E+00
 1.15017883E-05
 1.42112369E-05
 2.24997541E-04
 5.77055780E-04
 2.39171975E-03
 4.47186613E-03
 0.00000000E+00
 1.06953529E-01
 6.40057482E-06
 7.05032047E-06
 5.30789308E-04
 5.25008674E-06
 5.14256954E-03
 0.00000000E+00
 0.00000000E+00
 6.41181503E-02
 1.87203651E-05
 2.55676775E-05
 1.27499940E-03
 1.13752195E-03
 1.99555460E-02
 0.00000000E+00
 2.11512904E-02
 5.19243727E-04
 1.24161428E-03
 2.77749702E-03
 5.25504638E-02
 0.00000000E+00
 4.63779859E-02
 1.01700073E-04
 1.01660436E-03
 5.28577249E-02
 0.00000000E+00
 1.49955028E-01
 4.66173129E-03
 1.94983140E-02
 0.00000000E+00
 4.74724049E-02
 3.46426647E-02
 2.96780373E-01
 4.82461508E-01
 0.00000000E+00
 0.00000000E+00
 3.42619044E-02
 2.05659015E-02
 6.64216298E-03
 6.55480546E-03
 1.95786247E-02
 3.27644889E-02
 1.32723745E-01
 4.18828368E-01
 0.00000000E+00
 0.00000000E+00
 5.11744942E-05
 5.07246549E-05
 4.00351488E-04
 6.95781007E-04
 2.25508600E-03
 1.74933775E-03
 0.00000000E+00
 1.55185435E-01
 6.84065286E-07
 8.57183926E-05
 7.90829965E-04
 2.42462725E-03
 1.13871204E-02
 0.00000000E+00
 0.00000000E+00
 1.03068630E-01
 1.01130474E-04
 4.68240434E-04
 1.60700037E-03
 1.27230622E-02
 4.81371861E-02
 0.00000000E+00
 5.07851213E-02
 7.64109747E-04
 1.55506070E-03
 2.47569644E-03
 5.75110758E-02
 0.00000000E+00
 3.31452160E-02
 2.47949046E-03
 1.23378745E-02
 5.77032012E-02
 0.00000000E+00
 1.38824242E-01
 1.04066739E-02
 4.70779604E-02
 0.00000000E+00
 9.14257475E-02
 3.61496440E-02
 3.56154355E-01
 5.57899111E-01
 0.00000000E+00
 0.00000000E+00
 1.65028276E-01
 1.28676218E-01
 9.23391441E-02
 9.23812954E-02
 1.28218750E-01
 1.64921727E-01
 3.17112944E-01
 5.83076004E-01
 0.00000000E+00
 0.00000000E+00
 3.37575077E-02
 1.99673500E-02
 6.23389671E-03
 6.66335990E-03
 2.01272518E-02
 3.62619948E-02
 0.00000000E+00
 2.60907981E-01
 1.52584021E-04
 6.46512137E-04
 8.84396517E-04
 6.26425838E-03
 2.11739566E-02
 0.00000000E+00
 0.00000000E+00
 2.29462879E-01
 6.72499390E-04
 1.55304853E-03
 1.67415903E-03
 2.81539806E-02
 8.60313970E-02
 0.00000000E+00
 1.98450684E-01
 8.14313706E-04
 1.52648437E-03
 8.37386418E-04
 6.47811364E-02
 0.00000000E+00
 1.67618418E-01
 5.89913884E-03
 2.72499715E-02
 6.46463008E-02
 0.00000000E+00
 4.27999364E-02
 1.87511621E-02
 8.37048629E-02
 0.00000000E+00
 2.69859293E-02
 3.82461891E-02
 5.23817922E-01
 7.01964818E-01
