 4.19707606E-01
 2.52900939E-01
 1.59402484E-01
 1.32936398E-01
 9.80622374E-02
 7.91792088E-02
 1.03953837E-01
 1.97007541E-01
 4.42739354E-01
 0.00000000E+00
 2.36147799E-01
 9.46936232E-02
 3.51658094E-02
 3.77846592E-02
 2.45483457E-02
 5.50776971E-03
 3.24512356E-02
 2.44760546E-01
 1.45933181E-01
 3.55545932E-02
 1.24727793E-02
 3.46309290E-02
 2.80755917E-02
 4.50763934E-02
 1.71183669E-01
 3.90287389E+00
 1.20930494E-01
 3.57602057E-02
 3.35735199E-02
 6.43603703E-02
 4.13933129E-02
 4.93810888E-02
 3.83863978E-01
 9.09445784E-02
 1.85067332E-02
 2.05001140E-02
 3.11648336E-02
 1.45969185E-02
 2.18348673E-01
 9.51449301E-02
 5.46915288E-03
 7.17802973E-03
 5.10987992E-02
 1.81694675E-01
 1.40754475E-01
 3.64436221E-03
 1.66752069E-02
 2.10424712E-01
 4.75955541E-04
 8.92160107E-02
 3.61570020E-01
 6.56128418E-01
 2.43394067E-01
 9.92165962E-02
 3.26516099E-02
 1.97776546E-02
 1.22172262E-02
 1.46980712E-02
 4.77550246E-02
 6.63328582E-02
 2.40623990E-01
 0.00000000E+00
 8.65051324E-02
 2.22535517E-02
 1.11370937E-03
 1.18599144E-03
 1.11940559E-02
 4.83414315E-02
 1.52576521E-01
 1.13785074E-01
 2.59337952E-02
 3.19154802E-03
 3.16912237E-03
 6.43120695E-03
 1.94505848E-02
 5.97269786E-03
 6.06370068E-04
 6.07264028E+00
 1.37451941E-02
 2.39250704E-03
 6.22944764E-03
 1.91670818E-02
 3.19007060E-02
 3.09579121E-02
 2.05095275E-01
 7.27904775E-03
 7.48433444E-03
 1.28009848E-02
 2.19628399E-02
 8.25044974E-03
 2.08039877E-01
 2.11541715E-02
 1.12273549E-03
 4.08979422E-03
 1.18823084E-02
 1.81708039E-01
 5.98544652E-02
 1.54732564E-03
 1.35911460E-02
 1.23064431E-01
 1.08245726E-02
 9.17634768E-02
 1.99612222E-01
 5.14316774E-01
 1.51502132E-01
 3.48618404E-02
 2.08874776E-04
 3.44360086E-04
 2.31033826E-03
 1.45195216E-04
 1.77671459E-02
 1.23769589E-01
 1.68436567E-01
 0.00000000E+00
 2.87022026E-02
 2.96346519E-03
 4.45511389E-04
 8.14966738E-04
 4.41887602E-03
 4.08175852E-02
 1.61497489E-01
 3.02201274E-01
 4.34497487E-04
 1.14481257E-03
 1.38180125E-03
 2.49522131E-03
 1.01531497E-02
 9.04586356E-03
 4.18062367E-02
 7.63593392E+00
 8.33973157E-04
 1.29991072E-03
 2.52955339E-03
 3.13608870E-03
 1.98873322E-02
 6.84732158E-02
 9.97591747E-02
 1.21394961E-04
 2.19639370E-03
 5.33073651E-03
 1.10381815E-02
 6.63742260E-03
 1.97951180E-01
 1.54170836E-02
 1.45479487E-03
 7.71719418E-03
 1.97946372E-02
 1.73869643E-01
 4.25454996E-02
 1.58021733E-03
 7.63542740E-04
 5.16863879E-02
 2.58237549E-03
 9.15970171E-02
 1.07789390E-01
 4.20271546E-01
 1.18195185E-01
 2.14580982E-02
 1.55297855E-04
 3.18581648E-04
 2.05137333E-03
 1.13462078E-04
 1.05587518E-02
 1.38699728E-01
 6.67011359E-02
 0.00000000E+00
 1.70510876E-02
 2.55546485E-03
 3.29140584E-04
 6.92543358E-04
 3.94216706E-03
 2.42604485E-02
 1.15362614E-01
 3.38666952E-01
 3.83439168E-04
 1.03009134E-03
 1.04222389E-03
 2.05694188E-03
 8.69247157E-03
 1.66821374E-03
 2.67558656E-02
 8.41634146E+00
 4.70505132E-04
 1.15862745E-03
 2.12872019E-03
 2.99247392E-03
 1.59600492E-02
 4.46984109E-02
 1.03584411E-01
 3.19366381E-04
 2.34166745E-03
 4.90884420E-03
 8.54981499E-03
 5.89367577E-03
 2.03336481E-01
 9.64813407E-03
 1.07465246E-03
 5.61994402E-03
 1.53239540E-02
 1.75502758E-01
 2.69933582E-02
 9.01709634E-04
 1.68279440E-03
 5.27388729E-02
 2.14896476E-03
 9.24648990E-02
 9.26276036E-02
 4.12944339E-01
 8.48903591E-02
 8.05664694E-03
 1.00953736E-04
 2.92759422E-04
 1.79895949E-03
 8.62969370E-05
 3.35859161E-03
 1.53602870E-01
 3.48207597E-02
 0.00000000E+00
 5.40051953E-03
 2.14746460E-03
 2.13303930E-04
 5.71668817E-04
 3.47891385E-03
 7.73308438E-03
 6.93470282E-02
 3.75009224E-01
 3.33856025E-04
 9.13028202E-04
 7.01624932E-04
 1.62118913E-03
 7.24930282E-03
 1.23484119E-02
 1.17923852E-02
 9.17950965E+00
 1.09611040E-04
 1.01295876E-03
 1.72808106E-03
 2.86647521E-03
 1.20685295E-02
 2.10634264E-02
 1.07440133E-01
 5.22150062E-04
 2.49710671E-03
 4.50532504E-03
 6.09246236E-03
 5.16882127E-03
 2.08757572E-01
 3.88080653E-03
 6.94396715E-04
 3.52377086E-03
 1.08517179E-02
 1.77152897E-01
 1.14471938E-02
 2.23854565E-04
 4.13165456E-03
 5.38058434E-02
 1.71564970E-03
 9.33356874E-02
 7.74529964E-02
 4.05611695E-01
 8.48327020E-02
 7.63778737E-03
 1.05649392E-04
 2.97691609E-04
 1.81441369E-03
 1.12950333E-04
 3.52199510E-03
 1.53792191E-01
 3.42299881E-02
 0.00000000E+00
 5.39974447E-03
 1.82780004E-03
 2.18025441E-04
 5.84753422E-04
 3.50312077E-03
 7.98016544E-03
 7.03036478E-02
 3.75165482E-01
 3.35644123E-04
 9.54998233E-04
 7.03089428E-04
 1.62391470E-03
 7.21637950E-03
 1.25929307E-02
 1.07727683E-02
 9.08531828E+00
 1.13035969E-04
 1.04753693E-03
 1.71208376E-03
 2.85387000E-03
 1.18762090E-02
 1.97371128E-02
 1.07174307E-01
 5.41305538E-04
 2.56108634E-03
 4.54925071E-03
 6.07461606E-03
 5.30003417E-03
 2.08362544E-01
 8.58670943E-04
 6.92958265E-04
 3.49188090E-03
 1.08159477E-02
 1.76911604E-01
 3.13358250E-03
 2.35378509E-04
 4.15010332E-03
 5.37822169E-02
 1.70240185E-03
 9.32972724E-02
 6.82576701E-02
 4.01722757E-01
 1.18017750E-01
 2.01993933E-02
 1.68781300E-04
 3.30827583E-04
 2.09568234E-03
 1.92982144E-04
 1.10285673E-02
 1.39310648E-01
 6.81500478E-02
 0.00000000E+00
 1.70470036E-02
 1.91831350E-03
 3.41897564E-04
 7.26689877E-04
 4.01081094E-03
 2.49455050E-02
 1.18040890E-01
 3.39321643E-01
 3.88720825E-04
 1.15578560E-03
 1.04461776E-03
 2.05787619E-03
 8.58626487E-03
 2.45117234E-03
 2.35874953E-02
 8.16095944E+00
 4.80798881E-04
 1.26185700E-03
 2.07791792E-03
 2.94612366E-03
 1.53658330E-02
 4.05822515E-02
 1.02781125E-01
 3.76752125E-04
 2.53336542E-03
 5.03768738E-03
 8.48310869E-03
 6.28283821E-03
 2.02143375E-01
 5.81217354E-04
 1.07036225E-03
 5.52479789E-03
 1.52221937E-02
 1.74774064E-01
 2.05087535E-03
 9.36666323E-04
 1.73557304E-03
 5.26620156E-02
 9.74685284E-04
 2.10954871E-03
 9.23477593E-02
 6.50492108E-02
 4.01281747E-01
 1.51199248E-01
 3.27609607E-02
 2.31647516E-04
 3.63668704E-04
 2.38026533E-03
 2.76145496E-04
 1.85146860E-02
 1.24856274E-01
 1.70314968E-01
 0.00000000E+00
 2.86920744E-02
 2.01139609E-03
 4.64697032E-04
 8.67922194E-04
 4.52484356E-03
 4.18688057E-02
 1.65642695E-01
 3.03602012E-01
 4.43104577E-04
 1.35418752E-03
 1.38488799E-03
 2.49490901E-03
 9.96642598E-03
 7.65846230E-03
 3.63440142E-02
 7.25557687E+00
 8.50880748E-04
 1.47180347E-03
 2.44335913E-03
 3.05578765E-03
 1.88707785E-02
 6.13804372E-02
 9.84098646E-02
 2.15995678E-04
 2.51384111E-03
 5.54098531E-03
 1.09147366E-02
 7.28009383E-03
 1.95946035E-01
 3.04497973E-04
 1.44754877E-03
 7.55693350E-03
 1.96232075E-02
 1.72649149E-01
 9.71615639E-04
 1.63894673E-03
 6.78210271E-04
 5.15543954E-02
 2.20579750E-03
 2.51734328E-03
 9.13996276E-02
 6.18378034E-02
 4.00840842E-01
 2.42795296E-01
 9.65034532E-02
 3.27787042E-02
 1.99088825E-02
 1.20894711E-02
 1.51578854E-02
 4.97013748E-02
 6.75002012E-02
 2.42093747E-01
 0.00000000E+00
 8.63209276E-02
 2.13066180E-02
 1.19073006E-03
 1.33391385E-03
 1.08823258E-02
 4.96889988E-02
 1.56640298E-01
 1.13023617E-01
 2.58971287E-02
 3.98427118E-03
 3.08227037E-03
 6.11020657E-03
 1.84707068E-02
 4.78168738E-03
 7.18855539E-03
 5.63489508E+00
 1.36337578E-02
 2.88251108E-03
 5.83216759E-03
 1.76740894E-02
 2.95779012E-02
 2.37826515E-02
 2.00281498E-01
 7.08577969E-03
 7.44290893E-03
 1.22552211E-02
 2.07165773E-02
 8.43044055E-03
 2.04427320E-01
 9.27651811E-03
 1.03986216E-03
 3.95504960E-03
 1.15053291E-02
 1.79773624E-01
 2.71877044E-02
 1.42553171E-03
 1.33987346E-02
 1.21837406E-01
 3.46108652E-02
 1.08038873E-02
 9.13950917E-02
 1.62489677E-01
 4.98543056E-01
 4.18795265E-01
 2.50026136E-01
 1.59672165E-01
 1.32715326E-01
 9.76452615E-02
 7.86427427E-02
 1.02356057E-01
 1.96777542E-01
 4.44011102E-01
 0.00000000E+00
 2.35411203E-01
 9.36580508E-02
 3.52011496E-02
 3.69918729E-02
 2.35656885E-02
 4.73140559E-03
 3.07311599E-02
 2.47529546E-01
 1.45210209E-01
 3.63726996E-02
 1.16792336E-02
 3.24271850E-02
 2.60822275E-02
 4.65422704E-02
 1.78651383E-01
 3.51145235E+00
 1.19725663E-01
 3.50786412E-02
 3.09226584E-02
 5.92230720E-02
 3.75343013E-02
 5.55377711E-02
 3.76112902E-01
 9.02355865E-02
 1.78997992E-02
 1.89389859E-02
 2.87405717E-02
 1.35887695E-02
 2.13695555E-01
 8.95555878E-02
 5.19861086E-03
 7.06268954E-03
 4.99664216E-02
 1.79396755E-01
 1.25403783E-01
 3.42256973E-03
 1.61350350E-02
 2.07880777E-01
 1.51025591E-01
 4.24833910E-04
 8.86452374E-02
 3.42603910E-01
 6.48029159E-01
