 0.00000000E+00
 0.00000000E+00
 4.18843710E-02
 3.54891485E-02
 2.40108042E-02
 5.46658824E-03
 2.32858305E-03
 1.55614934E-02
 1.65091794E-01
 5.01414715E-01
 0.00000000E+00
 3.25557835E-01
 2.08490589E-02
 2.08209074E-02
 1.62911596E-02
 8.28399468E-04
 6.30407279E-03
 1.54891523E-02
 0.00000000E+00
 2.37095320E-01
 7.26494698E-03
 1.20096196E-02
 1.26567298E-02
 1.27249594E-02
 4.28631231E-02
 0.00000000E+00
 0.00000000E+00
 2.14518743E-01
 9.44589778E-03
 1.46849308E-02
 1.34617323E-02
 4.65380076E-02
 2.07927893E-01
 0.00000000E+00
 1.96363963E-01
 1.13395907E-02
 1.64127920E-02
 7.01705940E-03
 1.29428008E-01
 0.00000000E+00
 1.67425775E-01
 7.12628230E-03
 3.37557999E-02
 1.15980063E-01
 0.00000000E+00
 4.24845397E-02
 1.57903233E-02
 1.34909542E-01
 1.62438771E-02
 6.02203688E-02
 4.75418166E-01
 6.90226826E-01
 0.00000000E+00
 0.00000000E+00
 1.03467927E-02
 8.22049986E-03
 1.04542262E-02
 3.28426110E-03
 2.01261032E-03
 6.54865953E-03
 7.29570338E-02
 3.72232733E-01
 0.00000000E+00
 2.78385932E-01
 4.84554078E-03
 4.09398168E-03
 8.15609154E-03
 7.85958825E-04
 2.21070992E-03
 1.09325297E-02
 0.00000000E+00
 1.20831271E-01
 2.37007876E-03
 2.57838160E-03
 8.49546084E-03
 4.03942651E-03
 2.11976497E-02
 0.00000000E+00
 0.00000000E+00
 8.07764064E-02
 1.33177146E-03
 3.66129874E-03
 1.16453693E-02
 1.18427822E-02
 1.23768011E-01
 0.00000000E+00
 4.76578280E-02
 7.20988747E-03
 1.28249778E-02
 1.53576974E-02
 1.21714318E-01
 0.00000000E+00
 4.24598377E-02
 3.49721269E-03
 1.03350175E-02
 1.14005990E-01
 0.00000000E+00
 1.20240765E-01
 8.91462176E-03
 7.81250360E-02
 8.18637144E-02
 6.10472499E-02
 2.73404472E-01
 5.30015283E-01
 0.00000000E+00
 0.00000000E+00
 3.94625000E-03
 2.83970287E-03
 4.64339794E-03
 1.68430137E-03
 3.73083365E-05
 8.93737023E-03
 3.24441092E-03
 2.72030712E-01
 0.00000000E+00
 3.21161702E-01
 1.27414579E-03
 1.41048783E-03
 4.17823040E-03
 1.61851329E-03
 1.10745243E-03
 1.08508776E-02
 0.00000000E+00
 9.80814946E-02
 1.09569840E-03
 9.11580587E-04
 4.78489124E-03
 1.56477153E-03
 4.83117388E-03
 0.00000000E+00
 0.00000000E+00
 5.80192134E-02
 2.17588537E-04
 1.77721170E-04
 8.43287389E-03
 1.30076454E-02
 5.95566714E-02
 0.00000000E+00
 2.19224808E-02
 4.21763826E-03
 9.52936253E-03
 1.62799422E-02
 1.14543060E-01
 0.00000000E+00
 5.67904962E-02
 4.17119023E-04
 7.61630767E-03
 1.09098160E-01
 0.00000000E+00
 1.30795638E-01
 9.89424474E-04
 3.34612835E-02
 3.87209544E-02
 6.12758154E-02
 1.88768834E-01
 4.40244475E-01
 0.00000000E+00
 0.00000000E+00
 2.76317143E-03
 2.09252742E-03
 3.70515504E-03
 1.38235252E-03
 6.18530342E-04
 1.03582395E-02
 3.45603009E-03
 2.72573251E-01
 0.00000000E+00
 4.10992361E-01
 1.07123246E-03
 1.11402738E-03
 3.43807305E-03
 1.53616872E-03
 7.81809198E-04
 1.29024033E-02
 0.00000000E+00
 1.22140056E-01
 8.26855215E-04
 7.24288144E-04
 3.87967662E-03
 3.15694203E-04
 6.72182759E-03
 0.00000000E+00
 0.00000000E+00
 6.75227821E-02
 1.26800865E-04
 6.88632608E-05
 6.82120649E-03
 7.75274718E-03
 5.94214360E-02
 0.00000000E+00
 2.44939545E-02
 3.45457282E-03
 7.81000011E-03
 1.56048806E-02
 1.16337904E-01
 0.00000000E+00
 1.09717281E-01
 4.40944397E-04
 5.10481956E-03
 1.10133060E-01
 0.00000000E+00
 9.33339250E-02
 2.29059564E-03
 3.40431319E-02
 2.53957030E-02
 6.20682051E-02
 1.67555306E-01
 4.29643167E-01
 0.00000000E+00
 0.00000000E+00
 1.56138541E-03
 1.33280963E-03
 2.76714464E-03
 1.09916017E-03
 1.24099315E-03
 1.17752600E-02
 3.66987132E-03
 2.73118602E-01
 0.00000000E+00
 5.02172560E-01
 8.62656759E-04
 8.11612442E-04
 2.70039716E-03
 1.47060692E-03
 4.27072858E-04
 1.49661516E-02
 0.00000000E+00
 1.46577228E-01
 5.55071209E-04
 5.40394003E-04
 2.97763916E-03
 2.22307748E-03
 8.60928385E-03
 0.00000000E+00
 0.00000000E+00
 7.71768068E-02
 3.01618011E-05
 4.09680437E-05
 5.19321959E-03
 2.42342118E-03
 5.93878297E-02
 0.00000000E+00
 2.71072635E-02
 2.67338193E-03
 6.06053266E-03
 1.49171778E-02
 1.18174456E-01
 0.00000000E+00
 1.63432077E-01
 1.30822319E-03
 2.55101589E-03
 1.11187936E-01
 0.00000000E+00
 5.53250851E-02
 3.60387268E-03
 3.46541326E-02
 1.19215951E-02
 6.28574554E-02
 1.46058859E-01
 4.18925157E-01
 0.00000000E+00
 0.00000000E+00
 1.52320675E-03
 1.32843895E-03
 2.74936448E-03
 1.17959419E-03
 1.32987308E-03
 1.17290002E-02
 3.70153024E-03
 2.73156558E-01
 0.00000000E+00
 0.00000000E+00
 8.48002570E-04
 7.94105594E-04
 2.66026407E-03
 1.62739819E-03
 1.11214425E-04
 1.49295635E-02
 0.00000000E+00
 1.47428541E-01
 5.13734024E-04
 4.91530449E-04
 2.89595004E-03
 2.45790065E-03
 9.18705099E-03
 0.00000000E+00
 0.00000000E+00
 7.74795756E-02
 1.46563526E-05
 6.01223987E-05
 5.09785804E-03
 1.87395402E-03
 5.89336787E-02
 0.00000000E+00
 2.71834576E-02
 2.63964416E-03
 5.98077319E-03
 1.48577449E-02
 1.18134574E-01
 0.00000000E+00
 1.65397742E-01
 1.34815691E-03
 2.41380692E-03
 1.11124233E-01
 0.00000000E+00
 5.38911652E-02
 3.67638960E-03
 3.46656355E-02
 1.14044084E-02
 6.28610702E-02
 1.62379657E-01
 4.26514988E-01
 0.00000000E+00
 0.00000000E+00
 2.66993697E-03
 2.08816883E-03
 3.66287194E-03
 1.62699581E-03
 8.79917806E-04
 1.02102057E-02
 3.54983286E-03
 2.72687399E-01
 0.00000000E+00
 0.00000000E+00
 1.03038739E-03
 1.06360010E-03
 3.32807117E-03
 2.01036691E-03
 1.66326164E-04
 1.27820976E-02
 0.00000000E+00
 1.24148539E-01
 7.06912369E-04
 5.76993275E-04
 3.64864729E-03
 9.97358342E-04
 8.44380111E-03
 0.00000000E+00
 0.00000000E+00
 6.82122131E-02
 8.03465287E-05
 8.30164377E-06
 6.56430081E-03
 6.19487271E-03
 5.80463621E-02
 0.00000000E+00
 2.46619350E-02
 3.36883428E-03
 7.60205354E-03
 1.54381045E-02
 1.16175947E-01
 0.00000000E+00
 1.14440458E-01
 5.41212835E-04
 4.75045665E-03
 1.09915493E-01
 0.00000000E+00
 8.98471745E-02
 2.47951817E-03
 3.40600933E-02
 0.00000000E+00
 2.41307948E-02
 6.20602100E-02
 2.17340468E-01
 4.52811186E-01
 0.00000000E+00
 0.00000000E+00
 3.82940048E-03
 2.85502097E-03
 4.59524274E-03
 2.09992351E-03
 4.67696490E-04
 8.66720507E-03
 3.39224957E-03
 2.72224512E-01
 0.00000000E+00
 0.00000000E+00
 1.21457347E-03
 1.33825467E-03
 4.01563995E-03
 2.41610257E-03
 4.74295054E-04
 1.06296490E-02
 0.00000000E+00
 1.00522109E-01
 9.03876211E-04
 6.69094711E-04
 4.42331856E-03
 4.67862850E-04
 7.68135682E-03
 0.00000000E+00
 0.00000000E+00
 5.88065740E-02
 1.42700143E-04
 7.84521071E-05
 8.05330021E-03
 1.05596934E-02
 5.72403579E-02
 0.00000000E+00
 2.21044605E-02
 4.10299819E-03
 9.24332253E-03
 1.60242232E-02
 1.14201985E-01
 0.00000000E+00
 6.27083634E-02
 2.80840939E-04
 7.11397898E-03
 1.08693682E-01
 0.00000000E+00
 1.26340034E-01
 1.25848175E-03
 3.34655411E-02
 0.00000000E+00
 3.70866566E-02
 6.12332384E-02
 2.73114398E-01
 4.79521377E-01
 0.00000000E+00
 0.00000000E+00
 1.01523745E-02
 8.33340858E-03
 1.01397868E-02
 4.61982068E-03
 4.77162566E-03
 6.34461191E-03
 7.41260988E-02
 3.73962759E-01
 0.00000000E+00
 0.00000000E+00
 4.49414364E-03
 3.88326906E-03
 7.56404985E-03
 1.74171926E-03
 6.38974544E-05
 1.21222007E-02
 0.00000000E+00
 1.21208074E-01
 2.00711505E-03
 2.19463457E-03
 7.76824227E-03
 4.65573016E-03
 2.32804578E-02
 0.00000000E+00
 0.00000000E+00
 8.02552107E-02
 1.14487261E-03
 3.34687435E-03
 1.10284411E-02
 1.24561551E-02
 1.15534141E-01
 0.00000000E+00
 4.68788319E-02
 7.01520048E-03
 1.24368186E-02
 1.50680586E-02
 1.20348369E-01
 0.00000000E+00
 4.68113126E-02
 3.47331513E-03
 1.01775461E-02
 1.13195188E-01
 0.00000000E+00
 1.17423777E-01
 8.91202903E-03
 7.65090279E-02
 0.00000000E+00
 7.91824842E-02
 6.09493944E-02
 3.39254329E-01
 5.59235213E-01
 0.00000000E+00
 0.00000000E+00
 4.09873145E-02
 3.46330916E-02
 2.33627735E-02
 5.90117049E-03
 2.28494819E-03
 2.05936738E-02
 1.64847875E-01
 5.03489686E-01
 0.00000000E+00
 0.00000000E+00
 2.00401808E-02
 1.97520208E-02
 1.54959952E-02
 5.41061944E-04
 7.58757088E-03
 2.07309771E-02
 0.00000000E+00
 2.34329326E-01
 6.62570090E-03
 1.08129111E-02
 1.17110795E-02
 1.17056744E-02
 4.12828924E-02
 0.00000000E+00
 0.00000000E+00
 2.11374010E-01
 8.83162716E-03
 1.36915904E-02
 1.28069133E-02
 4.46785805E-02
 1.93030382E-01
 0.00000000E+00
 1.93290598E-01
 1.09790051E-02
 1.57750874E-02
 6.87373776E-03
 1.26790531E-01
 0.00000000E+00
 1.67548347E-01
 7.13081114E-03
 3.33549382E-02
 1.15159037E-01
 0.00000000E+00
 4.15538550E-02
 1.59289122E-02
 1.32767376E-01
 0.00000000E+00
 1.64865704E-02
 6.01101705E-02
 5.05641545E-01
 7.02605170E-01
