 0.00000000E+00
 0.00000000E+00
 1.75997891E-01
 1.37680983E-01
 9.96477934E-02
 1.00900882E-01
 1.41459934E-01
 1.80424700E-01
 3.22648258E-01
 6.03505045E-01
 0.00000000E+00
 4.03178862E-01
 3.63384153E-02
 2.12307969E-02
 6.54633577E-03
 7.68665046E-03
 2.46532950E-02
 3.54076501E-02
 0.00000000E+00
 2.66808622E-01
 1.23309801E-03
 1.04480771E-03
 6.44900618E-04
 8.58117857E-04
 7.07925600E-04
 0.00000000E+00
 0.00000000E+00
 2.34849786E-01
 8.20781072E-04
 4.99449014E-05
 6.49525090E-04
 1.55401211E-02
 4.27237857E-02
 0.00000000E+00
 1.99757499E-01
 1.16365355E-03
 8.51561010E-04
 1.02851268E-04
 5.61105591E-02
 0.00000000E+00
 1.67003513E-01
 3.08411683E-03
 2.18862697E-02
 6.16148121E-02
 0.00000000E+00
 3.91320912E-02
 1.40556251E-02
 7.78032418E-02
 2.25479822E-02
 3.68177791E-02
 4.82896853E-01
 6.79474491E-01
 0.00000000E+00
 0.00000000E+00
 3.59530872E-02
 2.13970363E-02
 6.98890821E-03
 7.72483619E-03
 2.40672891E-02
 4.04830156E-02
 1.28777320E-01
 4.38168462E-01
 0.00000000E+00
 4.06137649E-01
 8.80536230E-04
 7.54961280E-04
 2.86754780E-04
 1.52952256E-03
 5.71930557E-03
 5.58537608E-03
 0.00000000E+00
 1.65023373E-01
 5.42181183E-04
 3.93109235E-04
 8.98977894E-05
 1.49525425E-03
 3.13824434E-03
 0.00000000E+00
 0.00000000E+00
 1.10686819E-01
 1.15338059E-04
 2.16419040E-04
 1.03088789E-03
 7.77243051E-03
 2.43339599E-02
 0.00000000E+00
 5.36552004E-02
 2.18772127E-05
 3.85040111E-04
 2.00840773E-03
 5.45598461E-02
 0.00000000E+00
 3.44276850E-02
 1.39167463E-03
 9.24923437E-03
 5.68358109E-02
 0.00000000E+00
 1.41236373E-01
 8.59092719E-03
 4.45356496E-02
 9.37145522E-02
 3.61734068E-02
 2.77385141E-01
 5.16554287E-01
 0.00000000E+00
 0.00000000E+00
 3.67454321E-04
 2.64105672E-04
 1.14604303E-04
 1.59256363E-04
 5.23895845E-04
 4.30700259E-03
 3.13744242E-02
 3.34018674E-01
 0.00000000E+00
 4.59548516E-01
 2.26714469E-04
 2.50269809E-04
 9.46249599E-05
 1.15443744E-03
 5.90468060E-03
 1.23372196E-02
 0.00000000E+00
 1.11621366E-01
 2.67366243E-04
 2.05973652E-04
 2.67761378E-04
 3.57762087E-04
 1.47312702E-03
 0.00000000E+00
 0.00000000E+00
 6.75037770E-02
 3.34707800E-05
 7.95985181E-06
 1.03766225E-03
 9.03690927E-04
 8.47009897E-03
 0.00000000E+00
 2.24368913E-02
 1.82816842E-04
 5.23494634E-04
 2.51718637E-03
 5.22180924E-02
 0.00000000E+00
 4.87370203E-02
 1.29469772E-04
 2.83166502E-04
 5.32847367E-02
 0.00000000E+00
 1.50361151E-01
 3.72835398E-03
 1.92787142E-02
 4.66276762E-02
 3.56046486E-02
 2.00535740E-01
 4.33617186E-01
 0.00000000E+00
 0.00000000E+00
 2.54813161E-04
 1.91680557E-04
 1.07304226E-04
 1.29176929E-04
 2.59688986E-04
 4.81502460E-03
 2.03632091E-02
 3.16414650E-01
 0.00000000E+00
 5.44256848E-01
 1.89593423E-04
 1.95172000E-04
 1.30546348E-04
 5.86843501E-04
 4.16869428E-03
 1.38364120E-02
 0.00000000E+00
 1.33764962E-01
 1.99817810E-04
 1.60225908E-04
 1.69322390E-04
 4.41480372E-04
 1.74423836E-03
 0.00000000E+00
 0.00000000E+00
 8.22831114E-02
 9.68399979E-06
 2.72400003E-05
 8.69369846E-04
 6.82112220E-04
 9.13952407E-03
 0.00000000E+00
 2.74390560E-02
 9.27465742E-05
 4.34076566E-04
 2.35091306E-03
 5.22165924E-02
 0.00000000E+00
 1.00963720E-01
 9.78207168E-06
 3.60903947E-05
 5.34307969E-02
 0.00000000E+00
 1.07075121E-01
 3.79006789E-03
 1.93321234E-02
 3.08032147E-02
 3.58582852E-02
 1.76360692E-01
 4.21334714E-01
 0.00000000E+00
 0.00000000E+00
 1.41908127E-04
 1.19131906E-04
 1.00922330E-04
 1.01830736E-04
 9.26317928E-06
 5.31761899E-03
 9.35560249E-03
 2.98810864E-01
 0.00000000E+00
 6.28692838E-01
 1.51745926E-04
 1.40065633E-04
 1.68282651E-04
 1.63894813E-05
 2.42935885E-03
 1.53291991E-02
 0.00000000E+00
 1.55804946E-01
 1.32609951E-04
 1.15646887E-04
 6.94531090E-05
 5.23367302E-04
 2.02000220E-03
 0.00000000E+00
 0.00000000E+00
 9.69779787E-02
 1.54790516E-05
 6.32222052E-05
 7.02458137E-04
 4.58318014E-04
 9.75425789E-03
 0.00000000E+00
 3.24088426E-02
 7.08980177E-06
 3.49257485E-04
 2.18893645E-03
 5.22078987E-02
 0.00000000E+00
 1.52838369E-01
 1.10827062E-04
 2.07179219E-04
 5.35735390E-02
 0.00000000E+00
 6.40946671E-02
 3.85471806E-03
 1.93780323E-02
 1.50740161E-02
 3.61165728E-02
 1.52351869E-01
 4.09126178E-01
 0.00000000E+00
 0.00000000E+00
 1.37099735E-04
 1.17855124E-04
 1.03239129E-04
 1.09043608E-04
 3.14320931E-05
 5.28074126E-03
 9.49488455E-03
 2.98780302E-01
 0.00000000E+00
 0.00000000E+00
 1.47761730E-04
 1.35606894E-04
 1.69201265E-04
 4.59219407E-05
 2.24948450E-03
 1.52297576E-02
 0.00000000E+00
 1.55538402E-01
 1.20807555E-04
 1.01556325E-04
 7.20369943E-05
 4.74187202E-04
 1.89552538E-03
 0.00000000E+00
 0.00000000E+00
 9.68119742E-02
 2.00580432E-05
 6.92139588E-05
 6.86153187E-04
 3.30780872E-04
 1.01068446E-02
 0.00000000E+00
 3.23446242E-02
 9.04427810E-07
 3.32742977E-04
 2.14388865E-03
 5.22856831E-02
 0.00000000E+00
 1.51979458E-01
 1.12163730E-04
 2.06146593E-04
 5.36470329E-02
 0.00000000E+00
 6.47893913E-02
 3.85494450E-03
 1.93966933E-02
 1.53372929E-02
 3.61439044E-02
 1.71219315E-01
 4.18648436E-01
 0.00000000E+00
 0.00000000E+00
 2.40012602E-04
 1.87401126E-04
 1.13954732E-04
 1.50407123E-04
 1.93230218E-04
 4.70574753E-03
 2.07690834E-02
 3.16323126E-01
 0.00000000E+00
 0.00000000E+00
 1.77410869E-04
 1.81251439E-04
 1.33275517E-04
 3.98245505E-04
 3.62480649E-03
 1.35417154E-02
 0.00000000E+00
 1.33114444E-01
 1.63931314E-04
 1.17374387E-04
 1.76375494E-04
 2.94136256E-04
 1.37191212E-03
 0.00000000E+00
 0.00000000E+00
 8.19074382E-02
 4.58366604E-06
 4.63626886E-05
 8.19256534E-04
 2.98485466E-04
 1.02019573E-02
 0.00000000E+00
 2.72941080E-02
 6.82476107E-05
 3.84790923E-04
 2.21499097E-03
 5.24494812E-02
 0.00000000E+00
 9.89162426E-02
 4.23256861E-06
 3.55155859E-05
 5.36525853E-02
 0.00000000E+00
 1.08702039E-01
 3.79194895E-03
 1.93896585E-02
 0.00000000E+00
 3.14191953E-02
 3.59434872E-02
 2.32501515E-01
 4.49662457E-01
 0.00000000E+00
 0.00000000E+00
 3.42567275E-04
 2.56263859E-04
 1.24384064E-04
 1.92313357E-04
 4.15660411E-04
 4.13007932E-03
 3.20332276E-02
 3.33867402E-01
 0.00000000E+00
 0.00000000E+00
 2.06355578E-04
 2.26360027E-04
 9.81612383E-05
 8.39247615E-04
 4.99372659E-03
 1.18549242E-02
 0.00000000E+00
 1.10785322E-01
 2.06906086E-04
 1.33812659E-04
 2.78617093E-04
 1.12843155E-04
 8.54518821E-04
 0.00000000E+00
 0.00000000E+00
 6.70807306E-02
 9.37710090E-06
 2.46592410E-05
 9.52483515E-04
 2.61942509E-04
 1.02530523E-02
 0.00000000E+00
 2.22736590E-02
 1.40269990E-04
 4.39767127E-04
 2.28836934E-03
 5.26060680E-02
 0.00000000E+00
 4.62055503E-02
 1.18161479E-04
 2.77509227E-04
 5.36561957E-02
 0.00000000E+00
 1.52311850E-01
 3.73268714E-03
 1.93762609E-02
 0.00000000E+00
 4.73674239E-02
 3.57508112E-02
 2.93342613E-01
 4.80436654E-01
 0.00000000E+00
 0.00000000E+00
 3.58968909E-02
 2.13598334E-02
 6.98186867E-03
 7.52390951E-03
 2.35430201E-02
 4.02771332E-02
 1.29252019E-01
 4.37624770E-01
 0.00000000E+00
 0.00000000E+00
 7.66258416E-04
 6.73525162E-04
 2.34920631E-04
 1.14563906E-03
 4.68174767E-03
 5.88397306E-03
 0.00000000E+00
 1.64325474E-01
 4.20658745E-04
 2.85878892E-04
 1.54336116E-04
 1.42440181E-03
 3.02664720E-03
 0.00000000E+00
 0.00000000E+00
 1.10344612E-01
 6.46947299E-05
 2.28078613E-04
 9.50171940E-04
 8.05978642E-03
 2.98628762E-02
 0.00000000E+00
 5.36948592E-02
 6.61465267E-05
 2.87670580E-04
 1.78950137E-03
 5.56542525E-02
 0.00000000E+00
 3.26364052E-02
 1.50955850E-03
 9.60847175E-03
 5.75281746E-02
 0.00000000E+00
 1.42248274E-01
 8.76454323E-03
 4.54655664E-02
 0.00000000E+00
 9.46178563E-02
 3.64293496E-02
 3.52421649E-01
 5.55153374E-01
 0.00000000E+00
 0.00000000E+00
 1.75406264E-01
 1.37269090E-01
 9.93489814E-02
 1.00526086E-01
 1.41032925E-01
 1.80821325E-01
 3.23195844E-01
 6.02837228E-01
 0.00000000E+00
 0.00000000E+00
 3.63086716E-02
 2.13317922E-02
 6.62465014E-03
 7.68361968E-03
 2.47942935E-02
 3.74971857E-02
 0.00000000E+00
 2.66987854E-01
 1.00187572E-03
 7.45965426E-04
 4.84009511E-04
 1.59111799E-03
 2.75813986E-03
 0.00000000E+00
 0.00000000E+00
 2.35306817E-01
 6.47233814E-04
 1.66863043E-04
 5.98714908E-04
 1.74188021E-02
 5.36914202E-02
 0.00000000E+00
 2.00656205E-01
 1.04421519E-03
 7.32028035E-04
 1.23096844E-04
 5.84100178E-02
 0.00000000E+00
 1.66987646E-01
 3.33420878E-03
 2.25659018E-02
 6.25708276E-02
 0.00000000E+00
 3.98061488E-02
 1.44366267E-02
 7.94238236E-02
 0.00000000E+00
 2.28688586E-02
 3.71982586E-02
 5.21663262E-01
 6.99939532E-01
