 0.00000000E+00
 0.00000000E+00
 1.75376293E-01
 1.27241789E-01
 8.28108348E-02
 9.76764641E-02
 1.34820326E-01
 2.21395958E-01
 4.45530277E-01
 0.00000000E+00
 0.00000000E+00
 4.05794429E-01
 3.30464713E-02
 2.87331241E-03
 3.11036078E-02
 1.37308092E-02
 5.09854792E-02
 2.44780501E-01
 0.00000000E+00
 2.67327774E-01
 1.81661236E-02
 5.58469859E-02
 7.38244767E-02
 5.07381052E-02
 1.94106693E-01
 0.00000000E+00
 0.00000000E+00
 2.12768952E-01
 6.00816681E-02
 1.33473104E-01
 1.49159445E-01
 7.51538787E-02
 0.00000000E+00
 0.00000000E+00
 1.56532637E-01
 8.95437237E-02
 1.66944763E-01
 9.78690995E-02
 0.00000000E+00
 0.00000000E+00
 1.83067554E-01
 4.16699561E-02
 5.12485267E-02
 0.00000000E+00
 0.00000000E+00
 8.85302507E-02
 1.46762662E-01
 0.00000000E+00
 2.49159305E-01
 0.00000000E+00
 6.30239472E-01
 0.00000000E+00
 0.00000000E+00
 0.00000000E+00
 3.65725938E-02
 2.17767860E-02
 6.29038299E-03
 6.81042632E-03
 2.23607429E-02
 2.22377122E-02
 2.48794779E-01
 0.00000000E+00
 0.00000000E+00
 4.09582013E-01
 9.79077777E-04
 1.03438243E-03
 3.01609013E-02
 3.77068671E-02
 1.16969063E-01
 6.98837465E-02
 0.00000000E+00
 1.73383667E-01
 2.65120124E-03
 8.08780575E-03
 6.16069549E-02
 6.48526490E-03
 7.16958069E-02
 0.00000000E+00
 0.00000000E+00
 1.20883646E-01
 8.44659895E-03
 3.82333507E-02
 1.41047670E-01
 9.77298789E-02
 0.00000000E+00
 0.00000000E+00
 2.08947931E-02
 7.49784098E-02
 1.58193713E-01
 2.66530323E-01
 0.00000000E+00
 0.00000000E+00
 5.78396518E-03
 1.06024073E-02
 8.82649913E-02
 0.00000000E+00
 0.00000000E+00
 2.28165803E-01
 6.24335007E-02
 0.00000000E+00
 1.08041853E-01
 0.00000000E+00
 4.25810746E-01
 0.00000000E+00
 0.00000000E+00
 0.00000000E+00
 2.50920470E-04
 2.56849459E-04
 7.58635484E-03
 1.83591626E-04
 1.17202182E-02
 7.53902987E-02
 1.73169537E-01
 0.00000000E+00
 0.00000000E+00
 4.59691446E-01
 3.20950209E-04
 5.32196232E-04
 1.66264678E-02
 3.34474253E-02
 1.27525005E-01
 2.23364459E-01
 0.00000000E+00
 1.13560546E-01
 7.86539804E-04
 1.28535296E-03
 3.98165122E-02
 3.40514801E-03
 6.22568143E-02
 0.00000000E+00
 0.00000000E+00
 7.28479703E-02
 1.02276356E-03
 1.40685120E-03
 1.09793767E-01
 1.26845276E-01
 0.00000000E+00
 0.00000000E+00
 4.22091104E-03
 4.88678832E-02
 1.24027261E-01
 2.95016819E-01
 0.00000000E+00
 0.00000000E+00
 1.90114682E-02
 8.92176215E-03
 1.22494134E-01
 0.00000000E+00
 0.00000000E+00
 2.44685361E-01
 6.81990328E-02
 0.00000000E+00
 1.39678620E-01
 0.00000000E+00
 4.18793372E-01
 0.00000000E+00
 0.00000000E+00
 0.00000000E+00
 1.87323374E-04
 2.25891725E-04
 5.69556869E-03
 1.71555757E-04
 7.19893187E-03
 8.41093204E-02
 7.35209980E-02
 0.00000000E+00
 0.00000000E+00
 5.44955190E-01
 2.56114068E-04
 4.42879154E-04
 1.24990734E-02
 2.04461579E-02
 9.08152763E-02
 2.49104151E-01
 0.00000000E+00
 1.35397621E-01
 5.94425021E-04
 1.06833025E-03
 3.12502914E-02
 1.28935397E-02
 4.02841827E-02
 0.00000000E+00
 0.00000000E+00
 8.75812334E-02
 8.29301677E-04
 1.29426528E-03
 8.98872465E-02
 7.17606776E-02
 0.00000000E+00
 0.00000000E+00
 1.49013460E-02
 3.85659442E-02
 1.01928362E-01
 2.82039234E-01
 0.00000000E+00
 0.00000000E+00
 7.81586517E-02
 5.29075046E-03
 7.73178809E-02
 0.00000000E+00
 0.00000000E+00
 1.75280727E-01
 4.53632376E-02
 0.00000000E+00
 1.23746542E-01
 0.00000000E+00
 3.48263359E-01
 0.00000000E+00
 0.00000000E+00
 0.00000000E+00
 1.28167290E-04
 1.92273419E-04
 3.78082344E-03
 1.45813651E-04
 2.58835974E-03
 9.28429235E-02
 2.73815946E-02
 0.00000000E+00
 0.00000000E+00
 6.31243544E-01
 1.98115469E-04
 3.46663842E-04
 8.31729131E-03
 7.24251468E-03
 5.35170376E-02
 2.75088875E-01
 0.00000000E+00
 1.57537577E-01
 4.05369575E-04
 8.64714610E-04
 2.26080897E-02
 2.94800271E-02
 1.78854610E-02
 0.00000000E+00
 0.00000000E+00
 1.02531046E-01
 6.32457352E-04
 1.20937344E-03
 6.97178369E-02
 1.56689518E-02
 0.00000000E+00
 0.00000000E+00
 2.57171693E-02
 2.81501031E-02
 7.95452971E-02
 2.68868147E-01
 0.00000000E+00
 0.00000000E+00
 1.38095672E-01
 1.97170922E-02
 3.13896785E-02
 0.00000000E+00
 0.00000000E+00
 1.04876347E-01
 2.21590521E-02
 0.00000000E+00
 1.07554907E-01
 0.00000000E+00
 2.76638991E-01
 0.00000000E+00
 0.00000000E+00
 0.00000000E+00
 1.31813297E-04
 1.94024666E-04
 3.68111072E-03
 1.50723528E-04
 2.29442106E-03
 9.28286268E-02
 3.07356477E-02
 0.00000000E+00
 0.00000000E+00
 0.00000000E+00
 1.98334328E-04
 3.48655485E-04
 8.10127809E-03
 6.56346627E-03
 5.13654293E-02
 2.75508532E-01
 0.00000000E+00
 1.58230188E-01
 3.93712512E-04
 8.51532823E-04
 2.21369590E-02
 3.02505217E-02
 1.63698303E-02
 0.00000000E+00
 0.00000000E+00
 1.03028102E-01
 6.19121420E-04
 1.20312572E-03
 6.85887805E-02
 1.27161102E-02
 0.00000000E+00
 0.00000000E+00
 2.61999094E-02
 2.75710653E-02
 7.82756908E-02
 2.67672192E-01
 0.00000000E+00
 0.00000000E+00
 1.40088525E-01
 2.02916167E-02
 2.93239663E-02
 0.00000000E+00
 0.00000000E+00
 1.02517922E-01
 2.10966002E-02
 0.00000000E+00
 1.07112198E-01
 0.00000000E+00
 2.93747689E-01
 0.00000000E+00
 0.00000000E+00
 0.00000000E+00
 1.96998953E-04
 2.28317387E-04
 5.43106424E-03
 1.92303445E-04
 6.41065458E-03
 8.39094238E-02
 6.54078909E-02
 0.00000000E+00
 0.00000000E+00
 0.00000000E+00
 2.55727756E-04
 4.44469953E-04
 1.19314800E-02
 1.86787757E-02
 8.51506341E-02
 2.49767146E-01
 0.00000000E+00
 1.37075719E-01
 5.60098099E-04
 1.01955326E-03
 3.00090597E-02
 1.48316314E-02
 3.63303637E-02
 0.00000000E+00
 0.00000000E+00
 8.87981382E-02
 7.87478563E-04
 1.25505479E-03
 8.69303662E-02
 6.43289089E-02
 0.00000000E+00
 0.00000000E+00
 1.61472848E-02
 3.70241954E-02
 9.85548054E-02
 2.78735934E-01
 0.00000000E+00
 0.00000000E+00
 8.29600600E-02
 6.70844872E-03
 7.22063099E-02
 0.00000000E+00
 0.00000000E+00
 1.69678610E-01
 4.27027403E-02
 0.00000000E+00
 0.00000000E+00
 1.22784749E-01
 0.00000000E+00
 4.01606791E-01
 0.00000000E+00
 0.00000000E+00
 0.00000000E+00
 2.62488755E-04
 2.72857784E-04
 7.22986371E-03
 2.69802294E-04
 1.06243861E-02
 7.48788862E-02
 1.62831908E-01
 0.00000000E+00
 0.00000000E+00
 0.00000000E+00
 3.25703827E-04
 5.59516442E-04
 1.58513607E-02
 3.09978110E-02
 1.19462635E-01
 2.23554245E-01
 0.00000000E+00
 1.15690992E-01
 7.34984212E-04
 1.21020519E-03
 3.80406033E-02
 7.99782544E-04
 5.66590383E-02
 0.00000000E+00
 0.00000000E+00
 7.44184797E-02
 9.58162401E-04
 1.34093365E-03
 1.05593180E-01
 1.16835141E-01
 0.00000000E+00
 0.00000000E+00
 5.96247766E-03
 4.66323034E-02
 1.19176527E-01
 2.90003760E-01
 0.00000000E+00
 0.00000000E+00
 2.50548721E-02
 7.05914722E-03
 1.15727174E-01
 0.00000000E+00
 0.00000000E+00
 2.37800415E-01
 6.46340096E-02
 0.00000000E+00
 0.00000000E+00
 1.38687026E-01
 0.00000000E+00
 5.11061299E-01
 0.00000000E+00
 0.00000000E+00
 0.00000000E+00
 3.57316492E-02
 2.12317875E-02
 5.75653706E-03
 6.08434385E-03
 1.97123895E-02
 2.23564362E-02
 2.40005376E-01
 0.00000000E+00
 0.00000000E+00
 0.00000000E+00
 9.95228172E-04
 1.11872401E-03
 2.86875208E-02
 3.52171808E-02
 1.10364861E-01
 7.59115235E-02
 0.00000000E+00
 1.73740971E-01
 2.46888622E-03
 7.60415529E-03
 5.87397348E-02
 4.47773905E-03
 6.49840814E-02
 0.00000000E+00
 0.00000000E+00
 1.21114598E-01
 7.93034543E-03
 3.60862581E-02
 1.35541280E-01
 9.00795052E-02
 0.00000000E+00
 0.00000000E+00
 2.27120185E-02
 7.13936016E-02
 1.51830307E-01
 2.62194581E-01
 0.00000000E+00
 0.00000000E+00
 1.04994902E-02
 9.22647460E-03
 8.37977990E-02
 0.00000000E+00
 0.00000000E+00
 2.23982608E-01
 5.95204864E-02
 0.00000000E+00
 0.00000000E+00
 1.10161977E-01
 0.00000000E+00
 5.00831756E-01
 0.00000000E+00
 0.00000000E+00
 0.00000000E+00
 1.73542218E-01
 1.26273409E-01
 8.26946727E-02
 9.74125541E-02
 1.35271570E-01
 2.18372661E-01
 4.38300784E-01
 0.00000000E+00
 0.00000000E+00
 0.00000000E+00
 3.28233337E-02
 2.12814269E-03
 2.95331183E-02
 1.42803577E-02
 5.14934694E-02
 2.34261319E-01
 0.00000000E+00
 2.67004797E-01
 1.72653369E-02
 5.34335570E-02
 7.09239109E-02
 4.79105626E-02
 1.83740645E-01
 0.00000000E+00
 0.00000000E+00
 2.13309123E-01
 5.72019586E-02
 1.27775986E-01
 1.44120606E-01
 6.84444732E-02
 0.00000000E+00
 0.00000000E+00
 1.57287802E-01
 8.57160882E-02
 1.61016006E-01
 9.78320852E-02
 0.00000000E+00
 0.00000000E+00
 1.83454299E-01
 4.00470535E-02
 4.80314704E-02
 0.00000000E+00
 0.00000000E+00
 8.60873416E-02
 1.42184328E-01
 0.00000000E+00
 0.00000000E+00
 2.41508397E-01
 0.00000000E+00
 6.65224820E-01
 0.00000000E+00
