 5.94228882E-01
 7.56768569E-01
 8.44921634E-01
 8.76788777E-01
 8.98624249E-01
 8.77212808E-01
 7.56828582E-01
 7.56396340E-01
 9.22435065E-01
 1.01011726E+00
 1.05207728E+00
 1.07386782E+00
 9.78522331E-01
 8.44319385E-01
 1.01009811E+00
 1.07384617E+00
 1.11701262E+00
 1.01746652E+00
 8.54387741E-01
 8.76403472E-01
 1.05207672E+00
 1.11701262E+00
 1.02854375E+00
 8.98513631E-01
 1.07386886E+00
 1.01746652E+00
 8.77212808E-01
 9.78522331E-01
 8.54387741E-01
 7.56828582E-01
 7.44300323E-01
 9.07915316E-01
 9.90375397E-01
 1.03466243E+00
 1.06792673E+00
 9.78522331E-01
 8.06601636E-01
 9.07170859E-01
 1.03326387E+00
 1.10533179E+00
 1.17755368E+00
 1.15746547E+00
 9.57336496E-01
 9.89170900E-01
 1.10529349E+00
 1.14078149E+00
 1.14758679E+00
 9.03366014E-01
 1.03389182E+00
 1.17755255E+00
 1.14758679E+00
 9.92530316E-01
 1.06770550E+00
 1.15746756E+00
 9.03366014E-01
 9.78522331E-01
 9.57336496E-01
 8.06601636E-01
 7.60054010E-01
 9.14156209E-01
 9.59617823E-01
 1.03255399E+00
 9.85944727E-01
 8.50282570E-01
 9.19958042E-01
 1.02874581E+00
 1.04825135E+00
 1.08942957E+00
 8.84098457E-01
 9.69911492E-01
 1.05282459E+00
 9.49008446E-01
 8.81574931E-01
 1.04344880E+00
 1.09388799E+00
 8.81551463E-01
 9.92113760E-01
 8.85679897E-01
 8.53467475E-01
 5.03495005E-01
 6.03778487E-01
 6.46431970E-01
 6.88951401E-01
 6.17497332E-01
 7.04181443E-01
 7.18263791E-01
 6.82463567E-01
 7.36242328E-01
 6.56558118E-01
 7.49875628E-01
 3.08879344E-01
 3.71015887E-01
 3.70183788E-01
 3.30998307E-01
 3.69132171E-01
 4.18361285E-01
 3.66527593E-01
 3.75616501E-01
 3.71165499E-01
 1.92289073E-01
 2.32203673E-01
 2.16363828E-01
 2.26336508E-01
 2.45549243E-01
 2.10780920E-01
 1.41633338E-01
 7.54598158E-01
 9.19885550E-01
 1.00802336E+00
 1.05082417E+00
 1.07345606E+00
 9.78522331E-01
 9.19501735E-01
 1.06419649E+00
 1.13858102E+00
 1.19737081E+00
 1.16385445E+00
 9.57336496E-01
 1.00791255E+00
 1.13857991E+00
 1.14078149E+00
 1.14758679E+00
 1.05077098E+00
 1.19737015E+00
 1.14758679E+00
 1.07344013E+00
 1.16385422E+00
 9.78522331E-01
 9.03574494E-01
 1.02816484E+00
 1.10114399E+00
 1.17504745E+00
 1.15664196E+00
 1.02739721E+00
 1.02573606E+00
 1.04689336E+00
 1.11087503E+00
 1.10092238E+00
 1.04689114E+00
 1.01158018E+00
 1.17494107E+00
 1.11087369E+00
 1.15661010E+00
 8.83237964E-01
 9.89225925E-01
 1.01500092E+00
 1.06913743E+00
 9.99365764E-01
 9.70537056E-01
 9.74369893E-01
 1.03321198E+00
 9.81332487E-01
 9.03797247E-01
 1.08187926E+00
 5.33254574E-01
 6.08178693E-01
 6.21893564E-01
 6.23493621E-01
 6.38350348E-01
 6.66690630E-01
 3.10768729E-01
 3.48318714E-01
 3.10725755E-01
 3.47558943E-01
 1.82384810E-01
 8.41981104E-01
 1.00748026E+00
 1.07384617E+00
 1.11701262E+00
 1.01746652E+00
 8.54387741E-01
 1.00741128E+00
 1.13858074E+00
 1.14078149E+00
 1.14758679E+00
 9.03366014E-01
 1.07384617E+00
 1.14078149E+00
 9.67395421E-01
 8.92636494E-01
 1.11701262E+00
 1.14758679E+00
 8.92636494E-01
 1.01746652E+00
 9.03366014E-01
 8.54387741E-01
 9.84494337E-01
 1.10005778E+00
 1.14078149E+00
 1.14758679E+00
 1.09991982E+00
 1.04689281E+00
 1.01158018E+00
 1.14078149E+00
 1.01158018E+00
 9.13747819E-01
 1.14758679E+00
 9.05323640E-01
 9.91788485E-01
 9.06182436E-01
 8.55945137E-01
 1.00559179E+00
 9.59424046E-01
 8.86039917E-01
 9.27648126E-01
 8.92195270E-01
 8.68705310E-01
 5.20874911E-01
 5.68174528E-01
 5.07374019E-01
 5.94485082E-01
 5.65740428E-01
 5.63832091E-01
 2.72747237E-01
 2.71811423E-01
 2.76982408E-01
 1.39825366E-01
 8.74210062E-01
 1.05051619E+00
 1.11701262E+00
 1.02854375E+00
 1.05047515E+00
 1.19737065E+00
 1.14758679E+00
 1.11701262E+00
 1.14758679E+00
 8.92636494E-01
 1.02854375E+00
 1.02950500E+00
 1.17443150E+00
 1.14758679E+00
 9.92530316E-01
 1.17434941E+00
 1.11087470E+00
 9.40819989E-01
 1.14758679E+00
 9.40819989E-01
 9.77346052E-01
 1.04815865E+00
 8.55969950E-01
 1.05667009E+00
 9.06482886E-01
 8.68786407E-01
 5.59020298E-01
 2.46916337E-01
 8.97745486E-01
 1.07337979E+00
 1.01746652E+00
 1.07336626E+00
 1.16385439E+00
 1.01746652E+00
 1.06616920E+00
 1.15648942E+00
 9.03366014E-01
 1.15646235E+00
 9.40989947E-01
 8.77212808E-01
 9.78522331E-01
 8.54387741E-01
 9.78522331E-01
 9.57336496E-01
 8.54387741E-01
 9.78522331E-01
 9.57336496E-01
 9.57336496E-01
 8.14504775E-01
 7.56828582E-01
 8.06601636E-01
 7.40020013E-01
 8.56636475E-01
 9.21486567E-01
 9.20676367E-01
 9.47787625E-01
 9.77777226E-01
 8.92338452E-01
 8.56552497E-01
 9.46235479E-01
 9.95862583E-01
 9.90111962E-01
 1.08171788E+00
 1.01870836E+00
 9.20985924E-01
 9.95896137E-01
 1.04419097E+00
 1.08534564E+00
 1.06013623E+00
 9.15858952E-01
 9.20328071E-01
 9.90153952E-01
 1.08534564E+00
 1.07593247E+00
 9.47707161E-01
 1.08173435E+00
 1.06013623E+00
 9.77777226E-01
 1.01870836E+00
 9.15858952E-01
 8.92338452E-01
 8.43372137E-01
 9.53165904E-01
 9.93825969E-01
 9.77750522E-01
 1.07732513E+00
 1.01870836E+00
 8.62534228E-01
 9.52997947E-01
 1.04548460E+00
 1.07770414E+00
 1.12148973E+00
 1.25256902E+00
 1.04438967E+00
 9.92824684E-01
 1.07777125E+00
 1.11435508E+00
 1.12384276E+00
 9.99857188E-01
 9.77053929E-01
 1.12157372E+00
 1.12384276E+00
 9.99658493E-01
 1.07716420E+00
 1.25260195E+00
 9.99857188E-01
 1.01870836E+00
 1.04438967E+00
 8.62534228E-01
 8.44959711E-01
 9.52154857E-01
 9.79751326E-01
 1.01483860E+00
 1.02989606E+00
 9.07648610E-01
 9.62579447E-01
 1.04126635E+00
 1.06239287E+00
 1.08738716E+00
 9.87941686E-01
 9.96025661E-01
 1.06685246E+00
 9.88633110E-01
 9.36118050E-01
 1.03404042E+00
 1.09349186E+00
 9.36071113E-01
 1.04137153E+00
 9.90167187E-01
 9.14018420E-01
 5.55604914E-01
 6.18547019E-01
 6.68333884E-01
 7.11237496E-01
 6.45460917E-01
 7.26052716E-01
 7.55791337E-01
 7.36363367E-01
 7.86478809E-01
 7.36183369E-01
 8.30665724E-01
 3.38676967E-01
 3.83577953E-01
 3.90991005E-01
 3.55054914E-01
 3.84037684E-01
 4.53675046E-01
 4.07516134E-01
 4.06115345E-01
 4.16727127E-01
 2.04679172E-01
 2.37866795E-01
 2.35753789E-01
 2.31762591E-01
 2.72853611E-01
 2.31472983E-01
 1.39347497E-01
 8.56525007E-01
 9.46056971E-01
 9.94517538E-01
 9.89311389E-01
 1.08146292E+00
 1.01870836E+00
 9.45643695E-01
 1.04456600E+00
 1.09821062E+00
 1.13352883E+00
 1.25614857E+00
 1.04438967E+00
 9.94535073E-01
 1.09821037E+00
 1.11435508E+00
 1.12384276E+00
 9.89348505E-01
 1.13352868E+00
 1.12384276E+00
 1.08147889E+00
 1.25614852E+00
 1.01870836E+00
 9.52942966E-01
 1.04512758E+00
 1.07501405E+00
 1.11988859E+00
 1.25205909E+00
 1.04430103E+00
 1.14071194E+00
 1.11138606E+00
 1.17693092E+00
 1.07504912E+00
 1.11138557E+00
 1.03875170E+00
 1.11996282E+00
 1.17693063E+00
 1.25209104E+00
 9.11601889E-01
 9.97226518E-01
 1.02756242E+00
 1.06580513E+00
 1.01184433E+00
 1.02966980E+00
 1.02943591E+00
 1.05116086E+00
 1.03318788E+00
 9.53126059E-01
 1.08359458E+00
 5.27728249E-01
 6.10316106E-01
 6.34376330E-01
 6.34012419E-01
 7.26911057E-01
 7.07768812E-01
 3.15847522E-01
 3.71944943E-01
 3.34286885E-01
 3.71144883E-01
 1.86121614E-01
 9.20090986E-01
 9.94253470E-01
 1.04419097E+00
 1.08534564E+00
 1.06013623E+00
 9.15858952E-01
 9.94253954E-01
 1.09821055E+00
 1.11435508E+00
 1.12384276E+00
 9.99857188E-01
 1.04419097E+00
 1.11435508E+00
 9.91611353E-01
 9.37963751E-01
 1.08534564E+00
 1.12384276E+00
 9.37963751E-01
 1.06013623E+00
 9.99857188E-01
 9.15858952E-01
 9.91034808E-01
 1.07448592E+00
 1.11435508E+00
 1.12384276E+00
 1.07448688E+00
 1.11138593E+00
 1.03875170E+00
 1.11435508E+00
 1.03875170E+00
 9.53238415E-01
 1.12384276E+00
 8.99826914E-01
 9.92963983E-01
 9.45940924E-01
 9.10634363E-01
 1.01233857E+00
 1.01433894E+00
 9.46624614E-01
 9.71550393E-01
 9.46023354E-01
 9.25761561E-01
 4.91867915E-01
 5.62528359E-01
 5.41101749E-01
 6.04058619E-01
 6.18536008E-01
 6.30592581E-01
 2.70933754E-01
 2.90205756E-01
 2.98303947E-01
 1.48768736E-01
 9.18210225E-01
 9.89188726E-01
 1.08534564E+00
 1.07593247E+00
 9.89189704E-01
 1.13352879E+00
 1.12384276E+00
 1.08534564E+00
 1.12384276E+00
 9.37963751E-01
 1.07593247E+00
 9.72818238E-01
 1.11964326E+00
 1.12384276E+00
 9.99658493E-01
 1.11964522E+00
 1.17693084E+00
 9.43477532E-01
 1.12384276E+00
 9.43477532E-01
 9.21621099E-01
 1.03094342E+00
 9.10683988E-01
 1.04302710E+00
 9.22743037E-01
 9.25923755E-01
 4.96164182E-01
 2.31780484E-01
 9.46927194E-01
 1.08147481E+00
 1.06013623E+00
 1.08147543E+00
 1.25614856E+00
 1.06013623E+00
 1.07560427E+00
 1.25208288E+00
 9.99857188E-01
 1.25208412E+00
 9.45719292E-01
 9.77777226E-01
 1.01870836E+00
 9.15858952E-01
 1.01870836E+00
 1.04438967E+00
 9.15858952E-01
 1.01870836E+00
 1.04438967E+00
 1.04438967E+00
 8.36093020E-01
 8.92338452E-01
 8.62534228E-01
 8.27921219E-01
 8.99065561E-01
 9.76608986E-01
 9.84223038E-01
 9.80465618E-01
 1.04833873E+00
 9.98441487E-01
 8.99140190E-01
 9.09125435E-01
 9.67746894E-01
 9.53533422E-01
 1.06017019E+00
 1.01161744E+00
 9.76013618E-01
 9.67729930E-01
 1.04677400E+00
 1.09408821E+00
 1.08904633E+00
 9.52369125E-01
 9.83826534E-01
 9.53555661E-01
 1.09408821E+00
 1.14438284E+00
 9.80387440E-01
 1.06018069E+00
 1.08904633E+00
 1.04833873E+00
 1.01161744E+00
 9.52369125E-01
 9.98441487E-01
 8.77716254E-01
 9.21415051E-01
 9.61681130E-01
 9.35916007E-01
 1.05386453E+00
 1.01161744E+00
 8.76591887E-01
 9.21564309E-01
 9.63776200E-01
 9.97107810E-01
 1.05111438E+00
 1.27172721E+00
 1.03900007E+00
 9.60490393E-01
 9.97073883E-01
 1.06085650E+00
 1.07935995E+00
 1.03690135E+00
 9.35122999E-01
 1.05115886E+00
 1.07935995E+00
 9.86072735E-01
 1.05370817E+00
 1.27174820E+00
 1.03690135E+00
 1.01161744E+00
 1.03900007E+00
 8.76591887E-01
 9.00746271E-01
 9.55614713E-01
 9.99324709E-01
 1.02450782E+00
 1.05726190E+00
 9.42106198E-01
 9.66564661E-01
 9.99403697E-01
 1.04071012E+00
 1.06053429E+00
 1.03091488E+00
 1.01504457E+00
 1.04262064E+00
 1.00140533E+00
 9.49961216E-01
 1.04675972E+00
 1.06627323E+00
 9.49890811E-01
 1.07106978E+00
 1.03307026E+00
 9.50068461E-01
 6.06760670E-01
 6.31010227E-01
 7.05760822E-01
 7.58081734E-01
 6.66524606E-01
 7.26202594E-01
 7.76330671E-01
 7.97799384E-01
 8.17897050E-01
 7.98448333E-01
 9.24183027E-01
 3.63023940E-01
 3.88862066E-01
 4.13454373E-01
 3.83753546E-01
 3.91336473E-01
 4.67736643E-01
 4.33053881E-01
 4.37213047E-01
 4.46866063E-01
 2.08759348E-01
 2.32644217E-01
 2.48709630E-01
 2.27128909E-01
 2.77430804E-01
 2.46579851E-01
 1.31754200E-01
 8.99807823E-01
 9.11379722E-01
 9.67485033E-01
 9.53384202E-01
 1.06013532E+00
 1.01161744E+00
 9.10794094E-01
 9.27374291E-01
 1.00276084E+00
 1.05417403E+00
 1.27220525E+00
 1.03900007E+00
 9.67478545E-01
 1.00275962E+00
 1.06085650E+00
 1.07935995E+00
 9.53419663E-01
 1.05417330E+00
 1.07935995E+00
 1.06015164E+00
 1.27220500E+00
 1.01161744E+00
 9.22899575E-01
 9.68284775E-01
 9.96584089E-01
 1.05081594E+00
 1.27165747E+00
 9.67113518E-01
 1.17793813E+00
 1.15314572E+00
 1.28403775E+00
 9.96571113E-01
 1.15314328E+00
 1.06917684E+00
 1.05088686E+00
 1.28403628E+00
 1.27169011E+00
 9.11859860E-01
 9.64507324E-01
 1.01634417E+00
 1.04488373E+00
 9.77502562E-01
 1.06603701E+00
 1.07239391E+00
 1.03615756E+00
 1.06976229E+00
 9.83359648E-01
 1.06166604E+00
 5.32417699E-01
 6.10670121E-01
 6.49574304E-01
 6.39595759E-01
 8.24621656E-01
 7.46122850E-01
 3.19420192E-01
 3.85672743E-01
 3.52510357E-01
 3.85523718E-01
 1.81792295E-01
 9.75530633E-01
 9.67107151E-01
 1.04677400E+00
 1.09408821E+00
 1.08904633E+00
 9.52369125E-01
 9.67133887E-01
 1.00276047E+00
 1.06085650E+00
 1.07935995E+00
 1.03690135E+00
 1.04677400E+00
 1.06085650E+00
 9.99062409E-01
 9.48643597E-01
 1.09408821E+00
 1.07935995E+00
 9.48643597E-01
 1.08904633E+00
 1.03690135E+00
 9.52369125E-01
 9.59524424E-01
 9.95828324E-01
 1.06085650E+00
 1.07935995E+00
 9.95881796E-01
 1.15314498E+00
 1.06917684E+00
 1.06085650E+00
 1.06917684E+00
 9.83415191E-01
 1.07935995E+00
 9.07951585E-01
 9.77087660E-01
 9.75071234E-01
 9.34358197E-01
 9.95210837E-01
 1.06151675E+00
 9.93770247E-01
 9.94987590E-01
 9.83337109E-01
 9.45950285E-01
 5.00714279E-01
 5.66575994E-01
 5.81453282E-01
 6.19610564E-01
 6.83341198E-01
 6.98495037E-01
 2.79806109E-01
 3.04416924E-01
 3.16058613E-01
 1.55282164E-01
 9.81532653E-01
 9.53203222E-01
 1.09408821E+00
 1.14438284E+00
 9.53220252E-01
 1.05417380E+00
 1.07935995E+00
 1.09408821E+00
 1.07935995E+00
 9.48643597E-01
 1.14438284E+00
 9.30535239E-01
 1.05045398E+00
 1.07935995E+00
 9.86072735E-01
 1.05048804E+00
 1.28403730E+00
 9.77106631E-01
 1.07935995E+00
 9.77106631E-01
 9.11250833E-01
 1.00341198E+00
 9.34432635E-01
 1.01491097E+00
 9.64903361E-01
 9.46193576E-01
 4.84475116E-01
 2.32028792E-01
 9.79504072E-01
 1.06014097E+00
 1.08904633E+00
 1.06014701E+00
 1.27220517E+00
 1.08904633E+00
 1.05194144E+00
 1.27166876E+00
 1.03690135E+00
 1.27168085E+00
 9.52002571E-01
 1.04833873E+00
 1.01161744E+00
 9.52369125E-01
 1.01161744E+00
 1.03900007E+00
 9.52369125E-01
 1.01161744E+00
 1.03900007E+00
 1.03900007E+00
 8.51265724E-01
 9.98441487E-01
 8.76591887E-01
 8.52329606E-01
 9.27955283E-01
 9.77592085E-01
 9.85983301E-01
 9.56068536E-01
 1.08924502E+00
 1.06460686E+00
 9.28010524E-01
 9.33314909E-01
 9.73063334E-01
 9.41737459E-01
 1.04804958E+00
 1.03705038E+00
 9.76875082E-01
 9.73049072E-01
 1.02759995E+00
 1.07675208E+00
 1.05700679E+00
 9.64290815E-01
 9.85620193E-01
 9.41770769E-01
 1.07675208E+00
 1.14189915E+00
 9.56021458E-01
 1.04806253E+00
 1.05700679E+00
 1.08924502E+00
 1.03705038E+00
 9.64290815E-01
 1.06460686E+00
 9.14089765E-01
 9.33295991E-01
 9.72774871E-01
 9.32941697E-01
 1.04444920E+00
 1.03705038E+00
 9.04508510E-01
 9.33406473E-01
 9.29411173E-01
 9.71565814E-01
 1.00716865E+00
 1.26946660E+00
 1.02452018E+00
 9.71340865E-01
 9.71537291E-01
 1.05020149E+00
 1.06184997E+00
 1.04380600E+00
 9.32215482E-01
 1.00723528E+00
 1.06184997E+00
 9.72710508E-01
 1.04435504E+00
 1.26949251E+00
 1.04380600E+00
 1.03705038E+00
 1.02452018E+00
 9.04508510E-01
 9.22931055E-01
 9.69518479E-01
 1.00335407E+00
 1.03178834E+00
 1.03612211E+00
 9.58133059E-01
 9.73781934E-01
 9.94301617E-01
 1.03715857E+00
 1.04936554E+00
 1.03978823E+00
 1.00968178E+00
 1.03726478E+00
 1.00966254E+00
 9.61095382E-01
 1.04778018E+00
 1.05353318E+00
 9.61001508E-01
 1.04549389E+00
 1.04134118E+00
 9.62910416E-01
 6.44016159E-01
 6.65034537E-01
 7.44275834E-01
 8.05573619E-01
 6.95700865E-01
 7.58934249E-01
 8.16376526E-01
 8.38520213E-01
 8.65475684E-01
 8.58797127E-01
 9.84153064E-01
 3.77725206E-01
 4.06858760E-01
 4.30128473E-01
 4.04678756E-01
 4.07738907E-01
 4.93829672E-01
 4.61537314E-01
 4.56803285E-01
 4.79593722E-01
 2.09531059E-01
 2.38115117E-01
 2.55997392E-01
 2.33202709E-01
 2.84788551E-01
 2.56660450E-01
 1.25535582E-01
 9.28354224E-01
 9.36122912E-01
 9.72792960E-01
 9.41579223E-01
 1.04800575E+00
 1.03705038E+00
 9.35276019E-01
 8.95738986E-01
 9.76794977E-01
 1.01010167E+00
 1.27011916E+00
 1.02452018E+00
 9.72768512E-01
 9.76794298E-01
 1.05020149E+00
 1.06184997E+00
 9.41615044E-01
 1.01010127E+00
 1.06184997E+00
 1.04802040E+00
 1.27011903E+00
 1.03705038E+00
 9.34093872E-01
 9.35027178E-01
 9.71025066E-01
 1.00685218E+00
 1.26937895E+00
 9.33333393E-01
 1.10669489E+00
 1.12371619E+00
 1.30005880E+00
 9.70976171E-01
 1.12371483E+00
 1.06912717E+00
 1.00692382E+00
 1.30005798E+00
 1.26940823E+00
 9.39949402E-01
 9.78935655E-01
 1.02416913E+00
 1.04017761E+00
 9.82564202E-01
 1.06807838E+00
 1.07471375E+00
 1.03331040E+00
 1.07067316E+00
 9.85622736E-01
 1.05016660E+00
 5.77471105E-01
 6.53401567E-01
 6.90684260E-01
 6.81657852E-01
 9.06127405E-01
 8.01141722E-01
 3.38498267E-01
 4.11365906E-01
 3.75493089E-01
 4.12754030E-01
 1.85829627E-01
 9.77368576E-01
 9.72577285E-01
 1.02759995E+00
 1.07675208E+00
 1.05700679E+00
 9.64290815E-01
 9.72585098E-01
 9.76794756E-01
 1.05020149E+00
 1.06184997E+00
 1.04380600E+00
 1.02759995E+00
 1.05020149E+00
 1.00651346E+00
 9.59323444E-01
 1.07675208E+00
 1.06184997E+00
 9.59323444E-01
 1.05700679E+00
 1.04380600E+00
 9.64290815E-01
 9.72327854E-01
 9.70593717E-01
 1.05020149E+00
 1.06184997E+00
 9.70609343E-01
 1.12371575E+00
 1.06912717E+00
 1.05020149E+00
 1.06912717E+00
 9.85650508E-01
 1.06184997E+00
 9.40976085E-01
 9.97411915E-01
 9.96468404E-01
 9.53442147E-01
 1.00636292E+00
 1.06872598E+00
 9.96767640E-01
 1.00581787E+00
 9.85611467E-01
 9.58574861E-01
 5.55498015E-01
 6.12436238E-01
 6.33108876E-01
 6.70770720E-01
 7.42342391E-01
 7.70708884E-01
 2.97373431E-01
 3.26220299E-01
 3.42418898E-01
 1.61175803E-01
 9.84590699E-01
 9.41481788E-01
 1.07675208E+00
 1.14189915E+00
 9.41487632E-01
 1.01010154E+00
 1.06184997E+00
 1.07675208E+00
 1.06184997E+00
 9.59323444E-01
 1.14189915E+00
 9.30156493E-01
 1.00665731E+00
 1.06184997E+00
 9.72710508E-01
 1.00666900E+00
 1.30005853E+00
 9.90990432E-01
 1.06184997E+00
 9.90990432E-01
 9.51141709E-01
 1.01209862E+00
 9.53541398E-01
 1.01807055E+00
 9.86191289E-01
 9.58899249E-01
 5.39978999E-01
 2.49167194E-01
 9.55491688E-01
 1.04801286E+00
 1.05700679E+00
 1.04801503E+00
 1.27011912E+00
 1.05700679E+00
 1.04329550E+00
 1.26939316E+00
 1.04380600E+00
 1.26939750E+00
 9.63778348E-01
 1.08924502E+00
 1.03705038E+00
 9.64290815E-01
 1.03705038E+00
 1.02452018E+00
 9.64290815E-01
 1.03705038E+00
 1.02452018E+00
 1.02452018E+00
 8.97486434E-01
 1.06460686E+00
 9.04508510E-01
 8.76727406E-01
 9.56900879E-01
 9.78565790E-01
 9.87737928E-01
 9.31669575E-01
 1.13015132E+00
 1.13077224E+00
 9.56931740E-01
 9.57628588E-01
 9.78458691E-01
 9.29988846E-01
 1.03594475E+00
 1.06248331E+00
 9.77721836E-01
 9.78455121E-01
 1.00842590E+00
 1.05941596E+00
 1.02496725E+00
 9.76212504E-01
 9.87405027E-01
 9.30038022E-01
 1.05941596E+00
 1.13941546E+00
 9.31652533E-01
 1.03596176E+00
 1.02496725E+00
 1.13015132E+00
 1.06248331E+00
 9.76212504E-01
 1.13077224E+00
 9.50442102E-01
 9.45288679E-01
 9.83849824E-01
 9.29956113E-01
 1.03503011E+00
 1.06248331E+00
 9.32425132E-01
 9.45350400E-01
 8.95294555E-01
 9.46181653E-01
 9.63317628E-01
 1.26723756E+00
 1.01004030E+00
 9.82161917E-01
 9.46174513E-01
 1.03954648E+00
 1.04433999E+00
 1.05071064E+00
 9.29290311E-01
 9.63415979E-01
 1.04433999E+00
 9.59348281E-01
 1.03499602E+00
 1.26727157E+00
 1.05071064E+00
 1.06248331E+00
 1.01004030E+00
 9.32425132E-01
 9.42619646E-01
 9.79357366E-01
 1.00264763E+00
 1.03622739E+00
 1.01403515E+00
 9.74159919E-01
 9.78930622E-01
 9.86053635E-01
 1.03024855E+00
 1.03618171E+00
 1.04798989E+00
 1.00354812E+00
 1.03151364E+00
 1.01782667E+00
 9.72173693E-01
 1.04833812E+00
 1.04055596E+00
 9.72056350E-01
 1.01976382E+00
 1.04953304E+00
 9.75752371E-01
 6.79043251E-01
 6.96858404E-01
 7.81488165E-01
 8.52283895E-01
 7.24158271E-01
 7.91870366E-01
 8.58086726E-01
 8.80711870E-01
 9.16614478E-01
 9.23920565E-01
 1.04500560E+00
 3.92304756E-01
 4.25447712E-01
 4.47747915E-01
 4.26171171E-01
 4.25113358E-01
 5.21737910E-01
 4.92150387E-01
 4.77965110E-01
 5.14835576E-01
 2.10757186E-01
 2.44507726E-01
 2.63964535E-01
 2.40436559E-01
 2.93541935E-01
 2.67815766E-01
 1.19680497E-01
 9.56961575E-01
 9.60953271E-01
 9.78153876E-01
 9.29806038E-01
 1.03588679E+00
 1.06248331E+00
 9.59934122E-01
 8.64090598E-01
 9.50827242E-01
 9.66028195E-01
 1.26803271E+00
 1.01004030E+00
 9.78182377E-01
 9.50825973E-01
 1.03954648E+00
 1.04433999E+00
 9.29884764E-01
 9.66027434E-01
 1.04433999E+00
 1.03591393E+00
 1.26803245E+00
 1.06248331E+00
 9.45410071E-01
 9.01943922E-01
 9.45572022E-01
 9.62952012E-01
 1.26712163E+00
 8.99905623E-01
 1.03542549E+00
 1.09428291E+00
 1.31607760E+00
 9.45629025E-01
 1.09428037E+00
 1.06907750E+00
 9.63109465E-01
 1.31607608E+00
 1.26717592E+00
 9.63925508E-01
 9.85944383E-01
 1.02334293E+00
 1.03028078E+00
 9.84595993E-01
 1.06396293E+00
 1.07032267E+00
 1.03019438E+00
 1.07091332E+00
 9.87746327E-01
 1.03850584E+00
 6.20511083E-01
 6.93457226E-01
 7.29881369E-01
 7.24904253E-01
 9.87401268E-01
 8.61160061E-01
 3.58340834E-01
 4.38303783E-01
 4.00071226E-01
 4.42467768E-01
 1.90897745E-01
 9.79194423E-01
 9.78101009E-01
 1.00842590E+00
 1.05941596E+00
 1.02496725E+00
 9.76212504E-01
 9.78149871E-01
 9.50826794E-01
 1.03954648E+00
 1.04433999E+00
 1.05071064E+00
 1.00842590E+00
 1.03954648E+00
 1.01396452E+00
 9.70003291E-01
 1.05941596E+00
 1.04433999E+00
 9.70003291E-01
 1.02496725E+00
 1.05071064E+00
 9.76212504E-01
 9.85107090E-01
 9.45466288E-01
 1.03954648E+00
 1.04433999E+00
 9.45564013E-01
 1.09428201E+00
 1.06907750E+00
 1.03954648E+00
 1.06907750E+00
 9.87885825E-01
 1.04433999E+00
 9.69106624E-01
 1.00894922E+00
 1.00738084E+00
 9.66235259E-01
 1.01413811E+00
 1.06908419E+00
 9.91872515E-01
 1.01653441E+00
 9.87674046E-01
 9.71131187E-01
 6.09189265E-01
 6.56426591E-01
 6.82783132E-01
 7.25064520E-01
 8.01979643E-01
 8.50022299E-01
 3.16091158E-01
 3.49719654E-01
 3.71769426E-01
 1.67859600E-01
 9.87641486E-01
 9.29792507E-01
 1.05941596E+00
 1.13941546E+00
 9.29823149E-01
 9.66027927E-01
 1.04433999E+00
 1.05941596E+00
 1.04433999E+00
 9.70003291E-01
 1.13941546E+00
 9.29763230E-01
 9.62924950E-01
 1.04433999E+00
 9.59348281E-01
 9.62986233E-01
 1.31607706E+00
 1.00487423E+00
 1.04433999E+00
 1.00487423E+00
 9.88096208E-01
 1.01551308E+00
 9.66359323E-01
 1.01920398E+00
 1.00336861E+00
 9.71536672E-01
 5.94827391E-01
 2.66995838E-01
 9.31476885E-01
 1.03589547E+00
 1.02496725E+00
 1.03590576E+00
 1.26803262E+00
 1.02496725E+00
 1.03464473E+00
 1.26713900E+00
 1.05071064E+00
 1.26715957E+00
 9.74575333E-01
 1.13015132E+00
 1.06248331E+00
 9.76212504E-01
 1.06248331E+00
 1.01004030E+00
 9.76212504E-01
 1.06248331E+00
 1.01004030E+00
 1.01004030E+00
 9.43707144E-01
 1.13077224E+00
 9.32425132E-01
 8.76980589E-01
 9.56174043E-01
 9.78989614E-01
 9.88426596E-01
 9.31881274E-01
 1.13015132E+00
 1.13077224E+00
 9.56072782E-01
 9.57777932E-01
 9.78575447E-01
 9.30046042E-01
 1.03594238E+00
 1.06248331E+00
 9.78571846E-01
 9.78676909E-01
 1.00842590E+00
 1.05941596E+00
 1.02496725E+00
 9.76212504E-01
 9.88795936E-01
 9.30147728E-01
 1.05941596E+00
 1.13941546E+00
 9.32081396E-01
 1.03595938E+00
 1.02496725E+00
 1.13015132E+00
 1.06248331E+00
 9.76212504E-01
 1.13077224E+00
 9.50948468E-01
 9.43835006E-01
 9.84697473E-01
 9.31333449E-01
 1.03545350E+00
 1.06248331E+00
 9.32425132E-01
 9.43632484E-01
 8.95593244E-01
 9.46415163E-01
 9.63432019E-01
 1.26723283E+00
 1.01004030E+00
 9.83861937E-01
 9.46618088E-01
 1.03954648E+00
 1.04433999E+00
 1.05071064E+00
 9.32072130E-01
 9.63635392E-01
 1.04433999E+00
 9.59348281E-01
 1.03585375E+00
 1.26726682E+00
 1.05071064E+00
 1.06248331E+00
 1.01004030E+00
 9.32425132E-01
 9.50209559E-01
 9.83536222E-01
 1.00901499E+00
 1.04529199E+00
 1.01902888E+00
 9.76627344E-01
 9.79508882E-01
 9.90146699E-01
 1.03402137E+00
 1.04054837E+00
 1.04954339E+00
 1.00599438E+00
 1.03440842E+00
 1.02050277E+00
 9.73779354E-01
 1.05315145E+00
 1.04259804E+00
 9.73662011E-01
 1.02163928E+00
 1.05012533E+00
 9.76212504E-01
 7.05804455E-01
 7.33749992E-01
 8.29772109E-01
 9.02697035E-01
 7.59401497E-01
 8.51522499E-01
 9.20463557E-01
 9.24545915E-01
 9.77391380E-01
 9.79592979E-01
 1.07834396E+00
 4.11955093E-01
 4.51386176E-01
 4.81263328E-01
 4.56334398E-01
 4.52136976E-01
 5.65547481E-01
 5.33367600E-01
 5.14551323E-01
 5.57509863E-01
 2.24358224E-01
 2.59648258E-01
 2.81288285E-01
 2.56684290E-01
 3.17238968E-01
 2.90285946E-01
 1.29563645E-01
 9.56229772E-01
 9.61164285E-01
 9.78257790E-01
 9.29857313E-01
 1.03588542E+00
 1.06248331E+00
 9.60061631E-01
 8.65898265E-01
 9.50827126E-01
 9.66028126E-01
 1.26803268E+00
 1.01004030E+00
 9.78400660E-01
 9.50825707E-01
 1.03954648E+00
 1.04433999E+00
 9.29991246E-01
 9.66027274E-01
 1.04433999E+00
 1.03590861E+00
 1.26803240E+00
 1.06248331E+00
 9.43946464E-01
 9.02365950E-01
 9.45779851E-01
 9.63054561E-01
 1.26711890E+00
 9.00160642E-01
 1.03904082E+00
 1.09428267E+00
 1.31607746E+00
 9.46065590E-01
 1.09427984E+00
 1.06907750E+00
 9.63322427E-01
 1.31607576E+00
 1.26716528E+00
 9.73266749E-01
 9.93870472E-01
 1.02649006E+00
 1.03427738E+00
 9.90039255E-01
 1.07061708E+00
 1.06952921E+00
 1.03137302E+00
 1.07203702E+00
 9.89201882E-01
 1.03951486E+00
 6.54063166E-01
 7.37755240E-01
 7.75257264E-01
 7.81460284E-01
 1.05187604E+00
 9.23024830E-01
 3.79377707E-01
 4.67759497E-01
 4.27568748E-01
 4.81562188E-01
 2.04715482E-01
 9.79539731E-01
 9.78186829E-01
 1.00842590E+00
 1.05941596E+00
 1.02496725E+00
 9.76212504E-01
 9.78239106E-01
 9.50826595E-01
 1.03954648E+00
 1.04433999E+00
 1.05071064E+00
 1.00842590E+00
 1.03954648E+00
 1.01396452E+00
 9.70003291E-01
 1.05941596E+00
 1.04433999E+00
 9.70003291E-01
 1.02496725E+00
 1.05071064E+00
 9.76212504E-01
 9.85797706E-01
 9.45637929E-01
 1.03954648E+00
 1.04433999E+00
 9.45742481E-01
 1.09428161E+00
 1.06907750E+00
 1.03954648E+00
 1.06907750E+00
 9.87885825E-01
 1.04433999E+00
 9.86119241E-01
 1.01790886E+00
 1.00863408E+00
 9.66987199E-01
 1.02084277E+00
 1.06890049E+00
 9.87764772E-01
 1.01679468E+00
 9.87804280E-01
 9.71287353E-01
 6.55848240E-01
 7.03980505E-01
 7.24610071E-01
 7.86763612E-01
 8.51048436E-01
 9.12297716E-01
 3.43045160E-01
 3.75945706E-01
 4.07880225E-01
 1.83001070E-01
 9.88136641E-01
 9.29834728E-01
 1.05941596E+00
 1.13941546E+00
 9.29865224E-01
 9.66027807E-01
 1.04433999E+00
 1.05941596E+00
 1.04433999E+00
 9.70003291E-01
 1.13941546E+00
 9.30753540E-01
 9.63009392E-01
 1.04433999E+00
 9.59348281E-01
 9.63070383E-01
 1.31607682E+00
 1.00487423E+00
 1.04433999E+00
 1.00487423E+00
 1.01053400E+00
 1.02627146E+00
 9.67111263E-01
 1.02830721E+00
 1.00526220E+00
 9.71692838E-01
 6.49715798E-01
 2.93522750E-01
 9.31619766E-01
 1.03589409E+00
 1.02496725E+00
 1.03590067E+00
 1.26803258E+00
 1.02496725E+00
 1.03493049E+00
 1.26713624E+00
 1.05071064E+00
 1.26714941E+00
 9.95264594E-01
 1.13015132E+00
 1.06248331E+00
 9.76212504E-01
 1.06248331E+00
 1.01004030E+00
 9.76212504E-01
 1.06248331E+00
 1.01004030E+00
 1.01004030E+00
 9.61443463E-01
 1.13077224E+00
 9.32425132E-01
 8.53081026E-01
 9.25771135E-01
 9.78863229E-01
 9.88049108E-01
 9.56703566E-01
 1.08924502E+00
 1.06460686E+00
 9.25430925E-01
 9.33763349E-01
 9.73417160E-01
 9.41911181E-01
 1.04804320E+00
 1.03705038E+00
 9.79425122E-01
 9.73718535E-01
 1.02759995E+00
 1.07675208E+00
 1.05700679E+00
 9.64290815E-01
 9.89792927E-01
 9.42102349E-01
 1.07675208E+00
 1.14189915E+00
 9.57308047E-01
 1.04805623E+00
 1.05700679E+00
 1.08924502E+00
 1.03705038E+00
 9.64290815E-01
 1.06460686E+00
 9.15592606E-01
 9.28927694E-01
 9.75317158E-01
 9.37073310E-01
 1.04571926E+00
 1.03705038E+00
 9.04508510E-01
 9.28247275E-01
 9.30308054E-01
 9.72273467E-01
 1.00751610E+00
 1.26945384E+00
 1.02452018E+00
 9.76440945E-01
 9.72876217E-01
 1.05020149E+00
 1.06184997E+00
 1.04380600E+00
 9.40560949E-01
 1.00789843E+00
 1.06184997E+00
 9.72710508E-01
 1.04692822E+00
 1.26947990E+00
 1.04380600E+00
 1.03705038E+00
 1.02452018E+00
 9.04508510E-01
 9.45881058E-01
 9.81387614E-01
 1.02101527E+00
 1.05811760E+00
 1.05081510E+00
 9.65535334E-01
 9.75066582E-01
 1.00400386E+00
 1.04435418E+00
 1.05999181E+00
 1.04362416E+00
 1.01582808E+00
 1.04178669E+00
 1.01157973E+00
 9.62245691E-01
 1.06150468E+00
 1.05716195E+00
 9.62151817E-01
 1.05088178E+00
 1.04228557E+00
 9.64290815E-01
 7.22278437E-01
 7.67984222E-01
 8.77589041E-01
 9.49889862E-01
 7.94462705E-01
 9.18699493E-01
 9.77370445E-01
 9.59083541E-01
 1.02098707E+00
 9.90799117E-01
 1.07760486E+00
 4.35749362E-01
 4.81422038E-01
 5.25898705E-01
 4.92302832E-01
 4.85874298E-01
 6.17366921E-01
 5.74527826E-01
 5.62043759E-01
 5.96694080E-01
 2.50355227E-01
 2.83585785E-01
 3.08014641E-01
 2.82035023E-01
 3.55972682E-01
 3.24183169E-01
 1.55201867E-01
 9.26156769E-01
 9.36754258E-01
 9.73106870E-01
 9.41734348E-01
 1.04800209E+00
 1.03705038E+00
 9.35667270E-01
 9.01157052E-01
 9.76794588E-01
 1.01010144E+00
 1.27011909E+00
 1.02452018E+00
 9.73433434E-01
 9.76793392E-01
 1.05020149E+00
 1.06184997E+00
 9.41940533E-01
 1.01010072E+00
 1.06184997E+00
 1.04800645E+00
 1.27011885E+00
 1.03705038E+00
 9.29698962E-01
 9.36289870E-01
 9.71652888E-01
 1.00716243E+00
 1.26937163E+00
 9.34115896E-01
 1.11753102E+00
 1.12371541E+00
 1.30005833E+00
 9.72306015E-01
 1.12371302E+00
 1.06912717E+00
 1.00757480E+00
 1.30005690E+00
 1.26938035E+00
 9.68879593E-01
 1.00310983E+00
 1.03340995E+00
 1.05204706E+00
 9.99277740E-01
 1.08677429E+00
 1.07001238E+00
 1.03621955E+00
 1.07093261E+00
 9.85650508E-01
 1.05281761E+00
 6.77549995E-01
 7.81221811E-01
 8.19339494E-01
 8.45438296E-01
 1.08423715E+00
 9.75768656E-01
 4.01203532E-01
 4.97438536E-01
 4.54742084E-01
 5.27444712E-01
 2.27359241E-01
 9.78404382E-01
 9.72836818E-01
 1.02759995E+00
 1.07675208E+00
 1.05700679E+00
 9.64290815E-01
 9.72861718E-01
 9.76794109E-01
 1.05020149E+00
 1.06184997E+00
 1.04380600E+00
 1.02759995E+00
 1.05020149E+00
 1.00651346E+00
 9.59323444E-01
 1.07675208E+00
 1.06184997E+00
 9.59323444E-01
 1.05700679E+00
 1.04380600E+00
 9.64290815E-01
 9.74399465E-01
 9.71112782E-01
 1.05020149E+00
 1.06184997E+00
 9.71162584E-01
 1.12371445E+00
 1.06912717E+00
 1.05020149E+00
 1.06912717E+00
 9.85650508E-01
 1.06184997E+00
 9.93453633E-01
 1.02592747E+00
 1.00177839E+00
 9.56628139E-01
 1.02772535E+00
 1.06922569E+00
 9.85611993E-01
 1.00687789E+00
 9.85650508E-01
 9.59210870E-01
 6.96928455E-01
 7.55756328E-01
 7.59956341E-01
 8.53711854E-01
 8.86183942E-01
 9.50950109E-01
 3.78617861E-01
 4.04875689E-01
 4.49593520E-01
 2.06680777E-01
 9.86076093E-01
 9.41609694E-01
 1.07675208E+00
 1.14189915E+00
 9.41619207E-01
 1.01010115E+00
 1.06184997E+00
 1.07675208E+00
 1.06184997E+00
 9.59323444E-01
 1.14189915E+00
 9.33127280E-01
 1.00691312E+00
 1.06184997E+00
 9.72710508E-01
 1.00693215E+00
 1.30005776E+00
 9.90990432E-01
 1.06184997E+00
 9.90990432E-01
 1.01931891E+00
 1.04535574E+00
 9.56727389E-01
 1.04612929E+00
 9.92502554E-01
 9.59535258E-01
 7.05516331E-01
 3.28977384E-01
 9.55920307E-01
 1.04800914E+00
 1.05700679E+00
 1.04800156E+00
 1.27011899E+00
 1.05700679E+00
 1.04415274E+00
 1.26938572E+00
 1.04380600E+00
 1.26937056E+00
 1.02613407E+00
 1.08924502E+00
 1.03705038E+00
 9.64290815E-01
 1.03705038E+00
 1.02452018E+00
 9.64290815E-01
 1.03705038E+00
 1.02452018E+00
 1.02452018E+00
 9.50695393E-01
 1.06460686E+00
 9.04508510E-01
 8.29165013E-01
 8.95440669E-01
 9.78723429E-01
 9.87663571E-01
 9.81523175E-01
 1.04833873E+00
 9.98441487E-01
 8.94854226E-01
 9.09906614E-01
 9.68361290E-01
 9.53837770E-01
 1.06016449E+00
 1.01161744E+00
 9.80255371E-01
 9.68875545E-01
 1.04677400E+00
 1.09408821E+00
 1.08904633E+00
 9.52369125E-01
 9.90776102E-01
 9.54126199E-01
 1.09408821E+00
 1.14438284E+00
 9.82530093E-01
 1.06017615E+00
 1.08904633E+00
 1.04833873E+00
 1.01161744E+00
 9.52369125E-01
 9.98441487E-01
 8.80203842E-01
 9.14165267E-01
 9.65910016E-01
 9.42797074E-01
 1.05597965E+00
 1.01161744E+00
 8.76591887E-01
 9.12992381E-01
 9.65338558E-01
 9.98336603E-01
 1.05172308E+00
 1.27171582E+00
 1.03900007E+00
 9.68973900E-01
 9.99365113E-01
 1.06085650E+00
 1.07935995E+00
 1.03690135E+00
 9.49022136E-01
 1.05229994E+00
 1.07935995E+00
 9.86072735E-01
 1.05799348E+00
 1.27173913E+00
 1.03690135E+00
 1.01161744E+00
 1.03900007E+00
 8.76591887E-01
 9.47692053E-01
 9.84414887E-01
 1.03493057E+00
 1.07209222E+00
 1.08298432E+00
 9.54443324E-01
 9.80077963E-01
 1.02458634E+00
 1.05623952E+00
 1.08036677E+00
 1.03801545E+00
 1.03483342E+00
 1.05458679E+00
 1.00222284E+00
 9.50451723E-01
 1.07536090E+00
 1.07497895E+00
 9.50381318E-01
 1.08195860E+00
 1.03553018E+00
 9.52369125E-01
 7.58682571E-01
 8.15044049E-01
 9.27037230E-01
 9.98061445E-01
 8.53029224E-01
 9.90953363E-01
 1.02185610E+00
 1.01006241E+00
 1.05518123E+00
 9.73858604E-01
 1.08673051E+00
 4.67375598E-01
 5.16813287E-01
 5.71394462E-01
 5.28787495E-01
 5.29009994E-01
 6.71248104E-01
 6.10636511E-01
 6.15774619E-01
 6.31622856E-01
 2.76844874E-01
 3.08633519E-01
 3.35549790E-01
 3.08852966E-01
 3.96475661E-01
 3.59477969E-01
 1.81234204E-01
 8.96166220E-01
 9.12452584E-01
 9.68024060E-01
 9.53652248E-01
 1.06013238E+00
 1.01161744E+00
 9.11532431E-01
 9.36391813E-01
 1.00275974E+00
 1.05417337E+00
 1.27220503E+00
 1.03900007E+00
 9.68654251E-01
 1.00275708E+00
 1.06085650E+00
 1.07935995E+00
 9.54002646E-01
 1.05417177E+00
 1.07935995E+00
 1.06014190E+00
 1.27220449E+00
 1.01161744E+00
 9.15616369E-01
 9.70430498E-01
 9.97662142E-01
 1.05135203E+00
 1.27165160E+00
 9.68590192E-01
 1.19597318E+00
 1.15314353E+00
 1.28403643E+00
 9.98922525E-01
 1.15313820E+00
 1.06917684E+00
 1.05205283E+00
 1.28403323E+00
 1.27167063E+00
 9.72816049E-01
 1.01843283E+00
 1.04256339E+00
 1.07115686E+00
 1.02045986E+00
 1.10971028E+00
 1.07266796E+00
 1.05185485E+00
 1.07488735E+00
 9.83415191E-01
 1.07259361E+00
 7.25046792E-01
 8.39791775E-01
 8.70646128E-01
 9.30578029E-01
 1.11791161E+00
 1.03403603E+00
 4.32805715E-01
 5.33459326E-01
 4.85286796E-01
 5.81880599E-01
 2.51321411E-01
 9.77250291E-01
 9.67556052E-01
 1.04677400E+00
 1.09408821E+00
 1.08904633E+00
 9.52369125E-01
 9.67654277E-01
 1.00275863E+00
 1.06085650E+00
 1.07935995E+00
 1.03690135E+00
 1.04677400E+00
 1.06085650E+00
 9.99062409E-01
 9.48643597E-01
 1.09408821E+00
 1.07935995E+00
 9.48643597E-01
 1.08904633E+00
 1.03690135E+00
 9.52369125E-01
 9.62963739E-01
 9.96726127E-01
 1.06085650E+00
 1.07935995E+00
 9.96922576E-01
 1.15314131E+00
 1.06917684E+00
 1.06085650E+00
 1.06917684E+00
 9.83415191E-01
 1.07935995E+00
 1.00709203E+00
 1.03720451E+00
 9.94754472E-01
 9.46168140E-01
 1.04253292E+00
 1.07178934E+00
 9.83338162E-01
 1.00225743E+00
 9.83415191E-01
 9.50312192E-01
 7.52755107E-01
 8.13202201E-01
 8.00210312E-01
 9.21581763E-01
 9.07074948E-01
 9.67885958E-01
 4.20049589E-01
 4.36358082E-01
 4.91163767E-01
 2.31379391E-01
 9.84004299E-01
 9.53426207E-01
 1.09408821E+00
 1.14438284E+00
 9.53475158E-01
 1.05417270E+00
 1.07935995E+00
 1.09408821E+00
 1.07935995E+00
 9.48643597E-01
 1.14438284E+00
 9.35478529E-01
 1.05089995E+00
 1.07935995E+00
 9.86072735E-01
 1.05099785E+00
 1.28403510E+00
 9.77106631E-01
 1.07935995E+00
 9.77106631E-01
 1.03188622E+00
 1.06639509E+00
 9.46242578E-01
 1.06870638E+00
 9.81085978E-01
 9.50555482E-01
 7.70164727E-01
 3.67947434E-01
 9.80217099E-01
 1.06013804E+00
 1.08904633E+00
 1.06013643E+00
 1.27220481E+00
 1.08904633E+00
 1.05336749E+00
 1.27166290E+00
 1.03690135E+00
 1.27165970E+00
 1.05826435E+00
 1.04833873E+00
 1.01161744E+00
 9.52369125E-01
 1.01161744E+00
 1.03900007E+00
 9.52369125E-01
 1.01161744E+00
 1.03900007E+00
 1.03900007E+00
 9.39947323E-01
 9.98441487E-01
 8.76591887E-01
 7.41320411E-01
 8.56365381E-01
 9.23645248E-01
 9.23709070E-01
 9.48727096E-01
 9.77777226E-01
 8.92338452E-01
 8.55725741E-01
 9.52060298E-01
 9.99737586E-01
 9.92385532E-01
 1.08239002E+00
 1.01870836E+00
 9.24858550E-01
 1.00041172E+00
 1.04419097E+00
 1.08534564E+00
 1.06013623E+00
 9.15858952E-01
 9.26175260E-01
 9.92769840E-01
 1.08534564E+00
 1.07593247E+00
 9.49517129E-01
 1.08245053E+00
 1.06013623E+00
 9.77777226E-01
 1.01870836E+00
 9.15858952E-01
 8.92338452E-01
 8.45972934E-01
 9.52623715E-01
 9.98143331E-01
 9.83815927E-01
 1.07920407E+00
 1.01870836E+00
 8.62534228E-01
 9.51344434E-01
 1.05713424E+00
 1.08545415E+00
 1.12603687E+00
 1.25391330E+00
 1.04438967E+00
 1.00056994E+00
 1.08680242E+00
 1.11435508E+00
 1.12384276E+00
 9.99857188E-01
 9.88748307E-01
 1.12680549E+00
 1.12384276E+00
 9.99658493E-01
 1.08078414E+00
 1.25403432E+00
 9.99857188E-01
 1.01870836E+00
 1.04438967E+00
 8.62534228E-01
 8.91767186E-01
 9.94772020E-01
 1.02339247E+00
 1.06199999E+00
 1.05350529E+00
 9.17518311E-01
 9.92897828E-01
 1.08845136E+00
 1.09550164E+00
 1.11566429E+00
 9.97759192E-01
 1.02608107E+00
 1.09589903E+00
 9.93563333E-01
 9.39076184E-01
 1.06545597E+00
 1.11214063E+00
 9.39029247E-01
 1.05292745E+00
 9.96029849E-01
 9.15858952E-01
 7.33293141E-01
 8.56161705E-01
 9.38954741E-01
 9.59381103E-01
 8.90068315E-01
 1.05864074E+00
 1.06427195E+00
 1.00511516E+00
 1.08753823E+00
 9.55163634E-01
 1.02006854E+00
 4.72479362E-01
 5.63557934E-01
 5.87996058E-01
 5.13473863E-01
 5.78011835E-01
 7.15844964E-01
 6.27212079E-01
 6.28990268E-01
 6.46944912E-01
 2.98150725E-01
 3.56908030E-01
 3.51282405E-01
 3.61080189E-01
 4.39037962E-01
 3.77543360E-01
 2.10134006E-01
 8.56089950E-01
 9.50497750E-01
 9.97239089E-01
 9.90900023E-01
 1.08191864E+00
 1.01870836E+00
 9.51630588E-01
 1.05147610E+00
 1.09821018E+00
 1.13352856E+00
 1.25614848E+00
 1.04438967E+00
 9.99235679E-01
 1.09820933E+00
 1.11435508E+00
 1.12384276E+00
 9.92070917E-01
 1.13352806E+00
 1.12384276E+00
 1.08222311E+00
 1.25614832E+00
 1.01870836E+00
 9.52072854E-01
 1.05400914E+00
 1.08045715E+00
 1.12306586E+00
 1.25297053E+00
 1.05627482E+00
 1.15453213E+00
 1.11138518E+00
 1.17693040E+00
 1.08445033E+00
 1.11138349E+00
 1.03875170E+00
 1.12540764E+00
 1.17692938E+00
 1.25357947E+00
 9.82038191E-01
 1.07019663E+00
 1.07729830E+00
 1.10407994E+00
 1.07962601E+00
 1.07871570E+00
 1.04292714E+00
 1.09134191E+00
 1.04431889E+00
 9.53238415E-01
 1.10891057E+00
 7.77984502E-01
 9.23285258E-01
 9.47118885E-01
 1.00458493E+00
 1.07518893E+00
 1.07240185E+00
 4.83695076E-01
 5.81912022E-01
 5.21557068E-01
 6.33126959E-01
 2.96397164E-01
 9.21748773E-01
 9.96931129E-01
 1.04419097E+00
 1.08534564E+00
 1.06013623E+00
 9.15858952E-01
 9.98190540E-01
 1.09820981E+00
 1.11435508E+00
 1.12384276E+00
 9.99857188E-01
 1.04419097E+00
 1.11435508E+00
 9.91611353E-01
 9.37963751E-01
 1.08534564E+00
 1.12384276E+00
 9.37963751E-01
 1.06013623E+00
 9.99857188E-01
 9.15858952E-01
 9.94350381E-01
 1.07984123E+00
 1.11435508E+00
 1.12384276E+00
 1.08236005E+00
 1.11138444E+00
 1.03875170E+00
 1.11435508E+00
 1.03875170E+00
 9.53238415E-01
 1.12384276E+00
 9.98091810E-01
 1.07218641E+00
 9.88720576E-01
 9.36302154E-01
 1.08124154E+00
 1.04115250E+00
 9.55072345E-01
 9.94835089E-01
 9.53238415E-01
 9.39732378E-01
 7.95390858E-01
 8.97702144E-01
 8.51391348E-01
 9.82540198E-01
 9.05837849E-01
 9.58906361E-01
 4.53027957E-01
 4.76128169E-01
 5.23762762E-01
 2.50670569E-01
 9.20356778E-01
 9.90758237E-01
 1.08534564E+00
 1.07593247E+00
 9.91505794E-01
 1.13352834E+00
 1.12384276E+00
 1.08534564E+00
 1.12384276E+00
 9.37963751E-01
 1.07593247E+00
 9.77111343E-01
 1.12278228E+00
 1.12384276E+00
 9.99658493E-01
 1.12427740E+00
 1.17692995E+00
 9.43477532E-01
 1.12384276E+00
 9.43477532E-01
 1.02950094E+00
 1.10000727E+00
 9.36351780E-01
 1.10469060E+00
 9.46846419E-01
 9.39894572E-01
 7.85850038E-01
 3.82455049E-01
 9.47554028E-01
 1.08193617E+00
 1.06013623E+00
 1.08217102E+00
 1.25614841E+00
 1.06013623E+00
 1.07685794E+00
 1.25300560E+00
 9.99857188E-01
 1.25347530E+00
 1.03451922E+00
 9.77777226E-01
 1.01870836E+00
 9.15858952E-01
 1.01870836E+00
 1.04438967E+00
 9.15858952E-01
 1.01870836E+00
 1.04438967E+00
 1.04438967E+00
 9.07038299E-01
 8.92338452E-01
 8.62534228E-01
 5.95454225E-01
 7.59702339E-01
 8.49625871E-01
 8.80480066E-01
 8.99818964E-01
 8.77212808E-01
 7.56828582E-01
 7.59481129E-01
 9.29953660E-01
 1.01624476E+00
 1.05572807E+00
 1.07504189E+00
 9.78522331E-01
 8.50378658E-01
 1.01679367E+00
 1.07384617E+00
 1.11701262E+00
 1.01746652E+00
 8.54387741E-01
 8.81800843E-01
 1.05604733E+00
 1.11701262E+00
 1.02854375E+00
 9.00243207E-01
 1.07511451E+00
 1.01746652E+00
 8.77212808E-01
 9.78522331E-01
 8.54387741E-01
 7.56828582E-01
 7.46751009E-01
 9.13782857E-01
 9.99783872E-01
 1.04204501E+00
 1.07031616E+00
 9.78522331E-01
 8.06601636E-01
 9.13340436E-01
 1.04830106E+00
 1.11758679E+00
 1.18485524E+00
 1.15981361E+00
 9.57336496E-01
 1.00128945E+00
 1.11868461E+00
 1.14078149E+00
 1.14758679E+00
 9.03366014E-01
 1.04468656E+00
 1.18549376E+00
 1.14758679E+00
 9.92530316E-01
 1.07116465E+00
 1.15995886E+00
 9.03366014E-01
 9.78522331E-01
 9.57336496E-01
 8.06601636E-01
 8.01780085E-01
 9.68173917E-01
 1.01669674E+00
 1.07728969E+00
 1.00480101E+00
 8.55217420E-01
 9.69753490E-01
 1.09478065E+00
 1.10251141E+00
 1.12619154E+00
 8.96548344E-01
 1.02226851E+00
 1.10543718E+00
 9.68371411E-01
 8.93192711E-01
 1.08155416E+00
 1.12606595E+00
 8.93169242E-01
 1.00535758E+00
 8.96229087E-01
 8.54387741E-01
 6.90678475E-01
 8.73170518E-01
 9.40181973E-01
 9.08086949E-01
 8.99739903E-01
 1.07188003E+00
 1.05680822E+00
 9.89026908E-01
 1.07692264E+00
 9.01236436E-01
 9.47889499E-01
 4.64746568E-01
 5.87559739E-01
 5.90312870E-01
 4.83183715E-01
 6.04103759E-01
 7.04418177E-01
 5.96839818E-01
 6.27165234E-01
 6.17544344E-01
 3.09178576E-01
 3.85584870E-01
 3.56463096E-01
 3.95619759E-01
 4.33068738E-01
 3.84209748E-01
 2.33149574E-01
 7.56858860E-01
 9.24646092E-01
 1.01234130E+00
 1.05339278E+00
 1.07427535E+00
 9.78522331E-01
 9.26952648E-01
 1.06590807E+00
 1.13857837E+00
 1.19736922E+00
 1.16385392E+00
 9.57336496E-01
 1.01473207E+00
 1.13857362E+00
 1.14078149E+00
 1.14758679E+00
 1.05481372E+00
 1.19736638E+00
 1.14758679E+00
 1.07470608E+00
 1.16385297E+00
 9.78522331E-01
 9.08095898E-01
 1.03768592E+00
 1.10977986E+00
 1.18018467E+00
 1.15828054E+00
 1.04229904E+00
 1.02915921E+00
 1.04688807E+00
 1.11087185E+00
 1.11456141E+00
 1.04687857E+00
 1.01158018E+00
 1.18302654E+00
 1.11086615E+00
 1.15914200E+00
 9.51709722E-01
 1.06779662E+00
 1.08293580E+00
 1.11411499E+00
 1.08065205E+00
 1.02577641E+00
 1.00904907E+00
 1.09873318E+00
 1.01175849E+00
 9.13747819E-01
 1.12179566E+00
 8.13358921E-01
 9.68473325E-01
 9.79764782E-01
 1.02692024E+00
 1.02441221E+00
 1.06343664E+00
 5.18835489E-01
 5.95312780E-01
 5.25545663E-01
 6.37928906E-01
 3.25652010E-01
 8.45656964E-01
 1.01161531E+00
 1.07384617E+00
 1.11701262E+00
 1.01746652E+00
 8.54387741E-01
 1.01339421E+00
 1.13857623E+00
 1.14078149E+00
 1.14758679E+00
 9.03366014E-01
 1.07384617E+00
 1.14078149E+00
 9.67395421E-01
 8.92636494E-01
 1.11701262E+00
 1.14758679E+00
 8.92636494E-01
 1.01746652E+00
 9.03366014E-01
 8.54387741E-01
 9.91846057E-01
 1.10832790E+00
 1.14078149E+00
 1.14758679E+00
 1.11188568E+00
 1.04688379E+00
 1.01158018E+00
 1.14078149E+00
 1.01158018E+00
 9.13747819E-01
 1.14758679E+00
 9.91570876E-01
 1.07652512E+00
 9.62756859E-01
 8.89889791E-01
 1.08701048E+00
 1.00674668E+00
 9.13747819E-01
 9.69328478E-01
 9.13747819E-01
 8.93713521E-01
 8.39249739E-01
 9.42074781E-01
 8.42797215E-01
 9.96935344E-01
 8.97550247E-01
 9.04713742E-01
 4.82655143E-01
 4.85635707E-01
 5.18586409E-01
 2.64991997E-01
 8.76991518E-01
 1.05297869E+00
 1.11701262E+00
 1.02854375E+00
 1.05404198E+00
 1.19736794E+00
 1.14758679E+00
 1.11701262E+00
 1.14758679E+00
 8.92636494E-01
 1.02854375E+00
 1.03506791E+00
 1.17935648E+00
 1.14758679E+00
 9.92530316E-01
 1.18148307E+00
 1.11086928E+00
 9.40819989E-01
 1.14758679E+00
 9.40819989E-01
 1.05355484E+00
 1.10976583E+00
 8.89914604E-01
 1.11568217E+00
 9.38884092E-01
 8.93794618E-01
 8.03831241E-01
 3.93570102E-01
 8.98628296E-01
 1.07416972E+00
 1.01746652E+00
 1.07451698E+00
 1.16385349E+00
 1.01746652E+00
 1.06793482E+00
 1.15806927E+00
 9.03366014E-01
 1.15876380E+00
 9.92812869E-01
 8.77212808E-01
 9.78522331E-01
 8.54387741E-01
 9.78522331E-01
 9.57336496E-01
 8.54387741E-01
 9.78522331E-01
 9.57336496E-01
 9.57336496E-01
 8.49977414E-01
 7.56828582E-01
 8.06601636E-01
