 1.00000000E+00
 1.00000000E+00
 1.00000000E+00
 5.95769413E-01
 2.97914815E-01
 1.68316664E-01
 9.57590842E-02
 4.93245930E-02
 1.69873400E-02
 0.00000000E+00
 1.00000000E+00
 1.00000000E+00
 1.00000000E+00
 4.88326235E-01
 2.40190117E-01
 1.28914199E-01
 6.54682301E-02
 2.39821176E-02
 1.00000000E+00
 1.00000000E+00
 1.00000000E+00
 3.97080520E-01
 1.90328369E-01
 9.45189441E-02
 3.84683638E-02
 2.89531436E-03
 1.00000000E+00
 1.00000000E+00
 8.95497827E-01
 3.13809713E-01
 1.43927068E-01
 6.17709418E-02
 1.46940436E-02
 1.00000000E+00
 1.00000000E+00
 6.45870852E-01
 2.32931306E-01
 9.67039658E-02
 3.06992859E-02
 1.00000000E+00
 1.00000000E+00
 4.34099613E-01
 1.53942321E-01
 5.36486233E-02
 1.00000000E+00
 1.00000000E+00
 2.65780468E-01
 8.93131874E-02
 1.00000000E+00
 5.84051549E-01
 1.52309819E-01
 1.00000000E+00
 8.98205294E-01
 1.00000000E+00
 1.00000000E+00
 1.00000000E+00
 6.57224557E-01
 3.21512522E-01
 1.80017039E-01
 1.01957195E-01
 5.24204525E-02
 1.81000643E-02
 0.00000000E+00
 1.00000000E+00
 1.00000000E+00
 1.00000000E+00
 5.38872919E-01
 2.59877685E-01
 1.38425790E-01
 7.01411005E-02
 2.58319636E-02
 1.00000000E+00
 1.00000000E+00
 1.00000000E+00
 4.37697862E-01
 2.06255897E-01
 1.01872418E-01
 4.15950998E-02
 3.55118170E-03
 1.00000000E+00
 1.00000000E+00
 1.00000000E+00
 3.44584303E-01
 1.55792373E-01
 6.65876009E-02
 1.59728493E-02
 1.00000000E+00
 1.00000000E+00
 7.33193304E-01
 2.53815934E-01
 1.04044726E-01
 3.28346055E-02
 1.00000000E+00
 1.00000000E+00
 4.80872375E-01
 1.65717160E-01
 5.70351682E-02
 1.00000000E+00
 1.00000000E+00
 2.87452389E-01
 9.46983260E-02
 1.00000000E+00
 6.43292768E-01
 1.61386566E-01
 1.00000000E+00
 9.66990806E-01
 1.00000000E+00
 1.00000000E+00
 1.00000000E+00
 7.27206577E-01
 3.47223627E-01
 1.92540142E-01
 1.08530056E-01
 5.56857166E-02
 1.92693000E-02
 0.00000000E+00
 1.00000000E+00
 1.00000000E+00
 1.00000000E+00
 5.96224872E-01
 2.81333637E-01
 1.48624009E-01
 7.51121000E-02
 2.77966555E-02
 1.00000000E+00
 1.00000000E+00
 1.00000000E+00
 4.83486868E-01
 2.23570885E-01
 1.09741890E-01
 4.49071165E-02
 4.22239068E-03
 1.00000000E+00
 1.00000000E+00
 1.00000000E+00
 3.78897027E-01
 1.68600288E-01
 7.16925158E-02
 1.72871222E-02
 1.00000000E+00
 1.00000000E+00
 8.37585053E-01
 2.76711261E-01
 1.11848734E-01
 3.50339628E-02
 1.00000000E+00
 1.00000000E+00
 5.34016193E-01
 1.78307545E-01
 6.05292967E-02
 1.00000000E+00
 1.00000000E+00
 3.10915756E-01
 1.00264989E-01
 1.00000000E+00
 7.09990164E-01
 1.70795186E-01
 1.00000000E+00
 1.00000000E+00
 1.00000000E+00
 1.00000000E+00
 1.00000000E+00
 8.07531656E-01
 3.75324408E-01
 2.05969387E-01
 1.15509727E-01
 5.91334751E-02
 2.04990741E-02
 0.00000000E+00
 1.00000000E+00
 1.00000000E+00
 1.00000000E+00
 6.61774814E-01
 3.04787108E-01
 1.59577876E-01
 8.04065690E-02
 2.98841788E-02
 1.00000000E+00
 1.00000000E+00
 1.00000000E+00
 5.35437319E-01
 2.42447897E-01
 1.18177929E-01
 4.84192181E-02
 4.90947916E-03
 1.00000000E+00
 1.00000000E+00
 1.00000000E+00
 4.17354150E-01
 1.82460644E-01
 7.71118566E-02
 1.86384201E-02
 1.00000000E+00
 1.00000000E+00
 9.64399956E-01
 3.01907756E-01
 1.20161171E-01
 3.73003225E-02
 1.00000000E+00
 1.00000000E+00
 5.94875420E-01
 1.91800082E-01
 6.41361503E-02
 1.00000000E+00
 1.00000000E+00
 3.36398917E-01
 1.06022069E-01
 1.00000000E+00
 7.85613001E-01
 1.80552439E-01
 1.00000000E+00
 1.00000000E+00
 1.00000000E+00
 1.00000000E+00
 1.00000000E+00
 9.00568709E-01
 4.06140347E-01
 2.20398445E-01
 1.22931778E-01
 6.27779953E-02
 2.17937366E-02
 0.00000000E+00
 1.00000000E+00
 1.00000000E+00
 1.00000000E+00
 7.37317676E-01
 3.30506645E-01
 1.71366125E-01
 8.60531245E-02
 3.21034991E-02
 1.00000000E+00
 1.00000000E+00
 1.00000000E+00
 5.94806091E-01
 2.63090147E-01
 1.27238523E-01
 5.21481888E-02
 5.61301490E-03
 1.00000000E+00
 1.00000000E+00
 1.00000000E+00
 4.60709732E-01
 1.97499955E-01
 8.28750593E-02
 2.00283792E-02
 1.00000000E+00
 1.00000000E+00
 1.00000000E+00
 3.29751675E-01
 1.29033051E-01
 3.96368793E-02
 1.00000000E+00
 1.00000000E+00
 6.65196548E-01
 2.06294891E-01
 6.78613168E-02
 1.00000000E+00
 1.00000000E+00
 3.64169250E-01
 1.11979310E-01
 1.00000000E+00
 8.72042622E-01
 1.90676650E-01
 1.00000000E+00
 1.00000000E+00
 1.00000000E+00
 1.00000000E+00
 1.00000000E+00
 1.00000000E+00
 4.40055787E-01
 2.35934411E-01
 1.30836548E-01
 6.66352576E-02
 2.31581164E-02
 0.00000000E+00
 1.00000000E+00
 1.00000000E+00
 1.00000000E+00
 8.25206114E-01
 3.58813345E-01
 1.84078321E-01
 9.20833983E-02
 3.44646284E-02
 1.00000000E+00
 1.00000000E+00
 1.00000000E+00
 6.63211032E-01
 2.85737355E-01
 1.36989434E-01
 5.61130448E-02
 6.33358768E-03
 1.00000000E+00
 1.00000000E+00
 1.00000000E+00
 5.09904940E-01
 2.13865278E-01
 8.90156522E-02
 2.14587693E-02
 1.00000000E+00
 1.00000000E+00
 1.00000000E+00
 3.60661531E-01
 1.38522407E-01
 4.20470624E-02
 1.00000000E+00
 1.00000000E+00
 7.47289902E-01
 2.21906549E-01
 7.17106841E-02
 1.00000000E+00
 1.00000000E+00
 3.94543104E-01
 1.18146811E-01
 1.00000000E+00
 9.71731662E-01
 2.01187139E-01
 1.00000000E+00
 1.00000000E+00
 1.00000000E+00
 1.00000000E+00
 1.00000000E+00
 1.00000000E+00
 4.77534380E-01
 2.52699210E-01
 1.39268819E-01
 7.07229581E-02
 2.45975382E-02
 0.00000000E+00
 1.00000000E+00
 1.00000000E+00
 1.00000000E+00
 9.28589533E-01
 3.90087254E-01
 1.97818173E-01
 9.85336225E-02
 3.69786670E-02
 1.00000000E+00
 1.00000000E+00
 1.00000000E+00
 7.42769532E-01
 3.10672787E-01
 1.47505870E-01
 6.03353415E-02
 7.07181897E-03
 1.00000000E+00
 1.00000000E+00
 1.00000000E+00
 5.66134956E-01
 2.31729679E-01
 9.55714827E-02
 2.29314498E-02
 1.00000000E+00
 1.00000000E+00
 1.00000000E+00
 3.95145745E-01
 1.48696123E-01
 4.45344835E-02
 1.00000000E+00
 1.00000000E+00
 8.44275978E-01
 2.38768891E-01
 7.56906253E-02
 1.00000000E+00
 1.00000000E+00
 4.27900652E-01
 1.24535660E-01
 1.00000000E+00
 1.00000000E+00
 2.12104459E-01
 1.00000000E+00
 1.00000000E+00
 1.00000000E+00
 1.00000000E+00
 1.00000000E+00
 1.00000000E+00
 5.19129867E-01
 2.70834645E-01
 1.48279153E-01
 7.50610115E-02
 2.61178055E-02
 0.00000000E+00
 1.00000000E+00
 1.00000000E+00
 1.00000000E+00
 1.00000000E+00
 4.24785910E-01
 2.12704187E-01
 1.05444413E-01
 3.96582916E-02
 1.00000000E+00
 1.00000000E+00
 1.00000000E+00
 8.36306059E-01
 3.38236730E-01
 1.58874949E-01
 6.48396015E-02
 7.82836313E-03
 1.00000000E+00
 1.00000000E+00
 1.00000000E+00
 6.30938476E-01
 2.51295886E-01
 1.02585752E-01
 2.44484358E-02
 1.00000000E+00
 1.00000000E+00
 1.00000000E+00
 4.33833151E-01
 1.59630446E-01
 4.71030916E-02
 1.00000000E+00
 1.00000000E+00
 9.60475563E-01
 2.57037307E-01
 7.98080106E-02
 1.00000000E+00
 1.00000000E+00
 4.64697249E-01
 1.31157551E-01
 1.00000000E+00
 1.00000000E+00
 2.23451205E-01
 1.00000000E+00
 1.00000000E+00
 1.00000000E+00
 1.00000000E+00
 1.00000000E+00
 1.00000000E+00
 5.65515950E-01
 2.90502852E-01
 1.57924296E-01
 7.96710613E-02
 2.77254011E-02
 0.00000000E+00
 1.00000000E+00
 1.00000000E+00
 1.00000000E+00
 1.00000000E+00
 4.63463598E-01
 2.28873722E-01
 1.12862391E-01
 4.25176261E-02
 1.00000000E+00
 1.00000000E+00
 1.00000000E+00
 9.47674913E-01
 3.68836169E-01
 1.71196658E-01
 6.96535435E-02
 8.60389547E-03
 1.00000000E+00
 1.00000000E+00
 1.00000000E+00
 7.06329525E-01
 2.72804239E-01
 1.10107739E-01
 2.60118508E-02
 1.00000000E+00
 1.00000000E+00
 1.00000000E+00
 4.77502127E-01
 1.71414140E-01
 4.97570465E-02
 1.00000000E+00
 1.00000000E+00
 1.00000000E+00
 2.76893755E-01
 8.40701013E-02
 1.00000000E+00
 1.00000000E+00
 5.05485150E-01
 1.38025374E-01
 1.00000000E+00
 1.00000000E+00
 2.35250901E-01
 1.00000000E+00
 1.00000000E+00
 1.00000000E+00
 1.00000000E+00
 1.00000000E+00
 1.00000000E+00
 6.17518305E-01
 3.11892402E-01
 1.68269483E-01
 8.45777575E-02
 2.94275328E-02
 0.00000000E+00
 1.00000000E+00
 1.00000000E+00
 1.00000000E+00
 1.00000000E+00
 5.06795698E-01
 2.46485727E-01
 1.20840170E-01
 4.55728168E-02
 1.00000000E+00
 1.00000000E+00
 1.00000000E+00
 1.00000000E+00
 4.02965077E-01
 1.84586765E-01
 7.48090104E-02
 9.39913752E-03
 1.00000000E+00
 1.00000000E+00
 1.00000000E+00
 7.94994774E-01
 2.96540381E-01
 1.18194419E-01
 2.76240029E-02
 1.00000000E+00
 1.00000000E+00
 1.00000000E+00
 5.27133044E-01
 1.84149509E-01
 5.25009077E-02
 1.00000000E+00
 1.00000000E+00
 1.00000000E+00
 2.98554647E-01
 8.84849604E-02
 1.00000000E+00
 1.00000000E+00
 5.50945938E-01
 1.45152579E-01
 1.00000000E+00
 1.00000000E+00
 2.47529585E-01
 1.00000000E+00
 1.00000000E+00
