 7.39763086E-01
 8.86229237E-01
 8.75161868E-01
 5.66539113E-01
 3.12124729E-01
 1.78645128E-01
 1.06793389E-01
 5.65113760E-02
 2.54101141E-02
 8.23409691E-03
 8.98623995E-01
 9.95327299E-01
 9.15573120E-01
 5.00667163E-01
 2.53760726E-01
 1.33609852E-01
 6.78506594E-02
 2.48709532E-02
 9.69467781E-01
 1.03159150E+00
 8.86786191E-01
 4.12399619E-01
 1.97636200E-01
 9.76445830E-02
 4.07664033E-02
 8.04293339E-03
 9.95474609E-01
 1.07140428E+00
 8.40358851E-01
 3.45991490E-01
 1.54872367E-01
 6.68270961E-02
 2.29490633E-02
 1.01903682E+00
 1.06882944E+00
 7.10467407E-01
 2.75975757E-01
 1.09992449E-01
 4.33157735E-02
 9.90122516E-01
 9.30022627E-01
 4.36181064E-01
 1.50218607E-01
 5.86066489E-02
 9.73927403E-01
 8.27384355E-01
 2.41121653E-01
 7.60654508E-02
 9.64332942E-01
 6.35770384E-01
 1.20910005E-01
 8.20741617E-01
 4.76321516E-01
 8.98537384E-01
 9.80065944E-01
 9.67969848E-01
 6.53492048E-01
 3.35400727E-01
 1.84895231E-01
 1.04689708E-01
 5.34737983E-02
 1.88813553E-02
 2.65267348E-03
 9.79721039E-01
 1.00085643E+00
 9.59970505E-01
 5.47311603E-01
 2.64454749E-01
 1.39991094E-01
 7.03521641E-02
 2.53591779E-02
 1.00018257E+00
 1.00567799E+00
 9.25963214E-01
 4.43690486E-01
 2.07179812E-01
 1.02556884E-01
 4.23704949E-02
 7.58329342E-03
 1.00087561E+00
 1.02367702E+00
 8.47932239E-01
 3.45036315E-01
 1.56349382E-01
 6.76626584E-02
 1.90535322E-02
 1.01674678E+00
 1.04683600E+00
 7.42690470E-01
 2.78768776E-01
 1.11271603E-01
 4.29555496E-02
 9.99330770E-01
 9.50687780E-01
 4.61978004E-01
 1.60669402E-01
 6.19260984E-02
 9.99933304E-01
 9.12918228E-01
 2.39602975E-01
 8.68989159E-02
 9.99135844E-01
 6.55188917E-01
 1.07063071E-01
 9.69785672E-01
 6.18216323E-01
 9.65431453E-01
 9.99066735E-01
 9.97223296E-01
 7.14588509E-01
 3.54177514E-01
 1.95243876E-01
 1.09148425E-01
 5.60276979E-02
 1.81153015E-02
 1.26787279E-03
 9.98503851E-01
 9.98178694E-01
 9.99330976E-01
 6.02274743E-01
 2.81973646E-01
 1.49251871E-01
 7.53367804E-02
 2.69109682E-02
 9.97999894E-01
 9.97902651E-01
 9.68602256E-01
 4.85393326E-01
 2.22873098E-01
 1.09909962E-01
 4.54067949E-02
 7.84921655E-03
 9.98199514E-01
 9.99472885E-01
 8.81911792E-01
 3.68985268E-01
 1.67687454E-01
 7.18640883E-02
 2.03448546E-02
 1.00306546E+00
 1.01725535E+00
 7.85990292E-01
 2.79281227E-01
 1.12169545E-01
 4.40782891E-02
 9.99405585E-01
 9.81472224E-01
 5.37698103E-01
 1.71841560E-01
 6.45421245E-02
 9.97492214E-01
 9.98128021E-01
 2.62320009E-01
 8.60550241E-02
 9.97378585E-01
 7.22279094E-01
 1.11565401E-01
 1.06221264E+00
 7.29200307E-01
 9.79704254E-01
 9.99686759E-01
 1.00264630E+00
 7.85481637E-01
 3.81443481E-01
 2.08217953E-01
 1.16032664E-01
 5.93851739E-02
 1.89421591E-02
 7.48289566E-04
 9.99990646E-01
 9.99395796E-01
 1.00929129E+00
 6.69858146E-01
 3.05606110E-01
 1.60060880E-01
 8.06275300E-02
 2.89260378E-02
 9.99878249E-01
 9.98292756E-01
 9.97465299E-01
 5.49998872E-01
 2.42557141E-01
 1.18298955E-01
 4.88249998E-02
 8.51867508E-03
 9.99415090E-01
 9.94731704E-01
 9.40184144E-01
 4.17844469E-01
 1.82153360E-01
 7.71593136E-02
 2.17801961E-02
 9.99525682E-01
 1.00095423E+00
 8.42674770E-01
 3.00686859E-01
 1.18742205E-01
 4.56400416E-02
 9.97978483E-01
 9.84678100E-01
 6.41277913E-01
 1.84327986E-01
 6.72138165E-02
 9.98693102E-01
 9.97646933E-01
 3.15781536E-01
 9.15105593E-02
 9.99467056E-01
 7.66851163E-01
 1.54789668E-01
 1.07005057E+00
 7.87523218E-01
 9.93212461E-01
 9.99948589E-01
 1.00278039E+00
 8.57464187E-01
 4.11766728E-01
 2.22372497E-01
 1.23429892E-01
 6.29317833E-02
 1.98186643E-02
 2.26294067E-04
 9.99990230E-01
 9.99980460E-01
 1.00749359E+00
 7.33257633E-01
 3.31610828E-01
 1.71762322E-01
 8.62421765E-02
 3.10615558E-02
 9.99996297E-01
 9.99699846E-01
 1.01428114E+00
 6.05490733E-01
 2.63061536E-01
 1.27320624E-01
 5.24559696E-02
 9.23493956E-03
 1.00000018E+00
 9.98536615E-01
 1.00680705E+00
 4.63828944E-01
 1.97370542E-01
 8.28185911E-02
 2.32469590E-02
 9.99762633E-01
 1.00011076E+00
 9.23442889E-01
 3.29198502E-01
 1.27711532E-01
 4.73352247E-02
 1.00485973E+00
 1.01438870E+00
 7.87808776E-01
 2.12565387E-01
 7.41645739E-02
 9.98784811E-01
 1.01014329E+00
 3.98120219E-01
 9.94091825E-02
 9.99491623E-01
 8.16687691E-01
 2.14964961E-01
 1.07741998E+00
 8.46463330E-01
 9.93208702E-01
 9.99941070E-01
 1.00564846E+00
 9.21172878E-01
 4.47501685E-01
 2.38713036E-01
 1.31413836E-01
 6.68791745E-02
 2.12067114E-02
 4.76497810E-04
 9.99989244E-01
 9.99978488E-01
 1.01166706E+00
 8.05638374E-01
 3.64889414E-01
 1.84680408E-01
 9.23136584E-02
 3.33942586E-02
 9.99997222E-01
 9.99994444E-01
 1.02891113E+00
 6.63671199E-01
 2.85872818E-01
 1.37128413E-01
 5.64911352E-02
 1.04095319E-02
 1.00000161E+00
 1.00000322E+00
 1.05698950E+00
 5.12264232E-01
 2.13813632E-01
 8.90411980E-02
 2.49925508E-02
 9.99992360E-01
 9.99984719E-01
 9.92211599E-01
 3.60612612E-01
 1.37105084E-01
 5.08565268E-02
 1.01051940E+00
 1.03381520E+00
 9.00416711E-01
 2.38533732E-01
 8.11460245E-02
 9.98255122E-01
 1.01059739E+00
 4.80722589E-01
 1.04752652E-01
 9.99110745E-01
 8.49605602E-01
 2.68599632E-01
 1.07373926E+00
 8.60871858E-01
 9.79699570E-01
 9.99970140E-01
 1.01006129E+00
 9.74404628E-01
 4.87544484E-01
 2.57413286E-01
 1.40073455E-01
 7.12683005E-02
 2.31264591E-02
 1.50804304E-03
 9.99987960E-01
 9.99975920E-01
 1.02027459E+00
 8.86943018E-01
 4.04809326E-01
 1.98946756E-01
 9.88897859E-02
 3.59391984E-02
 9.99998156E-01
 9.99996313E-01
 1.03911776E+00
 7.27958635E-01
 3.11526823E-01
 1.47814270E-01
 6.09550782E-02
 1.20475753E-02
 1.00000492E+00
 1.00000983E+00
 1.08507711E+00
 5.65938386E-01
 2.32050868E-01
 9.58799173E-02
 2.70278025E-02
 9.99979972E-01
 9.99959944E-01
 1.03854829E+00
 3.95440313E-01
 1.46911015E-01
 5.62183731E-02
 1.01262496E+00
 1.03832261E+00
 9.62908503E-01
 2.59154857E-01
 8.70697559E-02
 9.97918323E-01
 1.00081739E+00
 5.56837796E-01
 1.09250556E-01
 9.98458468E-01
 8.66828297E-01
 3.09859498E-01
 1.05903778E+00
 8.30787989E-01
 9.66164632E-01
 9.99947596E-01
 9.98853650E-01
 1.01105463E+00
 5.21738297E-01
 2.77778683E-01
 1.49433149E-01
 7.59070646E-02
 2.51105618E-02
 2.53796979E-03
 9.99986651E-01
 9.99973301E-01
 1.00269413E+00
 9.59781432E-01
 4.41208178E-01
 2.14464832E-01
 1.05894796E-01
 3.86400897E-02
 9.99999211E-01
 9.99998422E-01
 1.01497939E+00
 8.00735682E-01
 3.39745937E-01
 1.59374409E-01
 6.56979356E-02
 1.37428345E-02
 1.00000830E+00
 1.00001659E+00
 1.06879649E+00
 6.25246516E-01
 2.51743367E-01
 1.03204053E-01
 2.91012239E-02
 9.99965364E-01
 9.99930728E-01
 1.03065644E+00
 4.33885667E-01
 1.57379673E-01
 6.17417185E-02
 1.00384272E+00
 1.02426513E+00
 9.47862421E-01
 2.65792910E-01
 8.76841549E-02
 9.96880411E-01
 9.98306155E-01
 5.96828817E-01
 1.14387395E-01
 9.97257142E-01
 8.90356406E-01
 3.19606604E-01
 1.04555956E+00
 8.02338761E-01
 8.98495538E-01
 9.79560572E-01
 9.93404669E-01
 9.96008539E-01
 5.46304302E-01
 3.05088686E-01
 1.65348386E-01
 8.24820152E-02
 2.97957401E-02
 5.02157060E-03
 9.79704097E-01
 9.99979193E-01
 9.99654428E-01
 9.87076192E-01
 4.71055424E-01
 2.34005603E-01
 1.13483795E-01
 4.22317508E-02
 1.00001166E+00
 1.00002333E+00
 1.00897722E+00
 8.65450405E-01
 3.72542180E-01
 1.73284460E-01
 7.11533962E-02
 1.61564364E-02
 1.00001867E+00
 1.00003733E+00
 1.04763956E+00
 6.73074772E-01
 2.72989691E-01
 1.13022048E-01
 3.14417996E-02
 9.99877829E-01
 9.99755658E-01
 1.02004716E+00
 4.71614450E-01
 1.69096516E-01
 6.82715671E-02
 9.99164052E-01
 1.02953353E+00
 9.50264179E-01
 2.91883664E-01
 9.24491568E-02
 9.94279980E-01
 1.03837775E+00
 6.80333483E-01
 1.39852773E-01
 9.92753189E-01
 9.26574931E-01
 3.40346517E-01
 1.00787857E+00
 7.46284047E-01
 7.43776547E-01
 8.86501254E-01
 9.44011408E-01
 9.27081151E-01
 5.64262727E-01
 3.43564423E-01
 1.99033174E-01
 1.03259185E-01
 4.77356195E-02
 1.67647694E-02
 8.98515280E-01
 9.79600056E-01
 1.00963015E+00
 9.98730251E-01
 5.15305980E-01
 2.61830099E-01
 1.27942334E-01
 4.82732706E-02
 9.66240964E-01
 1.00010026E+00
 1.02159711E+00
 9.40338640E-01
 4.32091606E-01
 1.93814640E-01
 7.95520424E-02
 2.00318212E-02
 9.79749021E-01
 1.00006904E+00
 1.03165779E+00
 7.32412599E-01
 3.11740127E-01
 1.30910705E-01
 4.48656159E-02
 9.92900297E-01
 9.99324261E-01
 1.00843789E+00
 5.22289594E-01
 1.88506966E-01
 7.83421624E-02
 1.00679855E+00
 1.04243047E+00
 9.69301909E-01
 3.66302713E-01
 1.12344945E-01
 1.01331755E+00
 1.08378745E+00
 8.05946151E-01
 2.55961594E-01
 9.66197484E-01
 9.02045822E-01
 3.80205039E-01
 8.83496970E-01
 5.98734558E-01
