 2.30653799E-01
 2.31467402E-01
 2.32983053E-01
 2.33212603E-01
 2.34315065E-01
 2.35699560E-01
 2.37645221E-01
 1.55724615E-01
 2.30569628E-01
 2.32223509E-01
 2.40448816E-01
 2.39931088E-01
 2.43590914E-01
 1.42730614E-01
 1.42290090E-01
 1.43147007E-01
 1.45106425E-01
 1.47109168E-01
 1.34076815E-02
 1.49271383E-01
 1.50105220E-01
 1.50560827E-01
 1.52665004E-01
 1.60007730E-01
 1.64827352E-01
 1.62957680E-01
 2.65212160E-02
 8.14426990E-02
 2.35863861E-01
 4.83974434E-02
 2.89298985E-02
 2.21821218E-02
 1.71341602E-02
 1.61562839E-02
 2.01054834E-02
 3.17096232E-02
 1.27223330E-01
 4.27928601E-02
 3.28639149E-02
 4.89927945E-02
 5.14668192E-02
 5.28210752E-02
 3.00636960E+00
 4.67367650E-02
 6.58545524E-02
 8.84810400E-02
 1.37489189E-01
 5.26756816E+00
 1.00506590E-01
 3.33018963E-02
 4.50836369E-02
 2.51877248E-01
 1.87387051E-02
 1.24558881E-02
 5.95476627E-02
 3.07913457E-03
 3.51759478E-01
 2.63503233E-01
 1.21913169E-03
 1.38887882E-02
 1.54823110E-02
 1.34860017E-02
 1.76611510E-02
 3.21223303E-01
 5.15981304E-04
 6.94255059E-03
 5.92141959E-04
 1.03570377E-02
 1.85752420E-02
 5.66315538E-03
 5.34529189E-03
 6.52208014E-03
 1.98600532E-03
 7.23557392E-03
 3.33019505E-03
 6.29148114E-03
 1.47230698E-03
 1.22277431E-02
 6.08290494E-01
 2.57478889E-03
 3.77643732E-03
 9.44570390E-03
 2.39918137E-03
 5.98145089E-03
 1.42079173E-03
 1.77324788E-03
 5.97769618E-03
 1.33811412E-04
 8.65107748E-03
 3.50560504E-03
 3.04538960E-03
 1.03579683E-03
 1.10384854E-03
 2.15182099E-02
 2.75764432E-03
 6.31716078E-04
 1.11130416E-02
 2.31861615E-03
 7.80149003E-03
 3.97479305E-03
 6.17351764E-03
 1.14557086E-01
 6.85856393E-03
 8.88869196E-02
 1.67746969E-01
 2.11181556E-03
 2.70957599E-02
 2.45598251E-02
 2.65616499E-02
 3.30317644E-02
 3.30158629E-02
 3.36761227E-02
 3.69949311E-02
 3.67286252E-02
 4.01371980E-02
 4.10911250E-02
 4.40229124E-02
 4.82674261E-01
 5.27699430E-02
 5.31016772E-02
 5.47954349E-02
 6.30022646E-02
 1.09907365E-01
 1.29831381E-01
 1.47542520E-01
 1.65741064E-01
 1.29661523E-01
 2.15268574E-02
 6.83982656E-02
 8.98548099E-02
 6.96753361E-02
 7.20878683E-02
 5.25972591E-02
 6.90731299E-03
 3.03253066E-02
 2.88980862E-02
 2.25146987E-02
 4.51757753E-03
 1.22079141E-02
 7.57823417E-03
 5.98969644E-03
 3.50183191E-03
 1.73208618E-03
 9.25424528E-03
 1.32040139E-02
 5.50323508E-04
 5.20184222E-03
 1.49638793E-03
 5.98806626E-03
 2.53542868E-03
 6.21537602E-03
 2.97502159E-03
 3.22283343E-02
 2.65865766E-03
 6.82860543E-03
 4.20269297E-03
 5.80524581E-04
 3.62860371E-03
 8.74554253E-04
 5.38382339E-04
 1.07471432E-03
 8.82383546E-04
 6.37873495E-03
 4.63363101E-05
 9.99363512E-03
 9.89645283E-02
 2.70631381E-01
 7.17371787E-01
 1.15267604E+00
 3.33605480E-01
 7.77590098E-01
 6.54698223E-02
 9.03808773E-02
 4.61248033E-02
 5.61274748E-02
 3.37588696E-02
 1.79878079E-02
 3.20735499E-02
 7.82933768E-03
 1.92005556E-03
 1.05719050E-02
 3.46515699E-03
 7.27042234E-03
 3.74070339E-03
 1.07491677E-02
 7.80942881E-01
 5.00660198E-04
 1.28012254E-02
 3.54415756E-03
 4.21746784E-03
 9.19004325E-03
 8.42077449E-03
 7.01030358E-03
 4.46358716E-03
 8.40325607E-04
 2.15396464E-02
 2.26441909E-03
 1.20733175E-03
 6.62842768E-04
 2.05520988E-03
 1.69950209E-03
 6.53909337E-03
 3.54533780E-03
 3.16696831E-02
 5.26390463E-04
 4.57825408E-02
 3.54220069E-01
 2.09574479E-04
 2.56369269E-03
 4.71053636E-03
 3.43196992E-03
 1.16528379E-02
 8.19754774E-02
 2.23855626E-03
 5.46862885E-02
 7.70958058E-02
 7.37565082E-02
 6.02677045E-03
 1.47653880E-02
 1.83926575E-03
 4.36301617E-03
 9.78286765E-03
 9.57369368E-03
 2.87639198E-03
 1.00899786E-04
 2.97527249E-03
 1.24199033E-02
 1.43957800E-03
 8.96744520E-03
 4.21609738E-03
 9.40374837E-04
 2.54546848E-02
 2.75518156E-04
 2.01100001E-03
 2.19407513E-03
 2.13188267E-04
 1.08944866E-02
 1.70742851E-03
 7.29450970E-03
 1.64729930E-03
 1.75480014E-03
 9.03028653E-03
 8.32724774E-02
 9.30695114E-04
 7.51631562E-02
 2.41684992E-03
 4.18028183E-03
 1.80533924E-03
 5.00460022E-03
 3.55980692E-03
 2.01577546E-03
 1.35128559E-03
 1.42496186E-03
 7.70629993E-03
 6.25899861E-04
 5.16794544E-04
 1.00000000E+00
 1.00000000E+00
 1.00000000E+00
 1.00000000E+00
 1.00000000E+00
 1.00000000E+00
 1.00000000E+00
 1.00000000E+00
 1.00000000E+00
 1.00000000E+00
 1.00000000E+00
 1.00000000E+00
 2.29019021E-01
 2.29839462E-01
 2.31415598E-01
 2.49954014E+02
 2.40859695E+02
 2.30722185E+02
 2.21377874E+02
 2.34826952E-01
 2.36220277E-01
 2.38108548E-01
 2.38692714E-01
 2.39552046E-01
 2.42280947E-01
 1.63683544E-01
 1.68838737E-01
 2.31789989E-01
 2.42373087E-01
 2.49203410E-01
 1.40944782E-01
 1.46314578E-01
 1.47446318E-01
 1.48557379E-01
 1.50656684E-01
 1.54600914E-01
 1.62271846E-01
 1.59083200E-01
 1.71601463E-01
 1.76590808E-01
 1.63181834E-01
 3.96488416E-02
 2.23771798E-02
 1.47167706E-02
 1.45131151E-02
 1.74501611E-02
 2.17466050E-02
 2.71173469E-02
 1.00225775E-01
 3.86860862E-02
 3.54969767E-02
 4.16298837E-02
 3.99359965E-02
 4.36290940E-02
 1.41208867E+00
 3.91518584E-02
 2.76453199E-02
 7.41657292E-02
 8.05221801E-02
 1.25967631E+00
 3.70077262E-01
 1.05979345E-01
 9.83869269E-02
 3.46430909E-01
 2.47531786E-02
 1.56752954E-02
 9.58891677E-02
 1.75305482E-03
 3.70743754E-01
 2.57813337E-01
 5.29793905E-03
 7.20229400E-03
 6.97653975E-03
 3.02665919E-02
 3.42413779E-02
 3.52071481E-01
 1.30714554E-03
 1.15493172E-02
 4.00527724E-03
 9.40830072E-03
 1.77088483E-02
 4.25010292E-03
 4.56231536E-03
 1.37025310E-03
 5.18082478E-04
 5.66341239E-03
 3.09408997E-03
 1.83295757E-03
 2.15116733E-03
 8.96930883E-03
 6.18400688E-01
 7.54175325E-04
 2.66036031E-03
 9.41893430E-03
 1.41376092E-03
 7.44714641E-03
 1.22325803E-03
 1.07795342E-03
 4.85616565E-03
 2.55833963E-03
 8.26882183E-03
 4.75360177E-03
 1.69043047E-03
 5.20916469E-04
 1.77526039E-03
 2.27536786E-02
 1.43991850E-03
 3.46640582E-04
 1.35132882E-02
 2.52306143E-03
 5.10846115E-03
 4.19594302E-03
 8.21905744E-03
 1.15004712E-01
 8.40471762E-03
 9.48241262E-02
 1.71921881E-01
 3.12585582E-04
 4.76705469E-03
 5.41530548E-03
 5.33278770E-03
 3.98778672E-03
 1.49201761E-03
 2.42392552E-03
 3.35937887E-02
 3.49327622E-02
 3.56909775E-02
 3.95734078E-02
 4.02562146E-02
 4.01613149E-01
 4.47481882E-02
 4.65246957E-02
 5.15007266E-02
 5.85329975E-02
 7.38792297E-02
 8.80862138E-02
 1.02966087E-01
 2.34160573E+00
 4.93147840E-01
 3.05043014E-02
 2.36475429E-01
 1.38173582E-01
 1.18213478E-01
 7.67911522E-02
 6.31063550E-02
 2.29672691E-02
 2.95153514E-02
 3.06808844E-02
 2.64603364E-02
 5.19267848E-03
 1.10791349E-02
 3.82258779E-03
 7.89632027E-03
 2.67999942E-03
 3.68177372E-04
 6.23304574E-03
 6.12127491E-03
 4.58484612E-04
 5.14484218E-03
 1.67046072E-04
 5.14759862E-03
 2.35772684E-03
 4.17079896E-03
 3.14400937E-03
 3.34527775E-02
 1.44562876E-03
 3.41752654E-03
 5.31335150E-04
 1.24438742E-03
 3.05678879E-03
 3.05952970E-04
 1.59053652E-03
 1.21942045E-03
 2.58168805E-04
 1.09491325E-02
 1.32984546E-03
 9.50718460E-03
 5.98095819E-02
 1.28600171E-01
 1.75792533E-01
 3.13045683E-01
 6.30381198E-01
 1.18189352E+00
 1.51092622E-01
 2.06756533E-01
 8.64438908E-02
 7.17749945E-02
 4.48973837E-02
 2.39507072E-02
 4.34628942E-02
 1.33428013E-02
 6.32711754E-04
 1.05416293E-02
 1.41764345E-02
 2.93397519E-03
 1.78688722E-03
 1.18166255E-02
 7.54135071E-01
 8.40249671E-03
 7.59225216E-03
 4.24646345E-03
 2.52980166E-03
 6.23949596E-03
 6.74005502E-03
 7.10715706E-03
 1.49880199E-03
 1.23265640E-04
 2.89003793E-02
 2.42073188E-03
 1.06645756E-03
 3.92384912E-04
 3.36189407E-04
 7.82112640E-04
 8.06200080E-03
 3.95922705E-04
 3.36007280E-02
 4.65942464E-05
 4.82081930E-02
 2.25540652E-01
 1.56415115E-03
 3.27721222E-03
 3.54740784E-03
 8.69199110E-04
 1.10863636E-02
 8.39451245E-02
 9.42700201E-04
 5.55190105E-02
 7.75963391E-02
 7.82803212E-02
 1.32489628E-02
 1.22237548E-02
 1.36877311E-03
 5.35498742E-04
 1.54720363E-02
 1.76788662E-02
 2.48621231E-03
 2.33691141E-03
 2.60826239E-04
 1.36999751E-02
 3.44926807E-03
 3.56943976E-03
 3.97490618E-03
 4.79299942E-04
 2.74264519E-02
 1.14707667E-04
 1.54590664E-03
 4.44015972E-05
 2.35256228E-03
 1.16695176E-02
 8.76784105E-04
 6.55860712E-03
 6.54941155E-03
 2.85528256E-04
 1.02526154E-02
 8.60388637E-02
 1.18970923E-03
 7.39334434E-02
 4.60284384E-03
 1.03863967E-03
 2.11951675E-03
 6.71470049E-03
 2.89640804E-03
 2.06660844E-03
 3.25906792E-03
 1.02676313E-03
 6.43445450E-03
 1.29654295E-03
 1.31026892E-03
 1.00000000E+00
 1.00000000E+00
 1.00000000E+00
 1.00000000E+00
 1.00000000E+00
 1.00000000E+00
 1.00000000E+00
 1.00000000E+00
 1.00000000E+00
 1.00000000E+00
 1.00000000E+00
 1.00000000E+00
 2.71365072E+02
 2.62214504E+02
 2.47605341E+02
 6.38625895E+01
 6.24522895E+01
 3.21929597E+01
 3.05153666E-02
 2.33739041E-01
 2.33729139E-01
 2.34898042E-01
 2.35783669E-01
 1.95201229E+02
 1.85795127E+02
 2.39942457E-01
 2.40484024E-01
 2.43433176E-01
 2.46205781E-01
 2.46922671E-01
 1.45199336E-01
 1.71181775E-01
 1.75257916E-01
 2.34990414E-01
 2.55210093E-01
 1.52874303E-01
 1.56820148E-01
 1.57473163E-01
 1.67890524E-01
 1.70514958E-01
 1.12844711E-01
 1.98251598E-01
 2.05195670E-02
 1.84558871E-02
 1.30887910E-02
 1.93618295E-02
 2.29578104E-02
 2.38173137E-02
 8.45028880E-02
 3.66813533E-02
 3.89407468E-02
 4.37893630E-02
 3.40163784E-02
 3.16919198E-02
 9.30613837E-01
 4.09934393E-02
 2.62982052E-02
 6.07889878E-02
 5.63884876E-02
 7.60799332E-01
 3.15072301E-01
 1.11186570E+00
 4.77377787E-01
 5.21985064E-01
 3.71082247E-02
 2.82214901E-02
 1.49754216E-01
 5.29842948E-03
 3.95488444E-01
 2.56392745E-01
 1.72422315E-02
 9.82467823E-03
 1.71084896E-03
 3.65538754E-02
 4.24636853E-02
 3.87936272E-01
 7.67250168E-03
 2.31399538E-02
 1.52912458E-02
 9.10249093E-03
 1.66403009E-02
 7.29659094E-03
 1.10015534E-02
 2.04106401E-03
 4.83702971E-03
 2.53028308E-03
 1.82684355E-03
 1.53805944E-03
 7.32786640E-03
 5.77595065E-03
 6.26003251E-01
 1.27674184E-03
 6.85665273E-03
 9.28237965E-03
 9.39199647E-04
 5.59152434E-03
 3.52092208E-03
 1.14747781E-03
 6.05065249E-03
 5.84217829E-03
 1.19620212E-02
 1.42244611E-03
 1.58237535E-04
 3.41519397E-04
 3.54855412E-03
 2.25809916E-02
 2.70289491E-03
 1.20019105E-03
 1.18452835E-02
 6.19665605E-03
 4.12089770E-03
 2.46665807E-03
 1.12494982E-02
 1.16968743E-01
 5.44285187E-03
 9.66196142E-02
 1.79046795E-01
 2.70166327E-03
 1.06836926E-02
 1.22402965E-02
 1.28068113E-02
 1.41797086E-02
 3.68290842E-03
 9.95250627E-03
 2.76580929E-02
 2.72841737E-02
 2.68730628E-02
 3.10240791E-02
 2.93022768E-02
 3.34285695E-01
 4.12546222E-02
 4.01219996E-02
 4.47218972E-02
 5.15050724E-02
 5.52583407E-02
 6.57745554E-02
 7.94715020E-02
 2.57702134E-01
 3.77746863E-01
 5.96175002E-02
 5.29473554E-01
 9.67201968E-01
 3.49038416E-01
 1.53281259E-01
 1.01668443E-01
 1.80321855E-02
 1.04494725E-02
 1.03547961E-02
 3.51086724E-02
 5.24019192E-03
 1.00477471E-02
 8.37536680E-04
 9.34548246E-03
 7.82056909E-03
 2.89033638E-04
 7.93276906E-03
 3.52045643E-03
 7.33967699E-03
 1.20705248E-03
 5.89292562E-03
 3.36031311E-03
 2.57442823E-03
 4.67127587E-03
 3.13675863E-03
 4.15815103E-02
 7.08149447E-04
 6.03030527E-03
 2.06283177E-03
 3.05696624E-03
 3.41899628E-03
 2.61510434E-04
 2.89868030E-03
 2.44881719E-05
 9.56110386E-04
 8.42429687E-03
 1.25731209E-03
 5.25758563E-03
 4.65202082E-02
 8.47741391E-02
 1.16948945E-01
 1.27797238E-01
 1.70634508E-01
 2.42937924E+00
 2.41822038E+00
 8.01060081E-01
 2.43168235E-01
 1.29132515E-01
 5.75577036E-02
 6.15432843E-02
 4.96521387E-02
 2.11756028E-02
 2.52262077E-03
 1.74643597E-02
 1.93028316E-02
 2.96668169E-03
 8.95375409E-03
 1.32863567E-02
 7.13521590E-01
 8.39403360E-03
 1.01338633E-02
 1.46869531E-02
 3.23290599E-03
 8.24196200E-03
 7.44596928E-03
 5.33225212E-03
 1.25444152E-03
 8.15673784E-04
 3.14146891E-02
 1.72297945E-03
 7.81351336E-04
 1.63646853E-04
 1.73473681E-04
 3.71284521E-04
 5.40696195E-03
 2.08837220E-03
 4.01748245E-02
 1.74246406E-03
 4.37566554E-02
 1.83946861E-01
 1.53032208E-03
 8.58149785E-03
 2.00559995E-03
 3.09608819E-03
 1.01803926E-02
 8.21750203E-02
 6.74408896E-04
 5.98726053E-02
 8.25017372E-02
 8.38156544E-02
 2.37926488E-02
 1.06137845E-02
 7.12434222E-04
 8.85918145E-04
 2.02695755E-02
 1.41583359E-02
 4.30876236E-03
 5.40650563E-03
 4.92928235E-03
 1.45151461E-02
 9.54158223E-04
 1.65939779E-03
 3.04888708E-03
 3.03986721E-03
 3.00766130E-02
 1.27350276E-03
 1.71360175E-03
 1.88513056E-03
 2.78860155E-03
 1.30656424E-02
 1.49016231E-03
 5.51082127E-03
 1.24444141E-02
 6.15022413E-04
 7.75775327E-03
 8.64075200E-02
 6.42005159E-04
 4.25965302E-03
 4.98435771E-03
 3.13554894E-03
 1.96319064E-03
 7.89834372E-03
 1.27868915E-03
 1.01489095E-03
 2.84499080E-03
 1.83813369E-04
 4.48242811E-03
 3.50323673E-03
 3.02091734E-03
 1.00000000E+00
 1.00000000E+00
 1.00000000E+00
 1.00000000E+00
 1.00000000E+00
 1.00000000E+00
 1.00000000E+00
 1.00000000E+00
 1.00000000E+00
 1.00000000E+00
 1.00000000E+00
 1.00000000E+00
 9.63768798E-03
 1.25392617E-01
 1.40512919E-02
 1.79763014E-01
 3.99249056E-01
 9.92867143E-02
 1.77456487E-02
 2.43442330E+02
 2.10604585E+02
 1.97181931E+02
 1.89431696E+02
 6.04704791E+01
 3.13148031E+01
 2.38171547E-01
 2.38901672E-01
 2.41438070E-01
 2.43565724E-01
 1.54564883E+02
 1.32432632E+02
 2.46889786E-01
 2.48647813E-01
 2.51250583E-01
 2.52210510E-01
 1.51589960E-01
 1.84930100E-01
 2.41957108E-01
 1.63245582E-01
 1.64759932E-01
 8.26335156E-03
 1.86887949E-01
 1.90247607E-02
 1.62659352E-02
 1.03027651E-02
 1.69296489E-02
 1.97910545E-02
 1.88725889E-02
 7.10936340E-02
 2.78351406E-02
 2.72666592E-02
 3.12585332E-02
 2.82013395E-02
 2.56305921E-02
 6.94325748E-01
 2.83467840E-02
 2.31212457E-02
 4.45932096E-02
 3.50079323E-02
 5.65994018E-01
 1.22229251E-01
 1.02168880E-01
 1.48539412E-01
 9.64016227E-01
 6.03857330E-02
 4.87158169E-02
 2.59996676E-01
 2.70155082E-03
 4.26882446E-01
 2.53580923E-01
 1.12959854E-02
 1.13345486E-02
 4.25628407E-03
 2.29814551E-02
 4.31158879E-02
 4.43605104E-01
 5.29452660E-03
 2.31796914E-02
 2.27698132E-02
 9.45842216E-03
 1.55976691E-02
 7.10127718E-03
 8.12058328E-03
 5.19131381E-04
 8.97518805E-04
 9.03889192E-03
 5.61698108E-04
 2.28986899E-03
 3.61001562E-03
 6.18919965E-03
 6.30858745E-01
 4.83382375E-03
 8.17917544E-03
 8.37842667E-03
 1.10853507E-03
 1.89328646E-03
 4.07949764E-03
 1.13187991E-03
 2.85221164E-03
 4.63759909E-03
 8.03014874E-03
 2.21776964E-03
 4.93200237E-04
 1.30548199E-03
 7.87603444E-05
 2.14669303E-02
 1.48055246E-03
 1.71275775E-03
 1.02932614E-02
 4.76429063E-03
 3.48089450E-03
 7.20472105E-04
 8.92505357E-03
 1.22448479E-01
 2.70566684E-03
 9.81031786E-02
 1.81470215E-01
 1.75069326E-03
 9.96781733E-03
 1.15435523E-02
 1.19052811E-02
 1.21075249E-02
 5.48197059E-03
 9.63767544E-03
 8.52536387E-03
 9.09896059E-03
 1.16119095E-02
 7.57788466E-03
 8.61860389E-03
 2.48045711E-01
 4.00429148E-02
 3.94151972E-02
 4.26231391E-02
 3.72077755E-02
 5.42212341E-02
 5.81780402E-02
 6.11599277E-02
 1.46422308E-01
 1.48674872E-01
 1.17448194E-01
 1.61368438E-01
 2.22332879E-01
 6.96535020E-01
 1.10759218E+00
 2.36824964E-01
 4.36163161E-02
 2.72824383E-02
 2.16375212E-02
 4.55364061E-02
 7.44851809E-03
 1.67704957E-02
 3.91491079E-04
 6.57269978E-03
 7.27695111E-03
 6.74303138E-04
 7.27328187E-03
 1.29725668E-03
 6.97698520E-03
 4.99078189E-04
 6.96833545E-03
 1.34865476E-03
 9.06403535E-04
 3.14634615E-04
 3.36371527E-03
 3.92745013E-02
 1.60534256E-03
 4.34109378E-03
 4.95941571E-03
 3.01858074E-03
 1.15964988E-03
 6.01872585E-04
 9.05880165E-05
 6.15486533E-04
 3.14019239E-03
 7.12797210E-03
 1.31465061E-04
 5.41817249E-03
 3.33910440E-02
 5.85444555E-02
 7.91700020E-02
 8.10986116E-02
 9.67100381E-02
 2.69021161E+01
 1.82919635E-01
 4.33090765E-01
 1.09773426E+00
 7.10217591E-01
 8.18955572E-02
 8.47347483E-02
 6.86329484E-02
 3.17520439E-02
 7.39795592E-03
 2.78205177E-02
 2.33450054E-02
 4.19464841E-03
 1.04567979E-02
 1.51188679E-02
 6.58258438E-01
 1.02838404E-02
 9.07126489E-03
 1.44833970E-02
 2.03545848E-04
 6.06931955E-03
 3.80179488E-03
 6.42202627E-03
 3.32125045E-03
 1.20351990E-03
 3.44773450E-02
 1.92831550E-03
 3.11432784E-03
 5.24215781E-04
 2.42471112E-03
 2.41745249E-04
 2.87891768E-03
 1.34631388E-03
 4.06436889E-02
 1.23164376E-03
 4.71544406E-02
 1.64989821E-01
 2.01686505E-03
 8.68991981E-03
 2.40780606E-03
 3.54896866E-03
 1.13729225E-02
 8.29448962E-02
 2.07793316E-03
 5.89568799E-02
 8.28936615E-02
 8.72612491E-02
 2.31893399E-02
 1.59628652E-02
 1.94386966E-03
 3.56541494E-04
 1.95692759E-02
 1.38802117E-02
 5.70576736E-03
 9.12461512E-03
 6.63405504E-03
 1.70697357E-02
 7.79081446E-04
 5.54103475E-04
 7.51664432E-03
 1.16796704E-05
 2.92434046E-02
 2.33958342E-04
 1.43683102E-03
 3.80519714E-03
 2.09528440E-03
 1.20955840E-02
 1.17714637E-03
 6.42812733E-03
 7.93025643E-03
 8.76941934E-04
 9.11696761E-03
 8.58132725E-02
 4.24959375E-04
 1.10616930E-02
 4.59133434E-03
 8.64429335E-03
 2.48232318E-03
 6.53861847E-03
 1.86850606E-03
 8.82318728E-06
 3.51510938E-03
 5.17692871E-03
 4.56218409E-03
 2.81220956E-03
 1.96510327E-03
 1.00000000E+00
 1.00000000E+00
 1.00000000E+00
 1.00000000E+00
 1.00000000E+00
 1.00000000E+00
 1.00000000E+00
 1.00000000E+00
 1.00000000E+00
 1.00000000E+00
 1.00000000E+00
 1.00000000E+00
 2.23863903E-02
 2.23949421E-01
 5.70404859E-02
 3.52292197E-01
 4.98077679E-01
 5.05550153E-02
 4.84475806E-03
 3.33583027E-02
 5.77890691E-02
 6.15747146E-03
 2.94329590E-01
 1.97245494E-01
 6.35517882E-02
 1.99726841E+02
 1.90914265E+02
 1.53938874E+02
 1.46620639E+02
 5.34892597E+01
 4.60240085E+01
 2.44570247E-01
 2.45748867E-01
 2.48729886E-01
 2.49522203E-01
 2.55481964E-01
 2.56806265E-01
 2.59330053E-01
 1.90930480E-01
 2.46222746E-01
 8.92825143E-02
 1.77730304E-01
 1.92980162E-02
 1.67915206E-02
 1.03535797E-02
 1.73422310E-02
 1.96293954E-02
 1.72698998E-02
 6.49243878E-02
 2.17718207E-02
 2.12337421E-02
 2.47786734E-02
 2.70952930E-02
 2.44365120E-02
 5.60046915E-01
 2.20704499E-02
 2.60628904E-02
 3.97723788E-02
 2.77858837E-02
 4.57277089E-01
 8.47540203E-02
 5.92419917E-02
 6.95340640E-02
 4.74266894E+00
 1.35039602E-01
 1.15579928E-01
 4.96853495E-01
 1.66010456E-03
 4.74674711E-01
 2.61776732E-01
 5.51812084E-02
 1.04678791E-02
 3.53319434E-02
 1.32789269E-02
 5.67421854E-02
 5.22111262E-01
 1.54561024E-02
 3.09098972E-02
 4.01343292E-02
 1.63188948E-02
 1.87136855E-02
 5.28353643E-03
 8.89912635E-03
 5.47426629E-03
 5.10206543E-04
 1.20496806E-02
 1.88501620E-03
 6.75225321E-04
 1.73121102E-03
 8.36868820E-03
 6.33444773E-01
 8.53227818E-03
 1.29219441E-02
 4.18382595E-03
 1.70939963E-03
 4.10237057E-04
 2.09104648E-03
 1.38075079E-03
 5.86582650E-04
 1.27648030E-03
 5.54180615E-03
 2.30131057E-04
 3.58904692E-03
 2.76736971E-04
 2.01828671E-03
 2.21211195E-02
 2.16494573E-03
 4.93167712E-04
 1.02686988E-02
 1.03348127E-03
 4.09553842E-03
 2.64514281E-04
 8.07199505E-03
 1.29698939E-01
 1.25119560E-03
 1.00892290E-01
 1.84545062E-01
 4.27701050E-05
 1.58362103E-02
 1.79458224E-02
 1.78437235E-02
 1.70531438E-02
 1.37874538E-02
 1.63094124E-02
 8.24017129E-03
 8.99228705E-03
 1.10750152E-02
 6.44661989E-03
 8.44928605E-03
 2.20189297E-01
 6.16885719E-03
 9.28067548E-03
 5.54363419E-03
 7.34801406E-03
 5.34124430E-02
 5.34091818E-02
 5.51270088E-02
 1.15006516E-01
 9.95141630E-02
 5.31734191E-01
 1.14304698E-01
 1.20080881E-01
 1.91036786E-01
 2.08163515E-01
 3.88019901E-01
 9.87248047E-02
 8.20441740E-02
 5.66318503E-02
 7.41363192E-02
 8.42857826E-03
 3.11519309E-02
 6.40837544E-03
 5.10698301E-03
 9.08866252E-03
 1.50319015E-03
 1.00946937E-02
 4.79488960E-03
 9.80358241E-03
 3.43611808E-03
 5.45248651E-03
 1.63352797E-03
 3.44716807E-03
 3.98452910E-04
 1.71410679E-03
 3.83887182E-02
 6.39763694E-04
 3.52482662E-03
 3.64205738E-03
 9.60609622E-04
 6.06346591E-03
 3.31847423E-03
 3.12811799E-03
 2.30164414E-03
 3.84206685E-03
 7.29738317E-03
 3.20073607E-03
 7.04608053E-03
 2.30791347E-02
 4.45235535E-02
 6.00144977E-02
 5.95426567E-02
 6.69003529E-02
 2.13394937E+00
 8.86880243E-02
 1.40270074E-01
 1.49485485E-01
 2.63729631E-01
 1.46524620E-01
 1.29531837E-01
 1.11699337E-01
 5.24751764E-02
 1.49025730E-02
 3.96953503E-02
 2.86340638E-02
 5.62415574E-03
 1.18995973E-02
 1.70912271E-02
 5.87448450E-01
 9.63116415E-03
 1.09422331E-02
 1.71669717E-02
 6.20807420E-03
 5.61008956E-03
 1.76401884E-03
 9.72988611E-03
 4.98743723E-03
 1.96431433E-03
 3.92637064E-02
 2.56557320E-03
 7.47825962E-03
 6.59597401E-04
 3.03355273E-03
 1.87178737E-03
 1.78410289E-03
 3.50866238E-03
 4.25333385E-02
 1.04467760E-03
 5.17445174E-02
 1.52681126E-01
 1.09514133E-03
 7.22781718E-03
 4.34340919E-03
 2.66609011E-03
 1.13914380E-02
 8.28490802E-02
 2.37015406E-03
 5.91769068E-02
 8.40940300E-02
 9.15957537E-02
 2.27333838E-02
 2.42964648E-02
 4.70786320E-03
 6.72731467E-04
 1.76300624E-02
 1.44184372E-02
 8.08712891E-03
 1.20088834E-02
 9.08776592E-03
 2.04306210E-02
 3.86222060E-03
 4.99077123E-03
 1.40578700E-02
 1.78081438E-03
 2.97816400E-02
 3.86017685E-04
 2.44112885E-03
 4.64207825E-03
 2.02709495E-03
 1.02333376E-02
 8.64282044E-04
 5.97142232E-03
 4.48166485E-03
 1.00921236E-04
 9.42206421E-03
 8.70101745E-02
 6.92708294E-04
 1.37041171E-02
 5.09711992E-03
 4.74283666E-03
 2.11818587E-03
 5.95436250E-03
 3.34749528E-03
 2.91342936E-03
 3.08913949E-03
 4.89511222E-03
 5.86447767E-03
 3.16467777E-03
 2.69771594E-04
 1.00000000E+00
 1.00000000E+00
 1.00000000E+00
 1.00000000E+00
 1.00000000E+00
 1.00000000E+00
 1.00000000E+00
 1.00000000E+00
 1.00000000E+00
 1.00000000E+00
 1.00000000E+00
 1.00000000E+00
 6.88330503E-02
 1.61747028E-01
 9.27641415E-03
 1.49539746E-02
 8.71691070E-02
 2.20177102E-02
 1.63920014E-03
 2.21593485E-02
 4.05582647E-01
 3.06164498E-01
 2.70916032E-01
 1.26630332E-01
 1.18230296E-01
 8.20810184E+01
 6.04413688E-01
 5.59507162E-04
 1.05671065E-01
 3.03957551E-02
 2.39917077E-01
 1.60307975E+02
 1.52204339E+02
 1.26245209E+02
 5.62841279E+01
 2.50994441E-01
 2.54493998E-01
 2.56559743E-01
 2.66651218E-01
 2.69277239E-01
 1.05976979E-01
 2.06507880E-01
 1.74608072E-02
 1.64132021E-02
 1.25217898E-02
 1.76605669E-02
 2.00397426E-02
 1.81964298E-02
 6.03809780E-02
 1.77289973E-02
 1.96578235E-02
 2.14897167E-02
 2.34334673E-02
 2.33429175E-02
 4.70618919E-01
 1.71459550E-02
 2.62055740E-02
 3.65686582E-02
 2.52647163E-02
 3.91659527E-01
 5.42085556E-02
 4.69190711E-02
 4.45525334E-02
 1.86075388E+00
 2.24851822E+00
 5.19861281E-01
 1.52383803E+00
 3.76235448E-03
 5.53912271E-01
 2.73937376E-01
 3.80869157E-01
 4.80446057E-02
 1.03531044E-01
 6.32302573E-02
 8.32811899E-02
 6.22175634E-01
 2.03427733E-02
 3.42895883E-02
 5.14185986E-02
 2.22577162E-02
 2.05204842E-02
 3.34117817E-03
 6.15289155E-03
 8.73862843E-03
 4.30237736E-03
 1.17773564E-02
 3.73664347E-03
 6.40051635E-04
 1.09101150E-04
 9.85847439E-03
 6.33128559E-01
 9.19110053E-03
 1.53150271E-02
 4.31729416E-03
 2.11639696E-03
 5.87029553E-04
 1.10647747E-04
 1.28203316E-03
 3.47949501E-04
 1.43614495E-03
 4.02018312E-03
 6.24774656E-04
 4.20491844E-03
 4.83501671E-04
 9.96448940E-04
 2.31302447E-02
 2.57404112E-03
 3.70453531E-04
 1.05600291E-02
 1.13545574E-03
 4.16368761E-03
 9.54504639E-04
 7.23800636E-03
 1.35275482E-01
 1.30749113E-03
 1.05259732E-01
 1.89035729E-01
 6.91002685E-04
 1.34740244E-01
 1.37281227E-01
 1.38072112E-01
 1.38931450E-01
 1.39821016E-01
 1.40845845E-01
 8.16226865E-03
 9.67882255E-03
 9.88100009E-03
 7.65720509E-03
 1.48294428E-02
 1.83610697E-01
 6.37872241E-03
 8.74279988E-03
 5.06727676E-03
 6.98866715E-03
 1.56333406E-02
 1.35501064E-02
 4.92114033E-03
 8.84024409E-02
 7.93793850E-02
 3.24449344E-01
 7.84053571E-02
 8.16409715E-02
 1.13791178E-01
 1.09645328E-01
 1.15787291E-01
 6.39797659E-01
 2.45163508E-01
 1.28995412E-01
 1.32143599E-01
 1.16611298E-02
 4.52267355E-02
 1.43705066E-02
 5.86619059E-03
 1.12756635E-02
 1.18025210E-03
 1.07403743E-02
 7.56207028E-03
 1.02736824E-02
 3.57463708E-03
 4.60186923E-03
 1.34149349E-03
 4.72677545E-03
 1.10561503E-03
 5.56169506E-04
 3.84760125E-02
 1.85685208E-03
 1.65909451E-03
 5.82424932E-03
 1.16661905E-03
 5.10285946E-03
 4.41763012E-04
 2.72231566E-03
 8.26983667E-04
 1.66639861E-03
 8.13057743E-03
 5.48107886E-05
 7.54615032E-03
 2.33251239E-02
 3.77450462E-02
 5.10152790E-02
 4.89925555E-02
 5.33079726E-02
 1.12882582E+00
 7.55319822E-02
 8.11270630E-02
 8.67419408E-02
 1.27994869E-01
 7.50047963E-01
 8.33221516E-01
 3.01703934E-01
 1.35265547E-01
 2.40453190E-02
 5.20715316E-02
 3.96361653E-02
 8.56933799E-03
 1.53365254E-02
 1.97204482E-02
 5.11689419E-01
 9.00411497E-03
 1.10735360E-02
 1.72064093E-02
 6.85775831E-03
 6.93812171E-03
 2.23499962E-05
 1.22350653E-02
 5.62452285E-03
 3.07519555E-03
 4.51721563E-02
 1.99460377E-03
 7.40679886E-03
 1.30702624E-03
 3.46309222E-03
 1.77349536E-03
 4.41325160E-04
 4.70814202E-03
 4.68625200E-02
 9.02733592E-04
 5.55259323E-02
 1.45603598E-01
 4.41789756E-04
 4.92483498E-03
 5.25656153E-03
 2.43799875E-03
 1.13478436E-02
 8.51810010E-02
 2.80832133E-03
 5.92911545E-02
 8.54833725E-02
 9.59919644E-02
 2.08024309E-02
 3.07437968E-02
 7.56829984E-03
 3.38842674E-03
 1.63991685E-02
 1.45006675E-02
 9.97874620E-03
 1.04015643E-02
 1.06459491E-02
 2.28125325E-02
 3.78514784E-03
 3.72373865E-03
 1.61307897E-02
 1.98893277E-03
 3.08161981E-02
 1.79355965E-03
 1.95148772E-03
 3.76148523E-03
 2.31608826E-03
 9.30487927E-03
 5.54419692E-04
 5.06961916E-03
 2.92548546E-03
 7.42375307E-04
 1.07158402E-02
 8.69397025E-02
 3.23895535E-04
 1.47971208E-02
 4.94135390E-03
 3.12473464E-03
 2.05163160E-03
 5.74928206E-03
 4.09186927E-03
 3.57733419E-03
 3.26654828E-03
 3.95934665E-03
 7.41288855E-03
 3.33166422E-03
 2.08649550E-04
 1.00000000E+00
 1.00000000E+00
 1.00000000E+00
 1.00000000E+00
 1.00000000E+00
 1.00000000E+00
 1.00000000E+00
 1.00000000E+00
 1.00000000E+00
 1.00000000E+00
 1.00000000E+00
 1.00000000E+00
 1.27307297E-01
 5.67901304E-02
 1.14410721E-03
 2.90251717E-01
 1.55653867E-01
 1.48246811E-03
 1.62668891E-03
 9.30656150E-01
 7.86006205E-02
 8.87708497E-04
 1.24768452E-01
 2.04436785E-03
 1.13179810E-01
 6.92303296E-02
 4.40907402E-01
 4.45221176E-03
 8.54247210E-02
 8.53269112E-02
 2.39614862E-01
 6.76106721E+01
 8.52623551E-02
 4.90736219E-02
 3.17868448E-02
 1.24961386E+02
 1.17765323E+02
 7.59449218E+01
 2.62294891E-01
 2.63311349E-01
 7.10704146E+01
 2.81556875E-01
 1.40514419E-02
 1.50997716E-02
 1.56409294E-02
 1.75461361E-02
 2.07231832E-02
 1.78205133E-02
 2.27254010E-01
 1.51484596E-02
 2.09747135E-02
 2.01375505E-02
 1.77072272E-02
 2.18769855E-02
 4.05784455E-01
 1.33719113E-02
 2.44924462E-02
 3.40389642E-02
 2.51261061E-02
 3.48888769E-01
 3.50440567E-02
 4.20385741E-02
 2.97305914E-02
 8.19047787E-01
 2.70996965E-01
 3.44682455E-01
 2.56398173E+00
 1.66912678E-02
 6.98185872E-01
 2.91372061E-01
 4.05517448E-02
 2.68121266E-02
 9.23304880E-01
 4.33294998E-01
 1.47412478E-01
 7.56671778E-01
 1.47285396E-02
 2.79913882E-02
 5.01333144E-02
 2.64791345E-02
 1.99465991E-02
 3.21824854E-04
 2.18524231E-03
 7.59238664E-03
 1.15759070E-02
 1.45511337E-02
 6.02560354E-03
 2.83627134E-03
 1.17829908E-03
 1.03631155E-02
 6.29588580E-01
 6.52706570E-03
 1.40144779E-02
 1.05945633E-02
 7.00096550E-04
 2.56257529E-03
 2.34676205E-03
 2.16256576E-03
 5.23945338E-03
 5.88805963E-03
 3.48084832E-03
 1.74392161E-03
 2.66989279E-03
 2.26371007E-03
 3.25041483E-03
 2.43927837E-02
 6.73918516E-04
 6.91022733E-04
 1.10758995E-02
 4.63672468E-03
 3.51745113E-03
 2.55213014E-03
 6.30585657E-03
 1.38873938E-01
 2.91266970E-03
 1.11245834E-01
 1.94967350E-01
 1.01270480E-03
 1.34729203E-01
 1.36524365E-01
 1.37450883E-01
 1.39358736E-01
 1.38636798E-01
 1.40360200E-01
 7.38424779E-02
 1.40718660E-01
 1.42793409E-01
 1.42157907E-01
 1.45174978E-01
 1.74701342E-02
 7.02933380E-03
 8.58858811E-03
 6.65968738E-03
 6.80059900E-03
 1.62227340E-03
 5.03190874E-03
 3.67369359E-03
 5.93104095E-02
 2.14898248E-02
 1.41970888E-01
 4.49534699E-02
 5.60582181E-02
 7.81946733E-02
 8.35496319E-02
 7.17951533E-02
 9.71858684E-02
 4.22826556E-01
 1.14055183E+00
 3.72687920E-01
 1.84864209E-02
 5.80724400E-02
 2.52426151E-02
 9.58011008E-03
 1.34391184E-02
 6.96341168E-04
 8.16893954E-03
 5.61644681E-03
 7.37767814E-03
 1.47769090E-03
 4.82140248E-03
 1.10288840E-04
 1.98411462E-03
 2.32981032E-03
 1.56779632E-04
 3.95605392E-02
 6.18788213E-04
 1.15303513E-03
 4.21926558E-03
 3.20220376E-03
 3.26915601E-03
 2.92329408E-05
 2.99916621E-03
 3.42211441E-04
 2.63397189E-03
 9.57461969E-03
 1.49677723E-04
 6.65382523E-03
 2.37161519E-02
 3.47913141E-02
 4.70901727E-02
 4.35019840E-02
 4.65596866E-02
 7.72713475E-01
 6.07357350E-02
 5.98020193E-02
 7.11125015E-02
 9.35599147E-02
 2.33536131E-01
 2.75462104E-01
 5.21514336E-01
 1.93931070E+01
 3.92913537E-02
 7.45330241E-02
 6.15034042E-02
 1.35911936E-02
 2.34082966E-02
 2.30938729E-02
 4.25952303E-01
 8.50146393E-03
 8.40164058E-03
 1.32482121E-02
 7.10192595E-04
 7.96472881E-03
 3.40534871E-03
 1.34703726E-02
 5.81791091E-03
 4.78583980E-03
 5.22451163E-02
 4.12225661E-04
 2.17193969E-03
 1.61747312E-03
 3.84235404E-03
 4.60163870E-04
 8.76968330E-04
 6.55005766E-03
 5.38151407E-02
 2.11643648E-03
 5.82915211E-02
 1.42471062E-01
 7.89702052E-05
 2.14531171E-03
 4.91312863E-03
 3.91033908E-03
 1.21615863E-02
 8.45363956E-02
 3.38473375E-03
 5.91977272E-02
 8.67387436E-02
 1.00484501E-01
 2.57459863E-02
 3.35567327E-02
 1.00758770E-02
 9.31259134E-03
 2.06410716E-02
 1.36169819E-02
 1.08645386E-02
 1.28755809E-02
 1.08123236E-02
 2.37425304E-02
 3.97470709E-03
 4.11510544E-04
 1.28164514E-02
 5.13137572E-04
 3.22657761E-02
 4.49539198E-03
 3.80909100E-04
 1.07548456E-03
 2.49328413E-03
 9.55290636E-03
 5.52062713E-04
 3.79865267E-03
 3.34844517E-03
 9.02901167E-04
 1.31995669E-02
 8.65327757E-02
 3.11702506E-03
 1.45505453E-02
 3.88002171E-03
 5.74431696E-03
 2.52008975E-03
 5.81591993E-03
 3.82773149E-03
 2.96579794E-03
 4.14608978E-03
 3.23240982E-03
 9.10696497E-03
 3.18601843E-03
 2.33524230E-03
 1.00000000E+00
 1.00000000E+00
 1.00000000E+00
 1.00000000E+00
 1.00000000E+00
 1.00000000E+00
 1.00000000E+00
 1.00000000E+00
 1.00000000E+00
 1.00000000E+00
 1.00000000E+00
 1.00000000E+00
 9.61194981E-02
 1.97697898E-03
 1.13689108E-03
 1.92397664E-01
 4.19184864E-01
 6.85262901E-02
 1.14643500E-01
 1.22916655E-02
 5.23090898E-03
 4.35007820E-03
 9.81197223E-02
 2.17632862E-02
 1.13359828E-01
 4.73818351E-02
 4.31217562E-01
 9.51859732E-03
 3.38883464E-02
 1.43013637E-01
 2.17543183E-01
 7.06068319E-02
 3.03340497E-01
 1.52366146E-01
 3.44051670E-02
 5.21392314E+01
 1.20717671E-01
 7.43254031E-02
 9.38540285E+01
 7.68887545E+01
 2.37471475E-01
 2.74847730E-01
 1.35541047E-02
 1.44463359E-02
 1.50016483E-02
 1.69308162E-02
 1.82559841E-02
 1.83393647E-02
 7.14469087E-02
 1.34295054E-02
 2.11484549E-02
 1.87628165E-02
 1.47560588E-02
 1.88726570E-02
 3.59448946E-01
 1.27191635E-02
 2.58677832E-02
 3.47957597E-02
 2.76307235E-02
 3.15613957E-01
 2.52724682E-02
 4.32012596E-02
 2.50297732E-02
 5.48204128E-01
 1.22321029E-01
 1.18939681E-01
 8.09014854E-01
 1.44826335E-02
 1.01133677E+00
 3.42476936E-01
 2.07097541E-02
 1.49114013E-02
 1.65326219E-01
 6.61628101E-01
 3.14772362E+00
 9.73630876E-01
 1.66279056E-02
 3.04857043E-02
 5.95445733E-02
 5.09360008E-02
 2.45087955E-02
 5.53101882E-03
 8.08707704E-03
 1.09168911E-02
 1.70455935E-02
 1.12195713E-02
 1.17960713E-02
 2.94024908E-03
 2.29164076E-03
 1.26199075E-02
 6.22919571E-01
 1.79079628E-05
 1.56875657E-02
 1.47907295E-02
 1.01042154E-03
 7.43178832E-03
 7.39551131E-03
 3.70202444E-03
 1.22099415E-02
 8.98342739E-03
 4.57069041E-03
 1.25058461E-03
 2.90519534E-03
 2.32754121E-03
 9.71692584E-03
 2.74254581E-02
 2.64796866E-04
 2.61277987E-03
 1.30861963E-02
 7.18732798E-03
 3.93325142E-03
 3.31306657E-03
 6.74676165E-03
 1.43901029E-01
 5.88415146E-03
 1.18620003E-01
 2.01538167E-01
 2.99654105E-03
 1.34961194E-01
 1.36219037E-01
 1.36117256E-01
 1.36986188E-01
 1.38081799E-01
 1.38895245E-01
 1.39509181E-01
 1.40240280E-01
 1.40880839E-01
 1.41668207E-01
 1.42417386E-01
 6.41842830E-03
 4.66737880E-02
 7.51412787E-02
 7.49533580E-02
 1.49258569E-01
 1.57944944E-03
 4.75162495E-03
 2.26792209E-03
 1.34106468E-03
 3.25427385E-03
 8.18068497E-02
 2.43462201E-02
 4.59587820E-02
 6.43170332E-02
 7.69267043E-02
 5.99893705E-02
 1.61824562E-02
 1.12037111E-01
 1.73110603E-01
 5.24569128E-01
 1.96802549E-02
 9.10258850E-02
 5.13624510E-02
 1.64907537E-02
 1.91119637E-02
 2.14462769E-03
 8.84869375E-03
 6.85056262E-03
 7.23629874E-03
 4.39506602E-03
 2.35809450E-03
 1.21139196E-03
 1.15071388E-03
 3.94800428E-03
 2.04199701E-03
 4.22883192E-02
 4.73172402E-03
 2.53716998E-03
 5.53032307E-04
 7.25152677E-03
 3.54395860E-04
 9.79679935E-04
 6.18405975E-03
 1.30087603E-03
 1.86374674E-03
 1.24668283E-02
 1.59477676E-03
 6.87843652E-03
 2.43746245E-02
 3.27733047E-02
 4.41960158E-02
 3.93031520E-02
 4.12781804E-02
 5.89874096E-01
 5.17895089E-02
 4.73479991E-02
 6.20653260E-02
 7.58941147E-02
 9.62100695E-02
 1.38424853E-01
 1.46505969E-01
 2.18735702E-01
 1.14393417E-01
 1.21276095E-01
 1.02092442E-01
 1.93246126E-02
 3.14054410E-02
 2.64974146E-02
 3.34040776E-01
 4.08755186E-03
 8.40590821E-03
 1.12716106E-02
 7.49976816E-03
 1.12696639E-02
 5.34051545E-03
 1.68318494E-02
 7.24658763E-03
 5.45569812E-03
 6.13929083E-02
 1.99617237E-04
 1.83395446E-03
 7.04145280E-03
 2.59250485E-03
 1.35593048E-03
 8.53653194E-04
 1.09605378E-02
 6.25424794E-02
 2.81928092E-03
 6.19872239E-02
 1.38696343E-01
 1.71663196E-03
 1.54341869E-04
 5.83169784E-03
 4.32269666E-03
 1.36232599E-02
 8.38794694E-02
 2.77542874E-03
 6.01010501E-02
 8.86569193E-02
 1.05891002E-01
 3.06340944E-02
 3.83633595E-02
 1.39643002E-02
 1.76960667E-02
 2.25994322E-02
 1.25649987E-02
 1.18394970E-02
 1.22483341E-02
 1.07968696E-02
 2.46214170E-02
 4.42982878E-03
 3.63313355E-03
 1.04875134E-02
 2.42435644E-03
 3.50589041E-02
 8.51699265E-03
 1.88467597E-03
 2.82541559E-03
 1.64277267E-03
 9.31298234E-03
 1.67961346E-03
 1.22000028E-03
 4.96326131E-03
 2.10753704E-03
 1.49346378E-02
 8.54368110E-02
 4.92372537E-03
 1.50922358E-02
 3.29256951E-03
 9.23487303E-03
 2.54052095E-03
 6.40991223E-03
 3.96539956E-03
 2.49638004E-03
 4.06707750E-03
 3.45069296E-03
 1.18762970E-02
 3.88153106E-03
 3.96791024E-03
 1.00000000E+00
 1.00000000E+00
 1.00000000E+00
 1.00000000E+00
 1.00000000E+00
 1.00000000E+00
 1.00000000E+00
 1.00000000E+00
 1.00000000E+00
 1.00000000E+00
 1.00000000E+00
 1.00000000E+00
 2.46913976E-02
 3.37876173E-03
 1.12979573E-03
 1.06347619E-01
 4.90534043E-01
 7.60415267E-01
 2.55049983E-01
 1.45098160E-02
 3.10537516E-03
 1.63935813E-03
 9.43808666E-02
 1.23405673E-02
 1.46397837E-01
 6.72474229E-02
 3.67667925E-03
 6.86552627E-02
 8.30796212E-02
 8.12855725E-02
 2.39010117E-01
 9.74972615E-04
 2.19043914E-03
 5.92587108E-02
 2.47645783E-03
 5.57563410E-02
 7.60435403E-02
 6.41652968E-02
 3.31363497E+00
 3.68351778E-02
 2.56781959E-01
 6.68755816E+01
 1.50999000E-02
 1.39923290E-02
 1.44453408E-02
 1.54605156E-02
 2.25249837E-02
 1.56714806E-02
 6.55233611E-02
 1.61857958E-02
 1.64079016E-02
 1.77147443E-02
 1.40471593E-02
 1.90885502E-02
 3.21906834E-01
 2.47577562E-02
 2.34463028E-02
 2.33250543E-02
 2.31915430E-02
 3.94296033E-01
 3.69239189E-02
 3.24817270E-02
 2.85659375E-02
 3.49273734E-01
 5.85204686E-02
 6.79732949E-02
 5.17976292E-01
 4.19908513E-02
 2.01576925E+00
 4.41562262E-01
 3.64817479E-02
 2.99732053E-02
 2.26113610E-02
 1.18014363E-01
 3.85379790E-02
 1.31676644E+00
 4.45858152E-02
 5.03621576E-02
 3.81625983E-02
 7.75566548E-02
 3.82080592E-02
 3.65795245E-04
 1.43366651E-02
 1.39303933E-02
 1.31259326E-02
 1.48018110E-02
 1.54689218E-02
 5.23364062E-03
 2.27807159E-03
 1.24162850E-02
 6.11827141E-01
 1.13510348E-02
 2.84116042E-03
 2.28315411E-03
 8.47707571E-04
 1.94021505E-02
 4.95017105E-03
 1.97558153E-03
 7.11133100E-03
 1.06931607E-02
 7.55983284E-03
 4.92054777E-03
 6.41417021E-03
 4.68739204E-03
 3.67413526E-03
 2.86021797E-02
 5.10127897E-04
 9.61817735E-04
 1.43249501E-02
 4.92729246E-03
 2.01372268E-03
 4.30696666E-03
 1.10978820E-02
 1.48390710E-01
 2.46560456E-03
 1.22989413E-01
 2.04370366E-01
 3.11241577E-03
 1.34264147E-01
 1.33090696E-01
 1.34237274E-01
 1.37101701E-01
 1.34534661E-01
 1.39098256E-01
 1.38705163E-01
 1.39228205E-01
 1.39205781E-01
 1.39151959E-01
 1.41391362E-01
 2.98803264E-03
 1.46765496E-01
 1.45594268E-01
 1.46368117E-01
 1.47495157E-01
 1.74935526E-02
 1.66129285E-02
 7.96216641E-02
 4.65715934E-03
 3.33711928E-03
 4.70707488E-03
 2.15378962E-02
 3.56981233E-02
 4.86279048E-02
 5.88612381E-02
 4.66241805E-02
 3.66077026E-02
 7.87731984E-02
 7.39369137E-02
 1.41209799E-01
 3.39988849E-02
 8.61807397E-02
 8.52789596E-02
 3.06702436E-02
 2.78440026E-02
 2.26925511E-03
 1.03969694E-02
 1.49330176E-02
 1.52071183E-02
 5.80820776E-03
 9.64797978E-04
 2.35366121E-03
 5.78468607E-03
 3.08079290E-03
 9.96091460E-04
 5.23582370E-02
 7.50162683E-03
 4.77092582E-03
 8.32734826E-04
 8.64349415E-04
 1.84794599E-03
 7.73275866E-04
 7.58559234E-03
 4.60215200E-03
 1.44220410E-03
 8.87073389E-03
 7.38050811E-04
 7.53890344E-03
 2.57801234E-02
 2.97258148E-02
 3.66288580E-02
 3.98749179E-02
 3.88468471E-02
 4.78396255E-01
 5.02583366E-02
 5.05421542E-02
 5.53963102E-02
 5.92898904E-02
 6.03843732E-02
 1.00150400E-01
 8.45617260E-02
 1.02026392E-01
 2.32917685E-01
 3.68786625E-01
 2.44309728E-01
 1.69177074E-02
 4.56024757E-02
 3.17762105E-02
 2.44920509E-01
 9.72792657E-03
 7.03246501E-03
 2.43301205E-02
 4.85667295E-03
 8.16338327E-03
 4.22196845E-03
 1.08957207E-02
 1.32994641E-02
 2.53512425E-03
 7.06270785E-02
 1.86228865E-03
 9.84532672E-04
 3.28060331E-03
 2.82811392E-03
 2.02925784E-03
 5.32474047E-03
 7.40612306E-04
 5.71307880E-02
 2.67268424E-03
 5.71632829E-02
 1.32864632E-01
 2.63585380E-03
 8.13114081E-04
 6.70210608E-03
 5.03722162E-03
 1.31741485E-02
 8.83378195E-02
 2.79978511E-03
 6.34359174E-02
 8.74525580E-02
 1.12421284E-01
 4.89500230E-02
 4.62846185E-02
 1.23835332E-02
 1.89340858E-02
 2.34793374E-02
 1.83245933E-02
 1.76657044E-02
 1.54230443E-02
 1.22593744E-02
 2.56545654E-02
 4.90917883E-03
 2.21204352E-03
 4.83359276E-03
 2.25366146E-03
 4.08138642E-02
 6.40217856E-03
 1.05121759E-03
 4.37154000E-03
 1.50770101E-03
 1.32595996E-02
 3.05642339E-03
 1.98280353E-03
 7.26257971E-03
 1.79504941E-04
 1.66083445E-02
 7.64893113E-02
 1.29024987E-03
 1.65805863E-02
 9.01202632E-03
 1.37302179E-02
 4.10811386E-03
 7.57923278E-03
 5.10406713E-03
 3.18408717E-03
 8.12383649E-04
 3.92057092E-03
 7.48216780E-03
 2.78064864E-03
 7.83714213E-04
 1.00000000E+00
 1.00000000E+00
 1.00000000E+00
 1.00000000E+00
 1.00000000E+00
 1.00000000E+00
 1.00000000E+00
 1.00000000E+00
 1.00000000E+00
 1.00000000E+00
 1.00000000E+00
 1.00000000E+00
 1.11010139E-01
 2.26185257E-01
 1.21086193E-01
 7.59462395E-02
 7.94783013E-01
 1.25693616E-01
 1.81202310E-02
 8.20518708E-02
 9.17833178E-02
 7.23840561E-01
 4.56372835E-02
 4.37678666E-01
 1.57143765E-01
 1.12747854E-01
 3.62608800E-03
 8.00480378E-02
 1.25433713E-01
 9.48737187E-02
 2.38709261E-01
 4.58885206E-02
 1.51154578E-03
 3.53547320E-03
 3.74011219E-01
 1.40930892E-01
 1.10616670E-02
 7.47928060E-03
 2.57736673E-02
 1.10181073E-01
 2.83389857E-01
 5.30427494E-02
 1.22764289E-02
 1.08633315E-02
 1.28214495E-02
 1.63981909E-02
 1.47899363E-02
 1.43260772E-02
 6.60123220E-02
 1.61692257E-02
 1.75929529E-02
 1.79280069E-02
 1.61108258E-02
 1.91981676E-02
 2.91946783E-01
 1.60962295E-02
 2.06383629E-02
 2.12035214E-02
 2.16909957E-02
 2.57098554E-01
 3.78078058E-02
 2.86576516E-02
 3.02632376E-02
 7.35874497E-01
 5.59061912E-02
 5.07279130E-02
 3.99266898E-01
 3.77601659E-01
 6.69837046E+00
 8.08374393E-01
 3.65914729E-02
 9.86904684E-03
 5.87738331E-02
 6.51683369E-02
 5.48350358E-02
 2.13570340E+00
 6.03950401E-01
 2.86693928E-01
 1.75812017E-01
 6.28402979E-02
 4.87496306E-02
 2.03414472E-02
 6.78860204E-03
 3.87515715E-02
 1.41340418E-02
 1.18910769E-02
 1.25156069E-02
 4.65354413E-03
 1.99631112E-03
 1.28410146E-02
 5.94389107E-01
 8.76133072E-03
 2.72306537E-03
 9.75130269E-03
 2.01964155E-03
 1.41665120E-02
 3.25109827E-03
 7.28010989E-03
 2.61507964E-03
 2.83387141E-03
 8.04911970E-03
 2.27199127E-03
 9.48425610E-03
 3.64206501E-03
 4.94912723E-03
 2.79314439E-02
 1.45208789E-03
 1.94645179E-03
 1.25415281E-02
 1.60701253E-03
 4.96216188E-03
 1.00500478E-02
 9.98893400E-03
 1.53107845E-01
 7.05768344E-03
 1.29283832E-01
 2.09542895E-01
 3.27796266E-04
 1.36339820E-01
 1.36037213E-01
 1.63579776E-01
 1.69013307E-01
 2.55484126E-01
 3.33783700E-01
 1.39819794E-01
 1.38808543E-01
 1.38567432E-01
 1.40043943E-01
 1.40887428E-01
 1.09438052E-02
 1.44370781E-01
 1.44101495E-01
 1.44856299E-01
 1.45967923E-01
 1.51260438E-01
 1.52403997E-01
 1.53418395E-01
 4.91866454E-03
 1.09425595E-02
 6.22085329E-03
 2.66237443E-02
 3.19151012E-02
 3.96038848E-02
 3.94955172E-02
 4.73304912E-02
 2.46393168E-02
 4.24092851E-02
 4.78032031E-02
 8.27252018E-02
 2.08811431E-01
 2.06410497E-01
 2.33960715E-01
 4.07615205E-02
 3.69774945E-02
 8.92751039E-03
 1.29230180E-02
 2.20410835E-02
 2.20894046E-02
 1.28286279E-02
 6.08824131E-03
 9.80838400E-04
 6.89177735E-03
 4.03112812E-03
 7.60557699E-04
 5.57038082E-02
 4.79565874E-03
 2.63448094E-04
 1.61080408E-03
 2.87182947E-03
 4.81431790E-03
 1.32722160E-03
 1.52409908E-03
 5.65987739E-03
 1.37386035E-03
 7.94704482E-03
 1.25899272E-03
 8.55718226E-03
 2.48140158E-02
 2.56518158E-02
 3.18849897E-02
 3.83429465E-02
 3.64126705E-02
 4.04474983E-01
 4.08708503E-02
 4.51959433E-02
 4.68423855E-02
 5.50475099E-02
 4.50512243E-02
 6.34485570E-02
 5.47948439E-02
 6.51457318E-02
 7.69217331E-02
 5.84203868E-01
 1.70958665E+00
 2.63354183E-02
 5.97851328E-02
 3.80473265E-02
 1.26271940E-01
 1.58087002E-02
 2.29500347E-02
 3.70952594E-02
 1.04575083E-02
 2.48106552E-03
 2.09946346E-02
 1.21109145E-03
 1.33703479E-02
 4.99037182E-03
 7.21116996E-02
 2.70532384E-03
 1.65707995E-03
 2.57567471E-03
 1.91847856E-03
 2.41345638E-03
 1.29198875E-02
 2.22950343E-03
 6.11407489E-02
 3.74501805E-03
 5.75995740E-02
 1.25574638E-01
 3.83728146E-03
 1.03467014E-03
 9.17524258E-03
 9.19772159E-03
 1.32795189E-02
 8.64175931E-02
 7.92444863E-04
 6.85173232E-02
 8.62475105E-02
 1.14138107E-01
 7.62901909E-02
 3.96224593E-02
 2.16208570E-02
 5.35578077E-02
 3.36125791E-02
 2.26232246E-02
 2.61979415E-02
 2.26985443E-02
 1.21440889E-02
 3.43686613E-02
 7.31789499E-03
 5.28441780E-03
 3.83649300E-04
 4.03857991E-03
 4.19869591E-02
 8.07436858E-05
 1.50725526E-03
 7.09213985E-03
 6.56319951E-04
 1.20238262E-02
 3.46117021E-03
 2.05469295E-03
 9.35231485E-03
 7.17792407E-04
 1.78059216E-02
 9.31324332E-02
 3.38873315E-04
 1.35983804E-02
 1.19532919E-02
 1.75042335E-02
 5.65866329E-03
 1.06826610E-02
 5.43951825E-03
 4.05842183E-03
 1.26123765E-03
 2.55851752E-03
 5.05903408E-03
 1.76924702E-03
 8.92137544E-04
 1.00000000E+00
 1.00000000E+00
 1.00000000E+00
 1.00000000E+00
 1.00000000E+00
 1.00000000E+00
 1.00000000E+00
 1.00000000E+00
 1.00000000E+00
 1.00000000E+00
 1.00000000E+00
 1.00000000E+00
