 8.68910790E-02
 8.25289733E-02
 7.74750403E-02
 7.15920497E-02
 6.50343952E-02
 6.75037952E-02
 5.85210477E-02
 6.00340048E-02
 1.18772973E-01
 1.17509789E-01
 1.21865031E-01
 1.20608642E-01
 1.18832406E-01
 5.93815160E-02
 5.87901256E-02
 5.74676276E-02
 5.59080637E-02
 9.61898448E-02
 1.90410964E-01
 1.05420768E-01
 6.56839581E-02
 6.52157581E-02
 6.46962897E-02
 6.63461107E-02
 6.76578385E-02
 6.67508273E-02
 1.62518859E-03
 3.22496025E-02
 2.20110061E-01
 6.45835319E-04
 1.69459623E-05
 2.04596555E-04
 5.77306574E-04
 9.56563080E-04
 1.41946695E-03
 4.88191905E-02
 7.22522495E-02
 7.53425349E-02
 4.99318639E-02
 8.49825658E-03
 4.46111723E-04
 6.09164416E-04
 1.03329562E-01
 2.65711848E-04
 2.29905864E-04
 1.02078525E-03
 2.04566729E-03
 7.14033885E-03
 1.73806399E-03
 2.87119871E-03
 5.64237447E-02
 1.68370806E-02
 1.63746973E-02
 2.08017360E-03
 7.14789915E-03
 1.63743520E-03
 1.69852057E-01
 6.91477648E-02
 1.37560850E-03
 1.90120259E-03
 8.16303595E-02
 1.63351368E-02
 3.53679079E-03
 1.01198570E-01
 1.30510799E-03
 6.51740036E-04
 1.29062625E-03
 2.18920602E-03
 5.83040626E-03
 1.98193148E-03
 3.53374257E-03
 7.81677679E-02
 3.26506544E-02
 7.22681945E-02
 2.90661846E-03
 6.58970833E-04
 8.45622548E-02
 8.36722327E-02
 1.49466586E-01
 2.63076176E-02
 4.05721487E-03
 1.44574764E-03
 1.07839512E-03
 1.74020360E-03
 2.53047611E-03
 4.50786267E-03
 1.24115886E-01
 6.04753719E-02
 8.08877032E-03
 4.00608201E-03
 8.33624436E-04
 3.33612908E-02
 5.17369889E-02
 4.51494055E-02
 1.68600019E-02
 5.97817433E-04
 1.06412074E-01
 5.57959833E-02
 9.53279901E-03
 5.71942190E-03
 8.20384638E-04
 1.05985506E-01
 1.31995613E-03
 9.18504034E-02
 1.47016427E-01
 7.86210058E-02
 3.02583158E-04
 6.22634488E-04
 1.04600411E-03
 1.58915196E-03
 2.05800708E-03
 9.56351962E-02
 1.00955255E-03
 6.53662550E-02
 2.79909108E-02
 9.92354961E-03
 1.02963628E-02
 9.43559174E-02
 1.25841783E-02
 2.72181701E-03
 1.83890972E-03
 1.85250086E-03
 7.86566072E-04
 1.10686063E-03
 1.86379673E-03
 1.63592064E-03
 4.54064029E-02
 8.45755268E-03
 3.13373359E-04
 5.13307007E-02
 7.70666440E-03
 2.58304926E-03
 4.90815466E-04
 5.59052745E-04
 4.82228210E-05
 4.63248638E-04
 1.06446505E-03
 1.10037540E-04
 1.46800387E-03
 3.92003077E-02
 4.72052377E-02
 9.80395749E-03
 3.78835763E-02
 2.99586066E-03
 1.00050767E-04
 1.84183713E-04
 4.81232651E-04
 3.86286165E-04
 1.08653797E-03
 2.38154732E-03
 3.71064285E-02
 7.53722321E-03
 4.61856199E-03
 9.29605476E-03
 1.87302914E-04
 6.78357102E-04
 3.58993372E-02
 1.29007132E-02
 9.96401960E-03
 3.42704067E-02
 3.10519258E-03
 8.13310195E-05
 6.73900477E-03
 4.41193925E-04
 6.80855301E-03
 6.42074831E-03
 3.92877661E-03
 6.65969613E-04
 6.22828195E-04
 1.05977556E-03
 1.04377364E-01
 8.57353135E-04
 6.11531174E-04
 1.05405097E-03
 1.86657087E-03
 3.04926576E-02
 1.06092012E-03
 1.64554310E-03
 4.19398077E-02
 4.04162454E-02
 7.44472302E-02
 1.44817106E-02
 6.76372969E-04
 2.64001792E-03
 1.95404278E-02
 1.49857349E-01
 3.88845165E-04
 3.36537727E-05
 4.04508196E-04
 8.74144084E-04
 4.45575239E-04
 1.06639735E-03
 3.60099715E-02
 2.96844500E-02
 3.01807671E-03
 3.88641745E-02
 7.12186267E-03
 1.76525219E-04
 5.46934825E-04
 2.63537232E-02
 6.09534937E-03
 2.97661479E-02
 1.36578859E-02
 1.03542209E-01
 3.07017779E-02
 1.48552706E-02
 1.24720683E-03
 1.73507973E-03
 6.06205087E-04
 6.10293323E-04
 2.73431057E-04
 3.50465071E-02
 7.01772826E-03
 3.26888127E-03
 5.32367940E-03
 4.88781700E-03
 1.14435913E-01
 3.44189832E-03
 5.74228785E-02
 3.44422744E-02
 1.69197510E-03
 3.28980564E-02
 1.53404119E-03
 8.70120210E-04
 5.40469744E-04
 1.21839032E-03
 2.57105301E-02
 2.58115240E-02
 2.23472434E-02
 2.31664810E-02
 1.54772082E-03
 2.47364845E-02
 1.23284194E-02
 1.36896898E-02
 4.76802689E-03
 8.28561209E-03
 1.01032572E-02
 5.03578712E-03
 1.15521215E-03
 4.25102968E-04
 6.50114260E-05
 2.63412591E-02
 9.46957954E-04
 3.67314234E-04
 2.88146474E-02
 1.65307498E-04
 3.96310085E-04
 7.96147235E-04
 4.19652779E-04
 3.40716087E-02
 3.97667482E-04
 1.48606602E-03
 3.55898473E-03
 2.66322813E-02
 1.75209901E-02
 2.67871209E-04
 1.00000000E+00
 1.00000000E+00
 1.00000000E+00
 1.00000000E+00
 1.00000000E+00
 1.00000000E+00
 1.00000000E+00
 1.00000000E+00
 1.00000000E+00
 1.00000000E+00
 1.00000000E+00
 1.00000000E+00
 1.90601118E-01
 1.49029427E-01
 8.84511576E-02
 5.05804668E+00
 5.08464332E+00
 5.09514128E+00
 5.14018412E+00
 1.84329412E-01
 1.88698880E-01
 2.06579819E-01
 2.05560627E-01
 2.01971574E-01
 1.94556589E-01
 6.97999021E-02
 7.00945763E-02
 1.07502182E-01
 1.10278136E-01
 1.10657240E-01
 2.06466497E-01
 1.01143273E-01
 1.23584219E-01
 6.50708063E-02
 6.32815397E-02
 6.49817638E-02
 6.40768803E-02
 6.34086817E-02
 6.45177067E-02
 7.83806411E-02
 2.17076882E-01
 4.59497921E-05
 1.56823713E-04
 4.42903868E-04
 7.88143097E-04
 1.30397827E-03
 6.42441808E-02
 5.53851156E-02
 4.11420116E-02
 1.00478265E-01
 1.59990618E-02
 7.41939278E-03
 6.19992328E-04
 5.87857534E-04
 1.04006617E-01
 2.94892634E-04
 7.97278295E-04
 1.52200310E-03
 2.39644167E-03
 7.14922323E-03
 2.10204596E-03
 4.97760447E-02
 1.53965844E-02
 9.83958019E-03
 9.86711451E-03
 1.63086391E-03
 5.19080481E-03
 1.92713034E-03
 1.71030329E-01
 2.13036727E-01
 1.69162164E-03
 1.11779701E-01
 2.78941010E-02
 7.55990654E-03
 1.08985889E-03
 1.02063580E-01
 5.20003092E-04
 8.85153479E-04
 1.62506553E-03
 2.59532261E-03
 6.30789474E-03
 2.41085092E-03
 4.07222732E-03
 5.57672964E-02
 6.47506000E-03
 1.93567292E-02
 2.77357198E-03
 1.29248934E-03
 1.02479232E-01
 1.84282036E-01
 3.34428956E-02
 1.03859421E-02
 1.26075295E-03
 8.14101710E-04
 1.37168684E-03
 1.46485005E-03
 3.06238401E-03
 5.33421380E-03
 7.99353335E-02
 4.15549209E-02
 3.78103500E-02
 1.78191267E-02
 1.10255524E-03
 3.26467465E-02
 6.71942514E-02
 3.26578734E-02
 2.56227805E-02
 1.62805029E-02
 8.24689703E-03
 1.57663880E-01
 2.39045432E-02
 2.90610149E-04
 6.35780133E-04
 1.05006118E-01
 1.74105232E-03
 2.14414593E-01
 1.47925526E-01
 1.34572493E-02
 8.27280015E-03
 8.84733292E-03
 8.41682169E-03
 7.84240556E-03
 7.20268941E-03
 1.12087563E-01
 2.15922802E-03
 8.49700156E-02
 2.40286564E-02
 9.87702138E-03
 1.00257712E-02
 9.44332720E-02
 9.19091921E-03
 2.68881488E-03
 1.82196831E-03
 1.87066373E-03
 1.01811578E-03
 1.70240671E-03
 2.16618410E-03
 3.02095797E-02
 1.33237030E-02
 5.27331291E-03
 8.52564587E-02
 2.88323122E-02
 6.85433554E-03
 3.11213214E-04
 3.66898009E-04
 9.48263715E-06
 1.89947112E-04
 6.85232561E-04
 1.44194486E-03
 8.33479663E-04
 1.77040364E-03
 6.10091799E-02
 2.45125876E-02
 2.45750614E-03
 1.41554610E-03
 4.65106619E-04
 2.33487151E-05
 2.90312799E-04
 7.11196356E-04
 5.56835770E-04
 1.37408207E-03
 2.99287340E-02
 5.20762928E-02
 1.93144247E-02
 6.04648820E-02
 1.28764737E-02
 2.97179139E-04
 8.46945956E-04
 4.24939267E-02
 5.13840396E-02
 2.07779085E-02
 3.33017578E-02
 3.51407857E-04
 8.59089598E-05
 4.33444764E-03
 6.56844465E-04
 3.67951578E-03
 3.54019089E-03
 1.71709151E-03
 8.01915080E-04
 7.14590378E-04
 1.25564509E-03
 1.05412531E-01
 4.06825868E-04
 7.59101143E-04
 1.38890262E-03
 3.20169013E-02
 3.32840121E-02
 1.13104240E-03
 4.69429748E-02
 3.32347193E-02
 2.22091670E-02
 3.42420743E-02
 6.02439365E-03
 3.36095739E-03
 2.61792335E-03
 8.12529766E-03
 1.34346004E-01
 5.87264582E-06
 2.70895390E-04
 5.75793923E-04
 1.11294478E-03
 5.74310771E-04
 2.88185757E-02
 2.88250030E-02
 1.47007895E-02
 2.54134973E-03
 3.87426364E-02
 2.56991993E-02
 1.77743769E-04
 9.03883016E-04
 3.57356088E-02
 3.28186460E-02
 6.92246811E-03
 1.07957921E-02
 2.25145134E-02
 2.10669006E-02
 2.12464971E-02
 7.58767031E-03
 4.77582209E-03
 7.49383550E-04
 3.05944975E-04
 3.94014758E-04
 1.76645018E-02
 1.74560214E-02
 5.04560925E-04
 5.44798735E-03
 9.30250110E-03
 1.13274498E-01
 5.27281619E-02
 3.35910916E-02
 3.77105009E-03
 6.66209250E-04
 6.61609285E-03
 1.03862945E-03
 1.18882531E-03
 7.36955224E-04
 1.69072999E-03
 7.10755164E-02
 4.52380660E-02
 2.30627064E-02
 4.75382225E-03
 4.44286761E-04
 2.05857732E-02
 1.17133894E-02
 1.15858103E-02
 4.88494403E-04
 2.20866532E-03
 7.97548808E-03
 2.01213361E-03
 2.00427548E-03
 2.35445816E-04
 1.02123801E-02
 1.45774972E-02
 1.90153810E-02
 6.99470199E-05
 2.82667523E-02
 5.14338174E-04
 3.53056558E-04
 1.98449614E-02
 5.94552416E-04
 1.14987802E-02
 1.09290508E-02
 2.37958106E-03
 4.96659694E-03
 9.26108950E-03
 6.39318258E-03
 3.69441557E-04
 1.00000000E+00
 1.00000000E+00
 1.00000000E+00
 1.00000000E+00
 1.00000000E+00
 1.00000000E+00
 1.00000000E+00
 1.00000000E+00
 1.00000000E+00
 1.00000000E+00
 1.00000000E+00
 1.00000000E+00
 4.75066496E+00
 4.55049173E+00
 4.19641990E+00
 1.12910022E+00
 1.29581372E+00
 7.61426694E-01
 1.41491873E-04
 4.64888154E-02
 6.56205022E-02
 5.44598698E-02
 1.75694512E-01
 4.84536514E+00
 5.02439059E+00
 1.15474600E-01
 1.14105810E-01
 1.11545000E-01
 1.08735996E-01
 1.05254210E-01
 1.91856216E-01
 1.03041459E-01
 1.10078366E-01
 1.68264324E-01
 1.26312839E-01
 6.17228747E-02
 6.12289413E-02
 6.07829672E-02
 6.23552922E-02
 7.85389408E-02
 2.11952029E-01
 6.51829188E-02
 3.12878770E-04
 6.27364160E-04
 1.01357336E-03
 1.47726626E-03
 1.29769764E-01
 4.77595193E-02
 4.45924965E-03
 6.58269599E-02
 9.12577429E-03
 2.29377369E-03
 8.13595039E-04
 7.81705571E-04
 1.04239055E-01
 4.83267717E-04
 1.02691358E-03
 1.78812540E-03
 2.77907621E-03
 1.21399227E-01
 2.46827836E-03
 5.58501820E-02
 8.77990607E-03
 2.19299151E-02
 2.09940175E-03
 1.74215782E-03
 4.09673998E-04
 2.34848208E-03
 1.72360170E-01
 3.10392112E-02
 1.99294239E-03
 9.36687060E-02
 1.45231767E-02
 2.23303465E-03
 1.08019557E-03
 1.03368600E-01
 5.85452914E-04
 1.12951855E-03
 1.91499946E-03
 2.51012297E-03
 5.77331878E-03
 2.83093362E-03
 6.38186674E-02
 2.49580312E-02
 2.88276762E-02
 4.83709436E-03
 3.09940514E-03
 2.37887137E-02
 1.13575067E-01
 2.94468419E-01
 1.56817027E-02
 1.39371708E-03
 7.54068698E-04
 1.04705439E-03
 1.70684683E-03
 2.04529784E-03
 3.66487113E-03
 5.92376155E-02
 4.12209538E-02
 5.81768987E-02
 1.07085188E-01
 3.09160763E-02
 1.51825767E-03
 2.74514390E-03
 7.67342481E-02
 9.01120922E-02
 9.55390791E-02
 3.57393722E-02
 8.23050741E-03
 5.12287087E-02
 7.69311894E-03
 3.28810184E-04
 6.77199338E-04
 1.02778964E-01
 2.19244146E-03
 1.72634850E-01
 1.20403237E-01
 1.42704126E-03
 9.27342052E-03
 9.53651205E-03
 9.20926324E-03
 9.27180556E-03
 8.43757907E-03
 1.19585288E-01
 2.00008782E-04
 9.34761915E-02
 2.13656418E-02
 7.86329081E-03
 7.66733091E-03
 9.67040948E-02
 8.13877910E-03
 2.53803183E-03
 2.96724553E-03
 1.85303973E-03
 1.72894727E-03
 1.94407560E-03
 3.33951978E-02
 4.53646568E-02
 1.14652067E-02
 5.42938742E-03
 3.73365661E-02
 8.09996600E-03
 2.04442341E-03
 4.51050416E-04
 3.22990882E-04
 9.02756058E-05
 3.25351579E-04
 8.11129449E-04
 1.60493697E-03
 1.06827730E-03
 3.13952175E-02
 2.32989039E-02
 1.57596426E-02
 1.58699440E-03
 1.66509800E-03
 2.68488977E-05
 1.18955234E-04
 4.44945443E-04
 9.29711414E-04
 6.29659018E-04
 1.70739832E-03
 5.85645935E-02
 1.98594865E-02
 3.30535117E-03
 4.10553796E-02
 2.96242624E-02
 4.13348502E-04
 1.05048979E-03
 3.68774829E-02
 1.61548792E-02
 2.00465191E-02
 1.57060415E-02
 1.15990641E-03
 2.57378834E-04
 4.00596163E-03
 7.07523840E-04
 4.74561427E-04
 3.85343046E-03
 1.28864919E-03
 9.20585545E-04
 9.39151506E-04
 1.49039746E-03
 1.06727935E-01
 5.92989353E-04
 1.01767960E-03
 1.65990583E-03
 6.96525146E-02
 3.69125413E-02
 1.42721729E-03
 7.79332915E-02
 1.92571250E-02
 2.11308853E-03
 1.43364375E-02
 4.47027008E-03
 4.31283457E-03
 1.36290765E-03
 6.58097286E-03
 3.27906502E-02
 1.03801097E-04
 3.44253525E-04
 7.69733726E-04
 3.17204113E-02
 7.68032384E-04
 5.67091427E-02
 1.11382564E-02
 9.17575242E-03
 1.72937858E-03
 4.03904301E-02
 3.03898432E-02
 3.76542645E-04
 1.89077424E-02
 2.32558967E-02
 1.11670792E-02
 1.02781335E-02
 4.26132714E-02
 1.91585496E-02
 7.47650020E-03
 3.13131032E-02
 7.05031550E-02
 6.99108214E-03
 1.37394623E-03
 5.83821751E-03
 2.19245298E-04
 1.74940905E-03
 1.09068633E-02
 2.19334729E-04
 5.43138648E-03
 5.51131995E-03
 1.13685252E-01
 3.25134507E-02
 1.74580903E-02
 7.58777161E-04
 8.99725167E-04
 3.54390460E-04
 6.79760282E-04
 1.27416545E-03
 8.13433930E-04
 1.77442563E-03
 1.24799626E-03
 5.76656741E-02
 1.29752129E-02
 1.02580886E-03
 5.95495616E-04
 2.05659671E-02
 4.15948317E-04
 2.89088323E-02
 9.48899498E-03
 1.78601601E-03
 1.08949751E-03
 1.73693679E-03
 3.22653309E-03
 1.27622954E-03
 2.04092496E-02
 8.58305772E-03
 2.05197096E-02
 1.68253671E-04
 2.12270980E-02
 4.28499628E-04
 1.03432040E-03
 2.68421931E-02
 2.38815198E-02
 1.34432472E-02
 7.39264137E-03
 4.18281083E-03
 6.23735394E-03
 5.85726973E-03
 5.29904557E-03
 5.16813209E-04
 1.00000000E+00
 1.00000000E+00
 1.00000000E+00
 1.00000000E+00
 1.00000000E+00
 1.00000000E+00
 1.00000000E+00
 1.00000000E+00
 1.00000000E+00
 1.00000000E+00
 1.00000000E+00
 1.00000000E+00
 1.42501836E-04
 1.80594162E-04
 1.37786159E-04
 1.33675369E-04
 2.59421108E-04
 9.53241186E-06
 4.60689658E-04
 4.63177002E+00
 4.19890414E+00
 4.10622879E+00
 4.26321774E+00
 1.39589266E+00
 8.20230783E-01
 1.82992109E-01
 1.72632608E-01
 1.53353019E-01
 1.23940086E-01
 4.83191973E+00
 4.32651787E+00
 1.05479399E-01
 1.38475314E-01
 1.41281328E-01
 1.42479482E-01
 5.98846552E-02
 7.66981152E-02
 1.09077546E-01
 5.88069906E-02
 7.44319174E-02
 2.32543147E-01
 6.52732184E-02
 4.75638002E-04
 8.91331344E-04
 1.25027149E-03
 5.21768063E-02
 6.09022668E-02
 2.41472655E-02
 5.50082715E-03
 4.36832838E-02
 1.03090298E-02
 5.87761554E-04
 9.30364211E-04
 1.01393669E-03
 1.04862815E-01
 6.16283620E-04
 1.28473503E-03
 2.18992560E-03
 4.17335676E-02
 1.37188964E-01
 3.38660322E-02
 2.18196617E-02
 8.11155356E-03
 2.15135736E-02
 1.67785016E-03
 2.04024469E-03
 4.75760883E-03
 2.70221581E-03
 1.74413867E-01
 3.14243623E-02
 1.24135568E-01
 2.16402621E-02
 6.32558836E-03
 1.17952224E-03
 9.23666499E-04
 1.04236317E-01
 7.61203014E-04
 1.39325073E-03
 2.29350496E-03
 3.54324570E-03
 5.36243031E-03
 3.38792181E-03
 7.92081119E-02
 1.05703302E-02
 2.48149992E-02
 2.20388466E-03
 3.48559343E-03
 1.63851924E-02
 3.91109417E-03
 5.95166171E-02
 8.66263513E-02
 1.35964283E-03
 7.68217492E-04
 1.30483042E-03
 2.25925584E-03
 2.50367795E-03
 4.32672815E-03
 9.80801720E-02
 2.48249706E-02
 6.11576885E-02
 1.67754797E-01
 4.27449645E-02
 1.63647045E-03
 3.31687195E-03
 8.92193928E-02
 2.96365619E-02
 1.05012477E-01
 1.24327731E-02
 2.98727039E-02
 6.02615847E-03
 8.05341655E-03
 6.17625585E-04
 7.51688756E-04
 1.00194710E-01
 2.72342273E-03
 1.44304390E-01
 1.15066768E-01
 5.34534046E-04
 1.65483530E-03
 1.66046553E-04
 2.76169828E-03
 1.35421992E-03
 6.43251447E-02
 1.23400805E-01
 8.82072835E-02
 2.75071308E-02
 1.03326714E-02
 3.63706274E-03
 3.94225872E-03
 1.07553166E-01
 7.76829397E-03
 7.43227030E-03
 3.93372841E-03
 4.51409873E-04
 1.81244451E-03
 2.80127097E-03
 4.95240430E-02
 1.58618523E-02
 7.06141541E-03
 2.14675617E-03
 1.74658703E-02
 7.12298778E-03
 3.10708387E-04
 2.89595461E-04
 3.62972636E-04
 1.02004031E-04
 4.80767153E-04
 1.09159256E-03
 1.84458942E-03
 1.27998230E-03
 5.67626853E-02
 1.22660682E-02
 2.68553243E-03
 1.62805022E-03
 1.96247894E-03
 2.76409830E-05
 2.04939460E-04
 5.77444492E-04
 1.15213636E-03
 9.83012823E-04
 2.07301674E-03
 3.12500382E-02
 1.55265867E-02
 2.42654367E-03
 4.28574787E-02
 5.62826666E-02
 5.90404713E-04
 1.39447053E-03
 3.97981707E-02
 1.43350238E-02
 2.46887031E-03
 1.95293923E-03
 6.80667948E-03
 7.08604194E-04
 6.85446229E-03
 8.50347434E-04
 6.51670972E-05
 4.11295139E-03
 1.42459891E-03
 1.08316015E-03
 1.14678204E-03
 1.75654947E-03
 1.07920335E-01
 8.87584307E-04
 1.25956324E-03
 1.98269524E-03
 8.50830819E-02
 9.04906355E-03
 5.44945436E-02
 3.65593951E-02
 1.22809047E-02
 2.04221126E-02
 8.51089109E-03
 3.03026440E-03
 5.76391601E-03
 1.45802441E-03
 6.67218454E-03
 1.00644819E-03
 1.07443735E-05
 4.63408734E-04
 9.46824609E-04
 6.24690965E-02
 2.63108938E-02
 3.00941722E-02
 6.29046614E-03
 2.35088550E-03
 1.78713195E-03
 4.19575746E-02
 5.78574793E-02
 5.16905122E-04
 3.76432880E-02
 9.72423168E-03
 1.92930203E-02
 1.64956063E-02
 3.23367374E-02
 1.49932683E-02
 4.02523047E-03
 8.97133565E-02
 1.17713367E-02
 8.89405254E-03
 2.26110846E-03
 1.04115866E-03
 1.07443307E-02
 2.96246489E-04
 1.36770728E-03
 4.04411908E-05
 5.43811148E-03
 7.02278917E-03
 1.14125889E-01
 3.81818660E-02
 2.25008933E-03
 5.10802021E-04
 1.02839221E-03
 4.36502590E-04
 8.67086400E-04
 1.38655129E-03
 1.01473302E-03
 3.38447481E-02
 1.45729114E-02
 3.61616298E-03
 3.00451636E-03
 4.48740190E-04
 7.35858623E-04
 2.06106332E-02
 5.68709336E-04
 3.36607947E-02
 2.32284901E-02
 1.32682047E-02
 1.90379409E-02
 2.46098149E-03
 4.20394975E-03
 2.72130379E-02
 1.08926316E-02
 7.67787732E-03
 8.58331702E-03
 2.08852148E-04
 2.01164520E-02
 4.86453349E-04
 2.91429818E-02
 9.85469239E-03
 2.57833969E-02
 1.11797842E-03
 3.03130235E-02
 2.19421383E-02
 2.41126462E-02
 1.07525723E-02
 1.87438703E-03
 6.31957892E-04
 1.00000000E+00
 1.00000000E+00
 1.00000000E+00
 1.00000000E+00
 1.00000000E+00
 1.00000000E+00
 1.00000000E+00
 1.00000000E+00
 1.00000000E+00
 1.00000000E+00
 1.00000000E+00
 1.00000000E+00
 1.66284902E-04
 4.37657162E-04
 4.46204241E-04
 3.72686771E-04
 2.56513703E-04
 1.46473164E-04
 6.59504131E-04
 2.50088861E-04
 3.51192649E-04
 2.74967918E-03
 4.97756696E-04
 6.07338806E-04
 1.04653107E-03
 4.68367068E+00
 4.64233672E+00
 3.93776727E+00
 4.07138831E+00
 1.56835398E+00
 1.35452519E+00
 9.95550109E-02
 9.48658750E-02
 8.94788403E-02
 1.46732346E-01
 1.22170279E-01
 1.20947193E-01
 1.19558484E-01
 7.22052533E-02
 1.00328981E-01
 2.55921918E-01
 6.42587243E-02
 6.50175484E-04
 1.03442614E-03
 1.50033093E-03
 1.41220077E-01
 6.22546359E-02
 6.74488346E-03
 1.45228988E-03
 1.30771776E-02
 8.54388237E-03
 7.69740602E-04
 8.87719880E-04
 1.24008173E-03
 1.05229745E-01
 1.03117920E-03
 1.55539665E-03
 2.48220438E-03
 7.24313536E-02
 8.96838665E-02
 6.66019164E-02
 1.22859219E-02
 2.78761606E-03
 2.55157204E-02
 1.69320740E-03
 2.40444194E-03
 4.56220768E-03
 3.25994063E-03
 1.76743157E-01
 1.51080856E-01
 7.76588277E-02
 1.53565250E-02
 1.33872523E-03
 1.01168619E-03
 1.29214951E-03
 1.05233616E-01
 9.84455142E-04
 1.68926717E-03
 2.68751961E-03
 4.07935789E-03
 8.04473212E-02
 3.67372596E-02
 3.85840377E-02
 4.51581333E-03
 2.26386842E-03
 2.48207340E-03
 4.20453166E-03
 1.00789159E-02
 4.72682490E-03
 2.64214386E-02
 5.84748889E-02
 5.41860028E-04
 9.76110292E-04
 1.58958226E-03
 2.54738551E-03
 2.99527862E-03
 3.39882034E-02
 4.01466247E-02
 6.20045054E-03
 5.23596945E-03
 1.14276840E-01
 1.05837719E-01
 2.09265324E-03
 3.88788601E-03
 7.11081528E-02
 4.22220246E-02
 4.79843976E-02
 6.12610598E-03
 3.04112773E-03
 8.59088889E-04
 8.51444279E-03
 1.76467260E-03
 4.55394437E-04
 8.92115268E-02
 3.42393525E-03
 1.25379395E-01
 1.14846677E-01
 6.78522251E-04
 8.87517507E-03
 8.05183938E-03
 7.16974672E-03
 6.27120605E-03
 6.50288054E-02
 1.24128977E-01
 9.09469170E-02
 9.81240994E-03
 9.58674358E-03
 4.68221299E-03
 4.13362757E-03
 1.09111324E-01
 5.53262553E-03
 3.99403476E-03
 7.65257177E-03
 7.41871856E-03
 1.86778782E-03
 3.02792821E-03
 5.33468543E-02
 1.02314967E-02
 6.03304981E-03
 1.95919747E-03
 8.95248030E-03
 1.28420247E-03
 4.53379495E-04
 2.67539982E-04
 6.16708464E-04
 1.52205349E-04
 6.60651799E-04
 1.34680788E-03
 2.15949220E-02
 1.66569008E-03
 3.20972825E-02
 6.40339359E-03
 2.21211743E-03
 1.92725996E-03
 2.34861984E-03
 6.34227109E-06
 3.17311522E-04
 7.63087723E-04
 1.43954347E-03
 1.22835267E-03
 5.37038968E-02
 1.51999690E-02
 3.22643290E-03
 2.56514575E-03
 4.47856068E-02
 1.13043050E-01
 7.37578531E-04
 1.72676702E-03
 5.12862197E-02
 2.13274681E-02
 2.11055608E-02
 6.36359467E-04
 9.76600124E-03
 1.08946712E-03
 5.34509785E-03
 1.03326715E-03
 2.81233308E-04
 4.02901219E-03
 1.64198852E-03
 1.26011680E-03
 1.42173172E-03
 2.06927852E-03
 1.09161525E-01
 1.01878292E-03
 1.53057060E-03
 6.38443320E-02
 4.09742812E-02
 1.89830617E-02
 6.80935558E-02
 3.74340973E-02
 9.47916411E-03
 1.23495717E-02
 4.11365102E-03
 2.96082357E-03
 5.63555874E-03
 1.72807796E-03
 6.96029851E-03
 5.68018962E-02
 3.46093617E-04
 7.34829846E-04
 3.93926039E-02
 3.02432638E-02
 5.29394469E-02
 1.14748495E-02
 1.86942557E-03
 9.68441489E-04
 2.17873552E-03
 4.37074038E-02
 7.02838364E-02
 6.63195327E-04
 2.45237572E-02
 6.54919893E-03
 1.03219593E-02
 2.01069588E-03
 2.86680645E-02
 5.22224523E-02
 8.02010424E-03
 1.04421426E-01
 1.16756568E-02
 3.62616837E-03
 3.84802284E-03
 7.69554850E-03
 2.82076983E-02
 5.23681871E-03
 1.38468895E-02
 1.03620227E-04
 5.44485464E-03
 8.29689428E-03
 1.15274827E-01
 6.93690067E-03
 5.26218704E-04
 8.07928438E-04
 1.29160669E-03
 6.99919939E-04
 1.23405903E-03
 1.87859762E-03
 1.29036421E-03
 5.61921492E-02
 1.91794980E-02
 1.52258466E-02
 7.24296182E-04
 3.56668143E-04
 9.24240603E-04
 2.60526515E-02
 7.65078056E-04
 3.09877932E-02
 8.54023593E-03
 1.58460016E-02
 5.30316178E-03
 6.00963246E-04
 5.35202083E-03
 9.43114398E-03
 8.21461455E-03
 2.05770670E-03
 2.50143780E-03
 3.15360951E-04
 2.03250344E-02
 2.59011309E-03
 2.86857194E-02
 2.17792269E-03
 6.29184652E-03
 9.46831637E-04
 5.74643970E-02
 2.48407793E-02
 2.87115790E-02
 5.49029937E-03
 8.46115244E-04
 1.33968479E-02
 1.00000000E+00
 1.00000000E+00
 1.00000000E+00
 1.00000000E+00
 1.00000000E+00
 1.00000000E+00
 1.00000000E+00
 1.00000000E+00
 1.00000000E+00
 1.00000000E+00
 1.00000000E+00
 1.00000000E+00
 1.64635565E-04
 1.99051876E-04
 4.45904258E-04
 2.94488374E-04
 2.81422775E-04
 3.11869166E-04
 3.15341879E-04
 2.98269314E-04
 1.19440541E-03
 1.27953629E-03
 3.30045933E-04
 1.35069855E-03
 7.84395985E-04
 1.69649248E+00
 4.53749211E-04
 4.42103322E-04
 4.60221353E-04
 6.24051850E-04
 9.86811177E-02
 4.54063776E+00
 4.49755295E+00
 4.08724310E+00
 1.88204598E+00
 1.41337658E-01
 1.31999159E-01
 1.72047930E-01
 1.15060898E-01
 1.12575974E-01
 2.50704803E-01
 7.88059977E-02
 8.30112901E-04
 1.27495508E-03
 1.76307147E-03
 6.60750882E-02
 5.35797956E-02
 7.61695672E-03
 1.91412114E-02
 1.21477295E-02
 6.65021596E-03
 9.62574727E-04
 1.11938593E-03
 1.51955685E-03
 1.06482299E-01
 1.09580759E-03
 1.87705160E-03
 2.88693124E-03
 5.02034168E-02
 1.03808067E-01
 4.33439191E-02
 8.94457656E-03
 1.98966635E-03
 2.89247680E-02
 1.96656851E-03
 2.79237353E-03
 2.72863493E-03
 3.90987802E-02
 6.55076351E-02
 7.25932512E-02
 1.70049530E-02
 6.88296688E-03
 1.33951148E-03
 8.96859692E-04
 1.43908445E-03
 1.06949005E-01
 1.26643597E-03
 2.02170771E-03
 3.23336326E-03
 7.49181679E-02
 1.43772289E-01
 8.24759797E-02
 1.75494023E-02
 2.68320943E-03
 1.14916657E-02
 2.96886718E-03
 4.86335506E-03
 7.61131026E-03
 5.64000962E-03
 5.16457256E-03
 5.32345077E-02
 7.29270875E-04
 1.14935473E-03
 1.94921931E-03
 3.00049770E-03
 3.51699616E-03
 9.04655875E-02
 2.41165104E-02
 3.06129846E-03
 6.18599443E-03
 1.52942891E-01
 2.12512757E-01
 2.39098376E-03
 4.58662320E-03
 8.06407545E-02
 7.69609298E-02
 5.91498288E-02
 3.05743101E-02
 3.25750717E-03
 1.11005582E-03
 1.85599414E-02
 1.33368966E-02
 3.64433569E-04
 2.40929550E-02
 1.81061089E-02
 1.07114307E-01
 1.16764595E-01
 5.00484924E-04
 6.24551557E-02
 6.11318640E-02
 5.95260223E-02
 5.75649588E-02
 1.16378466E-01
 1.76917302E-01
 9.97930982E-02
 1.31950401E-02
 1.20855102E-02
 1.54861139E-03
 3.71224731E-03
 1.10685986E-01
 6.41261415E-03
 5.11174366E-03
 3.57626140E-03
 3.84836465E-03
 4.99210667E-03
 4.58955384E-02
 8.96976662E-03
 1.03478964E-02
 6.33111424E-03
 1.99982327E-03
 7.25050150E-03
 3.06222177E-04
 1.97401016E-04
 3.73034201E-04
 8.04621234E-04
 2.80819737E-04
 8.41136102E-04
 1.67390531E-03
 7.18573338E-02
 5.56312786E-02
 1.58138770E-02
 1.91555353E-03
 1.26996647E-03
 2.28364786E-03
 2.74829114E-03
 1.49423438E-04
 4.47831084E-04
 1.08208739E-03
 1.74441566E-03
 1.51933870E-03
 5.34847845E-02
 7.80516813E-03
 2.26858515E-03
 3.07073911E-03
 4.68668797E-02
 1.00667998E-01
 9.29782735E-04
 3.67881475E-02
 1.91843897E-02
 3.47041575E-02
 2.62997887E-02
 6.83276480E-03
 1.22829413E-02
 2.26563511E-03
 1.00669569E-02
 3.93465313E-02
 4.48547728E-05
 3.98873635E-03
 4.96307927E-03
 1.28691188E-03
 1.69633532E-03
 1.89252980E-02
 6.29507107E-02
 1.15997559E-03
 1.84312055E-03
 8.11484708E-02
 3.91418012E-02
 1.55869598E-02
 4.16958021E-02
 1.67485733E-02
 4.39770348E-03
 2.40535842E-03
 4.60094855E-03
 3.29486533E-03
 6.18217486E-05
 1.92979180E-03
 7.04093447E-03
 1.61764324E-01
 2.83353514E-04
 8.24466424E-04
 6.66321632E-02
 2.52351868E-02
 3.23248875E-02
 8.99248918E-03
 1.89455326E-03
 1.05507888E-03
 2.61649700E-03
 4.58838377E-02
 8.07889477E-02
 3.81970869E-02
 1.17906389E-02
 1.49259973E-03
 2.63048319E-03
 1.08155249E-03
 3.47731068E-02
 8.97628474E-02
 1.41126627E-02
 1.00700367E-01
 1.80722393E-02
 4.59373140E-03
 5.19709165E-03
 7.87249034E-03
 1.52126029E-02
 1.89037932E-03
 1.02067168E-02
 1.25231279E-04
 9.69957151E-03
 5.58986016E-03
 1.17092026E-01
 2.59004211E-03
 6.98807866E-04
 8.50945915E-04
 1.48480932E-03
 7.55134244E-04
 1.24537764E-03
 4.11403838E-02
 3.43036999E-02
 3.40954851E-02
 2.85530753E-03
 1.03771265E-02
 3.20632393E-05
 4.64675295E-04
 1.13353442E-03
 1.27588408E-02
 9.70944117E-04
 3.91210734E-02
 3.24769809E-02
 2.04848150E-02
 1.93667212E-03
 2.05643416E-02
 7.20331608E-03
 1.05726072E-02
 3.10175191E-03
 6.39756872E-03
 6.02144817E-03
 3.44240283E-04
 2.07297148E-02
 3.74453084E-02
 5.77167093E-03
 7.34357871E-04
 7.26237592E-04
 1.13027941E-03
 3.64360348E-02
 1.50839636E-02
 4.22235709E-03
 4.21658091E-04
 9.23562343E-05
 6.00341032E-03
 1.00000000E+00
 1.00000000E+00
 1.00000000E+00
 1.00000000E+00
 1.00000000E+00
 1.00000000E+00
 1.00000000E+00
 1.00000000E+00
 1.00000000E+00
 1.00000000E+00
 1.00000000E+00
 1.00000000E+00
 3.46828674E-04
 4.22795690E-04
 2.01981966E-04
 2.43360224E-04
 2.50798960E-04
 2.79917484E-04
 3.13091954E-04
 2.69683239E-04
 8.88710609E-04
 7.04415264E-04
 3.58195180E-04
 1.36991908E-04
 7.77915108E-04
 3.38666441E-04
 1.46925094E-03
 5.03939875E-04
 1.37824056E-04
 1.07091099E-03
 9.81362218E-02
 1.75353770E+00
 6.71658230E-04
 4.29431120E-04
 7.64974866E-04
 4.58944414E+00
 4.52360822E+00
 3.08714745E+00
 1.11881344E-01
 1.34079503E-01
 3.75598368E+00
 1.49858061E-01
 1.01923097E-03
 1.48032863E-03
 1.12017657E-01
 7.31632241E-02
 3.91697488E-02
 8.20302460E-03
 2.87701491E-02
 1.21055431E-02
 4.59320674E-03
 1.16536551E-03
 1.38610681E-03
 1.81879047E-03
 1.07103590E-01
 1.36647737E-03
 2.21983987E-03
 6.03779456E-02
 3.21124468E-02
 7.43600809E-03
 2.12304525E-02
 7.14371408E-03
 2.33694520E-03
 4.90789766E-02
 2.36100142E-03
 3.24612365E-03
 2.11038924E-03
 5.72174516E-02
 1.24698261E-01
 1.16831906E-02
 1.73738795E-02
 1.09474080E-03
 8.87242256E-04
 1.48612348E-03
 1.54459380E-03
 1.09098045E-01
 1.45584569E-03
 2.38453781E-03
 3.67544990E-03
 8.14606972E-02
 1.41411481E-02
 5.54300696E-02
 5.55361406E-03
 2.77046620E-03
 7.52134004E-04
 3.53720469E-03
 5.61319992E-03
 1.84383815E-03
 1.09068045E-01
 1.73996433E-01
 6.13685618E-02
 9.92663608E-04
 1.48183679E-03
 2.29888031E-03
 3.53761561E-03
 4.10532698E-03
 5.25949223E-02
 1.46094780E-02
 3.44059097E-03
 7.23750246E-03
 5.44262006E-03
 4.03076145E-01
 2.81579664E-03
 5.62544937E-02
 4.41531362E-02
 6.97223539E-02
 3.63583733E-02
 6.22641591E-02
 8.86084727E-05
 4.27593006E-04
 6.55900987E-02
 6.24399201E-03
 5.62363342E-04
 1.95883587E-02
 3.49287477E-02
 1.01636500E-01
 2.02703074E-01
 5.99462249E-04
 5.95535486E-02
 5.80246875E-02
 5.60754126E-02
 5.37338867E-02
 1.12484109E-01
 1.72544160E-01
 1.27152007E-01
 5.03319239E-02
 5.16998571E-02
 5.54059851E-02
 6.33662335E-02
 1.59438637E-01
 7.15096189E-03
 6.72123827E-03
 4.78239209E-03
 3.74304715E-03
 5.96428260E-03
 6.08696122E-02
 1.10690500E-03
 8.53162810E-03
 1.72477855E-03
 2.32232802E-03
 4.03080450E-03
 4.47690299E-04
 1.65306419E-04
 5.31410022E-04
 8.80356225E-04
 4.95567579E-04
 1.08918934E-03
 1.94112367E-03
 5.45443451E-02
 6.06682660E-02
 1.23647400E-02
 2.30571876E-03
 1.48913963E-03
 2.67353244E-03
 3.17898120E-03
 2.00785079E-04
 6.47170710E-04
 1.19163575E-03
 4.26706364E-02
 5.36082779E-02
 1.69485877E-02
 2.89006007E-03
 1.55017780E-03
 3.65374653E-03
 5.00793082E-02
 1.04879438E-01
 1.14743425E-03
 5.23883621E-02
 1.23721821E-02
 3.36740055E-03
 4.36108793E-02
 9.48113198E-03
 4.97081130E-03
 5.52967266E-03
 1.27192738E-02
 1.45889228E-02
 5.21980224E-05
 3.96399401E-03
 4.87282403E-03
 1.64685452E-03
 2.00274271E-03
 6.29492483E-02
 6.05180567E-02
 1.41230658E-03
 6.14533198E-02
 4.45847900E-02
 4.29382465E-02
 1.61787711E-02
 4.22742221E-02
 1.31389615E-02
 4.76781265E-03
 2.57636434E-03
 2.87732354E-03
 2.69896639E-03
 2.34769648E-04
 2.34986751E-03
 1.04005259E-02
 1.62389183E-01
 5.26519871E-04
 4.79344084E-02
 3.14401287E-02
 8.42998177E-03
 1.18899691E-02
 2.18427570E-03
 1.43989515E-03
 1.32481801E-03
 3.05636810E-03
 6.37706974E-02
 3.90537511E-02
 2.55349457E-02
 7.24803720E-03
 1.02763869E-03
 6.63038012E-03
 1.15897044E-03
 3.49116528E-02
 1.08714047E-01
 2.03915365E-02
 1.49155629E-01
 2.06261773E-02
 5.46700712E-03
 6.28766035E-03
 1.02714421E-02
 5.59559860E-03
 1.41506448E-03
 1.08467186E-02
 2.99108953E-05
 9.75221117E-03
 4.51222367E-04
 1.19043570E-01
 6.16228396E-04
 7.40158666E-04
 1.16773229E-03
 1.79237685E-03
 9.96536251E-04
 1.64295077E-03
 6.44292055E-02
 5.22291701E-02
 1.73918269E-02
 1.55338168E-04
 2.36440101E-03
 4.47655026E-04
 5.35301377E-04
 1.45167577E-03
 5.88480228E-03
 7.87421540E-03
 2.81769881E-02
 3.15978192E-02
 4.79936748E-02
 1.40578435E-02
 2.35968920E-02
 2.91432502E-02
 1.03910235E-02
 7.87037898E-04
 1.82186543E-02
 1.92004604E-02
 5.82367086E-04
 1.65929251E-02
 3.13405435E-02
 1.04282524E-03
 9.45804300E-04
 6.02463619E-04
 1.42533674E-03
 3.59608398E-02
 9.02005833E-03
 1.67253514E-02
 1.86844147E-03
 9.50326250E-03
 5.95547355E-03
 1.00000000E+00
 1.00000000E+00
 1.00000000E+00
 1.00000000E+00
 1.00000000E+00
 1.00000000E+00
 1.00000000E+00
 1.00000000E+00
 1.00000000E+00
 1.00000000E+00
 1.00000000E+00
 1.00000000E+00
 1.61377142E-04
 1.79435272E-04
 1.99857544E-04
 2.73754106E-04
 2.47990587E-04
 3.93672163E-04
 3.11021750E-04
 2.46799605E-04
 1.31016237E-03
 3.09411731E-04
 2.26762805E-04
 3.98825090E-04
 8.15932433E-04
 1.57325877E-03
 7.80675129E-05
 2.90233218E-03
 1.34856555E-03
 1.50470991E-03
 9.80833877E-02
 5.56150091E-04
 1.36784262E-03
 1.76102037E-03
 9.95570752E-04
 1.74645093E+00
 9.19662830E-04
 4.21361154E-04
 4.32841321E+00
 3.86850195E+00
 1.36786636E-01
 1.10012432E-01
 1.21488676E-03
 1.71780667E-03
 1.66801796E-01
 8.03361072E-02
 2.28789915E-02
 8.87539653E-03
 6.31112018E-03
 9.26337815E-03
 3.82113353E-03
 1.39038532E-03
 1.62258301E-03
 2.15226643E-03
 1.07774685E-01
 1.64858696E-03
 2.58855746E-03
 8.04874725E-02
 2.17178065E-02
 1.61551550E-02
 1.29736671E-02
 3.91941777E-03
 2.63424002E-03
 4.87435019E-02
 2.80762731E-03
 3.91628659E-03
 4.48589794E-03
 1.58916216E-02
 1.39833535E-01
 9.22591814E-03
 4.29315587E-03
 1.38593096E-03
 1.04109521E-03
 1.47311054E-03
 2.00884222E-03
 1.10520513E-01
 1.78634489E-03
 2.79072665E-03
 6.95216152E-02
 5.59904330E-02
 2.04676970E-02
 2.39669159E-02
 3.25118364E-03
 3.16535859E-03
 5.06537442E-04
 4.16969123E-03
 6.48555819E-03
 9.21075287E-03
 3.23601100E-02
 1.13333836E-02
 1.39796225E-01
 1.03879142E-03
 1.76586499E-03
 2.72032659E-03
 4.33779548E-03
 8.14583576E-02
 2.72499577E-02
 4.27505003E-03
 4.25232357E-03
 8.21388535E-03
 7.86507200E-02
 1.35297730E-02
 3.28537149E-03
 7.91446435E-02
 2.11072061E-02
 2.10526637E-03
 3.74371291E-02
 8.24391860E-02
 6.25695219E-03
 1.42450389E-02
 5.27470916E-02
 7.51400058E-03
 4.50736401E-03
 1.00489778E-01
 2.91421428E-02
 9.94937349E-02
 2.25097991E-01
 7.00355838E-04
 5.35573964E-02
 5.37535811E-02
 5.19490242E-02
 4.93772176E-02
 4.59510105E-02
 1.64691059E-01
 1.54074430E-01
 5.00133061E-02
 5.16844126E-02
 4.88858298E-02
 5.22978439E-02
 1.53672961E-01
 1.74907538E-02
 3.15554082E-02
 3.17369070E-02
 6.17261467E-02
 4.69029444E-03
 6.03472362E-02
 3.04331881E-03
 1.82318219E-03
 6.53895834E-03
 1.51441018E-03
 6.01967141E-04
 4.37049010E-04
 2.90349567E-04
 7.07995096E-04
 1.37346282E-03
 6.73760059E-04
 1.43064449E-03
 5.96538207E-02
 2.74080731E-02
 1.64858352E-02
 3.87310992E-03
 1.85645092E-03
 1.76802591E-03
 3.12204958E-03
 5.42353826E-02
 3.00507985E-04
 8.03560135E-04
 1.45388975E-03
 7.60514835E-02
 5.78091231E-02
 1.33874621E-02
 2.76069991E-03
 1.91717338E-03
 4.30918730E-03
 5.25639404E-02
 1.66469465E-02
 1.06795332E-02
 3.02721333E-02
 5.86307018E-03
 2.38106849E-03
 5.23803198E-02
 2.36019318E-02
 5.91854304E-03
 6.88481102E-03
 1.08321329E-02
 1.27647148E-02
 2.32380240E-05
 3.80068414E-03
 4.71877214E-03
 5.82889491E-03
 2.65011578E-03
 9.57431684E-02
 6.05084698E-02
 1.71084398E-03
 8.23986023E-02
 4.29841984E-02
 2.52671650E-02
 1.76392710E-02
 3.46130863E-02
 5.97873969E-03
 5.20049267E-03
 2.19657659E-03
 3.21286614E-03
 3.13744459E-03
 4.67191325E-04
 1.00264466E-02
 9.24142221E-02
 2.45233356E-01
 5.63810310E-04
 7.01244337E-02
 2.96338126E-02
 8.19350761E-03
 1.12797266E-02
 1.65542201E-03
 1.77657051E-03
 1.53006816E-03
 3.58336462E-02
 2.55780513E-02
 2.07174076E-02
 1.11919374E-02
 1.12447825E-03
 1.12413425E-03
 1.04924328E-03
 1.47051614E-03
 2.61115048E-02
 1.69303576E-02
 2.65798529E-02
 1.49971440E-01
 1.19459615E-02
 2.37018168E-03
 7.95484536E-03
 1.02879219E-02
 1.40002153E-03
 1.33502082E-03
 1.67761841E-02
 2.24582495E-04
 8.76149434E-03
 2.42374596E-03
 1.21261738E-01
 5.75829467E-04
 9.24491172E-04
 1.44410299E-03
 3.25490911E-02
 1.19429686E-03
 4.17243043E-02
 3.61181992E-02
 3.49921954E-02
 1.21000551E-02
 4.07431662E-04
 1.81953000E-03
 3.24368565E-04
 8.05588838E-04
 2.75772813E-02
 2.88556335E-02
 3.05035599E-02
 1.24285320E-02
 1.89965095E-03
 5.60601533E-02
 2.40108687E-02
 2.59260046E-02
 2.64200408E-02
 2.50382080E-03
 1.89144888E-03
 1.56094046E-02
 1.97792285E-02
 1.37628819E-02
 2.13961199E-02
 5.35662338E-03
 6.54827138E-04
 1.15519158E-03
 7.83392425E-04
 2.05340563E-02
 3.82669697E-03
 2.42248558E-03
 2.31418220E-02
 3.40156452E-03
 2.23174576E-02
 1.06966518E-03
 1.00000000E+00
 1.00000000E+00
 1.00000000E+00
 1.00000000E+00
 1.00000000E+00
 1.00000000E+00
 1.00000000E+00
 1.00000000E+00
 1.00000000E+00
 1.00000000E+00
 1.00000000E+00
 1.00000000E+00
 7.36828531E-04
 2.41293846E-04
 1.83771923E-04
 2.92503659E-04
 3.29071615E-04
 7.20891696E-04
 7.58016368E-04
 2.46103891E-04
 2.75413007E-04
 3.26050579E-04
 6.31318708E-04
 3.72876153E-04
 5.55714876E-04
 3.68064685E-04
 4.14133007E-04
 4.78292751E-04
 2.94753765E-04
 6.51790747E-04
 9.80282490E-02
 5.87756135E-04
 6.56286075E-04
 7.21895158E-04
 9.56813816E-04
 1.03207693E-03
 1.43278914E-04
 1.24360400E-03
 1.41534963E-01
 2.94014478E-03
 1.35932644E-01
 4.21441501E+00
 1.40623409E-03
 2.33261775E-02
 7.71709769E-02
 5.49971972E-02
 2.43686707E-02
 8.13574971E-03
 5.54973619E-03
 9.96299198E-03
 4.16852428E-03
 1.62740337E-03
 1.83707488E-03
 2.52297293E-03
 1.08422479E-01
 1.98428781E-03
 8.71929502E-03
 5.86316542E-02
 1.42293450E-02
 7.78326101E-03
 9.02050396E-03
 2.31927786E-03
 3.02650617E-03
 4.69490000E-02
 3.31918949E-03
 4.03692960E-02
 1.44860165E-01
 1.11666960E-02
 1.46183066E-01
 7.92335405E-03
 1.14683462E-03
 7.81639110E-04
 1.05357257E-03
 1.61548010E-03
 2.38222912E-03
 1.12200698E-01
 2.10096658E-03
 3.24119253E-03
 1.06906330E-01
 2.43144375E-02
 2.03325160E-03
 1.88767414E-02
 2.48530018E-03
 3.62604749E-03
 3.34969471E-04
 4.90029449E-03
 6.37752546E-02
 5.02561812E-02
 6.98163434E-03
 6.08632924E-03
 1.60006636E-03
 1.45378051E-03
 2.15610086E-03
 3.19470685E-03
 6.71448799E-02
 1.01829418E-01
 1.97753838E-02
 3.73939778E-03
 4.98822310E-03
 9.70350623E-03
 1.13994230E-01
 3.06091765E-02
 3.83121365E-03
 9.97623386E-02
 2.13780809E-02
 1.15657503E-02
 3.58026231E-02
 1.08922378E-01
 1.40314768E-02
 2.09722173E-02
 4.96778276E-02
 8.54872047E-03
 1.42622195E-02
 9.52160767E-02
 1.48282763E-02
 9.60803484E-02
 2.34641838E-01
 7.86344900E-04
 2.34775682E-02
 4.44752628E-02
 4.17818782E-02
 3.86702772E-02
 3.51174579E-02
 7.59018109E-02
 1.49945282E-01
 1.60312316E-01
 5.25031890E-02
 5.07647160E-02
 4.77375901E-02
 1.44255621E-01
 6.02633300E-02
 6.32955622E-02
 6.14200563E-02
 5.89411941E-02
 6.02797156E-03
 6.34518507E-02
 2.47346197E-02
 2.15332091E-03
 7.11864471E-03
 5.26346917E-03
 3.84545903E-04
 8.27968599E-05
 4.27958738E-04
 9.09134605E-04
 1.56505624E-03
 9.31347821E-04
 1.62744313E-03
 8.32678462E-02
 1.04333721E-02
 1.38247088E-02
 1.94746260E-03
 1.93653120E-03
 2.26854053E-03
 3.67705073E-03
 2.21462953E-02
 4.36365363E-04
 9.53651171E-04
 5.11451558E-02
 4.38423695E-02
 1.84900554E-02
 2.53401154E-03
 2.09711642E-03
 2.35073914E-03
 3.36099640E-03
 9.60635147E-02
 6.67098798E-03
 5.30008054E-02
 1.46603791E-02
 2.25979645E-03
 2.66257311E-03
 6.02418768E-02
 3.57037428E-02
 1.79161339E-02
 2.84487473E-02
 6.63645950E-03
 1.63782530E-03
 4.33262473E-04
 3.54135316E-03
 4.44166107E-03
 5.53282074E-03
 4.75786625E-03
 1.04116234E-01
 6.53819323E-02
 1.97756245E-03
 9.06028857E-02
 4.60299653E-02
 2.45952382E-02
 2.09597833E-02
 1.66228514E-02
 3.94361085E-03
 5.47151101E-03
 1.99502589E-03
 3.47319261E-03
 2.98367104E-03
 5.48306552E-02
 6.08242312E-02
 4.96586460E-02
 1.28259062E-01
 5.72567788E-02
 3.35652541E-02
 8.81343499E-03
 1.36237772E-03
 2.22838968E-03
 1.01089621E-03
 2.10118700E-03
 1.98605954E-03
 5.08273714E-02
 2.19406778E-02
 1.67578226E-02
 8.56994495E-03
 5.83999468E-04
 1.50950615E-03
 6.99395724E-04
 1.79963321E-03
 3.78960719E-02
 2.73506877E-02
 7.26668146E-02
 1.85303954E-02
 6.54255189E-04
 2.87533359E-02
 4.16269799E-02
 8.04641468E-03
 7.16358916E-04
 1.82602223E-03
 1.24750345E-03
 3.38051443E-04
 2.46761868E-03
 8.07876935E-03
 1.21541985E-01
 8.57745359E-04
 1.12149050E-03
 1.71230514E-03
 6.32127779E-02
 1.45411707E-03
 6.16973440E-02
 3.73687925E-02
 3.64362842E-02
 4.37547076E-03
 5.49147783E-04
 2.01225730E-03
 4.34629774E-04
 8.76118063E-04
 4.82438403E-02
 2.27814801E-02
 2.79640401E-02
 6.66117768E-03
 4.32208772E-03
 3.14671881E-02
 2.26271116E-02
 2.52185455E-02
 6.52848537E-03
 1.23806791E-03
 2.80161165E-03
 6.73667253E-03
 2.06116050E-02
 1.34835433E-02
 2.22526795E-02
 7.14725731E-04
 6.57586311E-04
 1.46341487E-03
 9.66964784E-04
 3.17616556E-02
 1.30862914E-02
 6.23473917E-04
 2.41443281E-02
 1.16552679E-02
 3.62471898E-02
 9.36140639E-04
 1.00000000E+00
 1.00000000E+00
 1.00000000E+00
 1.00000000E+00
 1.00000000E+00
 1.00000000E+00
 1.00000000E+00
 1.00000000E+00
 1.00000000E+00
 1.00000000E+00
 1.00000000E+00
 1.00000000E+00
 3.91271746E-05
 5.86048379E-03
 2.08092398E-03
 4.59623807E-05
 2.42469323E-04
 2.84173834E-04
 3.03461196E-04
 2.51582343E-04
 2.05419292E-04
 2.50030520E-04
 1.36138374E-04
 3.88794122E-04
 7.45526650E-04
 4.61374568E-04
 4.06824953E-04
 5.51897418E-04
 4.63254129E-04
 6.33442317E-04
 9.79734709E-02
 5.48436849E-04
 6.52984837E-04
 7.66397119E-04
 9.13203512E-04
 1.34189031E-03
 1.77420571E-03
 1.31469878E-03
 1.18090706E-03
 6.37226693E-03
 1.35351007E-01
 2.94012375E-03
 1.61914505E-03
 1.48684658E-01
 8.35685455E-02
 5.07482474E-02
 2.50478917E-02
 8.38869736E-03
 5.08360418E-03
 1.05426845E-02
 4.43391272E-03
 1.87185789E-03
 2.69163671E-03
 3.30549608E-03
 1.09020810E-01
 2.28800126E-03
 6.78495272E-02
 3.21867621E-02
 1.54434876E-02
 1.25460150E-02
 8.79936854E-03
 2.60900769E-03
 3.41530396E-03
 1.14438932E-02
 4.25377291E-03
 5.28041162E-02
 9.87352488E-02
 4.25393732E-03
 1.56519172E-01
 8.77435726E-03
 1.40534081E-03
 7.96741418E-04
 1.28066208E-03
 1.77053610E-03
 2.77938073E-03
 1.14468009E-01
 2.46124109E-03
 3.69773454E-03
 8.26550414E-02
 1.57411763E-02
 3.70098410E-02
 3.92417536E-03
 2.59371881E-03
 4.44683583E-03
 1.95647479E-04
 5.69176680E-03
 8.99860252E-02
 3.76921245E-02
 4.12622734E-03
 6.09511061E-03
 1.68061859E-01
 1.58248120E-03
 2.47004319E-03
 3.72542337E-03
 1.18433745E-01
 5.19051309E-02
 6.34797111E-03
 3.86710514E-03
 5.83749340E-03
 6.72092311E-02
 1.93983349E-02
 7.77621563E-02
 7.13416490E-02
 2.31140260E-02
 5.71400823E-03
 7.89061587E-03
 1.00070404E-02
 1.15678218E-01
 5.38696453E-02
 1.73129415E-02
 1.10073823E-02
 1.12353466E-02
 9.32422306E-03
 9.04648695E-02
 3.83235064E-03
 9.18202523E-02
 1.70114612E-01
 1.00726507E-03
 3.46022513E-02
 3.29349639E-02
 5.11703315E-02
 5.27495939E-02
 9.80677889E-02
 1.38253316E-01
 1.34308453E-01
 1.51819395E-01
 5.42868626E-02
 5.28108970E-02
 5.10054148E-02
 1.46704847E-01
 5.86774830E-02
 5.66091567E-02
 5.39593541E-02
 5.51901350E-02
 1.05217731E-01
 1.16019824E-01
 5.85427425E-02
 1.24294552E-03
 5.61604188E-03
 5.18806763E-03
 5.23876687E-04
 2.04942023E-04
 5.91834524E-04
 1.15119740E-03
 1.78892907E-03
 1.10729061E-03
 6.26665535E-02
 6.10510216E-02
 1.18591906E-02
 9.64196529E-03
 2.29611660E-03
 2.27506304E-03
 2.70435042E-03
 4.43596516E-02
 1.09271042E-02
 5.72893532E-04
 1.16594911E-03
 7.94797329E-02
 1.82751284E-02
 1.62804068E-02
 2.33929754E-03
 2.22700109E-03
 2.86695824E-03
 4.71569592E-02
 2.73987424E-02
 7.46052291E-03
 3.23836087E-02
 1.11876450E-02
 2.33161744E-03
 2.52692222E-03
 6.16265885E-02
 3.32032797E-02
 1.90800551E-02
 8.06115256E-04
 6.87317479E-03
 1.04703149E-03
 2.63302379E-04
 3.08566046E-03
 3.99619728E-03
 5.07383683E-03
 5.77956396E-02
 1.14042807E-01
 6.09711928E-02
 7.47837459E-02
 1.13765294E-01
 4.87151704E-02
 1.53496798E-02
 2.48309424E-02
 1.55993204E-02
 4.19559919E-03
 5.72961984E-03
 2.12511877E-03
 3.94443237E-03
 4.05336512E-03
 8.61898778E-02
 4.10209936E-02
 5.44234378E-02
 1.55090069E-01
 7.29010203E-02
 3.53579640E-02
 9.52469243E-03
 1.63917747E-03
 1.73283939E-03
 1.26854301E-03
 2.63448223E-03
 2.64096854E-03
 4.67154502E-02
 2.83823291E-02
 5.58937884E-03
 8.21482571E-04
 6.32366468E-04
 1.52778750E-03
 1.49475015E-02
 2.20429762E-03
 3.48644455E-02
 3.27701078E-02
 9.47317507E-02
 8.59909032E-02
 5.76423017E-03
 3.25191500E-02
 1.01777087E-02
 1.77679802E-02
 1.26686872E-03
 3.35186116E-02
 5.20808465E-03
 1.65860504E-03
 9.66537499E-04
 1.53185293E-02
 1.22952946E-01
 1.12531371E-03
 1.35989424E-03
 1.88411014E-03
 3.67502853E-02
 4.48726849E-02
 3.68100173E-02
 2.00759726E-02
 1.51277220E-02
 3.29292970E-03
 3.40248726E-03
 2.67261697E-04
 2.02182214E-04
 2.92372505E-02
 3.02082948E-02
 2.09480863E-02
 1.11273863E-02
 3.44443185E-03
 6.30038796E-03
 3.92621580E-02
 4.21794000E-02
 2.90478288E-02
 1.01133042E-02
 4.46801923E-03
 5.93198328E-03
 3.68821453E-03
 2.17083437E-02
 8.23238204E-03
 2.18391627E-02
 4.87610575E-04
 1.01817281E-03
 2.47829472E-02
 3.70277935E-03
 3.15253750E-02
 2.85100257E-03
 7.27955291E-04
 2.21110079E-02
 6.14747965E-03
 4.00988722E-03
 1.37647150E-04
 1.00000000E+00
 1.00000000E+00
 1.00000000E+00
 1.00000000E+00
 1.00000000E+00
 1.00000000E+00
 1.00000000E+00
 1.00000000E+00
 1.00000000E+00
 1.00000000E+00
 1.00000000E+00
 1.00000000E+00
