 3.88260560E-03
 3.97055710E-03
 4.12927099E-03
 4.26162921E-03
 4.42015589E-03
 4.59713666E-03
 4.78885374E-03
 3.03372644E-03
 3.12722675E-03
 3.26692109E-03
 3.43959421E-03
 3.62117565E-03
 3.84516655E-03
 2.52371613E-03
 2.61678362E-03
 2.74880602E-03
 2.86308494E-03
 3.00077288E-03
 1.63622804E-01
 2.03415765E-03
 2.16446982E-03
 2.30642548E-03
 2.46339627E-03
 1.45894497E-03
 1.63803032E-03
 1.81216486E-03
 1.11325972E-03
 1.18746014E-03
 9.78023012E-02
 1.55651266E-03
 4.82480100E-04
 4.79462002E-04
 4.88788105E-04
 5.13386748E-04
 5.29224618E-04
 5.54277671E-04
 6.52830099E-03
 6.13487771E-04
 6.32192083E-04
 6.61354338E-04
 7.00827611E-04
 7.27397746E-04
 1.66532880E-01
 8.41179507E-04
 8.79883070E-04
 9.39150801E-04
 9.98025362E-04
 5.88380285E-03
 1.21306588E-03
 1.28807950E-03
 1.39675504E-03
 3.34631358E-02
 1.84903331E-03
 2.08016824E-03
 9.18692388E-03
 3.40606143E-03
 1.20178627E-01
 7.18591650E-03
 8.07987967E-04
 8.35427516E-04
 8.94150607E-04
 9.36695442E-04
 9.78607949E-04
 1.67042618E-01
 1.16249243E-03
 1.22094579E-03
 1.32607150E-03
 1.42431294E-03
 7.40353449E-03
 1.74292289E-03
 1.93497446E-03
 2.13865311E-03
 1.84303468E-03
 2.97797969E-03
 3.45662134E-03
 1.88176488E-03
 6.32357173E-03
 1.05485485E-02
 1.84762807E-01
 1.33289309E-03
 1.44672943E-03
 1.56912370E-03
 1.69292928E-03
 2.15299586E-03
 2.41047433E-03
 2.73257191E-03
 3.91763382E-03
 4.75160407E-03
 2.95528398E-04
 9.48694269E-03
 2.31593990E-03
 2.62177996E-03
 2.99560717E-03
 3.00370597E-02
 4.45387325E-03
 5.56992669E-03
 7.72795975E-03
 1.18146263E-02
 7.12873121E-03
 4.48323360E-03
 5.68033949E-03
 2.27261286E-01
 1.26619297E-02
 2.81377434E-01
 4.09480527E-01
 1.18450687E-02
 3.84627100E-04
 3.93422737E-04
 4.43050368E-04
 4.69149265E-04
 4.79802811E-04
 4.92480844E-04
 6.08520579E-04
 5.85269605E-04
 5.95674241E-04
 6.35979420E-04
 6.69026810E-04
 1.66584971E-01
 7.41678462E-04
 8.19378305E-04
 8.53106232E-04
 9.14679813E-04
 1.14180997E-03
 1.21092565E-03
 1.27797141E-03
 1.73211895E-03
 1.92080687E-03
 3.10766047E-03
 8.35545374E-04
 8.75611688E-04
 9.09104927E-04
 9.63027832E-04
 1.01290367E-03
 1.18364957E-03
 1.26644431E-03
 1.35025911E-03
 1.45452225E-03
 1.78119578E-03
 1.95231801E-03
 2.16240418E-03
 3.02217216E-03
 3.47426160E-03
 6.30047232E-03
 1.45849987E-03
 1.56136276E-03
 1.69468705E-03
 1.83082340E-03
 2.30075635E-03
 2.57478521E-03
 2.90813133E-03
 4.13558988E-03
 4.99799485E-03
 6.03276672E-02
 9.85367780E-03
 2.59461153E-03
 2.93069590E-03
 3.33987006E-03
 4.92145824E-03
 6.10332149E-03
 1.27645526E-02
 5.15807771E-03
 6.51167856E-03
 7.56911647E-03
 1.42238439E-02
 1.40081785E-02
 7.50997665E-04
 7.82319151E-04
 8.23299374E-04
 8.74074436E-04
 9.21164197E-04
 1.67294362E-01
 1.06992097E-03
 1.14888007E-03
 1.25014465E-03
 1.33632231E-03
 7.16859690E-03
 1.64568280E-03
 1.80970441E-03
 1.99004209E-03
 1.78211884E-03
 2.78497743E-03
 3.17741951E-03
 1.88469926E-03
 5.74404987E-03
 1.01713279E-02
 1.72842030E-01
 1.44500209E-03
 1.55160499E-03
 1.68429832E-03
 1.81519972E-03
 2.26687474E-03
 2.54900768E-03
 2.86996639E-03
 4.08330231E-03
 4.90419128E-03
 5.76924996E-02
 9.61704195E-03
 2.70222812E-03
 3.03381500E-03
 3.44212331E-03
 2.21444706E-03
 5.04229958E-03
 6.24674245E-03
 7.35994635E-02
 1.29762247E-02
 9.34171157E-02
 9.18711087E-03
 5.50355945E-03
 6.92187894E-03
 3.60976245E-05
 1.49804453E-02
 2.39024107E-02
 2.34583478E-02
 1.53297136E-02
 9.32499582E-03
 1.91411492E-03
 4.39245479E-01
 1.30285018E-03
 1.41731681E-03
 1.52142614E-03
 1.64123843E-03
 2.09580355E-03
 2.31545187E-03
 2.60834676E-03
 3.75180188E-03
 4.46409398E-03
 4.53205912E-04
 8.78120821E-03
 2.61123855E-03
 2.91896084E-03
 3.31853326E-03
 4.13765996E-02
 4.85464735E-03
 6.00500800E-03
 1.33240957E-02
 1.24795091E-02
 1.76637508E-02
 5.51760451E-03
 6.91765448E-03
 1.30382191E-04
 1.49353033E-02
 2.44731455E-02
 2.22069536E-02
 1.57761539E-02
 2.16316681E-01
 2.34490469E-03
 2.60912610E-03
 2.95574325E-03
 4.38527556E-03
 5.37869148E-03
 1.12845063E-02
 5.18200574E-03
 6.49108068E-03
 7.76713742E-03
 1.40994625E-02
 1.53692535E-02
 1.00000000E+00
 1.00000000E+00
 1.00000000E+00
 1.00000000E+00
 1.00000000E+00
 1.00000000E+00
 1.00000000E+00
 1.00000000E+00
 1.00000000E+00
 1.00000000E+00
 1.00000000E+00
 1.00000000E+00
 4.75897204E-03
 4.90914050E-03
 5.05721364E-03
 4.78719236E-03
 4.22521627E-03
 3.58835677E-03
 2.86454037E-03
 3.99709917E-03
 4.11616625E-03
 4.28145680E-03
 4.48221134E-03
 4.70428488E-03
 4.95450244E-03
 3.13208636E-03
 3.25324585E-03
 3.43731938E-03
 3.67752708E-03
 3.95482984E-03
 1.62629831E-01
 2.64109040E-03
 2.79818871E-03
 2.97358794E-03
 3.15577430E-03
 2.15303242E-03
 2.34035563E-03
 2.57203615E-03
 1.63829535E-03
 1.88451093E-03
 9.58761445E-02
 1.48118573E-03
 4.04397606E-04
 4.97110023E-04
 4.95805117E-04
 5.06610405E-04
 5.28603799E-04
 5.39945453E-04
 6.52099064E-03
 6.02332594E-04
 6.19808304E-04
 6.57197335E-04
 6.82835460E-04
 7.12430650E-04
 1.66422221E-01
 8.43982053E-04
 8.74233010E-04
 9.18170477E-04
 9.60297387E-04
 5.84571392E-03
 1.18119159E-03
 1.26258268E-03
 1.33787120E-03
 3.32208615E-02
 1.81003188E-03
 1.98182025E-03
 9.19215920E-03
 3.19416651E-03
 1.17708278E-01
 7.06476480E-03
 7.73950140E-04
 8.31531834E-04
 8.86010102E-04
 9.24878143E-04
 9.66248312E-04
 1.66932652E-01
 1.13624003E-03
 1.20423420E-03
 1.30256602E-03
 1.38688597E-03
 7.38296465E-03
 1.72753401E-03
 1.89006691E-03
 2.07326936E-03
 1.83769248E-03
 2.92053350E-03
 3.32401394E-03
 1.91785354E-03
 6.02888382E-03
 1.04845623E-02
 1.77863774E-01
 1.34069361E-03
 1.44445394E-03
 1.55213310E-03
 1.67480175E-03
 2.12414215E-03
 2.37624368E-03
 2.67375142E-03
 3.84385028E-03
 4.62265463E-03
 3.47836688E-04
 9.13826573E-03
 2.30675815E-03
 2.60096627E-03
 2.95765900E-03
 2.99683260E-02
 4.40659343E-03
 5.48100346E-03
 7.73864859E-03
 1.15913225E-02
 7.06576140E-03
 4.44999125E-03
 5.62049357E-03
 2.26753741E-01
 1.25315229E-02
 2.80092134E-01
 4.06082676E-01
 1.17893839E-02
 4.34056608E-04
 4.07771609E-04
 4.51126034E-04
 4.70463262E-04
 4.89105974E-04
 5.12244359E-04
 5.17713238E-04
 5.48519136E-04
 5.83624805E-04
 6.16910875E-04
 6.45507846E-04
 1.66472169E-01
 7.48181258E-04
 7.79694387E-04
 8.32372387E-04
 8.81162169E-04
 1.06273395E-03
 1.15056322E-03
 1.23168258E-03
 1.64420675E-03
 1.80515717E-03
 2.88165350E-03
 7.94012193E-04
 8.69103796E-04
 9.02905227E-04
 9.54008469E-04
 9.95776065E-04
 1.13453810E-03
 1.23326295E-03
 1.31885289E-03
 1.42405989E-03
 1.77089058E-03
 1.91544899E-03
 2.09261206E-03
 2.91528730E-03
 3.33341597E-03
 5.96173600E-03
 1.42540277E-03
 1.54505879E-03
 1.67572481E-03
 1.80304429E-03
 2.28189529E-03
 2.54230035E-03
 2.84724162E-03
 4.06594155E-03
 4.86332831E-03
 5.97244250E-02
 9.50546578E-03
 2.58012988E-03
 2.90755945E-03
 3.29362442E-03
 4.86435411E-03
 6.00447633E-03
 1.24979453E-02
 5.13468957E-03
 6.44500875E-03
 7.57351311E-03
 1.40691638E-02
 1.39508866E-02
 7.51751920E-04
 7.54580359E-04
 8.03552907E-04
 8.58240757E-04
 8.99893603E-04
 1.67175003E-01
 1.04099498E-03
 1.11644381E-03
 1.21733006E-03
 1.29346417E-03
 7.14196397E-03
 1.63455238E-03
 1.75885827E-03
 1.91495851E-03
 1.77816346E-03
 2.71609935E-03
 3.04943653E-03
 1.91703852E-03
 5.43500344E-03
 1.00980894E-02
 1.65938159E-01
 1.44570463E-03
 1.54424615E-03
 1.65666656E-03
 1.78701981E-03
 2.25498403E-03
 2.50023104E-03
 2.80667278E-03
 4.00201262E-03
 4.76522386E-03
 5.69793972E-02
 9.25581839E-03
 2.69300535E-03
 3.00473459E-03
 3.40285371E-03
 2.21523534E-03
 5.00015270E-03
 6.13329691E-03
 7.31720113E-02
 1.26965781E-02
 9.17847242E-02
 8.34490263E-03
 5.49697182E-03
 6.85477058E-03
 4.27315066E-06
 1.48166720E-02
 2.36020770E-02
 2.28402453E-02
 1.52662112E-02
 9.28435619E-03
 1.70106813E-03
 4.37666784E-01
 1.27176442E-03
 1.39898862E-03
 1.49876935E-03
 1.61259777E-03
 2.05704125E-03
 2.27549238E-03
 2.54503603E-03
 3.69614165E-03
 4.31954875E-03
 5.08002290E-04
 8.43199058E-03
 2.58247944E-03
 2.90475475E-03
 3.27260935E-03
 4.12229602E-02
 4.82909606E-03
 5.90276538E-03
 1.32445212E-02
 1.21984476E-02
 1.72432451E-02
 5.49503225E-03
 6.84503768E-03
 1.68472800E-04
 1.47734327E-02
 2.41910902E-02
 2.15527067E-02
 1.57056880E-02
 2.16066514E-01
 2.30936037E-03
 2.58318493E-03
 2.90516562E-03
 4.32934837E-03
 5.27523643E-03
 1.09936860E-02
 5.17426011E-03
 6.42001784E-03
 7.77525491E-03
 1.39259648E-02
 1.52877492E-02
 1.00000000E+00
 1.00000000E+00
 1.00000000E+00
 1.00000000E+00
 1.00000000E+00
 1.00000000E+00
 1.00000000E+00
 1.00000000E+00
 1.00000000E+00
 1.00000000E+00
 1.00000000E+00
 1.00000000E+00
 1.58794713E-03
 1.18787867E-03
 6.86796702E-04
 3.33506617E-04
 1.79370820E-04
 1.37802182E-05
 1.73619660E-06
 4.94884605E-03
 5.10445233E-03
 5.29359959E-03
 5.52257656E-03
 5.17649659E-03
 4.24535665E-03
 4.08490934E-03
 4.29252026E-03
 4.54038528E-03
 4.83060441E-03
 5.15525486E-03
 1.61496440E-01
 3.32532784E-03
 3.47997483E-03
 3.75003688E-03
 4.10831371E-03
 2.82367894E-03
 3.07497849E-03
 3.32600112E-03
 2.40604934E-03
 2.70276852E-03
 9.40514488E-02
 1.97657317E-03
 4.12224862E-04
 4.85819487E-04
 4.85924772E-04
 5.05507181E-04
 5.18180976E-04
 5.33919210E-04
 6.51538831E-03
 6.17242422E-04
 6.09894680E-04
 6.52933287E-04
 6.74859778E-04
 6.97337306E-04
 1.66307728E-01
 7.85891308E-04
 8.37250057E-04
 8.96160252E-04
 9.36643433E-04
 5.82449011E-03
 1.13788133E-03
 1.21751381E-03
 1.28488620E-03
 3.29903413E-02
 1.69959783E-03
 1.87942074E-03
 9.18821867E-03
 3.00182246E-03
 1.15422532E-01
 6.91062079E-03
 7.97211418E-04
 8.36779227E-04
 8.72777188E-04
 9.16593929E-04
 9.56423208E-04
 1.66826159E-01
 1.12242822E-03
 1.18851314E-03
 1.27746254E-03
 1.36308394E-03
 7.36412325E-03
 1.69327496E-03
 1.84531741E-03
 2.02095222E-03
 1.83310510E-03
 2.78329320E-03
 3.20195777E-03
 1.96078829E-03
 5.71598095E-03
 1.04208147E-02
 1.71564943E-01
 1.33676801E-03
 1.43027788E-03
 1.53363742E-03
 1.65474400E-03
 2.10140602E-03
 2.34966271E-03
 2.62171449E-03
 3.76199473E-03
 4.51356256E-03
 4.00398272E-04
 8.82773564E-03
 2.30224573E-03
 2.58274215E-03
 2.92743303E-03
 2.99032069E-02
 4.36202168E-03
 5.38508470E-03
 7.75316371E-03
 1.13315550E-02
 6.99095107E-03
 4.44323953E-03
 5.57165541E-03
 2.26255541E-01
 1.23785106E-02
 2.78828762E-01
 4.02749516E-01
 1.17189514E-02
 5.49993526E-04
 5.37417796E-04
 5.43980886E-04
 5.68644433E-04
 5.94349473E-04
 6.12000084E-04
 5.08474540E-04
 5.58339920E-04
 5.83116018E-04
 6.08634400E-04
 6.30868282E-04
 1.66338459E-01
 6.95123147E-04
 7.61730861E-04
 7.99873852E-04
 8.42473729E-04
 1.01077142E-03
 1.09728713E-03
 1.16505353E-03
 1.59470042E-03
 1.71481045E-03
 2.70345782E-03
 8.32457533E-04
 8.58422635E-04
 8.95060390E-04
 9.36997811E-04
 9.82768136E-04
 1.15391261E-03
 1.21944960E-03
 1.30134469E-03
 1.39361876E-03
 1.70703472E-03
 1.85919908E-03
 2.03934935E-03
 2.81214931E-03
 3.20010850E-03
 5.64742790E-03
 1.47917459E-03
 1.55126357E-03
 1.66321650E-03
 1.78723404E-03
 2.23999249E-03
 2.50526726E-03
 2.80118516E-03
 3.98221553E-03
 4.73705313E-03
 5.91303821E-02
 9.14266111E-03
 2.58177321E-03
 2.88832939E-03
 3.26436403E-03
 4.81021329E-03
 5.90456123E-03
 1.22167153E-02
 5.10830530E-03
 6.38980199E-03
 7.57641860E-03
 1.38956688E-02
 1.38678623E-02
 7.55407299E-04
 7.67298701E-04
 8.04628655E-04
 8.41717618E-04
 8.84078848E-04
 1.67056578E-01
 1.03688115E-03
 1.10633926E-03
 1.19274754E-03
 1.26469080E-03
 7.11871564E-03
 1.57917427E-03
 1.70132466E-03
 1.85569983E-03
 1.76797573E-03
 2.58927235E-03
 2.90207406E-03
 1.95675846E-03
 5.10377680E-03
 1.00112017E-02
 1.59656287E-01
 1.47292913E-03
 1.52912743E-03
 1.64301575E-03
 1.76770588E-03
 2.22208753E-03
 2.46141874E-03
 2.75347077E-03
 3.92796852E-03
 4.63222925E-03
 5.62779705E-02
 8.87846845E-03
 2.67751421E-03
 2.98720414E-03
 3.36481900E-03
 2.21652582E-03
 4.94414894E-03
 6.03355860E-03
 7.27523327E-02
 1.24088614E-02
 9.01834536E-02
 7.54044213E-03
 5.46646756E-03
 6.79037072E-03
 2.38001640E-05
 1.46475989E-02
 2.33026832E-02
 2.22582268E-02
 1.51805634E-02
 9.24647867E-03
 1.51005562E-03
 4.36157853E-01
 1.28988653E-03
 1.39107322E-03
 1.47867641E-03
 1.58856694E-03
 2.01623783E-03
 2.23183767E-03
 2.48648286E-03
 3.57780410E-03
 4.18268654E-03
 5.59302487E-04
 8.05531767E-03
 2.58260706E-03
 2.87976160E-03
 3.23570554E-03
 4.10700365E-02
 4.74360131E-03
 5.79202467E-03
 1.31681410E-02
 1.18921599E-02
 1.68367681E-02
 5.46857910E-03
 6.78588562E-03
 2.04331808E-04
 1.45875468E-02
 2.39105066E-02
 2.09247790E-02
 1.56251455E-02
 4.55043574E-02
 2.28182129E-03
 2.55585024E-03
 2.86895430E-03
 4.26175794E-03
 5.16522489E-03
 1.06860447E-02
 5.12942897E-03
 6.35872052E-03
 7.78916520E-03
 1.37258710E-02
 1.52098757E-02
 1.00000000E+00
 1.00000000E+00
 1.00000000E+00
 1.00000000E+00
 1.00000000E+00
 1.00000000E+00
 1.00000000E+00
 1.00000000E+00
 1.00000000E+00
 1.00000000E+00
 1.00000000E+00
 1.00000000E+00
 5.65104433E-06
 2.25193760E-06
 1.37550801E-05
 3.16106951E-06
 7.61723695E-06
 5.92445813E-07
 1.20752875E-07
 2.78609581E-03
 2.20715923E-03
 1.56506184E-03
 8.23757393E-04
 3.67622791E-04
 5.80489112E-05
 5.10272848E-03
 5.38092815E-03
 5.65662092E-03
 5.98279585E-03
 5.57632250E-03
 1.62618290E-01
 4.26749561E-03
 4.62146413E-03
 4.97745262E-03
 5.40543883E-03
 3.55369587E-03
 3.83716362E-03
 4.27889069E-03
 3.19255929E-03
 3.51594651E-03
 9.22610611E-02
 2.84849230E-03
 4.11656207E-04
 4.82333712E-04
 4.89815913E-04
 5.01665050E-04
 5.08971861E-04
 5.23563468E-04
 6.51293070E-03
 6.02214147E-04
 6.20305351E-04
 6.40054284E-04
 6.57890476E-04
 6.84047869E-04
 1.66202825E-01
 7.82231606E-04
 8.16116154E-04
 8.69647007E-04
 9.09176184E-04
 5.78917871E-03
 1.08713050E-03
 1.16816007E-03
 1.23931817E-03
 3.27670372E-02
 1.63144564E-03
 1.78887900E-03
 9.19219295E-03
 2.81360780E-03
 1.13326470E-01
 6.82818081E-03
 7.56855389E-04
 8.39995404E-04
 8.68191884E-04
 8.98100006E-04
 9.39269543E-04
 1.66720259E-01
 1.12137203E-03
 1.18537772E-03
 1.26321846E-03
 1.33616862E-03
 7.34405128E-03
 1.63364096E-03
 1.81042497E-03
 1.96121841E-03
 1.82935758E-03
 2.70834663E-03
 3.07439342E-03
 1.99764648E-03
 5.44619996E-03
 1.03623867E-02
 1.65753123E-01
 1.33709060E-03
 1.43070042E-03
 1.51756048E-03
 1.63425764E-03
 2.08463031E-03
 2.32157304E-03
 2.57943882E-03
 3.69039317E-03
 4.38227141E-03
 4.37672466E-04
 8.54164250E-03
 2.30199217E-03
 2.56933284E-03
 2.89580498E-03
 2.98412407E-02
 4.31274593E-03
 5.30258308E-03
 7.75708262E-03
 1.10889791E-02
 6.93250034E-03
 4.43078937E-03
 5.51954374E-03
 2.25777702E-01
 1.22333355E-02
 2.77597271E-01
 3.99444930E-01
 1.16669052E-02
 6.36713976E-04
 6.53558058E-04
 6.49670485E-04
 6.70036634E-04
 6.86522026E-04
 7.18887605E-04
 6.22512611E-04
 6.30570834E-04
 6.67457190E-04
 6.95430590E-04
 7.24424548E-04
 1.66122057E-01
 7.06609052E-04
 7.22842878E-04
 7.75519393E-04
 8.14257347E-04
 9.81289695E-04
 1.05826644E-03
 1.11204566E-03
 1.48707261E-03
 1.60988600E-03
 2.51598423E-03
 8.17318806E-04
 8.63689294E-04
 8.92120674E-04
 9.29197579E-04
 9.70861874E-04
 1.15094400E-03
 1.21665340E-03
 1.28056322E-03
 1.36401139E-03
 1.66162678E-03
 1.81613345E-03
 1.97879459E-03
 2.70749320E-03
 3.08162233E-03
 5.35451035E-03
 1.48030752E-03
 1.55959482E-03
 1.64725763E-03
 1.76307388E-03
 2.23607405E-03
 2.46786673E-03
 2.74586207E-03
 3.89801114E-03
 4.60774303E-03
 5.85910209E-02
 8.82012366E-03
 2.59294084E-03
 2.88020247E-03
 3.22548973E-03
 4.75639969E-03
 5.81190580E-03
 1.19544636E-02
 5.10608907E-03
 6.33200109E-03
 7.57922030E-03
 1.37423866E-02
 1.38032959E-02
 7.41467250E-04
 7.43590027E-04
 7.92507095E-04
 8.17885605E-04
 8.60320242E-04
 1.66941597E-01
 1.03565162E-03
 1.07255205E-03
 1.15760378E-03
 1.22819583E-03
 7.08280969E-03
 1.54078942E-03
 1.66346552E-03
 1.78422444E-03
 1.76871748E-03
 2.48021191E-03
 2.78092731E-03
 1.99509344E-03
 4.83721376E-03
 9.93302915E-03
 1.53864278E-01
 1.43104808E-03
 1.51414108E-03
 1.63147968E-03
 1.74388538E-03
 2.22100275E-03
 2.42019997E-03
 2.69762096E-03
 3.84383295E-03
 4.49677758E-03
 5.56252265E-02
 8.54576307E-03
 2.65766185E-03
 2.95438376E-03
 3.32552650E-03
 2.21510882E-03
 4.86859365E-03
 5.93712069E-03
 7.23539130E-02
 1.21167580E-02
 8.86438094E-02
 6.79213709E-03
 5.44045639E-03
 6.72746726E-03
 5.37581957E-05
 1.44678472E-02
 2.30197506E-02
 2.16759205E-02
 1.51069116E-02
 9.21240952E-03
 1.31632463E-03
 4.34707752E-01
 1.28493788E-03
 1.36821809E-03
 1.44666309E-03
 1.56306444E-03
 2.00805306E-03
 2.19600335E-03
 2.43097921E-03
 3.49171759E-03
 4.05100203E-03
 6.12521125E-04
 7.71235852E-03
 2.53767220E-03
 2.85561295E-03
 3.19389813E-03
 4.09239241E-02
 4.68307769E-03
 5.69066127E-03
 1.30930383E-02
 1.15973597E-02
 1.64479057E-02
 5.44503768E-03
 6.71778234E-03
 2.41536372E-04
 1.43980280E-02
 2.36466270E-02
 2.02961263E-02
 1.55391355E-02
 4.53580127E-02
 2.26873318E-03
 2.53504383E-03
 2.82933726E-03
 4.19646757E-03
 5.06741594E-03
 1.03873000E-02
 5.10759351E-03
 6.30021774E-03
 7.80654403E-03
 1.35366977E-02
 1.51251452E-02
 1.00000000E+00
 1.00000000E+00
 1.00000000E+00
 1.00000000E+00
 1.00000000E+00
 1.00000000E+00
 1.00000000E+00
 1.00000000E+00
 1.00000000E+00
 1.00000000E+00
 1.00000000E+00
 1.00000000E+00
 6.67186986E-05
 7.09231718E-06
 3.54903905E-06
 1.94618851E-06
 3.88549635E-06
 1.92645397E-07
 3.31929558E-06
 4.28770169E-05
 4.13872484E-06
 5.12544383E-07
 2.17327125E-06
 4.01840447E-06
 2.32114291E-06
 4.06691638E-03
 3.17268477E-03
 2.14590488E-03
 1.05778060E-03
 3.35099719E-04
 1.66615802E-01
 5.46156288E-03
 5.80139364E-03
 6.20782159E-03
 6.69922811E-03
 4.67636583E-03
 5.11553981E-03
 5.67312411E-03
 3.94785509E-03
 4.45929853E-03
 8.99818495E-02
 3.72401736E-03
 4.42986946E-04
 4.73276886E-04
 4.71406701E-04
 4.83345566E-04
 5.03350137E-04
 5.15504564E-04
 6.50637400E-03
 6.02695837E-04
 5.91184394E-04
 6.28498024E-04
 6.44523219E-04
 6.70730552E-04
 1.66090625E-01
 7.85121405E-04
 7.95656089E-04
 8.47166437E-04
 8.80713243E-04
 5.76413259E-03
 1.06331432E-03
 1.12909537E-03
 1.18366392E-03
 3.25464006E-02
 1.58164719E-03
 1.68943028E-03
 9.19414939E-03
 2.63388473E-03
 1.11339098E-01
 6.72395655E-03
 7.98991172E-04
 8.35279868E-04
 8.64890576E-04
 8.94420868E-04
 9.32409050E-04
 1.66618210E-01
 1.08556750E-03
 1.16518276E-03
 1.23732958E-03
 1.31093728E-03
 7.32860445E-03
 1.63137282E-03
 1.76263617E-03
 1.90253785E-03
 1.82399366E-03
 2.62005269E-03
 2.96352631E-03
 2.03601369E-03
 5.18425854E-03
 1.03050716E-02
 1.60426365E-01
 1.32460530E-03
 1.41725709E-03
 1.50627231E-03
 1.62055025E-03
 2.08193111E-03
 2.28213524E-03
 2.53325720E-03
 3.62003471E-03
 4.26914608E-03
 4.79332220E-04
 8.23431263E-03
 2.28341512E-03
 2.54938216E-03
 2.86657208E-03
 2.97761319E-02
 4.25816892E-03
 5.21840822E-03
 7.76818300E-03
 1.08577032E-02
 6.86674184E-03
 4.40544283E-03
 5.46445479E-03
 2.25302210E-01
 1.20904925E-02
 2.76390204E-01
 3.96187994E-01
 1.15910982E-02
 7.39488080E-04
 7.29625908E-04
 7.42055734E-04
 7.70297836E-04
 7.97798386E-04
 8.28193000E-04
 6.98761742E-04
 7.04285427E-04
 7.60924800E-04
 7.90085842E-04
 8.34470115E-04
 1.65895322E-01
 7.48892967E-04
 7.58502607E-04
 8.23727400E-04
 8.69947686E-04
 9.87545275E-04
 1.00365050E-03
 1.05789854E-03
 1.40449423E-03
 1.50873917E-03
 2.33841007E-03
 8.29927286E-04
 8.43233422E-04
 8.83348225E-04
 9.15297947E-04
 9.56066950E-04
 1.13934233E-03
 1.16931174E-03
 1.24892764E-03
 1.33038636E-03
 1.64200644E-03
 1.76907557E-03
 1.92595682E-03
 2.64545045E-03
 2.96048182E-03
 5.07937235E-03
 1.44245363E-03
 1.52729764E-03
 1.62912848E-03
 1.74545716E-03
 2.22228012E-03
 2.42452004E-03
 2.69869513E-03
 3.82256038E-03
 4.49665460E-03
 5.80267884E-02
 8.50859982E-03
 2.57015807E-03
 2.85280522E-03
 3.19093723E-03
 4.69189549E-03
 5.71265163E-03
 1.16842920E-02
 5.07463747E-03
 6.27482960E-03
 7.58291424E-03
 1.35818979E-02
 1.37345293E-02
 7.59101425E-04
 7.33587980E-04
 7.86530872E-04
 8.12735767E-04
 8.45703366E-04
 1.66821418E-01
 1.03249394E-03
 1.04686637E-03
 1.12362366E-03
 1.19428069E-03
 7.04732548E-03
 1.50656847E-03
 1.59602523E-03
 1.72008959E-03
 1.75972200E-03
 2.37981234E-03
 2.65487801E-03
 2.02918558E-03
 4.54922980E-03
 9.84442256E-03
 1.48586320E-01
 1.43191669E-03
 1.51432523E-03
 1.60365265E-03
 1.71958276E-03
 2.16781890E-03
 2.37263648E-03
 2.63909061E-03
 3.74239827E-03
 4.36583023E-03
 5.49574984E-02
 8.21795532E-03
 2.64789674E-03
 2.92937312E-03
 3.29023587E-03
 2.21865853E-03
 4.82144197E-03
 5.82605139E-03
 7.19462077E-02
 1.18358814E-02
 8.71569696E-02
 6.10681514E-03
 5.40596849E-03
 6.66503030E-03
 8.14507315E-05
 1.42847860E-02
 2.27468228E-02
 2.11139820E-02
 1.50253440E-02
 9.16868260E-03
 1.13725056E-03
 4.33313675E-01
 1.29167373E-03
 1.34100012E-03
 1.43944199E-03
 1.53878455E-03
 1.96323338E-03
 2.15166340E-03
 2.37055004E-03
 3.39182197E-03
 3.91004171E-03
 6.69170013E-04
 7.37008939E-03
 2.53565477E-03
 2.82683322E-03
 3.15820840E-03
 4.07752500E-02
 4.62641620E-03
 5.58189364E-03
 1.30202319E-02
 1.13132523E-02
 1.60766785E-02
 5.40188019E-03
 6.64630381E-03
 2.75494262E-04
 1.42014598E-02
 2.33901914E-02
 1.96873714E-02
 1.54568388E-02
 4.52082559E-02
 2.28690867E-03
 2.50035532E-03
 2.79142653E-03
 4.12013681E-03
 4.95394502E-03
 1.01028565E-02
 5.07066547E-03
 6.23105947E-03
 7.81530298E-03
 1.33482557E-02
 1.50417481E-02
 1.00000000E+00
 1.00000000E+00
 1.00000000E+00
 1.00000000E+00
 1.00000000E+00
 1.00000000E+00
 1.00000000E+00
 1.00000000E+00
 1.00000000E+00
 1.00000000E+00
 1.00000000E+00
 1.00000000E+00
 6.86612849E-05
 1.07094696E-05
 5.56000255E-06
 4.27841320E-06
 2.44313417E-07
 1.12501825E-07
 1.15601477E-07
 6.96571566E-05
 3.04222748E-06
 7.12237430E-06
 6.27537535E-06
 2.62233255E-07
 1.20366469E-07
 6.55102390E-05
 8.10452890E-07
 3.31486795E-06
 3.90484007E-06
 4.09827607E-06
 1.66674179E-01
 5.19360411E-03
 3.80186659E-03
 2.15854168E-03
 6.39474847E-04
 5.88795964E-03
 6.45509550E-03
 7.08267617E-03
 5.25125053E-03
 5.96185000E-03
 8.76713617E-02
 4.62285112E-03
 4.55392829E-04
 4.57848833E-04
 4.72413555E-04
 4.79906812E-04
 5.05172892E-04
 5.14118551E-04
 6.49994311E-03
 6.05470132E-04
 5.96306059E-04
 6.13404096E-04
 6.33448575E-04
 6.57580725E-04
 1.65984146E-01
 7.67818682E-04
 7.85791183E-04
 8.23702489E-04
 8.53503165E-04
 5.73794018E-03
 1.05253251E-03
 1.09269875E-03
 1.14755489E-03
 3.23409344E-02
 1.52991120E-03
 1.61736157E-03
 9.19172914E-03
 2.46005229E-03
 1.09498134E-01
 6.63261996E-03
 8.08731078E-04
 8.33520958E-04
 8.55871245E-04
 8.85357344E-04
 9.21672826E-04
 1.66514354E-01
 1.07385429E-03
 1.14480543E-03
 1.21366451E-03
 1.28728089E-03
 7.31158397E-03
 1.60252759E-03
 1.71603887E-03
 1.85636457E-03
 1.81879799E-03
 2.56429624E-03
 2.86014856E-03
 2.06330975E-03
 4.93017694E-03
 1.02573180E-02
 1.55507453E-01
 1.32082435E-03
 1.41068576E-03
 1.49070328E-03
 1.60123312E-03
 2.03623294E-03
 2.23976928E-03
 2.49051731E-03
 3.54075375E-03
 4.16345074E-03
 5.21455091E-04
 7.95242205E-03
 2.27843434E-03
 2.52945404E-03
 2.83534434E-03
 2.97181542E-02
 4.21182994E-03
 5.13408037E-03
 7.77917542E-03
 1.06287566E-02
 6.81475148E-03
 4.38619429E-03
 5.41568177E-03
 2.24841445E-01
 1.19470741E-02
 2.75207448E-01
 3.92970461E-01
 1.15325712E-02
 1.08172563E-03
 1.12139948E-03
 1.15961122E-03
 1.21029446E-03
 1.27878824E-03
 1.35853020E-03
 7.98833460E-04
 8.50728412E-04
 8.64978265E-04
 8.97088334E-04
 9.36732196E-04
 1.65672328E-01
 8.52000790E-04
 8.61171518E-04
 9.12084625E-04
 9.66076813E-04
 9.55705865E-04
 9.96423909E-04
 1.06755658E-03
 1.30829081E-03
 1.42329000E-03
 2.15992978E-03
 8.13357881E-04
 8.35785528E-04
 8.78917705E-04
 9.07371533E-04
 9.46900520E-04
 1.14483607E-03
 1.17351072E-03
 1.22961112E-03
 1.30556135E-03
 1.58117305E-03
 1.71735002E-03
 1.86575778E-03
 2.55040665E-03
 2.84619256E-03
 4.83008030E-03
 1.45763163E-03
 1.51038913E-03
 1.61563670E-03
 1.72377120E-03
 2.20083447E-03
 2.38292582E-03
 2.64903071E-03
 3.74776168E-03
 4.36597950E-03
 5.75228431E-02
 8.20180742E-03
 2.54730127E-03
 2.83333146E-03
 3.15684085E-03
 4.64214107E-03
 5.61891582E-03
 1.14278488E-02
 5.04643966E-03
 6.22100666E-03
 7.58466351E-03
 1.34242963E-02
 1.36606817E-02
 6.96014406E-04
 7.14951330E-04
 7.70467102E-04
 7.96531029E-04
 8.28728601E-04
 1.66704555E-01
 1.00007269E-03
 1.03711385E-03
 1.10524860E-03
 1.16052326E-03
 7.02280003E-03
 1.44917843E-03
 1.55250477E-03
 1.66648514E-03
 1.75905344E-03
 2.28911059E-03
 2.52119475E-03
 2.05747052E-03
 4.29833642E-03
 9.77218558E-03
 1.43679498E-01
 1.41655752E-03
 1.50210979E-03
 1.59361818E-03
 1.70141498E-03
 2.15018956E-03
 2.34530995E-03
 2.59704653E-03
 3.65261228E-03
 4.23183934E-03
 5.43370764E-02
 7.90118089E-03
 2.64427661E-03
 2.91418523E-03
 3.25768324E-03
 2.22068388E-03
 4.76898975E-03
 5.72928480E-03
 7.15548410E-02
 1.15587136E-02
 8.57013051E-02
 5.44647500E-03
 5.37460780E-03
 6.61577179E-03
 1.11511384E-04
 1.41051940E-02
 2.24800149E-02
 2.05601646E-02
 1.49489048E-02
 9.13701051E-03
 9.54418858E-04
 4.31966935E-01
 1.24925138E-03
 1.31064142E-03
 1.40930081E-03
 1.51172823E-03
 1.92700973E-03
 2.09422895E-03
 2.31268744E-03
 3.31495029E-03
 3.78742405E-03
 7.12079105E-04
 7.07956263E-03
 2.51268191E-03
 2.79802090E-03
 3.11940268E-03
 4.06274167E-02
 4.56891369E-03
 5.47850726E-03
 1.29488084E-02
 1.10182128E-02
 1.57181393E-02
 5.37369400E-03
 6.58406129E-03
 3.13524465E-04
 1.40151372E-02
 2.31420148E-02
 1.90876262E-02
 1.53727760E-02
 4.50625980E-02
 2.26030304E-03
 2.46685471E-03
 2.75355132E-03
 4.05820013E-03
 4.85385077E-03
 9.81101097E-03
 5.03365760E-03
 6.16622170E-03
 7.83070825E-03
 1.31527576E-02
 1.49451517E-02
 1.00000000E+00
 1.00000000E+00
 1.00000000E+00
 1.00000000E+00
 1.00000000E+00
 1.00000000E+00
 1.00000000E+00
 1.00000000E+00
 1.00000000E+00
 1.00000000E+00
 1.00000000E+00
 1.00000000E+00
 1.93623525E-05
 1.40043850E-06
 4.50674079E-06
 1.52879917E-06
 2.32834761E-06
 0.00000000E+00
 1.92591829E-07
 2.59096303E-05
 5.86676807E-06
 4.93155998E-06
 2.58589080E-06
 5.45388578E-06
 9.23619760E-09
 1.90050823E-06
 3.55069876E-06
 8.02763156E-06
 1.61986151E-06
 9.79871768E-07
 1.66666839E-01
 2.66185937E-04
 4.04395797E-06
 4.76491916E-07
 3.85232177E-06
 5.97187245E-03
 3.66178305E-03
 1.13770062E-03
 6.66975869E-03
 7.49435589E-03
 8.78492096E-02
 6.18782106E-03
 4.42240948E-04
 4.37262617E-04
 4.70888376E-04
 4.70041950E-04
 4.86712752E-04
 5.02065091E-04
 6.50121721E-03
 6.01650824E-04
 5.92875869E-04
 6.03895157E-04
 6.24459844E-04
 6.40711152E-04
 1.65882150E-01
 7.58281164E-04
 7.53069814E-04
 8.01694429E-04
 8.30537272E-04
 5.72558048E-03
 1.02011428E-03
 1.04917323E-03
 1.10544318E-03
 3.21507698E-02
 1.44237404E-03
 1.54607628E-03
 9.19802362E-03
 2.31497806E-03
 1.07768060E-01
 6.56476026E-03
 7.85465068E-04
 8.17917372E-04
 8.47130290E-04
 8.70769232E-04
 9.06402617E-04
 1.66415779E-01
 1.06651251E-03
 1.12605163E-03
 1.19636246E-03
 1.26182292E-03
 7.29859825E-03
 1.54881102E-03
 1.68901394E-03
 1.81594544E-03
 1.82097194E-03
 2.47922825E-03
 2.76960113E-03
 2.10060831E-03
 4.71095800E-03
 1.02151831E-02
 1.50936764E-01
 1.32855173E-03
 1.38751910E-03
 1.47807731E-03
 1.58102884E-03
 2.01626237E-03
 2.21660746E-03
 2.44672964E-03
 3.47467613E-03
 4.06917602E-03
 5.62422039E-04
 7.69278372E-03
 2.25344884E-03
 2.51000121E-03
 2.80511148E-03
 2.96577388E-02
 4.17799339E-03
 5.05651253E-03
 7.78745391E-03
 1.04018987E-02
 6.76881628E-03
 4.35969361E-03
 5.37164469E-03
 2.24395067E-01
 1.18001029E-02
 2.74050000E-01
 3.89790143E-01
 1.14693829E-02
 1.67017842E-03
 1.73338820E-03
 1.76975088E-03
 1.85067700E-03
 1.93552553E-03
 2.02097474E-03
 9.80905391E-04
 1.04369113E-03
 1.12247149E-03
 1.22813463E-03
 1.34108643E-03
 1.65164743E-01
 9.65054475E-04
 9.81399874E-04
 1.02309891E-03
 1.07860505E-03
 1.04706707E-03
 1.09230959E-03
 1.17271668E-03
 1.29505592E-03
 1.37573733E-03
 2.05228858E-03
 7.82263472E-04
 8.19529313E-04
 8.64832927E-04
 8.99155190E-04
 9.32852104E-04
 1.12824254E-03
 1.16407173E-03
 1.21301535E-03
 1.28094259E-03
 1.56508342E-03
 1.67605887E-03
 1.81382363E-03
 2.45826907E-03
 2.73982107E-03
 4.59119356E-03
 1.43668529E-03
 1.50611442E-03
 1.59969305E-03
 1.69787063E-03
 2.17831584E-03
 2.35508052E-03
 2.59127777E-03
 3.66155019E-03
 4.26263704E-03
 5.70447178E-02
 7.91983170E-03
 2.52759314E-03
 2.80372040E-03
 3.12626882E-03
 4.58695616E-03
 5.53256080E-03
 1.11755400E-02
 5.03608706E-03
 6.16638858E-03
 7.59504068E-03
 1.32615371E-02
 1.35878229E-02
 7.22838608E-04
 7.09212938E-04
 7.57654878E-04
 7.72004968E-04
 8.07362109E-04
 1.66589030E-01
 9.62008412E-04
 1.01796272E-03
 1.07635772E-03
 1.13017608E-03
 7.00511937E-03
 1.40770215E-03
 1.52920072E-03
 1.61537204E-03
 1.75957513E-03
 2.25266699E-03
 2.41662578E-03
 2.08254376E-03
 4.07683366E-03
 9.71158498E-03
 1.39133480E-01
 1.38872213E-03
 1.49750946E-03
 1.57680951E-03
 1.67232245E-03
 2.12283291E-03
 2.30711865E-03
 2.53691279E-03
 3.58211693E-03
 4.12135612E-03
 5.37365929E-02
 7.59994533E-03
 2.60639410E-03
 2.89728087E-03
 3.22182064E-03
 2.22693161E-03
 4.70698904E-03
 5.63371161E-03
 7.11761008E-02
 1.12889153E-02
 8.42729681E-02
 4.82383028E-03
 5.35330580E-03
 6.54282447E-03
 1.37602915E-04
 1.39394080E-02
 2.22214103E-02
 2.00154294E-02
 1.48682017E-02
 9.10517312E-03
 7.74686603E-04
 4.30663821E-01
 1.25449896E-03
 1.30075214E-03
 1.38216543E-03
 1.48190464E-03
 1.90908990E-03
 2.06299230E-03
 2.25828317E-03
 3.22801678E-03
 3.66188297E-03
 7.66976476E-04
 6.78726496E-03
 2.50566883E-03
 2.77212495E-03
 3.08182216E-03
 4.04914411E-02
 4.51334097E-03
 5.38253817E-03
 1.28848179E-02
 1.07314499E-02
 1.53797427E-02
 5.36100553E-03
 6.52268454E-03
 3.46532310E-04
 1.38332434E-02
 2.29010108E-02
 1.84959498E-02
 1.52899589E-02
 4.49220159E-02
 2.22952094E-03
 2.43717499E-03
 2.70781580E-03
 3.99897318E-03
 4.75490136E-03
 9.52122355E-03
 5.00943292E-03
 6.10666744E-03
 7.84356523E-03
 1.29564495E-02
 1.48576477E-02
 1.00000000E+00
 1.00000000E+00
 1.00000000E+00
 1.00000000E+00
 1.00000000E+00
 1.00000000E+00
 1.00000000E+00
 1.00000000E+00
 1.00000000E+00
 1.00000000E+00
 1.00000000E+00
 1.00000000E+00
 5.74926266E-05
 9.21534150E-06
 1.78160042E-06
 1.81076303E-06
 1.29430129E-06
 1.07832339E-06
 6.83626617E-07
 1.04156427E-05
 1.92719308E-06
 6.13522816E-09
 8.72310803E-07
 6.39168964E-07
 5.00917424E-07
 1.43931420E-05
 4.33152040E-06
 4.49756550E-06
 5.26571580E-06
 3.86709114E-07
 1.66667012E-01
 3.24433517E-05
 8.15018077E-06
 1.24536067E-06
 7.25284683E-06
 2.92239906E-04
 8.61206091E-06
 8.18652600E-07
 5.91305836E-03
 2.03991209E-03
 9.09097287E-02
 7.88476154E-03
 4.14182095E-04
 4.35982514E-04
 4.60687576E-04
 4.72239486E-04
 4.80381540E-04
 4.88839185E-04
 6.54834201E-03
 5.64526705E-04
 5.66218345E-04
 5.78469408E-04
 6.09093935E-04
 6.27692800E-04
 1.65779545E-01
 7.46145131E-04
 7.43489056E-04
 7.78675134E-04
 8.02559972E-04
 5.69920596E-03
 9.54203671E-04
 1.02589748E-03
 1.06730870E-03
 3.19526902E-02
 1.40949492E-03
 1.47396181E-03
 9.19195812E-03
 2.18365436E-03
 1.06117523E-01
 6.46483333E-03
 7.91652076E-04
 7.99269237E-04
 8.43254938E-04
 8.70051529E-04
 9.02249790E-04
 1.66318336E-01
 1.05533217E-03
 1.11292309E-03
 1.18142360E-03
 1.24277867E-03
 7.27679703E-03
 1.50808648E-03
 1.64665463E-03
 1.77019515E-03
 1.82218177E-03
 2.39607845E-03
 2.66987162E-03
 2.13111708E-03
 4.50218734E-03
 1.01616733E-02
 1.46706709E-01
 1.30049995E-03
 1.38272751E-03
 1.47193936E-03
 1.56797555E-03
 1.98245384E-03
 2.18186594E-03
 2.41072021E-03
 3.38753960E-03
 3.97589548E-03
 5.96577221E-04
 7.42359258E-03
 2.24264175E-03
 2.48299966E-03
 2.78190607E-03
 2.96022583E-02
 4.12598892E-03
 4.97827610E-03
 7.80453684E-03
 1.01703936E-02
 6.71150309E-03
 4.33159927E-03
 5.32389275E-03
 2.23949920E-01
 1.16545584E-02
 2.72910284E-01
 3.86663482E-01
 1.14015470E-02
 2.26939972E-03
 2.34466419E-03
 2.39209635E-03
 2.49082400E-03
 2.59893770E-03
 2.70082866E-03
 1.62815466E-03
 1.71552538E-03
 1.81554499E-03
 1.93402847E-03
 2.06437617E-03
 1.64413952E-01
 1.07880052E-03
 1.13403699E-03
 1.21948876E-03
 1.34696386E-03
 1.14855834E-03
 1.20442494E-03
 1.26637387E-03
 1.34128839E-03
 1.45608943E-03
 1.92438856E-03
 8.01745790E-04
 8.12613455E-04
 8.52884623E-04
 8.86809500E-04
 9.22545391E-04
 1.12398657E-03
 1.13801726E-03
 1.19114609E-03
 1.26084085E-03
 1.54862543E-03
 1.65572796E-03
 1.77179577E-03
 2.38990505E-03
 2.63324292E-03
 4.37127154E-03
 1.42494554E-03
 1.49709971E-03
 1.58809330E-03
 1.68538821E-03
 2.14573853E-03
 2.32525480E-03
 2.54392493E-03
 3.58222616E-03
 4.14702882E-03
 5.65481749E-02
 7.63102379E-03
 2.49955417E-03
 2.78449555E-03
 3.09943692E-03
 4.53504650E-03
 5.43990546E-03
 1.09177659E-02
 4.98640785E-03
 6.11477023E-03
 7.60049829E-03
 1.31004311E-02
 1.35095647E-02
 6.91575594E-04
 7.05193782E-04
 7.47201012E-04
 7.62812432E-04
 7.95559645E-04
 1.66470299E-01
 9.31498733E-04
 1.00943583E-03
 1.05485389E-03
 1.09246244E-03
 6.97527738E-03
 1.36236912E-03
 1.47473710E-03
 1.55475183E-03
 1.75219211E-03
 2.14133738E-03
 2.31845841E-03
 2.10943902E-03
 3.82240879E-03
 9.63919051E-03
 1.34917951E-01
 1.39814468E-03
 1.47588098E-03
 1.56080039E-03
 1.65649617E-03
 2.08061296E-03
 2.27163006E-03
 2.48604818E-03
 3.47878798E-03
 4.01250019E-03
 5.31302729E-02
 7.30588897E-03
 2.58046954E-03
 2.87016570E-03
 3.18989563E-03
 2.22812796E-03
 4.64590161E-03
 5.53885050E-03
 7.07850427E-02
 1.10232737E-02
 8.29121073E-02
 4.25926798E-03
 5.32005230E-03
 6.48822898E-03
 1.64248420E-04
 1.37602189E-02
 2.19667003E-02
 1.94939073E-02
 1.47835368E-02
 9.07132205E-03
 6.10489320E-04
 4.29406458E-01
 1.22755439E-03
 1.29490895E-03
 1.37384591E-03
 1.46005737E-03
 1.86531495E-03
 2.02661732E-03
 2.20080432E-03
 3.13892164E-03
 3.54796257E-03
 8.08988158E-04
 6.46427228E-03
 2.52285237E-03
 2.74312431E-03
 3.05058403E-03
 4.03496409E-02
 4.43453655E-03
 5.27673203E-03
 1.28145718E-02
 1.04461717E-02
 1.50509304E-02
 5.32230486E-03
 6.46295913E-03
 3.79622975E-04
 1.36417085E-02
 2.26634501E-02
 1.79266569E-02
 1.52037861E-02
 4.47793057E-02
 2.19937145E-03
 2.41829691E-03
 2.67175309E-03
 3.93009069E-03
 4.64796457E-03
 9.23843610E-03
 4.97552238E-03
 6.03788197E-03
 7.85793857E-03
 1.27611681E-02
 1.47648994E-02
 1.00000000E+00
 1.00000000E+00
 1.00000000E+00
 1.00000000E+00
 1.00000000E+00
 1.00000000E+00
 1.00000000E+00
 1.00000000E+00
 1.00000000E+00
 1.00000000E+00
 1.00000000E+00
 1.00000000E+00
 2.86794285E-05
 3.00439120E-06
 2.06847163E-05
 6.73617618E-07
 1.34055293E-06
 3.40160720E-06
 2.12328590E-06
 4.26291981E-05
 9.68668101E-07
 3.48023779E-06
 5.02046005E-06
 5.10431749E-07
 1.00666448E-06
 4.19247351E-05
 4.78072149E-07
 2.09855743E-06
 7.27269428E-07
 2.99013986E-07
 1.66666667E-01
 1.28510864E-05
 1.65408318E-05
 7.11940927E-07
 2.81746531E-07
 4.05114597E-06
 1.40934925E-05
 1.14158576E-05
 1.72749441E-05
 2.20378572E-06
 9.09316302E-02
 3.95153336E-03
 4.45157932E-04
 4.28354055E-04
 4.67623968E-04
 4.67715832E-04
 4.83198886E-04
 4.94216918E-04
 6.56580385E-03
 5.50386389E-04
 5.47150554E-04
 5.82255383E-04
 5.95581722E-04
 6.15586475E-04
 1.65674771E-01
 6.97941691E-04
 7.40178813E-04
 7.74301474E-04
 7.80494982E-04
 5.62696930E-03
 9.71587152E-04
 9.97651751E-04
 1.02298526E-03
 3.17727335E-02
 1.30767167E-03
 1.40093484E-03
 9.17721810E-03
 2.06443660E-03
 1.04565783E-01
 6.35932440E-03
 8.17968246E-04
 8.09456040E-04
 8.32552604E-04
 8.60720464E-04
 8.90499087E-04
 1.66221164E-01
 1.04905949E-03
 1.08734255E-03
 1.16166368E-03
 1.21741668E-03
 7.26062300E-03
 1.51207518E-03
 1.59795658E-03
 1.72773559E-03
 1.81081349E-03
 2.36451885E-03
 2.56273598E-03
 2.14852538E-03
 4.31690766E-03
 1.01033245E-02
 1.42768327E-01
 1.31788019E-03
 1.36459895E-03
 1.46182028E-03
 1.55329297E-03
 1.95999828E-03
 2.15183829E-03
 2.36689771E-03
 3.33620946E-03
 3.87103779E-03
 6.36524013E-04
 7.19360390E-03
 2.24145189E-03
 2.46752432E-03
 2.75453786E-03
 2.95433804E-02
 4.06833836E-03
 4.89641918E-03
 7.80273685E-03
 9.95925389E-03
 6.66078707E-03
 4.29587538E-03
 5.27818721E-03
 2.23519596E-01
 1.15274244E-02
 2.71797640E-01
 3.83579956E-01
 1.13259571E-02
 2.88812127E-03
 2.93112758E-03
 3.02562795E-03
 3.13519394E-03
 3.24578437E-03
 3.37033471E-03
 2.26094044E-03
 2.37953241E-03
 2.49302259E-03
 2.63503283E-03
 2.78389923E-03
 1.63664960E-01
 1.66489759E-03
 1.77743121E-03
 1.93566026E-03
 2.13088658E-03
 1.30042355E-03
 1.31486251E-03
 1.44252727E-03
 1.48634882E-03
 1.52777255E-03
 1.88298947E-03
 7.83810620E-04
 7.86709850E-04
 8.38463226E-04
 8.73336421E-04
 9.09204876E-04
 1.07220025E-03
 1.12325873E-03
 1.15991008E-03
 1.22700023E-03
 1.49860107E-03
 1.59324073E-03
 1.70929140E-03
 2.31925717E-03
 2.53425123E-03
 4.14996132E-03
 1.41207738E-03
 1.48725881E-03
 1.56828132E-03
 1.66753963E-03
 2.09420604E-03
 2.28728856E-03
 2.50204522E-03
 3.51048882E-03
 4.03653431E-03
 5.60825985E-02
 7.37716287E-03
 2.51499107E-03
 2.77392385E-03
 3.06740519E-03
 4.48090651E-03
 5.35361299E-03
 1.06981675E-02
 4.97868811E-03
 6.05681140E-03
 7.59546549E-03
 1.29454899E-02
 1.34269534E-02
 6.61005232E-04
 6.89898801E-04
 7.29644601E-04
 7.51038913E-04
 7.82858438E-04
 1.66350364E-01
 8.82751046E-04
 9.85556673E-04
 1.01994678E-03
 1.05652005E-03
 6.93711141E-03
 1.32447841E-03
 1.40676599E-03
 1.48968637E-03
 1.75047953E-03
 2.01168890E-03
 2.21338626E-03
 2.13620244E-03
 3.60943562E-03
 9.55400727E-03
 1.31014850E-01
 1.34367445E-03
 1.44297544E-03
 1.53964066E-03
 1.63549009E-03
 2.05022138E-03
 2.22743159E-03
 2.42703413E-03
 3.40823988E-03
 3.88923153E-03
 5.25531100E-02
 7.04782787E-03
 2.57702621E-03
 2.84636799E-03
 3.14785544E-03
 2.23163613E-03
 4.60993065E-03
 5.44499569E-03
 7.04158384E-02
 1.07655703E-02
 8.16013506E-02
 3.71588259E-03
 5.31420400E-03
 6.42592507E-03
 1.92588306E-04
 1.35869019E-02
 2.17218718E-02
 1.89699203E-02
 1.47099763E-02
 9.04007759E-03
 4.38685624E-04
 4.28185890E-01
 1.17412221E-03
 1.27913346E-03
 1.35355325E-03
 1.43242072E-03
 1.79459010E-03
 1.97919500E-03
 2.14629478E-03
 3.03874811E-03
 3.43558638E-03
 8.57521732E-04
 6.19375196E-03
 2.49952145E-03
 2.70686148E-03
 3.01475603E-03
 4.02110424E-02
 4.39427393E-03
 5.17545377E-03
 1.27465007E-02
 1.01882015E-02
 1.47413492E-02
 5.28536841E-03
 6.40745704E-03
 4.16521839E-04
 1.34717587E-02
 2.24356373E-02
 1.73589275E-02
 1.51004532E-02
 4.46428102E-02
 2.15978450E-03
 2.39814922E-03
 2.63057309E-03
 3.86768525E-03
 4.54513428E-03
 8.96083520E-03
 4.94327001E-03
 5.97306484E-03
 7.87332137E-03
 1.25780604E-02
 1.46855438E-02
 1.00000000E+00
 1.00000000E+00
 1.00000000E+00
 1.00000000E+00
 1.00000000E+00
 1.00000000E+00
 1.00000000E+00
 1.00000000E+00
 1.00000000E+00
 1.00000000E+00
 1.00000000E+00
 1.00000000E+00
 1.18149386E-06
 4.23722501E-06
 4.04204088E-06
 4.25812905E-07
 1.48631519E-06
 4.07049251E-06
 2.53042929E-07
 9.53130745E-06
 1.85558690E-05
 2.31884471E-06
 4.51300200E-06
 2.73117591E-07
 5.38063513E-06
 4.45030147E-06
 2.03066899E-08
 8.99814879E-06
 8.76909817E-06
 5.31550132E-07
 1.66666667E-01
 5.50944469E-06
 1.67240944E-06
 7.50560414E-07
 3.94749714E-07
 2.71339605E-05
 9.56455134E-07
 2.41678134E-06
 1.84925712E-05
 1.30657851E-05
 9.09090909E-02
 1.30570211E-05
 4.81422572E-04
 4.29537157E-04
 4.46830953E-04
 4.58626856E-04
 4.72177692E-04
 4.83058824E-04
 6.60409297E-03
 5.46712397E-04
 5.53388500E-04
 5.72346096E-04
 5.92361894E-04
 6.05988624E-04
 1.65570000E-01
 6.83339027E-04
 7.14028374E-04
 7.54112748E-04
 7.65766781E-04
 5.66583926E-03
 9.20299167E-04
 9.70420261E-04
 9.93625282E-04
 3.14667521E-02
 1.30318491E-03
 1.34114389E-03
 9.18173133E-03
 1.92836641E-03
 1.03080796E-01
 6.32291803E-03
 7.98211726E-04
 7.70755429E-04
 8.32032589E-04
 8.54052476E-04
 8.81027627E-04
 1.66125519E-01
 9.88999173E-04
 1.07725703E-03
 1.14193769E-03
 1.20297186E-03
 7.25016062E-03
 1.44204064E-03
 1.58099681E-03
 1.68593321E-03
 1.81162420E-03
 2.24943268E-03
 2.50542087E-03
 2.17040648E-03
 4.09694958E-03
 1.00589373E-02
 1.39068402E-01
 1.28964086E-03
 1.35278273E-03
 1.45114966E-03
 1.53808332E-03
 1.92067473E-03
 2.12809835E-03
 2.33255804E-03
 3.25513431E-03
 3.78961381E-03
 6.69656151E-04
 6.93627303E-03
 2.22089226E-03
 2.44915532E-03
 2.73173087E-03
 2.94910081E-02
 4.01047260E-03
 4.82580471E-03
 7.81217881E-03
 9.73387234E-03
 6.61588592E-03
 4.28719471E-03
 5.23539816E-03
 2.23095048E-01
 1.13842641E-02
 2.70695542E-01
 3.80535441E-01
 1.12755387E-02
 3.49555107E-03
 3.55246466E-03
 3.65523919E-03
 3.80570527E-03
 3.97444389E-03
 4.31457217E-03
 2.94349337E-03
 3.04633982E-03
 3.16481826E-03
 3.34031239E-03
 3.51614129E-03
 1.62924203E-01
 2.34567726E-03
 2.48492835E-03
 2.68978946E-03
 2.91952861E-03
 1.71574908E-03
 1.94774495E-03
 2.21785834E-03
 1.53990735E-03
 1.62901218E-03
 1.93396546E-03
 7.90045060E-04
 7.96625862E-04
 8.30451097E-04
 8.67112354E-04
 8.96568884E-04
 1.02234968E-03
 1.09559354E-03
 1.14618813E-03
 1.20582156E-03
 1.44537759E-03
 1.57064216E-03
 1.67195736E-03
 2.23447771E-03
 2.44785727E-03
 3.92829222E-03
 1.39063732E-03
 1.46421199E-03
 1.55957154E-03
 1.65092719E-03
 2.05163383E-03
 2.24893764E-03
 2.46537608E-03
 3.42901740E-03
 3.94364188E-03
 5.56278347E-02
 7.09535014E-03
 2.48356348E-03
 2.73682512E-03
 3.04150059E-03
 4.43957588E-03
 5.27134556E-03
 1.04373035E-02
 4.93520894E-03
 6.00523624E-03
 7.60499764E-03
 1.27849923E-02
 1.33611778E-02
 6.45679750E-04
 6.76424612E-04
 7.09628639E-04
 7.42439949E-04
 7.65906639E-04
 1.66232701E-01
 8.76301200E-04
 9.52853988E-04
 1.00097393E-03
 1.03889664E-03
 6.91187094E-03
 1.26857284E-03
 1.37338739E-03
 1.43289361E-03
 1.75521442E-03
 1.95632311E-03
 2.11451386E-03
 2.15778105E-03
 3.40502903E-03
 9.49410084E-03
 1.27267112E-01
 1.34461042E-03
 1.44692477E-03
 1.52905341E-03
 1.61753675E-03
 2.00327179E-03
 2.19757129E-03
 2.39539645E-03
 3.31895014E-03
 3.79814788E-03
 5.19870276E-02
 6.75896730E-03
 2.54761178E-03
 2.82771895E-03
 3.12432959E-03
 2.23410176E-03
 4.51595238E-03
 5.36245297E-03
 7.00455592E-02
 1.05067547E-02
 8.02903159E-02
 3.23137120E-03
 5.25614223E-03
 6.37652802E-03
 2.16835562E-04
 1.34096442E-02
 2.14780223E-02
 1.84730098E-02
 1.46173785E-02
 9.01158605E-03
 2.81549959E-04
 4.26995765E-01
 1.15954626E-03
 1.25197078E-03
 1.33378017E-03
 1.41240221E-03
 1.78440551E-03
 1.93855647E-03
 2.09878929E-03
 2.93112352E-03
 3.32747256E-03
 9.03359637E-04
 5.91391335E-03
 2.46166056E-03
 2.69591985E-03
 2.98304960E-03
 4.00739764E-02
 4.29585521E-03
 5.08282586E-03
 1.26864581E-02
 9.90089736E-03
 1.44305633E-02
 5.25619291E-03
 6.34865239E-03
 4.48612124E-04
 1.32683632E-02
 2.22094238E-02
 1.68176059E-02
 1.50262147E-02
 4.45022295E-02
 2.13937279E-03
 2.37826787E-03
 2.59586770E-03
 3.81817813E-03
 4.44917225E-03
 8.68853028E-03
 4.91379496E-03
 5.91670250E-03
 7.88570448E-03
 1.23854372E-02
 1.45853275E-02
 1.00000000E+00
 1.00000000E+00
 1.00000000E+00
 1.00000000E+00
 1.00000000E+00
 1.00000000E+00
 1.00000000E+00
 1.00000000E+00
 1.00000000E+00
 1.00000000E+00
 1.00000000E+00
 1.00000000E+00
