 1.73106058E-01
 1.73115985E-01
 1.73115941E-01
 1.73089119E-01
 1.73051348E-01
 1.73022646E-01
 1.73000626E-01
 1.05921925E-01
 1.66994114E-01
 1.66967999E-01
 1.72975541E-01
 1.72939237E-01
 1.72871418E-01
 9.10434746E-02
 9.10175864E-02
 9.10054042E-02
 9.09765609E-02
 9.09427764E-02
 1.75800699E-01
 9.09708493E-02
 9.09432426E-02
 9.09142646E-02
 9.08633211E-02
 9.08693386E-02
 9.07855612E-02
 9.07449655E-02
 7.96646174E-03
 4.87500404E-02
 1.87602895E-01
 7.81076953E-03
 2.71246087E-05
 4.78293535E-05
 6.13468364E-05
 3.52887335E-05
 3.68286337E-05
 9.05036374E-05
 3.90666493E-03
 2.75605254E-05
 7.94278948E-05
 6.91089934E-05
 7.56501221E-05
 9.12857143E-05
 9.30777927E-02
 8.36813871E-05
 9.41182433E-05
 1.19692443E-04
 1.31559048E-04
 4.93533592E-03
 1.29047103E-04
 1.67139916E-04
 1.79252711E-04
 2.03436147E-02
 2.07659606E-04
 2.68808533E-04
 4.70512306E-03
 4.24283499E-04
 1.10320965E-01
 4.58637188E-03
 2.86666573E-06
 3.76893933E-05
 3.29607151E-05
 4.85444528E-05
 6.80856819E-05
 9.28511618E-02
 9.43251986E-06
 9.90343930E-05
 8.66111907E-05
 1.11727665E-04
 4.74597100E-03
 1.16594695E-04
 1.50406268E-04
 1.81989605E-04
 1.23622581E-03
 2.03991011E-04
 2.79939338E-04
 1.12225360E-03
 4.84646644E-04
 4.82295752E-03
 1.18575971E-01
 2.48794012E-05
 5.60326971E-05
 4.74660176E-05
 1.00134500E-04
 1.01008465E-04
 1.25425303E-04
 1.34689870E-04
 1.66282244E-04
 2.52822942E-04
 1.16166708E-03
 4.58370949E-04
 4.12023434E-05
 6.25109260E-05
 9.19851918E-05
 1.84648325E-02
 1.27824323E-04
 2.08350905E-04
 4.73777909E-03
 3.85542866E-04
 5.04431624E-03
 4.61182279E-05
 1.58456146E-04
 9.42668786E-02
 2.89387548E-04
 9.69974253E-02
 1.02995367E-01
 1.87423158E-04
 7.82242020E-05
 6.00798002E-05
 6.33236644E-05
 5.88707440E-05
 6.13156717E-05
 1.11627210E-04
 7.07780772E-05
 8.75744416E-05
 1.12356869E-04
 1.22548188E-04
 1.27131236E-04
 9.31246442E-02
 1.18538258E-04
 1.20606987E-04
 1.35545995E-04
 1.55131895E-04
 1.61400193E-04
 1.55497070E-04
 1.97444933E-04
 2.51562627E-04
 2.80458013E-04
 4.23083101E-04
 5.09672242E-05
 5.21391968E-05
 6.14631804E-05
 7.21202176E-05
 8.19722273E-05
 4.74845198E-05
 1.11800195E-04
 1.03527336E-04
 1.22851876E-04
 9.36726227E-05
 1.49554461E-04
 2.12743132E-04
 1.98455563E-04
 2.89841535E-04
 4.96274327E-04
 1.91096991E-05
 5.25315861E-05
 5.54189645E-05
 7.87889018E-05
 5.37096069E-05
 1.26630737E-04
 1.49359539E-04
 1.83759949E-04
 2.52929496E-04
 2.58179754E-02
 4.80066600E-04
 3.53311990E-05
 8.25429698E-05
 1.12653001E-04
 1.36081129E-04
 2.18082101E-04
 4.10392481E-04
 7.77748059E-05
 1.60693816E-04
 4.72345030E-03
 3.11515924E-04
 2.26252330E-04
 9.63660293E-05
 1.20865738E-04
 1.04421395E-04
 1.18106226E-04
 1.17662367E-04
 9.29487968E-02
 9.07008448E-05
 1.26724177E-04
 1.15006268E-04
 1.49496807E-04
 4.81522713E-03
 1.34614177E-04
 1.83126274E-04
 2.04314211E-04
 1.21937432E-03
 2.30801960E-04
 2.96995586E-04
 1.13084795E-03
 4.83304258E-04
 4.89352849E-03
 1.16482763E-01
 6.04876716E-05
 8.43341475E-05
 1.00540993E-04
 9.57745000E-05
 9.42855872E-05
 1.43841043E-04
 1.41705299E-04
 2.09198034E-04
 2.67208081E-04
 2.63630972E-02
 4.97973259E-04
 5.93460054E-05
 8.27666055E-05
 1.29278453E-04
 1.20622606E-03
 1.46438667E-04
 2.19455562E-04
 2.49570856E-02
 4.19072588E-04
 2.79137934E-02
 3.98992680E-04
 9.30933952E-05
 1.70015380E-04
 1.14659962E-03
 3.29073777E-04
 5.59733830E-03
 4.81020709E-04
 2.36720884E-04
 4.83633910E-03
 4.54715387E-03
 9.84763605E-02
 6.35496244E-05
 1.37501494E-04
 8.77333146E-05
 1.08300863E-04
 1.03192601E-04
 1.60927905E-04
 1.54446375E-04
 2.21337674E-04
 2.86864471E-04
 1.15607457E-03
 4.79988232E-04
 5.94781698E-05
 1.09339931E-04
 1.32837678E-04
 1.97197567E-02
 1.12317023E-04
 2.29837375E-04
 5.17180181E-03
 4.28905126E-04
 5.82846355E-03
 9.37038301E-05
 1.81538579E-04
 1.10686584E-03
 3.05779132E-04
 5.49045665E-03
 4.59067535E-04
 2.51050582E-04
 1.92253777E-02
 8.61916667E-05
 1.34750451E-04
 1.53442916E-04
 1.55044188E-04
 2.39885244E-04
 4.21028688E-04
 1.15826178E-04
 1.90971619E-04
 4.64121344E-03
 3.34106184E-04
 2.46897794E-04
 1.00000000E+00
 1.00000000E+00
 1.00000000E+00
 1.00000000E+00
 1.00000000E+00
 1.00000000E+00
 1.00000000E+00
 1.00000000E+00
 1.00000000E+00
 1.00000000E+00
 1.00000000E+00
 1.00000000E+00
 1.73069662E-01
 1.73066250E-01
 1.73075671E-01
 0.00000000E+00
 0.00000000E+00
 0.00000000E+00
 0.00000000E+00
 1.73010368E-01
 1.73032540E-01
 1.73010569E-01
 1.72953490E-01
 1.72871825E-01
 1.72861766E-01
 1.09273640E-01
 1.12505751E-01
 1.62131234E-01
 1.68915132E-01
 1.72763178E-01
 2.49981328E-01
 9.09732420E-02
 9.09201545E-02
 9.09007698E-02
 9.08583982E-02
 9.08242201E-02
 9.07824846E-02
 9.07757886E-02
 9.06767961E-02
 9.05759688E-02
 1.87709876E-01
 7.79778219E-03
 4.25567061E-05
 5.65077535E-05
 4.24607559E-05
 3.68836752E-05
 3.85607563E-05
 8.85012310E-05
 3.91905002E-03
 5.46924156E-05
 7.97946844E-05
 7.74565917E-05
 8.93509968E-05
 1.10404186E-04
 9.30772930E-02
 6.25188939E-05
 1.09671974E-04
 9.87214918E-05
 1.41019237E-04
 4.93584569E-03
 1.35117441E-04
 1.63519212E-04
 1.65114137E-04
 2.03850955E-02
 2.31954959E-04
 2.81908935E-04
 4.70983059E-03
 4.54842228E-04
 1.10452095E-01
 4.56396870E-03
 1.99198097E-05
 2.73730304E-05
 8.62694034E-06
 3.52751198E-05
 3.16547015E-05
 9.29175206E-02
 8.29152256E-06
 9.16431185E-05
 8.75454645E-05
 1.14985658E-04
 4.74469095E-03
 1.11850476E-04
 1.62478564E-04
 1.81613224E-04
 1.21622109E-03
 2.10564316E-04
 2.97021256E-04
 1.12862702E-03
 4.92947749E-04
 4.80822470E-03
 1.18785038E-01
 2.44815363E-05
 5.95733764E-05
 5.47393249E-05
 5.95144658E-05
 8.58450339E-05
 1.37259940E-04
 1.37875195E-04
 1.75188375E-04
 2.78934192E-04
 1.16110873E-03
 5.07894768E-04
 2.75932300E-05
 7.60438203E-05
 7.84295924E-05
 1.84790527E-02
 8.36863637E-05
 2.07204944E-04
 4.72302239E-03
 4.15459034E-04
 5.01960297E-03
 2.74195121E-05
 1.56353273E-04
 9.43397348E-02
 2.55993753E-04
 9.71317120E-02
 1.03342347E-01
 1.62516648E-04
 1.37584935E-02
 1.37379573E-02
 1.37387989E-02
 1.37170503E-02
 1.37016978E-02
 1.36915903E-02
 6.31938260E-05
 5.94167814E-05
 9.48423888E-05
 1.21929794E-04
 1.43156174E-04
 9.31320356E-02
 1.17999698E-04
 1.18456439E-04
 1.26975295E-04
 1.59440281E-04
 1.64415373E-04
 1.72600624E-04
 1.85536677E-04
 2.58329862E-04
 2.84584627E-04
 4.41050068E-04
 2.85538515E-05
 4.33245453E-05
 3.99356000E-05
 3.79201288E-05
 5.12514907E-05
 7.87041165E-05
 1.09458652E-04
 1.03733797E-04
 1.27659439E-04
 1.16125994E-04
 1.69013434E-04
 2.08994848E-04
 2.18117966E-04
 3.07320703E-04
 4.89982918E-04
 1.83712183E-05
 7.42724870E-05
 4.55228023E-05
 8.83066871E-05
 6.03014128E-05
 1.50715485E-04
 1.64345688E-04
 1.89117236E-04
 2.88706769E-04
 2.58788922E-02
 4.88937472E-04
 1.86225826E-05
 9.58705045E-05
 7.72825541E-05
 1.22592227E-04
 2.37025381E-04
 4.17216294E-04
 5.68370146E-05
 1.88250203E-04
 4.72618848E-03
 3.30808348E-04
 2.14817494E-04
 9.49865836E-05
 1.00534678E-04
 1.14283773E-04
 1.27609793E-04
 1.41184068E-04
 9.29621617E-02
 7.38404220E-05
 8.97473254E-05
 1.07419559E-04
 1.50426314E-04
 4.79576088E-03
 1.35320185E-04
 1.80081785E-04
 2.05480125E-04
 1.21781119E-03
 2.30550213E-04
 3.07969912E-04
 1.12652176E-03
 5.10038951E-04
 4.88521629E-03
 1.16705233E-01
 6.87213896E-05
 7.56804771E-05
 5.90021726E-05
 9.10794097E-05
 7.74616728E-05
 1.51151512E-04
 1.58731284E-04
 1.78744506E-04
 2.96995873E-04
 2.64534179E-02
 4.90961919E-04
 3.89149244E-05
 8.03435461E-05
 1.21760518E-04
 1.19704266E-03
 1.53637991E-04
 2.34699642E-04
 2.50050781E-02
 4.17022397E-04
 2.79998986E-02
 3.88958301E-04
 9.84915499E-05
 1.82688905E-04
 1.14462258E-03
 3.33579095E-04
 5.58478215E-03
 4.72536718E-04
 2.55458394E-04
 4.81330546E-03
 4.53748829E-03
 9.85576855E-02
 5.26196857E-05
 1.19167277E-04
 1.21078930E-04
 1.21380090E-04
 9.54853566E-05
 1.43431530E-04
 1.48822128E-04
 2.08564529E-04
 2.87829816E-04
 1.14494344E-03
 4.79457010E-04
 7.69685664E-05
 1.20001107E-04
 1.12896079E-04
 1.97195729E-02
 1.37181463E-04
 2.49843296E-04
 5.17900028E-03
 4.13618865E-04
 5.84542607E-03
 7.56142186E-05
 1.91715022E-04
 1.11318585E-03
 3.04724478E-04
 5.47722963E-03
 4.57280107E-04
 2.50475698E-04
 1.90979367E-02
 7.80116332E-05
 1.21228047E-04
 1.36454086E-04
 1.45867834E-04
 2.57802070E-04
 4.43261835E-04
 1.13164500E-04
 2.29272216E-04
 4.62564176E-03
 3.44290706E-04
 2.50528890E-04
 1.00000000E+00
 1.00000000E+00
 1.00000000E+00
 1.00000000E+00
 1.00000000E+00
 1.00000000E+00
 1.00000000E+00
 1.00000000E+00
 1.00000000E+00
 1.00000000E+00
 1.00000000E+00
 1.00000000E+00
 0.00000000E+00
 0.00000000E+00
 0.00000000E+00
 0.00000000E+00
 0.00000000E+00
 0.00000000E+00
 0.00000000E+00
 1.73054578E-01
 1.73008383E-01
 1.72957477E-01
 1.72932644E-01
 0.00000000E+00
 0.00000000E+00
 1.72953772E-01
 1.72891932E-01
 1.72851809E-01
 1.72788392E-01
 1.72729953E-01
 2.49970596E-01
 1.10600583E-01
 1.12504874E-01
 1.58563720E-01
 1.72596568E-01
 9.08505754E-02
 9.07936557E-02
 9.07322421E-02
 9.06549577E-02
 9.05528200E-02
 1.87807929E-01
 8.95645863E-02
 4.27650275E-05
 5.89594447E-05
 4.80787123E-05
 4.51760319E-05
 5.53499423E-05
 9.11628814E-05
 3.91128505E-03
 5.90687387E-05
 7.56038520E-05
 7.57411703E-05
 5.83784042E-05
 8.79861204E-05
 9.31136781E-02
 7.94919626E-05
 9.06893446E-05
 1.03061929E-04
 1.11351305E-04
 4.94432857E-03
 1.32117641E-04
 1.42886313E-04
 1.78248071E-04
 2.03989161E-02
 2.31015449E-04
 2.72432095E-04
 4.71372279E-03
 4.37433780E-04
 1.10632768E-01
 4.59757418E-03
 1.20591442E-05
 4.11942658E-05
 2.06228815E-05
 6.18902990E-05
 5.50107060E-05
 9.29066596E-02
 5.20845138E-05
 8.11920132E-05
 9.87773223E-05
 8.85251035E-05
 4.74134544E-03
 8.61570626E-05
 1.39061799E-04
 1.86504536E-04
 1.26167174E-03
 2.15543700E-04
 2.88001919E-04
 1.11954769E-03
 5.02617930E-04
 4.84070942E-03
 1.19034719E-01
 2.15920112E-05
 6.13409079E-05
 4.60047954E-05
 9.18736195E-05
 9.99743679E-05
 1.25849350E-04
 1.40136549E-04
 1.84652606E-04
 2.70711743E-04
 1.15993935E-03
 5.03747616E-04
 1.74694701E-05
 7.40215779E-05
 9.55987777E-05
 1.84798566E-02
 1.43454471E-04
 2.16262126E-04
 4.73170710E-03
 4.13825204E-04
 5.05262735E-03
 7.44539330E-05
 1.60446360E-04
 9.43747630E-02
 2.98034327E-04
 9.72955193E-02
 1.03755644E-01
 1.85837170E-04
 1.64384438E-02
 1.64236334E-02
 1.64206836E-02
 1.64155780E-02
 1.63982054E-02
 1.63570545E-02
 2.11397126E-03
 2.10436730E-03
 2.06551140E-03
 2.08060281E-03
 2.86266071E-03
 9.58896592E-02
 1.08338389E-04
 1.00922276E-04
 1.25828931E-04
 1.49801700E-04
 1.74959877E-04
 1.82379904E-04
 1.99255411E-04
 2.33686263E-04
 2.83756076E-04
 4.42530371E-04
 4.54622787E-05
 6.16083956E-05
 5.11058607E-05
 4.60672489E-05
 7.88536829E-05
 5.93889788E-05
 1.08492680E-04
 1.18871490E-04
 1.13561385E-04
 1.23594098E-04
 1.52535539E-04
 1.83562837E-04
 2.39833229E-04
 2.93628831E-04
 5.14934636E-04
 4.43854817E-05
 8.98284298E-05
 7.27078323E-05
 8.59973183E-05
 7.86529619E-05
 1.30549174E-04
 1.75683763E-04
 2.11094949E-04
 2.68468042E-04
 2.59154503E-02
 5.22471222E-04
 2.98594880E-05
 9.32545991E-05
 1.00441036E-04
 1.33546725E-04
 2.42068601E-04
 4.42772361E-04
 6.26723715E-05
 1.75016852E-04
 4.71451688E-03
 3.35801900E-04
 2.17067570E-04
 1.07625299E-04
 1.08436399E-04
 1.21695424E-04
 1.30384119E-04
 1.19997745E-04
 9.30094012E-02
 8.60096774E-05
 1.13440217E-04
 1.48303120E-04
 1.51809191E-04
 4.83277534E-03
 1.69581962E-04
 1.94918116E-04
 2.02282442E-04
 1.23654441E-03
 2.48678243E-04
 3.16711173E-04
 1.13335618E-03
 5.17378762E-04
 4.90472526E-03
 1.16949565E-01
 1.01024360E-04
 8.67094810E-05
 8.15405918E-05
 9.16160158E-05
 9.77940617E-05
 1.54501446E-04
 1.86601371E-04
 1.98974598E-04
 2.95751293E-04
 2.65270785E-02
 5.20731759E-04
 3.48861644E-05
 8.52794773E-05
 1.14277424E-04
 1.20304778E-03
 1.66942278E-04
 2.21786866E-04
 2.50112457E-02
 4.30924902E-04
 2.81434870E-02
 3.72354927E-04
 1.12625169E-04
 1.83518618E-04
 1.15642662E-03
 3.52177986E-04
 5.60225645E-03
 4.63764858E-04
 2.34628503E-04
 4.82981301E-03
 4.54501628E-03
 9.86913130E-02
 8.47177975E-05
 1.13942249E-04
 9.85962597E-05
 1.38210658E-04
 1.00232575E-04
 1.57162288E-04
 1.87950758E-04
 2.36048345E-04
 3.04552402E-04
 1.14524646E-03
 5.19208325E-04
 5.78515683E-05
 1.07430161E-04
 1.31560514E-04
 1.97442679E-02
 1.79471872E-04
 2.58296528E-04
 5.17186333E-03
 4.60665217E-04
 5.86478568E-03
 9.41782009E-05
 1.94773469E-04
 1.10362638E-03
 3.70377448E-04
 5.48986875E-03
 4.29648125E-04
 2.41374902E-04
 1.90580583E-02
 8.63644019E-05
 1.23622944E-04
 1.55595952E-04
 1.42352146E-04
 2.48786307E-04
 4.36030015E-04
 9.57428162E-05
 2.01307299E-04
 4.62727850E-03
 3.38668466E-04
 2.52505126E-04
 1.00000000E+00
 1.00000000E+00
 1.00000000E+00
 1.00000000E+00
 1.00000000E+00
 1.00000000E+00
 1.00000000E+00
 1.00000000E+00
 1.00000000E+00
 1.00000000E+00
 1.00000000E+00
 1.00000000E+00
 0.00000000E+00
 0.00000000E+00
 0.00000000E+00
 0.00000000E+00
 0.00000000E+00
 0.00000000E+00
 0.00000000E+00
 0.00000000E+00
 0.00000000E+00
 0.00000000E+00
 0.00000000E+00
 0.00000000E+00
 0.00000000E+00
 1.72913721E-01
 1.72865442E-01
 1.72823833E-01
 1.72764755E-01
 0.00000000E+00
 0.00000000E+00
 1.72776066E-01
 1.72714165E-01
 1.72644957E-01
 1.72563722E-01
 9.08409968E-02
 1.14379363E-01
 1.56210834E-01
 9.06502809E-02
 9.05524032E-02
 2.21797096E-01
 9.02975215E-02
 1.15836639E-05
 5.65700608E-05
 3.38142452E-05
 3.38136287E-05
 4.45349481E-05
 7.36740062E-05
 3.90363868E-03
 3.76092546E-05
 7.85576690E-05
 1.12123691E-04
 5.91838566E-05
 9.41505629E-05
 9.31318133E-02
 8.23820648E-05
 1.17178255E-04
 1.13039366E-04
 1.03242850E-04
 4.93142346E-03
 1.47904397E-04
 1.56040175E-04
 1.72050177E-04
 2.04431616E-02
 2.18109078E-04
 2.73464558E-04
 4.68631152E-03
 4.32531890E-04
 1.10773339E-01
 4.61694251E-03
 3.60165630E-05
 4.09012941E-05
 2.48231474E-06
 4.73902391E-05
 5.97797600E-05
 9.29132919E-02
 4.73416852E-05
 9.44847829E-05
 9.30903334E-05
 8.35951264E-05
 4.74487111E-03
 9.02712145E-05
 1.31816899E-04
 1.69631891E-04
 1.23673254E-03
 2.19435156E-04
 2.76437822E-04
 1.11520552E-03
 5.13165076E-04
 4.81679078E-03
 1.19247532E-01
 3.10994951E-05
 5.91159648E-05
 3.35122031E-05
 6.30040410E-05
 9.21223626E-05
 1.35699839E-04
 1.28046175E-04
 1.78769373E-04
 2.76132242E-04
 1.17748608E-03
 5.06285382E-04
 3.70863577E-05
 7.65688089E-05
 7.73411934E-05
 1.84773258E-02
 1.36884569E-04
 2.21574795E-04
 4.72053571E-03
 4.21936877E-04
 5.03745932E-03
 8.36928219E-05
 1.35374298E-04
 9.44436764E-02
 2.95455974E-04
 9.74535117E-02
 1.04133905E-01
 1.92100103E-04
 1.64326989E-02
 1.64171496E-02
 1.64186854E-02
 1.64353215E-02
 1.64055922E-02
 1.63654941E-02
 1.64095233E-02
 1.64045407E-02
 1.64106828E-02
 1.63850998E-02
 1.63645855E-02
 1.08161932E-01
 1.51428461E-04
 1.32125456E-04
 1.39414999E-04
 2.69806435E-03
 1.87738412E-04
 1.80630106E-04
 1.98262370E-04
 2.51308740E-04
 2.91830390E-04
 4.48168321E-04
 4.01438386E-05
 5.14693543E-05
 6.12062253E-05
 5.63821926E-05
 8.72893462E-05
 4.23287929E-05
 8.30792461E-05
 1.05437042E-04
 1.25163258E-04
 1.01331694E-04
 1.30507407E-04
 1.76191944E-04
 2.32834093E-04
 3.11170821E-04
 5.20702279E-04
 4.42773505E-05
 7.54139643E-05
 4.90514925E-05
 7.24941534E-05
 5.73654371E-05
 1.09370630E-04
 1.64809263E-04
 2.15544973E-04
 2.78375588E-04
 2.59473741E-02
 5.31217795E-04
 3.93396047E-05
 8.84796786E-05
 8.45538602E-05
 1.03226862E-04
 2.19367771E-04
 4.41177202E-04
 6.47625968E-05
 1.57450227E-04
 4.70247722E-03
 3.35726823E-04
 2.15774769E-04
 1.12596891E-04
 1.05232815E-04
 1.15536393E-04
 1.13606702E-04
 1.28225199E-04
 9.30433927E-02
 1.10014421E-04
 1.30848162E-04
 1.42266505E-04
 1.48527103E-04
 4.80010832E-03
 1.71865934E-04
 1.83426674E-04
 2.11581655E-04
 1.23194261E-03
 2.63628090E-04
 3.10974814E-04
 1.13369482E-03
 5.41383026E-04
 4.91084439E-03
 1.17187844E-01
 8.85340783E-05
 7.37821248E-05
 8.56078563E-05
 9.93188256E-05
 9.40822368E-05
 1.30793831E-04
 1.76263219E-04
 2.10668618E-04
 2.95641383E-04
 2.65921063E-02
 5.24648814E-04
 3.89102766E-05
 9.51923769E-05
 9.97843904E-05
 1.19895329E-03
 1.60808067E-04
 2.31573263E-04
 2.50450289E-02
 4.52241917E-04
 2.82544974E-02
 3.49394817E-04
 1.06102108E-04
 1.79536843E-04
 1.15429495E-03
 3.49776716E-04
 5.60472227E-03
 4.31982053E-04
 2.40520166E-04
 4.81797973E-03
 4.52993427E-03
 9.88105116E-02
 6.76203530E-05
 9.99348057E-05
 8.83231621E-05
 1.48188831E-04
 1.14986559E-04
 1.67337351E-04
 1.73852465E-04
 2.40499686E-04
 3.04119812E-04
 1.13263332E-03
 5.29886744E-04
 6.87329061E-05
 1.07146738E-04
 1.37440890E-04
 1.97455792E-02
 1.60701486E-04
 2.67326001E-04
 5.17356855E-03
 4.74530643E-04
 5.86812716E-03
 1.15207851E-04
 1.97571732E-04
 1.10271908E-03
 3.79421490E-04
 5.47907133E-03
 4.04131229E-04
 2.46209707E-04
 1.90677028E-02
 9.11341080E-05
 1.10483976E-04
 1.55160020E-04
 1.56802157E-04
 2.43111266E-04
 4.47176106E-04
 1.06429084E-04
 1.70525915E-04
 4.62802663E-03
 3.52334829E-04
 2.46746403E-04
 1.00000000E+00
 1.00000000E+00
 1.00000000E+00
 1.00000000E+00
 1.00000000E+00
 1.00000000E+00
 1.00000000E+00
 1.00000000E+00
 1.00000000E+00
 1.00000000E+00
 1.00000000E+00
 1.00000000E+00
 0.00000000E+00
 0.00000000E+00
 0.00000000E+00
 0.00000000E+00
 0.00000000E+00
 0.00000000E+00
 0.00000000E+00
 0.00000000E+00
 0.00000000E+00
 0.00000000E+00
 0.00000000E+00
 0.00000000E+00
 0.00000000E+00
 0.00000000E+00
 0.00000000E+00
 0.00000000E+00
 0.00000000E+00
 0.00000000E+00
 0.00000000E+00
 1.72739847E-01
 1.72681937E-01
 1.72616974E-01
 1.72534965E-01
 1.72544956E-01
 1.72435101E-01
 1.72337273E-01
 1.12704758E-01
 1.51587472E-01
 2.60849019E-01
 9.02850600E-02
 3.89700971E-05
 5.40303540E-05
 4.87055886E-05
 4.47968361E-05
 4.94338072E-05
 9.30995718E-05
 3.89298862E-03
 6.51058846E-05
 6.63955539E-05
 8.05901911E-05
 7.56884999E-05
 9.07036365E-05
 9.31764912E-02
 7.76812934E-05
 1.11551140E-04
 1.22314551E-04
 1.24122475E-04
 4.97243559E-03
 1.25223367E-04
 1.49521873E-04
 1.90147501E-04
 2.04325565E-02
 2.51639170E-04
 2.91822796E-04
 4.70607735E-03
 4.49190118E-04
 1.10957491E-01
 4.60845923E-03
 2.98938113E-05
 5.05222232E-05
 3.42603824E-05
 3.42802600E-05
 6.94072113E-05
 9.29411168E-02
 5.95976830E-05
 7.83526290E-05
 9.08734169E-05
 1.05976280E-04
 4.76902331E-03
 9.90408238E-05
 1.31023592E-04
 1.83942075E-04
 1.23004065E-03
 2.16680944E-04
 2.92071585E-04
 1.11844247E-03
 5.21293117E-04
 4.84299071E-03
 1.19475169E-01
 1.71508982E-05
 7.89376587E-05
 3.76630610E-05
 8.71288143E-05
 5.64535841E-05
 1.33327075E-04
 1.58639087E-04
 1.73354457E-04
 2.98466776E-04
 1.15486545E-03
 4.98860801E-04
 3.88661232E-05
 1.05772753E-04
 1.17715359E-04
 1.84799475E-02
 1.39882250E-04
 2.30900370E-04
 4.72842220E-03
 4.25773760E-04
 5.05823466E-03
 1.02902208E-04
 1.68518701E-04
 9.45011622E-02
 3.01139463E-04
 9.76031773E-02
 1.04519585E-01
 2.13410457E-04
 2.01371357E-02
 2.01233936E-02
 2.01205073E-02
 2.01353514E-02
 2.01137997E-02
 2.00883966E-02
 1.63933093E-02
 1.63849845E-02
 1.63677822E-02
 1.63798439E-02
 1.63541417E-02
 1.08187911E-01
 1.63629155E-02
 1.63461237E-02
 1.63234358E-02
 1.62903532E-02
 1.84619506E-04
 1.90348068E-04
 2.16135879E-04
 2.46894056E-04
 3.04938352E-04
 4.44026190E-04
 5.24322665E-05
 7.97047189E-05
 9.05699427E-05
 8.03624486E-05
 9.54416442E-05
 5.80956491E-05
 9.38520990E-05
 1.12562467E-04
 1.17090828E-04
 1.07499358E-04
 1.48464117E-04
 2.07875923E-04
 2.16027045E-04
 3.11615573E-04
 5.30940395E-04
 5.84349542E-05
 7.80360050E-05
 7.07176614E-05
 8.51999097E-05
 8.86570374E-05
 1.15769646E-04
 1.46990632E-04
 2.18332076E-04
 2.86567748E-04
 2.60190069E-02
 5.47102554E-04
 5.27668602E-05
 1.01026293E-04
 1.07491338E-04
 1.35801940E-04
 2.52821994E-04
 4.62754101E-04
 7.71986888E-05
 1.92169348E-04
 4.71398564E-03
 3.50904989E-04
 2.54940105E-04
 8.47485388E-05
 1.08658395E-04
 1.24581253E-04
 1.05059858E-04
 1.26072067E-04
 9.30552748E-02
 1.12487384E-04
 1.45323097E-04
 1.47170229E-04
 1.56677989E-04
 4.83423958E-03
 1.58123048E-04
 2.00228844E-04
 2.42267448E-04
 1.22162328E-03
 2.74125591E-04
 3.33858266E-04
 1.11636419E-03
 5.51430932E-04
 4.90787037E-03
 1.17432283E-01
 9.35901951E-05
 8.06759243E-05
 8.05652992E-05
 9.52472531E-05
 1.08625055E-04
 1.39229801E-04
 1.87627476E-04
 2.34170891E-04
 3.17140165E-04
 2.66698895E-02
 5.52973627E-04
 6.72747708E-05
 9.35343734E-05
 1.18232487E-04
 1.19720961E-03
 1.59331503E-04
 2.29206034E-04
 2.50898203E-02
 5.03113906E-04
 2.83783354E-02
 3.27483913E-04
 1.04008589E-04
 1.90549259E-04
 1.15267979E-03
 3.68315082E-04
 5.62751991E-03
 4.15477826E-04
 2.56231616E-04
 4.82533549E-03
 4.55964563E-03
 9.89326686E-02
 8.58040032E-05
 1.12245118E-04
 1.11751767E-04
 1.36105298E-04
 1.42368242E-04
 1.80849023E-04
 1.74658292E-04
 2.34671544E-04
 3.21017504E-04
 1.13050363E-03
 5.39264715E-04
 8.90432850E-05
 1.32268725E-04
 1.50212280E-04
 1.97763559E-02
 1.65483598E-04
 2.73565484E-04
 5.18824876E-03
 4.92680358E-04
 5.88892105E-03
 1.25729676E-04
 2.00400023E-04
 1.08635612E-03
 3.91471542E-04
 5.50863279E-03
 3.80774078E-04
 2.86595258E-04
 1.91111072E-02
 1.01456665E-04
 1.09670530E-04
 1.53041928E-04
 1.95957032E-04
 2.68566054E-04
 4.54214793E-04
 1.15527097E-04
 2.05251791E-04
 4.61395837E-03
 3.83157618E-04
 2.52216053E-04
 1.00000000E+00
 1.00000000E+00
 1.00000000E+00
 1.00000000E+00
 1.00000000E+00
 1.00000000E+00
 1.00000000E+00
 1.00000000E+00
 1.00000000E+00
 1.00000000E+00
 1.00000000E+00
 1.00000000E+00
 0.00000000E+00
 0.00000000E+00
 0.00000000E+00
 0.00000000E+00
 0.00000000E+00
 0.00000000E+00
 0.00000000E+00
 0.00000000E+00
 0.00000000E+00
 0.00000000E+00
 0.00000000E+00
 0.00000000E+00
 0.00000000E+00
 0.00000000E+00
 0.00000000E+00
 0.00000000E+00
 0.00000000E+00
 0.00000000E+00
 0.00000000E+00
 0.00000000E+00
 0.00000000E+00
 0.00000000E+00
 0.00000000E+00
 1.72483711E-01
 1.72399387E-01
 1.72299172E-01
 1.72194172E-01
 1.72038006E-01
 2.60908124E-01
 1.13818411E-01
 5.93652991E-05
 4.96052460E-05
 6.26777266E-05
 5.67296479E-05
 5.55440565E-05
 6.95704561E-05
 3.92160408E-03
 5.64047469E-05
 8.64000531E-05
 7.70516412E-05
 8.41091527E-05
 8.79202875E-05
 9.31791374E-02
 7.59971815E-05
 1.04076366E-04
 1.27934021E-04
 1.34521368E-04
 4.95772354E-03
 1.35386434E-04
 1.47600535E-04
 1.93481305E-04
 2.04611811E-02
 2.32531923E-04
 2.95052402E-04
 4.71672471E-03
 4.54225138E-04
 1.11120177E-01
 4.61499389E-03
 2.96603518E-05
 4.82843562E-05
 2.54676872E-05
 3.93327446E-05
 7.08043440E-05
 9.29654671E-02
 3.17583841E-05
 8.89262596E-05
 7.76541299E-05
 1.13062022E-04
 4.76963679E-03
 1.09761369E-04
 1.39879068E-04
 1.91471882E-04
 1.22258266E-03
 2.20435790E-04
 3.01922007E-04
 1.10538942E-03
 5.39139910E-04
 4.84517387E-03
 1.19702101E-01
 2.16848105E-05
 8.07729742E-05
 4.24209237E-05
 8.81540862E-05
 7.51203818E-05
 1.28847783E-04
 1.39260058E-04
 1.74211407E-04
 2.86997002E-04
 1.16223975E-03
 5.10600665E-04
 4.51349437E-05
 1.06072341E-04
 1.06120355E-04
 1.84818271E-02
 1.42212539E-04
 2.36149119E-04
 4.73315349E-03
 4.35625865E-04
 5.06983642E-03
 9.89260330E-05
 1.72594509E-04
 9.45600258E-02
 3.05745904E-04
 9.77660829E-02
 1.04912603E-01
 2.23435655E-04
 9.13856874E-02
 9.13736772E-02
 9.13710138E-02
 9.13543990E-02
 9.13524603E-02
 9.13200418E-02
 1.63867473E-02
 1.63786626E-02
 1.63737070E-02
 1.63522614E-02
 1.97151492E-02
 1.13824270E-01
 1.63552642E-02
 1.63268329E-02
 1.63071575E-02
 1.62736740E-02
 1.05654145E-02
 1.05335302E-02
 1.62019046E-02
 2.52282340E-04
 3.26569637E-04
 4.52362968E-04
 4.34440899E-05
 7.47913992E-05
 7.38231602E-05
 8.46440430E-05
 9.51192890E-05
 6.71924464E-05
 1.07523243E-04
 1.18024132E-04
 1.31121198E-04
 1.02620105E-04
 1.59813598E-04
 1.78318995E-04
 2.33936880E-04
 3.20844669E-04
 5.38489889E-04
 4.65773723E-05
 6.34262084E-05
 5.74477420E-05
 9.37171757E-05
 9.84922922E-05
 1.18379341E-04
 1.64860873E-04
 2.12037237E-04
 2.87803152E-04
 2.60610350E-02
 5.45852889E-04
 6.07171147E-05
 1.01505446E-04
 1.20349067E-04
 1.44654875E-04
 2.58330927E-04
 4.82791343E-04
 9.38727290E-05
 1.95212319E-04
 4.70917445E-03
 3.61787972E-04
 2.52014481E-04
 1.00906326E-04
 9.76326003E-05
 1.19573257E-04
 1.15154962E-04
 1.18013060E-04
 9.31007269E-02
 1.06414023E-04
 1.46586867E-04
 1.33944499E-04
 1.56191547E-04
 4.82950320E-03
 1.49525486E-04
 1.98400533E-04
 2.31159524E-04
 1.23491120E-03
 2.66601779E-04
 3.34241860E-04
 1.12962352E-03
 5.50771214E-04
 4.91976895E-03
 1.17711209E-01
 7.88610766E-05
 7.86822427E-05
 9.57427934E-05
 1.06585182E-04
 1.08751536E-04
 1.39366543E-04
 1.61899730E-04
 2.34186557E-04
 3.17257751E-04
 2.67578606E-02
 5.65760672E-04
 5.75500428E-05
 8.06501950E-05
 1.33921147E-04
 1.18265423E-03
 1.72969027E-04
 2.37477419E-04
 2.51287324E-02
 5.21324270E-04
 2.85135532E-02
 3.14356959E-04
 1.18341037E-04
 1.96445251E-04
 1.13982198E-03
 3.83961157E-04
 5.64723152E-03
 4.01110120E-04
 2.73747857E-04
 4.83266138E-03
 4.56100930E-03
 9.90762034E-02
 1.15407932E-04
 1.12796588E-04
 1.11726254E-04
 1.47598696E-04
 1.56426271E-04
 1.87366429E-04
 1.82733851E-04
 2.46689392E-04
 3.28312812E-04
 1.12129350E-03
 5.50351962E-04
 1.10449098E-04
 1.27295957E-04
 1.67463943E-04
 1.97877608E-02
 1.78024498E-04
 2.87489430E-04
 5.20333899E-03
 5.05664043E-04
 5.91447977E-03
 1.23884256E-04
 1.99642184E-04
 1.07821625E-03
 4.06968352E-04
 5.52387199E-03
 3.63466399E-04
 2.91955949E-04
 1.91400565E-02
 1.26840018E-04
 1.26468329E-04
 1.68711198E-04
 2.06457121E-04
 2.81977571E-04
 4.69636893E-04
 1.38654229E-04
 2.11044985E-04
 4.61536708E-03
 4.05128692E-04
 2.71388138E-04
 1.00000000E+00
 1.00000000E+00
 1.00000000E+00
 1.00000000E+00
 1.00000000E+00
 1.00000000E+00
 1.00000000E+00
 1.00000000E+00
 1.00000000E+00
 1.00000000E+00
 1.00000000E+00
 1.00000000E+00
 0.00000000E+00
 0.00000000E+00
 0.00000000E+00
 0.00000000E+00
 0.00000000E+00
 0.00000000E+00
 0.00000000E+00
 0.00000000E+00
 0.00000000E+00
 0.00000000E+00
 0.00000000E+00
 0.00000000E+00
 0.00000000E+00
 0.00000000E+00
 0.00000000E+00
 0.00000000E+00
 0.00000000E+00
 0.00000000E+00
 0.00000000E+00
 0.00000000E+00
 0.00000000E+00
 0.00000000E+00
 0.00000000E+00
 0.00000000E+00
 0.00000000E+00
 0.00000000E+00
 1.72156846E-01
 1.72000324E-01
 0.00000000E+00
 1.71596615E-01
 4.41361259E-05
 4.17720801E-05
 4.72647283E-05
 5.00221406E-05
 4.42981835E-05
 6.20546483E-05
 3.41815005E-02
 8.13491389E-05
 8.95192065E-05
 7.79526706E-05
 7.80591172E-05
 9.74998590E-05
 9.32400537E-02
 8.22939923E-05
 1.10615406E-04
 1.20805071E-04
 1.22785119E-04
 4.97612752E-03
 1.46230737E-04
 1.69996032E-04
 1.86844340E-04
 2.04940978E-02
 2.31697076E-04
 2.96509168E-04
 4.68479706E-03
 4.46109287E-04
 1.11267984E-01
 4.64864641E-03
 1.84050372E-05
 4.58990168E-05
 4.10887726E-05
 5.73306313E-05
 5.54706684E-05
 9.29854568E-02
 4.95278364E-05
 9.89067941E-05
 8.57703057E-05
 9.78643271E-05
 4.74612148E-03
 1.12370046E-04
 1.32985370E-04
 1.99063549E-04
 1.22830114E-03
 2.29375294E-04
 2.97892506E-04
 1.11540788E-03
 5.49275269E-04
 4.82679358E-03
 1.19935608E-01
 6.02765978E-06
 5.79693226E-05
 5.07642898E-05
 5.99101559E-05
 7.91335208E-05
 1.15561854E-04
 1.39821256E-04
 1.85522406E-04
 2.69641544E-04
 1.13398144E-03
 5.28614430E-04
 3.41132221E-05
 7.71570245E-05
 1.09763842E-04
 1.85121642E-02
 1.44774261E-04
 2.32821247E-04
 4.72069962E-03
 4.47023737E-04
 5.06471046E-03
 6.96398429E-05
 1.42775029E-04
 9.46302904E-02
 3.31485026E-04
 9.79596178E-02
 1.05319403E-01
 2.03187944E-04
 9.13891338E-02
 9.13781402E-02
 9.13637159E-02
 9.13426707E-02
 9.13387107E-02
 9.12881905E-02
 5.24014569E-02
 9.13244012E-02
 9.13027696E-02
 9.12757662E-02
 9.12483940E-02
 1.76162856E-01
 1.63481325E-02
 1.63285688E-02
 1.62943564E-02
 1.62711829E-02
 1.62729823E-02
 1.62195548E-02
 1.61953628E-02
 2.46142744E-03
 1.03576816E-02
 4.60655528E-04
 2.99656965E-05
 4.71487513E-05
 6.17151811E-05
 7.71245177E-05
 9.72986340E-05
 7.07624955E-05
 7.04225014E-05
 1.21658277E-04
 1.26976132E-04
 1.08836240E-04
 1.44932366E-04
 2.12977097E-04
 2.38593783E-04
 3.34189006E-04
 5.43650852E-04
 4.49022558E-05
 6.73252740E-05
 6.16774092E-05
 8.21819499E-05
 8.56884861E-05
 1.16754157E-04
 1.76128851E-04
 2.19001916E-04
 2.97546441E-04
 2.60722846E-02
 5.62697712E-04
 6.34550428E-05
 9.33681379E-05
 1.05817493E-04
 1.36186470E-04
 2.32052726E-04
 4.81439681E-04
 7.01346521E-05
 1.70662426E-04
 4.70822946E-03
 3.62768301E-04
 2.48902014E-04
 1.04629083E-04
 1.05874369E-04
 1.33103134E-04
 1.08053224E-04
 1.35330999E-04
 9.31452964E-02
 1.16179191E-04
 1.51303757E-04
 1.54496624E-04
 1.57968848E-04
 4.83793956E-03
 1.55463414E-04
 1.98347779E-04
 2.31625452E-04
 1.22953841E-03
 2.67171455E-04
 3.33896823E-04
 1.13257566E-03
 5.56670001E-04
 4.93086640E-03
 1.17988871E-01
 7.91278409E-05
 7.45887612E-05
 1.00507187E-04
 1.06978046E-04
 1.08168213E-04
 1.60234857E-04
 1.94398576E-04
 2.31587203E-04
 3.07946213E-04
 2.68096185E-02
 5.69972467E-04
 4.58796108E-05
 8.96076581E-05
 1.38842912E-04
 1.19362102E-03
 1.66636084E-04
 2.63535226E-04
 2.51732107E-02
 5.10977426E-04
 2.86200768E-02
 3.11345041E-04
 1.09656191E-04
 1.80928051E-04
 1.12944615E-03
 3.78833716E-04
 5.66389077E-03
 3.88350828E-04
 2.46770509E-04
 4.85154657E-03
 4.54567059E-03
 9.92243000E-02
 1.07287902E-04
 1.11117238E-04
 1.10477598E-04
 1.44886810E-04
 1.62434385E-04
 1.75564948E-04
 2.00130872E-04
 2.62323082E-04
 3.23767407E-04
 1.11246709E-03
 5.68479444E-04
 8.60501562E-05
 1.14176393E-04
 1.49486809E-04
 1.98178775E-02
 1.68430715E-04
 2.82450388E-04
 5.20095088E-03
 5.27236881E-04
 5.92912873E-03
 9.89394676E-05
 1.97084867E-04
 1.09811657E-03
 4.06674495E-04
 5.53854687E-03
 3.55967804E-04
 2.69275859E-04
 1.91804776E-02
 1.20114573E-04
 1.21958692E-04
 1.72903734E-04
 1.99006590E-04
 2.69384777E-04
 5.05115829E-04
 1.35493749E-04
 1.84797171E-04
 4.62093237E-03
 3.99134639E-04
 2.70860088E-04
 1.00000000E+00
 1.00000000E+00
 1.00000000E+00
 1.00000000E+00
 1.00000000E+00
 1.00000000E+00
 1.00000000E+00
 1.00000000E+00
 1.00000000E+00
 1.00000000E+00
 1.00000000E+00
 1.00000000E+00
 0.00000000E+00
 0.00000000E+00
 0.00000000E+00
 0.00000000E+00
 0.00000000E+00
 0.00000000E+00
 0.00000000E+00
 0.00000000E+00
 0.00000000E+00
 0.00000000E+00
 0.00000000E+00
 0.00000000E+00
 0.00000000E+00
 0.00000000E+00
 0.00000000E+00
 0.00000000E+00
 0.00000000E+00
 0.00000000E+00
 0.00000000E+00
 0.00000000E+00
 0.00000000E+00
 0.00000000E+00
 0.00000000E+00
 0.00000000E+00
 0.00000000E+00
 0.00000000E+00
 0.00000000E+00
 0.00000000E+00
 0.00000000E+00
 1.71553640E-01
 5.94431826E-05
 4.40372555E-05
 4.78893700E-05
 4.79074167E-05
 6.65891159E-05
 8.43324632E-05
 1.79115818E-05
 6.93547270E-05
 6.25672375E-05
 7.67729799E-05
 8.14098782E-05
 9.61336292E-05
 9.32665566E-02
 1.12249718E-04
 1.10630180E-04
 1.23611944E-04
 1.37087370E-04
 4.97219578E-03
 1.73857094E-04
 1.77776075E-04
 2.00803291E-04
 2.05058003E-02
 2.37855974E-04
 3.02799915E-04
 4.72031516E-03
 4.65119117E-04
 1.11457960E-01
 4.64089499E-03
 1.29277531E-05
 3.40228516E-05
 4.25098496E-05
 6.31225534E-05
 6.75536428E-05
 9.30241445E-02
 6.32893665E-05
 9.81680459E-05
 9.24915508E-05
 1.12029501E-04
 4.76928454E-03
 1.40840452E-04
 1.54249972E-04
 1.94805005E-04
 1.23644683E-03
 2.47448513E-04
 3.23528869E-04
 1.11184077E-03
 5.51276025E-04
 4.85593677E-03
 1.20181778E-01
 3.38659807E-05
 6.43756392E-05
 5.65766469E-05
 9.96306082E-05
 7.95896511E-05
 1.32431835E-04
 1.55008560E-04
 2.12382868E-04
 2.96716297E-04
 1.14216785E-03
 5.68967010E-04
 3.66247180E-05
 8.59037545E-05
 1.16614840E-04
 1.85195950E-02
 1.52393411E-04
 2.45061386E-04
 4.73724878E-03
 4.81475833E-04
 5.08729186E-03
 9.30926945E-05
 1.60876856E-04
 9.47248208E-02
 3.48879167E-04
 9.81103000E-02
 1.05717041E-01
 2.13157914E-04
 9.13931520E-02
 9.13649104E-02
 9.13609173E-02
 9.13589481E-02
 9.13497384E-02
 9.12855240E-02
 9.13452724E-02
 9.13195703E-02
 9.13038655E-02
 9.12741286E-02
 9.12488283E-02
 1.76191439E-01
 3.66703161E-02
 5.16224784E-02
 5.15836795E-02
 9.11422165E-02
 1.62505315E-02
 1.62222246E-02
 1.61805692E-02
 1.61262139E-02
 1.60512002E-02
 1.95152446E-03
 1.74438221E-05
 4.30401837E-05
 4.23824682E-05
 7.97477961E-05
 9.97891838E-05
 5.45804639E-05
 9.58963691E-05
 1.17222400E-04
 1.48174480E-04
 1.20518098E-04
 1.75089325E-04
 2.05537047E-04
 2.48761697E-04
 3.33807581E-04
 5.64552890E-04
 3.85508072E-05
 6.56855614E-05
 8.17587667E-05
 9.91362535E-05
 9.07500589E-05
 1.41043696E-04
 1.74228129E-04
 2.18569984E-04
 2.92535952E-04
 2.61523333E-02
 5.81668307E-04
 7.20413423E-05
 1.00490949E-04
 1.26451237E-04
 1.58505811E-04
 2.58982309E-04
 5.10296836E-04
 9.03351946E-05
 1.84187049E-04
 4.72759553E-03
 3.81365779E-04
 2.50309684E-04
 1.21074499E-04
 1.28343676E-04
 1.48376032E-04
 1.27671632E-04
 1.42273730E-04
 9.31794317E-02
 1.27815213E-04
 1.49860454E-04
 1.58010162E-04
 1.75110424E-04
 4.85653530E-03
 1.75566794E-04
 2.09450255E-04
 2.45433737E-04
 1.23098107E-03
 2.83855795E-04
 3.45457018E-04
 1.12142129E-03
 5.63324434E-04
 4.95783321E-03
 1.18270429E-01
 9.09777943E-05
 1.01166594E-04
 1.02896846E-04
 1.16697416E-04
 1.18256359E-04
 1.34438583E-04
 1.80983925E-04
 2.33813064E-04
 3.14941121E-04
 2.69123421E-02
 5.89947623E-04
 6.10372223E-05
 1.00282384E-04
 1.52989884E-04
 1.17484264E-03
 1.76602041E-04
 2.78778998E-04
 2.52250751E-02
 5.30233319E-04
 2.87639351E-02
 3.09265360E-04
 1.16239354E-04
 1.97831238E-04
 1.12430688E-03
 4.05239718E-04
 5.70086564E-03
 3.89092955E-04
 2.66176561E-04
 4.86399493E-03
 4.56433522E-03
 9.93662470E-02
 1.21917652E-04
 1.24684847E-04
 1.37286925E-04
 1.56744637E-04
 1.70550136E-04
 1.83341545E-04
 2.08864543E-04
 2.74126710E-04
 3.34428932E-04
 1.10847614E-03
 5.93407711E-04
 9.34781077E-05
 1.35913133E-04
 1.61352935E-04
 1.98348849E-02
 1.68768489E-04
 2.75113842E-04
 5.21551918E-03
 5.38757145E-04
 5.96801832E-03
 1.24949884E-04
 2.14065617E-04
 1.08742487E-03
 4.18105784E-04
 5.56773174E-03
 3.45542233E-04
 3.06820945E-04
 1.92008177E-02
 1.14329661E-04
 1.42481319E-04
 1.86223296E-04
 2.09467602E-04
 2.96296109E-04
 5.14104711E-04
 1.54517574E-04
 2.21244579E-04
 4.63163845E-03
 4.17021399E-04
 3.08652766E-04
 1.00000000E+00
 1.00000000E+00
 1.00000000E+00
 1.00000000E+00
 1.00000000E+00
 1.00000000E+00
 1.00000000E+00
 1.00000000E+00
 1.00000000E+00
 1.00000000E+00
 1.00000000E+00
 1.00000000E+00
 0.00000000E+00
 0.00000000E+00
 0.00000000E+00
 0.00000000E+00
 0.00000000E+00
 0.00000000E+00
 0.00000000E+00
 0.00000000E+00
 0.00000000E+00
 0.00000000E+00
 0.00000000E+00
 0.00000000E+00
 0.00000000E+00
 0.00000000E+00
 0.00000000E+00
 0.00000000E+00
 0.00000000E+00
 0.00000000E+00
 0.00000000E+00
 0.00000000E+00
 0.00000000E+00
 0.00000000E+00
 0.00000000E+00
 0.00000000E+00
 0.00000000E+00
 0.00000000E+00
 0.00000000E+00
 0.00000000E+00
 0.00000000E+00
 0.00000000E+00
 6.70257001E-05
 4.37014225E-05
 4.61226289E-05
 3.81547749E-05
 5.03778591E-05
 8.25878199E-05
 1.75626247E-05
 3.74677923E-05
 7.01332209E-05
 7.77478031E-05
 7.63274410E-05
 9.78053345E-05
 9.32915259E-02
 8.22786753E-05
 1.02084922E-04
 9.16361434E-05
 1.38069908E-04
 3.00025942E-02
 1.44462605E-04
 1.70424071E-04
 1.78771792E-04
 2.70932604E-02
 2.32964259E-04
 3.10824526E-04
 4.70770021E-03
 4.83024068E-04
 1.11610226E-01
 4.63660454E-03
 2.87587736E-05
 3.65988513E-05
 2.73249085E-05
 5.06162418E-05
 5.52906418E-05
 9.30250720E-02
 5.79249555E-05
 9.74216644E-05
 7.38053862E-05
 1.02564028E-04
 4.78656850E-03
 1.20321155E-04
 1.60102977E-04
 1.80790287E-04
 1.23707001E-03
 2.58342960E-04
 3.22879042E-04
 1.11520936E-03
 5.66521887E-04
 4.84048193E-03
 1.20406837E-01
 5.65575151E-05
 8.44229965E-05
 6.77308424E-05
 9.76363914E-05
 7.26240011E-05
 1.45680561E-04
 1.70013864E-04
 2.18923182E-04
 3.10580023E-04
 1.14029377E-03
 5.82127949E-04
 5.11399362E-05
 9.51714202E-05
 1.40705792E-04
 1.85219595E-02
 1.32536352E-04
 2.51529825E-04
 4.73279282E-03
 5.04364819E-04
 5.07581508E-03
 1.10917555E-04
 1.90228137E-04
 9.47643171E-02
 3.72547975E-04
 9.82660747E-02
 1.06100277E-01
 2.43414947E-04
 9.13985012E-02
 9.13762739E-02
 9.13529119E-02
 9.13509839E-02
 9.13436254E-02
 9.13069765E-02
 9.13434132E-02
 9.13220571E-02
 9.12872528E-02
 9.12722256E-02
 9.12526816E-02
 1.76201405E-01
 9.12905963E-02
 9.12309334E-02
 9.11870493E-02
 9.11382615E-02
 2.12155269E-02
 2.11711283E-02
 5.19564706E-02
 1.61317553E-02
 1.60590058E-02
 1.58211703E-02
 4.79077324E-05
 7.53854336E-05
 4.99373209E-05
 8.86854322E-05
 9.93292685E-05
 5.46238855E-05
 7.19752585E-05
 1.26941209E-04
 1.38996027E-04
 1.53936664E-04
 1.90960370E-04
 1.96373328E-04
 2.51071693E-04
 3.42801784E-04
 5.62597311E-04
 3.87084050E-05
 7.64556186E-05
 7.32050639E-05
 9.94952381E-05
 7.27676993E-05
 1.67251985E-04
 1.64811076E-04
 2.07328054E-04
 3.29854237E-04
 2.61703251E-02
 5.90770397E-04
 8.11476100E-05
 1.10396057E-04
 1.32004421E-04
 1.72280493E-04
 2.91575353E-04
 5.14265835E-04
 9.97070848E-05
 2.14494844E-04
 4.71827553E-03
 4.02760700E-04
 2.80404523E-04
 1.16637526E-04
 1.21031426E-04
 1.43406654E-04
 1.19687421E-04
 1.41857468E-04
 9.32194788E-02
 1.37359296E-04
 1.41547302E-04
 1.66857195E-04
 1.72019460E-04
 4.86226688E-03
 1.86522582E-04
 1.99704704E-04
 2.23293818E-04
 1.24323836E-03
 2.95712495E-04
 3.43513049E-04
 1.14415177E-03
 5.68804712E-04
 4.97218157E-03
 1.18557473E-01
 7.33325566E-05
 1.02631519E-04
 9.75761177E-05
 1.22821145E-04
 1.21932527E-04
 1.66568414E-04
 1.99936547E-04
 2.12220328E-04
 3.28391400E-04
 2.69889403E-02
 5.98239797E-04
 7.43299907E-05
 1.19267677E-04
 1.54842457E-04
 1.16426265E-03
 1.52199132E-04
 2.98523794E-04
 2.52587449E-02
 5.25213033E-04
 2.88643637E-02
 3.00208503E-04
 1.24415117E-04
 2.09984377E-04
 1.12450237E-03
 4.11037208E-04
 5.70355721E-03
 3.85579239E-04
 2.86713993E-04
 4.86070129E-03
 4.56716039E-03
 9.94961465E-02
 1.15599574E-04
 1.38859918E-04
 1.28354183E-04
 1.43833420E-04
 1.57326509E-04
 1.92871082E-04
 2.27023208E-04
 2.56413051E-04
 3.37513873E-04
 1.11516702E-03
 5.91651849E-04
 7.09158290E-05
 1.04000116E-04
 1.43420570E-04
 1.98749430E-02
 1.87869828E-04
 2.99185479E-04
 5.21063874E-03
 5.25241164E-04
 5.99265814E-03
 9.69843368E-05
 2.04231424E-04
 1.09232070E-03
 4.13678299E-04
 5.56707658E-03
 3.44167500E-04
 3.06078406E-04
 1.92294877E-02
 1.19892112E-04
 1.55622604E-04
 1.79525289E-04
 2.19061005E-04
 3.12348354E-04
 5.31860433E-04
 1.61058129E-04
 2.41546230E-04
 4.62786791E-03
 4.40245090E-04
 3.01010813E-04
 1.00000000E+00
 1.00000000E+00
 1.00000000E+00
 1.00000000E+00
 1.00000000E+00
 1.00000000E+00
 1.00000000E+00
 1.00000000E+00
 1.00000000E+00
 1.00000000E+00
 1.00000000E+00
 1.00000000E+00
 0.00000000E+00
 0.00000000E+00
 0.00000000E+00
 0.00000000E+00
 0.00000000E+00
 0.00000000E+00
 0.00000000E+00
 0.00000000E+00
 0.00000000E+00
 0.00000000E+00
 0.00000000E+00
 0.00000000E+00
 0.00000000E+00
 0.00000000E+00
 0.00000000E+00
 0.00000000E+00
 0.00000000E+00
 0.00000000E+00
 0.00000000E+00
 0.00000000E+00
 0.00000000E+00
 0.00000000E+00
 0.00000000E+00
 0.00000000E+00
 0.00000000E+00
 0.00000000E+00
 0.00000000E+00
 0.00000000E+00
 0.00000000E+00
 0.00000000E+00
 4.83317439E-05
 4.27565480E-05
 4.39743885E-05
 4.16464519E-05
 4.12092943E-05
 6.81177927E-05
 1.37370727E-03
 3.40544828E-05
 6.91700623E-05
 8.80081328E-05
 9.81111014E-05
 8.14576475E-05
 9.33172138E-02
 8.08104401E-05
 1.08724539E-04
 1.30153658E-04
 1.47075866E-04
 1.19435352E-04
 1.25786436E-04
 1.73523436E-04
 2.06012708E-04
 3.57702764E-02
 2.35698241E-04
 3.06961560E-04
 4.72469127E-03
 4.76457974E-04
 1.11817955E-01
 4.66766506E-03
 4.24927402E-05
 5.71970472E-05
 3.16237234E-05
 6.40477104E-05
 7.25962299E-05
 9.30711272E-02
 6.43417809E-05
 9.64306132E-05
 1.01667146E-04
 1.23219769E-04
 4.80278037E-03
 1.14694627E-04
 1.52799741E-04
 2.00575723E-04
 1.23928746E-03
 2.50735329E-04
 3.27483550E-04
 1.12797512E-03
 5.66818886E-04
 4.87042446E-03
 1.20686374E-01
 3.74139543E-05
 7.77383377E-05
 6.18992847E-05
 1.01556601E-04
 6.91762886E-05
 1.35579960E-04
 1.73838807E-04
 2.08570359E-04
 3.04955325E-04
 1.15106221E-03
 5.70277863E-04
 5.83177443E-05
 1.23975082E-04
 1.09041860E-04
 1.85410993E-02
 1.52050613E-04
 2.54524398E-04
 4.74976152E-03
 5.00071879E-04
 5.10600893E-03
 1.05771707E-04
 1.74487322E-04
 9.48618986E-02
 3.63938422E-04
 9.84559026E-02
 1.06530638E-01
 2.27729551E-04
 9.27284385E-02
 9.27009974E-02
 1.16097463E-01
 1.19804832E-01
 1.93694871E-01
 2.55132015E-01
 9.13329249E-02
 9.12866654E-02
 9.12826107E-02
 9.12600722E-02
 9.12382486E-02
 1.76257046E-01
 9.12731814E-02
 9.12214554E-02
 9.11799322E-02
 9.11264426E-02
 9.11347724E-02
 9.10659183E-02
 9.09892627E-02
 1.61118559E-02
 1.91259773E-02
 1.58105655E-02
 4.19729713E-05
 7.04145535E-05
 6.93363636E-05
 8.21155949E-05
 9.40750097E-05
 6.05170269E-05
 1.02549706E-04
 1.28442305E-04
 1.52616076E-04
 1.39432263E-04
 1.81847502E-04
 2.33447910E-04
 2.41415249E-04
 3.48330364E-04
 5.81464594E-04
 5.27770746E-05
 7.10277946E-05
 8.80448889E-05
 1.03292624E-04
 1.10938237E-04
 1.48493842E-04
 1.99374528E-04
 2.40355472E-04
 3.15532298E-04
 2.62118275E-02
 6.20265966E-04
 7.25526963E-05
 1.06593105E-04
 1.31341360E-04
 1.70278009E-04
 2.78679699E-04
 5.42266441E-04
 1.05493792E-04
 1.97122526E-04
 4.74143441E-03
 4.06060367E-04
 2.62276363E-04
 1.09201869E-04
 1.34765212E-04
 1.40365551E-04
 1.31682247E-04
 1.51071387E-04
 9.32609911E-02
 1.33369702E-04
 1.44710302E-04
 1.56965497E-04
 1.68188237E-04
 4.88651078E-03
 1.72098337E-04
 2.05292010E-04
 2.37954528E-04
 1.24471895E-03
 2.93314890E-04
 3.58478657E-04
 1.13503957E-03
 5.79080530E-04
 4.98153774E-03
 1.18886922E-01
 7.61584747E-05
 8.53102743E-05
 1.04393556E-04
 1.11681609E-04
 1.17869555E-04
 1.48901055E-04
 1.98802261E-04
 2.49640858E-04
 3.20400538E-04
 2.70541871E-02
 6.27876516E-04
 7.67068461E-05
 1.09149639E-04
 1.61553718E-04
 1.18401755E-03
 1.99785856E-04
 2.83484643E-04
 2.53008373E-02
 5.60302760E-04
 2.90104688E-02
 2.94057824E-04
 1.28004483E-04
 2.06089406E-04
 1.13333096E-03
 4.37124746E-04
 5.74315778E-03
 3.66010639E-04
 2.90704445E-04
 4.89344986E-03
 4.58184847E-03
 9.96760647E-02
 1.20874695E-04
 1.36893029E-04
 1.32690274E-04
 1.64762717E-04
 1.72236359E-04
 1.96589705E-04
 2.24002645E-04
 2.83345204E-04
 3.63161941E-04
 1.12388521E-03
 6.12968152E-04
 6.38749934E-05
 1.22283352E-04
 1.71556791E-04
 1.98916026E-02
 2.05329575E-04
 3.05729389E-04
 5.22036190E-03
 5.61591304E-04
 6.00761731E-03
 1.10679916E-04
 2.05062434E-04
 1.08424811E-03
 4.45691199E-04
 5.59725028E-03
 3.16253797E-04
 3.05044200E-04
 1.92756297E-02
 1.22751097E-04
 1.53392700E-04
 1.78126129E-04
 2.25499372E-04
 3.14706761E-04
 5.57743374E-04
 1.35098421E-04
 2.34523324E-04
 4.63081003E-03
 4.51589963E-04
 3.04792789E-04
 1.00000000E+00
 1.00000000E+00
 1.00000000E+00
 1.00000000E+00
 1.00000000E+00
 1.00000000E+00
 1.00000000E+00
 1.00000000E+00
 1.00000000E+00
 1.00000000E+00
 1.00000000E+00
 1.00000000E+00
