 1.80014922E-01
 1.80063925E-01
 1.80121463E-01
 1.80180337E-01
 1.80239789E-01
 1.80285003E-01
 1.80357957E-01
 1.03506883E-01
 1.73366131E-01
 1.73436727E-01
 1.80484244E-01
 1.80566978E-01
 1.80648777E-01
 8.57004750E-02
 8.56356974E-02
 8.55698894E-02
 8.55082971E-02
 8.54438398E-02
 1.61343026E-01
 8.54152761E-02
 8.53706712E-02
 8.53174098E-02
 8.52673693E-02
 8.51846518E-02
 8.51659080E-02
 8.51564659E-02
 9.25002964E-03
 4.77286107E-02
 1.10592168E-01
 9.54444945E-03
 1.13602374E-04
 1.19056710E-04
 1.04952426E-04
 1.01299258E-04
 1.09138828E-04
 9.68862181E-05
 3.26140069E-03
 1.13400010E-04
 1.06114494E-04
 9.88136059E-05
 9.34794572E-05
 9.09235407E-05
 8.42707640E-02
 1.04593818E-04
 9.62711169E-05
 8.19093268E-05
 6.66548960E-05
 2.94425672E-03
 7.01975641E-05
 3.97825778E-05
 9.08343464E-06
 1.32294944E-02
 3.90457381E-05
 1.06403765E-04
 3.65152664E-03
 4.13351187E-04
 1.87969111E-02
 3.44749509E-04
 9.21643150E-05
 9.18756394E-05
 7.77530153E-05
 6.63111179E-05
 6.30440332E-05
 8.53053675E-02
 6.80093507E-05
 5.21522542E-05
 3.10589407E-05
 1.36292033E-05
 4.11776376E-03
 9.79434005E-06
 2.82069530E-05
 6.85007690E-05
 6.84810198E-04
 1.32983257E-04
 2.38026472E-04
 8.91679555E-04
 6.57852154E-04
 3.63829588E-03
 8.82738546E-03
 6.74865668E-05
 5.06919137E-05
 2.71123466E-05
 4.29152818E-06
 8.94514747E-06
 3.74896168E-05
 9.08315329E-05
 1.39439345E-04
 2.82663683E-04
 8.31910803E-04
 6.97641688E-04
 3.12014758E-05
 8.81935099E-06
 7.09283774E-05
 1.55123502E-02
 9.75932124E-05
 2.47520577E-04
 3.72409495E-03
 5.97218519E-04
 2.60027764E-03
 3.21893536E-05
 1.65386611E-04
 8.88078914E-02
 4.38117508E-04
 8.09608042E-02
 6.36723103E-02
 2.76721876E-04
 5.44037113E-06
 1.24924886E-06
 6.28191410E-06
 8.68966328E-06
 6.75594109E-06
 1.08776833E-05
 2.39960344E-05
 1.75540931E-05
 1.57219380E-05
 2.14522267E-05
 2.91258135E-05
 8.24407575E-02
 2.50104235E-05
 2.14056098E-05
 2.21662680E-05
 1.45689487E-05
 1.00547970E-05
 1.53345315E-06
 2.48567530E-05
 5.69657773E-05
 1.21946267E-04
 3.80937999E-04
 1.27996053E-04
 1.19869287E-04
 1.12349511E-04
 1.06908507E-04
 1.09646582E-04
 1.24816219E-04
 1.19340695E-04
 9.28156944E-05
 7.17049520E-05
 7.82916275E-05
 4.52795818E-05
 5.28288196E-07
 4.79090416E-05
 1.56702510E-04
 5.69723369E-04
 1.16220290E-04
 1.01681336E-04
 8.35211686E-05
 5.41728580E-05
 6.44713029E-05
 3.12973448E-05
 4.00323464E-05
 7.80324032E-05
 2.24430559E-04
 1.75458479E-02
 6.55701667E-04
 8.14253280E-05
 3.70423064E-05
 2.77000436E-05
 4.86167224E-05
 2.00238870E-04
 5.75730909E-04
 4.42230268E-06
 1.47934451E-04
 3.67980407E-03
 4.31634358E-04
 2.84017338E-04
 2.35823789E-04
 2.31472792E-04
 2.34433816E-04
 2.52022249E-04
 2.55522334E-04
 8.31178473E-02
 2.22337286E-04
 2.62752465E-04
 2.66499237E-04
 2.65249117E-04
 1.22447221E-03
 2.58471603E-04
 2.86413422E-04
 3.15620695E-04
 2.51602775E-04
 3.75645583E-04
 4.65056261E-04
 3.69184194E-04
 8.52507698E-04
 4.68791637E-04
 2.00058543E-02
 4.30357906E-05
 3.06565234E-05
 6.72584917E-06
 2.77951256E-05
 5.02836281E-06
 4.77576205E-05
 1.13863332E-04
 1.54327891E-04
 3.03322460E-04
 6.65271096E-03
 7.40905740E-04
 5.15072000E-05
 6.37771645E-06
 5.35777125E-05
 8.67528765E-04
 7.69865362E-05
 2.40421297E-04
 1.72837884E-02
 6.23131019E-04
 8.11162427E-03
 2.15193691E-03
 7.64113646E-06
 1.68237077E-04
 8.62733926E-04
 4.66688341E-04
 1.83700593E-03
 2.18838701E-03
 3.14323803E-04
 2.60231333E-03
 3.02400784E-03
 9.04159536E-02
 4.46892196E-04
 4.77702540E-04
 4.69215114E-04
 5.24422446E-04
 4.74972438E-04
 5.54132094E-04
 6.00148355E-04
 6.30491240E-04
 7.53885740E-04
 9.12492043E-04
 1.19365305E-03
 1.23882956E-04
 1.75881363E-04
 2.31910226E-04
 1.37197265E-02
 2.45359725E-04
 4.12875805E-04
 3.01687826E-03
 8.12335432E-04
 8.97779554E-04
 1.08120932E-04
 2.63594174E-04
 1.29836977E-03
 5.74177264E-04
 3.18041284E-03
 2.19075174E-03
 3.85010286E-04
 1.16180272E-02
 6.39848530E-04
 6.73466130E-04
 7.34687019E-04
 7.62152642E-04
 9.20490103E-04
 1.30560976E-03
 3.49364287E-04
 4.98469210E-04
 5.03541285E-03
 8.05193421E-04
 5.23488271E-04
 1.00000000E+00
 1.00000000E+00
 1.00000000E+00
 1.00000000E+00
 1.00000000E+00
 1.00000000E+00
 1.00000000E+00
 1.00000000E+00
 1.00000000E+00
 1.00000000E+00
 1.00000000E+00
 1.00000000E+00
 1.80036762E-01
 1.80083863E-01
 1.80137753E-01
 0.00000000E+00
 0.00000000E+00
 0.00000000E+00
 0.00000000E+00
 1.80297780E-01
 1.80370114E-01
 1.80442236E-01
 1.80518989E-01
 1.80604751E-01
 1.80689806E-01
 1.07519132E-01
 1.11417899E-01
 1.68390914E-01
 1.76380221E-01
 1.81028980E-01
 2.49198407E-01
 8.56801374E-02
 8.56258429E-02
 8.55809931E-02
 8.55362511E-02
 8.54641774E-02
 8.54461865E-02
 8.54268275E-02
 8.53733726E-02
 8.54175995E-02
 1.12555488E-01
 9.53337047E-03
 1.05458675E-04
 1.11206257E-04
 1.03776483E-04
 1.05572300E-04
 1.09471568E-04
 9.73730512E-05
 3.26384269E-03
 1.07921894E-04
 9.85848577E-05
 9.46578978E-05
 9.79385977E-05
 9.34755502E-05
 8.43703670E-02
 9.68359055E-05
 9.12998882E-05
 7.71423349E-05
 6.38097425E-05
 2.97429173E-03
 6.49520010E-05
 3.44289663E-05
 1.06831655E-05
 1.33112078E-02
 4.21010310E-05
 1.06502853E-04
 3.66601815E-03
 3.96155563E-04
 2.08885567E-02
 4.28059222E-04
 8.96521407E-05
 8.49212442E-05
 7.33127398E-05
 6.77191620E-05
 5.71109725E-05
 8.53886949E-02
 6.74477707E-05
 4.61204605E-05
 2.79999481E-05
 1.32678458E-05
 4.12285782E-03
 4.96778021E-06
 2.74384348E-05
 7.21673371E-05
 6.93406471E-04
 1.31486698E-04
 2.48746069E-04
 9.02045632E-04
 6.45312554E-04
 3.64355775E-03
 5.90660181E-03
 6.44852679E-05
 5.51377432E-05
 2.60150182E-05
 4.17626240E-06
 7.60593897E-06
 3.42796479E-05
 9.18169986E-05
 1.41687542E-04
 2.77495811E-04
 8.40922886E-04
 6.98734272E-04
 2.68834443E-05
 5.70107713E-06
 6.70526786E-05
 1.55319670E-02
 9.79791470E-05
 2.41876448E-04
 3.73552146E-03
 6.00471193E-04
 2.62193231E-03
 3.86810250E-05
 1.66572124E-04
 8.87690501E-02
 4.37964647E-04
 8.08324208E-02
 6.33290106E-02
 2.79840410E-04
 1.38403529E-02
 1.38264019E-02
 1.38281994E-02
 1.38140948E-02
 1.38062124E-02
 1.37957903E-02
 3.46074044E-05
 3.17733850E-05
 2.29659185E-05
 3.71040175E-05
 4.31115185E-05
 8.25157428E-02
 3.39752903E-05
 3.58872665E-05
 2.76629889E-05
 3.31735831E-05
 2.76398869E-05
 9.34362818E-06
 9.58756992E-06
 4.09194963E-05
 9.88734485E-05
 3.45814158E-04
 1.29277201E-04
 1.30692040E-04
 1.13176527E-04
 1.16414220E-04
 1.09790925E-04
 1.28071822E-04
 1.13250477E-04
 8.45003525E-05
 8.12920581E-05
 7.88964957E-05
 5.02242475E-05
 1.64942563E-07
 5.19742501E-05
 1.57708833E-04
 5.54153265E-04
 1.19074733E-04
 1.04613338E-04
 8.08392047E-05
 5.95208866E-05
 6.49327516E-05
 2.53375266E-05
 3.83930561E-05
 7.89627036E-05
 2.20470271E-04
 1.76132059E-02
 6.49087678E-04
 8.28954654E-05
 4.14882199E-05
 2.80856298E-05
 4.93359848E-05
 2.00414591E-04
 5.83007381E-04
 4.23614866E-06
 1.42099866E-04
 3.68555213E-03
 4.33706400E-04
 2.83390991E-04
 2.26118293E-04
 2.21944232E-04
 2.22042547E-04
 2.35416621E-04
 2.35792490E-04
 8.31422315E-02
 2.10050618E-04
 2.45962336E-04
 2.47878556E-04
 2.52809884E-04
 1.19846713E-03
 2.40556048E-04
 2.72989048E-04
 3.10148017E-04
 2.37353148E-04
 3.64090286E-04
 4.52374817E-04
 3.67258156E-04
 8.22030406E-04
 4.57342734E-04
 1.71145038E-02
 4.99606794E-05
 3.21258544E-05
 1.36570209E-05
 2.25332490E-05
 9.07220285E-07
 4.36672201E-05
 1.03371205E-04
 1.53321906E-04
 2.97300547E-04
 6.71468127E-03
 7.43657165E-04
 5.37984438E-05
 1.21949796E-05
 5.28796943E-05
 8.70315889E-04
 8.06484905E-05
 2.38810190E-04
 1.72596212E-02
 6.34841662E-04
 8.11876961E-03
 2.11717884E-03
 8.06734674E-06
 1.65452728E-04
 8.68669480E-04
 4.72938873E-04
 1.84807126E-03
 2.16198220E-03
 3.10937729E-04
 2.60314807E-03
 3.00715879E-03
 9.04414998E-02
 4.51448408E-04
 4.67382219E-04
 4.65545379E-04
 5.13938256E-04
 4.71197746E-04
 5.35502679E-04
 5.77720069E-04
 6.05812839E-04
 7.32707032E-04
 9.07350463E-04
 1.17579445E-03
 1.15681484E-04
 1.63045062E-04
 2.26834406E-04
 1.37020779E-02
 2.41045441E-04
 4.03768257E-04
 3.01176188E-03
 8.08923763E-04
 9.09032680E-04
 1.05342233E-04
 2.58887944E-04
 1.29646551E-03
 5.77026012E-04
 3.18277607E-03
 2.15963534E-03
 3.85005246E-04
 1.18918493E-02
 6.36790240E-04
 6.66289642E-04
 7.34077722E-04
 7.74191430E-04
 9.10428580E-04
 1.29058039E-03
 3.44327816E-04
 4.93011490E-04
 5.03132185E-03
 8.06294619E-04
 5.23562706E-04
 1.00000000E+00
 1.00000000E+00
 1.00000000E+00
 1.00000000E+00
 1.00000000E+00
 1.00000000E+00
 1.00000000E+00
 1.00000000E+00
 1.00000000E+00
 1.00000000E+00
 1.00000000E+00
 1.00000000E+00
 0.00000000E+00
 0.00000000E+00
 0.00000000E+00
 0.00000000E+00
 0.00000000E+00
 0.00000000E+00
 0.00000000E+00
 1.80316839E-01
 1.80393943E-01
 1.80469909E-01
 1.80547990E-01
 0.00000000E+00
 0.00000000E+00
 1.80654103E-01
 1.80759238E-01
 1.80855240E-01
 1.80960496E-01
 1.81073210E-01
 2.49358208E-01
 1.09259483E-01
 1.11618628E-01
 1.65020378E-01
 1.81492880E-01
 8.57273585E-02
 8.57076471E-02
 8.56957233E-02
 8.56528002E-02
 8.57044995E-02
 1.14406366E-01
 8.52101553E-02
 1.09396627E-04
 1.09389903E-04
 1.07651238E-04
 1.03755673E-04
 1.08995195E-04
 1.00341999E-04
 3.26338470E-03
 1.00648137E-04
 9.86310455E-05
 9.35919085E-05
 8.75525522E-05
 9.13222306E-05
 8.44796407E-02
 9.48744648E-05
 8.61802315E-05
 7.84929714E-05
 6.22289582E-05
 2.98339799E-03
 5.78932646E-05
 3.30137348E-05
 1.31588275E-05
 1.33810437E-02
 4.27983800E-05
 1.04954840E-04
 3.66953197E-03
 3.76176138E-04
 2.28364848E-02
 5.24089554E-04
 9.49815123E-05
 8.66507589E-05
 7.98145941E-05
 6.46270934E-05
 5.94514395E-05
 8.54664602E-02
 6.56434548E-05
 4.14555525E-05
 2.86068244E-05
 5.38886406E-06
 4.10735969E-03
 5.90670439E-06
 3.52960325E-05
 7.27060429E-05
 7.03952804E-04
 1.32959237E-04
 2.41083586E-04
 9.03583271E-04
 6.42471826E-04
 3.64866171E-03
 3.13093436E-03
 6.72038750E-05
 4.75570602E-05
 2.37487390E-05
 3.60499177E-06
 3.52072503E-06
 4.16817368E-05
 9.29551812E-05
 1.45934014E-04
 2.80952367E-04
 8.42756363E-04
 7.01671391E-04
 3.00247745E-05
 7.58171058E-06
 7.06347787E-05
 1.55507991E-02
 1.04773927E-04
 2.44378970E-04
 3.74657522E-03
 6.09827903E-04
 2.64487216E-03
 3.92112580E-05
 1.67327911E-04
 8.87248508E-02
 4.46093926E-04
 8.07132869E-02
 6.29991319E-02
 2.78409898E-04
 1.66105017E-02
 1.65861779E-02
 1.65871150E-02
 1.65632084E-02
 1.65562075E-02
 1.65423467E-02
 2.22250775E-03
 2.22153571E-03
 2.22002626E-03
 2.21087399E-03
 3.05136285E-03
 8.54444384E-02
 4.69751796E-05
 3.72125957E-05
 5.12401987E-05
 4.97600010E-05
 3.53025301E-05
 2.65699672E-05
 1.48029782E-05
 3.72096894E-05
 7.33694538E-05
 3.15019047E-04
 1.34163574E-04
 1.35870157E-04
 1.18864065E-04
 1.21464434E-04
 1.16027497E-04
 1.28019642E-04
 1.11250107E-04
 8.99805593E-05
 7.71251426E-05
 8.43463554E-05
 4.78363780E-05
 7.33042752E-07
 4.61646065E-05
 1.47223070E-04
 5.29535085E-04
 1.17136332E-04
 1.05096840E-04
 8.04064236E-05
 5.90585604E-05
 6.77510140E-05
 2.24727697E-05
 3.34031462E-05
 7.83847169E-05
 2.20442207E-04
 1.76880627E-02
 6.48736489E-04
 7.87579025E-05
 4.26427272E-05
 2.21194197E-05
 5.31912776E-05
 2.00658590E-04
 5.88624477E-04
 5.30341159E-07
 1.43096636E-04
 3.68853581E-03
 4.39780172E-04
 2.83829192E-04
 2.09271491E-04
 2.16742141E-04
 2.03175386E-04
 2.16050492E-04
 2.23767698E-04
 8.31617941E-02
 2.18030782E-04
 2.30796901E-04
 2.34264329E-04
 2.36231501E-04
 1.18372504E-03
 2.27393134E-04
 2.56870302E-04
 2.97697114E-04
 2.28835679E-04
 3.46524386E-04
 4.32244264E-04
 3.46557662E-04
 7.89246379E-04
 4.29881250E-04
 1.43981182E-02
 5.38178463E-05
 3.55127970E-05
 2.72028234E-05
 7.00191552E-06
 5.84961758E-06
 4.46775657E-05
 9.78494402E-05
 1.46372100E-04
 2.87520393E-04
 6.76773994E-03
 7.19220905E-04
 5.32400357E-05
 1.37769013E-05
 4.27970972E-05
 8.58550223E-04
 7.78574067E-05
 2.32998086E-04
 1.72284088E-02
 6.36655637E-04
 8.12621207E-03
 2.08358762E-03
 6.97807155E-06
 1.59645605E-04
 8.53507230E-04
 4.74316385E-04
 1.84493891E-03
 2.13026115E-03
 3.11398533E-04
 2.60288100E-03
 2.98460768E-03
 9.04423180E-02
 4.34008992E-04
 4.58584798E-04
 4.48730454E-04
 4.83471582E-04
 4.72416390E-04
 5.28378533E-04
 5.70051548E-04
 5.97016856E-04
 7.22951906E-04
 8.93358868E-04
 1.17480116E-03
 1.17410150E-04
 1.59461044E-04
 2.15295356E-04
 1.36736245E-02
 2.47441361E-04
 4.05165315E-04
 3.01149240E-03
 8.09144522E-04
 9.23296815E-04
 1.01073770E-04
 2.50234078E-04
 1.28423398E-03
 5.73961471E-04
 3.18246708E-03
 2.12793261E-03
 3.77830967E-04
 1.20425019E-02
 6.36603675E-04
 6.70428901E-04
 7.34516280E-04
 7.81546232E-04
 9.06868950E-04
 1.28762747E-03
 3.29271900E-04
 4.79060749E-04
 5.01584813E-03
 8.08722915E-04
 5.15427973E-04
 1.00000000E+00
 1.00000000E+00
 1.00000000E+00
 1.00000000E+00
 1.00000000E+00
 1.00000000E+00
 1.00000000E+00
 1.00000000E+00
 1.00000000E+00
 1.00000000E+00
 1.00000000E+00
 1.00000000E+00
 0.00000000E+00
 0.00000000E+00
 0.00000000E+00
 0.00000000E+00
 0.00000000E+00
 0.00000000E+00
 0.00000000E+00
 0.00000000E+00
 0.00000000E+00
 0.00000000E+00
 0.00000000E+00
 0.00000000E+00
 0.00000000E+00
 1.80680218E-01
 1.80773672E-01
 1.80880297E-01
 1.80990265E-01
 0.00000000E+00
 0.00000000E+00
 1.81120565E-01
 1.81249112E-01
 1.81386724E-01
 1.81532828E-01
 8.59782547E-02
 1.14273483E-01
 1.63378576E-01
 8.59173946E-02
 8.59574990E-02
 1.59354661E-01
 8.61529796E-02
 1.08769469E-04
 1.04527451E-04
 1.04725335E-04
 1.04692221E-04
 1.05216656E-04
 9.87780464E-05
 3.26109607E-03
 9.48110259E-05
 9.40292763E-05
 9.18166156E-05
 8.71874444E-05
 8.43137947E-05
 8.45746461E-02
 9.16421901E-05
 8.20759507E-05
 7.68703189E-05
 6.39369236E-05
 3.01478047E-03
 5.19412142E-05
 3.12241243E-05
 1.38835063E-05
 1.34509088E-02
 4.41843060E-05
 1.05030451E-04
 3.68365733E-03
 3.57694087E-04
 2.46443067E-02
 6.03823173E-04
 9.12641642E-05
 8.49824484E-05
 7.83460138E-05
 6.51757636E-05
 5.34488673E-05
 8.55371322E-02
 6.22056294E-05
 4.50707328E-05
 2.64151844E-05
 1.02179874E-05
 4.11530195E-03
 3.48832562E-06
 3.51211500E-05
 7.21601928E-05
 7.05255285E-04
 1.36901657E-04
 2.38551473E-04
 9.12817499E-04
 6.30334123E-04
 3.65827955E-03
 5.23944613E-04
 6.18581951E-05
 4.69541096E-05
 2.78984769E-05
 4.18610658E-06
 4.78246144E-06
 3.80633319E-05
 9.39414368E-05
 1.47278576E-04
 2.79304941E-04
 8.53413518E-04
 6.99240079E-04
 2.71754725E-05
 1.09001732E-05
 6.76496884E-05
 1.55669024E-02
 1.04956876E-04
 2.42704832E-04
 3.75636324E-03
 6.14867215E-04
 2.67150419E-03
 4.08227357E-05
 1.66634590E-04
 8.86765896E-02
 4.44616914E-04
 8.05888481E-02
 6.26799327E-02
 2.79582333E-04
 1.66474978E-02
 1.66241099E-02
 1.66260606E-02
 1.66113959E-02
 1.65966665E-02
 1.65844313E-02
 1.66041276E-02
 1.65865112E-02
 1.65876758E-02
 1.65822309E-02
 1.65721846E-02
 9.79201077E-02
 5.89528649E-05
 5.49788624E-05
 6.27100410E-05
 2.91249978E-03
 5.11973831E-05
 4.09776494E-05
 2.76969890E-05
 2.89957303E-05
 5.91754542E-05
 2.83848919E-04
 1.39527770E-04
 1.33685607E-04
 1.25014990E-04
 1.22892124E-04
 1.15266833E-04
 1.27385344E-04
 1.08286614E-04
 9.35584107E-05
 8.29571611E-05
 8.50541260E-05
 5.31859066E-05
 1.00221982E-05
 3.69302016E-05
 1.32999278E-04
 5.07551907E-04
 1.15446528E-04
 1.05956989E-04
 7.95228818E-05
 6.12924474E-05
 7.14978347E-05
 3.01182550E-05
 3.18022221E-05
 7.66985360E-05
 2.13022221E-04
 1.77559112E-02
 6.47348004E-04
 7.60172987E-05
 3.57681658E-05
 2.26787953E-05
 5.01929242E-05
 2.01451795E-04
 5.89149532E-04
 2.12344078E-06
 1.40719821E-04
 3.69413529E-03
 4.40591701E-04
 2.77888543E-04
 2.00403886E-04
 1.98274554E-04
 1.90837116E-04
 1.99840163E-04
 2.09184101E-04
 8.31898308E-02
 2.15221209E-04
 2.10835007E-04
 2.14526088E-04
 2.23997821E-04
 1.16533457E-03
 2.34211447E-04
 2.42880968E-04
 2.91465717E-04
 2.03029297E-04
 3.41252981E-04
 4.15815573E-04
 3.38601058E-04
 7.62495228E-04
 4.09350903E-04
 1.18367019E-02
 5.28376004E-05
 4.19731394E-05
 3.06903109E-05
 6.38193051E-07
 1.01240298E-05
 3.48657746E-05
 9.30452067E-05
 1.48920324E-04
 2.76377692E-04
 6.81360361E-03
 7.09105080E-04
 5.83718937E-05
 1.84093712E-05
 3.83393928E-05
 8.55435200E-04
 7.42006355E-05
 2.28921815E-04
 1.71960005E-02
 6.42945145E-04
 8.13201764E-03
 2.04927335E-03
 8.65084281E-06
 1.51944607E-04
 8.52724536E-04
 4.72111409E-04
 1.85637418E-03
 2.10561225E-03
 3.06898653E-04
 2.60207334E-03
 2.96881624E-03
 9.04198569E-02
 4.42685700E-04
 4.64397364E-04
 4.46788822E-04
 4.89956064E-04
 4.84447149E-04
 5.23242638E-04
 5.55199549E-04
 6.12904691E-04
 7.35533164E-04
 8.85783485E-04
 1.15023693E-03
 1.01112494E-04
 1.40570505E-04
 2.11511343E-04
 1.36536007E-02
 2.41947624E-04
 3.98500325E-04
 3.00255611E-03
 7.97576951E-04
 9.32982118E-04
 9.06327781E-05
 2.46587039E-04
 1.28268777E-03
 5.63805098E-04
 3.18178362E-03
 2.09258871E-03
 3.73044295E-04
 1.20316057E-02
 6.63251565E-04
 6.86453645E-04
 7.44706477E-04
 7.77762294E-04
 8.96725181E-04
 1.28646011E-03
 3.23271226E-04
 4.59092421E-04
 5.01477264E-03
 8.10369543E-04
 5.04444751E-04
 1.00000000E+00
 1.00000000E+00
 1.00000000E+00
 1.00000000E+00
 1.00000000E+00
 1.00000000E+00
 1.00000000E+00
 1.00000000E+00
 1.00000000E+00
 1.00000000E+00
 1.00000000E+00
 1.00000000E+00
 0.00000000E+00
 0.00000000E+00
 0.00000000E+00
 0.00000000E+00
 0.00000000E+00
 0.00000000E+00
 0.00000000E+00
 0.00000000E+00
 0.00000000E+00
 0.00000000E+00
 0.00000000E+00
 0.00000000E+00
 0.00000000E+00
 0.00000000E+00
 0.00000000E+00
 0.00000000E+00
 0.00000000E+00
 0.00000000E+00
 0.00000000E+00
 1.81148505E-01
 1.81276187E-01
 1.81421021E-01
 1.81560244E-01
 1.81742863E-01
 1.81921668E-01
 1.82115793E-01
 1.12730385E-01
 1.58925912E-01
 2.10796171E-01
 8.64029937E-02
 1.06221363E-04
 1.04217029E-04
 9.83087164E-05
 1.04045787E-04
 1.04776627E-04
 9.76728345E-05
 3.26206995E-03
 9.50816390E-05
 9.64757429E-05
 9.00895515E-05
 8.79821985E-05
 7.59428695E-05
 8.46746390E-02
 8.56139920E-05
 7.85319465E-05
 7.26121598E-05
 6.08422663E-05
 3.03526862E-03
 5.26722502E-05
 3.17441941E-05
 1.56002318E-05
 1.35168499E-02
 4.72296797E-05
 9.73668349E-05
 3.69334095E-03
 3.47345746E-04
 2.63399107E-02
 6.66241870E-04
 8.92675154E-05
 8.21051937E-05
 7.40795664E-05
 6.54186161E-05
 5.46579779E-05
 8.56061858E-02
 5.80555722E-05
 4.16442649E-05
 2.91593027E-05
 1.23003224E-05
 4.12202852E-03
 1.64590003E-06
 3.62589371E-05
 7.36800667E-05
 7.15419937E-04
 1.39320849E-04
 2.36825740E-04
 9.14308539E-04
 6.23110768E-04
 3.66796173E-03
 1.93366845E-03
 6.59306086E-05
 5.00220534E-05
 2.30953755E-05
 2.41103268E-06
 6.25665261E-07
 3.89792888E-05
 9.45709303E-05
 1.52565247E-04
 2.81050500E-04
 8.65317025E-04
 7.01525187E-04
 2.74204050E-05
 1.33838895E-05
 7.07810897E-05
 1.55826969E-02
 1.09432672E-04
 2.46992509E-04
 3.76700063E-03
 6.21542246E-04
 2.69736101E-03
 4.15243214E-05
 1.67303747E-04
 8.86285214E-02
 4.53060598E-04
 8.04755233E-02
 6.23808130E-02
 2.79463153E-04
 1.99869229E-02
 1.99790606E-02
 1.99558723E-02
 1.99411821E-02
 1.99267762E-02
 1.99198877E-02
 1.66384940E-02
 1.66274106E-02
 1.66203455E-02
 1.66149387E-02
 1.66099301E-02
 9.80476827E-02
 1.66069925E-02
 1.66163556E-02
 1.66112039E-02
 1.66106895E-02
 7.20821339E-05
 5.35603783E-05
 4.98820924E-05
 6.83161442E-06
 4.03740748E-05
 2.56879740E-04
 1.37742117E-04
 1.35519257E-04
 1.24131825E-04
 1.27988625E-04
 1.15535581E-04
 1.32016228E-04
 1.11557265E-04
 9.51327432E-05
 8.68146525E-05
 8.73736691E-05
 5.48987711E-05
 1.23371869E-05
 3.15855295E-05
 1.37279174E-04
 4.94583053E-04
 1.17279559E-04
 1.07229253E-04
 8.41765970E-05
 6.05719784E-05
 6.42477943E-05
 2.35267954E-05
 3.01663403E-05
 8.42143564E-05
 2.17550606E-04
 1.78192060E-02
 6.47010949E-04
 7.75218386E-05
 3.59219482E-05
 2.16077937E-05
 5.88522365E-05
 2.01770699E-04
 6.02635708E-04
 2.40635910E-06
 1.42100886E-04
 3.69955123E-03
 4.46511841E-04
 2.84841814E-04
 1.78092775E-04
 1.77374739E-04
 1.75230918E-04
 1.79192812E-04
 1.89094877E-04
 8.31950648E-02
 1.88829307E-04
 1.98304785E-04
 1.88311770E-04
 2.04260018E-04
 1.14366018E-03
 2.03258905E-04
 2.16190472E-04
 2.58877268E-04
 1.82055605E-04
 3.12060901E-04
 3.89620774E-04
 3.12288735E-04
 7.29285923E-04
 3.94618279E-04
 9.44753051E-03
 5.98668225E-05
 4.91111474E-05
 2.98957457E-05
 6.10160330E-06
 1.31758803E-05
 3.29851856E-05
 8.72797892E-05
 1.42069486E-04
 2.71528807E-04
 6.86872623E-03
 7.08704157E-04
 5.65394673E-05
 2.23199727E-05
 3.94354022E-05
 8.50767513E-04
 7.79381945E-05
 2.27979722E-04
 1.71693477E-02
 6.45137378E-04
 8.15078251E-03
 2.02428531E-03
 5.30989796E-06
 1.55190151E-04
 8.48279595E-04
 4.79371526E-04
 1.85047655E-03
 2.08542173E-03
 3.06304420E-04
 2.59830987E-03
 2.94280099E-03
 9.03888305E-02
 4.20510881E-04
 4.42282233E-04
 4.33195874E-04
 4.53695722E-04
 4.51854373E-04
 5.06532004E-04
 5.31543371E-04
 5.84467799E-04
 6.97890185E-04
 8.67924877E-04
 1.12527967E-03
 9.52429755E-05
 1.32851740E-04
 2.06215654E-04
 1.36280283E-02
 2.35377933E-04
 3.88902842E-04
 2.99334192E-03
 7.99302440E-04
 9.47546312E-04
 9.26251683E-05
 2.40295618E-04
 1.27422940E-03
 5.73226153E-04
 3.17761114E-03
 2.08396727E-03
 3.74690800E-04
 1.20295400E-02
 6.42694418E-04
 6.65616775E-04
 7.24296270E-04
 7.74239325E-04
 8.86856306E-04
 1.30366700E-03
 3.15742562E-04
 4.61406439E-04
 5.00158167E-03
 8.06173889E-04
 5.06759200E-04
 1.00000000E+00
 1.00000000E+00
 1.00000000E+00
 1.00000000E+00
 1.00000000E+00
 1.00000000E+00
 1.00000000E+00
 1.00000000E+00
 1.00000000E+00
 1.00000000E+00
 1.00000000E+00
 1.00000000E+00
 0.00000000E+00
 0.00000000E+00
 0.00000000E+00
 0.00000000E+00
 0.00000000E+00
 0.00000000E+00
 0.00000000E+00
 0.00000000E+00
 0.00000000E+00
 0.00000000E+00
 0.00000000E+00
 0.00000000E+00
 0.00000000E+00
 0.00000000E+00
 0.00000000E+00
 0.00000000E+00
 0.00000000E+00
 0.00000000E+00
 0.00000000E+00
 0.00000000E+00
 0.00000000E+00
 0.00000000E+00
 0.00000000E+00
 1.81765171E-01
 1.81948690E-01
 1.82134869E-01
 1.82624170E-01
 1.82890814E-01
 2.11970074E-01
 1.15322333E-01
 9.94115626E-05
 9.92879579E-05
 9.71951013E-05
 9.65557107E-05
 1.01773015E-04
 9.32554601E-05
 3.26612241E-03
 9.42080722E-05
 9.57064761E-05
 8.89984842E-05
 8.57385675E-05
 8.00716853E-05
 8.47553974E-02
 8.38099737E-05
 7.54281448E-05
 6.80011320E-05
 6.02277450E-05
 3.05630332E-03
 5.00064862E-05
 2.51288945E-05
 1.27340339E-05
 1.35727713E-02
 4.85077588E-05
 9.69530750E-05
 3.69455532E-03
 3.42823898E-04
 2.79237926E-02
 7.56730909E-04
 8.70672788E-05
 8.16864998E-05
 7.51415260E-05
 6.26929968E-05
 5.32718753E-05
 8.56713172E-02
 5.81149743E-05
 4.41519314E-05
 2.81165800E-05
 1.08667000E-05
 4.11972739E-03
 1.57611209E-06
 3.71493042E-05
 7.37717162E-05
 7.19560182E-04
 1.37004603E-04
 2.30365604E-04
 9.16077287E-04
 6.08837385E-04
 3.66741376E-03
 4.23764685E-03
 6.17428694E-05
 4.83654409E-05
 2.35204123E-05
 4.15171802E-06
 2.29268479E-06
 4.21687971E-05
 9.49898574E-05
 1.55046648E-04
 2.80900176E-04
 8.69830388E-04
 6.99886800E-04
 2.16403203E-05
 1.03743436E-05
 7.12524758E-05
 1.55939256E-02
 1.10072237E-04
 2.46962933E-04
 3.77443224E-03
 6.27108675E-04
 2.71729476E-03
 4.36116177E-05
 1.66877322E-04
 8.85813634E-02
 4.57949782E-04
 8.03608254E-02
 6.20948532E-02
 2.76250121E-04
 8.16152280E-02
 8.14878520E-02
 8.13724303E-02
 8.12498108E-02
 8.11251518E-02
 8.10043537E-02
 1.66947309E-02
 1.66755072E-02
 1.66679087E-02
 1.66584914E-02
 1.96232846E-02
 1.03180486E-01
 1.66550139E-02
 1.66437384E-02
 1.66516734E-02
 1.66503197E-02
 1.09534958E-02
 1.09678101E-02
 1.66991677E-02
 8.09400164E-06
 2.57000132E-05
 2.23947712E-04
 1.35927664E-04
 1.35802174E-04
 1.31111863E-04
 1.28743079E-04
 1.22707086E-04
 1.30520710E-04
 1.16802010E-04
 9.61227650E-05
 9.05288518E-05
 8.38557190E-05
 5.52870810E-05
 1.50957702E-05
 3.02764370E-05
 1.28251940E-04
 4.87509337E-04
 1.20534585E-04
 1.09033767E-04
 9.30119711E-05
 6.20531186E-05
 6.75978943E-05
 2.58547854E-05
 2.64827842E-05
 8.38463829E-05
 2.15251808E-04
 1.78776248E-02
 6.42435998E-04
 7.72655825E-05
 3.70214287E-05
 2.09658984E-05
 5.95589791E-05
 1.99235512E-04
 6.08596405E-04
 1.58782561E-06
 1.41926837E-04
 3.70074882E-03
 4.47115072E-04
 2.83672142E-04
 1.59475967E-04
 1.61158872E-04
 1.60123338E-04
 1.69092773E-04
 1.78567035E-04
 8.32071685E-02
 1.71998109E-04
 1.81266980E-04
 1.70798071E-04
 1.88466511E-04
 1.12486061E-03
 1.90074220E-04
 2.09062875E-04
 2.36418446E-04
 1.69453989E-04
 3.12818332E-04
 3.72288630E-04
 2.95070019E-04
 6.97482411E-04
 3.85656389E-04
 7.17741275E-03
 6.79578981E-05
 5.69572842E-05
 3.89730566E-05
 9.06357376E-06
 1.93526633E-05
 2.97388983E-05
 7.96472193E-05
 1.24431527E-04
 2.58771214E-04
 6.91885077E-03
 6.79132132E-04
 6.18639153E-05
 2.54599834E-05
 3.43343285E-05
 8.46465392E-04
 7.21837960E-05
 2.23175057E-04
 1.71345364E-02
 6.38788937E-04
 8.16162714E-03
 1.98793089E-03
 1.92411517E-06
 1.52698106E-04
 8.46215163E-04
 4.79170292E-04
 1.85156132E-03
 2.06132501E-03
 3.06870938E-04
 2.59832068E-03
 2.92891805E-03
 9.03323294E-02
 4.05465531E-04
 4.40907949E-04
 4.27753908E-04
 4.47982337E-04
 4.34090150E-04
 4.97427883E-04
 5.16314825E-04
 5.71301922E-04
 7.05574629E-04
 8.58671913E-04
 1.10856717E-03
 8.82947039E-05
 1.27256965E-04
 1.92792661E-04
 1.36049986E-02
 2.29794883E-04
 3.82013794E-04
 2.98238604E-03
 7.96538089E-04
 9.58515047E-04
 8.54913016E-05
 2.33059155E-04
 1.26069931E-03
 5.74327041E-04
 3.17148592E-03
 2.06483767E-03
 3.66629437E-04
 1.20197434E-02
 6.36588016E-04
 6.74271181E-04
 7.30596389E-04
 7.77421507E-04
 8.82352714E-04
 1.30322613E-03
 3.12007725E-04
 4.59217835E-04
 4.98355838E-03
 8.03336931E-04
 5.04164765E-04
 1.00000000E+00
 1.00000000E+00
 1.00000000E+00
 1.00000000E+00
 1.00000000E+00
 1.00000000E+00
 1.00000000E+00
 1.00000000E+00
 1.00000000E+00
 1.00000000E+00
 1.00000000E+00
 1.00000000E+00
 0.00000000E+00
 0.00000000E+00
 0.00000000E+00
 0.00000000E+00
 0.00000000E+00
 0.00000000E+00
 0.00000000E+00
 0.00000000E+00
 0.00000000E+00
 0.00000000E+00
 0.00000000E+00
 0.00000000E+00
 0.00000000E+00
 0.00000000E+00
 0.00000000E+00
 0.00000000E+00
 0.00000000E+00
 0.00000000E+00
 0.00000000E+00
 0.00000000E+00
 0.00000000E+00
 0.00000000E+00
 0.00000000E+00
 0.00000000E+00
 0.00000000E+00
 0.00000000E+00
 1.82638046E-01
 1.82901768E-01
 0.00000000E+00
 1.83995444E-01
 1.00442705E-04
 1.01058014E-04
 9.88549813E-05
 9.89474583E-05
 1.01290212E-04
 9.66056454E-05
 3.73278696E-02
 9.16965995E-05
 8.99047924E-05
 8.79000913E-05
 8.59125855E-05
 8.37238315E-05
 8.48306901E-02
 8.21145101E-05
 7.51561163E-05
 7.01821553E-05
 6.16196427E-05
 3.07497240E-03
 5.00485122E-05
 3.18301268E-05
 1.25148890E-05
 1.36278551E-02
 4.53985541E-05
 9.85178505E-05
 3.69973654E-03
 3.24709974E-04
 2.93907247E-02
 8.11248119E-04
 8.72052297E-05
 7.98917540E-05
 7.29653236E-05
 6.39401436E-05
 5.35048133E-05
 8.57266655E-02
 6.14982521E-05
 4.28168788E-05
 2.42475963E-05
 9.21136110E-06
 4.11298505E-03
 2.11687397E-06
 3.71355548E-05
 7.16472137E-05
 7.22885933E-04
 1.35580220E-04
 2.28091110E-04
 9.18360307E-04
 5.93314943E-04
 3.67028021E-03
 6.39170394E-03
 6.01535373E-05
 4.28829886E-05
 2.12440588E-05
 2.97785349E-06
 3.92449241E-07
 4.20551737E-05
 9.47202200E-05
 1.51417093E-04
 2.77217581E-04
 8.66797824E-04
 6.97924957E-04
 2.37099746E-05
 1.24643298E-05
 7.03489683E-05
 1.56082729E-02
 1.08354829E-04
 2.45061208E-04
 3.77866606E-03
 6.28525755E-04
 2.73417651E-03
 4.06956490E-05
 1.65531239E-04
 8.85268910E-02
 4.59837186E-04
 8.02449773E-02
 6.18175572E-02
 2.74957401E-04
 8.19086201E-02
 8.17883694E-02
 8.16726117E-02
 8.15543346E-02
 8.14365054E-02
 8.13122388E-02
 4.80057671E-02
 8.13177827E-02
 8.12042742E-02
 8.10972587E-02
 8.09922360E-02
 1.57197628E-01
 1.66939885E-02
 1.67005619E-02
 1.66944054E-02
 1.67020454E-02
 1.67166751E-02
 1.67291448E-02
 1.67514831E-02
 2.82963699E-03
 1.11567730E-02
 1.96563620E-04
 1.41293250E-04
 1.41089970E-04
 1.35668214E-04
 1.39208826E-04
 1.23883007E-04
 1.32283828E-04
 1.18715185E-04
 1.05149959E-04
 9.91644617E-05
 8.70306053E-05
 5.86115312E-05
 2.85291216E-05
 3.25712847E-05
 1.14814385E-04
 4.74390259E-04
 1.20433834E-04
 1.09033711E-04
 9.65922774E-05
 6.67844884E-05
 7.60681322E-05
 3.35077962E-05
 2.14677031E-05
 8.04396600E-05
 2.06448164E-04
 1.79291354E-02
 6.35645631E-04
 7.56047903E-05
 4.22318917E-05
 2.22875797E-05
 5.34332104E-05
 1.96788609E-04
 6.07197376E-04
 3.17545177E-06
 1.37620851E-04
 3.69737271E-03
 4.47746290E-04
 2.79046620E-04
 1.48262040E-04
 1.48489615E-04
 1.44554694E-04
 1.51813934E-04
 1.50172208E-04
 8.32212246E-02
 1.51684876E-04
 1.57381679E-04
 1.65763004E-04
 1.70596125E-04
 1.10813874E-03
 1.58238644E-04
 2.00686125E-04
 2.27507041E-04
 1.55407732E-04
 2.70749976E-04
 3.52224401E-04
 2.81200032E-04
 6.83669245E-04
 3.68504835E-04
 5.10825205E-03
 7.25471843E-05
 7.08082995E-05
 5.06670823E-05
 2.03879405E-05
 2.57899208E-05
 2.12152797E-05
 6.52617063E-05
 1.15085157E-04
 2.49445776E-04
 6.95960552E-03
 6.67337828E-04
 7.01620515E-05
 3.50868297E-05
 2.58753635E-05
 8.35787702E-04
 6.21936164E-05
 2.16516480E-04
 1.70976017E-02
 6.32762279E-04
 8.16525837E-03
 1.95053096E-03
 1.99349032E-06
 1.45101321E-04
 8.39783488E-04
 4.74245227E-04
 1.85973015E-03
 2.03487244E-03
 3.02756342E-04
 2.59342366E-03
 2.92081253E-03
 9.02609111E-02
 3.91699788E-04
 4.21753962E-04
 4.21462601E-04
 4.52630054E-04
 4.14433554E-04
 4.79875159E-04
 5.08759834E-04
 5.55646833E-04
 6.76330419E-04
 8.49339911E-04
 1.06277958E-03
 7.85930218E-05
 1.17352589E-04
 1.79137787E-04
 1.35755972E-02
 2.27540669E-04
 3.77618767E-04
 2.96911257E-03
 7.97113587E-04
 9.73418264E-04
 8.00498404E-05
 2.23776685E-04
 1.24691993E-03
 5.67091645E-04
 3.16668670E-03
 2.03929477E-03
 3.68632396E-04
 1.20142869E-02
 6.26589878E-04
 6.63351162E-04
 7.01383892E-04
 7.68215901E-04
 8.60856461E-04
 1.26554612E-03
 3.15686845E-04
 4.51844883E-04
 4.96981773E-03
 8.04286147E-04
 4.98923215E-04
 1.00000000E+00
 1.00000000E+00
 1.00000000E+00
 1.00000000E+00
 1.00000000E+00
 1.00000000E+00
 1.00000000E+00
 1.00000000E+00
 1.00000000E+00
 1.00000000E+00
 1.00000000E+00
 1.00000000E+00
 0.00000000E+00
 0.00000000E+00
 0.00000000E+00
 0.00000000E+00
 0.00000000E+00
 0.00000000E+00
 0.00000000E+00
 0.00000000E+00
 0.00000000E+00
 0.00000000E+00
 0.00000000E+00
 0.00000000E+00
 0.00000000E+00
 0.00000000E+00
 0.00000000E+00
 0.00000000E+00
 0.00000000E+00
 0.00000000E+00
 0.00000000E+00
 0.00000000E+00
 0.00000000E+00
 0.00000000E+00
 0.00000000E+00
 0.00000000E+00
 0.00000000E+00
 0.00000000E+00
 0.00000000E+00
 0.00000000E+00
 0.00000000E+00
 1.83983145E-01
 9.75164030E-05
 9.85182352E-05
 9.77797002E-05
 9.58866399E-05
 9.79267055E-05
 9.63680948E-05
 5.54045664E-04
 8.89606462E-05
 8.93998813E-05
 8.85322407E-05
 8.41020108E-05
 8.23610907E-05
 8.49055343E-02
 8.12206519E-05
 7.37122856E-05
 7.00041687E-05
 6.11660507E-05
 3.08713434E-03
 5.11666935E-05
 2.92711175E-05
 1.59762184E-05
 1.36779453E-02
 4.68436193E-05
 9.07772406E-05
 3.69925703E-03
 3.27472849E-04
 3.07732301E-02
 8.78363879E-04
 8.53858929E-05
 7.44093029E-05
 6.46409730E-05
 6.01450047E-05
 5.04944674E-05
 8.57860638E-02
 5.76430124E-05
 4.46413477E-05
 2.45317607E-05
 1.39084233E-05
 4.10587226E-03
 3.18747523E-06
 3.80642035E-05
 6.64713607E-05
 7.20799234E-04
 1.40800804E-04
 2.25817917E-04
 9.11432346E-04
 5.91295897E-04
 3.66898356E-03
 8.42241812E-03
 6.00838756E-05
 4.23074283E-05
 2.44618114E-05
 4.32880141E-06
 3.61068178E-06
 4.44492753E-05
 9.37500534E-05
 1.57166226E-04
 2.80749513E-04
 8.71758230E-04
 6.96395780E-04
 2.03302425E-05
 1.94007128E-05
 7.24125759E-05
 1.56221404E-02
 1.15832605E-04
 2.49319370E-04
 3.78603870E-03
 6.33847982E-04
 2.75404451E-03
 4.87189499E-05
 1.67606981E-04
 8.84718106E-02
 4.66558904E-04
 8.01371567E-02
 6.15607945E-02
 2.82745140E-04
 8.22009920E-02
 8.20855033E-02
 8.19696334E-02
 8.18437850E-02
 8.17323351E-02
 8.16185415E-02
 8.17326608E-02
 8.16278219E-02
 8.15178850E-02
 8.14109228E-02
 8.13021324E-02
 1.57557267E-01
 3.47948137E-02
 4.74972534E-02
 4.74604684E-02
 8.10269603E-02
 1.67548955E-02
 1.67726069E-02
 1.67927254E-02
 1.68602492E-02
 1.69174070E-02
 2.76525027E-03
 1.45711445E-04
 1.38688798E-04
 1.35631437E-04
 1.34387939E-04
 1.25522892E-04
 1.33761051E-04
 1.23416652E-04
 1.04703442E-04
 1.00506032E-04
 1.04576425E-04
 6.15931434E-05
 3.06245121E-05
 2.72287975E-05
 1.11164178E-04
 4.58262994E-04
 1.18722514E-04
 1.05804843E-04
 9.51492023E-05
 6.66333240E-05
 6.99491162E-05
 2.52135324E-05
 2.03487018E-05
 7.96169893E-05
 2.09084543E-04
 1.79741665E-02
 6.34735305E-04
 7.47148548E-05
 3.73116083E-05
 2.18268086E-05
 6.43113258E-05
 2.01521497E-04
 6.10772031E-04
 4.97273613E-07
 1.39596063E-04
 3.69953942E-03
 4.57851266E-04
 2.84568018E-04
 1.23430806E-04
 1.30908861E-04
 1.19594581E-04
 1.33064113E-04
 1.38201373E-04
 8.32227652E-02
 1.30239766E-04
 1.47131378E-04
 1.35467470E-04
 1.47507995E-04
 1.08766229E-03
 1.50067019E-04
 1.66196154E-04
 2.02686730E-04
 1.48683988E-04
 2.49764402E-04
 3.29894520E-04
 2.51624100E-04
 6.25414927E-04
 3.53498855E-04
 3.17299754E-03
 7.87647914E-05
 6.72861250E-05
 6.03201739E-05
 2.62293301E-05
 4.07619462E-05
 1.03765658E-05
 4.92281325E-05
 1.11837733E-04
 2.35964118E-04
 7.00641343E-03
 6.54501346E-04
 6.91744309E-05
 3.18342830E-05
 2.21120825E-05
 8.31576030E-04
 6.91025367E-05
 2.14504392E-04
 1.70571135E-02
 6.36895296E-04
 8.17944517E-03
 1.92407472E-03
 6.30498623E-06
 1.45116012E-04
 8.33278221E-04
 4.87576635E-04
 1.85307203E-03
 2.02599392E-03
 3.07164240E-04
 2.58878405E-03
 2.89659249E-03
 9.01787165E-02
 3.83851360E-04
 4.11269890E-04
 4.03881939E-04
 4.31467735E-04
 4.07402794E-04
 4.78199915E-04
 4.93714891E-04
 5.60202884E-04
 6.59848397E-04
 8.35330352E-04
 1.03968074E-03
 7.26406014E-05
 1.13273160E-04
 1.66453008E-04
 1.35497562E-02
 2.16453797E-04
 3.61136035E-04
 2.95546852E-03
 7.86951545E-04
 9.79682998E-04
 8.26534833E-05
 2.19861867E-04
 1.23779363E-03
 5.78556425E-04
 3.16006705E-03
 2.03559888E-03
 3.68744848E-04
 1.19969232E-02
 6.20078420E-04
 6.56439158E-04
 7.09169262E-04
 7.39150705E-04
 8.63326682E-04
 1.27832031E-03
 3.09023307E-04
 4.39230062E-04
 4.94888108E-03
 7.98059639E-04
 5.01269985E-04
 1.00000000E+00
 1.00000000E+00
 1.00000000E+00
 1.00000000E+00
 1.00000000E+00
 1.00000000E+00
 1.00000000E+00
 1.00000000E+00
 1.00000000E+00
 1.00000000E+00
 1.00000000E+00
 1.00000000E+00
 0.00000000E+00
 0.00000000E+00
 0.00000000E+00
 0.00000000E+00
 0.00000000E+00
 0.00000000E+00
 0.00000000E+00
 0.00000000E+00
 0.00000000E+00
 0.00000000E+00
 0.00000000E+00
 0.00000000E+00
 0.00000000E+00
 0.00000000E+00
 0.00000000E+00
 0.00000000E+00
 0.00000000E+00
 0.00000000E+00
 0.00000000E+00
 0.00000000E+00
 0.00000000E+00
 0.00000000E+00
 0.00000000E+00
 0.00000000E+00
 0.00000000E+00
 0.00000000E+00
 0.00000000E+00
 0.00000000E+00
 0.00000000E+00
 0.00000000E+00
 9.70794329E-05
 9.62745516E-05
 9.71522640E-05
 9.50719930E-05
 9.47884678E-05
 1.00341506E-04
 5.58084854E-04
 9.38431182E-05
 8.99716602E-05
 8.76043166E-05
 8.64563183E-05
 8.20829370E-05
 8.49739600E-02
 8.19729114E-05
 7.23489212E-05
 6.70604786E-05
 5.89959994E-05
 3.12601840E-02
 4.64151380E-05
 2.76332816E-05
 1.04402047E-05
 2.19814724E-02
 3.98495413E-05
 9.24109533E-05
 3.71625639E-03
 3.11559241E-04
 3.20668123E-02
 9.21709760E-04
 8.18717478E-05
 7.73345227E-05
 6.22289427E-05
 6.07812176E-05
 4.92009754E-05
 8.58386902E-02
 5.22539925E-05
 3.61953306E-05
 2.20016845E-05
 1.12783170E-05
 4.10563956E-03
 3.81321741E-06
 3.84203910E-05
 7.39673372E-05
 7.28499668E-04
 1.38349395E-04
 2.24626925E-04
 9.23109195E-04
 5.77148677E-04
 3.68047518E-03
 1.03137635E-02
 5.93247804E-05
 4.69148190E-05
 1.82138695E-05
 3.15210758E-06
 3.12173652E-06
 4.58349737E-05
 9.63436391E-05
 1.58017370E-04
 2.77872138E-04
 8.78438718E-04
 6.97300793E-04
 2.31454765E-05
 1.90383556E-05
 7.17843088E-05
 1.56337729E-02
 1.16387945E-04
 2.52611261E-04
 3.79011774E-03
 6.34736479E-04
 2.77051112E-03
 5.32129803E-05
 1.63528999E-04
 8.84172877E-02
 4.68491255E-04
 8.00267199E-02
 6.13145826E-02
 2.87927716E-04
 8.24871001E-02
 8.23649009E-02
 8.22575690E-02
 8.21321035E-02
 8.20201592E-02
 8.19049257E-02
 8.20306315E-02
 8.19253825E-02
 8.18225088E-02
 8.17158629E-02
 8.16132783E-02
 1.57921281E-01
 8.16016834E-02
 8.15108101E-02
 8.14240964E-02
 8.13449445E-02
 2.11823893E-02
 2.11963579E-02
 4.81824371E-02
 1.69062090E-02
 1.69537791E-02
 1.72328502E-02
 1.44771567E-04
 1.41548855E-04
 1.40074345E-04
 1.35361451E-04
 1.32122285E-04
 1.28611382E-04
 1.26134880E-04
 1.10978061E-04
 1.01250201E-04
 1.02098426E-04
 7.00247089E-05
 3.57863764E-05
 2.31241625E-05
 1.05044431E-04
 4.39000806E-04
 1.18762429E-04
 1.09941714E-04
 9.12189967E-05
 6.90542836E-05
 6.41725756E-05
 2.35055283E-05
 2.25925161E-05
 8.43913334E-05
 2.03814894E-04
 1.80271337E-02
 6.27713778E-04
 7.61354038E-05
 3.66292807E-05
 2.06464184E-05
 6.72623703E-05
 2.05422652E-04
 6.15588615E-04
 6.78622562E-06
 1.40366433E-04
 3.70453925E-03
 4.66767977E-04
 2.88418046E-04
 1.02002817E-04
 1.11477305E-04
 1.06213360E-04
 1.13293226E-04
 1.25342082E-04
 8.32257040E-02
 1.25850511E-04
 1.21637442E-04
 1.14772137E-04
 1.28155337E-04
 1.07466861E-03
 1.50669946E-04
 1.42772123E-04
 1.93051937E-04
 1.35659478E-04
 2.38303299E-04
 3.04750343E-04
 2.24843758E-04
 6.09015579E-04
 3.40273963E-04
 1.33032957E-03
 8.75434880E-05
 7.10887705E-05
 5.57197694E-05
 3.26264055E-05
 4.42883797E-05
 5.96567789E-06
 5.23832010E-05
 1.06169733E-04
 2.23036902E-04
 7.05998043E-03
 6.49960052E-04
 7.04305285E-05
 3.22703389E-05
 2.00851382E-05
 8.25990673E-04
 7.23889994E-05
 2.14912174E-04
 1.70276137E-02
 6.41063949E-04
 8.19083219E-03
 1.90163457E-03
 5.33717977E-06
 1.45839932E-04
 8.34714925E-04
 4.95830913E-04
 1.85722119E-03
 2.01660947E-03
 3.13924289E-04
 2.59123125E-03
 2.89140833E-03
 9.00885173E-02
 3.79832818E-04
 4.11487671E-04
 4.04099453E-04
 4.23028558E-04
 4.05493772E-04
 4.66516065E-04
 4.78100989E-04
 5.56248188E-04
 6.46590450E-04
 8.18605921E-04
 1.04283276E-03
 6.63183876E-05
 1.10977137E-04
 1.67587603E-04
 1.35228140E-02
 2.08262838E-04
 3.49779485E-04
 2.95500432E-03
 7.76071324E-04
 9.87789693E-04
 8.23211014E-05
 2.17851546E-04
 1.23626564E-03
 5.81065519E-04
 3.15074088E-03
 2.02654214E-03
 3.68334336E-04
 1.19898514E-02
 6.19363656E-04
 6.48322828E-04
 6.98768063E-04
 7.49916873E-04
 8.59220573E-04
 1.26352742E-03
 3.04344819E-04
 4.31361935E-04
 4.94031452E-03
 7.93194606E-04
 4.96084237E-04
 1.00000000E+00
 1.00000000E+00
 1.00000000E+00
 1.00000000E+00
 1.00000000E+00
 1.00000000E+00
 1.00000000E+00
 1.00000000E+00
 1.00000000E+00
 1.00000000E+00
 1.00000000E+00
 1.00000000E+00
 0.00000000E+00
 0.00000000E+00
 0.00000000E+00
 0.00000000E+00
 0.00000000E+00
 0.00000000E+00
 0.00000000E+00
 0.00000000E+00
 0.00000000E+00
 0.00000000E+00
 0.00000000E+00
 0.00000000E+00
 0.00000000E+00
 0.00000000E+00
 0.00000000E+00
 0.00000000E+00
 0.00000000E+00
 0.00000000E+00
 0.00000000E+00
 0.00000000E+00
 0.00000000E+00
 0.00000000E+00
 0.00000000E+00
 0.00000000E+00
 0.00000000E+00
 0.00000000E+00
 0.00000000E+00
 0.00000000E+00
 0.00000000E+00
 0.00000000E+00
 9.74000915E-05
 1.00668353E-04
 9.38106355E-05
 9.16464279E-05
 9.47758996E-05
 9.13671536E-05
 1.91078345E-03
 8.90009110E-05
 8.98707293E-05
 8.92284504E-05
 8.25222305E-05
 8.49408854E-05
 8.50534059E-02
 7.97832314E-05
 7.16486694E-05
 6.59965199E-05
 5.70040810E-05
 8.49079189E-04
 4.87161901E-05
 2.89585952E-05
 9.86312424E-06
 4.49679496E-02
 4.31494585E-05
 8.99991219E-05
 3.71494067E-03
 3.12370629E-04
 3.32739858E-02
 9.82634712E-04
 7.94960717E-05
 7.42282612E-05
 6.33557767E-05
 5.65653035E-05
 4.75344778E-05
 8.58873947E-02
 4.84506637E-05
 3.57058484E-05
 2.22343279E-05
 4.64509535E-06
 4.10241795E-03
 1.07080615E-05
 4.02768712E-05
 7.38478087E-05
 7.37713988E-04
 1.40537109E-04
 2.23065040E-04
 9.24644671E-04
 5.75951623E-04
 3.67934894E-03
 1.20968377E-02
 5.76788241E-05
 4.25346526E-05
 1.65824412E-05
 1.47183428E-06
 5.39530137E-06
 4.71922118E-05
 1.00745574E-04
 1.62545265E-04
 2.78444618E-04
 8.78651460E-04
 6.91249186E-04
 2.03042858E-05
 1.86422988E-05
 7.16822537E-05
 1.56414920E-02
 1.21732002E-04
 2.51201131E-04
 3.79456248E-03
 6.40667822E-04
 2.78897159E-03
 5.27852920E-05
 1.63862615E-04
 8.83558200E-02
 4.74544825E-04
 7.99220221E-02
 6.10800683E-02
 2.86460447E-04
 8.43194882E-02
 8.42064045E-02
 1.10773593E-01
 1.14864419E-01
 1.97642165E-01
 2.67067917E-01
 8.23340401E-02
 8.22263412E-02
 8.21202030E-02
 8.20145031E-02
 8.19118480E-02
 1.58255083E-01
 8.19153760E-02
 8.18227960E-02
 8.17274977E-02
 8.16584570E-02
 8.15394352E-02
 8.14892801E-02
 8.14475690E-02
 1.69382275E-02
 1.97307354E-02
 1.72774528E-02
 1.49729332E-04
 1.41600193E-04
 1.39866195E-04
 1.34821865E-04
 1.30648376E-04
 1.31503828E-04
 1.20241630E-04
 1.12203118E-04
 1.06742787E-04
 9.34268873E-05
 6.87657534E-05
 3.54274370E-05
 2.62084886E-05
 1.02446407E-04
 4.32196148E-04
 1.21675337E-04
 1.14274703E-04
 9.24789841E-05
 6.85426830E-05
 6.63626747E-05
 2.26759173E-05
 2.14658236E-05
 8.09206779E-05
 2.02659834E-04
 1.80725766E-02
 6.24019704E-04
 7.77575635E-05
 3.90690771E-05
 1.36775188E-05
 6.68245867E-05
 2.03245449E-04
 6.13339981E-04
 4.61563942E-06
 1.36581764E-04
 3.70208621E-03
 4.68153617E-04
 2.86204457E-04
 8.08635948E-05
 9.39034853E-05
 8.88787274E-05
 9.42973840E-05
 9.80669855E-05
 8.32370461E-02
 9.51383693E-05
 1.07170102E-04
 9.75859782E-05
 1.08730980E-04
 1.05129677E-03
 1.18696231E-04
 1.24107659E-04
 1.64396841E-04
 1.05738831E-04
 2.08589724E-04
 2.70696891E-04
 1.94254379E-04
 5.61730404E-04
 3.27014996E-04
 3.48110203E-04
 9.75593273E-05
 7.86310058E-05
 6.33968029E-05
 4.22294032E-05
 5.23389663E-05
 9.34579488E-07
 3.88308821E-05
 1.06713952E-04
 2.09225760E-04
 7.10245966E-03
 6.38073849E-04
 7.80730692E-05
 3.82046414E-05
 1.51196974E-05
 8.16824314E-04
 6.41895894E-05
 2.09054470E-04
 1.69872524E-02
 6.32752226E-04
 8.19749506E-03
 1.86009431E-03
 3.33619966E-06
 1.41054026E-04
 8.22709687E-04
 4.90695585E-04
 1.84670137E-03
 1.99768887E-03
 3.07230463E-04
 2.57882495E-03
 2.87013007E-03
 8.99745494E-02
 3.53853229E-04
 3.81238199E-04
 3.78706277E-04
 3.94642039E-04
 3.91473124E-04
 4.37090774E-04
 4.71520554E-04
 5.31035233E-04
 6.16810939E-04
 8.14949601E-04
 1.00033042E-03
 5.64966299E-05
 1.03662335E-04
 1.53310786E-04
 1.34950615E-02
 1.98850372E-04
 3.40447454E-04
 2.94682766E-03
 7.74414829E-04
 9.97916088E-04
 7.54896314E-05
 2.09685369E-04
 1.22438132E-03
 5.78121855E-04
 3.13684641E-03
 2.01198718E-03
 3.64681827E-04
 1.19679821E-02
 6.00084889E-04
 6.21110083E-04
 6.82136544E-04
 7.23002768E-04
 8.49116110E-04
 1.25695871E-03
 2.91594658E-04
 4.21933422E-04
 4.92244227E-03
 7.90166328E-04
 4.89898794E-04
 1.00000000E+00
 1.00000000E+00
 1.00000000E+00
 1.00000000E+00
 1.00000000E+00
 1.00000000E+00
 1.00000000E+00
 1.00000000E+00
 1.00000000E+00
 1.00000000E+00
 1.00000000E+00
 1.00000000E+00
